# ../output/graphs/CollectedRunsResultSerial
# step - mean - standard deviation - ylow - yhigh
0 0.0110828 0.00861222 0.00247059 0.019695
1 0.0208232 0.00373746 0.0170858 0.0245607
2 0.0301782 0.00472336 0.0254548 0.0349015
3 0.040015 0.0103731 0.029642 0.0503881
4 0.0490694 0.00913207 0.0399373 0.0582015
5 0.0589161 0.00741431 0.0515017 0.0663304
6 0.068518 0.0142117 0.0543062 0.0827297
7 0.0771056 0.0117503 0.0653553 0.0888559
8 0.0868028 0.010444 0.0763588 0.0972468
9 0.0956524 0.0148543 0.0807981 0.110507
10 0.105064 0.00966551 0.0953986 0.11473
11 0.114839 0.0123396 0.102499 0.127178
12 0.12358 0.0131091 0.110471 0.136689
13 0.133141 0.0129685 0.120173 0.14611
14 0.142094 0.014986 0.127108 0.15708
15 0.152275 0.0129217 0.139353 0.165197
16 0.160361 0.0153598 0.145002 0.175721
17 0.170725 0.0125253 0.1582 0.18325
18 0.18038 0.0136696 0.16671 0.194049
19 0.188424 0.0160421 0.172382 0.204466
20 0.197659 0.0137513 0.183908 0.211411
21 0.206914 0.0142358 0.192679 0.22115
22 0.216208 0.0173526 0.198855 0.233561
23 0.226115 0.015286 0.210829 0.241401
24 0.235818 0.0214004 0.214417 0.257218
25 0.243193 0.0214145 0.221779 0.264608
26 0.255196 0.0177107 0.237485 0.272906
27 0.264127 0.0166618 0.247466 0.280789
28 0.271804 0.0227109 0.249094 0.294515
29 0.279705 0.0169173 0.262788 0.296623
30 0.29246 0.0175385 0.274921 0.309998
31 0.299178 0.0216928 0.277485 0.32087
32 0.307938 0.0171433 0.290794 0.325081
33 0.320324 0.0197243 0.300599 0.340048
34 0.330145 0.0189871 0.311158 0.349132
35 0.33914 0.0221781 0.316962 0.361318
36 0.344936 0.0195217 0.325414 0.364458
37 0.356893 0.0208026 0.336091 0.377696
38 0.367872 0.0266076 0.341264 0.394479
39 0.375534 0.0267424 0.348791 0.402276
40 0.385099 0.021627 0.363472 0.406726
41 0.395002 0.0230805 0.371921 0.418082
42 0.401773 0.0244689 0.377304 0.426242
43 0.415204 0.0243355 0.390869 0.43954
44 0.421485 0.0254353 0.39605 0.446921
45 0.431774 0.0269315 0.404842 0.458706
46 0.441943 0.0262656 0.415677 0.468208
47 0.449541 0.0243151 0.425226 0.473856
48 0.462954 0.0249956 0.437958 0.487949
49 0.470804 0.0276401 0.443164 0.498444
50 0.479249 0.0287693 0.450479 0.508018
51 0.488107 0.0268842 0.461223 0.514991
52 0.500144 0.0263373 0.473806 0.526481
53 0.507334 0.0278591 0.479474 0.535193
54 0.517271 0.0302743 0.486996 0.547545
55 0.527389 0.0341011 0.493288 0.56149
56 0.541728 0.0298159 0.511912 0.571544
57 0.548537 0.0341683 0.514369 0.582706
58 0.558028 0.0363359 0.521692 0.594364
59 0.569487 0.0293831 0.540104 0.59887
60 0.580464 0.0272235 0.55324 0.607687
61 0.584048 0.0319375 0.552111 0.615986
62 0.594029 0.0313889 0.56264 0.625418
63 0.604917 0.0313744 0.573543 0.636292
64 0.618637 0.0352709 0.583366 0.653908
65 0.628259 0.0346853 0.593573 0.662944
66 0.636497 0.0351184 0.601378 0.671615
67 0.648702 0.0385076 0.610195 0.68721
68 0.665879 0.036554 0.629325 0.702433
69 0.674873 0.0332264 0.641647 0.7081
70 0.674355 0.0366423 0.637713 0.710998
71 0.688353 0.0332564 0.655097 0.72161
72 0.693882 0.037849 0.656033 0.731731
73 0.704448 0.0378556 0.666593 0.742304
74 0.711475 0.0333562 0.678119 0.744831
75 0.724689 0.0424263 0.682263 0.767116
76 0.739898 0.0356925 0.704205 0.77559
77 0.741598 0.0437211 0.697877 0.785319
78 0.760306 0.0395057 0.7208 0.799812
79 0.770776 0.0431105 0.727665 0.813886
80 0.776589 0.0406258 0.735963 0.817215
81 0.786439 0.0405343 0.745905 0.826973
82 0.796604 0.0446506 0.751954 0.841255
83 0.806369 0.0410399 0.765329 0.847408
84 0.820931 0.0396377 0.781293 0.860568
85 0.819472 0.0383331 0.781139 0.857805
86 0.836374 0.0441644 0.792209 0.880538
87 0.850632 0.0381073 0.812525 0.888739
88 0.857469 0.045233 0.812236 0.902701
89 0.860303 0.0406481 0.819655 0.900951
90 0.875497 0.0419306 0.833566 0.917427
91 0.881605 0.0413006 0.840305 0.922906
92 0.890291 0.0413205 0.848971 0.931612
93 0.900679 0.0433998 0.857279 0.944079
94 0.91704 0.0511482 0.865892 0.968189
95 0.916553 0.044492 0.872061 0.961045
96 0.925112 0.0425483 0.882564 0.967661
97 0.934777 0.0405168 0.89426 0.975294
98 0.950798 0.0447536 0.906045 0.995552
99 0.976389 0.04104 0.935349 1.01743
