# ../output/graphs/CollectedRunsResultParallel
# step - mean - standard deviation - ylow - yhigh
0 0.0138097 0.224954 -0.211145 0.238764
1 0.0210813 0.00463502 0.0164463 0.0257164
2 0.0121395 0.00470503 0.00743451 0.0168446
3 0.0215944 0.00864527 0.0129491 0.0302396
4 0.021866 0.00523972 0.0166263 0.0271057
5 0.022021 0.0104848 0.0115362 0.0325058
6 0.0311693 0.0100001 0.0211692 0.0411694
7 0.0311354 0.00622147 0.0249139 0.0373568
8 0.0314918 0.00704412 0.0244476 0.0385359
9 0.0409276 0.00738692 0.0335407 0.0483145
10 0.0416224 0.013991 0.0276314 0.0556135
11 0.0421206 0.0117302 0.0303904 0.0538508
12 0.0505534 0.00739733 0.0431561 0.0579507
13 0.0511603 0.0123113 0.038849 0.0634717
14 0.0516157 0.0162363 0.0353794 0.067852
15 0.0598423 0.00814594 0.0516964 0.0679883
16 0.0607962 0.0136466 0.0471496 0.0744429
17 0.0609288 0.00971352 0.0512153 0.0706423
18 0.0700627 0.0121203 0.0579423 0.082183
19 0.0701974 0.0104992 0.0596982 0.0806966
20 0.0703413 0.0127375 0.0576039 0.0830788
21 0.0788526 0.00817163 0.070681 0.0870243
22 0.0797975 0.0153324 0.0644651 0.0951298
23 0.0796962 0.0104044 0.0692918 0.0901006
24 0.0893344 0.0155574 0.073777 0.104892
25 0.0892473 0.0132819 0.0759654 0.102529
26 0.0894824 0.0103842 0.0790983 0.0998666
27 0.0982855 0.0104165 0.087869 0.108702
28 0.0991052 0.0153575 0.0837477 0.114463
29 0.0997463 0.0169209 0.0828254 0.116667
30 0.108008 0.0213185 0.086689 0.129326
31 0.108163 0.0186332 0.0895298 0.126796
32 0.109558 0.0159434 0.0936141 0.125501
33 0.118097 0.0169726 0.101124 0.135069
34 0.118318 0.018406 0.0999123 0.136724
35 0.118625 0.0198833 0.0987417 0.138508
36 0.126917 0.0177536 0.109164 0.144671
37 0.127709 0.015684 0.112025 0.143394
38 0.127946 0.0148492 0.113097 0.142795
39 0.136871 0.0222746 0.114597 0.159146
40 0.137619 0.0159411 0.121678 0.15356
41 0.138421 0.0198453 0.118575 0.158266
42 0.146497 0.0160179 0.130479 0.162515
43 0.14725 0.022761 0.124489 0.170011
44 0.147426 0.0187656 0.128661 0.166192
45 0.157123 0.0216463 0.135477 0.178769
46 0.159198 0.0363228 0.122875 0.195521
47 0.159001 0.0212779 0.137723 0.180279
48 0.167358 0.0234077 0.14395 0.190765
49 0.166441 0.0197859 0.146655 0.186227
50 0.167302 0.0235096 0.143792 0.190812
51 0.176517 0.0249995 0.151517 0.201516
52 0.177551 0.0190245 0.158527 0.196576
53 0.179582 0.0236972 0.155884 0.203279
54 0.186445 0.0212394 0.165206 0.207685
55 0.185705 0.0241027 0.161602 0.209808
56 0.186921 0.0197497 0.167171 0.20667
57 0.196119 0.0254534 0.170666 0.221573
58 0.197177 0.0246426 0.172534 0.221819
59 0.19797 0.0264305 0.17154 0.224401
60 0.207098 0.0227969 0.184301 0.229895
61 0.207982 0.0247235 0.183259 0.232705
62 0.208469 0.0268219 0.181647 0.235291
63 0.216823 0.0263402 0.190483 0.243163
64 0.223376 0.0279236 0.195453 0.2513
65 0.219744 0.0323701 0.187374 0.252114
66 0.22896 0.0272761 0.201684 0.256237
67 0.22808 0.0262683 0.201812 0.254348
68 0.229755 0.0247859 0.204969 0.254541
69 0.238566 0.0282625 0.210303 0.266828
70 0.23968 0.0280946 0.211585 0.267774
71 0.241972 0.0299524 0.21202 0.271925
72 0.249856 0.0232601 0.226596 0.273116
73 0.251576 0.0319525 0.219623 0.283528
74 0.251119 0.0256681 0.225451 0.276788
75 0.258363 0.0242063 0.234157 0.28257
76 0.26075 0.0244673 0.236283 0.285217
77 0.262385 0.0263452 0.23604 0.28873
78 0.272661 0.0320891 0.240572 0.30475
79 0.272083 0.0284656 0.243618 0.300549
80 0.274208 0.0305141 0.243694 0.304723
81 0.282077 0.0300619 0.252015 0.312139
82 0.281762 0.0249934 0.256769 0.306756
83 0.284208 0.0302103 0.253998 0.314418
84 0.29379 0.0370644 0.256726 0.330855
85 0.294507 0.0334145 0.261092 0.327921
86 0.293748 0.0301326 0.263615 0.32388
87 0.302189 0.0289009 0.273288 0.33109
88 0.307266 0.0347312 0.272535 0.341998
89 0.301719 0.03214 0.269579 0.333859
90 0.316597 0.0294623 0.287135 0.346059
91 0.314497 0.0291431 0.285354 0.34364
92 0.313988 0.0345298 0.279459 0.348518
93 0.324424 0.0307262 0.293698 0.35515
94 0.324836 0.0322937 0.292543 0.35713
95 0.321705 0.0286548 0.29305 0.35036
96 0.338499 0.0357114 0.302788 0.374211
97 0.332412 0.0273224 0.305089 0.359734
98 0.333454 0.0339186 0.299535 0.367372
99 0.340003 0.0298417 0.310162 0.369845
