# ../output/graphs/perf_serial95BIPED
# step - mean (0.306797) - standard deviation (0.0266982) r=20 - ylow - yhigh
0 0.325949 0.0114777 0.314471 0.337426
1 0.331549 0.0158895 0.31566 0.347439
2 0.334732 0.0156341 0.319098 0.350366
3 0.327705 0.0147582 0.312947 0.342464
4 0.322 0.00831052 0.313689 0.33031
5 0.318486 0.00823767 0.310249 0.326724
6 0.329267 0.0170892 0.312178 0.346356
7 0.305139 0.0140596 0.291079 0.319198
8 0.305214 0.0103381 0.294876 0.315552
9 0.307286 0.0120502 0.295235 0.319336
10 0.305964 0.0123195 0.293645 0.318284
11 0.316625 0.0222523 0.294372 0.338877
12 0.304823 0.00852995 0.296293 0.313353
13 0.313382 0.0240463 0.289335 0.337428
14 0.309057 0.01663 0.292427 0.325687
15 0.307211 0.00941034 0.2978 0.316621
16 0.309283 0.0173023 0.29198 0.326585
17 0.309613 0.0152951 0.294318 0.324908
18 0.31179 0.0143487 0.297441 0.326139
19 0.312766 0.0151175 0.297648 0.327883
20 0.310198 0.0120055 0.298193 0.322204
21 0.305274 0.0100601 0.295214 0.315334
22 0.308937 0.0202506 0.288687 0.329188
23 0.296715 0.00937888 0.287337 0.306094
24 0.299178 0.0122373 0.286941 0.311415
25 0.301085 0.014581 0.286504 0.315666
26 0.31194 0.0299242 0.282016 0.341864
27 0.306069 0.0163101 0.289759 0.32238
28 0.30146 0.0136669 0.287793 0.315127
29 0.300995 0.0177933 0.283201 0.318788
30 0.295905 0.00836206 0.287543 0.304267
31 0.302256 0.0158186 0.286437 0.318074
32 0.303052 0.0153575 0.287694 0.318409
33 0.304163 0.0176778 0.286485 0.32184
34 0.31212 0.00892793 0.303192 0.321048
35 0.32736 0.0225951 0.304765 0.349955
36 0.330408 0.0134237 0.316984 0.343832
37 0.328126 0.0188313 0.309294 0.346957
38 0.332315 0.0238595 0.308455 0.356174
39 0.335017 0.0147308 0.320287 0.349748
40 0.325093 0.0136562 0.311437 0.338749
41 0.317165 0.00929859 0.307867 0.326464
42 0.320138 0.010802 0.309336 0.33094
43 0.32239 0.0104029 0.311987 0.332793
44 0.330123 0.017657 0.312466 0.34778
45 0.330483 0.0206201 0.309863 0.351103
46 0.327045 0.01619 0.310855 0.343235
47 0.329312 0.0167663 0.312546 0.346078
48 0.321895 0.0108356 0.311059 0.33273
49 0.32188 0.0117895 0.31009 0.333669
50 0.322811 0.0105161 0.312294 0.333327
51 0.334147 0.0277238 0.306423 0.36187
52 0.324793 0.0102918 0.314501 0.335084
53 0.379805 0.229254 0.150552 0.609059
54 0.334762 0.0174606 0.317301 0.352223
55 0.3223 0.0100254 0.312275 0.332325
56 0.324597 0.0144368 0.31016 0.339034
57 0.321685 0.00667215 0.315012 0.328357
58 0.334552 0.0142727 0.320279 0.348825
59 0.329312 0.012179 0.317133 0.341491
60 0.327315 0.0229712 0.304344 0.350286
61 0.3273 0.0153369 0.311963 0.342637
62 0.326384 0.0106393 0.315745 0.337023
63 0.328606 0.0180908 0.310515 0.346697
64 0.329882 0.0213523 0.30853 0.351235
65 0.32721 0.0139672 0.313243 0.341177
66 0.326549 0.0119993 0.31455 0.338549
67 0.328456 0.0148358 0.31362 0.343292
68 0.328036 0.0240908 0.303945 0.352126
69 0.328516 0.0130178 0.315498 0.341534
70 0.328576 0.0154006 0.313176 0.343977
71 0.331804 0.034709 0.297095 0.366513
72 0.327765 0.0151223 0.312643 0.342888
73 0.32781 0.0128284 0.314982 0.340639
74 0.324522 0.0102697 0.314253 0.334792
75 0.325663 0.0126512 0.313012 0.338315
76 0.333111 0.0200084 0.313102 0.353119
77 0.329822 0.015804 0.314018 0.345626
78 0.323817 0.0125218 0.311295 0.336338
79 0.323216 0.0092542 0.313962 0.33247
80 0.330843 0.0199948 0.310849 0.350838
81 0.330513 0.0185496 0.311963 0.349063
82 0.341278 0.055774 0.285504 0.397052
83 0.322675 0.0103316 0.312344 0.333007
84 0.323696 0.0204535 0.303243 0.34415
85 0.338155 0.0213579 0.316797 0.359513
86 0.326459 0.0111351 0.315324 0.337594
87 0.331099 0.0162296 0.314869 0.347328
88 0.327285 0.0182597 0.309025 0.345545
89 0.328967 0.0180457 0.310921 0.347012
90 0.325093 0.0102773 0.314815 0.33537
91 0.320168 0.00846346 0.311705 0.328632
92 0.319913 0.00882067 0.311092 0.328733
93 0.329912 0.0224116 0.307501 0.352324
94 0.323411 0.0129821 0.310429 0.336393
95 0.325693 0.0151735 0.31052 0.340867
96 0.327885 0.0129134 0.314972 0.340799
97 0.328066 0.0128766 0.315189 0.340942
98 0.314913 0.0185106 0.296402 0.333424
99 0.315469 0.0137857 0.301683 0.329254
100 0.314117 0.015407 0.29871 0.329524
101 0.315093 0.0142813 0.300812 0.329374
102 0.313457 0.00972319 0.303733 0.32318
103 0.312511 0.0109245 0.301586 0.323435
104 0.324372 0.0136612 0.310711 0.338033
105 0.320664 0.010988 0.309676 0.331652
106 0.324898 0.0146039 0.310294 0.339502
107 0.328576 0.0146729 0.313903 0.343249
108 0.318727 0.0176509 0.301076 0.336378
109 0.311625 0.0103082 0.301317 0.321933
110 0.316144 0.016025 0.300119 0.332169
111 0.312496 0.0105505 0.301945 0.323046
112 0.328681 0.0131985 0.315483 0.34188
113 0.326579 0.0104086 0.316171 0.336988
114 0.321549 0.0119115 0.309638 0.333461
115 0.328861 0.019271 0.30959 0.348132
116 0.322045 0.0217309 0.300314 0.343776
117 0.328186 0.0152383 0.312948 0.343424
118 0.331399 0.0211918 0.310207 0.352591
119 0.33209 0.0312189 0.300871 0.363308
120 0.324507 0.010997 0.31351 0.335504
121 0.326114 0.013113 0.313001 0.339227
122 0.322961 0.0122743 0.310686 0.335235
123 0.323591 0.0117479 0.311843 0.335339
124 0.321925 0.0139886 0.307936 0.335913
125 0.324282 0.0143364 0.309946 0.338618
126 0.325018 0.0139113 0.311106 0.338929
127 0.329988 0.0263836 0.303604 0.356371
128 0.323937 0.0116122 0.312324 0.335549
129 0.32709 0.0209605 0.306129 0.34805
130 0.319432 0.0116989 0.307733 0.331131
131 0.317841 0.0112532 0.306588 0.329094
132 0.326204 0.0147851 0.311419 0.340989
133 0.325513 0.0180196 0.307494 0.343533
134 0.318441 0.0147654 0.303676 0.333207
135 0.316475 0.00797825 0.308496 0.324453
136 0.321144 0.0113953 0.309749 0.332539
137 0.324988 0.0203107 0.304677 0.345298
138 0.328816 0.0180875 0.310729 0.346904
139 0.319507 0.0153914 0.304116 0.334899
140 0.316294 0.00850041 0.307794 0.324795
141 0.313246 0.00679229 0.306454 0.320039
142 0.320138 0.0102195 0.309919 0.330358
143 0.323156 0.0160718 0.307084 0.339228
144 0.326084 0.017887 0.308197 0.343971
145 0.319733 0.0116707 0.308062 0.331403
146 0.325063 0.020104 0.304959 0.345167
147 0.329582 0.0201524 0.30943 0.349735
148 0.319988 0.0108093 0.309179 0.330797
149 0.321985 0.0132685 0.308716 0.335253
150 0.321384 0.0123954 0.308989 0.33378
151 0.323291 0.013307 0.309984 0.336598
152 0.320513 0.013253 0.30726 0.333766
153 0.320003 0.0158586 0.304144 0.335862
154 0.323141 0.0127995 0.310341 0.33594
155 0.323396 0.0144512 0.308945 0.337847
156 0.321444 0.019505 0.301939 0.340949
157 0.32251 0.0167315 0.305779 0.339242
158 0.325753 0.0289696 0.296784 0.354723
159 0.323051 0.0242241 0.298827 0.347275
160 0.329702 0.0155837 0.314119 0.345286
161 0.330453 0.0257812 0.304672 0.356234
162 0.326129 0.019821 0.306308 0.34595
163 0.318997 0.0124778 0.306519 0.331475
164 0.328141 0.016837 0.311304 0.344978
165 0.32269 0.0133277 0.309363 0.336018
166 0.323336 0.0122601 0.311076 0.335596
167 0.325618 0.0283361 0.297282 0.353954
168 0.32263 0.0103608 0.31227 0.332991
169 0.321564 0.0136568 0.307908 0.335221
170 0.322285 0.0142863 0.307999 0.336571
171 0.347359 0.122934 0.224425 0.470293
172 0.32236 0.0119047 0.310456 0.334265
173 0.322811 0.0150941 0.307716 0.337905
174 0.324687 0.0156821 0.309005 0.34037
175 0.319598 0.0117328 0.307865 0.33133
176 0.322435 0.0124737 0.309962 0.334909
177 0.321639 0.0126153 0.309024 0.334255
178 0.323096 0.0103891 0.312707 0.333485
179 0.326174 0.0220649 0.304109 0.348239
180 0.326294 0.014602 0.311692 0.340896
181 0.325138 0.0124074 0.31273 0.337545
182 0.322315 0.0107541 0.311561 0.333069
183 0.322721 0.0136818 0.309039 0.336402
184 0.32212 0.0123641 0.309756 0.334484
185 0.326654 0.0186717 0.307983 0.345326
186 0.317991 0.012106 0.305885 0.330097
187 0.320453 0.0115 0.308953 0.331953
188 0.319492 0.01293 0.306562 0.332422
189 0.322736 0.0147043 0.308031 0.33744
190 0.321249 0.00856145 0.312688 0.329811
191 0.318291 0.0137559 0.304535 0.332047
192 0.321114 0.0136594 0.307455 0.334773
193 0.322721 0.0131666 0.309554 0.335887
194 0.322781 0.0158392 0.306941 0.33862
195 0.324492 0.0129558 0.311536 0.337448
196 0.338336 0.02481 0.313526 0.363146
197 0.326294 0.00917696 0.317117 0.335471
198 0.322525 0.0148804 0.307645 0.337406
199 0.311054 0.0182007 0.292854 0.329255
200 0.307616 0.0131804 0.294436 0.320796
201 0.307541 0.0193772 0.288164 0.326918
202 0.305679 0.0271429 0.278536 0.332822
203 0.307451 0.0139459 0.293505 0.321397
204 0.303592 0.0116901 0.291902 0.315282
205 0.306805 0.0149793 0.291826 0.321785
206 0.304373 0.00856713 0.295806 0.31294
207 0.302871 0.0101706 0.292701 0.313042
208 0.309853 0.0206328 0.28922 0.330486
209 0.304208 0.0119326 0.292275 0.31614
210 0.303562 0.0113217 0.29224 0.314884
211 0.307946 0.0153146 0.292632 0.323261
212 0.302871 0.007162 0.295709 0.310033
213 0.304403 0.00963272 0.29477 0.314036
214 0.306039 0.0106695 0.29537 0.316709
215 0.308442 0.0162104 0.292231 0.324652
216 0.309688 0.0145503 0.295138 0.324238
217 0.30622 0.0118342 0.294385 0.318054
218 0.306685 0.0129738 0.293711 0.319659
219 0.303982 0.0153395 0.288643 0.319322
220 0.299493 0.011837 0.287656 0.31133
221 0.303292 0.0213664 0.281925 0.324658
222 0.299133 0.0111331 0.288 0.310266
223 0.297887 0.0111188 0.286768 0.309005
224 0.302571 0.0128341 0.289737 0.315405
225 0.299418 0.0113042 0.288114 0.310722
226 0.301926 0.0211218 0.280804 0.323047
227 0.300289 0.0100988 0.29019 0.310388
228 0.297767 0.0123959 0.285371 0.310162
229 0.296505 0.00944045 0.287065 0.305946
230 0.303262 0.0174004 0.285861 0.320662
231 0.313727 0.0169366 0.29679 0.330664
232 0.313081 0.0174698 0.295611 0.330551
233 0.310244 0.00848191 0.301762 0.318725
234 0.31194 0.011877 0.300063 0.323817
235 0.31685 0.0125682 0.304282 0.329418
236 0.311295 0.0122164 0.299078 0.323511
237 0.309147 0.0110808 0.298067 0.320228
238 0.312886 0.0244675 0.288419 0.337354
239 0.318231 0.0192585 0.298973 0.33749
240 0.309493 0.0115114 0.297981 0.321004
241 0.307886 0.0117371 0.296149 0.319623
242 0.30622 0.00907144 0.297148 0.315291
243 0.309673 0.0130748 0.296598 0.322748
244 0.311144 0.0122723 0.298872 0.323417
245 0.312376 0.0105379 0.301838 0.322913
246 0.310679 0.0201087 0.29057 0.330788
247 0.316475 0.0202447 0.29623 0.336719
248 0.310994 0.0118034 0.299191 0.322798
249 0.313442 0.0121928 0.301249 0.325634
250 0.307271 0.011695 0.295576 0.318966
251 0.307211 0.00805618 0.299154 0.315267
252 0.310334 0.0138737 0.29646 0.324207
253 0.314493 0.0184281 0.296065 0.332921
254 0.305664 0.00615988 0.299504 0.311824
255 0.307916 0.00884523 0.299071 0.316762
256 0.313111 0.0126104 0.300501 0.325722
257 0.3117 0.0153653 0.296335 0.327065
258 0.308517 0.0179002 0.290617 0.326417
259 0.348726 0.110684 0.238041 0.45941
260 0.314973 0.0137416 0.301231 0.328715
261 0.312496 0.0144068 0.298089 0.326902
262 0.314132 0.0159277 0.298205 0.33006
263 0.313397 0.0119575 0.301439 0.325354
264 0.312406 0.0188791 0.293526 0.331285
265 0.31149 0.0156592 0.295831 0.327149
266 0.312676 0.0136537 0.299022 0.32633
267 0.314297 0.0132196 0.301078 0.327517
268 0.314087 0.0169546 0.297133 0.331042
269 0.313186 0.0172112 0.295975 0.330398
270 0.313967 0.0160233 0.297944 0.32999
271 0.340783 0.129309 0.211474 0.470092
272 0.314958 0.0180249 0.296933 0.332983
273 0.31212 0.0114891 0.300631 0.323609
274 0.314132 0.0107912 0.303341 0.324923
275 0.309283 0.0100516 0.299231 0.319334
276 0.314297 0.01146 0.302837 0.325757
277 0.313997 0.0154266 0.298571 0.329424
278 0.299508 0.00744293 0.292065 0.306951
279 0.304628 0.019838 0.28479 0.324466
280 0.305529 0.0162942 0.289235 0.321823
281 0.303982 0.0198802 0.284102 0.323863
282 0.303502 0.0219717 0.28153 0.325474
283 0.303337 0.0188887 0.284448 0.322226
284 0.297812 0.0098387 0.287973 0.30765
285 0.302091 0.016195 0.285896 0.318286
286 0.300604 0.0139437 0.286661 0.314548
287 0.297031 0.0131097 0.283921 0.31014
288 0.299583 0.0088889 0.290694 0.308472
289 0.297646 0.010343 0.287303 0.307989
290 0.300604 0.0131633 0.287441 0.313768
291 0.302496 0.0250928 0.277403 0.327589
292 0.295019 0.00836588 0.286653 0.303385
293 0.305109 0.0167338 0.288375 0.321842
294 0.30134 0.0160694 0.285271 0.317409
295 0.291791 0.0154408 0.27635 0.307232
296 0.293608 0.015969 0.277638 0.309577
297 0.309448 0.0139812 0.295467 0.323429
298 0.30673 0.0189095 0.287821 0.32564
299 0.308937 0.0210064 0.287931 0.329944
300 0.31128 0.0191558 0.292124 0.330435
301 0.304163 0.015613 0.28855 0.319776
302 0.307075 0.014283 0.292793 0.321358
303 0.30703 0.0160447 0.290986 0.323075
304 0.3017 0.0105871 0.291113 0.312287
305 0.30631 0.010806 0.295504 0.317116
306 0.308217 0.0154228 0.292794 0.323639
307 0.312691 0.0164352 0.296256 0.329126
308 0.323276 0.016965 0.306311 0.340241
309 0.320634 0.0138735 0.30676 0.334507
310 0.324582 0.0132314 0.311351 0.337814
311 0.306745 0.00549742 0.301248 0.312243
312 0.316204 0.0144192 0.301785 0.330623
313 0.313487 0.0147733 0.298713 0.32826
314 0.312826 0.0113947 0.301431 0.324221
315 0.324913 0.0352245 0.289688 0.360137
316 0.313772 0.0157836 0.297988 0.329555
317 0.307841 0.00875191 0.299089 0.316593
318 0.311054 0.0236795 0.287375 0.334734
319 0.314012 0.0137754 0.300237 0.327788
320 0.300124 0.0145634 0.28556 0.314687
321 0.294809 0.0110696 0.283739 0.305878
322 0.302736 0.0187879 0.283948 0.321524
323 0.303337 0.0259972 0.27734 0.329334
324 0.314748 0.0203472 0.294401 0.335095
325 0.303187 0.0387742 0.264413 0.341961
326 0.300259 0.0137137 0.286545 0.313973
327 0.300139 0.0142757 0.285863 0.314415
328 0.292076 0.00988597 0.28219 0.301962
329 0.298172 0.0158638 0.282308 0.314036
330 0.293457 0.0100621 0.283395 0.303519
331 0.297782 0.0154537 0.282328 0.313235
332 0.293472 0.010459 0.283013 0.303931
333 0.295094 0.0143355 0.280758 0.309429
334 0.297226 0.0175464 0.27968 0.314772
335 0.297196 0.0119894 0.285207 0.309185
336 0.298727 0.0175078 0.28122 0.316235
337 0.295289 0.00962297 0.285666 0.304912
338 0.297076 0.0133735 0.283702 0.310449
339 0.2914 0.0101671 0.281233 0.301567
340 0.296415 0.0160712 0.280344 0.312486
341 0.292166 0.0123683 0.279798 0.304534
342 0.299748 0.00997601 0.289772 0.309724
343 0.288713 0.0080461 0.280667 0.296759
344 0.291175 0.0103607 0.280814 0.301536
345 0.292722 0.012763 0.279959 0.305485
346 0.293412 0.0150917 0.278321 0.308504
347 0.293698 0.00954308 0.284155 0.303241
348 0.299418 0.0191371 0.280281 0.318555
349 0.298187 0.0133576 0.284829 0.311545
350 0.297151 0.0166993 0.280452 0.31385
351 0.293833 0.0110237 0.282809 0.304856
352 0.291911 0.00797486 0.283936 0.299886
353 0.294538 0.0193609 0.275178 0.313899
354 0.297511 0.0146352 0.282876 0.312146
355 0.290935 0.00820359 0.282731 0.299139
356 0.298818 0.0132617 0.285556 0.312079
357 0.310138 0.0279237 0.282215 0.338062
358 0.298397 0.021101 0.277296 0.319498
359 0.293938 0.0142576 0.27968 0.308195
360 0.293427 0.0127947 0.280633 0.306222
361 0.294779 0.014193 0.280586 0.308972
362 0.294674 0.011859 0.282815 0.306533
363 0.298908 0.0169104 0.281997 0.315818
364 0.293698 0.0113299 0.282368 0.305027
365 0.297181 0.0133951 0.283786 0.310576
366 0.298262 0.0142705 0.283992 0.312532
367 0.293097 0.0084506 0.284646 0.301548
368 0.295364 0.0103106 0.285054 0.305675
369 0.292902 0.00808017 0.284822 0.300982
370 0.294974 0.00945653 0.285517 0.30443
371 0.294373 0.00879805 0.285575 0.303171
372 0.30107 0.015577 0.285493 0.316647
373 0.297842 0.00755229 0.290289 0.305394
374 0.297511 0.0142502 0.283261 0.311762
375 0.296926 0.0128356 0.28409 0.309761
376 0.294463 0.00961084 0.284852 0.304074
377 0.301655 0.0152029 0.286452 0.316858
378 0.297526 0.0146474 0.282879 0.312174
379 0.29658 0.0123686 0.284212 0.308949
380 0.294689 0.00927901 0.28541 0.303968
381 0.300965 0.014111 0.286854 0.315076
382 0.300079 0.0103459 0.289733 0.310425
383 0.297706 0.0149052 0.282801 0.312612
384 0.295439 0.00958918 0.28585 0.305028
385 0.296956 0.0132328 0.283723 0.310189
386 0.299944 0.0180064 0.281937 0.31795
387 0.29583 0.0117033 0.284126 0.307533
388 0.30161 0.0182019 0.283408 0.319812
389 0.295845 0.0096596 0.286185 0.305504
390 0.29637 0.010074 0.286296 0.306444
391 0.299583 0.0145677 0.285016 0.314151
392 0.304688 0.0129867 0.291701 0.317675
393 0.305394 0.0165652 0.288829 0.321959
394 0.293908 0.0127348 0.281173 0.306643
395 0.293562 0.0148488 0.278714 0.308411
396 0.305859 0.0137237 0.292136 0.319583
397 0.30643 0.010509 0.295921 0.316939
398 0.304148 0.0106441 0.293504 0.314792
399 0.302901 0.0138804 0.289021 0.316782
400 0.307796 0.0120692 0.295727 0.319865
401 0.310604 0.0168623 0.293742 0.327466
402 0.309763 0.0168104 0.292953 0.326573
403 0.305349 0.0138531 0.291496 0.319202
404 0.298878 0.00545675 0.293421 0.304334
405 0.309928 0.0124103 0.297518 0.322339
406 0.301926 0.0103177 0.291608 0.312243
407 0.309928 0.0222429 0.287685 0.332171
408 0.308352 0.0191897 0.289162 0.327541
409 0.305109 0.0110527 0.294056 0.316161
410 0.294914 0.0179842 0.27693 0.312898
411 0.292286 0.0170514 0.275235 0.309338
412 0.287166 0.00818369 0.278983 0.29535
413 0.295139 0.0346945 0.260444 0.329833
414 0.291566 0.0141214 0.277444 0.305687
415 0.288488 0.0117225 0.276765 0.30021
416 0.284929 0.0152862 0.269643 0.300215
417 0.283683 0.0120663 0.271617 0.295749
418 0.290109 0.0106579 0.279451 0.300767
419 0.284644 0.0157438 0.2689 0.300388
420 0.278683 0.0102193 0.268464 0.288902
421 0.280935 0.0102813 0.270654 0.291217
422 0.284554 0.0139249 0.270629 0.298479
423 0.29071 0.0153209 0.275389 0.306031
424 0.281806 0.0102901 0.271516 0.292096
425 0.278623 0.00618353 0.27244 0.284807
426 0.286566 0.013621 0.272945 0.300187
427 0.298727 0.0157801 0.282947 0.314507
428 0.293923 0.0140166 0.279906 0.307939
429 0.294463 0.0104961 0.283967 0.304959
430 0.30622 0.0222979 0.283922 0.328518
431 0.302661 0.0190618 0.283599 0.321723
432 0.298833 0.0134964 0.285336 0.312329
433 0.30092 0.0118726 0.289047 0.312792
434 0.296085 0.0146758 0.281409 0.310761
435 0.298938 0.0201186 0.278819 0.319056
436 0.298442 0.0150837 0.283358 0.313526
437 0.294824 0.0128906 0.281933 0.307714
438 0.292061 0.0088437 0.283217 0.300905
439 0.300094 0.0197172 0.280377 0.319811
440 0.294208 0.0114579 0.28275 0.305666
441 0.290319 0.00912829 0.281191 0.299448
442 0.291566 0.00855558 0.28301 0.300121
443 0.300139 0.0138948 0.286244 0.314034
444 0.300634 0.017951 0.282683 0.318585
445 0.298772 0.0134791 0.285293 0.312252
446 0.295439 0.00894351 0.286496 0.304383
447 0.299523 0.0147266 0.284797 0.31425
448 0.336594 0.156516 0.180078 0.49311
449 0.299673 0.0100359 0.289637 0.309709
450 0.309523 0.0101615 0.299361 0.319684
451 0.307571 0.012318 0.295253 0.319889
452 0.318501 0.0201852 0.298316 0.338687
453 0.313382 0.00973205 0.303649 0.323114
454 0.319492 0.0131266 0.306366 0.332619
455 0.309283 0.0085577 0.300725 0.31784
456 0.309162 0.0101928 0.29897 0.319355
457 0.317225 0.0168738 0.300351 0.334099
458 0.297061 0.0132889 0.283772 0.31035
459 0.29643 0.011364 0.285066 0.307794
460 0.299778 0.0133002 0.286478 0.313079
461 0.299433 0.0189321 0.280501 0.318365
462 0.296655 0.0114409 0.285215 0.308096
463 0.297751 0.0152198 0.282532 0.312971
464 0.298517 0.0135981 0.284919 0.312115
465 0.302346 0.0126465 0.289699 0.314992
466 0.302271 0.0150811 0.28719 0.317352
467 0.299013 0.0107719 0.288241 0.309785
468 0.2964 0.0133088 0.283091 0.309709
469 0.300829 0.0148467 0.285983 0.315676
470 0.308742 0.0271062 0.281636 0.335848
471 0.304298 0.0168098 0.287488 0.321108
472 0.300829 0.016191 0.284638 0.31702
473 0.303457 0.0141348 0.289322 0.317592
474 0.300124 0.0108576 0.289266 0.310981
475 0.299598 0.0158765 0.283722 0.315475
476 0.302526 0.0193262 0.2832 0.321852
477 0.293638 0.00735081 0.286287 0.300988
478 0.304178 0.0137529 0.290425 0.317931
479 0.298878 0.0117547 0.287123 0.310632
480 0.30613 0.0149502 0.291179 0.32108
481 0.304748 0.0304158 0.274332 0.335164
482 0.302271 0.0140272 0.288244 0.316298
483 0.300814 0.0109261 0.289888 0.311741
484 0.299839 0.0104557 0.289383 0.310294
485 0.300289 0.012715 0.287574 0.313004
486 0.311865 0.0222976 0.289567 0.334163
487 0.302241 0.0141692 0.288072 0.31641
488 0.301205 0.0151002 0.286105 0.316305
489 0.300529 0.0140757 0.286453 0.314605
490 0.302091 0.011596 0.290495 0.313687
491 0.289884 0.0130317 0.276852 0.302916
492 0.29065 0.0101349 0.280515 0.300785
493 0.309478 0.0171676 0.29231 0.326645
494 0.298727 0.0121 0.286627 0.310827
495 0.308157 0.0388574 0.269299 0.347014
496 0.300499 0.00858696 0.291912 0.309086
497 0.298067 0.00985817 0.288209 0.307925
498 0.305964 0.0165565 0.289408 0.322521
499 0.301971 0.0102356 0.291735 0.312206
500 0.300124 0.00889001 0.291234 0.309014
501 0.302241 0.0107063 0.291535 0.312947
502 0.304778 0.0127877 0.291991 0.317566
503 0.299253 0.00857506 0.290678 0.307828
504 0.302526 0.0106298 0.291896 0.313156
505 0.319057 0.0115545 0.307503 0.330611
506 0.31703 0.0109919 0.306038 0.328022
507 0.310754 0.0128674 0.297887 0.323621
508 0.310108 0.0102341 0.299874 0.320343
509 0.313757 0.0127002 0.301057 0.326457
510 0.313397 0.0194011 0.293995 0.332798
511 0.308787 0.0140088 0.294778 0.322796
512 0.315408 0.0157757 0.299633 0.331184
513 0.30694 0.00949895 0.297441 0.316439
514 0.312766 0.0153284 0.297438 0.328094
515 0.311069 0.0176359 0.293433 0.328705
516 0.294523 0.00883666 0.285687 0.30336
517 0.296685 0.011046 0.285639 0.307731
518 0.308111 0.0187693 0.289342 0.326881
519 0.299493 0.0147525 0.284741 0.314246
520 0.298217 0.013362 0.284855 0.311579
521 0.299959 0.0184109 0.281548 0.31837
522 0.299493 0.0162179 0.283275 0.315711
523 0.305244 0.039727 0.265517 0.344971
524 0.291445 0.0102334 0.281212 0.301679
525 0.29625 0.0173214 0.278929 0.313571
526 0.295019 0.0148943 0.280125 0.309913
527 0.293592 0.00945938 0.284133 0.303052
528 0.292722 0.012663 0.280059 0.305385
529 0.291566 0.00922306 0.282342 0.300789
530 0.293127 0.00993646 0.283191 0.303064
531 0.292812 0.0111443 0.281667 0.303956
532 0.296415 0.0132106 0.283205 0.309626
533 0.295139 0.0106931 0.284446 0.305832
534 0.294418 0.0132667 0.281152 0.307685
535 0.294313 0.0131467 0.281167 0.30746
536 0.293953 0.0117074 0.282245 0.30566
537 0.299808 0.0166468 0.283162 0.316455
538 0.292046 0.00884374 0.283202 0.30089
539 0.291085 0.00837169 0.282713 0.299457
540 0.294854 0.0151677 0.279686 0.310021
541 0.289223 0.00980584 0.279417 0.299029
542 0.291701 0.01003 0.281671 0.301731
543 0.293082 0.0147001 0.278382 0.307782
544 0.303367 0.018351 0.285016 0.321718
545 0.293623 0.0119123 0.28171 0.305535
546 0.293638 0.0110909 0.282547 0.304728
547 0.295875 0.015343 0.280532 0.311218
548 0.293097 0.0143038 0.278793 0.307401
549 0.293683 0.0146623 0.27902 0.308345
550 0.306355 0.0339156 0.272439 0.34027
551 0.292617 0.0114112 0.281205 0.304028
552 0.295064 0.0111311 0.283933 0.306195
553 0.296205 0.0114198 0.284785 0.307625
554 0.295064 0.0109593 0.284105 0.306023
555 0.296986 0.0122862 0.2847 0.309272
556 0.295319 0.0116276 0.283692 0.306947
557 0.303682 0.0187656 0.284917 0.322448
558 0.296085 0.017189 0.278896 0.313274
559 0.295664 0.0190181 0.276646 0.314683
560 0.293382 0.0115473 0.281835 0.30493
561 0.297091 0.0162112 0.28088 0.313302
562 0.29568 0.0115008 0.284179 0.30718
563 0.292076 0.00805439 0.284022 0.30013
564 0.29634 0.0177644 0.278576 0.314105
565 0.297947 0.0217898 0.276157 0.319736
566 0.300064 0.0196608 0.280403 0.319724
567 0.301865 0.021661 0.280204 0.323526
568 0.29107 0.00598103 0.285089 0.297051
569 0.292617 0.00925478 0.283362 0.301871
570 0.298187 0.0121937 0.285993 0.310381
571 0.293592 0.00964816 0.283944 0.303241
572 0.298457 0.02359 0.274867 0.322047
573 0.295574 0.0108658 0.284709 0.30644
574 0.293713 0.0118699 0.281843 0.305583
575 0.295935 0.011387 0.284548 0.307322
576 0.3011 0.0123148 0.288785 0.313415
577 0.297691 0.0125222 0.285169 0.310214
578 0.300319 0.0174245 0.282894 0.317743
579 0.303607 0.0416261 0.261981 0.345233
580 0.302992 0.018614 0.284377 0.321606
581 0.299944 0.014143 0.285801 0.314087
582 0.300679 0.0171139 0.283565 0.317793
583 0.301895 0.0150025 0.286893 0.316898
584 0.302151 0.0230141 0.279137 0.325165
585 0.298307 0.0139084 0.284399 0.312215
586 0.294358 0.0102336 0.284125 0.304592
587 0.300109 0.0162107 0.283898 0.316319
588 0.300289 0.0155829 0.284706 0.315872
589 0.307571 0.0147163 0.292855 0.322287
590 0.301926 0.00960056 0.292325 0.311526
591 0.290845 0.0100794 0.280765 0.300924
592 0.292812 0.0112834 0.281528 0.304095
593 0.306145 0.0116941 0.29445 0.317839
594 0.303412 0.0105591 0.292853 0.313971
595 0.303847 0.0100192 0.293828 0.313867
596 0.306955 0.0160955 0.29086 0.323051
597 0.304133 0.0161838 0.287949 0.320316
598 0.346278 0.17168 0.174598 0.517959
599 0.304103 0.0123663 0.291736 0.316469
600 0.305859 0.0156734 0.290186 0.321533
601 0.308772 0.0207112 0.288061 0.329483
602 0.309388 0.0207515 0.288636 0.330139
603 0.305214 0.012845 0.292369 0.318059
604 0.305544 0.0140356 0.291508 0.31958
605 0.307721 0.0207634 0.286958 0.328484
606 0.307631 0.0181533 0.289478 0.325784
607 0.287166 0.0100051 0.277161 0.297171
608 0.292241 0.0131016 0.27914 0.305343
609 0.295634 0.0168101 0.278824 0.312445
610 0.289839 0.0102467 0.279592 0.300086
611 0.293382 0.0159922 0.27739 0.309374
612 0.284689 0.00792642 0.276763 0.292615
613 0.286596 0.0103224 0.276273 0.296918
614 0.284314 0.0156498 0.268664 0.299963
615 0.289644 0.0201143 0.269529 0.309758
616 0.283998 0.0128195 0.271179 0.296818
617 0.286881 0.0176017 0.269279 0.304483
618 0.28556 0.0127226 0.272837 0.298282
619 0.337074 0.230571 0.106503 0.567646
620 0.288773 0.02125 0.267523 0.310023
621 0.281626 0.0142886 0.267337 0.295915
622 0.287181 0.0120615 0.27512 0.299243
623 0.300769 0.0125926 0.288177 0.313362
624 0.296791 0.0133422 0.283448 0.310133
625 0.295214 0.00865275 0.286561 0.303867
626 0.294433 0.00965348 0.28478 0.304087
627 0.297106 0.0106259 0.28648 0.307732
628 0.297842 0.0175396 0.280302 0.315381
629 0.297286 0.0107468 0.286539 0.308033
630 0.295364 0.0148309 0.280533 0.310195
631 0.295755 0.0225639 0.273191 0.318318
632 0.291746 0.0102422 0.281504 0.301988
633 0.293202 0.0094895 0.283713 0.302692
634 0.292932 0.00905633 0.283876 0.301988
635 0.300379 0.022111 0.278268 0.32249
636 0.295364 0.0141482 0.281216 0.309512
637 0.290935 0.0106944 0.280241 0.301629
638 0.297091 0.0116543 0.285437 0.308745
639 0.296415 0.0150953 0.28132 0.31151
640 0.297751 0.014699 0.283053 0.31245
641 0.298322 0.0104983 0.287824 0.30882
642 0.294283 0.00667358 0.28761 0.300957
643 0.307931 0.0110184 0.296913 0.31895
644 0.308367 0.0134996 0.294867 0.321866
645 0.316294 0.0179908 0.298304 0.334285
646 0.313907 0.0159414 0.297966 0.329848
647 0.319492 0.01492 0.304572 0.334412
648 0.311685 0.0127573 0.298928 0.324442
649 0.313021 0.0138134 0.299208 0.326835
650 0.308126 0.012616 0.29551 0.320743
651 0.315348 0.0175666 0.297782 0.332915
652 0.311204 0.0128042 0.2984 0.324009
653 0.310289 0.0111823 0.299106 0.321471
654 0.311039 0.0143583 0.296681 0.325398
655 0.308472 0.0108149 0.297657 0.319287
656 0.314147 0.0137026 0.300445 0.32785
657 0.305184 0.0185733 0.28661 0.323757
658 0.303337 0.0251436 0.278193 0.32848
659 0.302946 0.0234789 0.279468 0.326425
660 0.298142 0.0103027 0.287839 0.308445
661 0.297631 0.00915082 0.288481 0.306782
662 0.300364 0.015264 0.2851 0.315628
663 0.30191 0.0160876 0.285823 0.317998
664 0.29622 0.0116964 0.284524 0.307916
665 0.303517 0.0187943 0.284723 0.322311
666 0.301295 0.0137745 0.28752 0.315069
667 0.305739 0.0239689 0.28177 0.329708
668 0.30149 0.020677 0.280813 0.322167
669 0.339251 0.165081 0.17417 0.504333
670 0.303097 0.019875 0.283222 0.322972
671 0.312015 0.0293632 0.282652 0.341378
672 0.305844 0.0143742 0.29147 0.320219
673 0.292857 0.00599065 0.286866 0.298847
674 0.301385 0.0152939 0.286091 0.316679
675 0.299598 0.0159967 0.283602 0.315595
676 0.296821 0.0101129 0.286708 0.306933
677 0.298757 0.00762929 0.291128 0.306387
678 0.296415 0.0122442 0.284171 0.308659
679 0.307571 0.0282721 0.279299 0.335843
680 0.298502 0.0118603 0.286642 0.310362
681 0.298727 0.00939986 0.289328 0.308127
682 0.302841 0.0175679 0.285273 0.320409
683 0.303037 0.0122322 0.290804 0.315269
684 0.300694 0.0137148 0.28698 0.314409
685 0.297106 0.0111202 0.285986 0.308226
686 0.298217 0.0137061 0.284511 0.311923
687 0.288337 0.0252578 0.26308 0.313595
688 0.29658 0.0424237 0.254157 0.339004
689 0.299418 0.0092389 0.290179 0.308657
690 0.305244 0.0159669 0.289277 0.321211
691 0.309238 0.0190168 0.290221 0.328254
692 0.306205 0.0146278 0.291577 0.320832
693 0.301265 0.0103187 0.290946 0.311584
694 0.302286 0.015876 0.28641 0.318162
695 0.307721 0.0134226 0.294299 0.321144
696 0.304898 0.0126129 0.292285 0.317511
697 0.30149 0.011712 0.289778 0.313202
698 0.310529 0.0145833 0.295945 0.325112
699 0.301175 0.0133814 0.287793 0.314556
700 0.303232 0.0152056 0.288026 0.318437
701 0.320964 0.0168874 0.304076 0.337851
702 0.318306 0.0135603 0.304746 0.331867
703 0.314913 0.0153961 0.299517 0.330309
704 0.31682 0.0111275 0.305692 0.327947
705 0.309388 0.0127232 0.296664 0.322111
706 0.313847 0.0120128 0.301834 0.32586
707 0.320243 0.0187394 0.301504 0.338983
708 0.312195 0.0108243 0.301371 0.32302
709 0.31164 0.0130936 0.298546 0.324733
710 0.314057 0.0124322 0.301625 0.326489
711 0.313817 0.0157863 0.298031 0.329603
712 0.308862 0.0105523 0.29831 0.319414
713 0.308877 0.0121872 0.29669 0.321064
714 0.310709 0.012772 0.297937 0.323481
715 0.308126 0.0106976 0.297429 0.318824
716 0.31721 0.0250586 0.292152 0.342269
717 0.295499 0.00963617 0.285863 0.305135
718 0.292526 0.00789438 0.284632 0.300421
719 0.297496 0.00918761 0.288309 0.306684
720 0.294328 0.01548 0.278848 0.309808
721 0.297121 0.0137611 0.28336 0.310882
722 0.29583 0.00984026 0.285989 0.30567
723 0.299028 0.0204643 0.278563 0.319492
724 0.292436 0.00993193 0.282504 0.302368
725 0.292647 0.0128916 0.279755 0.305538
726 0.293022 0.00803832 0.284984 0.30106
727 0.307166 0.0448956 0.26227 0.352061
728 0.295785 0.0152929 0.280492 0.311078
729 0.295214 0.0120602 0.283154 0.307274
730 0.289554 0.009061 0.280493 0.298615
731 0.2961 0.0130453 0.283055 0.309145
732 0.293863 0.0100116 0.283851 0.303874
733 0.295454 0.0243708 0.271083 0.319825
734 0.290049 0.00840589 0.281643 0.298455
735 0.29571 0.0153998 0.28031 0.311109
736 0.296806 0.0116999 0.285106 0.308505
737 0.298007 0.013048 0.284959 0.311055
738 0.309298 0.0706579 0.23864 0.379956
739 0.298232 0.0242308 0.274001 0.322463
740 0.304913 0.0155454 0.289368 0.320459
741 0.294328 0.0121801 0.282148 0.306508
742 0.295214 0.0136369 0.281577 0.308851
743 0.291055 0.0122066 0.278848 0.303262
744 0.294689 0.0112903 0.283398 0.305979
745 0.294553 0.0101206 0.284433 0.304674
746 0.294734 0.0129913 0.281742 0.307725
747 0.297091 0.0133651 0.283726 0.310456
748 0.330513 0.115263 0.215251 0.445776
749 0.296896 0.0142693 0.282626 0.311165
750 0.301025 0.0196948 0.28133 0.320719
751 0.294959 0.01571 0.279249 0.310669
752 0.292091 0.00921505 0.282876 0.301306
753 0.291746 0.009145 0.282601 0.300891
754 0.297331 0.0138723 0.283459 0.311203
755 0.294403 0.00969072 0.284713 0.304094
756 0.293202 0.00720531 0.285997 0.300407
757 0.303397 0.0145837 0.288813 0.317981
758 0.295169 0.0152597 0.279909 0.310429
759 0.298367 0.0171087 0.281258 0.315476
760 0.298487 0.014882 0.283605 0.313369
761 0.298803 0.0198135 0.278989 0.318616
762 0.295484 0.0105328 0.284951 0.306017
763 0.300754 0.0169724 0.283782 0.317727
764 0.297196 0.0111095 0.286086 0.308305
765 0.310544 0.0529581 0.257586 0.363502
766 0.297511 0.0185827 0.278929 0.316094
767 0.297196 0.0120153 0.285181 0.309211
768 0.303112 0.0161371 0.286975 0.319249
769 0.298082 0.0166142 0.281468 0.314696
770 0.296761 0.0124205 0.28434 0.309181
771 0.305469 0.0330102 0.272459 0.338479
772 0.295064 0.0109346 0.284129 0.305998
773 0.301835 0.0236187 0.278217 0.325454
774 0.295274 0.00932691 0.285947 0.304601
775 0.299718 0.0166114 0.283107 0.31633
776 0.2967 0.0140131 0.282687 0.310714
777 0.297857 0.0128771 0.28498 0.310734
778 0.302061 0.0186312 0.283429 0.320692
779 0.298863 0.0139532 0.284909 0.312816
780 0.296055 0.0169696 0.279085 0.313024
781 0.303442 0.0269802 0.276462 0.330422
782 0.298863 0.0205429 0.27832 0.319405
783 0.296445 0.0120238 0.284421 0.308469
784 0.297917 0.0127426 0.285174 0.310659
785 0.304178 0.0127965 0.291381 0.316974
786 0.308712 0.0182484 0.290464 0.32696
787 0.29134 0.00911692 0.282223 0.300457
788 0.291566 0.00833348 0.283232 0.299899
789 0.305379 0.0124533 0.292926 0.317832
790 0.304553 0.0109651 0.293588 0.315518
791 0.306625 0.0125774 0.294048 0.319202
792 0.302346 0.00968136 0.292665 0.312027
793 0.305454 0.0138503 0.291604 0.319304
794 0.30658 0.018245 0.288335 0.324825
795 0.30616 0.0134941 0.292665 0.319654
796 0.306039 0.0136891 0.29235 0.319729
797 0.295935 0.0201971 0.275738 0.316132
798 0.288773 0.0112351 0.277538 0.300008
799 0.289944 0.0114691 0.278475 0.301413
