# ../output/graphs/perf_parallel51BIPED_thread3
# step - mean (0.0590567) - standard deviation (0.0124252) r=20 - ylow - yhigh
0 0.0720093 0.031424 0.0405853 0.103433
1 0.0630457 0.00414842 0.0588972 0.0671941
2 0.0618145 0.00400216 0.0578123 0.0658166
3 0.0629255 0.00879158 0.054134 0.0717171
4 0.0608235 0.00219945 0.0586241 0.063023
5 0.0639315 0.00951442 0.0544171 0.0734459
6 0.0618595 0.00400298 0.0578565 0.0658625
7 0.0588416 0.0035524 0.0552892 0.062394
8 0.0594572 0.00478016 0.054677 0.0642374
9 0.0585563 0.00339605 0.0551603 0.0619524
10 0.060298 0.00389404 0.056404 0.0641921
11 0.0616343 0.0103003 0.051334 0.0719346
12 0.0584813 0.00451421 0.0539671 0.0629955
13 0.0589017 0.00467456 0.0542271 0.0635762
14 0.0584212 0.00356886 0.0548524 0.0619901
15 0.0583762 0.00267139 0.0557048 0.0610476
16 0.0575203 0.00153552 0.0559848 0.0590559
17 0.0595623 0.00487105 0.0546913 0.0644334
18 0.0635411 0.0120207 0.0515204 0.0755619
19 0.0597875 0.00938945 0.0503981 0.069177
20 0.0606133 0.00751399 0.0530993 0.0681273
21 0.0584663 0.0043909 0.0540754 0.0628572
22 0.0599677 0.00707886 0.0528888 0.0670466
23 0.0593221 0.00934978 0.0499723 0.0686719
24 0.0567546 0.00257094 0.0541837 0.0593255
25 0.0611388 0.0203605 0.0407784 0.0814993
26 0.0572951 0.00310273 0.0541924 0.0603979
27 0.0565895 0.00273654 0.0538529 0.059326
28 0.0562892 0.00257527 0.0537139 0.0588644
29 0.0599527 0.00860907 0.0513436 0.0685618
30 0.0564093 0.00273951 0.0536698 0.0591488
31 0.0559739 0.00225996 0.0537139 0.0582338
32 0.0617844 0.0144641 0.0473203 0.0762486
33 0.0578507 0.00279006 0.0550606 0.0606407
34 0.0604181 0.00221197 0.0582062 0.0626301
35 0.0621598 0.00345919 0.0587006 0.065619
36 0.0631207 0.00523537 0.0578854 0.0683561
37 0.0603581 0.000684764 0.0596733 0.0610428
38 0.0642768 0.0116686 0.0526082 0.0759455
39 0.0648024 0.00883309 0.0559693 0.0736354
40 0.0619346 0.00577373 0.0561609 0.0677083
41 0.0617995 0.00717659 0.0546229 0.0689761
42 0.0615442 0.00219329 0.0593509 0.0637375
43 0.0628505 0.00404789 0.0588026 0.0668984
44 0.0625802 0.00431247 0.0582677 0.0668927
45 0.0618595 0.0045955 0.057264 0.066455
46 0.0603881 0.00229461 0.0580935 0.0626827
47 0.0616944 0.00701641 0.054678 0.0687108
48 0.0628955 0.00779912 0.0550964 0.0706946
49 0.0612289 0.00359457 0.0576343 0.0648235
50 0.0614992 0.00261717 0.058882 0.0641163
51 0.0621148 0.00427031 0.0578445 0.0663851
52 0.061349 0.00305366 0.0582954 0.0644027
53 0.0655981 0.0111121 0.054486 0.0767102
54 0.060268 0.00152853 0.0587395 0.0617965
55 0.0639766 0.00984814 0.0541284 0.0738247
56 0.0619496 0.00390964 0.05804 0.0658593
57 0.0611388 0.00284942 0.0582894 0.0639883
58 0.0605983 0.00222417 0.0583741 0.0628225
59 0.0690214 0.0135551 0.0554663 0.0825765
60 0.0647873 0.00868602 0.0561013 0.0734734
61 0.0625202 0.00607935 0.0564408 0.0685995
62 0.0616043 0.00408798 0.0575163 0.0656923
63 0.0617544 0.00461046 0.057144 0.0663649
64 0.0619046 0.00286028 0.0590443 0.0647648
65 0.0609737 0.00429683 0.0566768 0.0652705
66 0.0629105 0.00803659 0.0548739 0.0709471
67 0.0604482 0.00223932 0.0582088 0.0626875
68 0.0632409 0.00908363 0.0541572 0.0723245
69 0.0629706 0.00551347 0.0574571 0.0684841
70 0.0632859 0.00800982 0.0552761 0.0712957
71 0.0606434 0.0019472 0.0586962 0.0625905
72 0.0621748 0.00492371 0.0572511 0.0670985
73 0.0604632 0.00209402 0.0583692 0.0625572
74 0.0618745 0.00305274 0.0588218 0.0649273
75 0.0609286 0.00232777 0.0586009 0.0632564
76 0.0600728 0.000373555 0.0596992 0.0604464
77 0.0616193 0.00370781 0.0579115 0.0653271
78 0.0659735 0.0116928 0.0542807 0.0776663
79 0.0614992 0.00202244 0.0594767 0.0635216
80 0.063361 0.00464235 0.0587186 0.0680033
81 0.0630607 0.00519248 0.0578682 0.0682532
82 0.0615292 0.00280397 0.0587252 0.0643332
83 0.0607485 0.00239121 0.0583572 0.0631397
84 0.0631808 0.00563664 0.0575442 0.0688174
85 0.0630607 0.00681596 0.0562447 0.0698766
86 0.0627153 0.00800217 0.0547132 0.0707175
87 0.063376 0.00591765 0.0574583 0.0692936
88 0.0622649 0.00316271 0.0591022 0.0654276
89 0.0615442 0.00295212 0.0585921 0.0644963
90 0.0656131 0.0115623 0.0540508 0.0771754
91 0.0654029 0.0125122 0.0528907 0.0779151
92 0.0615742 0.00424723 0.057327 0.0658215
93 0.0606133 0.00294111 0.0576722 0.0635544
94 0.0622499 0.00498887 0.057261 0.0672388
95 0.0596974 0.000498877 0.0591986 0.0601963
96 0.0670695 0.0144798 0.0525897 0.0815493
97 0.0661537 0.0112226 0.0549311 0.0773762
98 0.061334 0.0054101 0.0559239 0.0667441
99 0.0627153 0.00946519 0.0532502 0.0721805
100 0.062355 0.00841896 0.053936 0.070774
101 0.0596374 0.00347532 0.0561621 0.0631127
102 0.0603731 0.00785787 0.0525152 0.068231
103 0.0586314 0.00211245 0.056519 0.0607439
104 0.0609436 0.00384027 0.0571034 0.0647839
105 0.0615893 0.0046848 0.0569045 0.0662741
106 0.0610037 0.00341759 0.0575861 0.0644213
107 0.0621898 0.00569038 0.0564995 0.0678802
108 0.0611238 0.00513615 0.0559877 0.06626
109 0.0595173 0.00218737 0.0573299 0.0617046
110 0.0590218 0.00153552 0.0574863 0.0605573
111 0.0596824 0.00420284 0.0554796 0.0638853
112 0.0640967 0.00430417 0.0597925 0.0684008
113 0.0641267 0.00656286 0.0575638 0.0706896
114 0.0610487 0.00333591 0.0577128 0.0643847
115 0.0616793 0.00715192 0.0545274 0.0688313
116 0.0599227 0.00172627 0.0581964 0.0616489
117 0.0615142 0.00270972 0.0588045 0.0642239
118 0.0622949 0.00377633 0.0585186 0.0660713
119 0.0630457 0.0052516 0.0577941 0.0682973
120 0.0613941 0.00362527 0.0577688 0.0650193
121 0.0622349 0.00668497 0.0555499 0.0689199
122 0.0614541 0.00427242 0.0571817 0.0657266
123 0.060253 0.00243822 0.0578148 0.0626912
124 0.0598326 0.000483037 0.0593495 0.0603156
125 0.0619796 0.00727071 0.0547089 0.0692504
126 0.0680455 0.0209883 0.0470571 0.0890338
127 0.062325 0.00454368 0.0577813 0.0668686
128 0.06237 0.00243049 0.0599395 0.0648005
129 0.0630757 0.00825793 0.0548178 0.0713336
130 0.0620697 0.00470611 0.0573636 0.0667758
131 0.0611238 0.00371009 0.0574137 0.0648339
132 0.0619196 0.00564799 0.0562716 0.0675676
133 0.0601329 0.00236424 0.0577686 0.0624971
134 0.0622649 0.00710504 0.0551599 0.0693699
135 0.0726099 0.0528122 0.0197976 0.125422
136 0.0607785 0.00266125 0.0581172 0.0634397
137 0.06234 0.00526354 0.0570764 0.0676035
138 0.0617094 0.00428425 0.0574251 0.0659936
139 0.0616793 0.00507781 0.0566015 0.0667572
140 0.0597875 0.00245962 0.0573279 0.0622471
141 0.0591569 0.00175868 0.0573982 0.0609156
142 0.0606283 0.00426674 0.0563616 0.0648951
143 0.0604331 0.00250138 0.0579318 0.0629345
144 0.0599527 0.00254675 0.0574059 0.0624994
145 0.064412 0.0103212 0.0540908 0.0747331
146 0.0642468 0.0112772 0.0529696 0.075524
147 0.0605082 0.00301263 0.0574956 0.0635209
148 0.0605082 0.0042462 0.056262 0.0647544
149 0.0607485 0.00318802 0.0575604 0.0639365
150 0.0610037 0.00511486 0.0558888 0.0661186
151 0.0631808 0.00825407 0.0549267 0.0714349
152 0.0614541 0.00298221 0.0584719 0.0644363
153 0.0619646 0.00591674 0.0560479 0.0678814
154 0.0635562 0.00818488 0.0553713 0.071741
155 0.0625202 0.00929859 0.0532216 0.0718187
156 0.0601479 0.00252153 0.0576263 0.0626694
157 0.0610638 0.0044765 0.0565873 0.0655403
158 0.0613941 0.00518507 0.056209 0.0665791
159 0.0624151 0.0112222 0.0511928 0.0736373
160 0.063346 0.00600764 0.0573383 0.0693536
161 0.0650576 0.0147145 0.050343 0.0797721
162 0.0608235 0.00239192 0.0584316 0.0632154
163 0.0631207 0.00752738 0.0555934 0.0706481
164 0.0627003 0.00834382 0.0543565 0.0710441
165 0.0616793 0.00550963 0.0561697 0.067189
166 0.0596674 0.000935727 0.0587317 0.0606031
167 0.0599377 0.00200183 0.0579358 0.0619395
168 0.0620097 0.0076756 0.0543341 0.0696853
169 0.0622199 0.00361795 0.0586019 0.0658378
170 0.0616043 0.00429558 0.0573087 0.0658999
171 0.063391 0.00985382 0.0535372 0.0732448
172 0.0607485 0.00234745 0.058401 0.0630959
173 0.0607034 0.00493998 0.0557634 0.0656434
174 0.0635562 0.00993692 0.0536192 0.0734931
175 0.066484 0.0241706 0.0423133 0.0906546
176 0.0627454 0.00948384 0.0532615 0.0722292
177 0.0607034 0.00240095 0.0583025 0.0631044
178 0.061319 0.0020709 0.0592481 0.0633899
179 0.0615442 0.00378706 0.0577572 0.0653313
180 0.0616793 0.00383077 0.0578486 0.0655101
181 0.0610187 0.00316032 0.0578584 0.064179
182 0.0624451 0.00782163 0.0546235 0.0702667
183 0.062355 0.00742344 0.0549316 0.0697784
184 0.0597425 0.000611551 0.0591309 0.060354
185 0.0610487 0.00461713 0.0564316 0.0656659
186 0.0622199 0.0056296 0.0565903 0.0678495
187 0.0626253 0.00810807 0.0545172 0.0707333
188 0.0607785 0.00425352 0.056525 0.065032
189 0.0630757 0.0101489 0.0529268 0.0732246
190 0.0612139 0.00386927 0.0573446 0.0650832
191 0.063436 0.00827669 0.0551593 0.0717127
192 0.0612589 0.00326474 0.0579942 0.0645237
193 0.0618745 0.00514579 0.0567287 0.0670203
194 0.0624901 0.00805586 0.0544343 0.070546
195 0.0614541 0.00279168 0.0586625 0.0642458
196 0.063346 0.00380725 0.0595387 0.0671532
197 0.0630907 0.00470975 0.058381 0.0678005
198 0.0612289 0.00359583 0.0576331 0.0648247
199 0.0589167 0.0071659 0.0517508 0.0660826
200 0.0602079 0.0067197 0.0534882 0.0669276
201 0.0589767 0.00525669 0.0537201 0.0642334
202 0.0572351 0.00220748 0.0550276 0.0594426
203 0.058226 0.00289728 0.0553287 0.0611233
204 0.0587365 0.00336458 0.0553719 0.0621011
205 0.0580459 0.00278816 0.0552577 0.060834
206 0.0574603 0.00262864 0.0548316 0.0600889
207 0.057145 0.00276706 0.0543779 0.059912
208 0.0565294 0.000412556 0.0561168 0.0569419
209 0.0586014 0.00575762 0.0528438 0.064359
210 0.0580909 0.00469976 0.0533911 0.0627907
211 0.0577305 0.00261936 0.0551112 0.0603499
212 0.0591419 0.00740288 0.051739 0.0665448
213 0.0612439 0.00795197 0.053292 0.0691959
214 0.0594272 0.00741106 0.0520161 0.0668382
215 0.0599076 0.00487681 0.0550308 0.0647844
216 0.0573402 0.00404385 0.0532963 0.061384
217 0.0593671 0.00485605 0.0545111 0.0642232
218 0.0568147 0.0022038 0.0546109 0.0590185
219 0.0568747 0.00336993 0.0535048 0.0602447
220 0.067565 0.0370704 0.0304946 0.104635
221 0.0614541 0.00990921 0.0515449 0.0713633
222 0.0580308 0.00724554 0.0507853 0.0652764
223 0.0574303 0.00524335 0.0521869 0.0626736
224 0.0597875 0.0124469 0.0473406 0.0722345
225 0.0586765 0.00729548 0.051381 0.0659719
226 0.0566045 0.00307631 0.0535282 0.0596808
227 0.0587065 0.00967168 0.0490348 0.0683782
228 0.0560339 0.00272652 0.0533074 0.0587604
229 0.0589017 0.00989737 0.0490043 0.068799
230 0.0586915 0.00485176 0.0538397 0.0635432
231 0.0600278 0.004555 0.0554728 0.0645828
232 0.0653879 0.0234464 0.0419415 0.0888343
233 0.0617094 0.00828901 0.0534204 0.0699984
234 0.0599977 0.00720668 0.052791 0.0672044
235 0.0599827 0.00552473 0.054458 0.0655074
236 0.0590668 0.00313813 0.0559287 0.062205
237 0.0614541 0.00982146 0.0516327 0.0712756
238 0.0614691 0.00931094 0.0521582 0.0707801
239 0.0635111 0.0209546 0.0425565 0.0844657
240 0.059217 0.00283706 0.0563799 0.062054
241 0.0658534 0.0243832 0.0414701 0.0902366
242 0.0600278 0.00752276 0.052505 0.0675505
243 0.0590068 0.00496022 0.0540466 0.063967
244 0.0574753 0.000744086 0.0567312 0.0582194
245 0.0606283 0.00771684 0.0529115 0.0683452
246 0.0620998 0.0156717 0.0464281 0.0777714
247 0.0591119 0.00257492 0.056537 0.0616868
248 0.0596974 0.00323505 0.0564624 0.0629325
249 0.0599076 0.0045783 0.0553293 0.0644859
250 0.115266 0.230469 -0.115204 0.345735
251 0.058226 0.0026924 0.0555336 0.0609184
252 0.0578957 0.00208176 0.0558139 0.0599775
253 0.0597425 0.00612801 0.0536145 0.0658705
254 0.0629406 0.0112748 0.0516658 0.0742154
255 0.0579858 0.00239649 0.0555893 0.0603823
256 0.0702676 0.0187184 0.0515492 0.088986
257 0.0630907 0.0117941 0.0512966 0.0748848
258 0.060283 0.00749152 0.0527915 0.0677745
259 0.0577606 0.00119466 0.0565659 0.0589552
260 0.0583912 0.00270339 0.0556878 0.0610946
261 0.0586765 0.00325284 0.0554236 0.0619293
262 0.0607635 0.0108509 0.0499126 0.0716144
263 0.0585113 0.00310516 0.0554061 0.0616165
264 0.0594272 0.00273065 0.0566965 0.0621578
265 0.0590818 0.00258122 0.0565006 0.0616631
266 0.0589617 0.00310806 0.0558537 0.0620698
267 0.0704478 0.0471055 0.0233423 0.117553
268 0.0594872 0.00456093 0.0549263 0.0640482
269 0.0600278 0.00397801 0.0560498 0.0640058
270 0.0598176 0.00400703 0.0558105 0.0638246
271 0.0577155 0.000516636 0.0571989 0.0582322
272 0.0680455 0.0406254 0.0274201 0.108671
273 0.060313 0.00382356 0.0564895 0.0641366
274 0.0605533 0.00795186 0.0526014 0.0685051
275 0.0614541 0.00911033 0.0523438 0.0705645
276 0.0590969 0.00259468 0.0565022 0.0616915
277 0.0588716 0.0026833 0.0561883 0.061555
278 0.0569648 0.00342922 0.0535356 0.060394
279 0.0577756 0.00498371 0.0527919 0.0627593
280 0.0585263 0.00863867 0.0498876 0.067165
281 0.0575804 0.00767171 0.0499087 0.0652521
282 0.0569648 0.00330468 0.0536601 0.0602695
283 0.0589017 0.00481051 0.0540912 0.0637122
284 0.0575354 0.00429676 0.0532386 0.0618321
285 0.0576705 0.00489247 0.052778 0.062563
286 0.0607334 0.0106807 0.0500527 0.0714141
287 0.0572951 0.00463808 0.0526571 0.0619332
288 0.0561991 0.00201948 0.0541796 0.0582186
289 0.0557336 0.00234802 0.0533856 0.0580816
290 0.0604632 0.00890815 0.051555 0.0693713
291 0.0567997 0.00454844 0.0522512 0.0613481
292 0.0577756 0.00468143 0.0530942 0.062457
293 0.0614992 0.0100108 0.0514884 0.0715099
294 0.0564243 0.0029267 0.0534976 0.059351
295 0.0559438 0.00719322 0.0487506 0.0631371
296 0.0605082 0.0125582 0.04795 0.0730664
297 0.058151 0.00756005 0.0505909 0.065711
298 0.0599827 0.00908436 0.0508984 0.0690671
299 0.0572801 0.00241518 0.0548649 0.0596953
300 0.058151 0.00301529 0.0551357 0.0611662
301 0.0585263 0.00467998 0.0538463 0.0632063
302 0.0583161 0.00364155 0.0546746 0.0619577
303 0.0580609 0.00283495 0.0552259 0.0608958
304 0.0575804 0.00294662 0.0546338 0.060527
305 0.0595323 0.00655489 0.0529774 0.0660872
306 0.0569348 0.00187386 0.0550609 0.0588086
307 0.0570549 0.00400298 0.0530519 0.0610579
308 0.0628204 0.00463613 0.0581843 0.0674566
309 0.0619947 0.0076497 0.054345 0.0696443
310 0.0608986 0.00423035 0.0566683 0.0651289
311 0.0614691 0.00933754 0.0521316 0.0708067
312 0.0596374 0.00361895 0.0560184 0.0632563
313 0.0584362 0.00240681 0.0560294 0.060843
314 0.0588116 0.00301379 0.0557978 0.0618254
315 0.0575203 0.000596623 0.0569237 0.058117
316 0.0591719 0.00450681 0.0546651 0.0636787
317 0.0598926 0.00493011 0.0549625 0.0648227
318 0.0601479 0.00463954 0.0555083 0.0647874
319 0.0590969 0.00340878 0.0556881 0.0625056
320 0.0647273 0.0211096 0.0436177 0.0858369
321 0.0559739 0.00139691 0.0545769 0.0573708
322 0.0593071 0.00894765 0.0503594 0.0682547
323 0.0552982 0.00213453 0.0531637 0.0574327
324 0.0590218 0.015283 0.0437387 0.0743048
325 0.056124 0.00278136 0.0533426 0.0589054
326 0.0570999 0.00438697 0.052713 0.0614869
327 0.0584963 0.00582483 0.0526715 0.0643211
328 0.0553433 0.00139594 0.0539473 0.0567392
329 0.0553282 0.00155129 0.0537769 0.0568795
330 0.0593521 0.00713101 0.0522211 0.0664831
331 0.0548328 0.000572915 0.0542598 0.0554057
332 0.0548478 0.000438 0.0544098 0.0552858
333 0.0553132 0.00201798 0.0532952 0.0573312
334 0.0560189 0.00319137 0.0528275 0.0592103
335 0.0557937 0.00211613 0.0536776 0.0579098
336 0.0587365 0.00873959 0.0499969 0.0674761
337 0.0567846 0.00442852 0.0523561 0.0612132
338 0.0553733 0.00240681 0.0529665 0.0577801
339 0.0558988 0.00439928 0.0514995 0.0602981
340 0.0549979 0.00209186 0.0529061 0.0570898
341 0.0549228 0.00224696 0.0526759 0.0571698
342 0.0562441 0.00715425 0.0490899 0.0633984
343 0.056109 0.00521957 0.0508894 0.0613286
344 0.0573252 0.00558077 0.0517444 0.0629059
345 0.0559588 0.00381056 0.0521483 0.0597694
346 0.0569798 0.00734627 0.0496336 0.0643261
347 0.0562291 0.00303407 0.053195 0.0592632
348 0.056109 0.00529333 0.0508157 0.0614023
349 0.0549829 0.0022085 0.0527744 0.0571914
350 0.055103 0.00231339 0.0527896 0.0574164
351 0.0557787 0.00284225 0.0529364 0.0586209
352 0.0574453 0.0073292 0.0501161 0.0647745
353 0.0564093 0.00276735 0.0536419 0.0591766
354 0.0574453 0.00694382 0.0505015 0.0643891
355 0.0570099 0.00607169 0.0509382 0.0630815
356 0.0575203 0.00416144 0.0533589 0.0616818
357 0.0555835 0.0023946 0.0531889 0.0579781
358 0.0569198 0.00407052 0.0528492 0.0609903
359 0.0559288 0.00427094 0.0516579 0.0601998
360 0.0557186 0.00247164 0.053247 0.0581903
361 0.0578356 0.0057874 0.0520482 0.0636231
362 0.0564393 0.00512736 0.0513119 0.0615667
363 0.0692767 0.0394816 0.0297951 0.108758
364 0.056154 0.00182164 0.0543324 0.0579757
365 0.0566045 0.00247898 0.0541255 0.0590834
366 0.0570099 0.00367811 0.0533317 0.060688
367 0.0556285 0.00270739 0.0529211 0.0583359
368 0.0565894 0.00362153 0.0529679 0.060211
369 0.0563342 0.00316289 0.0531713 0.0594971
370 0.0548027 0.000479523 0.0543232 0.0552823
371 0.0555234 0.00157158 0.0539518 0.057095
372 0.0744116 0.0564258 0.0179858 0.130837
373 0.0561991 0.00212819 0.0540709 0.0583273
374 0.0572951 0.00350529 0.0537898 0.0608004
375 0.059247 0.0154063 0.0438407 0.0746534
376 0.056169 0.0028857 0.0532833 0.0590547
377 0.0558087 0.00221945 0.0535893 0.0580281
378 0.0563192 0.00330928 0.0530099 0.0596285
379 0.0559588 0.00222756 0.0537313 0.0581864
380 0.0564994 0.00268633 0.053813 0.0591857
381 0.0590668 0.00988908 0.0491777 0.0689559
382 0.0565444 0.00382571 0.0527187 0.0603701
383 0.0567396 0.00333642 0.0534032 0.060076
384 0.0606884 0.0122195 0.0484688 0.0729079
385 0.0567096 0.00260971 0.0540999 0.0593193
386 0.0567696 0.00303645 0.0537332 0.0598061
387 0.0549979 0.00074937 0.0542485 0.0557473
388 0.0560039 0.00304538 0.0529585 0.0590493
389 0.0580609 0.0055576 0.0525033 0.0636185
390 0.0586164 0.00587339 0.052743 0.0644898
391 0.0567396 0.00367836 0.0530612 0.060418
392 0.0575053 0.00461362 0.0528917 0.0621189
393 0.0575504 0.00694199 0.0506084 0.0644924
394 0.0556886 0.00435106 0.0513375 0.0600396
395 0.0541421 0.000343696 0.0537984 0.0544858
396 0.0583912 0.00298705 0.0554041 0.0613782
397 0.0629556 0.0179304 0.0450252 0.0808859
398 0.0578356 0.00276592 0.0550697 0.0606016
399 0.0608385 0.00892035 0.0519182 0.0697589
400 0.0596824 0.00544168 0.0542408 0.0651241
401 0.0588116 0.00477004 0.0540416 0.0635816
402 0.0575203 0.00294141 0.0545789 0.0604618
403 0.0573252 0.00283753 0.0544876 0.0601627
404 0.0590818 0.00727845 0.0518034 0.0663603
405 0.058211 0.0046591 0.0535519 0.0628701
406 0.0573101 0.00196747 0.0553427 0.0592776
407 0.0595323 0.00919829 0.050334 0.0687306
408 0.0587665 0.0073599 0.0514066 0.0661264
409 0.0573402 0.00359027 0.0537499 0.0609304
410 0.0554183 0.00339403 0.0520243 0.0588124
411 0.0537217 0.00037865 0.053343 0.0541003
412 0.0539319 0.00143512 0.0524968 0.055367
413 0.0584963 0.00878908 0.0497072 0.0672854
414 0.0570249 0.00475548 0.0522694 0.0617803
415 0.0546376 0.00119164 0.0534459 0.0558292
416 0.0598476 0.0168778 0.0429698 0.0767253
417 0.0546826 0.00342501 0.0512576 0.0581076
418 0.0537517 0.00322723 0.0505245 0.056979
419 0.0538268 0.004292 0.0495348 0.0581188
420 0.0537367 0.00456842 0.0491683 0.0583051
421 0.0554784 0.00575574 0.0497226 0.0612341
422 0.055118 0.00421847 0.0508996 0.0593365
423 0.0536766 0.00205621 0.0516204 0.0557329
424 0.0546376 0.00338072 0.0512569 0.0580183
425 0.0534815 0.0026056 0.0508759 0.0560871
426 0.0572201 0.0102114 0.0470087 0.0674314
427 0.0575954 0.00451992 0.0530755 0.0621153
428 0.0562291 0.00333155 0.0528976 0.0595607
429 0.0580759 0.00752845 0.0505474 0.0656043
430 0.0563492 0.00259932 0.0537499 0.0589485
431 0.0566946 0.00267847 0.0540161 0.059373
432 0.0559889 0.00188842 0.0541005 0.0578773
433 0.0584362 0.00526012 0.0531761 0.0636963
434 0.0593972 0.00884329 0.0505539 0.0682404
435 0.0558838 0.00227091 0.0536129 0.0581547
436 0.0559138 0.00286237 0.0530514 0.0587762
437 0.0558688 0.00325848 0.0526103 0.0591272
438 0.0545925 0.000966538 0.053626 0.0555591
439 0.0554333 0.00227587 0.0531575 0.0577092
440 0.0570549 0.00343696 0.0536179 0.0604919
441 0.0573402 0.00361156 0.0537286 0.0609517
442 0.0586614 0.00996863 0.0486928 0.0686301
443 0.060238 0.0130684 0.0471696 0.0733064
444 0.0559438 0.00247278 0.053471 0.0584166
445 0.0585714 0.00758696 0.0509844 0.0661583
446 0.0556285 0.00197798 0.0536505 0.0576065
447 0.0572351 0.00703048 0.0502046 0.0642656
448 0.0759581 0.0486781 0.02728 0.124636
449 0.059247 0.00382099 0.055426 0.063068
450 0.0599977 0.00370416 0.0562936 0.0637019
451 0.0606283 0.00933551 0.0512928 0.0699638
452 0.0606734 0.00754704 0.0531263 0.0682204
453 0.0579708 0.00109708 0.0568737 0.0590679
454 0.0606133 0.00586623 0.0547471 0.0664796
455 0.0598326 0.00541093 0.0544216 0.0652435
456 0.0695469 0.0444769 0.02507 0.114024
457 0.0624 0.00880087 0.0535992 0.0712009
458 0.0627003 0.0241229 0.0385775 0.0868232
459 0.0569498 0.00340967 0.0535401 0.0603595
460 0.057175 0.00718777 0.0499872 0.0643628
461 0.0583612 0.0112611 0.0471 0.0696223
462 0.0561841 0.0025514 0.0536327 0.0587355
463 0.0568147 0.00367728 0.0531374 0.0604919
464 0.0569798 0.00434214 0.0526377 0.061322
465 0.0565294 0.00254427 0.0539851 0.0590737
466 0.0583161 0.00416049 0.0541556 0.0624766
467 0.0578206 0.00305274 0.0547679 0.0608734
468 0.0567246 0.00278622 0.0539384 0.0595108
469 0.0564994 0.00249127 0.0540081 0.0589906
470 0.0570699 0.00496928 0.0521006 0.0620392
471 0.0572501 0.00345564 0.0537944 0.0607057
472 0.0590368 0.0061228 0.052914 0.0651596
473 0.0556736 0.000773791 0.0548998 0.0564474
474 0.0560639 0.00210652 0.0539574 0.0581705
475 0.0577305 0.00474882 0.0529817 0.0624794
476 0.0576855 0.00305484 0.0546307 0.0607403
477 0.0619196 0.021157 0.0407626 0.0830765
478 0.056109 0.00206802 0.054041 0.058177
479 0.056079 0.00223079 0.0538482 0.0583098
480 0.0648474 0.0178856 0.0469618 0.082733
481 0.0587816 0.00724243 0.0515391 0.066024
482 0.0579107 0.00370254 0.0542082 0.0616133
483 0.0583311 0.00355545 0.0547757 0.0618866
484 0.0566045 0.00244233 0.0541621 0.0590468
485 0.0578357 0.00334576 0.0544899 0.0611814
486 0.056169 0.00198844 0.0541806 0.0581575
487 0.0560489 0.00218464 0.0538643 0.0582336
488 0.0563792 0.00243007 0.0539492 0.0588093
489 0.0578357 0.00940456 0.0484311 0.0672402
490 0.0567246 0.00267729 0.0540473 0.0594019
491 0.0576254 0.00709718 0.0505283 0.0647226
492 0.0553282 0.0029174 0.0524108 0.0582456
493 0.05716 0.00257842 0.0545816 0.0597384
494 0.0568897 0.00320828 0.0536815 0.060098
495 0.0586614 0.00590759 0.0527539 0.064569
496 0.0573702 0.002981 0.0543892 0.0603512
497 0.0584963 0.00988977 0.0486065 0.0683861
498 0.0577155 0.00737734 0.0503382 0.0650929
499 0.0579107 0.00254144 0.0553693 0.0604522
500 0.0570699 0.00145097 0.0556189 0.0585209
501 0.0579107 0.00461535 0.0532954 0.0625261
502 0.058241 0.00540059 0.0528404 0.0636416
503 0.0588116 0.00482081 0.0539908 0.0636324
504 0.058166 0.00488383 0.0532821 0.0630498
505 0.0616493 0.00524269 0.0564066 0.066892
506 0.0606434 0.00510445 0.0555389 0.0657478
507 0.0715589 0.0460108 0.0255481 0.11757
508 0.0595023 0.00278521 0.056717 0.0622875
509 0.0584512 0.00234586 0.0561054 0.0607971
510 0.0610037 0.0074477 0.053556 0.0684514
511 0.0585563 0.00415659 0.0543998 0.0627129
512 0.0598776 0.00360272 0.0562749 0.0634803
513 0.0594872 0.00642639 0.0530608 0.0659136
514 0.061289 0.0115905 0.0496985 0.0728795
515 0.058241 0.00264096 0.0556001 0.060882
516 0.0608836 0.0109615 0.0499221 0.0718451
517 0.0583912 0.00722909 0.0511621 0.0656203
518 0.0574603 0.00492719 0.0525331 0.0623875
519 0.0563342 0.00340454 0.0529297 0.0597387
520 0.055073 0.00131031 0.0537627 0.0563833
521 0.0555384 0.00232501 0.0532134 0.0578634
522 0.0554484 0.00242338 0.053025 0.0578717
523 0.0554333 0.00289495 0.0525384 0.0583283
524 0.0562291 0.00355037 0.0526787 0.0597795
525 0.0605533 0.013021 0.0475323 0.0735743
526 0.0555234 0.00213163 0.0533918 0.0576551
527 0.0562741 0.00236524 0.0539089 0.0586394
528 0.056169 0.00371373 0.0524553 0.0598828
529 0.0563042 0.00489066 0.0514135 0.0611948
530 0.0578056 0.00778003 0.0500256 0.0655857
531 0.0556586 0.00287443 0.0527841 0.058533
532 0.0560189 0.00323348 0.0527854 0.0592524
533 0.0593972 0.00857145 0.0508257 0.0679686
534 0.0595023 0.0090288 0.0504735 0.0685311
535 0.0586464 0.00837645 0.05027 0.0670229
536 0.0573852 0.0091934 0.0481918 0.0665786
537 0.0566045 0.00364638 0.0529581 0.0602508
538 0.0566495 0.00486549 0.051784 0.061515
539 0.0567396 0.00477022 0.0519694 0.0615098
540 0.056169 0.00389968 0.0522694 0.0600687
541 0.05719 0.00583247 0.0513576 0.0630225
542 0.0611538 0.0168805 0.0442734 0.0780343
543 0.0570399 0.00721036 0.0498295 0.0642502
544 0.0596824 0.0121985 0.0474839 0.0718809
545 0.0558988 0.00230905 0.0535897 0.0582078
546 0.058226 0.00880717 0.0494189 0.0670332
547 0.0559739 0.00283674 0.0531371 0.0588106
548 0.0552832 0.00248697 0.0527962 0.0577702
549 0.0568447 0.00358603 0.0532587 0.0604307
550 0.055073 0.00201306 0.0530599 0.057086
551 0.0652978 0.0380816 0.0272162 0.103379
552 0.0581209 0.00471317 0.0534078 0.0628341
553 0.0580308 0.00899107 0.0490398 0.0670219
554 0.0593671 0.0116809 0.0476863 0.071048
555 0.0566195 0.00542308 0.0511964 0.0620426
556 0.0566345 0.00471693 0.0519176 0.0613514
557 0.0582561 0.0082358 0.0500202 0.0664919
558 0.0562591 0.00460655 0.0516526 0.0608657
559 0.0581359 0.00969073 0.0484452 0.0678267
560 0.0557937 0.00269358 0.0531001 0.0584873
561 0.0555685 0.00228787 0.0532806 0.0578563
562 0.0590368 0.00621417 0.0528226 0.065251
563 0.0572501 0.00389714 0.0533529 0.0611472
564 0.0617694 0.0127671 0.0490024 0.0745365
565 0.0568897 0.00527644 0.0516133 0.0621662
566 0.056109 0.00258366 0.0535253 0.0586927
567 0.0568447 0.00524699 0.0515977 0.0620917
568 0.0553583 0.0020284 0.0533299 0.0573867
569 0.0558988 0.0028174 0.0530814 0.0587162
570 0.0558237 0.00238517 0.0534385 0.0582089
571 0.0564693 0.00278715 0.0536822 0.0592565
572 0.0585263 0.00559852 0.0529278 0.0641248
573 0.0556435 0.00141837 0.0542252 0.0570619
574 0.0569948 0.00347817 0.0535167 0.060473
575 0.0556586 0.00235545 0.0533031 0.058014
576 0.0576705 0.00403045 0.05364 0.0617009
577 0.0555384 0.0024515 0.0530869 0.0579899
578 0.056079 0.0028359 0.0532431 0.0589149
579 0.057115 0.00327384 0.0538411 0.0603888
580 0.0567096 0.00326512 0.0534445 0.0599747
581 0.0584512 0.00727931 0.0511719 0.0657306
582 0.0570549 0.00309166 0.0539632 0.0601466
583 0.0577606 0.00560204 0.0521585 0.0633626
584 0.0558988 0.00233623 0.0535626 0.058235
585 0.0574603 0.00635966 0.0511006 0.0638199
586 0.0557637 0.00377469 0.051989 0.0595383
587 0.0565444 0.00326625 0.0532782 0.0598107
588 0.0582561 0.00491411 0.0533419 0.0631702
589 0.0601028 0.00904178 0.0510611 0.0691446
590 0.0577606 0.0036879 0.0540727 0.0614485
591 0.0558237 0.00307836 0.0527453 0.0589021
592 0.0562892 0.00384965 0.0524395 0.0601388
593 0.0580308 0.0027797 0.0552511 0.0608105
594 0.0582561 0.00447521 0.0537808 0.0627313
595 0.0597275 0.00647532 0.0532522 0.0662028
596 0.06237 0.0231517 0.0392183 0.0855217
597 0.0593671 0.00512791 0.0542392 0.064495
598 0.0595473 0.00574651 0.0538008 0.0652938
599 0.0569798 0.00192718 0.0550526 0.058907
600 0.0588116 0.00495911 0.0538525 0.0637707
601 0.0567997 0.00145035 0.0553493 0.05825
602 0.0581359 0.0068886 0.0512473 0.0650245
603 0.0632258 0.0182111 0.0450147 0.0814369
604 0.0612589 0.00987353 0.0513854 0.0711325
605 0.0577456 0.00202356 0.055722 0.0597691
606 0.0588416 0.00377753 0.0550641 0.0626191
607 0.0564243 0.00515667 0.0512676 0.061581
608 0.0560339 0.0055577 0.0504762 0.0615916
609 0.0554183 0.00458909 0.0508292 0.0600074
610 0.0581359 0.00991745 0.0482185 0.0680534
611 0.0556586 0.00214507 0.0535135 0.0578036
612 0.056094 0.0046303 0.0514637 0.0607243
613 0.0552382 0.00693367 0.0483045 0.0621718
614 0.0543523 0.0070635 0.0472888 0.0614158
615 0.0525055 0.000773062 0.0517325 0.0532786
616 0.0541871 0.0063385 0.0478486 0.0605256
617 0.0539169 0.0048629 0.049054 0.0587798
618 0.0536466 0.00343076 0.0502159 0.0570774
619 0.0569348 0.00889555 0.0480392 0.0658303
620 0.0570399 0.00730664 0.0497332 0.0643465
621 0.0534064 0.00175938 0.051647 0.0551658
622 0.0554183 0.0109913 0.044427 0.0664097
623 0.0587215 0.0091381 0.0495834 0.0678596
624 0.0565144 0.00331081 0.0532036 0.0598252
625 0.0555234 0.00290195 0.0526215 0.0584254
626 0.0559138 0.00296146 0.0529523 0.0588753
627 0.0565594 0.00533068 0.0512287 0.0618901
628 0.0567546 0.00384558 0.052909 0.0606002
629 0.05719 0.00931548 0.0478745 0.0665055
630 0.0616343 0.0158084 0.0458259 0.0774427
631 0.058196 0.0056368 0.0525592 0.0638328
632 0.0564543 0.00493699 0.0515173 0.0613913
633 0.055118 0.00204434 0.0530737 0.0571624
634 0.057145 0.00450143 0.0526436 0.0616464
635 0.0558838 0.00423599 0.0516478 0.0601198
636 0.0552832 0.00299974 0.0522835 0.0582829
637 0.0563492 0.00510692 0.0512423 0.0614561
638 0.0552381 0.0017752 0.0534629 0.0570134
639 0.0569048 0.00310984 0.0537949 0.0600146
640 0.05713 0.00261247 0.0545175 0.0597424
641 0.0587515 0.00728241 0.0514691 0.0660339
642 0.0567096 0.00337244 0.0533371 0.060082
643 0.058211 0.00314842 0.0550626 0.0613594
644 0.059262 0.00602098 0.053241 0.065283
645 0.0587515 0.00323459 0.0555169 0.0619861
646 0.0604331 0.0059703 0.0544629 0.0664034
647 0.0629706 0.0121374 0.0508332 0.075108
648 0.0628054 0.00946709 0.0533383 0.0722725
649 0.0603431 0.0054818 0.0548613 0.0658249
650 0.0625502 0.00766772 0.0548825 0.0702179
651 0.0590368 0.00299146 0.0560453 0.0620283
652 0.0591569 0.00462094 0.054536 0.0637779
653 0.0588566 0.00296816 0.0558885 0.0618248
654 0.0578807 0.00207585 0.0558048 0.0599565
655 0.0596074 0.00340997 0.0561974 0.0630173
656 0.0591419 0.00309964 0.0560423 0.0622415
657 0.0593071 0.00769203 0.051615 0.0669991
658 0.0591569 0.00920571 0.0499512 0.0683626
659 0.0564393 0.00234817 0.0540911 0.0587875
660 0.0565444 0.00301353 0.0535309 0.0595579
661 0.0559889 0.00188842 0.0541005 0.0578773
662 0.0558087 0.00197433 0.0538344 0.057783
663 0.0568747 0.00519804 0.0516767 0.0620728
664 0.0590518 0.00968788 0.0493639 0.0687397
665 0.0633009 0.0150758 0.0482251 0.0783767
666 0.0565895 0.00243489 0.0541546 0.0590243
667 0.0594122 0.00778106 0.0516311 0.0671932
668 0.0589617 0.00684124 0.0521205 0.065803
669 0.0563192 0.00279684 0.0535223 0.059116
670 0.0556586 0.0020038 0.0536548 0.0576624
671 0.0565895 0.00324461 0.0533448 0.0598341
672 0.057175 0.00410573 0.0530693 0.0612807
673 0.05713 0.00333966 0.0537903 0.0604696
674 0.0599827 0.00791184 0.0520709 0.0678946
675 0.0572951 0.00257199 0.0547231 0.0598671
676 0.0576254 0.00487533 0.0527501 0.0625008
677 0.0575804 0.0057046 0.0518758 0.063285
678 0.0598176 0.0105613 0.0492563 0.0703789
679 0.0564994 0.0023802 0.0541192 0.0588796
680 0.0573852 0.00542261 0.0519626 0.0628078
681 0.0594272 0.0040599 0.0553673 0.0634871
682 0.0635411 0.0314261 0.032115 0.0949673
683 0.0578206 0.00281932 0.0550013 0.06064
684 0.0566345 0.00276755 0.0538669 0.059402
685 0.0568747 0.00314286 0.0537319 0.0600176
686 0.0584963 0.00632363 0.0521727 0.0648199
687 0.0543523 0.00183889 0.0525134 0.0561912
688 0.0557937 0.00721356 0.0485801 0.0630072
689 0.0576555 0.00551911 0.0521364 0.0631746
690 0.0585413 0.0028857 0.0556556 0.061427
691 0.059262 0.00412313 0.0551389 0.0633851
692 0.0591719 0.00606664 0.0531053 0.0652386
693 0.0619947 0.0206562 0.0413385 0.0826508
694 0.0596224 0.00582938 0.053793 0.0654517
695 0.0589467 0.00914236 0.0498044 0.0680891
696 0.0588116 0.004662 0.0541496 0.0634736
697 0.059262 0.00497454 0.0542875 0.0642366
698 0.0583461 0.00369502 0.0546511 0.0620412
699 0.0584512 0.00335367 0.0550976 0.0618049
700 0.0590818 0.00408092 0.0550009 0.0631628
701 0.0617995 0.00724972 0.0545497 0.0690492
702 0.0605683 0.00524527 0.055323 0.0658135
703 0.0580909 0.000975246 0.0571156 0.0590661
704 0.0658383 0.0186498 0.0471885 0.0844882
705 0.0590518 0.00269136 0.0563605 0.0617432
706 0.0602229 0.00331473 0.0569082 0.0635377
707 0.0604331 0.00385011 0.056583 0.0642833
708 0.0637213 0.00925923 0.0544621 0.0729805
709 0.058166 0.00216562 0.0560003 0.0603316
710 0.0608686 0.0086466 0.052222 0.0695152
711 0.0617995 0.0108726 0.0509268 0.0726721
712 0.0631057 0.0110044 0.0521013 0.0741101
713 0.0586164 0.00348206 0.0551343 0.0620985
714 0.0608836 0.00573848 0.0551451 0.0666221
715 0.0599977 0.0061516 0.0538461 0.0661493
716 0.0584062 0.00153559 0.0568706 0.0599418
717 0.0583161 0.00577352 0.0525426 0.0640896
718 0.0580308 0.00710859 0.0509222 0.0651394
719 0.0575804 0.0048419 0.0527385 0.0624223
720 0.0572951 0.00821256 0.0490826 0.0655077
721 0.056079 0.00292666 0.0531523 0.0590056
722 0.0552381 0.00200649 0.0532317 0.0572446
723 0.0578356 0.00698738 0.0508483 0.064823
724 0.0573252 0.00300424 0.0543209 0.0603294
725 0.0555384 0.00278553 0.0527529 0.058324
726 0.0553282 0.00223886 0.0530894 0.0575671
727 0.0550279 0.00216724 0.0528607 0.0571952
728 0.0572801 0.00686597 0.0504141 0.0641461
729 0.0589317 0.00968955 0.0492421 0.0686213
730 0.0576855 0.00922278 0.0484627 0.0669083
731 0.0559138 0.00340878 0.052505 0.0593226
732 0.0575203 0.0077201 0.0498002 0.0652404
733 0.0580008 0.00677834 0.0512225 0.0647791
734 0.0562591 0.00258889 0.0536702 0.058848
735 0.0563792 0.00400171 0.0523775 0.060381
736 0.056124 0.00436288 0.0517611 0.0604869
737 0.0560639 0.00435895 0.051705 0.0604229
738 0.061289 0.0173864 0.0439026 0.0786754
739 0.0550279 0.00231218 0.0527158 0.0573401
740 0.06231 0.0295064 0.0328035 0.0918164
741 0.0661086 0.0376543 0.0284543 0.103763
742 0.0574903 0.00500454 0.0524858 0.0624949
743 0.0557186 0.00233082 0.0533878 0.0580494
744 0.0574603 0.00645046 0.0510098 0.0639108
745 0.0575954 0.00900396 0.0485915 0.0665994
746 0.0544574 0.00129255 0.0531648 0.05575
747 0.0584813 0.00659876 0.0518825 0.06508
748 0.0598025 0.0130269 0.0467757 0.0728294
749 0.0549228 0.00187987 0.053043 0.0568027
750 0.0581059 0.00498832 0.0531176 0.0630942
751 0.0564243 0.00278784 0.0536365 0.0592121
752 0.0583311 0.00730009 0.051031 0.0656312
753 0.0558537 0.0024543 0.0533994 0.058308
754 0.0560189 0.00303496 0.0529839 0.0590539
755 0.0570399 0.00620478 0.0508351 0.0632447
756 0.0556435 0.00282192 0.0528216 0.0584655
757 0.0573852 0.00908785 0.0482974 0.0664731
758 0.0579858 0.00567689 0.0523089 0.0636627
759 0.0591419 0.00858032 0.0505616 0.0677222
760 0.0564843 0.00214848 0.0543359 0.0586328
761 0.0576104 0.00532983 0.0522806 0.0629403
762 0.05719 0.00655323 0.0506368 0.0637433
763 0.0578657 0.00406678 0.0537989 0.0619325
764 0.0568147 0.00339818 0.0534165 0.0602128
765 0.0569348 0.00414942 0.0527854 0.0610842
766 0.0577005 0.00735265 0.0503479 0.0650532
767 0.0575954 0.00938065 0.0482148 0.0669761
768 0.0681506 0.019695 0.0484555 0.0878456
769 0.0567396 0.00166782 0.0550718 0.0584074
770 0.0579858 0.00400399 0.0539818 0.0619898
771 0.0596374 0.00908958 0.0505478 0.068727
772 0.0575504 0.00666768 0.0508827 0.0642181
773 0.0603731 0.010225 0.0501481 0.0705981
774 0.0547877 0.000348581 0.0544391 0.0551363
775 0.0627153 0.0235524 0.039163 0.0862677
776 0.0563342 0.00233454 0.0539997 0.0586687
777 0.0595623 0.00711899 0.0524433 0.0666813
778 0.0574753 0.00869771 0.0487776 0.066173
779 0.0600278 0.0200938 0.039934 0.0801215
780 0.0575203 0.00486846 0.0526519 0.0623888
781 0.0552832 0.0010398 0.0542434 0.056323
782 0.0558087 0.00278845 0.0530203 0.0585971
783 0.0557787 0.0023889 0.0533898 0.0581676
784 0.0596974 0.00972612 0.0499713 0.0694236
785 0.0590969 0.00429801 0.0547988 0.0633949
786 0.0606584 0.0091561 0.0515023 0.0698145
787 0.0555084 0.00224971 0.0532587 0.0577581
788 0.0559138 0.00388361 0.0520302 0.0597974
789 0.0565594 0.000458125 0.0561013 0.0570175
790 0.0578807 0.0042857 0.053595 0.0621664
791 0.0566495 0.000850804 0.0557987 0.0575003
792 0.0626253 0.018039 0.0445863 0.0806642
793 0.0608986 0.00912335 0.0517752 0.0700219
794 0.0595323 0.00732476 0.0522075 0.066857
795 0.0577606 0.00259411 0.0551665 0.0603547
796 0.0582861 0.00656452 0.0517216 0.0648506
797 0.0546976 0.00218876 0.0525089 0.0568864
798 0.0543973 0.0020461 0.0523512 0.0564434
799 0.0546075 0.00259063 0.0520169 0.0571982
