# ../output/graphs/perf_serial19BIPED
# step - mean (0.0633878) - standard deviation (0.0117326) r=20 - ylow - yhigh
0 0.0677752 0.00268267 0.0650925 0.0704579
1 0.0683307 0.00677581 0.0615549 0.0751066
2 0.068586 0.00555932 0.0630267 0.0741453
3 0.0702826 0.0149945 0.0552882 0.0852771
4 0.0662287 0.00227799 0.0639507 0.0685067
5 0.0699073 0.0110487 0.0588586 0.0809559
6 0.0647723 0.00413713 0.0606352 0.0689095
7 0.0608686 0.000760271 0.0601083 0.0616288
8 0.0658233 0.00862911 0.0571942 0.0744524
9 0.063421 0.00872007 0.054701 0.0721411
10 0.0629706 0.00651502 0.0564556 0.0694856
11 0.0630457 0.00627056 0.0567751 0.0693162
12 0.0639315 0.00829086 0.0556407 0.0722224
13 0.0651177 0.00918819 0.0559295 0.0743058
14 0.0625202 0.00440985 0.0581103 0.06693
15 0.0630457 0.0058317 0.057214 0.0688774
16 0.0636012 0.00804169 0.0555595 0.0716429
17 0.0629706 0.00533898 0.0576316 0.0683096
18 0.0659435 0.011982 0.0539614 0.0779255
19 0.0622349 0.00388741 0.0583475 0.0661223
20 0.0626553 0.00434774 0.0583075 0.067003
21 0.0651327 0.00819074 0.0569419 0.0733234
22 0.0630156 0.00504832 0.0579673 0.0680639
23 0.0620247 0.00543305 0.0565916 0.0674577
24 0.0658383 0.0123264 0.0535119 0.0781648
25 0.0699223 0.0234678 0.0464545 0.0933901
26 0.0650726 0.00976013 0.0553125 0.0748327
27 0.0627153 0.00842377 0.0542916 0.0711391
28 0.0635411 0.00950802 0.0540331 0.0730492
29 0.0621898 0.00500583 0.057184 0.0671957
30 0.0625652 0.00561249 0.0569527 0.0681777
31 0.064397 0.00891533 0.0554816 0.0733123
32 0.0611839 0.00386064 0.0573232 0.0650445
33 0.0637363 0.0104684 0.053268 0.0742047
34 0.0650576 0.00570413 0.0593535 0.0707617
35 0.0691415 0.0101304 0.0590111 0.0792719
36 0.0648774 0.000813971 0.0640635 0.0656914
37 0.0672197 0.00594866 0.061271 0.0731683
38 0.0681506 0.0068821 0.0612685 0.0750327
39 0.0692166 0.0101374 0.0590792 0.079354
40 0.0697421 0.0118501 0.057892 0.0815923
41 0.0686611 0.0104797 0.0581813 0.0791408
42 0.0670095 0.0038082 0.0632013 0.0708177
43 0.0685109 0.00971205 0.0587989 0.078223
44 0.0681506 0.0141019 0.0540487 0.0822525
45 0.0657182 0.00437152 0.0613467 0.0700898
46 0.0691265 0.00931796 0.0598085 0.0784445
47 0.0657032 0.00430954 0.0613937 0.0700128
48 0.0678803 0.0075009 0.0603794 0.0753812
49 0.0684058 0.00819277 0.060213 0.0765986
50 0.070628 0.0156334 0.0549946 0.0862613
51 0.0667392 0.00600569 0.0607335 0.0727449
52 0.0668443 0.00455153 0.0622928 0.0713958
53 0.0670845 0.00510438 0.0619802 0.0721889
54 0.065463 0.00405557 0.0614074 0.0695186
55 0.0692016 0.0102109 0.0589907 0.0794125
56 0.0684809 0.00886614 0.0596147 0.077347
57 0.0649825 0.00419266 0.0607899 0.0691752
58 0.0728201 0.0131046 0.0597155 0.0859247
59 0.0645921 0.000838122 0.063754 0.0654303
60 0.0653579 0.00380109 0.0615568 0.069159
61 0.069637 0.0115195 0.0581175 0.0811565
62 0.0659284 0.00454169 0.0613867 0.0704701
63 0.0694418 0.00922766 0.0602142 0.0786695
64 0.0683908 0.00695794 0.0614329 0.0753487
65 0.0674149 0.00615592 0.0612589 0.0735708
66 0.0681506 0.00906031 0.0590903 0.0772109
67 0.0685259 0.0113839 0.057142 0.0799099
68 0.0670245 0.00556516 0.0614593 0.0725896
69 0.0666942 0.00464129 0.0620529 0.0713355
70 0.0656432 0.00407487 0.0615683 0.069718
71 0.0667843 0.00502515 0.0617591 0.0718094
72 0.0689764 0.0106054 0.058371 0.0795818
73 0.0666041 0.00433353 0.0622706 0.0709376
74 0.0670695 0.00570096 0.0613686 0.0727705
75 0.0704328 0.0100704 0.0603623 0.0805032
76 0.0670245 0.0043574 0.0626671 0.0713819
77 0.0690064 0.00688481 0.0621216 0.0758912
78 0.0667392 0.00512596 0.0616133 0.0718652
79 0.0661837 0.00397177 0.0622119 0.0701554
80 0.074787 0.018478 0.0563089 0.093265
81 0.0676101 0.0057631 0.0618469 0.0733732
82 0.0663488 0.00427474 0.0620741 0.0706236
83 0.0666792 0.00553581 0.0611433 0.072215
84 0.0659885 0.00394954 0.062039 0.069938
85 0.067595 0.0055329 0.0620621 0.0731279
86 0.06755 0.00626912 0.0612809 0.0738191
87 0.0676401 0.00708636 0.0605537 0.0747264
88 0.0668143 0.00559175 0.0612225 0.072406
89 0.0680154 0.00740046 0.060615 0.0754159
90 0.0667242 0.00540904 0.0613152 0.0721332
91 0.0661386 0.00439375 0.0617449 0.0705324
92 0.0667542 0.00473572 0.0620185 0.0714899
93 0.0678653 0.00880978 0.0590555 0.0766751
94 0.0682857 0.012519 0.0557667 0.0808047
95 0.0685409 0.00908386 0.0594571 0.0776248
96 0.0697421 0.0100289 0.0597132 0.079771
97 0.0667843 0.00759879 0.0591855 0.0743831
98 0.0641567 0.00401566 0.0601411 0.0681724
99 0.0667242 0.00897437 0.0577498 0.0756986
100 0.0652978 0.00773527 0.0575626 0.0730331
101 0.0655531 0.0054782 0.0600749 0.0710313
102 0.0642468 0.00507699 0.0591698 0.0693238
103 0.0650426 0.00768024 0.0573623 0.0727228
104 0.0674449 0.00814741 0.0592975 0.0755923
105 0.0668443 0.00876638 0.0580779 0.0756107
106 0.0680305 0.00770958 0.0603209 0.07574
107 0.0667392 0.0078913 0.0588479 0.0746305
108 0.0659885 0.00877999 0.0572085 0.0747685
109 0.0655681 0.00936173 0.0562064 0.0749298
110 0.0667843 0.00758335 0.0592009 0.0743676
111 0.065493 0.00578935 0.0597037 0.0712824
112 0.0728651 0.013236 0.0596291 0.0861011
113 0.0682407 0.00835531 0.0598854 0.076596
114 0.0669794 0.00655736 0.0604221 0.0735368
115 0.0650126 0.00391817 0.0610944 0.0689307
116 0.065478 0.00428317 0.0611948 0.0697612
117 0.069652 0.0104281 0.059224 0.0800801
118 0.0660936 0.00403316 0.0620604 0.0701268
119 0.0671896 0.0057196 0.0614701 0.0729092
120 0.0658383 0.00410625 0.0617321 0.0699446
121 0.0654179 0.00399539 0.0614225 0.0694133
122 0.0671296 0.00791162 0.059218 0.0750412
123 0.0689914 0.00691374 0.0620776 0.0759051
124 0.0670545 0.00566274 0.0613918 0.0727173
125 0.0667692 0.00515875 0.0616105 0.071928
126 0.0659434 0.0044219 0.0615215 0.0703654
127 0.0710333 0.0116493 0.059384 0.0826827
128 0.0656281 0.00420563 0.0614225 0.0698338
129 0.0687512 0.00892645 0.0598247 0.0776776
130 0.0671296 0.00618222 0.0609474 0.0733118
131 0.0648624 0.00276037 0.062102 0.0676228
132 0.0648324 0.00396211 0.0608703 0.0687945
133 0.0650726 0.00413604 0.0609366 0.0692086
134 0.0673098 0.00753975 0.05977 0.0748495
135 0.0640366 0.00216307 0.0618735 0.0661997
136 0.0693367 0.0113555 0.0579812 0.0806922
137 0.0677752 0.0107879 0.0569873 0.0785631
138 0.0651927 0.00442139 0.0607713 0.0696141
139 0.0645922 0.00401748 0.0605747 0.0686096
140 0.0664539 0.0127377 0.0537162 0.0791917
141 0.0702376 0.0110472 0.0591904 0.0812847
142 0.0646222 0.00414638 0.0604758 0.0687686
143 0.0658984 0.00603011 0.0598683 0.0719285
144 0.0705679 0.0111484 0.0594195 0.0817163
145 0.0649825 0.00442394 0.0605586 0.0694065
146 0.064442 0.00401467 0.0604273 0.0684567
147 0.0687061 0.0104949 0.0582112 0.079201
148 0.0693968 0.0113543 0.0580425 0.0807511
149 0.0670095 0.00614623 0.0608632 0.0731557
150 0.066529 0.00625039 0.0602786 0.0727794
151 0.0654029 0.00325311 0.0621498 0.068656
152 0.0676851 0.00907469 0.0586104 0.0767598
153 0.0663188 0.0063547 0.0599641 0.0726735
154 0.0677302 0.006888 0.0608422 0.0746182
155 0.0657783 0.00542558 0.0603527 0.0712039
156 0.0657933 0.00470305 0.0610903 0.0704964
157 0.0678353 0.007589 0.0602463 0.0754243
158 0.0659885 0.00531 0.0606785 0.0712985
159 0.0674449 0.00659297 0.0608519 0.0740379
160 0.0658984 0.00747259 0.0584258 0.073371
161 0.066529 0.00745205 0.059077 0.0739811
162 0.0670695 0.00865347 0.0584161 0.075723
163 0.0685409 0.00903759 0.0595034 0.0775785
164 0.0692466 0.0100453 0.0592013 0.0792919
165 0.0663939 0.00519847 0.0611954 0.0715924
166 0.0676251 0.00625769 0.0613674 0.0738828
167 0.0688112 0.01179 0.0570212 0.0806012
168 0.064457 0.00120593 0.0632511 0.065663
169 0.0661386 0.00547883 0.0606598 0.0716175
170 0.0668143 0.00663326 0.060181 0.0734475
171 0.0667843 0.0115833 0.055201 0.0783676
172 0.0651177 0.00256791 0.0625497 0.0676856
173 0.0691716 0.0111659 0.0580057 0.0803374
174 0.0656432 0.0059722 0.059671 0.0716154
175 0.0662738 0.00570715 0.0605666 0.0719809
176 0.0656432 0.00530875 0.0603344 0.0709519
177 0.0665741 0.009457 0.0571171 0.0760311
178 0.0661236 0.00637617 0.0597474 0.0724998
179 0.0653579 0.00418284 0.061175 0.0695407
180 0.0677152 0.0073233 0.0603919 0.0750385
181 0.0663789 0.00684071 0.0595382 0.0732196
182 0.0666491 0.00838418 0.0582649 0.0750333
183 0.0698472 0.0142181 0.0556291 0.0840653
184 0.0652828 0.0044463 0.0608365 0.0697291
185 0.0671596 0.00856654 0.0585931 0.0757262
186 0.0650876 0.0042878 0.0607998 0.0693754
187 0.0648624 0.0039996 0.0608628 0.068862
188 0.0655681 0.00505813 0.06051 0.0706262
189 0.0671296 0.00614197 0.0609876 0.0732716
190 0.0647873 0.00401408 0.0607733 0.0688014
191 0.0681656 0.00934859 0.058817 0.0775142
192 0.0676101 0.00802298 0.0595871 0.075633
193 0.0663639 0.00537341 0.0609904 0.0717373
194 0.0679704 0.00910389 0.0588665 0.0770743
195 0.0649075 0.00234394 0.0625635 0.0672514
196 0.0669794 0.0045615 0.0624179 0.071541
197 0.0670695 0.00462218 0.0624474 0.0716917
198 0.0677152 0.0107004 0.0570148 0.0784155
199 0.0630006 0.00600323 0.0569974 0.0690038
200 0.0645922 0.00860049 0.0559917 0.0731926
201 0.0609587 0.00266395 0.0582947 0.0636226
202 0.0638715 0.00865025 0.0552212 0.0725217
203 0.0639165 0.00693419 0.0569823 0.0708507
204 0.0661987 0.0106573 0.0555414 0.076856
205 0.0614842 0.00267388 0.0588103 0.064158
206 0.0627153 0.00646373 0.0562516 0.0691791
207 0.0632709 0.00664385 0.056627 0.0699147
208 0.0622049 0.00432695 0.0578779 0.0665318
209 0.0634661 0.00880173 0.0546643 0.0722678
210 0.0654029 0.00786367 0.0575393 0.0732666
211 0.0627454 0.00628851 0.0564569 0.0690339
212 0.0620397 0.00427044 0.0577693 0.0663101
213 0.0649975 0.00892544 0.0560721 0.073923
214 0.0618295 0.00334913 0.0584804 0.0651786
215 0.0616193 0.00404399 0.0575753 0.0656633
216 0.0631357 0.00673001 0.0564057 0.0698658
217 0.0625502 0.00725687 0.0552933 0.0698071
218 0.0652228 0.00944913 0.0557736 0.0746719
219 0.0659435 0.018706 0.0472375 0.0846494
220 0.0614842 0.00547966 0.0560045 0.0669638
221 0.061289 0.00524252 0.0560465 0.0665315
222 0.0626553 0.00538705 0.0572682 0.0680423
223 0.0604632 0.00395114 0.056512 0.0644143
224 0.0626102 0.00718218 0.0554281 0.0697924
225 0.062355 0.00698278 0.0553722 0.0693378
226 0.0595473 0.000685423 0.0588619 0.0602327
227 0.0635712 0.00852318 0.055048 0.0720943
228 0.0630006 0.00724412 0.0557565 0.0702447
229 0.0629406 0.00780774 0.0551328 0.0707483
230 0.0648024 0.0097659 0.0550365 0.0745683
231 0.0701625 0.0138658 0.0562967 0.0840283
232 0.0624601 0.00179672 0.0606634 0.0642568
233 0.0633009 0.0039788 0.0593221 0.0672797
234 0.0636462 0.00418736 0.0594589 0.0678336
235 0.0630006 0.00383454 0.0591661 0.0668352
236 0.0631808 0.003949 0.0592318 0.0671298
237 0.0648624 0.0060789 0.0587835 0.0709413
238 0.0652378 0.00881535 0.0564224 0.0740531
239 0.0630156 0.00398409 0.0590315 0.0669997
240 0.0650726 0.00688579 0.0581868 0.0719584
241 0.0646822 0.00876895 0.0559133 0.0734512
242 0.067595 0.0121489 0.0554462 0.0797439
243 0.0620847 0.0039404 0.0581443 0.0660251
244 0.0647873 0.0102221 0.0545652 0.0750095
245 0.0666041 0.00920992 0.0573942 0.075814
246 0.0640366 0.00570302 0.0583336 0.0697396
247 0.0671596 0.009821 0.0573386 0.0769806
248 0.0660335 0.0071029 0.0589306 0.0731364
249 0.065433 0.00856792 0.056865 0.0740009
250 0.0650876 0.00781898 0.0572686 0.0729066
251 0.0637513 0.00535248 0.0583989 0.0691038
252 0.063436 0.00467707 0.058759 0.0681131
253 0.0646072 0.00896818 0.055639 0.0735753
254 0.0638414 0.00543216 0.0584093 0.0692736
255 0.0637664 0.00644277 0.0573236 0.0702091
256 0.0629105 0.00234437 0.0605662 0.0652549
257 0.0663038 0.00864686 0.0576569 0.0749507
258 0.0619796 0.00107183 0.0609078 0.0630515
259 0.0638865 0.00534301 0.0585435 0.0692295
260 0.0643219 0.0109062 0.0534157 0.075228
261 0.0643069 0.00750739 0.0567995 0.0718143
262 0.065493 0.00928272 0.0562103 0.0747757
263 0.0678803 0.0124667 0.0554136 0.080347
264 0.0630306 0.00584052 0.0571901 0.0688712
265 0.0662137 0.0120586 0.0541551 0.0782723
266 0.064457 0.00797451 0.0564825 0.0724315
267 0.0636162 0.00455438 0.0590618 0.0681706
268 0.0650276 0.00657864 0.0584489 0.0716062
269 0.063436 0.00479323 0.0586428 0.0682293
270 0.0662437 0.0138834 0.0523603 0.0801272
271 0.0620847 0.00120069 0.0608841 0.0632854
272 0.0625502 0.00209364 0.0604565 0.0646438
273 0.0671596 0.0078244 0.0593352 0.074984
274 0.0638114 0.00573583 0.0580756 0.0695472
275 0.0640366 0.00550019 0.0585364 0.0695368
276 0.0643669 0.006201 0.0581659 0.0705679
277 0.0632409 0.00436133 0.0588795 0.0676022
278 0.0615442 0.00521369 0.0563305 0.0667579
279 0.0604932 0.00404608 0.0564471 0.0645393
280 0.0611238 0.00434172 0.0567821 0.0654655
281 0.0604932 0.00408379 0.0564094 0.064577
282 0.0620247 0.00633779 0.0556869 0.0683625
283 0.0611388 0.00553494 0.0556039 0.0666738
284 0.0600878 0.00401748 0.0560703 0.0641053
285 0.0610938 0.00567655 0.0554172 0.0667703
286 0.0669044 0.0116586 0.0552457 0.078563
287 0.0618445 0.00764793 0.0541966 0.0694924
288 0.0598176 0.00210331 0.0577142 0.0619209
289 0.063421 0.010804 0.052617 0.074225
290 0.0622049 0.00792062 0.0542842 0.0701255
291 0.059277 0.000846154 0.0584309 0.0601232
292 0.0615142 0.00651791 0.0549963 0.0680321
293 0.0625652 0.00775204 0.0548132 0.0703172
294 0.0619496 0.00625445 0.0556952 0.0682041
295 0.0591719 0.00528413 0.0538878 0.0644561
296 0.0608385 0.00713678 0.0537018 0.0679753
297 0.0614241 0.00429053 0.0571336 0.0657146
298 0.0625051 0.00663175 0.0558734 0.0691369
299 0.0619496 0.0071681 0.0547815 0.0691177
300 0.0608986 0.00152705 0.0593715 0.0624256
301 0.06231 0.00531732 0.0569926 0.0676273
302 0.0645771 0.00754107 0.0570361 0.0721182
303 0.0638715 0.00706292 0.0568085 0.0709344
304 0.064427 0.00857086 0.0558561 0.0729978
305 0.0635712 0.00830943 0.0552617 0.0718806
306 0.0615592 0.00404109 0.0575181 0.0656003
307 0.0621148 0.00434047 0.0577743 0.0664552
308 0.0653729 0.00570478 0.0596681 0.0710777
309 0.0671746 0.009737 0.0574376 0.0769116
310 0.0672797 0.0120038 0.0552759 0.0792836
311 0.0651026 0.00642688 0.0586758 0.0715295
312 0.0661537 0.010395 0.0557587 0.0765486
313 0.0662287 0.0132228 0.053006 0.0794515
314 0.0631057 0.00437668 0.058729 0.0674824
315 0.0667542 0.010081 0.0566732 0.0768352
316 0.0640817 0.00727257 0.0568091 0.0713542
317 0.0650576 0.00977959 0.055278 0.0748372
318 0.064427 0.00750751 0.0569195 0.0719345
319 0.0625202 0.00395949 0.0585607 0.0664796
320 0.0661987 0.0169094 0.0492893 0.083108
321 0.0628805 0.00702407 0.0558564 0.0699046
322 0.0593671 0.00153147 0.0578356 0.0608986
323 0.0594272 0.00163071 0.0577965 0.0610579
324 0.0628355 0.00889021 0.0539452 0.0717257
325 0.0599377 0.00391229 0.0560254 0.06385
326 0.0627153 0.00841949 0.0542959 0.0711348
327 0.0608235 0.00697063 0.0538529 0.0677942
328 0.0601779 0.00539719 0.0547807 0.0655751
329 0.0616643 0.00783822 0.0538261 0.0695026
330 0.0586614 0.000969682 0.0576918 0.0596311
331 0.06231 0.00909905 0.0532109 0.071409
332 0.0608836 0.00562821 0.0552554 0.0665118
333 0.0593071 0.00386487 0.0554422 0.0631719
334 0.0632859 0.0106672 0.0526187 0.0739531
335 0.0640366 0.013655 0.0503816 0.0776916
336 0.0601779 0.00481718 0.0553607 0.0649951
337 0.0602229 0.00518768 0.0550353 0.0654106
338 0.0593521 0.00290874 0.0564434 0.0622608
339 0.0595923 0.00396845 0.0556239 0.0635608
340 0.0616793 0.00747134 0.054208 0.0691507
341 0.0611088 0.00625762 0.0548512 0.0673664
342 0.0622949 0.0100165 0.0522784 0.0723115
343 0.060253 0.00533406 0.0549189 0.065587
344 0.0649825 0.0111792 0.0538033 0.0761617
345 0.0617694 0.00812119 0.0536482 0.0698906
346 0.0601028 0.0046173 0.0554855 0.0647201
347 0.0601329 0.00456289 0.05557 0.0646957
348 0.0614541 0.00781979 0.0536343 0.0692739
349 0.0670996 0.0127156 0.054384 0.0798151
350 0.0592921 0.00388926 0.0554028 0.0631813
351 0.0595323 0.00399494 0.0555373 0.0635272
352 0.064487 0.0136001 0.050887 0.0780871
353 0.0605983 0.0088147 0.0517836 0.069413
354 0.0616043 0.007696 0.0539083 0.0693003
355 0.0603731 0.00720661 0.0531665 0.0675797
356 0.0615592 0.00829417 0.0532651 0.0698534
357 0.0612139 0.00822829 0.0529856 0.0694422
358 0.0610037 0.00841253 0.0525912 0.0694162
359 0.0607485 0.005446 0.0553024 0.0661945
360 0.0614842 0.00849869 0.0529855 0.0699829
361 0.0601028 0.00553076 0.0545721 0.0656336
362 0.0606133 0.00567957 0.0549338 0.0662929
363 0.0622499 0.00773505 0.0545148 0.0699849
364 0.0608385 0.00538213 0.0554564 0.0662207
365 0.0620247 0.0114175 0.0506072 0.0734422
366 0.0619796 0.00568126 0.0562984 0.0676609
367 0.0598476 0.00416645 0.0556811 0.064014
368 0.0591869 0.00204748 0.0571395 0.0612344
369 0.0648774 0.0163649 0.0485125 0.0812423
370 0.064397 0.0122647 0.0521323 0.0766617
371 0.0600728 0.00584483 0.054228 0.0659176
372 0.0605232 0.00470647 0.0558168 0.0652297
373 0.0645171 0.0114048 0.0531123 0.0759218
374 0.0604782 0.00399328 0.0564849 0.0644715
375 0.0590518 0.000712356 0.0583395 0.0597642
376 0.06237 0.00688841 0.0554816 0.0692584
377 0.063346 0.00959397 0.053752 0.0729399
378 0.0612139 0.00763424 0.0535797 0.0688481
379 0.0600428 0.00376797 0.0562748 0.0638107
380 0.0619947 0.00639092 0.0556037 0.0683856
381 0.06231 0.00634491 0.055965 0.0686549
382 0.0621448 0.00662372 0.0555211 0.0687685
383 0.0656732 0.0118806 0.0537926 0.0775538
384 0.0624751 0.00889964 0.0535755 0.0713748
385 0.0621298 0.00633809 0.0557917 0.0684679
386 0.0598776 0.0040804 0.0557972 0.063958
387 0.0614691 0.00817652 0.0532926 0.0696457
388 0.0617844 0.0066971 0.0550873 0.0684815
389 0.062385 0.00911805 0.053267 0.0715031
390 0.0619646 0.00812018 0.0538444 0.0700848
391 0.064397 0.00924455 0.0551524 0.0736415
392 0.065448 0.00991976 0.0555282 0.0753677
393 0.0618445 0.00439539 0.0574491 0.0662399
394 0.0613791 0.00620109 0.055178 0.0675802
395 0.0597725 0.00429893 0.0554736 0.0640714
396 0.0633009 0.00543979 0.0578611 0.0687407
397 0.0658534 0.0106694 0.055184 0.0765228
398 0.0663338 0.0146699 0.0516639 0.0810038
399 0.0645021 0.0095048 0.0549973 0.0740069
400 0.063421 0.00529276 0.0581283 0.0687138
401 0.0628204 0.00544393 0.0573765 0.0682644
402 0.0625352 0.00466065 0.0578745 0.0671958
403 0.0628955 0.00700547 0.05589 0.069901
404 0.0617544 0.00396936 0.0577851 0.0657238
405 0.0637063 0.00723956 0.0564667 0.0709459
406 0.0607034 0.000974321 0.0597291 0.0616777
407 0.0614391 0.00274629 0.0586928 0.0641854
408 0.0611689 0.00406012 0.0571087 0.065229
409 0.0614842 0.00413252 0.0573516 0.0656167
410 0.0615142 0.0114667 0.0500475 0.0729809
411 0.0593521 0.00520486 0.0541472 0.064557
412 0.060313 0.00819424 0.0521188 0.0685073
413 0.0582861 0.00195741 0.0563287 0.0602435
414 0.0614391 0.0104163 0.0510228 0.0718555
415 0.0596074 0.00545378 0.0541536 0.0650611
416 0.0581059 0.00557641 0.0525295 0.0636823
417 0.0569498 0.00220314 0.0547467 0.0591529
418 0.0590068 0.00617275 0.052834 0.0651795
419 0.0614091 0.0154351 0.045974 0.0768442
420 0.0595023 0.0113529 0.0481494 0.0708551
421 0.0627454 0.0145228 0.0482226 0.0772681
422 0.0576405 0.00426841 0.0533721 0.0619089
423 0.0591569 0.00792842 0.0512285 0.0670853
424 0.0580609 0.00490426 0.0531566 0.0629651
425 0.0587065 0.00773703 0.0509695 0.0664435
426 0.0575354 0.00506002 0.0524753 0.0625954
427 0.0611388 0.00458607 0.0565528 0.0657249
428 0.0611689 0.00807666 0.0530922 0.0692455
429 0.061334 0.00460518 0.0567288 0.0659392
430 0.0596824 0.00220641 0.057476 0.0618888
431 0.060298 0.00552368 0.0547743 0.0658217
432 0.0621748 0.00766736 0.0545075 0.0698422
433 0.0630757 0.0095497 0.053526 0.0726254
434 0.063376 0.00927911 0.0540969 0.0726551
435 0.0598176 0.0042004 0.0556172 0.064018
436 0.0608085 0.00517552 0.055633 0.065984
437 0.0607935 0.00573188 0.0550616 0.0665254
438 0.0620998 0.00964652 0.0524532 0.0717463
439 0.0599076 0.00411242 0.0557952 0.0640201
440 0.0622799 0.0104824 0.0517976 0.0727623
441 0.0604632 0.00548245 0.0549807 0.0659456
442 0.0609737 0.00653808 0.0544356 0.0675117
443 0.0612439 0.00871225 0.0525317 0.0699562
444 0.0606434 0.00441381 0.0562295 0.0650572
445 0.0590068 0.000942448 0.0580643 0.0599492
446 0.060238 0.00463886 0.0555991 0.0648768
447 0.0615592 0.00555413 0.0560051 0.0671134
448 0.0620697 0.00782488 0.0542448 0.0698946
449 0.0603431 0.00423021 0.0561129 0.0645733
450 0.0641717 0.00565238 0.0585194 0.0698241
451 0.0637213 0.00551552 0.0582058 0.0692368
452 0.0640216 0.00606599 0.0579556 0.0700876
453 0.0636763 0.00534774 0.0583285 0.069024
454 0.0629406 0.000750121 0.0621904 0.0636907
455 0.0676401 0.0121132 0.0555269 0.0797533
456 0.0662137 0.00965535 0.0565584 0.0758691
457 0.0646072 0.00572149 0.0588857 0.0703287
458 0.0625202 0.00979402 0.0527261 0.0723142
459 0.0611388 0.00659297 0.0545459 0.0677318
460 0.0604181 0.00433873 0.0560794 0.0647569
461 0.0601028 0.00442177 0.0556811 0.0645246
462 0.0624451 0.00838848 0.0540566 0.0708336
463 0.0601779 0.00399328 0.0561846 0.0641712
464 0.0614241 0.00670827 0.0547158 0.0681324
465 0.0604181 0.0038204 0.0565977 0.0642385
466 0.0643219 0.0122117 0.0521102 0.0765336
467 0.0624601 0.00800708 0.054453 0.0704672
468 0.0630757 0.00984493 0.0532308 0.0729206
469 0.0817086 0.0776515 0.00405707 0.15936
470 0.0618745 0.00674045 0.0551341 0.068615
471 0.0605533 0.00363247 0.0569208 0.0641857
472 0.0659585 0.0145087 0.0514497 0.0804672
473 0.0614091 0.00711596 0.0542931 0.068525
474 0.0618145 0.00554298 0.0562715 0.0673575
475 0.0611388 0.00439634 0.0567425 0.0655352
476 0.0621898 0.00561139 0.0565785 0.0678012
477 0.0617094 0.00571141 0.055998 0.0674208
478 0.0614842 0.00442646 0.0570577 0.0659106
479 0.0610938 0.005561 0.0555328 0.0666548
480 0.0617094 0.00415605 0.0575533 0.0658654
481 0.0634811 0.00750927 0.0559718 0.0709903
482 0.0610938 0.0046331 0.0564607 0.0657269
483 0.061274 0.00424617 0.0570278 0.0655201
484 0.063346 0.00979719 0.0535488 0.0731431
485 0.0599677 0.00143103 0.0585367 0.0613987
486 0.0611238 0.00434172 0.0567821 0.0654655
487 0.063391 0.00777215 0.0556188 0.0711631
488 0.0612589 0.00451234 0.0567466 0.0657713
489 0.0640817 0.0131437 0.0509379 0.0772254
490 0.0657633 0.0108657 0.0548975 0.076629
491 0.0615893 0.00832071 0.0532685 0.06991
492 0.0589317 0.00409636 0.0548353 0.0630281
493 0.0615742 0.00389621 0.057678 0.0654705
494 0.0648774 0.00811418 0.0567632 0.0729916
495 0.0636613 0.0076193 0.056042 0.0712806
496 0.0614992 0.00444448 0.0570547 0.0659437
497 0.0658534 0.0102209 0.0556325 0.0760743
498 0.0620247 0.00528156 0.0567431 0.0673062
499 0.0606884 0.000607297 0.0600811 0.0612957
500 0.065493 0.00849287 0.0570001 0.0739859
501 0.0629406 0.0069518 0.0559888 0.0698924
502 0.061274 0.00386251 0.0574114 0.0651365
503 0.0634511 0.00752887 0.0559222 0.0709799
504 0.0601629 0.000737238 0.0594257 0.0609001
505 0.0663488 0.00723969 0.0591092 0.0735885
506 0.064412 0.00435212 0.0600599 0.0687641
507 0.0622649 0.00211117 0.0601537 0.0643761
508 0.0639465 0.00644921 0.0574973 0.0703957
509 0.0672197 0.00963795 0.0575817 0.0768576
510 0.0664089 0.00992057 0.0564883 0.0763295
511 0.0646973 0.00792301 0.0567742 0.0726203
512 0.0639766 0.00541643 0.0585601 0.069393
513 0.063346 0.00769787 0.0556481 0.0710438
514 0.0630457 0.00386951 0.0591762 0.0669152
515 0.0666942 0.0114113 0.0552828 0.0781055
516 0.0640817 0.0117472 0.0523345 0.0758288
517 0.0616793 0.005948 0.0557314 0.0676273
518 0.0591119 0.00055594 0.0585559 0.0596678
519 0.0604632 0.00431338 0.0561498 0.0647766
520 0.0595773 0.00218902 0.0573883 0.0617663
521 0.0628655 0.00851004 0.0543554 0.0713755
522 0.0641417 0.0139508 0.0501909 0.0780925
523 0.0603731 0.00455458 0.0558185 0.0649277
524 0.0635261 0.00927425 0.0542519 0.0728004
525 0.062355 0.00804711 0.0543079 0.0704021
526 0.0617544 0.0088696 0.0528848 0.070624
527 0.060268 0.00407896 0.056189 0.0643469
528 0.0611388 0.00705353 0.0540853 0.0681924
529 0.0615893 0.00819239 0.0533969 0.0697816
530 0.0638564 0.0102698 0.0535866 0.0741263
531 0.0607334 0.00528703 0.0554464 0.0660205
532 0.0626403 0.0121998 0.0504405 0.0748401
533 0.061289 0.00600645 0.0552825 0.0672954
534 0.0600127 0.00561651 0.0543962 0.0656293
535 0.062385 0.00872228 0.0536627 0.0711073
536 0.0590668 0.00224133 0.0568255 0.0613082
537 0.0603731 0.00401476 0.0563583 0.0643878
538 0.0629105 0.0078153 0.0550952 0.0707258
539 0.0598176 0.00372358 0.056094 0.0635411
540 0.0611689 0.0094317 0.0517372 0.0706006
541 0.0608686 0.00963085 0.0512377 0.0704994
542 0.0586915 0.00088814 0.0578033 0.0595796
543 0.0593821 0.0042189 0.0551632 0.063601
544 0.0605383 0.00529599 0.0552423 0.0658342
545 0.0605383 0.00611396 0.0544243 0.0666522
546 0.0639916 0.00973367 0.0542579 0.0737252
547 0.0607785 0.00578818 0.0549903 0.0665667
548 0.0622799 0.00908363 0.0531963 0.0713636
549 0.059247 0.00385155 0.0553955 0.0630986
550 0.0598176 0.0054712 0.0543464 0.0652888
551 0.06231 0.00884171 0.0534682 0.0711517
552 0.0610938 0.00963945 0.0514543 0.0707332
553 0.0595773 0.00395242 0.0556249 0.0635297
554 0.0635111 0.0121483 0.0513628 0.0756595
555 0.0612589 0.00829635 0.0529626 0.0695553
556 0.0598626 0.00491894 0.0549437 0.0647815
557 0.0607485 0.00525643 0.055492 0.0660049
558 0.0619496 0.00814503 0.0538046 0.0700946
559 0.06234 0.00812191 0.0542181 0.0704619
560 0.0624451 0.0120791 0.050366 0.0745242
561 0.0604482 0.00736724 0.0530809 0.0678154
562 0.0617995 0.00952565 0.0522738 0.0713251
563 0.0616493 0.00846533 0.053184 0.0701146
564 0.060298 0.00781421 0.0524838 0.0681122
565 0.0640366 0.00835854 0.0556781 0.0723952
566 0.0611689 0.00429329 0.0568756 0.0654621
567 0.0617544 0.00653656 0.0552179 0.068291
568 0.0600278 0.00292053 0.0571072 0.0629483
569 0.0607935 0.00435727 0.0564362 0.0651508
570 0.0601178 0.00386965 0.0562482 0.0639875
571 0.0612439 0.00566701 0.0555769 0.0669109
572 0.0627454 0.00908962 0.0536558 0.071835
573 0.0625502 0.00750248 0.0550477 0.0700527
574 0.059202 0.00209186 0.0571101 0.0612938
575 0.0608085 0.00533763 0.0554709 0.0661461
576 0.0614691 0.00559787 0.0558713 0.067067
577 0.0614541 0.00698537 0.0544688 0.0684395
578 0.0617844 0.00554184 0.0562426 0.0673263
579 0.0588716 0.0010026 0.057869 0.0598742
580 0.0665891 0.0137347 0.0528544 0.0803238
581 0.0596974 0.00212676 0.0575707 0.0618242
582 0.0599076 0.00411462 0.055793 0.0640223
583 0.0634811 0.00820531 0.0552758 0.0716864
584 0.0605533 0.00649157 0.0540617 0.0670448
585 0.0622949 0.00884782 0.0534471 0.0711428
586 0.061289 0.00510571 0.0561833 0.0663947
587 0.0631057 0.00814457 0.0549611 0.0712503
588 0.0617544 0.00653794 0.0552165 0.0682924
589 0.0631958 0.00805562 0.0551402 0.0712514
590 0.0635862 0.0089125 0.0546737 0.0724987
591 0.0598326 0.00433694 0.0554956 0.0641695
592 0.0599977 0.0078194 0.0521783 0.0678171
593 0.0620998 0.00407177 0.058028 0.0661715
594 0.0627604 0.00661045 0.0561499 0.0693708
595 0.0621148 0.00455042 0.0575643 0.0666652
596 0.0640967 0.0115193 0.0525774 0.075616
597 0.0634811 0.0082119 0.0552692 0.071693
598 0.0632108 0.00803883 0.055172 0.0712497
599 0.0639015 0.00692269 0.0569788 0.0708242
600 0.0629255 0.00692521 0.0560003 0.0698508
601 0.0630006 0.00576961 0.057231 0.0687702
602 0.0651177 0.00989008 0.0552276 0.0750077
603 0.0626102 0.00542643 0.0571838 0.0680367
604 0.0631658 0.00535515 0.0578106 0.0685209
605 0.0616944 0.00419274 0.0575016 0.0658871
606 0.0632709 0.00661802 0.0566529 0.0698889
607 0.0636162 0.0115047 0.0521115 0.075121
608 0.0598025 0.00581528 0.0539873 0.0656178
609 0.0596974 0.00501546 0.054682 0.0647129
610 0.0628655 0.00948327 0.0533822 0.0723488
611 0.0596524 0.00436223 0.0552902 0.0640146
612 0.0596224 0.0072949 0.0523275 0.0669173
613 0.0609587 0.0103841 0.0505746 0.0713427
614 0.0575804 0.00311183 0.0544686 0.0606922
615 0.0589767 0.00706247 0.0519143 0.0660392
616 0.0576555 0.00427846 0.053377 0.0619339
617 0.0565894 0.000654293 0.0559352 0.0572437
618 0.0573852 0.00408205 0.0533032 0.0614673
619 0.0584062 0.00662306 0.0517831 0.0650293
620 0.0580609 0.00443806 0.0536228 0.0624989
621 0.0601479 0.0090352 0.0511127 0.0691831
622 0.0580158 0.00631221 0.0517036 0.064328
623 0.0607935 0.00446763 0.0563259 0.0652611
624 0.0637964 0.0100803 0.0537161 0.0738766
625 0.0595773 0.00416027 0.0554171 0.0637376
626 0.062385 0.00663147 0.0557536 0.0690165
627 0.0598326 0.00400171 0.0558309 0.0638343
628 0.0610638 0.00571597 0.0553478 0.0667797
629 0.0615893 0.00814602 0.0534432 0.0697353
630 0.0611538 0.00637028 0.0547836 0.0675241
631 0.059247 0.00222923 0.0570178 0.0614762
632 0.0601178 0.00472476 0.0553931 0.0648426
633 0.0608686 0.00972078 0.0511478 0.0705894
634 0.0628505 0.0102363 0.0526141 0.0730868
635 0.0627153 0.00993374 0.0527816 0.0726491
636 0.0625202 0.00809199 0.0544282 0.0706122
637 0.0588416 0.000927863 0.0579138 0.0597695
638 0.061364 0.00775029 0.0536138 0.0691143
639 0.0636462 0.0101547 0.0534916 0.0738009
640 0.0620847 0.0076056 0.0544791 0.0696903
641 0.0617995 0.00993571 0.0518638 0.0717352
642 0.0596674 0.00413713 0.0555303 0.0638045
643 0.0621448 0.00394223 0.0582026 0.066087
644 0.0700124 0.0157256 0.0542868 0.085738
645 0.0632108 0.00395025 0.0592606 0.0671611
646 0.0646072 0.00554704 0.0590601 0.0701542
647 0.0661687 0.00871525 0.0574534 0.0748839
648 0.065493 0.0086052 0.0568878 0.0740982
649 0.0631958 0.0060331 0.0571627 0.0692289
650 0.0672797 0.00862278 0.058657 0.0759025
651 0.0625502 0.00187795 0.0606722 0.0644281
652 0.0628655 0.00408136 0.0587841 0.0669469
653 0.0650426 0.00597824 0.0590643 0.0710208
654 0.0650426 0.00862692 0.0564157 0.0736695
655 0.0641717 0.00475093 0.0594208 0.0689227
656 0.0674299 0.015983 0.0514469 0.0834129
657 0.0620547 0.00738935 0.0546654 0.0694441
658 0.06231 0.0103713 0.0519387 0.0726812
659 0.0612289 0.00626439 0.0549645 0.0674933
660 0.0612139 0.00455537 0.0566585 0.0657693
661 0.0639766 0.0128208 0.0511558 0.0767973
662 0.0622799 0.00660117 0.0556788 0.0688811
663 0.0612589 0.00437949 0.0568795 0.0656384
664 0.0604181 0.00246822 0.0579499 0.0628864
665 0.0622349 0.00642497 0.0558099 0.0686599
666 0.064457 0.0116624 0.0527946 0.0761194
667 0.0641267 0.00993792 0.0541888 0.0740646
668 0.0603431 0.00385784 0.0564852 0.0642009
669 0.0618745 0.00791162 0.0539629 0.0697862
670 0.0612439 0.00491087 0.0563331 0.0661548
671 0.061304 0.00454943 0.0567546 0.0658534
672 0.0655531 0.0137888 0.0517643 0.0793419
673 0.0603581 0.0036618 0.0566963 0.0640199
674 0.0608686 0.00431424 0.0565543 0.0651828
675 0.0608085 0.0043021 0.0565064 0.0651106
676 0.0636312 0.00879693 0.0548343 0.0724282
677 0.0615292 0.00454211 0.0569871 0.0660713
678 0.0613791 0.00527723 0.0561018 0.0666563
679 0.0607334 0.00414233 0.0565911 0.0648758
680 0.0607034 0.00450161 0.0562018 0.065205
681 0.0611088 0.00525077 0.055858 0.0663596
682 0.0613941 0.00618294 0.0552111 0.067577
683 0.0610487 0.00556151 0.0554872 0.0666103
684 0.0605082 0.00436866 0.0561396 0.0648769
685 0.0603581 0.00409319 0.0562649 0.0644513
686 0.0610788 0.0041156 0.0569632 0.0651944
687 0.0579858 0.00126657 0.0567192 0.0592524
688 0.059247 0.00559787 0.0536491 0.0648449
689 0.0609136 0.00218258 0.058731 0.0630962
690 0.0624451 0.00500004 0.057445 0.0674451
691 0.0624751 0.00742417 0.0550509 0.0698993
692 0.065493 0.0124766 0.0530164 0.0779696
693 0.0620547 0.00530864 0.0567461 0.0673634
694 0.061349 0.00419234 0.0571567 0.0655414
695 0.0617544 0.00423745 0.057517 0.0659919
696 0.0635411 0.00691474 0.0566264 0.0704559
697 0.0631508 0.00711317 0.0560376 0.0702639
698 0.0618445 0.00534521 0.0564993 0.0671897
699 0.0626253 0.00639233 0.0562329 0.0690176
700 0.0626553 0.00586392 0.0567914 0.0685192
701 0.0659134 0.00739071 0.0585227 0.0733041
702 0.0689313 0.0134516 0.0554797 0.082383
703 0.0650426 0.0106153 0.0544273 0.0756579
704 0.0664539 0.0135464 0.0529076 0.0800003
705 0.064427 0.00639233 0.0580347 0.0708193
706 0.0645771 0.00561988 0.0589573 0.070197
707 0.0638564 0.00511398 0.0587425 0.0689704
708 0.0990803 0.156412 -0.0573318 0.255492
709 0.0649675 0.00723645 0.0577311 0.072204
710 0.0653279 0.00718279 0.0581451 0.0725107
711 0.0630457 0.003066 0.0599797 0.0661117
712 0.0653128 0.008769 0.0565438 0.0740818
713 0.0625802 0.00440453 0.0581757 0.0669847
714 0.0630006 0.00569568 0.0573049 0.0686963
715 0.0640817 0.0079559 0.0561258 0.0720376
716 0.0645321 0.0082456 0.0562865 0.0727777
717 0.0611088 0.00469883 0.05641 0.0658076
718 0.0630607 0.0090879 0.0539728 0.0721486
719 0.0606434 0.00459204 0.0560513 0.0652354
720 0.060238 0.00421304 0.0560249 0.064451
721 0.0625802 0.00867851 0.0539017 0.0712587
722 0.059232 0.00214212 0.0570899 0.0613741
723 0.0607184 0.0044899 0.0562285 0.0652083
724 0.0599527 0.00375454 0.0561981 0.0637072
725 0.0595923 0.00402149 0.0555709 0.0636138
726 0.0595923 0.00405276 0.0555396 0.0636451
727 0.0610938 0.00790306 0.0531907 0.0689968
728 0.0600127 0.0039739 0.0560388 0.0639866
729 0.0661236 0.0119538 0.0541698 0.0780775
730 0.061319 0.00753935 0.0537797 0.0688583
731 0.0605232 0.00527046 0.0552528 0.0657937
732 0.0597875 0.00454509 0.0552424 0.0643326
733 0.0595323 0.00402418 0.0555081 0.0635565
734 0.0615592 0.00889484 0.0526644 0.0704541
735 0.0598626 0.00573487 0.0541277 0.0655975
736 0.0601929 0.00443013 0.0557628 0.064623
737 0.0636312 0.00857161 0.0550596 0.0722028
738 0.0606434 0.00591384 0.0547295 0.0665572
739 0.0608385 0.00515361 0.0556849 0.0659921
740 0.0600728 0.00567894 0.0543939 0.0657517
741 0.0608536 0.0076737 0.0531798 0.0685273
742 0.0593071 0.00280493 0.0565021 0.062112
743 0.0607785 0.00517456 0.0556039 0.065953
744 0.0611989 0.00825309 0.0529458 0.069452
745 0.0615592 0.00648096 0.0550783 0.0680402
746 0.0615893 0.00890998 0.0526793 0.0704992
747 0.0605383 0.00534852 0.0551897 0.0658868
748 0.0605683 0.00536089 0.0552074 0.0659292
749 0.0617094 0.0114412 0.0502682 0.0731505
750 0.059202 0.00199477 0.0572072 0.0611967
751 0.0611839 0.00554834 0.0556355 0.0667322
752 0.0648924 0.0149621 0.0499304 0.0798545
753 0.0611238 0.00608667 0.0550371 0.0672105
754 0.0607635 0.00738325 0.0533802 0.0681467
755 0.0606283 0.0054508 0.0551775 0.0660791
756 0.0605082 0.00572246 0.0547858 0.0662307
757 0.0596524 0.00435085 0.0553015 0.0640032
758 0.0595473 0.00426696 0.0552803 0.0638143
759 0.0626253 0.012695 0.0499303 0.0753202
760 0.0596824 0.00422637 0.0554561 0.0639088
761 0.0604482 0.00568102 0.0547671 0.0661292
762 0.0625352 0.0103732 0.052162 0.0729084
763 0.0614241 0.00554314 0.055881 0.0669672
764 0.0612589 0.00649069 0.0547683 0.0677496
765 0.0622799 0.00887474 0.0534052 0.0711547
766 0.0604782 0.00531978 0.0551584 0.065798
767 0.0596674 0.0027914 0.056876 0.0624588
768 0.0602079 0.00380491 0.056403 0.0640128
769 0.0600578 0.00403216 0.0560256 0.0640899
770 0.0630907 0.00700253 0.0560882 0.0700932
771 0.0649225 0.0111458 0.0537767 0.0760682
772 0.0607034 0.00543537 0.055268 0.0661388
773 0.0602079 0.0044393 0.0557686 0.0646472
774 0.0597275 0.00376129 0.0559662 0.0634888
775 0.0614241 0.0051379 0.0562862 0.066562
776 0.0606283 0.00403763 0.0565907 0.064666
777 0.0613791 0.00928733 0.0520917 0.0706664
778 0.0606133 0.00681681 0.0537965 0.0674301
779 0.0595323 0.00171421 0.0578181 0.0612465
780 0.0619346 0.00684361 0.055091 0.0687782
781 0.0647423 0.0111186 0.0536237 0.0758609
782 0.0600878 0.00394614 0.0561417 0.064034
783 0.0599377 0.00412873 0.0558089 0.0640664
784 0.0611839 0.00456486 0.056619 0.0657487
785 0.0631357 0.00574634 0.0573894 0.0688821
786 0.0604632 0.00169942 0.0587638 0.0621626
787 0.0604181 0.004417 0.0560011 0.0648351
788 0.0604632 0.00559962 0.0548636 0.0660628
789 0.0681055 0.0118713 0.0562342 0.0799769
790 0.0994107 0.161792 -0.0623815 0.261203
791 0.064412 0.00998545 0.0544265 0.0743974
792 0.0673548 0.0111545 0.0562003 0.0785093
793 0.0655981 0.0105902 0.0550079 0.0761883
794 0.0620397 0.00440556 0.0576341 0.0664453
795 0.063376 0.00637467 0.0570013 0.0697507
796 0.0616043 0.00404363 0.0575606 0.0656479
797 0.0601779 0.0065998 0.0535781 0.0667777
798 0.0593671 0.00421165 0.0551555 0.0635788
799 0.0596674 0.00686677 0.0528006 0.0665342
