# ../output/graphs/perf_parallel70BIPED_thread4
# step - mean (0.0722881) - standard deviation (0.0732049) r=20 - ylow - yhigh
0 0.298998 0.266179 0.0328191 0.565176
1 0.0702826 0.0174324 0.0528502 0.087715
2 0.10402 0.129461 -0.0254406 0.233481
3 0.124275 0.169508 -0.0452336 0.293783
4 0.096633 0.119817 -0.0231837 0.21645
5 0.0726099 0.0266782 0.0459317 0.0992881
6 0.0692767 0.013429 0.0558476 0.0827057
7 0.0707481 0.0256355 0.0451126 0.0963836
8 0.0649075 0.0080762 0.0568313 0.0729837
9 0.0848917 0.0989492 -0.0140576 0.183841
10 0.117518 0.148328 -0.0308095 0.265846
11 0.133734 0.301371 -0.167637 0.435104
12 0.0645621 0.00772799 0.0568341 0.0722901
13 0.0634511 0.00551511 0.0579359 0.0689662
14 0.0620847 0.000353717 0.061731 0.0624385
15 0.0647423 0.00751227 0.05723 0.0722546
16 0.104621 0.119732 -0.0151109 0.224352
17 0.06237 0.000637716 0.0617323 0.0630077
18 0.0624 0.000420405 0.0619796 0.0628204
19 0.0926091 0.127879 -0.0352695 0.220488
20 0.0638264 0.00637679 0.0574496 0.0702032
21 0.0639766 0.00705614 0.0569204 0.0710327
22 0.069592 0.0315726 0.0380193 0.101165
23 0.101828 0.155274 -0.053446 0.257102
24 0.0630457 0.0075548 0.0554909 0.0706005
25 0.0625352 0.00687844 0.0556567 0.0694136
26 0.219571 0.68952 -0.469949 0.909092
27 0.0730903 0.0524766 0.0206137 0.125567
28 0.0622349 0.00637566 0.0558592 0.0686105
29 0.0754326 0.0558218 0.0196108 0.131254
30 0.131497 0.221083 -0.0895866 0.35258
31 0.0847265 0.0907228 -0.00599629 0.175449
32 0.108705 0.148965 -0.0402601 0.257669
33 0.078976 0.0774354 0.00154056 0.156411
34 0.128434 0.219042 -0.0906084 0.347476
35 0.0744867 0.0329791 0.0415076 0.107466
36 0.0808228 0.0606193 0.0202035 0.141442
37 0.0670395 0.00230827 0.0647312 0.0693478
38 0.0837356 0.077102 0.00663354 0.160838
39 0.0870237 0.0822565 0.00476728 0.16928
40 0.0689614 0.0089213 0.0600401 0.0778827
41 0.106573 0.123311 -0.0167388 0.229884
42 0.0738861 0.0297437 0.0441424 0.10363
43 0.0857475 0.0777774 0.00797015 0.163525
44 0.0672948 0.00579091 0.0615038 0.0730857
45 0.0674299 0.00721411 0.0602158 0.074644
46 0.0835254 0.0694158 0.0141095 0.152941
47 0.0657182 0.000610076 0.0651082 0.0663283
48 0.0803873 0.0577 0.0226873 0.138087
49 0.094591 0.105497 -0.0109057 0.200088
50 0.0703577 0.0105628 0.0597949 0.0809205
51 0.0659735 0.000466175 0.0655073 0.0664397
52 0.0662888 0.00227482 0.064014 0.0685636
53 0.0778349 0.039293 0.0385419 0.117128
54 0.0657633 0.000593024 0.0651703 0.0663563
55 0.0657483 0.000846554 0.0649017 0.0665948
56 0.0688412 0.00862194 0.0602193 0.0774632
57 0.0690214 0.015239 0.0537824 0.0842604
58 0.0695319 0.0109659 0.058566 0.0804978
59 0.066559 0.00265255 0.0639065 0.0692116
60 0.0967081 0.108929 -0.0122208 0.205637
61 0.0657933 0.000444387 0.0653489 0.0662377
62 0.0894561 0.0953284 -0.00587235 0.184784
63 0.0826245 0.0505326 0.0320919 0.133157
64 0.0884651 0.079501 0.00896409 0.167966
65 0.078946 0.034136 0.04481 0.113082
66 0.0667092 0.00461926 0.0620899 0.0713284
67 0.100612 0.0886477 0.0119641 0.18926
68 0.0748921 0.0274352 0.0474569 0.102327
69 0.0674149 0.00660124 0.0608136 0.0740161
70 0.0692616 0.0148466 0.054415 0.0841083
71 0.0679103 0.00772815 0.0601822 0.0756385
72 0.0981194 0.109518 -0.0113988 0.207638
73 0.0839308 0.0781585 0.00577226 0.162089
74 0.0698322 0.00933241 0.0604998 0.0791646
75 0.0725798 0.0207228 0.051857 0.0933026
76 0.0731804 0.0210483 0.0521321 0.0942287
77 0.0869937 0.0677539 0.0192398 0.154748
78 0.0795315 0.0519557 0.0275758 0.131487
79 0.0661386 0.00122301 0.0649156 0.0673616
80 0.0674599 0.00713164 0.0603283 0.0745916
81 0.0788559 0.0565889 0.022267 0.135445
82 0.0708231 0.0199056 0.0509175 0.0907288
83 0.0968132 0.0940538 0.00275935 0.190867
84 0.0809879 0.0587447 0.0222432 0.139733
85 0.0747269 0.0270082 0.0477187 0.101735
86 0.0713336 0.0230037 0.04833 0.0943373
87 0.0711985 0.0231002 0.0480983 0.0942987
88 0.0785256 0.0525616 0.025964 0.131087
89 0.087294 0.0582654 0.0290286 0.145559
90 0.070643 0.0174916 0.0531513 0.0881346
91 0.0658233 0.000682124 0.0651412 0.0665055
92 0.0797567 0.0606562 0.0191005 0.140413
93 0.0657483 0.000700873 0.0650474 0.0664491
94 0.0671446 0.00727319 0.0598714 0.0744178
95 0.0670695 0.00575841 0.0613111 0.0728279
96 0.0778349 0.0254107 0.0524242 0.103246
97 0.0692316 0.00756852 0.0616631 0.0768001
98 0.0992905 0.110172 -0.0108811 0.209462
99 0.0901317 0.0936178 -0.00348608 0.18375
100 0.066544 0.00828569 0.0582583 0.0748297
101 0.0971585 0.10802 -0.0108617 0.205179
102 0.102113 0.113946 -0.0118324 0.216059
103 0.0679404 0.00979921 0.0581412 0.0777396
104 0.0770992 0.0324032 0.044696 0.109502
105 0.0706129 0.0223291 0.0482838 0.0929421
106 0.0693517 0.0123614 0.0569904 0.0817131
107 0.0670695 0.00553321 0.0615363 0.0726027
108 0.0926692 0.0779482 0.014721 0.170617
109 0.0749071 0.0414442 0.0334629 0.116351
110 0.0668743 0.0079778 0.0588965 0.0748521
111 0.0652077 0.00524799 0.0599597 0.0704557
112 0.070703 0.00874273 0.0619603 0.0794458
113 0.095582 0.127359 -0.0317773 0.222941
114 0.0712736 0.0210434 0.0502301 0.092317
115 0.069667 0.00962425 0.0600428 0.0792913
116 0.0687512 0.00837503 0.0603761 0.0771262
117 0.0704478 0.0105 0.0599478 0.0809478
118 0.0697421 0.0119487 0.0577934 0.0816908
119 0.0685259 0.00769033 0.0608356 0.0762163
120 0.0688412 0.00662739 0.0622138 0.0754686
121 0.0840058 0.0743206 0.00968526 0.158326
122 0.0666191 0.00470628 0.0619128 0.0713254
123 0.0680905 0.00821491 0.0598756 0.0763054
124 0.068556 0.00812341 0.0604326 0.0766794
125 0.0673848 0.00557471 0.0618101 0.0729595
126 0.0673999 0.00596168 0.0614382 0.0733615
127 0.0900867 0.0988709 -0.00878419 0.188958
128 0.0807927 0.0272775 0.0535152 0.10807
129 0.0672948 0.00507115 0.0622236 0.0723659
130 0.0658083 0.00066658 0.0651417 0.0664749
131 0.0736008 0.0339038 0.039697 0.107505
132 0.0916332 0.0897016 0.00193162 0.181335
133 0.066529 0.00591461 0.0606144 0.0724436
134 0.0744266 0.0352921 0.0391345 0.109719
135 0.065433 0.00172215 0.0637108 0.0671551
136 0.0655831 0.0016784 0.0639047 0.0672615
137 0.0666792 0.00633209 0.0603471 0.0730113
138 0.0927292 0.088601 0.00412818 0.18133
139 0.0648324 0.000664039 0.0641683 0.0654964
140 0.0967981 0.0876112 0.0091869 0.184409
141 0.067505 0.00717785 0.0603271 0.0746828
142 0.072715 0.0342347 0.0384803 0.10695
143 0.0673098 0.00754692 0.0597628 0.0748567
144 0.0670845 0.00642394 0.0606606 0.0735085
145 0.0778499 0.0549617 0.0228882 0.132812
146 0.106603 0.120664 -0.0140616 0.227267
147 0.0658534 0.00278816 0.0630652 0.0686415
148 0.0666942 0.0052751 0.0614191 0.0719693
149 0.0961825 0.0953167 0.000865894 0.191499
150 0.0702526 0.0154076 0.054845 0.0856602
151 0.0792312 0.0610501 0.0181811 0.140281
152 0.101783 0.109025 -0.00724211 0.210808
153 0.0850869 0.0873306 -0.00224375 0.172417
154 0.0680755 0.0129097 0.0551658 0.0809852
155 0.0833152 0.0461527 0.0371625 0.129468
156 0.0929244 0.119986 -0.0270612 0.21291
157 0.0661537 0.00490318 0.0612505 0.0710568
158 0.0681055 0.0088921 0.0592134 0.0769976
159 0.0711234 0.020919 0.0502044 0.0920425
160 0.0715138 0.0136571 0.0578567 0.0851709
161 0.0871288 0.0716596 0.0154692 0.158788
162 0.0671146 0.00636691 0.0607477 0.0734815
163 0.0701625 0.0118404 0.0583221 0.0820029
164 0.0822341 0.0544273 0.0278069 0.136661
165 0.0895311 0.0583435 0.0311876 0.147875
166 0.066529 0.00584868 0.0606803 0.0723777
167 0.0657633 0.00184623 0.063917 0.0676095
168 0.0871288 0.0847644 0.00236443 0.171893
169 0.0898765 0.0954521 -0.0055756 0.185329
170 0.0720243 0.0264226 0.0456017 0.0984469
171 0.0744867 0.0344579 0.0400288 0.108945
172 0.0686461 0.0117218 0.0569242 0.0803679
173 0.0896663 0.105098 -0.0154316 0.194764
174 0.065493 0.00119702 0.064296 0.06669
175 0.0877745 0.0695213 0.0182532 0.157296
176 0.072775 0.0327051 0.0400699 0.10548
177 0.0719492 0.0273412 0.044608 0.0992904
178 0.0722195 0.0287035 0.043516 0.100923
179 0.065523 0.00182313 0.0636999 0.0673462
180 0.0786457 0.0540774 0.0245682 0.132723
181 0.0656131 0.00212655 0.0634866 0.0677397
182 0.065493 0.00128775 0.0642053 0.0667808
183 0.0679404 0.010881 0.0570594 0.0788214
184 0.065463 0.000493425 0.0649696 0.0659564
185 0.0788709 0.0394753 0.0393956 0.118346
186 0.0742164 0.0396898 0.0345266 0.113906
187 0.103615 0.103819 -0.000204203 0.207434
188 0.068586 0.00876226 0.0598237 0.0773483
189 0.0715739 0.0161781 0.0553958 0.087752
190 0.0662437 0.00282399 0.0634197 0.0690677
191 0.0659434 0.00438915 0.0615543 0.0703326
192 0.0742615 0.0156012 0.0586603 0.0898626
193 0.0676401 0.00547389 0.0621662 0.073114
194 0.0651327 0.00048327 0.0646494 0.0656159
195 0.0700124 0.0195165 0.0504958 0.0895289
196 0.0918734 0.0992089 -0.00733552 0.191082
197 0.0663488 0.000681298 0.0656675 0.0670301
198 0.0713937 0.0143178 0.0570759 0.0857115
199 0.066499 0.0164633 0.0500357 0.0829622
200 0.0630306 0.00252653 0.0605041 0.0655572
201 0.0709883 0.0265119 0.0444764 0.0975002
202 0.0684358 0.0148155 0.0536203 0.0832514
203 0.0702376 0.0335226 0.0367149 0.10376
204 0.081078 0.0433561 0.0377219 0.124434
205 0.0865883 0.0933464 -0.00675805 0.179935
206 0.0793213 0.0689038 0.0104175 0.148225
207 0.062325 0.000681299 0.0616437 0.0630063
208 0.0637814 0.00590997 0.0578714 0.0696913
209 0.0657483 0.0138916 0.0518567 0.0796398
210 0.0634661 0.00391791 0.0595482 0.067384
211 0.0647123 0.00800229 0.05671 0.0727146
212 0.0622949 0.000681299 0.0616136 0.0629762
213 0.0637363 0.00412815 0.0596082 0.0678645
214 0.0627304 0.00219827 0.0605321 0.0649286
215 0.0988101 0.0841922 0.0146178 0.183002
216 0.0850568 0.0985137 -0.0134569 0.183571
217 0.0809129 0.0820882 -0.00117531 0.163001
218 0.0807027 0.0755957 0.00510692 0.156298
219 0.0682857 0.0306498 0.0376359 0.0989355
220 0.0702976 0.0421666 0.0281311 0.112464
221 0.0609737 0.00146335 0.0595103 0.062437
222 0.0605833 0.000758935 0.0598244 0.0613422
223 0.0627304 0.00740801 0.0553223 0.0701384
224 0.0783454 0.060218 0.0181274 0.138563
225 0.0649525 0.0101105 0.054842 0.075063
226 0.0613941 0.00119542 0.0601987 0.0625895
227 0.0607785 0.000813556 0.0599649 0.061592
228 0.0827146 0.0759376 0.00677701 0.158652
229 0.060328 0.000341062 0.059987 0.0606691
230 0.0676401 0.0174829 0.0501572 0.085123
231 0.0637814 0.000993226 0.0627881 0.0647746
232 0.0697571 0.0193604 0.0503967 0.0891175
233 0.0746518 0.0490117 0.0256402 0.123663
234 0.103585 0.0900637 0.013521 0.193648
235 0.066484 0.00788246 0.0586015 0.0743664
236 0.111017 0.138496 -0.0274788 0.249512
237 0.089366 0.0791818 0.0101841 0.168548
238 0.0660185 0.00886197 0.0571566 0.0748805
239 0.0647723 0.00731997 0.0574524 0.0720923
240 0.0640216 0.00289058 0.061131 0.0669122
241 0.0670695 0.0185192 0.0485504 0.0855887
242 0.076859 0.0479968 0.0288622 0.124856
243 0.0627003 0.000947696 0.0617526 0.063648
244 0.0640817 0.00376908 0.0603126 0.0678507
245 0.0644871 0.00691309 0.057574 0.0714001
246 0.0666792 0.0095445 0.0571347 0.0762237
247 0.0655831 0.00721719 0.0583659 0.0728003
248 0.0689463 0.0243051 0.0446412 0.0932515
249 0.0657783 0.00923039 0.0565479 0.0750087
250 0.0653279 0.00733374 0.0579941 0.0726616
251 0.0765437 0.0554763 0.0210674 0.13202
252 0.0811531 0.0599644 0.0211887 0.141117
253 0.0870538 0.0851006 0.00195314 0.172154
254 0.074802 0.0511857 0.0236163 0.125988
255 0.0698772 0.0302819 0.0395953 0.100159
256 0.110206 0.120922 -0.0107156 0.231128
257 0.0636012 0.0019195 0.0616817 0.0655207
258 0.063421 0.00109348 0.0623275 0.0645145
259 0.0915731 0.0755618 0.0160113 0.167135
260 0.0845464 0.0722812 0.0122651 0.156828
261 0.0877144 0.101552 -0.0138371 0.189266
262 0.100657 0.0967937 0.00386312 0.197451
263 0.0988251 0.15077 -0.0519451 0.249595
264 0.0697721 0.0199167 0.0498554 0.0896888
265 0.10887 0.130949 -0.0220792 0.239819
266 0.0633009 0.00101211 0.0622888 0.064313
267 0.0630757 0.000532748 0.0625429 0.0636084
268 0.0642768 0.00538135 0.0588955 0.0696582
269 0.063376 0.000872778 0.0625032 0.0642488
270 0.0659735 0.00829532 0.0576782 0.0742688
271 0.0689163 0.0217939 0.0471224 0.0907102
272 0.0634661 0.000652912 0.0628132 0.064119
273 0.0687812 0.0224068 0.0463744 0.0911879
274 0.0865433 0.0962532 -0.00970997 0.182797
275 0.0641567 0.00243266 0.0617241 0.0665894
276 0.0632559 0.000371133 0.0628847 0.063627
277 0.0699523 0.0292173 0.040735 0.0991696
278 0.0614091 0.00238819 0.0590209 0.0637973
279 0.0777148 0.0586699 0.0190448 0.136385
280 0.0609286 0.00233164 0.058597 0.0632603
281 0.0609887 0.000925066 0.0600636 0.0619137
282 0.099801 0.118926 -0.019125 0.218727
283 0.0912578 0.0978031 -0.00654528 0.189061
284 0.0776697 0.0741522 0.00351756 0.151822
285 0.0629556 0.0087137 0.0542419 0.0716693
286 0.0610788 0.00104628 0.0600325 0.0621251
287 0.0607485 0.000415007 0.0603334 0.0611635
288 0.0651327 0.011946 0.0531866 0.0770787
289 0.0616193 0.00214575 0.0594735 0.063765
290 0.0612439 0.00160163 0.0596423 0.0628456
291 0.0629706 0.00796253 0.0550081 0.0709331
292 0.0611989 0.00213099 0.0590679 0.0633299
293 0.0627904 0.00443869 0.0583517 0.0672291
294 0.0611538 0.00156403 0.0595898 0.0627179
295 0.0627604 0.00942209 0.0533383 0.0721825
296 0.0660786 0.0268653 0.0392133 0.0929439
297 0.0619796 0.00123228 0.0607474 0.0632119
298 0.06231 0.00266649 0.0596435 0.0649764
299 0.0646372 0.0139761 0.050661 0.0786133
300 0.0753125 0.0368743 0.0384382 0.112187
301 0.0622799 0.00210502 0.0601749 0.0643849
302 0.0977591 0.0800384 0.0177206 0.177798
303 0.0678052 0.0223828 0.0454224 0.0901881
304 0.0625952 0.00309381 0.0595014 0.065689
305 0.0741113 0.0527857 0.0213256 0.126897
306 0.0760632 0.0587742 0.017289 0.134837
307 0.0795616 0.071189 0.00837259 0.150751
308 0.0881348 0.0957527 -0.00761785 0.183887
309 0.066529 0.0071444 0.0593846 0.0736734
310 0.0693818 0.0153848 0.053997 0.0847665
311 0.0880898 0.0959254 -0.00783563 0.184015
312 0.0634511 0.000644747 0.0628063 0.0640958
313 0.102068 0.111962 -0.00989382 0.21403
314 0.0643069 0.00462023 0.0596866 0.0689271
315 0.0631207 0.00036284 0.0627579 0.0634836
316 0.0656732 0.00792279 0.0577504 0.073596
317 0.0630306 0.000929927 0.0621007 0.0639606
318 0.0950114 0.0958034 -0.000792014 0.190815
319 0.0629255 0.000633282 0.0622923 0.0635588
320 0.0939904 0.0733179 0.0206726 0.167308
321 0.094576 0.0960717 -0.00149574 0.190648
322 0.106212 0.102968 0.00324421 0.20918
323 0.0620697 0.00695939 0.0551103 0.0690291
324 0.0674749 0.0227303 0.0447446 0.0902053
325 0.0610037 0.00187837 0.0591253 0.0628821
326 0.0616043 0.00301678 0.0585875 0.0646211
327 0.0626253 0.00751111 0.0551141 0.0701364
328 0.0650126 0.0113859 0.0536267 0.0763984
329 0.0626253 0.00887885 0.0537464 0.0715041
330 0.0732104 0.0531989 0.0200115 0.126409
331 0.0598776 0.000384558 0.0594931 0.0602622
332 0.0631357 0.00827451 0.0548612 0.0714103
333 0.0684208 0.0330583 0.0353625 0.101479
334 0.065493 0.024522 0.040971 0.090015
335 0.0619196 0.0069318 0.0549878 0.0688514
336 0.0974287 0.128425 -0.0309963 0.225854
337 0.0603731 0.00135787 0.0590152 0.061731
338 0.0605382 0.00315003 0.0573882 0.0636883
339 0.0597875 0.000401759 0.0593858 0.0601893
340 0.0615742 0.00546862 0.0561056 0.0670429
341 0.0662588 0.0268345 0.0394242 0.0930933
342 0.0618745 0.00664818 0.0552264 0.0685227
343 0.0606434 0.00193325 0.0587101 0.0625766
344 0.0618295 0.0052879 0.0565416 0.0671174
345 0.0857025 0.105799 -0.0200961 0.191501
346 0.0844563 0.0749255 0.00953072 0.159382
347 0.0697121 0.0367208 0.0329912 0.106433
348 0.113975 0.195411 -0.0814361 0.309385
349 0.0864682 0.0805711 0.00589706 0.167039
350 0.0640366 0.0119112 0.0521254 0.0759479
351 0.0603881 0.00102671 0.0593614 0.0614148
352 0.0931947 0.0913486 0.00184609 0.184543
353 0.0784805 0.0803114 -0.00183088 0.158792
354 0.0600878 0.000434122 0.0596537 0.0605219
355 0.0598176 0.000550438 0.0592671 0.060368
356 0.0634811 0.00989651 0.0535846 0.0733776
357 0.0974287 0.0891407 0.00828801 0.186569
358 0.192891 0.327713 -0.134823 0.520604
359 0.0758079 0.0588069 0.0170011 0.134615
360 0.0812131 0.086895 -0.00568186 0.168108
361 0.0599377 0.000407332 0.0595303 0.060345
362 0.0961075 0.093491 0.00261645 0.189598
363 0.0642768 0.0121569 0.05212 0.0764337
364 0.0605382 0.000588444 0.0599498 0.0611267
365 0.0695469 0.0397812 0.0297657 0.109328
366 0.0658534 0.0218298 0.0440236 0.0876832
367 0.0617844 0.00706661 0.0547178 0.0688511
368 0.0619196 0.00723167 0.0546879 0.0691512
369 0.061304 0.00314125 0.0581627 0.0644452
370 0.0674899 0.0177295 0.0497605 0.0852194
371 0.0621298 0.00541512 0.0567147 0.0675449
372 0.0616043 0.00538956 0.0562147 0.0669938
373 0.0605383 0.00149362 0.0590446 0.0620319
374 0.0648324 0.0146364 0.050196 0.0794688
375 0.0828948 0.0868315 -0.00393671 0.169726
376 0.073826 0.0586391 0.015187 0.132465
377 0.0621898 0.00408757 0.0581023 0.0662774
378 0.0607034 0.00125719 0.0594462 0.0619606
379 0.0604331 0.00080506 0.0596281 0.0612382
380 0.0605533 0.00117947 0.0593738 0.0617327
381 0.0679704 0.0231595 0.0448109 0.0911299
382 0.070673 0.0443468 0.0263262 0.11502
383 0.0605082 0.000549619 0.0599586 0.0610578
384 0.0737059 0.0215415 0.0521644 0.0952474
385 0.0724897 0.0429357 0.0295541 0.115425
386 0.0605232 0.000647365 0.0598759 0.0611706
387 0.0615592 0.00312647 0.0584328 0.0646857
388 0.0796967 0.0831295 -0.00343278 0.162826
389 0.0864532 0.113127 -0.0266736 0.19958
390 0.0681506 0.0304505 0.0377001 0.098601
391 0.0916932 0.125645 -0.0339519 0.217338
392 0.0620697 0.00132638 0.0607433 0.0633961
393 0.0702226 0.0376289 0.0325937 0.107851
394 0.0747569 0.0585089 0.016248 0.133266
395 0.0603431 0.0030111 0.057332 0.0633542
396 0.0640967 0.00460479 0.0594919 0.0687015
397 0.0788559 0.0542462 0.0246097 0.133102
398 0.100807 0.122353 -0.0215465 0.22316
399 0.063436 0.00569748 0.0577386 0.0691335
400 0.0732104 0.0351932 0.0380172 0.108404
401 0.06234 0.00110904 0.0612309 0.063449
402 0.0652077 0.00849678 0.056711 0.0737045
403 0.063436 0.00411174 0.0593243 0.0675478
404 0.0646222 0.00760781 0.0570144 0.07223
405 0.0782703 0.0494231 0.0288473 0.127693
406 0.0682256 0.0269081 0.0413176 0.0951337
407 0.0613941 0.000532749 0.0608613 0.0619268
408 0.0616343 0.000584407 0.0610499 0.0622187
409 0.0634511 0.00446018 0.0589909 0.0679112
410 0.060268 0.00500871 0.0552593 0.0652767
411 0.0600278 0.00263314 0.0573946 0.0626609
412 0.0593221 0.00093271 0.0583894 0.0602548
413 0.0610337 0.00791811 0.0531156 0.0689518
414 0.061274 0.00869982 0.0525741 0.0699738
415 0.0591719 0.00111744 0.0580545 0.0602894
416 0.089396 0.0783176 0.0110784 0.167714
417 0.0873691 0.122702 -0.035333 0.210071
418 0.0586314 0.00468862 0.0539428 0.06332
419 0.0578056 0.000785931 0.0570197 0.0585916
420 0.0839157 0.0758354 0.00808036 0.159751
421 0.0657483 0.0181145 0.0476337 0.0838628
422 0.0739011 0.060814 0.0130871 0.134715
423 0.0578807 0.00107382 0.0568069 0.0589545
424 0.0897113 0.100879 -0.0111677 0.19059
425 0.0587816 0.00487993 0.0539016 0.0636615
426 0.101302 0.125777 -0.0244744 0.227079
427 0.0691415 0.0288701 0.0402715 0.0980116
428 0.061304 0.00382592 0.0574781 0.0651299
429 0.0622499 0.00574337 0.0565065 0.0679933
430 0.0608235 0.000361285 0.0604622 0.0611848
431 0.0647423 0.0160595 0.0486828 0.0808018
432 0.0608235 0.000497746 0.0603258 0.0613213
433 0.0608085 0.000720067 0.0600884 0.0615286
434 0.0635562 0.0118046 0.0517516 0.0753607
435 0.0647423 0.0110865 0.0536558 0.0758288
436 0.0615142 0.00714175 0.0543724 0.0686559
437 0.0757479 0.0619009 0.013847 0.137649
438 0.0751923 0.0468138 0.0283785 0.122006
439 0.0627904 0.0107485 0.052042 0.0735389
440 0.060283 0.00268398 0.057599 0.062967
441 0.0763785 0.0625108 0.0138676 0.138889
442 0.0606133 0.00193745 0.0586759 0.0625508
443 0.0605983 0.000566584 0.0600317 0.0611649
444 0.0698022 0.0371424 0.0326598 0.106945
445 0.0651777 0.0199093 0.0452684 0.085087
446 0.0603731 0.000581313 0.0597918 0.0609544
447 0.081108 0.0832391 -0.00213111 0.164347
448 0.0760932 0.0486589 0.0274343 0.124752
449 0.06755 0.0176499 0.0499001 0.0851999
450 0.0803273 0.0527999 0.0275274 0.133127
451 0.0751773 0.0531651 0.0220123 0.128342
452 0.0703727 0.0189402 0.0514325 0.0893129
453 0.0629255 0.000626123 0.0622994 0.0635517
454 0.0651327 0.00294053 0.0621921 0.0680732
455 0.0667392 0.00692677 0.0598124 0.073666
456 0.0657483 0.0075709 0.0581774 0.0733192
457 0.0663939 0.0132808 0.0531131 0.0796746
458 0.0614541 0.0026678 0.0587863 0.0641219
459 0.0747269 0.0383222 0.0364047 0.113049
460 0.0714237 0.0254657 0.045958 0.0968894
461 0.064397 0.0117924 0.0526046 0.0761894
462 0.0989752 0.127966 -0.0289904 0.226941
463 0.0960774 0.115636 -0.0195588 0.211714
464 0.0645621 0.0121541 0.052408 0.0767162
465 0.0657783 0.012806 0.0529723 0.0785843
466 0.0630006 0.00953842 0.0534622 0.072539
467 0.077955 0.0499068 0.0280483 0.127862
468 0.0684358 0.0283983 0.0400375 0.0968342
469 0.0713937 0.038872 0.0325217 0.110266
470 0.0919935 0.0997058 -0.00771224 0.191699
471 0.0642468 0.0144799 0.0497669 0.0787267
472 0.0637213 0.00807191 0.0556494 0.0717932
473 0.0611088 0.000654464 0.0604543 0.0617633
474 0.0605383 0.000660636 0.0598776 0.0611989
475 0.0873691 0.114984 -0.0276148 0.202353
476 0.0649075 0.00907016 0.0558373 0.0739776
477 0.0625802 0.00709242 0.0554878 0.0696726
478 0.0649675 0.0127929 0.0521746 0.0777604
479 0.0702226 0.0376261 0.0325964 0.107849
480 0.0853872 0.055302 0.0300851 0.140689
481 0.0774295 0.0691867 0.00824276 0.146616
482 0.0703577 0.0202157 0.050142 0.0905734
483 0.0619196 0.00321407 0.0587055 0.0651337
484 0.0640967 0.0102299 0.0538668 0.0743266
485 0.07279 0.0284122 0.0443778 0.101202
486 0.0642919 0.00765053 0.0566413 0.0719424
487 0.0629856 0.00543172 0.0575539 0.0684173
488 0.0617394 0.00310824 0.0586312 0.0648476
489 0.0626553 0.0045889 0.0580664 0.0672442
490 0.0635111 0.00961464 0.0538965 0.0731258
491 0.0594872 0.000747111 0.0587401 0.0602343
492 0.071709 0.0427907 0.0289183 0.1145
493 0.0723696 0.0223434 0.0500262 0.094713
494 0.0652228 0.00964605 0.0555767 0.0748688
495 0.0635562 0.00548163 0.0580745 0.0690378
496 0.0866183 0.0984016 -0.0117833 0.18502
497 0.0766037 0.0455654 0.0310383 0.122169
498 0.0834803 0.0713823 0.012098 0.154863
499 0.0622649 0.000856086 0.0614088 0.063121
500 0.0685109 0.0193881 0.0491228 0.087899
501 0.0650726 0.013744 0.0513287 0.0788166
502 0.0725498 0.0372132 0.0353366 0.109763
503 0.0997109 0.110337 -0.0106257 0.210048
504 0.0630156 0.00275755 0.0602581 0.0657732
505 0.0661086 0.00102396 0.0650847 0.0671326
506 0.0735708 0.0386523 0.0349185 0.112223
507 0.0813783 0.0735204 0.00785791 0.154899
508 0.0693217 0.0260637 0.043258 0.0953854
509 0.0631658 0.00101511 0.0621507 0.0641809
510 0.0807927 0.0587212 0.0220716 0.139514
511 0.0905071 0.119228 -0.0287212 0.209735
512 0.082129 0.0262217 0.0559073 0.108351
513 0.0662287 0.00937194 0.0568568 0.0756007
514 0.0627304 0.000560986 0.0621694 0.0632913
515 0.077895 0.0390509 0.0388441 0.116946
516 0.0667092 0.0253799 0.0413293 0.0920891
517 0.0620998 0.0059912 0.0561086 0.0680909
518 0.0608836 0.00214213 0.0587415 0.0630257
519 0.0614391 0.00548173 0.0559574 0.0669208
520 0.0885252 0.114729 -0.0262036 0.203254
521 0.0619646 0.00766371 0.0543009 0.0696283
522 0.0607785 0.00176737 0.0590111 0.0625459
523 0.0600428 0.000497747 0.059545 0.0605405
524 0.0605082 0.00242008 0.0580881 0.0629283
525 0.0660335 0.0162272 0.0498063 0.0822608
526 0.0628655 0.0125965 0.050269 0.075462
527 0.060283 0.00047361 0.0598094 0.0607566
528 0.076889 0.0732297 0.00365932 0.150119
529 0.0599827 0.000519031 0.0594637 0.0605017
530 0.0614541 0.00713859 0.0543155 0.0685927
531 0.0643219 0.0102321 0.0540897 0.074554
532 0.0801471 0.0873625 -0.00721534 0.16751
533 0.0651477 0.0145705 0.0505772 0.0797182
534 0.0597725 0.000429687 0.0593428 0.0602022
535 0.0608385 0.0052041 0.0556344 0.0660426
536 0.0600428 0.000618879 0.0594239 0.0606617
537 0.0766187 0.0713233 0.00529544 0.147942
538 0.0759581 0.0619587 0.0139994 0.137917
539 0.0604632 0.00137372 0.0590895 0.0618369
540 0.0618295 0.00751497 0.0543145 0.0693445
541 0.0624 0.00950053 0.0528995 0.0719006
542 0.0599527 0.000495931 0.0594568 0.0604486
543 0.0690364 0.0399655 0.0290709 0.109002
544 0.068571 0.0278185 0.0407524 0.0963895
545 0.0607935 0.00247893 0.0583146 0.0632724
546 0.0632409 0.00983207 0.0534088 0.0730729
547 0.0682557 0.0339145 0.0343412 0.10217
548 0.0617544 0.00793767 0.0538167 0.0696921
549 0.0622199 0.00942238 0.0527975 0.0716422
550 0.0682707 0.034369 0.0339017 0.10264
551 0.0798468 0.071901 0.00794579 0.151748
552 0.0753875 0.0675107 0.00787683 0.142898
553 0.0625802 0.00807738 0.0545028 0.0706576
554 0.060283 0.000816184 0.0594668 0.0610992
555 0.0640666 0.0136029 0.0504638 0.0776695
556 0.0694718 0.0233261 0.0461457 0.092798
557 0.0643819 0.0169368 0.0474452 0.0813187
558 0.0601178 0.000769116 0.0593487 0.060887
559 0.0633009 0.0142106 0.0490904 0.0775115
560 0.0718591 0.0446421 0.0272171 0.116501
561 0.0746218 0.0625399 0.0120819 0.137162
562 0.0819188 0.0872038 -0.00528498 0.169123
563 0.0887354 0.116786 -0.0280509 0.205522
564 0.0718591 0.0510402 0.0208189 0.122899
565 0.0602229 0.00141 0.0588129 0.0616329
566 0.0751023 0.0629691 0.0121332 0.138071
567 0.0630757 0.00821963 0.0548561 0.0712953
568 0.061364 0.00382709 0.057537 0.0651911
569 0.0659585 0.0255237 0.0404347 0.0914822
570 0.0661837 0.0247117 0.041472 0.0908954
571 0.0773544 0.0730558 0.0042986 0.15041
572 0.0704178 0.0392644 0.0311534 0.109682
573 0.0604181 0.000498876 0.0599193 0.060917
574 0.0619346 0.00695665 0.0549779 0.0688912
575 0.0605833 0.00164988 0.0589334 0.0622332
576 0.0804024 0.043719 0.0366834 0.124121
577 0.0614992 0.00413767 0.0573615 0.0656368
578 0.0921437 0.0844234 0.00772025 0.176567
579 0.0624901 0.00681788 0.0556722 0.069308
580 0.0708832 0.0456751 0.0252081 0.116558
581 0.0607635 0.00156114 0.0592023 0.0623246
582 0.115116 0.139872 -0.0247562 0.254988
583 0.0781652 0.0658474 0.0123178 0.144013
584 0.0817086 0.0829328 -0.0012242 0.164641
585 0.0608385 0.00150863 0.0593299 0.0623472
586 0.06237 0.00693212 0.0554379 0.0693021
587 0.0723246 0.0447881 0.0275365 0.117113
588 0.069592 0.0299752 0.0396167 0.0995672
589 0.0641267 0.00728006 0.0568466 0.0714068
590 0.0774745 0.048308 0.0291666 0.125783
591 0.0771292 0.0731067 0.0040225 0.150236
592 0.0776847 0.0780758 -0.000391073 0.155761
593 0.071724 0.0320814 0.0396426 0.103805
594 0.0643219 0.00807917 0.0562427 0.0724011
595 0.0690815 0.0247241 0.0443574 0.0938056
596 0.0619196 0.000566584 0.061353 0.0624862
597 0.0618745 0.000506724 0.0613678 0.0623813
598 0.0639315 0.00863919 0.0552923 0.0725707
599 0.0624 0.00204902 0.060351 0.0644491
600 0.0788559 0.0640787 0.0147772 0.142935
601 0.0628505 0.00294084 0.0599096 0.0657913
602 0.0668894 0.0228223 0.044067 0.0897117
603 0.0652978 0.00778176 0.0575161 0.0730796
604 0.06234 0.00145074 0.0608892 0.0637907
605 0.0698022 0.0237166 0.0460855 0.0935188
606 0.0990503 0.159917 -0.0608665 0.258967
607 0.0889156 0.0962188 -0.00730322 0.185134
608 0.065478 0.0131269 0.0523511 0.0786049
609 0.0624601 0.00862671 0.0538334 0.0710868
610 0.0667242 0.025552 0.0411722 0.0922762
611 0.0646072 0.0108326 0.0537746 0.0754398
612 0.0586915 0.00277743 0.055914 0.0614689
613 0.0635111 0.0242985 0.0392126 0.0878096
614 0.0619496 0.0128231 0.0491265 0.0747727
615 0.0611989 0.00870662 0.0524923 0.0699055
616 0.0816936 0.103208 -0.0215142 0.184901
617 0.059202 0.00537951 0.0538225 0.0645815
618 0.0577155 0.000675483 0.0570401 0.058391
619 0.0577756 0.000603573 0.057172 0.0583792
620 0.0590818 0.00706597 0.0520159 0.0661478
621 0.0794114 0.0909147 -0.0115033 0.170326
622 0.0579408 0.00196334 0.0559774 0.0599041
623 0.061274 0.00264949 0.0586245 0.0639234
624 0.0617844 0.00560976 0.0561747 0.0673942
625 0.0617394 0.0058494 0.05589 0.0675888
626 0.0656281 0.0231878 0.0424404 0.0888159
627 0.0614091 0.00501087 0.0563982 0.06642
628 0.0609136 0.0023071 0.0586065 0.0632207
629 0.06237 0.00742759 0.0549424 0.0697976
630 0.0629255 0.00712291 0.0558026 0.0700485
631 0.0683908 0.0268237 0.0415671 0.0952145
632 0.0662888 0.0177399 0.0485489 0.0840287
633 0.0616043 0.0043674 0.0572369 0.0659717
634 0.0609286 0.00370452 0.0572241 0.0646332
635 0.0660486 0.0199328 0.0461157 0.0859814
636 0.0793664 0.0690061 0.0103603 0.148372
637 0.0609136 0.00291184 0.0580018 0.0638254
638 0.060328 0.0024797 0.0578483 0.0628078
639 0.0871438 0.0907371 -0.00359329 0.177881
640 0.100266 0.13491 -0.0346431 0.235176
641 0.0777898 0.0736454 0.00414442 0.151435
642 0.0609887 0.00170901 0.0592797 0.0626977
643 0.0651177 0.0078589 0.0572588 0.0729766
644 0.0632258 0.00156172 0.0616641 0.0647876
645 0.0674299 0.0121832 0.0552467 0.0796131
646 0.0697871 0.0266611 0.0431261 0.0964482
647 0.0854472 0.0579748 0.0274724 0.143422
648 0.0642919 0.00199619 0.0622957 0.066288
649 0.063376 0.00107634 0.0622996 0.0644523
650 0.0657483 0.0070861 0.0586622 0.0728344
651 0.0636913 0.00146773 0.0622236 0.065159
652 0.320288 1.11951 -0.799219 1.4398
653 0.0643369 0.00299066 0.0613462 0.0673276
654 0.0632409 0.00100675 0.0622341 0.0642476
655 0.0632859 0.00104833 0.0622376 0.0643342
656 0.0858676 0.0883396 -0.00247198 0.174207
657 0.0651927 0.0111609 0.0540319 0.0763536
658 0.0610337 0.00180142 0.0592323 0.0628351
659 0.0605683 0.000520981 0.0600473 0.0610893
660 0.0660486 0.0234319 0.0426167 0.0894804
661 0.061289 0.000953861 0.0603351 0.0622428
662 0.0631057 0.00906717 0.0540385 0.0721729
663 0.079006 0.055356 0.0236501 0.134362
664 0.0749821 0.0578748 0.0171073 0.132857
665 0.0624301 0.00664372 0.0557864 0.0690738
666 0.0614241 0.0020355 0.0593886 0.0634596
667 0.0634511 0.00689364 0.0565574 0.0703447
668 0.0614842 0.00175836 0.0597258 0.0632425
669 0.0753875 0.0642726 0.0111149 0.13966
670 0.0689914 0.0316837 0.0373077 0.100675
671 0.0646072 0.00801286 0.0565943 0.07262
672 0.0638114 0.00490355 0.0589079 0.0687149
673 0.064397 0.00909507 0.0553019 0.073492
674 0.0616043 0.00143158 0.0601727 0.0630359
675 0.0609737 0.000797181 0.0601765 0.0617708
676 0.0625502 0.00466087 0.0578893 0.0672111
677 0.06231 0.0045783 0.0577317 0.0668883
678 0.0610337 0.000764853 0.0602689 0.0617986
679 0.0913779 0.123495 -0.0321168 0.214873
680 0.0611088 0.00112157 0.0599872 0.0622304
681 0.0611388 0.000756109 0.0603827 0.0618949
682 0.0625202 0.0073553 0.0551649 0.0698755
683 0.061274 0.00073233 0.0605416 0.0620063
684 0.0611088 0.000596812 0.060512 0.0617056
685 0.0728801 0.0448192 0.0280609 0.117699
686 0.0652828 0.0186507 0.0466321 0.0839335
687 0.0590969 0.000420404 0.0586765 0.0595173
688 0.0590218 0.00137438 0.0576474 0.0603962
689 0.0618295 0.00040176 0.0614277 0.0622313
690 0.0694568 0.025885 0.0435718 0.0953419
691 0.070688 0.0264971 0.044191 0.0971851
692 0.0646222 0.0116215 0.0530007 0.0762436
693 0.0625502 0.00210009 0.0604501 0.0646503
694 0.0635111 0.00697 0.0565411 0.0704811
695 0.0844863 0.0648675 0.0196188 0.149354
696 0.0630306 0.00383018 0.0592005 0.0668608
697 0.0875042 0.100185 -0.0126811 0.187689
698 0.0618445 0.000259623 0.0615849 0.0621041
699 0.0680455 0.0194488 0.0485967 0.0874942
700 0.0701925 0.0357751 0.0344174 0.105968
701 0.0733756 0.027199 0.0461766 0.100575
702 0.0647723 0.000475748 0.0642966 0.0652481
703 0.0649975 0.00529435 0.0597032 0.0702919
704 0.0784655 0.0380807 0.0403848 0.116546
705 0.0830449 0.0845634 -0.00151848 0.167608
706 0.063346 0.00061155 0.0627344 0.0639575
707 0.0635411 0.00095622 0.0625849 0.0644974
708 0.0973837 0.107047 -0.00966377 0.204431
709 0.0672647 0.0149002 0.0523645 0.0821649
710 0.0640216 0.00351941 0.0605022 0.067541
711 0.0760632 0.0519535 0.0241097 0.128017
712 0.0652077 0.00750499 0.0577028 0.0727127
713 0.0793664 0.0656918 0.0136746 0.145058
714 0.068616 0.0216011 0.0470149 0.0902171
715 0.0773694 0.0564234 0.020946 0.133793
716 0.063406 0.000522493 0.0628835 0.0639285
717 0.0625652 0.00738752 0.0551777 0.0699527
718 0.0609436 0.00117641 0.0597672 0.06212
719 0.0630156 0.00778975 0.0552259 0.0708054
720 0.0619947 0.00723096 0.0547637 0.0692256
721 0.0611689 0.00562839 0.0555405 0.0667973
722 0.0625352 0.00905553 0.0534796 0.0715907
723 0.0612439 0.00540059 0.0558433 0.0666445
724 0.0601178 0.000668775 0.0594491 0.0607866
725 0.0639916 0.0103966 0.0535949 0.0743882
726 0.0617694 0.00736908 0.0544004 0.0691385
727 0.0601028 0.000638953 0.0594639 0.0607418
728 0.0912878 0.0932995 -0.0020117 0.184587
729 0.0602229 0.00158465 0.0586383 0.0618076
730 0.0599227 0.000506724 0.0594159 0.0604294
731 0.0804024 0.0899922 -0.00958982 0.170395
732 0.0835554 0.0832945 0.000260916 0.16685
733 0.0704027 0.0325211 0.0378816 0.102924
734 0.085192 0.109145 -0.023953 0.194337
735 0.122563 0.197346 -0.074783 0.319909
736 0.0611238 0.00133105 0.0597928 0.0624549
737 0.0801471 0.0769353 0.00321177 0.157082
738 0.117083 0.156003 -0.0389202 0.273085
739 0.0629856 0.0129883 0.0499973 0.0759739
740 0.0622199 0.00610747 0.0561124 0.0683273
741 0.0600878 0.00125943 0.0588284 0.0613472
742 0.0860178 0.10458 -0.0185619 0.190597
743 0.0616643 0.00463582 0.0570285 0.0663002
744 0.0824293 0.0557048 0.0267245 0.138134
745 0.061334 0.00560172 0.0557323 0.0669357
746 0.0709282 0.0455464 0.0253819 0.116475
747 0.0610487 0.0031866 0.0578621 0.0642353
748 0.0600127 0.00064597 0.0593668 0.0606587
749 0.0603581 0.00235875 0.0579993 0.0627168
750 0.0614992 0.00732828 0.0541709 0.0688275
751 0.0606734 0.00463212 0.0560413 0.0653055
752 0.083165 0.0717716 0.0113934 0.154937
753 0.0617094 0.00561026 0.0560991 0.0673196
754 0.0610938 0.00372706 0.0573667 0.0648208
755 0.0672197 0.0290787 0.038141 0.0962983
756 0.0729702 0.0540162 0.018954 0.126986
757 0.0603881 0.000621968 0.0597661 0.0610101
758 0.0860628 0.110309 -0.0242464 0.196372
759 0.0659435 0.0234609 0.0424826 0.0894043
760 0.0715138 0.0421583 0.0293555 0.113672
761 0.0606584 0.00202778 0.0586306 0.0626861
762 0.0604932 0.000524217 0.059969 0.0610174
763 0.0861229 0.0777298 0.00839311 0.163853
764 0.0766337 0.0508929 0.0257409 0.127527
765 0.0611839 0.00231022 0.0588736 0.0634941
766 0.0621298 0.00684626 0.0552835 0.068976
767 0.076874 0.0713762 0.00549781 0.14825
768 0.0672797 0.0141335 0.0531462 0.0814133
769 0.063391 0.0107656 0.0526254 0.0741566
770 0.0646672 0.018724 0.0459432 0.0833912
771 0.0618745 0.00437997 0.0574946 0.0662545
772 0.06755 0.0275579 0.0399921 0.0951079
773 0.0611088 0.00241448 0.0586943 0.0635233
774 0.0948763 0.102544 -0.00766746 0.19742
775 0.0608986 0.000720693 0.0601779 0.0616193
776 0.0778049 0.0622818 0.015523 0.140087
777 0.0882849 0.0853589 0.002926 0.173644
778 0.0621898 0.00732231 0.0548675 0.0695121
779 0.0611839 0.00216931 0.0590146 0.0633532
780 0.0616043 0.0030048 0.0585995 0.0646091
781 0.0705979 0.0360542 0.0345438 0.106652
782 0.0671746 0.0199255 0.0472491 0.0871001
783 0.0616493 0.0029347 0.0587146 0.064584
784 0.0603581 0.000520115 0.059838 0.0608782
785 0.0617694 0.000485132 0.0612843 0.0622546
786 0.0860478 0.0759906 0.0100572 0.162038
787 0.0610938 0.003873 0.0572208 0.0649668
788 0.0642919 0.0171459 0.0471459 0.0814378
789 0.0650276 0.0111498 0.0538778 0.0761773
790 0.0622649 0.00105004 0.0612149 0.063315
791 0.068616 0.0246282 0.0439878 0.0932442
792 0.0670545 0.0146958 0.0523587 0.0817503
793 0.0620697 0.0011478 0.0609219 0.0632175
794 0.0619046 0.000761308 0.0611433 0.0626659
795 0.0664539 0.00954196 0.056912 0.0759959
796 0.074787 0.0518739 0.0229131 0.126661
797 0.0637814 0.0186003 0.045181 0.0823817
798 0.0789009 0.0710679 0.00783299 0.149969
799 0.0730002 0.0469994 0.0260009 0.12
