# ../output/graphs/perf_parallel38QUADRUPED_thread4
# step - mean (0.109236) - standard deviation (0.0602938) r=20 - ylow - yhigh
0 0.203296 0.230591 -0.0272952 0.433886
1 0.196179 0.227951 -0.0317724 0.42413
2 0.0948463 0.00194441 0.0929018 0.0967907
3 0.133313 0.155664 -0.0223511 0.288978
4 0.0985398 0.00836415 0.0901757 0.106904
5 0.166165 0.209041 -0.0428759 0.375206
6 0.103404 0.023844 0.0795605 0.127249
7 0.178342 0.215308 -0.0369662 0.393649
8 0.0973387 0.00452458 0.0928141 0.101863
9 0.101182 0.0211049 0.0800775 0.122287
10 0.0993206 0.0104671 0.0888535 0.109788
11 0.113659 0.0672039 0.0464554 0.180863
12 0.101678 0.0116338 0.090044 0.113312
13 0.102308 0.0289002 0.0734082 0.131209
14 0.100642 0.0211499 0.079492 0.121792
15 0.108389 0.0545754 0.0538139 0.162965
16 0.1036 0.033217 0.0703827 0.136817
17 0.0959573 0.000846554 0.0951108 0.0968039
18 0.119125 0.100812 0.0183124 0.219937
19 0.0996959 0.013159 0.0865369 0.112855
20 0.0957922 0.00115523 0.0946369 0.0969474
21 0.0958973 0.000761307 0.095136 0.0966586
22 0.0962726 0.000861992 0.0954106 0.0971346
23 0.139935 0.179693 -0.0397586 0.319628
24 0.111287 0.0450911 0.066196 0.156378
25 0.157381 0.182397 -0.0250154 0.339778
26 0.0963777 0.00126505 0.0951127 0.0976428
27 0.0979993 0.00224771 0.0957516 0.100247
28 0.0979993 0.00120219 0.0967971 0.0992015
29 0.125371 0.0871679 0.0382027 0.212539
30 0.134394 0.158725 -0.0243308 0.293119
31 0.0981795 0.00194719 0.0962323 0.100127
32 0.142127 0.108427 0.0337001 0.250553
33 0.122758 0.0806052 0.0421529 0.203363
34 0.120446 0.0917592 0.0286867 0.212205
35 0.110461 0.0340272 0.0764341 0.144488
36 0.0990053 0.00107895 0.0979263 0.100084
37 0.141031 0.145669 -0.0046382 0.2867
38 0.107714 0.0307797 0.0769339 0.138493
39 0.101648 0.00747382 0.094174 0.109122
40 0.100357 0.00439347 0.0959631 0.10475
41 0.11417 0.0624895 0.0516803 0.176659
42 0.100071 0.00207585 0.0979954 0.102147
43 0.122248 0.101681 0.0205665 0.223929
44 0.107954 0.0391722 0.0687817 0.147126
45 0.099726 0.00238517 0.0973408 0.102111
46 0.0986149 0.00130686 0.097308 0.0999217
47 0.105672 0.0201918 0.0854799 0.125863
48 0.125491 0.117438 0.00805317 0.242928
49 0.101573 0.0154045 0.0861682 0.116977
50 0.0986749 0.00783254 0.0908424 0.106507
51 0.119935 0.0764618 0.0434736 0.196397
52 0.104395 0.0231338 0.0812616 0.127529
53 0.101543 0.0113135 0.0902292 0.112856
54 0.10872 0.050399 0.0583207 0.159119
55 0.0972786 0.00168128 0.0955973 0.0989599
56 0.098705 0.0071769 0.0915281 0.105882
57 0.102984 0.031296 0.0716881 0.13428
58 0.132773 0.11468 0.0180932 0.247452
59 0.111437 0.058595 0.0528423 0.170032
60 0.101618 0.0148424 0.0867754 0.11646
61 0.111122 0.052959 0.058163 0.164081
62 0.0996659 0.0165649 0.083101 0.116231
63 0.0976089 0.00768732 0.0899216 0.105296
64 0.105431 0.0202863 0.0851452 0.125718
65 0.0985248 0.00728342 0.0912414 0.105808
66 0.105987 0.0355142 0.0704728 0.141501
67 0.137517 0.12986 0.0076571 0.267378
68 0.107684 0.0323908 0.0752928 0.140074
69 0.0996359 0.00754532 0.0920905 0.107181
70 0.099786 0.00775775 0.0920283 0.107544
71 0.108359 0.0341787 0.0741806 0.142538
72 0.105822 0.0130922 0.0927296 0.118914
73 0.102759 0.000898864 0.10186 0.103658
74 0.103164 0.00166782 0.101496 0.104832
75 0.107158 0.020732 0.0864261 0.12789
76 0.120326 0.0666503 0.0536755 0.186976
77 0.102008 0.00100988 0.100998 0.103018
78 0.116527 0.0648288 0.0516983 0.181356
79 0.102639 0.00191008 0.100729 0.104549
80 0.116122 0.0374905 0.0786313 0.153612
81 0.110206 0.0368036 0.0734024 0.14701
82 0.105672 0.01059 0.0950817 0.116262
83 0.102173 0.000853977 0.101319 0.103027
84 0.10393 0.00728156 0.0966484 0.111212
85 0.104666 0.0104768 0.0941889 0.115143
86 0.106422 0.0160522 0.0903702 0.122475
87 0.107488 0.0129895 0.0944989 0.120478
88 0.101693 0.0010586 0.100634 0.102751
89 0.115987 0.0482241 0.0677625 0.164211
90 0.119245 0.0679452 0.0512995 0.18719
91 0.102023 0.00152491 0.100498 0.103548
92 0.113089 0.0506801 0.0624088 0.163769
93 0.103119 0.00700156 0.0961177 0.110121
94 0.103735 0.00686045 0.0968744 0.110595
95 0.124545 0.0680422 0.0565027 0.192587
96 0.128238 0.101166 0.0270729 0.229404
97 0.105912 0.017074 0.0888379 0.122986
98 0.134259 0.139234 -0.00497462 0.273493
99 0.156135 0.172126 -0.0159906 0.328261
100 0.114395 0.0465407 0.0678544 0.160936
101 0.101047 0.00111754 0.0999297 0.102165
102 0.102849 0.00624175 0.0966072 0.109091
103 0.102834 0.00874531 0.0940886 0.111579
104 0.10917 0.034635 0.0745351 0.143805
105 0.118719 0.0717168 0.0470024 0.190436
106 0.102414 0.00295823 0.0994553 0.105372
107 0.103254 0.00749417 0.0957602 0.110749
108 0.112804 0.0405173 0.0722862 0.153321
109 0.103239 0.00711856 0.0961208 0.110358
110 0.102474 0.00436079 0.0981128 0.106834
111 0.130025 0.124833 0.00519232 0.254858
112 0.100792 0.000784641 0.100007 0.101577
113 0.122773 0.0917166 0.0310565 0.21449
114 0.1089 0.0288292 0.0800706 0.137729
115 0.103269 0.00762929 0.0956401 0.110899
116 0.100281 0.00134788 0.0989336 0.101629
117 0.0996509 0.00212395 0.0975269 0.101775
118 0.0993206 0.00087484 0.0984457 0.100195
119 0.108885 0.0328249 0.0760598 0.14171
120 0.126827 0.0753713 0.0514557 0.202198
121 0.104966 0.0180617 0.0869043 0.123028
122 0.123899 0.0965486 0.0273506 0.220448
123 0.0991854 0.00144045 0.097745 0.100626
124 0.0995158 0.00103763 0.0984781 0.100553
125 0.0998311 0.00346632 0.0963647 0.103297
126 0.101257 0.00701135 0.0942461 0.108269
127 0.100116 0.00765378 0.0924626 0.10777
128 0.0999662 0.0024486 0.0975176 0.102415
129 0.102894 0.0121709 0.0907231 0.115065
130 0.10893 0.0415662 0.0673636 0.150496
131 0.125671 0.0904736 0.0351973 0.216145
132 0.100807 0.00751569 0.0932913 0.108323
133 0.101948 0.0145922 0.0873559 0.11654
134 0.103765 0.0090324 0.0947324 0.112797
135 0.101933 0.00608963 0.0958434 0.108023
136 0.100281 0.00275788 0.0975236 0.103039
137 0.107248 0.0217721 0.0854761 0.12902
138 0.101242 0.00680489 0.0944375 0.108047
139 0.104726 0.01868 0.0860457 0.123406
140 0.100852 0.0052187 0.0956333 0.106071
141 0.099786 0.00131271 0.0984733 0.101099
142 0.111527 0.0522039 0.0593234 0.163731
143 0.102909 0.0115164 0.0913926 0.114425
144 0.0994107 0.000756557 0.0986541 0.100167
145 0.0999812 0.00180042 0.0981808 0.101782
146 0.124305 0.109477 0.0148273 0.233782
147 0.101438 0.00795998 0.0934776 0.109398
148 0.0980744 0.00103763 0.0970367 0.099112
149 0.116887 0.0675453 0.0493422 0.184433
150 0.100972 0.00786154 0.0931106 0.108834
151 0.157517 0.176041 -0.0185242 0.333557
152 0.0986449 0.00130721 0.0973377 0.0999521
153 0.121016 0.0631315 0.057885 0.184148
154 0.100191 0.00697568 0.0932157 0.107167
155 0.0986149 0.00298995 0.0956249 0.101605
156 0.100417 0.0112972 0.0891194 0.111714
157 0.0983146 0.00149663 0.096818 0.0998112
158 0.115461 0.0675379 0.0479232 0.182999
159 0.0979392 0.000974321 0.0969649 0.0989136
160 0.184498 0.200682 -0.0161843 0.385179
161 0.117353 0.0718506 0.0455023 0.189204
162 0.136271 0.118296 0.0179751 0.254567
163 0.108284 0.029589 0.0786952 0.137873
164 0.101333 0.00747501 0.0938575 0.108808
165 0.168627 0.142892 0.025735 0.31152
166 0.120551 0.0601769 0.0603741 0.180728
167 0.132938 0.121155 0.0117832 0.254093
168 0.124109 0.0978771 0.0262324 0.221986
169 0.101603 0.00773515 0.0938676 0.109338
170 0.0978341 0.00134829 0.0964858 0.0991824
171 0.099726 0.0027091 0.0970169 0.102435
172 0.0989302 0.000774228 0.098156 0.0997044
173 0.100206 0.00688906 0.0933174 0.107095
174 0.11393 0.0372809 0.0766487 0.151211
175 0.0975188 0.000690502 0.0968283 0.0982093
176 0.0973537 0.00118452 0.0961691 0.0985382
177 0.101468 0.0111467 0.0903209 0.112614
178 0.137412 0.12333 0.0140823 0.260742
179 0.0985398 0.00496366 0.0935762 0.103503
180 0.13501 0.118307 0.0167027 0.253317
181 0.101918 0.0210841 0.0808339 0.123002
182 0.119125 0.0954475 0.0236771 0.214572
183 0.118194 0.0877344 0.0304594 0.205928
184 0.0960474 0.00102396 0.0950235 0.0970714
185 0.0972486 0.00687148 0.0903771 0.10412
186 0.136752 0.121387 0.015365 0.258138
187 0.0979843 0.0111613 0.0868229 0.109146
188 0.121962 0.112082 0.00988041 0.234044
189 0.100492 0.0152671 0.0852246 0.115759
190 0.100537 0.0171411 0.0833956 0.117678
191 0.0967231 0.00701861 0.0897045 0.103742
192 0.143268 0.133375 0.00989254 0.276643
193 0.0989152 0.0088386 0.0900766 0.107754
194 0.104516 0.0203736 0.084142 0.124889
195 0.10911 0.0477933 0.0613166 0.156903
196 0.116317 0.0808594 0.0354575 0.197176
197 0.112713 0.0619205 0.0507929 0.174634
198 0.14007 0.161773 -0.0217029 0.301842
199 0.0977741 0.00107182 0.0967023 0.0988459
200 0.102504 0.00578497 0.0967187 0.108289
201 0.106888 0.0200966 0.0867913 0.126984
202 0.102384 0.00725151 0.095132 0.109635
203 0.115461 0.0591678 0.0562933 0.174629
204 0.102459 0.00715772 0.0953009 0.109616
205 0.103525 0.0123779 0.0911467 0.115903
206 0.106002 0.016212 0.08979 0.122214
207 0.109666 0.0312076 0.0784579 0.140873
208 0.113569 0.0460467 0.0675226 0.159616
209 0.100312 0.00136119 0.0989503 0.101673
210 0.101813 0.00320969 0.0986033 0.105023
211 0.110882 0.0277206 0.0831611 0.138602
212 0.101663 0.00651667 0.0951461 0.108179
213 0.102444 0.00866752 0.093776 0.111111
214 0.115176 0.0642556 0.0509202 0.179431
215 0.0997109 0.00134117 0.0983698 0.101052
216 0.132653 0.134595 -0.00194275 0.267248
217 0.118824 0.0812511 0.0375733 0.200075
218 0.101032 0.00745084 0.0935814 0.108483
219 0.100086 0.00122015 0.0988662 0.101306
220 0.100086 0.00124212 0.0988442 0.101328
221 0.112683 0.0484865 0.064197 0.16117
222 0.104471 0.018396 0.0860746 0.122866
223 0.100462 0.00170525 0.0987564 0.102167
224 0.105492 0.0102381 0.0952534 0.11573
225 0.124124 0.0690225 0.0551019 0.193147
226 0.106347 0.0212099 0.0851374 0.127557
227 0.100342 0.00101955 0.099322 0.101361
228 0.100011 0.00170525 0.098306 0.101716
229 0.10869 0.0238081 0.0848815 0.132498
230 0.100582 0.00145718 0.0991246 0.102039
231 0.122968 0.0863891 0.0365792 0.209357
232 0.12456 0.105769 0.018791 0.230329
233 0.101363 0.00655255 0.09481 0.107915
234 0.100266 0.00191786 0.0983486 0.102184
235 0.105086 0.0163509 0.0887353 0.121437
236 0.103059 0.00751958 0.0955396 0.110579
237 0.10417 0.0106019 0.0935683 0.114772
238 0.102098 0.00331952 0.0987787 0.105418
239 0.114605 0.0456204 0.0689848 0.160226
240 0.110897 0.0240601 0.0868366 0.134957
241 0.101423 0.000670626 0.100752 0.102093
242 0.101723 0.0031234 0.0985995 0.104846
243 0.14504 0.125842 0.0191977 0.270881
244 0.101122 0.00853944 0.0925829 0.109662
245 0.116677 0.0691552 0.0475221 0.185832
246 0.100672 0.00702244 0.0936494 0.107694
247 0.100477 0.00685514 0.0936215 0.107332
248 0.102999 0.010929 0.0920701 0.113928
249 0.101002 0.00736858 0.0936336 0.108371
250 0.10423 0.019285 0.0849453 0.123515
251 0.107458 0.0327428 0.0747156 0.140201
252 0.117353 0.0535502 0.0638028 0.170903
253 0.157982 0.176249 -0.0182668 0.334231
254 0.125596 0.119222 0.00637359 0.244818
255 0.0962426 0.00104671 0.0951959 0.0972893
256 0.0999362 0.00673384 0.0932023 0.10667
257 0.156556 0.129248 0.0273072 0.285804
258 0.123479 0.108771 0.0147077 0.23225
259 0.143148 0.162235 -0.0190873 0.305383
260 0.098705 0.00443381 0.0942712 0.103139
261 0.0993206 0.0047126 0.094608 0.104033
262 0.152472 0.171657 -0.0191854 0.324129
263 0.112368 0.0625588 0.0498093 0.174927
264 0.0978041 0.00135995 0.0964442 0.0991641
265 0.0986149 0.00853972 0.0900752 0.107155
266 0.115221 0.0784229 0.0367979 0.193644
267 0.0962276 0.00113744 0.0950902 0.097365
268 0.129229 0.134762 -0.00553259 0.263991
269 0.12441 0.118923 0.00548667 0.243333
270 0.101242 0.0123613 0.0888811 0.113604
271 0.131211 0.124304 0.00690689 0.255516
272 0.0984948 0.00778554 0.0907092 0.10628
273 0.096663 0.00163898 0.095024 0.098302
274 0.0979993 0.00841895 0.0895803 0.106418
275 0.116572 0.087205 0.0293672 0.203777
276 0.0984047 0.00856487 0.0898398 0.10697
277 0.102459 0.0264537 0.0760049 0.128912
278 0.0959723 0.000750121 0.0952222 0.0967225
279 0.118044 0.0806532 0.0373904 0.198697
280 0.10917 0.045859 0.063311 0.155029
281 0.113614 0.0578492 0.0557651 0.171464
282 0.104395 0.0169341 0.0874614 0.12133
283 0.110191 0.0433297 0.0668614 0.153521
284 0.0985398 0.00289942 0.0956404 0.101439
285 0.100717 0.0116423 0.0890746 0.112359
286 0.115942 0.0624593 0.0534823 0.178401
287 0.101693 0.00846275 0.0932301 0.110156
288 0.156 0.166784 -0.0107841 0.322784
289 0.0995608 0.00115709 0.0984037 0.100718
290 0.121827 0.0705888 0.0512384 0.192416
291 0.106407 0.0301771 0.0762303 0.136584
292 0.134019 0.150025 -0.0160062 0.284044
293 0.0992005 0.00105433 0.0981461 0.100255
294 0.0998311 0.00144475 0.0983863 0.101276
295 0.0992905 0.00156403 0.0977265 0.100855
296 0.118044 0.0535137 0.0645299 0.171557
297 0.136151 0.11256 0.023591 0.248711
298 0.100927 0.0012414 0.0996857 0.102169
299 0.128328 0.112558 0.0157702 0.240887
300 0.103795 0.0135687 0.0902262 0.117364
301 0.10911 0.0401557 0.0689542 0.149266
302 0.0999211 0.0069573 0.0929638 0.106878
303 0.110056 0.0516508 0.0584051 0.161707
304 0.0985248 0.00162517 0.0968996 0.10015
305 0.102924 0.0192027 0.0837213 0.122127
306 0.0988101 0.00219535 0.0966147 0.101005
307 0.0992004 0.00711011 0.0920903 0.106311
308 0.0985248 0.00147387 0.0970509 0.0999987
309 0.115251 0.072719 0.0425319 0.18797
310 0.10345 0.02252 0.0809296 0.12597
311 0.101393 0.0160013 0.0853913 0.117394
312 0.110671 0.0419991 0.0686724 0.152671
313 0.0996058 0.00701617 0.0925897 0.106622
314 0.0973236 0.000929926 0.0963937 0.0982536
315 0.098765 0.00756937 0.0911957 0.106334
316 0.102699 0.0148408 0.087858 0.11754
317 0.0973537 0.00102978 0.0963239 0.0983834
318 0.109951 0.0494884 0.0604624 0.159439
319 0.0974588 0.00110527 0.0963535 0.098564
320 0.0996959 0.00203666 0.0976593 0.101733
321 0.120896 0.0895412 0.0313552 0.210438
322 0.103615 0.0172386 0.0863761 0.120853
323 0.149349 0.155846 -0.0064975 0.305195
324 0.100717 0.00593054 0.0947864 0.106647
325 0.111152 0.0516701 0.0594818 0.162822
326 0.124485 0.0859044 0.0385804 0.210389
327 0.158117 0.170619 -0.0125021 0.328736
328 0.1039 0.00530246 0.0985975 0.109202
329 0.102293 0.00156691 0.100727 0.10386
330 0.103224 0.00460909 0.0986152 0.107833
331 0.110747 0.0263553 0.0843913 0.137102
332 0.102053 0.0018124 0.100241 0.103866
333 0.105266 0.0102259 0.0950404 0.115492
334 0.102068 0.00115874 0.100909 0.103227
335 0.105191 0.0100595 0.0951317 0.115251
336 0.10357 0.0072555 0.0963141 0.110825
337 0.101723 0.0009999 0.100723 0.102723
338 0.103465 0.00840781 0.0950567 0.111872
339 0.101453 0.00119466 0.100258 0.102647
340 0.107789 0.0282647 0.079524 0.136053
341 0.101663 0.00110118 0.100562 0.102764
342 0.101978 0.00245503 0.0995231 0.104433
343 0.131466 0.12501 0.00645619 0.256477
344 0.101963 0.00157322 0.10039 0.103536
345 0.122608 0.090655 0.0319529 0.213263
346 0.101723 0.00146766 0.100255 0.103191
347 0.101738 0.00120341 0.100534 0.102941
348 0.115311 0.0416445 0.0736665 0.156955
349 0.105597 0.0170685 0.0885281 0.122665
350 0.114035 0.054031 0.0600037 0.168066
351 0.103089 0.00769941 0.0953898 0.110789
352 0.125656 0.0758115 0.0498444 0.201467
353 0.126362 0.0563739 0.0699877 0.182735
354 0.104095 0.00650545 0.0975897 0.110601
355 0.101453 0.001088 0.100365 0.102541
356 0.104936 0.0133375 0.0915984 0.118273
357 0.102954 0.00480488 0.0981492 0.107759
358 0.101498 0.00148939 0.100008 0.102987
359 0.102278 0.00152646 0.100752 0.103805
360 0.109651 0.0330764 0.0765741 0.142727
361 0.112894 0.0494291 0.0634645 0.162323
362 0.114095 0.0520473 0.0620475 0.166142
363 0.10914 0.0352528 0.0738873 0.144393
364 0.101498 0.00153706 0.0999606 0.103035
365 0.101558 0.00162156 0.0999362 0.103179
366 0.102308 0.00670465 0.0956038 0.109013
367 0.111753 0.0439775 0.067775 0.15573
368 0.101768 0.0018214 0.0999465 0.103589
369 0.113704 0.0438142 0.0698902 0.157519
370 0.101693 0.00145035 0.100242 0.103143
371 0.10342 0.010229 0.0931905 0.113648
372 0.101122 0.00715726 0.093965 0.10828
373 0.115761 0.0584574 0.057304 0.174219
374 0.111332 0.0521759 0.0591562 0.163508
375 0.10893 0.0305965 0.0783333 0.139526
376 0.100041 0.00484041 0.0952009 0.104882
377 0.129455 0.0949783 0.0344763 0.224433
378 0.123314 0.0883118 0.0350018 0.211625
379 0.115836 0.0413977 0.0744387 0.157234
380 0.128343 0.106885 0.0214588 0.235228
381 0.0995458 0.00162128 0.0979245 0.101167
382 0.0979993 0.000912181 0.0970871 0.0989115
383 0.101423 0.0142002 0.0872224 0.115623
384 0.102789 0.00822928 0.0945596 0.111018
385 0.102609 0.0112982 0.0913105 0.113907
386 0.101257 0.00486764 0.0963898 0.106125
387 0.15561 0.138497 0.0171126 0.294107
388 0.0986299 0.00155883 0.0970711 0.100189
389 0.115086 0.0693765 0.0457093 0.184462
390 0.0993806 0.00354478 0.0958358 0.102925
391 0.107759 0.0372355 0.0705232 0.144994
392 0.108164 0.0475962 0.0605679 0.15576
393 0.0981344 0.00163816 0.0964963 0.0997726
394 0.101137 0.00904991 0.0920874 0.110187
395 0.101513 0.0101941 0.0913186 0.111707
396 0.0976239 0.00111512 0.0965088 0.0987391
397 0.136977 0.124223 0.012754 0.2612
398 0.0992305 0.00814579 0.0910847 0.107376
399 0.120926 0.102877 0.0180496 0.223803
400 0.109966 0.0377489 0.0722169 0.147715
401 0.0973387 0.000796048 0.0965426 0.0981347
402 0.111707 0.0566154 0.0550921 0.168323
403 0.102774 0.0219464 0.0808275 0.12472
404 0.0991254 0.00715413 0.0919712 0.10628
405 0.102819 0.0249981 0.0778208 0.127817
406 0.0985999 0.00645256 0.0921473 0.105052
407 0.139109 0.179056 -0.0399473 0.318165
408 0.0975038 0.00145601 0.0960478 0.0989598
409 0.119725 0.0913173 0.0284079 0.211043
410 0.100942 0.00797225 0.0929699 0.108914
411 0.0988251 0.000636301 0.0981888 0.0994614
412 0.102594 0.00856917 0.0940245 0.111163
413 0.102338 0.0079922 0.0943463 0.110331
414 0.118299 0.0543824 0.0639164 0.172681
415 0.120266 0.0834484 0.0368173 0.203714
416 0.10348 0.0033282 0.100151 0.106808
417 0.115386 0.0617379 0.0536481 0.177124
418 0.104936 0.0141064 0.0908296 0.119042
419 0.108254 0.0260774 0.0821768 0.134332
420 0.142292 0.140884 0.00140803 0.283176
421 0.100867 0.00140816 0.0994589 0.102275
422 0.146916 0.204249 -0.0573324 0.351165
423 0.107849 0.021923 0.0859258 0.129772
424 0.128193 0.121197 0.00699661 0.24939
425 0.102158 0.00529361 0.0968647 0.107452
426 0.109335 0.0292621 0.0800731 0.138597
427 0.100747 0.000932831 0.0998141 0.10168
428 0.104065 0.0101901 0.093875 0.114255
429 0.110852 0.053459 0.0573927 0.164311
430 0.100417 0.0101844 0.0902323 0.110601
431 0.0983446 0.00150594 0.0968387 0.0998506
432 0.100702 0.00931974 0.0913822 0.110022
433 0.0982095 0.00141638 0.0967931 0.0996259
434 0.0991404 0.00369523 0.0954452 0.102836
435 0.0997109 0.00722348 0.0924875 0.106934
436 0.0977891 0.000579759 0.0972093 0.0983689
437 0.0979392 0.000624679 0.0973146 0.0985639
438 0.0981194 0.00102219 0.0970972 0.0991416
439 0.104305 0.0275596 0.0767457 0.131865
440 0.0982245 0.00595973 0.0922648 0.104184
441 0.101558 0.0126441 0.0889136 0.114202
442 0.0989152 0.00726389 0.0916513 0.106179
443 0.0974438 0.00082511 0.0966186 0.0982689
444 0.102323 0.0120209 0.0903026 0.114344
445 0.097744 0.00082511 0.0969189 0.0985692
446 0.0994707 0.00706597 0.0924047 0.106537
447 0.103014 0.0194205 0.0835936 0.122435
448 0.099771 0.00273391 0.0970371 0.102505
449 0.126737 0.0792233 0.0475137 0.20596
450 0.118794 0.0712873 0.047507 0.190082
451 0.149199 0.110563 0.0386356 0.259762
452 0.113119 0.0551654 0.0579535 0.168284
453 0.0994857 0.00142154 0.0980642 0.100907
454 0.143208 0.105731 0.0374766 0.248939
455 0.114155 0.0374128 0.076742 0.151568
456 0.16663 0.168364 -0.00173356 0.334994
457 0.104606 0.00921563 0.09539 0.113821
458 0.119605 0.0750795 0.0445256 0.194685
459 0.102128 0.00143354 0.100695 0.103562
460 0.132668 0.131884 0.000783446 0.264552
461 0.101903 0.00138679 0.100516 0.10329
462 0.109681 0.0278648 0.0818157 0.137545
463 0.102984 0.00218918 0.100795 0.105173
464 0.102248 0.00114937 0.101099 0.103398
465 0.105672 0.0161922 0.0894795 0.121864
466 0.101903 0.00119843 0.100705 0.103101
467 0.107353 0.0194179 0.0879354 0.126771
468 0.105927 0.0199379 0.085989 0.125865
469 0.101498 0.000735555 0.100762 0.102233
470 0.114966 0.0586521 0.0563135 0.173618
471 0.101573 0.00112308 0.10045 0.102696
472 0.101182 0.00117257 0.10001 0.102355
473 0.108434 0.023793 0.0846413 0.132227
474 0.101783 0.00116872 0.100614 0.102952
475 0.101798 0.00165022 0.100148 0.103448
476 0.101317 0.000937171 0.10038 0.102255
477 0.101813 0.00146027 0.100353 0.103273
478 0.103389 0.00699493 0.0963946 0.110384
479 0.113434 0.0525216 0.0609125 0.165956
480 0.121467 0.0725416 0.0489253 0.194008
481 0.103735 0.00720974 0.0965251 0.110945
482 0.10384 0.00842716 0.0954128 0.112267
483 0.107008 0.0210541 0.0859538 0.128062
484 0.117758 0.0689099 0.0488484 0.186668
485 0.116963 0.0557708 0.0611917 0.172733
486 0.104771 0.0092306 0.0955402 0.114001
487 0.103059 0.0035967 0.0994625 0.106656
488 0.118314 0.0708275 0.0474864 0.189141
489 0.113734 0.0521145 0.0616199 0.165849
490 0.102654 0.00272631 0.0999275 0.10538
491 0.103239 0.00948628 0.0937531 0.112726
492 0.104035 0.00891179 0.0951233 0.112947
493 0.11465 0.0484877 0.0661626 0.163138
494 0.101348 0.00136127 0.0999862 0.102709
495 0.106708 0.0189309 0.0877768 0.125639
496 0.100867 0.0014304 0.0994367 0.102297
497 0.101768 0.00135928 0.100409 0.103127
498 0.115431 0.0629431 0.0524879 0.178374
499 0.0996659 0.00153383 0.0981321 0.1012
500 0.127878 0.12485 0.00302766 0.252728
501 0.0991104 0.00120668 0.0979037 0.100317
502 0.132968 0.147515 -0.0145472 0.280483
503 0.13561 0.156411 -0.020801 0.292022
504 0.103029 0.0104963 0.0925328 0.113525
505 0.105792 0.018409 0.0873828 0.124201
506 0.0990954 0.00106592 0.0980294 0.100161
507 0.131331 0.129548 0.0017829 0.26088
508 0.0999812 0.00277743 0.0972038 0.102759
509 0.0996359 0.00659242 0.0930435 0.106228
510 0.100582 0.00836695 0.0922148 0.108949
511 0.0984047 0.00261286 0.0957918 0.101018
512 0.103374 0.00665455 0.0967199 0.110029
513 0.099741 0.00161787 0.0981231 0.101359
514 0.100342 0.00315986 0.0971817 0.103501
515 0.109365 0.0384349 0.0709303 0.1478
516 0.113419 0.0605879 0.0528313 0.174007
517 0.141616 0.134478 0.00713779 0.276095
518 0.0984948 0.00131237 0.0971824 0.0998071
519 0.0981044 0.00101877 0.0970856 0.0991232
520 0.127758 0.111822 0.0159364 0.239579
521 0.12435 0.113671 0.0106788 0.238021
522 0.101242 0.0101163 0.0911261 0.111359
523 0.117008 0.0706928 0.0463147 0.1877
524 0.127548 0.119432 0.00811553 0.24698
525 0.097669 0.000793781 0.0968752 0.0984628
526 0.0981194 0.00145222 0.0966672 0.0995716
527 0.0992605 0.008185 0.0910755 0.107446
528 0.113794 0.0622278 0.0515667 0.176022
529 0.127548 0.125286 0.0022613 0.252834
530 0.0975789 0.000774227 0.0968047 0.0983531
531 0.0979092 0.00173409 0.0961751 0.0996433
532 0.112683 0.0622896 0.0503938 0.174973
533 0.113479 0.0695292 0.04395 0.183008
534 0.102444 0.0124991 0.0899445 0.114943
535 0.0984047 0.00155194 0.0968527 0.0999566
536 0.100477 0.00883554 0.0916411 0.109312
537 0.12989 0.133203 -0.00331267 0.263093
538 0.123103 0.102244 0.0208595 0.225347
539 0.104531 0.0121767 0.0923539 0.116707
540 0.108239 0.0377972 0.0704419 0.146036
541 0.101723 0.0124683 0.0892546 0.114191
542 0.101092 0.00821842 0.0928739 0.109311
543 0.117878 0.0614191 0.0564594 0.179297
544 0.106257 0.011031 0.0952263 0.117288
545 0.159483 0.139782 0.0197018 0.299265
546 0.101227 0.00465487 0.0965725 0.105882
547 0.101813 0.00382851 0.0979845 0.105641
548 0.100507 0.000921158 0.0995855 0.101428
549 0.100687 0.00121645 0.0994704 0.101903
550 0.101408 0.00577547 0.0956321 0.107183
551 0.100417 0.00164858 0.098768 0.102065
552 0.120311 0.0799857 0.040325 0.200297
553 0.13468 0.115862 0.018818 0.250541
554 0.101257 0.00216458 0.0990928 0.103422
555 0.104951 0.0129395 0.0920115 0.11789
556 0.0995308 0.000898236 0.0986325 0.100429
557 0.106948 0.0329794 0.0739685 0.139927
558 0.137758 0.16296 -0.025202 0.300717
559 0.107579 0.0345367 0.0730418 0.142115
560 0.100582 0.00765971 0.0929221 0.108241
561 0.0982996 0.0013405 0.0969591 0.0996401
562 0.100372 0.00600719 0.0943644 0.106379
563 0.108074 0.0438315 0.0642425 0.151905
564 0.126962 0.126846 0.000115815 0.253809
565 0.101663 0.00921915 0.0924437 0.110882
566 0.134409 0.126331 0.00807786 0.260741
567 0.104516 0.0208199 0.0836957 0.125335
568 0.104065 0.0286447 0.0754204 0.13271
569 0.120671 0.101698 0.0189729 0.222369
570 0.0988251 0.00468672 0.0941384 0.103512
571 0.0989152 0.0050982 0.093817 0.104013
572 0.102489 0.0183368 0.0841518 0.120825
573 0.12001 0.0908367 0.0291738 0.210847
574 0.1251 0.119221 0.00587978 0.244321
575 0.098765 0.00365798 0.095107 0.102423
576 0.100372 0.0069046 0.093467 0.107276
577 0.0965129 0.000719442 0.0957934 0.0972323
578 0.124515 0.115422 0.00909293 0.239937
579 0.102053 0.0139643 0.0880889 0.116018
580 0.0981344 0.00199099 0.0961434 0.100125
581 0.0985999 0.00341099 0.0951889 0.102011
582 0.124785 0.104475 0.02031 0.22926
583 0.107969 0.0131753 0.0947936 0.121144
584 0.101828 0.00304893 0.098779 0.104877
585 0.102248 0.00128634 0.100962 0.103535
586 0.103855 0.00601124 0.0978437 0.109866
587 0.10372 0.00868318 0.0950366 0.112403
588 0.104576 0.0108893 0.0936863 0.115465
589 0.101708 0.00115952 0.100548 0.102867
590 0.103525 0.0056522 0.0978724 0.109177
591 0.103149 0.00605475 0.0970945 0.109204
592 0.116257 0.064001 0.0522559 0.180258
593 0.103495 0.00757733 0.0959173 0.111072
594 0.101573 0.000929804 0.100643 0.102503
595 0.101378 0.000984105 0.100393 0.102362
596 0.111888 0.0438704 0.0680173 0.155758
597 0.103134 0.00708037 0.0960539 0.110215
598 0.116302 0.0413988 0.0749031 0.157701
599 0.135941 0.156544 -0.0206031 0.292485
600 0.102233 0.00712924 0.0951041 0.109363
601 0.101378 0.00714057 0.094237 0.108518
602 0.136046 0.107661 0.0283844 0.243707
603 0.120626 0.0800609 0.0405651 0.200687
604 0.105777 0.0256971 0.0800797 0.131474
605 0.101002 0.00341759 0.0975846 0.10442
606 0.101798 0.00730079 0.0944972 0.109099
607 0.100777 0.00192607 0.0988509 0.102703
608 0.109155 0.0215537 0.0876014 0.130709
609 0.102684 0.00818114 0.0945027 0.110865
610 0.102624 0.00830334 0.0943204 0.110927
611 0.100612 0.00174704 0.0988648 0.102359
612 0.0999812 0.00105519 0.098926 0.101036
613 0.143974 0.125082 0.0188913 0.269056
614 0.102098 0.00800708 0.0940912 0.110105
615 0.102729 0.00756639 0.0951625 0.110295
616 0.101002 0.00268465 0.0983175 0.103687
617 0.101753 0.00726567 0.0944872 0.109019
618 0.109876 0.0387817 0.071094 0.148657
619 0.106452 0.0250405 0.0814119 0.131493
620 0.100852 0.00295792 0.0978941 0.10381
621 0.099726 0.00109059 0.0986354 0.100817
622 0.138824 0.156076 -0.0172523 0.294899
623 0.118119 0.0790729 0.0390458 0.197192
624 0.100056 0.00121088 0.0988454 0.101267
625 0.105191 0.0125232 0.092668 0.117714
626 0.0990053 0.00263006 0.0963752 0.101635
627 0.0994707 0.00464223 0.0948285 0.104113
628 0.0980293 0.00212012 0.0959092 0.100149
629 0.123314 0.0884035 0.0349101 0.211717
630 0.130205 0.12812 0.00208542 0.258325
631 0.0991554 0.00393779 0.0952176 0.103093
632 0.102444 0.0196423 0.0828013 0.122086
633 0.100071 0.0017939 0.0982774 0.101865
634 0.0995158 0.00532486 0.0941909 0.104841
635 0.10432 0.0352645 0.0690559 0.139585
636 0.0960925 0.00133957 0.0947529 0.097432
637 0.119275 0.0673097 0.051965 0.186584
638 0.0964378 0.00123183 0.095206 0.0976696
639 0.096648 0.00471394 0.0919341 0.101362
640 0.10396 0.0193926 0.0845674 0.123353
641 0.111347 0.0558448 0.0555023 0.167192
642 0.100957 0.0118747 0.0890824 0.112832
643 0.100251 0.00711265 0.0931388 0.107364
644 0.11438 0.0718902 0.0424899 0.18627
645 0.0979392 0.0011718 0.0967674 0.099111
646 0.107533 0.0338398 0.0736937 0.141373
647 0.111017 0.0566694 0.0543474 0.167686
648 0.0978492 0.0011718 0.0966774 0.099021
649 0.113614 0.048779 0.0648353 0.162393
650 0.0973387 0.00112468 0.096214 0.0984633
651 0.111302 0.0579662 0.0533359 0.169268
652 0.096678 0.00207498 0.094603 0.098753
653 0.096603 0.00083381 0.0957691 0.0974368
654 0.0996659 0.0122652 0.0874007 0.111931
655 0.126617 0.108935 0.0176821 0.235552
656 0.124785 0.126036 -0.00125044 0.250821
657 0.0991254 0.00949165 0.0896337 0.108617
658 0.130656 0.121355 0.00930091 0.252011
659 0.0959723 0.000965605 0.0950067 0.0969379
660 0.123164 0.0807351 0.0424284 0.203899
661 0.129575 0.138822 -0.00924755 0.268397
662 0.0967531 0.0016076 0.0951455 0.0983607
663 0.0971134 0.00217663 0.0949368 0.0992901
664 0.100387 0.0095999 0.0907867 0.109986
665 0.101888 0.0101024 0.0917856 0.11199
666 0.0970384 0.00100619 0.0960322 0.0980446
667 0.107263 0.0464961 0.0607671 0.153759
668 0.096633 0.000893833 0.0957391 0.0975268
669 0.0988551 0.00704342 0.0918117 0.105899
670 0.0971885 0.00145346 0.0957351 0.098642
671 0.0992004 0.00162898 0.0975715 0.100829
672 0.108765 0.0213115 0.0874531 0.130076
673 0.0999211 0.00106961 0.0988515 0.100991
674 0.128779 0.089145 0.0396339 0.217924
675 0.118689 0.0858278 0.0328614 0.204517
676 0.104831 0.0147426 0.0900883 0.119573
677 0.118344 0.0748406 0.0435033 0.193184
678 0.101678 0.00772356 0.0939543 0.109401
679 0.125656 0.1077 0.0179554 0.233356
680 0.105762 0.0278424 0.0779194 0.133604
681 0.100026 0.00163898 0.0983873 0.101665
682 0.108434 0.0308009 0.0776334 0.139235
683 0.101107 0.00696327 0.094144 0.108071
684 0.0975489 0.000693107 0.0968558 0.098242
685 0.110476 0.0531496 0.0573267 0.163626
686 0.151886 0.177276 -0.0253902 0.329162
687 0.0995908 0.00756005 0.0920308 0.107151
688 0.102038 0.0120155 0.0900226 0.114054
689 0.0967681 0.000874842 0.0958933 0.097643
690 0.0990203 0.0074523 0.091568 0.106473
691 0.101453 0.013331 0.0881216 0.114784
692 0.10441 0.0308317 0.0735788 0.135242
693 0.100852 0.00968741 0.0911646 0.110539
694 0.0960324 0.000857797 0.0951746 0.0968902
695 0.0963327 0.00159068 0.094742 0.0979234
696 0.098705 0.00815941 0.0905456 0.106864
697 0.0957021 0.0008392 0.0948629 0.0965413
698 0.115746 0.0556061 0.0601403 0.171352
699 0.0962426 0.00115328 0.0950893 0.0973959
700 0.0970534 0.003504 0.0935494 0.100557
701 0.097714 0.00699577 0.0907183 0.10471
702 0.104155 0.0280434 0.0761118 0.132199
703 0.102834 0.0282855 0.0745485 0.131119
704 0.103945 0.0155329 0.0884121 0.119478
705 0.120746 0.0553732 0.065373 0.176119
706 0.107729 0.0285903 0.0791384 0.136319
707 0.113179 0.0594141 0.0537648 0.172593
708 0.099786 0.00170954 0.0980765 0.101496
709 0.103179 0.0121728 0.0910065 0.115352
710 0.105912 0.010762 0.09515 0.116674
711 0.108224 0.017827 0.0903971 0.126051
712 0.116182 0.0616742 0.0545076 0.177856
713 0.105221 0.00825024 0.096971 0.113471
714 0.129875 0.116517 0.0133582 0.246392
715 0.128539 0.107541 0.0209981 0.236079
716 0.103555 0.00639219 0.0971625 0.109947
717 0.108134 0.0165017 0.0916324 0.124636
718 0.131677 0.104619 0.0270577 0.236296
719 0.104395 0.0070917 0.0973038 0.111487
720 0.124245 0.095437 0.0288076 0.219682
721 0.10354 0.00739808 0.0961415 0.110938
722 0.104786 0.0140324 0.0907535 0.118818
723 0.106422 0.0155007 0.0909217 0.121923
724 0.123824 0.0913879 0.0324363 0.215212
725 0.101738 0.00143888 0.100299 0.103177
726 0.102549 0.00582398 0.0967247 0.108373
727 0.104756 0.0107846 0.0939712 0.11554
728 0.144694 0.129516 0.0151777 0.274211
729 0.116092 0.0419918 0.0740999 0.158083
730 0.10444 0.00757633 0.0968642 0.112017
731 0.103735 0.00991157 0.0938232 0.113646
732 0.102909 0.00308012 0.0998289 0.105989
733 0.151391 0.151439 -4.85338e-005 0.30283
734 0.10342 0.00733123 0.0960883 0.110751
735 0.105221 0.0108891 0.0943321 0.11611
736 0.104816 0.00319561 0.10162 0.108011
737 0.104275 0.00748429 0.096791 0.11176
738 0.118179 0.0696251 0.0485537 0.187804
739 0.11956 0.0738188 0.0457412 0.193379
740 0.116437 0.0501514 0.0662856 0.166588
741 0.103239 0.00516951 0.0980698 0.108409
742 0.101813 0.0015178 0.100295 0.103331
743 0.111542 0.0419383 0.069604 0.153481
744 0.102579 0.00182263 0.100756 0.104401
745 0.102143 0.00243081 0.0997125 0.104574
746 0.103299 0.00763349 0.0956659 0.110933
747 0.107654 0.0214238 0.0862298 0.129077
748 0.118194 0.0552303 0.0629635 0.173424
749 0.113194 0.0399845 0.0732094 0.153178
750 0.101287 0.00111188 0.100176 0.102399
751 0.101498 0.00268083 0.0988168 0.104178
752 0.101212 0.000913169 0.100299 0.102126
753 0.0995308 0.000667932 0.0988628 0.100199
754 0.0989752 0.000796757 0.0981785 0.099772
755 0.0987951 0.000710613 0.0980844 0.0995057
756 0.10402 0.0154319 0.0885882 0.119452
757 0.110732 0.0559684 0.0547631 0.1667
758 0.125761 0.0781532 0.0476078 0.203914
759 0.126932 0.118324 0.00860778 0.245256
760 0.115791 0.078021 0.0377704 0.193812
761 0.107053 0.041034 0.066019 0.148087
762 0.0979092 0.00116098 0.0967482 0.0990702
763 0.0973687 0.00142083 0.0959479 0.0987895
764 0.10432 0.0193714 0.084949 0.123692
765 0.130971 0.148946 -0.0179747 0.279917
766 0.096603 0.00180448 0.0947985 0.0984074
767 0.113779 0.0697956 0.0439839 0.183575
768 0.136962 0.111225 0.0257365 0.248187
769 0.0994257 0.0037106 0.0957151 0.103136
770 0.0984047 0.00285369 0.095551 0.101258
771 0.110852 0.0495087 0.0613429 0.16036
772 0.100597 0.00829744 0.0922994 0.108894
773 0.0980293 0.0012757 0.0967536 0.099305
774 0.110656 0.0516174 0.059039 0.162274
775 0.103044 0.0197784 0.0832658 0.122823
776 0.0985698 0.00116253 0.0974073 0.0997324
777 0.121332 0.0959688 0.0253629 0.217301
778 0.110266 0.0404143 0.0698518 0.15068
779 0.0994107 0.0067458 0.0926649 0.106156
780 0.107323 0.0420779 0.0652454 0.149401
781 0.099816 0.00984765 0.0899684 0.109664
782 0.0978191 0.00147072 0.0963484 0.0992898
783 0.0974287 0.00120294 0.0962258 0.0986317
784 0.0974588 0.00105519 0.0964036 0.098514
785 0.0976089 0.00107634 0.0965326 0.0986853
786 0.0975338 0.00112197 0.0964119 0.0986558
787 0.114605 0.0757393 0.038866 0.190345
788 0.0990503 0.00562453 0.0934258 0.104675
789 0.101378 0.0173606 0.0840169 0.118738
790 0.127247 0.13057 -0.00332218 0.257817
791 0.101317 0.0170667 0.0842508 0.118384
792 0.108209 0.0375367 0.0706724 0.145746
793 0.114936 0.0623493 0.0525863 0.177285
794 0.100206 0.0046628 0.0955436 0.104869
795 0.126211 0.0742123 0.0519992 0.200424
796 0.122653 0.089189 0.033464 0.211842
797 0.0978341 0.00106423 0.0967699 0.0988984
798 0.110762 0.0455151 0.0652465 0.156277
799 0.0999061 0.00390503 0.0960011 0.103811
