# ../output/graphs/perf_parallel80BIPED_thread3
# step - mean (0.127599) - standard deviation (0.0275956) r=20 - ylow - yhigh
0 0.1299 0.0362904 0.0936097 0.166191
1 0.128745 0.0319328 0.0968127 0.160678
2 0.125752 0.0255437 0.100208 0.151296
3 0.124362 0.0262705 0.0980915 0.150633
4 0.128318 0.0281611 0.100157 0.156479
5 0.135032 0.0266051 0.108427 0.161637
6 0.133642 0.0264537 0.107188 0.160096
7 0.128425 0.0261549 0.10227 0.15458
8 0.128703 0.0268629 0.10184 0.155566
9 0.131718 0.0254327 0.106285 0.15715
10 0.130584 0.0275395 0.103045 0.158124
11 0.127933 0.0271536 0.100779 0.155087
12 0.122951 0.0261424 0.0968083 0.149093
13 0.122737 0.0263933 0.0963436 0.14913
14 0.123849 0.0262548 0.097594 0.150104
15 0.125453 0.0276135 0.097839 0.153066
16 0.127634 0.0267916 0.100842 0.154425
17 0.126778 0.0268591 0.0999191 0.153637
18 0.129045 0.0264714 0.102573 0.155516
19 0.130606 0.028519 0.102087 0.159125
20 0.131183 0.0280946 0.103088 0.159278
21 0.127933 0.0278407 0.100092 0.155774
22 0.12186 0.0272233 0.0946369 0.149084
23 0.118268 0.0260822 0.0921857 0.14435
24 0.116728 0.0266001 0.0901282 0.143329
25 0.112644 0.0245808 0.0880634 0.137225
26 0.110784 0.0232801 0.0875039 0.134064
27 0.115125 0.0262824 0.0888423 0.141407
28 0.118054 0.0254814 0.0925727 0.143535
29 0.124939 0.0250626 0.0998767 0.150002
30 0.125346 0.0253484 0.0999972 0.150694
31 0.126393 0.0254217 0.100972 0.151815
32 0.126543 0.0253826 0.10116 0.151926
33 0.128874 0.0252687 0.103605 0.154142
34 0.134284 0.0279475 0.106336 0.162231
35 0.142644 0.0312227 0.111421 0.173867
36 0.141661 0.0260413 0.115619 0.167702
37 0.134412 0.027566 0.106846 0.161978
38 0.136187 0.028576 0.107611 0.164763
39 0.137769 0.028429 0.10934 0.166198
40 0.137833 0.0286861 0.109147 0.166519
41 0.133407 0.0267626 0.106644 0.160169
42 0.13454 0.0333116 0.101229 0.167852
43 0.129023 0.0276376 0.101386 0.156661
44 0.130435 0.0277883 0.102646 0.158223
45 0.125196 0.0267685 0.0984274 0.151964
46 0.132445 0.0296301 0.102815 0.162075
47 0.134562 0.0289817 0.10558 0.163543
48 0.134305 0.0301002 0.104205 0.164405
49 0.133728 0.0295642 0.104163 0.163292
50 0.13871 0.0273339 0.111376 0.166044
51 0.142922 0.0261383 0.116784 0.16906
52 0.145702 0.0252425 0.120459 0.170944
53 0.149615 0.0246803 0.124935 0.174295
54 0.145894 0.0254511 0.120443 0.171346
55 0.145616 0.0255283 0.120088 0.171145
56 0.145018 0.0246256 0.120392 0.169643
57 0.141062 0.0255741 0.115488 0.166636
58 0.13856 0.0259795 0.112581 0.16454
59 0.137833 0.025995 0.111838 0.163828
60 0.141554 0.0242744 0.117279 0.165828
61 0.135246 0.0257158 0.10953 0.160962
62 0.139736 0.0254031 0.114333 0.165139
63 0.140314 0.0256025 0.114711 0.165916
64 0.150107 0.0205042 0.129603 0.170611
65 0.145125 0.0244394 0.120685 0.169564
66 0.151732 0.0430391 0.108693 0.194771
67 0.144868 0.0239708 0.120897 0.168839
68 0.134754 0.0271589 0.107595 0.161913
69 0.13067 0.0281803 0.10249 0.15885
70 0.131547 0.0290401 0.102507 0.160587
71 0.130157 0.0280064 0.10215 0.158163
72 0.134134 0.027376 0.106758 0.16151
73 0.137448 0.0290788 0.108369 0.166527
74 0.136058 0.0274607 0.108598 0.163519
75 0.138753 0.0272488 0.111504 0.166001
76 0.136871 0.0280733 0.108798 0.164944
77 0.136229 0.0255706 0.110659 0.1618
78 0.133257 0.0275455 0.105712 0.160803
79 0.13593 0.0274817 0.108448 0.163412
80 0.138282 0.0264214 0.111861 0.164704
81 0.13484 0.0271728 0.107667 0.162012
82 0.143179 0.0284738 0.114705 0.171653
83 0.146322 0.0256237 0.120698 0.171946
84 0.144783 0.0240882 0.120694 0.168871
85 0.143671 0.0236015 0.120069 0.167272
86 0.141874 0.0245251 0.117349 0.1664
87 0.140485 0.0242154 0.116269 0.1647
88 0.144419 0.0240379 0.120381 0.168457
89 0.146279 0.0226506 0.123629 0.16893
90 0.147284 0.0221191 0.125165 0.169403
91 0.14412 0.0232288 0.120891 0.167348
92 0.146151 0.0221259 0.124025 0.168277
93 0.144141 0.0249515 0.119189 0.169093
94 0.142901 0.0231804 0.11972 0.166081
95 0.138496 0.0257536 0.112742 0.16425
96 0.138817 0.0246027 0.114214 0.163419
97 0.138453 0.026137 0.112316 0.16459
98 0.133514 0.0250003 0.108514 0.158514
99 0.135011 0.0254902 0.10952 0.160501
100 0.131076 0.0245887 0.106488 0.155665
101 0.132445 0.0269008 0.105544 0.159346
102 0.128232 0.02586 0.102372 0.154092
103 0.123742 0.0272501 0.0964918 0.150992
104 0.129537 0.0278084 0.101728 0.157345
105 0.129194 0.028997 0.100197 0.158192
106 0.133193 0.0289047 0.104288 0.162098
107 0.135096 0.0259375 0.109159 0.161034
108 0.128745 0.025093 0.103652 0.153838
109 0.135353 0.0281065 0.107246 0.163459
110 0.133706 0.0250528 0.108653 0.158759
111 0.136336 0.0241046 0.112232 0.160441
112 0.149337 0.0262945 0.123042 0.175632
113 0.149016 0.0221926 0.126824 0.171209
114 0.145616 0.0220727 0.123544 0.167689
115 0.14042 0.0243802 0.11604 0.164801
116 0.139458 0.0234353 0.116023 0.162893
117 0.142516 0.0264379 0.116078 0.168954
118 0.149102 0.0323015 0.1168 0.181403
119 0.146536 0.0227721 0.123764 0.169308
120 0.151518 0.0169915 0.134527 0.16851
121 0.152309 0.0167148 0.135594 0.169024
122 0.151796 0.0161925 0.135604 0.167989
123 0.148974 0.0196602 0.129313 0.168634
124 0.135502 0.0264826 0.10902 0.161985
125 0.131183 0.0265201 0.104663 0.157703
126 0.129152 0.0270642 0.102088 0.156216
127 0.131204 0.029801 0.101403 0.161005
128 0.129408 0.0277872 0.101621 0.157195
129 0.132316 0.0263501 0.105966 0.158666
130 0.128724 0.0253953 0.103329 0.154119
131 0.131311 0.0277087 0.103603 0.15902
132 0.131311 0.0281891 0.103122 0.1595
133 0.132723 0.0281175 0.104605 0.16084
134 0.128831 0.026288 0.102543 0.155119
135 0.12913 0.0261924 0.102938 0.155323
136 0.121753 0.0273081 0.0944452 0.149061
137 0.124832 0.0268981 0.0979344 0.15173
138 0.120834 0.0246425 0.0961913 0.145476
139 0.121967 0.0261554 0.0958117 0.148123
140 0.127505 0.0269339 0.100571 0.154439
141 0.130969 0.0270655 0.103904 0.158035
142 0.137106 0.0256723 0.111434 0.162778
143 0.136572 0.0264207 0.110151 0.162992
144 0.137598 0.026625 0.110973 0.164223
145 0.134583 0.0269952 0.107588 0.161578
146 0.131033 0.0268683 0.104165 0.157902
147 0.13484 0.0277139 0.107126 0.162553
148 0.132124 0.0271648 0.104959 0.159289
149 0.126415 0.027363 0.0990517 0.153778
150 0.130093 0.0292015 0.100891 0.159294
151 0.125773 0.0275825 0.0981907 0.153356
152 0.124683 0.0266125 0.0980702 0.151295
153 0.124469 0.0286894 0.0957795 0.153158
154 0.133599 0.0265874 0.107012 0.160187
155 0.131568 0.0274734 0.104095 0.159041
156 0.130584 0.028542 0.102042 0.159126
157 0.13144 0.0272622 0.104177 0.158702
158 0.131055 0.0265596 0.104495 0.157614
159 0.129216 0.0273456 0.10187 0.156561
160 0.135139 0.0295831 0.105556 0.164722
161 0.13067 0.0274738 0.103196 0.158144
162 0.133129 0.0295392 0.10359 0.162668
163 0.13809 0.0281788 0.109911 0.166269
164 0.130007 0.027624 0.102383 0.157631
165 0.136764 0.0284889 0.108275 0.165253
166 0.143778 0.0247496 0.119028 0.168527
167 0.14645 0.0229378 0.123513 0.169388
168 0.142794 0.0236709 0.119123 0.166465
169 0.14707 0.0227027 0.124368 0.169773
170 0.146215 0.0230676 0.123148 0.169283
171 0.142495 0.0271982 0.115296 0.169693
172 0.13685 0.0258895 0.11096 0.162739
173 0.131611 0.0272936 0.104317 0.158904
174 0.142281 0.0240516 0.118229 0.166332
175 0.140057 0.0254508 0.114606 0.165508
176 0.13655 0.024349 0.112201 0.160899
177 0.136678 0.0250547 0.111624 0.161733
178 0.1367 0.0256783 0.111022 0.162378
179 0.13176 0.027695 0.104065 0.159455
180 0.131397 0.0274319 0.103965 0.158829
181 0.131504 0.0268925 0.104611 0.158396
182 0.126158 0.0261657 0.0999925 0.152324
183 0.123635 0.0263297 0.0973052 0.149965
184 0.12789 0.0292684 0.0986217 0.157159
185 0.125153 0.0272021 0.0979511 0.152355
186 0.130584 0.0271348 0.10345 0.157719
187 0.133514 0.0258806 0.107633 0.159394
188 0.139244 0.0249115 0.114333 0.164156
189 0.138111 0.0243952 0.113716 0.162506
190 0.137021 0.0257853 0.111235 0.162806
191 0.131525 0.026919 0.104606 0.158444
192 0.13484 0.0265274 0.108312 0.161367
193 0.133621 0.0281913 0.105429 0.161812
194 0.135631 0.025649 0.109982 0.16128
195 0.137705 0.0262567 0.111448 0.163962
196 0.148631 0.0282351 0.120396 0.176866
197 0.14042 0.0246795 0.115741 0.1651
198 0.134497 0.0224303 0.112067 0.156928
199 0.128745 0.0267633 0.101982 0.155509
200 0.128125 0.0290142 0.0991111 0.15714
201 0.126137 0.0264916 0.0996451 0.152628
202 0.131974 0.0256794 0.106295 0.157654
203 0.134861 0.0244824 0.110379 0.159343
204 0.131162 0.0250863 0.106075 0.156248
205 0.124832 0.0258754 0.098957 0.150708
206 0.124875 0.0256714 0.0992038 0.150547
207 0.125816 0.0258342 0.0999818 0.15165
208 0.126693 0.0264261 0.100267 0.153119
209 0.130542 0.0251212 0.10542 0.155663
210 0.134775 0.0250287 0.109747 0.159804
211 0.130755 0.0256735 0.105082 0.156429
212 0.132316 0.0241988 0.108118 0.156515
213 0.123849 0.0255877 0.0982611 0.149436
214 0.125902 0.0274574 0.0984441 0.153359
215 0.126329 0.0264024 0.0999268 0.152732
216 0.122908 0.0268278 0.0960802 0.149736
217 0.125624 0.0263644 0.0992591 0.151988
218 0.129002 0.0266341 0.102368 0.155636
219 0.118225 0.025558 0.0926671 0.143783
220 0.122673 0.0274181 0.0952547 0.150091
221 0.116001 0.0267504 0.0892509 0.142752
222 0.118161 0.0260733 0.0920877 0.144234
223 0.119701 0.0264704 0.0932302 0.146171
224 0.129002 0.0243156 0.104686 0.153318
225 0.129301 0.026034 0.103267 0.155335
226 0.132552 0.0245306 0.108021 0.157082
227 0.127249 0.0242546 0.102994 0.151503
228 0.130563 0.0246364 0.105927 0.155199
229 0.12928 0.0265787 0.102701 0.155859
230 0.128061 0.0251352 0.102926 0.153196
231 0.136037 0.0261055 0.109931 0.162142
232 0.135011 0.0248997 0.110111 0.15991
233 0.131269 0.0262834 0.104985 0.157552
234 0.133086 0.0259021 0.107184 0.158988
235 0.13206 0.0266383 0.105421 0.158698
236 0.132723 0.0257668 0.106956 0.158489
237 0.136422 0.0245222 0.1119 0.160944
238 0.144954 0.0206803 0.124273 0.165634
239 0.151261 0.0159419 0.13532 0.167203
240 0.148589 0.017976 0.130613 0.166565
241 0.143136 0.0240067 0.119129 0.167143
242 0.140827 0.0215217 0.119305 0.162348
243 0.12943 0.0254278 0.104002 0.154857
244 0.123998 0.0265816 0.0974169 0.15058
245 0.125217 0.0281829 0.0970344 0.1534
246 0.124619 0.0294009 0.0952177 0.154019
247 0.126222 0.029079 0.0971433 0.155301
248 0.127976 0.0285415 0.0994341 0.156517
249 0.128895 0.028861 0.100034 0.157756
250 0.126351 0.0282632 0.0980873 0.154614
251 0.126522 0.0304601 0.0960616 0.156982
252 0.129943 0.0271786 0.102764 0.157121
253 0.129237 0.0267329 0.102504 0.15597
254 0.133321 0.026069 0.107252 0.15939
255 0.135118 0.024417 0.110701 0.159534
256 0.134412 0.0249855 0.109426 0.159397
257 0.130755 0.0255045 0.105251 0.15626
258 0.133001 0.0249294 0.108071 0.15793
259 0.130884 0.0260541 0.10483 0.156938
260 0.130093 0.0264603 0.103632 0.156553
261 0.133963 0.026722 0.107241 0.160685
262 0.133835 0.0278283 0.106006 0.161663
263 0.13377 0.0271615 0.106609 0.160932
264 0.134262 0.0259285 0.108334 0.160191
265 0.135631 0.028009 0.107622 0.16364
266 0.133129 0.0285121 0.104617 0.161641
267 0.13531 0.0268693 0.108441 0.162179
268 0.134177 0.0265955 0.107581 0.160772
269 0.137192 0.0248763 0.112315 0.162068
270 0.135267 0.0277096 0.107558 0.162977
271 0.13546 0.0246456 0.110814 0.160105
272 0.134006 0.0260772 0.107928 0.160083
273 0.135353 0.0293561 0.105997 0.164709
274 0.130991 0.0276954 0.103295 0.158686
275 0.131204 0.0275877 0.103617 0.158792
276 0.133963 0.0265173 0.107446 0.16048
277 0.130606 0.026885 0.103721 0.157491
278 0.126094 0.0250685 0.101026 0.151162
279 0.12278 0.026603 0.0961766 0.149383
280 0.12201 0.0266834 0.0953265 0.148693
281 0.125795 0.0264487 0.0993459 0.152243
282 0.126415 0.0259944 0.10042 0.152409
283 0.132487 0.0247418 0.107746 0.157229
284 0.131098 0.0249852 0.106112 0.156083
285 0.131953 0.0255634 0.106389 0.157516
286 0.132402 0.0256123 0.10679 0.158014
287 0.132381 0.0257725 0.106608 0.158153
288 0.132466 0.0245773 0.107889 0.157043
289 0.131889 0.0258037 0.106085 0.157692
290 0.128382 0.0282248 0.100157 0.156607
291 0.127634 0.0296175 0.098016 0.157251
292 0.125495 0.0261812 0.099314 0.151677
293 0.129066 0.0253699 0.103696 0.154436
294 0.130306 0.0277053 0.102601 0.158012
295 0.127826 0.0240526 0.103773 0.151879
296 0.124298 0.0240695 0.100228 0.148367
297 0.132338 0.0248458 0.107492 0.157184
298 0.13377 0.0237972 0.109973 0.157568
299 0.127612 0.0248089 0.102803 0.152421
300 0.131953 0.0241367 0.107816 0.15609
301 0.131204 0.0238984 0.107306 0.155103
302 0.132423 0.0235902 0.108833 0.156014
303 0.130755 0.025007 0.105748 0.155762
304 0.13253 0.0239811 0.108549 0.156511
305 0.131461 0.0254627 0.105998 0.156924
306 0.127163 0.0287822 0.0983809 0.155945
307 0.123485 0.025438 0.0980473 0.148923
308 0.131803 0.0283731 0.10343 0.160176
309 0.134134 0.028026 0.106108 0.16216
310 0.133172 0.0276052 0.105566 0.160777
311 0.133813 0.0269113 0.106902 0.160724
312 0.134861 0.0268291 0.108032 0.16169
313 0.132658 0.0258883 0.10677 0.158547
314 0.131397 0.0267832 0.104614 0.15818
315 0.131354 0.0281364 0.103218 0.159491
316 0.128938 0.0276364 0.101302 0.156574
317 0.124597 0.0287406 0.0958566 0.153338
318 0.122801 0.0278673 0.0949338 0.150668
319 0.119294 0.0272757 0.0920186 0.14657
320 0.120877 0.0277568 0.0931198 0.148633
321 0.117242 0.0273061 0.0899354 0.144548
322 0.118824 0.0284791 0.0903447 0.147303
323 0.112858 0.0244676 0.0883904 0.137326
324 0.112473 0.0256318 0.0868414 0.138105
325 0.111725 0.0249411 0.0867837 0.136666
326 0.11752 0.0266459 0.0908736 0.144165
327 0.121903 0.0273954 0.0945075 0.149298
328 0.120706 0.0266082 0.0940974 0.147314
329 0.119872 0.0259372 0.0939344 0.145809
330 0.124362 0.0295254 0.0948366 0.153887
331 0.12526 0.0273645 0.0978955 0.152625
332 0.131696 0.0257278 0.105968 0.157424
333 0.135524 0.021321 0.114203 0.156845
334 0.138539 0.0193523 0.119186 0.157891
335 0.136272 0.0226004 0.113672 0.158873
336 0.131055 0.0249702 0.106085 0.156025
337 0.134476 0.0221579 0.112318 0.156634
338 0.136122 0.0222767 0.113846 0.158399
339 0.131825 0.0250472 0.106777 0.156872
340 0.129986 0.0246625 0.105323 0.154648
341 0.130477 0.0239929 0.106485 0.15447
342 0.124448 0.026179 0.0982686 0.150626
343 0.117776 0.0286217 0.0891544 0.146398
344 0.114184 0.0260536 0.0881302 0.140237
345 0.112751 0.0254748 0.0872763 0.138226
346 0.110549 0.025009 0.0855397 0.135558
347 0.111383 0.0252915 0.0860911 0.136674
348 0.119123 0.0269519 0.0921713 0.146075
349 0.118311 0.026269 0.0920416 0.14458
350 0.118631 0.0264412 0.0921903 0.145073
351 0.124234 0.0259359 0.0982978 0.15017
352 0.123165 0.0259611 0.0972034 0.149126
353 0.120577 0.0265458 0.0940315 0.147123
354 0.130349 0.028263 0.102086 0.158612
355 0.126158 0.0263558 0.0998023 0.152514
356 0.126073 0.0284596 0.097613 0.154532
357 0.133535 0.0245296 0.109006 0.158065
358 0.131162 0.0253051 0.105857 0.156467
359 0.12975 0.0244861 0.105264 0.154237
360 0.137042 0.0277401 0.109302 0.164782
361 0.135845 0.0265856 0.109259 0.16243
362 0.13052 0.0245146 0.106006 0.155035
363 0.130542 0.0279327 0.102609 0.158474
364 0.124533 0.0277358 0.0967972 0.152269
365 0.127078 0.027466 0.0996116 0.154544
366 0.125944 0.0276685 0.0982758 0.153613
367 0.12881 0.0269207 0.101889 0.15573
368 0.126158 0.026247 0.0999111 0.152405
369 0.138432 0.0300127 0.108419 0.168445
370 0.136636 0.0256616 0.110974 0.162297
371 0.126073 0.0253818 0.100691 0.151454
372 0.118247 0.0273958 0.0908507 0.145642
373 0.120898 0.0268154 0.0940826 0.147713
374 0.112281 0.0257644 0.0865164 0.138045
375 0.110356 0.0248678 0.0854885 0.135224
376 0.109565 0.0246322 0.084933 0.134197
377 0.11412 0.026514 0.0876057 0.140634
378 0.115424 0.0261188 0.0893052 0.141543
379 0.119059 0.026871 0.0921881 0.14593
380 0.119636 0.0267894 0.092847 0.146426
381 0.123934 0.02573 0.0982044 0.149664
382 0.12263 0.0273053 0.0953247 0.149935
383 0.128917 0.0259701 0.102946 0.154887
384 0.127013 0.0268726 0.100141 0.153886
385 0.124212 0.0274221 0.0967902 0.151634
386 0.125132 0.0261438 0.098988 0.151276
387 0.11814 0.0268753 0.0912644 0.145015
388 0.117584 0.0274891 0.0900946 0.145073
389 0.120363 0.0270072 0.0933563 0.147371
390 0.121561 0.0268306 0.0947302 0.148392
391 0.12742 0.0255623 0.101857 0.152982
392 0.122801 0.0274357 0.0953653 0.150237
393 0.123015 0.0282305 0.0947844 0.151245
394 0.117391 0.0264975 0.0908937 0.143889
395 0.119187 0.0252501 0.0939372 0.144438
396 0.125688 0.0291665 0.0965212 0.154854
397 0.127056 0.0252501 0.101806 0.152306
398 0.130477 0.0283986 0.102079 0.158876
399 0.132381 0.0244084 0.107972 0.156789
400 0.137277 0.0195064 0.117771 0.156784
401 0.130114 0.0235241 0.10659 0.153638
402 0.120684 0.025425 0.0952592 0.146109
403 0.117626 0.0259476 0.0916789 0.143574
404 0.119979 0.026127 0.0938515 0.146106
405 0.128788 0.0256259 0.103162 0.154414
406 0.13129 0.0241929 0.107097 0.155483
407 0.127334 0.0250106 0.102324 0.152345
408 0.125089 0.0265723 0.0985167 0.151661
409 0.128874 0.0259443 0.102929 0.154818
410 0.122716 0.0256922 0.0970233 0.148408
411 0.127185 0.023646 0.103538 0.150831
412 0.13345 0.0210606 0.112389 0.15451
413 0.130285 0.0213974 0.108888 0.151682
414 0.127933 0.0223469 0.105586 0.15028
415 0.119444 0.0243715 0.0950725 0.143815
416 0.112666 0.0242063 0.0884593 0.136872
417 0.117797 0.0266438 0.0911537 0.144441
418 0.119102 0.0241417 0.0949602 0.143244
419 0.120641 0.0249656 0.0956758 0.145607
420 0.122951 0.0240719 0.0988789 0.147023
421 0.127976 0.0225548 0.105421 0.150531
422 0.130264 0.020264 0.11 0.150528
423 0.130563 0.0187799 0.111783 0.149343
424 0.125153 0.0230026 0.102151 0.148156
425 0.128767 0.0223365 0.10643 0.151103
426 0.126393 0.0220835 0.10431 0.148477
427 0.136208 0.0246511 0.111557 0.160859
428 0.131354 0.0260407 0.105313 0.157395
429 0.123186 0.0260941 0.0970918 0.14928
430 0.118674 0.0280176 0.0906566 0.146692
431 0.112794 0.0266923 0.0861017 0.139486
432 0.116279 0.0280556 0.0882238 0.144335
433 0.119102 0.0263771 0.0927247 0.145479
434 0.117049 0.025897 0.0911521 0.142946
435 0.115232 0.0257185 0.089513 0.14095
436 0.113307 0.0264495 0.0868576 0.139757
437 0.113799 0.0267549 0.087044 0.140554
438 0.120577 0.0277285 0.0928487 0.148306
439 0.123571 0.0270495 0.0965214 0.15062
440 0.122224 0.0271416 0.0950821 0.149365
441 0.122523 0.0277022 0.0948209 0.150225
442 0.125303 0.0261583 0.0991445 0.151461
443 0.129066 0.0266812 0.102385 0.155747
444 0.132808 0.0229334 0.109875 0.155742
445 0.133984 0.0229197 0.111065 0.156904
446 0.135738 0.0217375 0.114 0.157475
447 0.140164 0.0198539 0.12031 0.160018
448 0.13794 0.021256 0.116684 0.159196
449 0.134113 0.0233886 0.110724 0.157501
450 0.131376 0.0252822 0.106093 0.156658
451 0.119979 0.0258445 0.0941341 0.145823
452 0.114376 0.0251035 0.0892727 0.13948
453 0.119551 0.0274548 0.0920961 0.147006
454 0.123892 0.0288593 0.0950323 0.152751
455 0.131033 0.0278365 0.103197 0.15887
456 0.13005 0.0271387 0.102911 0.157188
457 0.132616 0.0280663 0.104549 0.160682
458 0.1265 0.0276655 0.0988347 0.154166
459 0.127655 0.0274518 0.100203 0.155107
460 0.121625 0.0259926 0.0956324 0.147618
461 0.132466 0.0246222 0.107844 0.157088
462 0.133236 0.0229517 0.110284 0.156188
463 0.131076 0.0249189 0.106157 0.155995
464 0.125367 0.0262527 0.0991143 0.15162
465 0.123635 0.0265187 0.0971163 0.150154
466 0.12387 0.0277934 0.0960768 0.151664
467 0.123699 0.0271979 0.0965012 0.150897
468 0.123464 0.0271404 0.0963235 0.150604
469 0.125773 0.0300769 0.0956964 0.15585
470 0.126778 0.0274111 0.0993671 0.154189
471 0.124041 0.0260899 0.0979513 0.150131
472 0.121817 0.0286823 0.0931351 0.1505
473 0.120919 0.0276044 0.093315 0.148524
474 0.122288 0.0268356 0.0954522 0.149123
475 0.120791 0.0254368 0.0953543 0.146228
476 0.117733 0.0259988 0.0917345 0.143732
477 0.118546 0.0278832 0.0906627 0.146429
478 0.118738 0.0280993 0.090639 0.146838
479 0.115125 0.0265971 0.0885276 0.141722
480 0.124041 0.0275804 0.0964608 0.151622
481 0.121817 0.0267779 0.0950395 0.148595
482 0.120599 0.0272091 0.0933896 0.147808
483 0.117135 0.028122 0.0890127 0.145257
484 0.120385 0.026513 0.0938718 0.146898
485 0.125346 0.0287866 0.096559 0.154132
486 0.122074 0.0278437 0.0942303 0.149918
487 0.123699 0.0275102 0.096189 0.151209
488 0.12819 0.0281047 0.100085 0.156294
489 0.127655 0.0273908 0.100264 0.155046
490 0.121518 0.0275863 0.0939318 0.149104
491 0.124234 0.0259045 0.0983291 0.150138
492 0.119423 0.0256642 0.0937584 0.145087
493 0.12402 0.0262982 0.0977217 0.150318
494 0.127163 0.0297247 0.0974384 0.156888
495 0.117455 0.0248553 0.0926001 0.142311
496 0.115809 0.0253598 0.0904491 0.141169
497 0.118781 0.0296145 0.0891665 0.148396
498 0.119016 0.0264656 0.0925507 0.145482
499 0.121711 0.0272988 0.0944118 0.149009
500 0.121497 0.0261027 0.095394 0.147599
501 0.127334 0.0261559 0.101178 0.15349
502 0.126864 0.0259788 0.100885 0.152843
503 0.132744 0.0234546 0.109289 0.156199
504 0.129943 0.0244611 0.105482 0.154404
505 0.137405 0.0267064 0.110699 0.164112
506 0.135353 0.0267291 0.108624 0.162082
507 0.133749 0.0264365 0.107313 0.160186
508 0.137769 0.0242187 0.11355 0.161988
509 0.135374 0.0253042 0.11007 0.160678
510 0.132723 0.0261483 0.106574 0.158871
511 0.13392 0.0249782 0.108942 0.158898
512 0.136828 0.0244353 0.112393 0.161263
513 0.131654 0.0279119 0.103742 0.159565
514 0.130435 0.0284498 0.101985 0.158884
515 0.12573 0.026247 0.0994835 0.151977
516 0.117926 0.0258775 0.0920483 0.143803
517 0.127719 0.0273392 0.10038 0.155058
518 0.120342 0.0272988 0.0930433 0.147641
519 0.12216 0.0270179 0.0951416 0.149177
520 0.121817 0.0254526 0.0963649 0.14727
521 0.11613 0.0257196 0.09041 0.141849
522 0.117691 0.0275669 0.0901237 0.145257
523 0.114291 0.0265697 0.087721 0.14086
524 0.111425 0.0271466 0.0842788 0.138572
525 0.116472 0.0258992 0.0905726 0.142371
526 0.115317 0.0271607 0.0881564 0.142478
527 0.12387 0.0283807 0.0954895 0.152251
528 0.122095 0.0269326 0.0951629 0.149028
529 0.124704 0.0269678 0.0977363 0.151672
530 0.122716 0.0273731 0.0953425 0.150089
531 0.129601 0.0265627 0.103038 0.156163
532 0.126885 0.0276961 0.0991891 0.154581
533 0.120706 0.0276524 0.0930532 0.148358
534 0.117477 0.0279923 0.0894844 0.145469
535 0.126115 0.0279098 0.0982056 0.154025
536 0.118289 0.0280391 0.0902502 0.146328
537 0.121882 0.0280663 0.0938153 0.149948
538 0.124811 0.0285189 0.0962921 0.15333
539 0.115146 0.0273659 0.0877802 0.142512
540 0.11243 0.0273344 0.085096 0.139765
541 0.115167 0.0268222 0.0883452 0.14199
542 0.116536 0.0287629 0.087773 0.145299
543 0.115574 0.0295193 0.0860544 0.145093
544 0.119529 0.0315563 0.0879732 0.151086
545 0.116322 0.0274046 0.0889175 0.143727
546 0.118696 0.028088 0.0906076 0.146784
547 0.118631 0.0282862 0.0903452 0.146918
548 0.113414 0.0270917 0.0863223 0.140506
549 0.11737 0.0270657 0.0903042 0.144436
550 0.114889 0.027156 0.0877334 0.142045
551 0.116322 0.0264856 0.0898365 0.142808
552 0.113564 0.026959 0.0866047 0.140523
553 0.115189 0.0287263 0.0864625 0.143915
554 0.116964 0.0279369 0.0890267 0.1449
555 0.120214 0.0271868 0.0930269 0.147401
556 0.119679 0.0262854 0.0933938 0.145965
557 0.115232 0.0275758 0.0876558 0.142807
558 0.117413 0.0281335 0.0892791 0.145546
559 0.111404 0.025662 0.0857421 0.137066
560 0.111425 0.026169 0.0852564 0.137594
561 0.114333 0.027026 0.0873074 0.14136
562 0.11521 0.0273098 0.0879003 0.14252
563 0.117049 0.0268048 0.0902443 0.143854
564 0.114419 0.0263934 0.0880256 0.140812
565 0.116835 0.0275801 0.0892552 0.144415
566 0.117605 0.0281109 0.0894941 0.145716
567 0.121304 0.0289315 0.0923728 0.150236
568 0.11551 0.0270756 0.0884339 0.142585
569 0.112473 0.0259981 0.0864751 0.138471
570 0.117862 0.028237 0.0896246 0.146099
571 0.112409 0.0259415 0.0864675 0.138351
572 0.117242 0.0271311 0.0901105 0.144373
573 0.121454 0.0283884 0.0930656 0.149842
574 0.123293 0.0263051 0.0969877 0.149598
575 0.122352 0.0271043 0.0952477 0.149456
576 0.124298 0.0280961 0.0962018 0.152394
577 0.121518 0.0276439 0.0938742 0.149162
578 0.126778 0.0269492 0.099829 0.153727
579 0.126671 0.0270224 0.0996489 0.153694
580 0.12712 0.0284652 0.0986552 0.155586
581 0.125003 0.0257614 0.0992421 0.150765
582 0.1234 0.0291071 0.0942927 0.152507
583 0.125346 0.0297178 0.0956278 0.155063
584 0.123186 0.0276794 0.0955066 0.150865
585 0.124255 0.0265991 0.097656 0.150854
586 0.130841 0.0250813 0.10576 0.155922
587 0.126949 0.0273737 0.0995756 0.154323
588 0.123271 0.0268855 0.096386 0.150157
589 0.129387 0.0268935 0.102493 0.15628
590 0.120706 0.0260795 0.094626 0.146785
591 0.121454 0.0266113 0.0948426 0.148065
592 0.120855 0.0259564 0.0948989 0.146812
593 0.127398 0.026103 0.101295 0.153501
594 0.134946 0.024621 0.110325 0.159567
595 0.130926 0.0251326 0.105794 0.156059
596 0.127441 0.0258301 0.101611 0.153271
597 0.125025 0.0260748 0.0989501 0.1511
598 0.129301 0.0270609 0.102241 0.156362
599 0.13454 0.024114 0.110426 0.158654
600 0.134775 0.0222377 0.112538 0.157013
601 0.134219 0.0242233 0.109996 0.158443
602 0.135032 0.0227398 0.112292 0.157772
603 0.128061 0.0243649 0.103696 0.152426
604 0.131803 0.0240156 0.107788 0.155819
605 0.127142 0.0267509 0.100391 0.153893
606 0.123528 0.0279911 0.095537 0.151519
607 0.117348 0.0245242 0.0928243 0.141873
608 0.119508 0.0273232 0.0921849 0.146831
609 0.126008 0.0252038 0.100805 0.151212
610 0.123721 0.0243902 0.0993303 0.148111
611 0.123849 0.0246314 0.0992175 0.14848
612 0.117648 0.0240481 0.0935997 0.141696
613 0.116301 0.0242335 0.0920672 0.140534
614 0.115681 0.0247584 0.0909222 0.140439
615 0.11211 0.0240463 0.0880634 0.136156
616 0.114889 0.0257035 0.0891859 0.140593
617 0.120021 0.0253283 0.094693 0.14535
618 0.119423 0.0249077 0.0945149 0.14433
619 0.117904 0.0248298 0.0930746 0.142734
620 0.11645 0.0242522 0.0921981 0.140703
621 0.112003 0.0247811 0.0872217 0.136784
622 0.112794 0.024926 0.0878679 0.13772
623 0.119423 0.0280995 0.0913231 0.147522
624 0.118075 0.0276233 0.0904522 0.145699
625 0.118075 0.0271764 0.0908991 0.145252
626 0.119316 0.027166 0.0921497 0.146482
627 0.122395 0.0266108 0.0957839 0.149006
628 0.123892 0.0289766 0.094915 0.152868
629 0.128703 0.0320309 0.0966718 0.160734
630 0.127398 0.0265018 0.100897 0.1539
631 0.126564 0.0243247 0.10224 0.150889
632 0.122288 0.0262726 0.0960153 0.14856
633 0.121368 0.026242 0.0951264 0.14761
634 0.124683 0.0283088 0.0963739 0.152992
635 0.12774 0.0257017 0.102039 0.153442
636 0.12526 0.0264199 0.0988402 0.15168
637 0.125688 0.0264583 0.0992294 0.152146
638 0.12541 0.0276663 0.0977435 0.153076
639 0.1166 0.0259891 0.090611 0.142589
640 0.123571 0.0260822 0.0974886 0.149653
641 0.130435 0.0308274 0.0996073 0.161262
642 0.121326 0.0266827 0.0946429 0.148008
643 0.129922 0.0268104 0.103111 0.156732
644 0.135652 0.0249816 0.11067 0.160634
645 0.135053 0.0274715 0.107582 0.162525
646 0.138988 0.0277939 0.111194 0.166782
647 0.139736 0.0245117 0.115224 0.164248
648 0.131739 0.0258904 0.105849 0.157629
649 0.132402 0.0272981 0.105104 0.1597
650 0.128446 0.0277374 0.100709 0.156183
651 0.123293 0.0280895 0.0952034 0.151382
652 0.124982 0.0280959 0.0968862 0.153078
653 0.129023 0.0277456 0.101278 0.156769
654 0.128895 0.0274291 0.101466 0.156324
655 0.130371 0.0275272 0.102843 0.157898
656 0.133685 0.0263771 0.107308 0.160062
657 0.128425 0.025915 0.10251 0.15434
658 0.12325 0.0270627 0.0961874 0.150313
659 0.121069 0.0273956 0.0936735 0.148465
660 0.119936 0.027362 0.0925737 0.147298
661 0.12387 0.0276267 0.0962435 0.151497
662 0.126158 0.0298915 0.0962666 0.15605
663 0.126564 0.0273363 0.0992281 0.153901
664 0.129665 0.0262266 0.103438 0.155892
665 0.129451 0.0266917 0.102759 0.156143
666 0.127762 0.0264555 0.101306 0.154217
667 0.126885 0.0268682 0.100017 0.153753
668 0.122331 0.0274105 0.0949202 0.149741
669 0.117947 0.026712 0.0912351 0.144659
670 0.118482 0.0268087 0.091673 0.14529
671 0.118631 0.0285795 0.0900519 0.147211
672 0.122566 0.0294723 0.0930935 0.152038
673 0.126629 0.0281015 0.0985271 0.15473
674 0.131162 0.0279825 0.103179 0.159144
675 0.127185 0.0264387 0.100746 0.153623
676 0.129387 0.0239324 0.105455 0.153319
677 0.123549 0.0268034 0.0967461 0.150353
678 0.128959 0.0266719 0.102287 0.155631
679 0.128938 0.0266836 0.102254 0.155621
680 0.127847 0.0245972 0.10325 0.152445
681 0.132936 0.0236962 0.10924 0.156633
682 0.126201 0.0264119 0.099789 0.152613
683 0.124405 0.0278603 0.0965445 0.152265
684 0.127163 0.0270081 0.100155 0.154171
685 0.128232 0.0255186 0.102714 0.153751
686 0.127719 0.026874 0.100845 0.154593
687 0.12526 0.0251095 0.100151 0.15037
688 0.122331 0.0250693 0.0972614 0.1474
689 0.12712 0.0251703 0.10195 0.152291
690 0.127441 0.0253347 0.102106 0.152776
691 0.121411 0.0256931 0.0957181 0.147104
692 0.12201 0.0261336 0.0958763 0.148143
693 0.129045 0.0272503 0.101794 0.156295
694 0.131739 0.0258841 0.105855 0.157623
695 0.131803 0.0259568 0.105846 0.15776
696 0.132594 0.0240506 0.108544 0.156645
697 0.135032 0.0224748 0.112557 0.157507
698 0.132872 0.0233313 0.109541 0.156204
699 0.134647 0.0224969 0.11215 0.157144
700 0.132573 0.0237296 0.108843 0.156303
701 0.137619 0.0266836 0.110936 0.164303
702 0.131012 0.0274251 0.103587 0.158437
703 0.132509 0.025281 0.107228 0.15779
704 0.134562 0.0249822 0.109579 0.159544
705 0.133321 0.0247434 0.108578 0.158065
706 0.126137 0.0265413 0.0995955 0.152678
707 0.126094 0.0276529 0.0984411 0.153747
708 0.124704 0.0280221 0.096682 0.152726
709 0.131098 0.0274818 0.103616 0.158579
710 0.131012 0.0263028 0.104709 0.157315
711 0.131076 0.030025 0.101051 0.161101
712 0.12479 0.0260401 0.0987495 0.15083
713 0.118439 0.0264847 0.0919542 0.144924
714 0.11985 0.0265359 0.0933143 0.146386
715 0.122416 0.0281005 0.0943157 0.150517
716 0.128147 0.0276413 0.100505 0.155788
717 0.12479 0.0263824 0.0984073 0.151172
718 0.122459 0.0276611 0.0947978 0.15012
719 0.12573 0.0269348 0.0987957 0.152665
720 0.125773 0.0279475 0.0978258 0.153721
721 0.127078 0.0258769 0.101201 0.152955
722 0.130649 0.0242773 0.106371 0.154926
723 0.128959 0.0250642 0.103895 0.154023
724 0.123036 0.027396 0.0956403 0.150432
725 0.122502 0.0273771 0.0951246 0.149879
726 0.1234 0.0283705 0.0950293 0.15177
727 0.121347 0.0260511 0.0952959 0.147398
728 0.122266 0.0269514 0.0953151 0.149218
729 0.125303 0.0271057 0.0981971 0.152409
730 0.122544 0.0262931 0.0962514 0.148838
731 0.116921 0.0263268 0.090594 0.143248
732 0.125239 0.0273904 0.0978483 0.152629
733 0.12588 0.028371 0.0975091 0.154251
734 0.126458 0.0271977 0.0992598 0.153655
735 0.128767 0.0259312 0.102836 0.154698
736 0.133963 0.0236381 0.110325 0.157601
737 0.127505 0.0252074 0.102298 0.152713
738 0.128382 0.0266174 0.101765 0.154999
739 0.131482 0.023092 0.10839 0.154574
740 0.125025 0.025738 0.0992868 0.150763
741 0.123357 0.0263379 0.0970191 0.149695
742 0.125538 0.0258069 0.0997311 0.151345
743 0.124084 0.0266557 0.0974283 0.15074
744 0.122138 0.0264114 0.0957268 0.14855
745 0.125837 0.0256254 0.100212 0.151463
746 0.12665 0.0279201 0.0987299 0.15457
747 0.123656 0.0278243 0.0958321 0.151481
748 0.124362 0.0269122 0.0974498 0.151274
749 0.124768 0.0265597 0.0982086 0.151328
750 0.128532 0.0279597 0.100572 0.156491
751 0.123998 0.0253421 0.0986564 0.149341
752 0.123058 0.0264769 0.0965807 0.149535
753 0.121946 0.0265705 0.0953752 0.148516
754 0.122502 0.0272368 0.0952649 0.149738
755 0.119487 0.0269091 0.0925776 0.146396
756 0.117904 0.0271724 0.090732 0.145077
757 0.117755 0.0272253 0.0905294 0.14498
758 0.109565 0.0245891 0.0849761 0.134154
759 0.112238 0.0265974 0.0856406 0.138835
760 0.115681 0.0289559 0.0867247 0.144636
761 0.120021 0.0265853 0.093436 0.146607
762 0.115167 0.0253239 0.0898435 0.140491
763 0.117498 0.0278764 0.0896218 0.145374
764 0.11551 0.0283832 0.0871264 0.143893
765 0.11752 0.0280055 0.089514 0.145525
766 0.114954 0.0270224 0.0879312 0.141976
767 0.119187 0.0269385 0.0922488 0.146126
768 0.122202 0.0275703 0.0946321 0.149773
769 0.115723 0.026725 0.0889984 0.142448
770 0.121197 0.0277473 0.09345 0.148945
771 0.129066 0.0256224 0.103444 0.154689
772 0.131867 0.0255168 0.106351 0.157384
773 0.1299 0.0255077 0.104392 0.155408
774 0.120727 0.0259309 0.0947961 0.146658
775 0.115723 0.0266664 0.089057 0.14239
776 0.114077 0.0258453 0.0882316 0.139922
777 0.10871 0.0237822 0.0849276 0.132492
778 0.113136 0.0259497 0.0871864 0.139086
779 0.113842 0.0259293 0.0879124 0.139771
780 0.123785 0.0285026 0.095282 0.152287
781 0.125025 0.0269288 0.0980961 0.151954
782 0.121347 0.0264562 0.0948908 0.147803
783 0.126008 0.0275783 0.0984301 0.153587
784 0.125709 0.0258512 0.0998579 0.15156
785 0.136486 0.0241147 0.112371 0.160601
786 0.136101 0.0218944 0.114207 0.157996
787 0.129002 0.0236247 0.105377 0.152627
788 0.127527 0.0234648 0.104062 0.150991
789 0.133557 0.0234525 0.110104 0.157009
790 0.134583 0.0219329 0.11265 0.156516
791 0.121946 0.0263871 0.0955586 0.148333
792 0.122908 0.027148 0.09576 0.150056
793 0.118075 0.0257574 0.092318 0.143833
794 0.11675 0.0250541 0.0916956 0.141804
795 0.123015 0.025798 0.0972169 0.148813
796 0.126158 0.0273258 0.0988324 0.153484
797 0.119722 0.0255373 0.0941847 0.145259
798 0.115788 0.0258032 0.0899843 0.141591
799 0.115403 0.0255035 0.0898991 0.140906
