# ../output/graphs/perf_parallel46QUADRUPED_thread2
# step - mean (0.241766) - standard deviation (0.0426199) r=20 - ylow - yhigh
0 0.231383 0.0398338 0.191549 0.271216
1 0.232045 0.0399523 0.192093 0.271998
2 0.225481 0.0362294 0.189252 0.26171
3 0.235146 0.0364316 0.198714 0.271578
4 0.229907 0.0252249 0.204682 0.255132
5 0.226016 0.0115692 0.214446 0.237585
6 0.219472 0.00680038 0.212672 0.226273
7 0.252487 0.0712778 0.18121 0.323765
8 0.251739 0.0574167 0.194322 0.309156
9 0.247505 0.0552686 0.192237 0.302774
10 0.228025 0.0295307 0.198495 0.257556
11 0.221418 0.00847132 0.212947 0.22989
12 0.235125 0.0398985 0.195226 0.275023
13 0.235253 0.0400665 0.195186 0.275319
14 0.241582 0.0514376 0.190145 0.29302
15 0.230057 0.0295684 0.200488 0.259625
16 0.223706 0.00865819 0.215048 0.232364
17 0.23397 0.0375061 0.196464 0.271476
18 0.233991 0.0360521 0.197939 0.270043
19 0.226956 0.026717 0.200239 0.253673
20 0.221568 0.011081 0.210487 0.232649
21 0.220435 0.00933863 0.211096 0.229773
22 0.225117 0.0107735 0.214344 0.235891
23 0.228346 0.0267787 0.201568 0.255125
24 0.226058 0.0276261 0.198432 0.253684
25 0.227106 0.0268475 0.200258 0.253954
26 0.248467 0.0488785 0.199589 0.297346
27 0.265531 0.0610127 0.204518 0.326544
28 0.256785 0.0554709 0.201314 0.312256
29 0.251119 0.0536726 0.197446 0.304791
30 0.243229 0.0475722 0.195656 0.290801
31 0.242609 0.047519 0.19509 0.290128
32 0.255609 0.0538253 0.201784 0.309434
33 0.256999 0.0555023 0.201497 0.312501
34 0.244426 0.0408737 0.203552 0.2853
35 0.255673 0.0555209 0.200152 0.311194
36 0.240962 0.0428348 0.198127 0.283797
37 0.236557 0.0267974 0.20976 0.263355
38 0.243421 0.0386668 0.204754 0.282088
39 0.228817 0.00732711 0.22149 0.236144
40 0.235274 0.0335182 0.201756 0.268792
41 0.239444 0.0411954 0.198249 0.280639
42 0.239294 0.0411124 0.198182 0.280407
43 0.235274 0.0363754 0.198899 0.27165
44 0.237541 0.0318496 0.205691 0.26939
45 0.228197 0.00718842 0.221008 0.235385
46 0.241069 0.0452735 0.195795 0.286342
47 0.252145 0.0547412 0.197404 0.306886
48 0.26335 0.060539 0.202811 0.323889
49 0.252445 0.0552074 0.197237 0.307652
50 0.262409 0.0615547 0.200854 0.323964
51 0.256529 0.056818 0.199711 0.313347
52 0.26444 0.0602444 0.204196 0.324685
53 0.253749 0.0548873 0.198862 0.308636
54 0.246971 0.0498631 0.197108 0.296834
55 0.237968 0.0433061 0.194662 0.281275
56 0.246179 0.0508302 0.195349 0.29701
57 0.233927 0.0428212 0.191106 0.276748
58 0.229629 0.0363913 0.193238 0.26602
59 0.232024 0.0353255 0.196699 0.26735
60 0.227748 0.033924 0.193824 0.261671
61 0.227919 0.0384341 0.189484 0.266353
62 0.235317 0.0414673 0.19385 0.276784
63 0.232922 0.0420233 0.190899 0.274945
64 0.246244 0.0470091 0.199235 0.293253
65 0.236536 0.036421 0.200115 0.272957
66 0.231767 0.0265788 0.205189 0.258346
67 0.242159 0.0507455 0.191414 0.292905
68 0.253621 0.0515817 0.202039 0.305202
69 0.257598 0.0559387 0.201659 0.313537
70 0.252359 0.0436838 0.208675 0.296043
71 0.238781 0.0392351 0.199546 0.278016
72 0.242908 0.0326783 0.21023 0.275586
73 0.236899 0.00849998 0.228399 0.245399
74 0.254626 0.0457361 0.208889 0.300362
75 0.258731 0.0517059 0.207025 0.310437
76 0.249365 0.0407844 0.208581 0.29015
77 0.244212 0.0294068 0.214805 0.273619
78 0.242224 0.0278982 0.214325 0.270122
79 0.240385 0.0276785 0.212706 0.268063
80 0.240705 0.0279646 0.212741 0.26867
81 0.243079 0.0291748 0.213904 0.272254
82 0.253813 0.0527318 0.201081 0.306545
83 0.260271 0.0598028 0.200468 0.320073
84 0.240385 0.0277742 0.212611 0.268159
85 0.243763 0.0386305 0.205133 0.282394
86 0.248083 0.0392367 0.208846 0.287319
87 0.247976 0.0378954 0.21008 0.285871
88 0.234654 0.00910724 0.225547 0.243761
89 0.234055 0.00836401 0.225691 0.242419
90 0.232281 0.0071997 0.225081 0.23948
91 0.235039 0.0139198 0.221119 0.248959
92 0.241454 0.0281023 0.213352 0.269556
93 0.237947 0.0281614 0.209786 0.266109
94 0.239209 0.0296881 0.209521 0.268897
95 0.246949 0.0416241 0.205325 0.288573
96 0.250713 0.0512115 0.199501 0.301924
97 0.244362 0.0365895 0.207772 0.280951
98 0.25144 0.0453885 0.206051 0.296828
99 0.245068 0.0393206 0.205747 0.284388
100 0.244854 0.0394775 0.205376 0.284331
101 0.245966 0.042669 0.203297 0.288635
102 0.250157 0.0480478 0.202109 0.298204
103 0.248874 0.0468725 0.202001 0.295746
104 0.244362 0.0418128 0.202549 0.286175
105 0.252936 0.0548715 0.198065 0.307808
106 0.253428 0.0517378 0.20169 0.305166
107 0.259437 0.0539573 0.205479 0.313394
108 0.258539 0.0543087 0.20423 0.312847
109 0.250691 0.0485486 0.202143 0.29924
110 0.254561 0.0563069 0.198255 0.310868
111 0.256336 0.0530146 0.203322 0.309351
112 0.2533 0.0543854 0.198915 0.307685
113 0.270748 0.0682525 0.202496 0.339001
114 0.274127 0.0649678 0.209159 0.339094
115 0.260228 0.0559307 0.204297 0.316159
116 0.240898 0.0392875 0.20161 0.280185
117 0.24975 0.046904 0.202846 0.296654
118 0.247291 0.04498 0.202311 0.292271
119 0.250648 0.0521625 0.198486 0.302811
120 0.259779 0.0584738 0.201305 0.318253
121 0.262687 0.0552276 0.207459 0.317914
122 0.26521 0.0568117 0.208398 0.322022
123 0.255481 0.0559624 0.199519 0.311443
124 0.249793 0.0477866 0.202006 0.29758
125 0.256208 0.0541048 0.202103 0.310313
126 0.248638 0.0461202 0.202518 0.294759
127 0.243571 0.0437017 0.199869 0.287272
128 0.251675 0.0506879 0.200987 0.302363
129 0.251076 0.0524528 0.198623 0.303529
130 0.25841 0.0598755 0.198535 0.318286
131 0.257512 0.0576315 0.199881 0.315144
132 0.254733 0.0516807 0.203052 0.306413
133 0.250477 0.0447702 0.205707 0.295248
134 0.246693 0.0416054 0.205087 0.288298
135 0.245388 0.0472814 0.198107 0.29267
136 0.251718 0.0505314 0.201186 0.302249
137 0.24325 0.0442458 0.199004 0.287496
138 0.24727 0.0449423 0.202328 0.292212
139 0.241219 0.0483659 0.192853 0.289585
140 0.242181 0.0457649 0.196416 0.287946
141 0.236814 0.0366612 0.200153 0.273475
142 0.228154 0.0103802 0.217774 0.238534
143 0.22608 0.00701963 0.21906 0.233099
144 0.245388 0.0621143 0.183274 0.307503
145 0.248446 0.052141 0.196305 0.300587
146 0.26119 0.0603805 0.20081 0.321571
147 0.262238 0.0560583 0.20618 0.318296
148 0.264868 0.0622437 0.202624 0.327112
149 0.265745 0.0613617 0.204383 0.327106
150 0.256999 0.0585499 0.198449 0.315549
151 0.258539 0.0733124 0.185226 0.331851
152 0.251097 0.0514825 0.199615 0.30258
153 0.249686 0.050871 0.198815 0.300557
154 0.236771 0.0333314 0.20344 0.270102
155 0.229586 0.030942 0.198644 0.260528
156 0.230313 0.0315137 0.1988 0.261827
157 0.22933 0.0301998 0.19913 0.25953
158 0.243998 0.0488393 0.195159 0.292838
159 0.24464 0.0487784 0.195861 0.293418
160 0.262537 0.0588107 0.203727 0.321348
161 0.252509 0.0511282 0.201381 0.303637
162 0.234825 0.0275703 0.207255 0.262395
163 0.229073 0.0110888 0.217984 0.240162
164 0.225438 0.0071666 0.218272 0.232605
165 0.226935 0.00802155 0.218913 0.234957
166 0.236621 0.0363119 0.200309 0.272933
167 0.240214 0.0418042 0.198409 0.282018
168 0.24727 0.055301 0.191969 0.302571
169 0.245474 0.0472379 0.198236 0.292712
170 0.245346 0.0518463 0.193499 0.297192
171 0.246329 0.0474747 0.198854 0.293804
172 0.250456 0.0539853 0.196471 0.304441
173 0.243913 0.0504849 0.193428 0.294398
174 0.236236 0.0405529 0.195684 0.276789
175 0.234376 0.0410053 0.193371 0.275381
176 0.235937 0.0382683 0.197669 0.274205
177 0.234034 0.0369875 0.197047 0.271022
178 0.234162 0.0367961 0.197366 0.270958
179 0.227555 0.0265862 0.200969 0.254141
180 0.230656 0.0285099 0.202146 0.259166
181 0.233906 0.0325162 0.20139 0.266422
182 0.229052 0.0270098 0.202042 0.256062
183 0.232302 0.0298892 0.202413 0.262191
184 0.228475 0.0283648 0.20011 0.256839
185 0.227812 0.0276515 0.20016 0.255463
186 0.232794 0.0394265 0.193367 0.27222
187 0.238995 0.0447228 0.194272 0.283718
188 0.242566 0.0427059 0.19986 0.285272
189 0.241432 0.0436559 0.197777 0.285088
190 0.246842 0.0510475 0.195795 0.29789
191 0.241946 0.042605 0.199341 0.284551
192 0.238396 0.0392254 0.199171 0.277622
193 0.238867 0.0428013 0.196065 0.281668
194 0.247163 0.0493719 0.197791 0.296535
195 0.246564 0.0459695 0.200595 0.292534
196 0.2434 0.039368 0.204032 0.282768
197 0.23412 0.0356433 0.198476 0.269763
198 0.234098 0.0346707 0.199427 0.268769
199 0.230356 0.0326459 0.19771 0.263002
200 0.239722 0.0353972 0.204325 0.275119
201 0.235787 0.0287908 0.206997 0.264578
202 0.236835 0.027874 0.208961 0.264709
203 0.246008 0.0460727 0.199936 0.292081
204 0.241411 0.0380068 0.203404 0.279418
205 0.24248 0.0380031 0.204477 0.280483
206 0.235723 0.0313277 0.204396 0.267051
207 0.253642 0.0523572 0.201285 0.305999
208 0.248681 0.051324 0.197357 0.300005
209 0.249793 0.0511071 0.198686 0.3009
210 0.249109 0.0505734 0.198535 0.299682
211 0.246714 0.0500913 0.196623 0.296805
212 0.240107 0.0417395 0.198367 0.281846
213 0.233478 0.0302919 0.203186 0.26377
214 0.240235 0.0404774 0.199758 0.280712
215 0.236322 0.0383936 0.197928 0.274716
216 0.239957 0.0378717 0.202085 0.277829
217 0.233414 0.02609 0.207324 0.259504
218 0.232944 0.0262878 0.206656 0.259231
219 0.242245 0.0416307 0.200614 0.283876
220 0.243485 0.0392349 0.20425 0.28272
221 0.242566 0.0483317 0.194234 0.290897
222 0.234398 0.0319973 0.2024 0.266395
223 0.242352 0.0436675 0.198684 0.286019
224 0.24015 0.0303606 0.209789 0.27051
225 0.242673 0.034151 0.208522 0.276824
226 0.22794 0.00595654 0.221983 0.233897
227 0.236536 0.0305379 0.205998 0.267074
228 0.252252 0.0524362 0.199816 0.304688
229 0.262494 0.0587426 0.203752 0.321237
230 0.243442 0.028425 0.215017 0.271867
231 0.244276 0.0426751 0.201601 0.286951
232 0.237883 0.0336031 0.20428 0.271486
233 0.243635 0.0437755 0.199859 0.28741
234 0.246522 0.0425024 0.204019 0.289024
235 0.239294 0.0306448 0.208649 0.269939
236 0.237648 0.0315672 0.206081 0.269215
237 0.245431 0.041375 0.204056 0.286806
238 0.243143 0.0417323 0.201411 0.284875
239 0.250691 0.0500088 0.200682 0.3007
240 0.251675 0.056113 0.195562 0.307788
241 0.259308 0.0595888 0.19972 0.318897
242 0.26258 0.0529484 0.209632 0.315528
243 0.252744 0.0484576 0.204286 0.301202
244 0.249601 0.0499588 0.199642 0.29956
245 0.248681 0.049312 0.199369 0.297993
246 0.254797 0.05123 0.203567 0.306027
247 0.232922 0.0284589 0.204463 0.261381
248 0.242972 0.044714 0.198258 0.287686
249 0.253834 0.0573522 0.196482 0.311187
250 0.259779 0.0567191 0.20306 0.316498
251 0.256956 0.058269 0.198687 0.315225
252 0.268653 0.0658688 0.202784 0.334521
253 0.257277 0.0598266 0.19745 0.317104
254 0.247505 0.0520877 0.195417 0.299593
255 0.23444 0.0404936 0.193947 0.274934
256 0.238054 0.0444085 0.193646 0.282462
257 0.245431 0.0477189 0.197712 0.29315
258 0.235531 0.0300559 0.205475 0.265587
259 0.229501 0.0296301 0.199871 0.259131
260 0.223321 0.00726837 0.216053 0.23059
261 0.233606 0.0311384 0.202468 0.264745
262 0.248874 0.0475595 0.201314 0.296433
263 0.254262 0.0522386 0.202024 0.306501
264 0.253856 0.0627259 0.19113 0.316582
265 0.248382 0.0535373 0.194845 0.301919
266 0.24109 0.0463915 0.194699 0.287482
267 0.229501 0.0289738 0.200527 0.258475
268 0.221226 0.00612024 0.215106 0.227346
269 0.238011 0.0488404 0.189171 0.286852
270 0.227598 0.0286016 0.198996 0.256199
271 0.228154 0.0290577 0.199096 0.257212
272 0.228924 0.0296214 0.199302 0.258545
273 0.228581 0.0312315 0.19735 0.259813
274 0.222017 0.0074592 0.214558 0.229476
275 0.237028 0.0420719 0.194956 0.2791
276 0.23258 0.0383984 0.194182 0.270978
277 0.231639 0.0293722 0.202267 0.261011
278 0.226593 0.0266392 0.199954 0.253232
279 0.224326 0.0269621 0.197364 0.251288
280 0.239337 0.0448402 0.194497 0.284177
281 0.241219 0.0443807 0.196838 0.285599
282 0.251867 0.0578199 0.194047 0.309687
283 0.251269 0.0543159 0.196953 0.305584
284 0.244319 0.04943 0.194889 0.293749
285 0.245388 0.0528529 0.192535 0.298241
286 0.244405 0.0475029 0.196902 0.291908
287 0.243891 0.047381 0.19651 0.291272
288 0.241176 0.0414641 0.199712 0.28264
289 0.242715 0.04196 0.200755 0.284675
290 0.24372 0.0416143 0.202106 0.285335
291 0.234804 0.0270092 0.207795 0.261813
292 0.229586 0.009397 0.220189 0.238983
293 0.230142 0.011851 0.218291 0.241993
294 0.226208 0.00641977 0.219788 0.232628
295 0.237241 0.0401285 0.197113 0.27737
296 0.240534 0.0427487 0.197786 0.283283
297 0.245944 0.051901 0.194043 0.297845
298 0.249921 0.0495392 0.200382 0.299461
299 0.248831 0.0480006 0.20083 0.296831
300 0.255524 0.0560656 0.199458 0.311589
301 0.24372 0.0435461 0.200174 0.287266
302 0.242117 0.0430424 0.199074 0.285159
303 0.239465 0.0395389 0.199926 0.279004
304 0.23908 0.0382036 0.200877 0.277284
305 0.232409 0.029381 0.203028 0.26179
306 0.232537 0.0298967 0.202641 0.262434
307 0.240278 0.0330625 0.207215 0.27334
308 0.233414 0.0292109 0.204203 0.262625
309 0.232345 0.0350056 0.197339 0.26735
310 0.240342 0.0438608 0.196481 0.284203
311 0.239978 0.04202 0.197958 0.281998
312 0.240449 0.0534568 0.186992 0.293906
313 0.243827 0.0438433 0.199984 0.287671
314 0.246586 0.0469542 0.199632 0.29354
315 0.23382 0.0364318 0.197388 0.270252
316 0.230185 0.0286436 0.201542 0.258829
317 0.228646 0.027395 0.201251 0.256041
318 0.229266 0.0266044 0.202661 0.25587
319 0.227106 0.0121716 0.214934 0.239278
320 0.227919 0.0108421 0.217076 0.238761
321 0.226187 0.00741941 0.218767 0.233606
322 0.225331 0.00510488 0.220226 0.230436
323 0.23583 0.0293838 0.206446 0.265214
324 0.232837 0.0288527 0.203984 0.261689
325 0.235253 0.028506 0.206747 0.263759
326 0.236065 0.0281161 0.207949 0.264182
327 0.255438 0.0441291 0.211309 0.299567
328 0.255224 0.0591123 0.196112 0.314337
329 0.256956 0.0487594 0.208197 0.305716
330 0.254412 0.049357 0.205055 0.303769
331 0.249408 0.0444949 0.204913 0.293903
332 0.241518 0.0307516 0.210766 0.27227
333 0.25593 0.0523516 0.203578 0.308282
334 0.232601 0.00372059 0.228881 0.236322
335 0.241112 0.0325997 0.208512 0.273711
336 0.240021 0.0404774 0.199544 0.280499
337 0.251504 0.0499 0.201604 0.301404
338 0.253941 0.054787 0.199154 0.308728
339 0.249558 0.0441965 0.205361 0.293754
340 0.245752 0.0420503 0.203701 0.287802
341 0.239765 0.0303334 0.209431 0.270098
342 0.232281 0.00804772 0.224233 0.240328
343 0.234333 0.00620685 0.228127 0.24054
344 0.234312 0.0123191 0.221993 0.246631
345 0.232922 0.00594467 0.226977 0.238867
346 0.231425 0.0043408 0.227085 0.235766
347 0.232281 0.00617406 0.226107 0.238455
348 0.242266 0.0333843 0.208882 0.275651
349 0.249643 0.0495867 0.200057 0.29923
350 0.237669 0.021387 0.216282 0.259056
351 0.231725 0.00614288 0.225582 0.237868
352 0.240941 0.0292083 0.211732 0.270149
353 0.237797 0.0287244 0.209073 0.266522
354 0.24573 0.038923 0.206807 0.284653
355 0.233478 0.00560616 0.227872 0.239084
356 0.235681 0.0185199 0.217161 0.2542
357 0.237348 0.0162143 0.221134 0.253563
358 0.23211 0.00466688 0.227443 0.236776
359 0.23908 0.0309622 0.208118 0.270043
360 0.246286 0.0415376 0.204749 0.287824
361 0.243678 0.0399622 0.203715 0.28364
362 0.244576 0.0398445 0.204731 0.28442
363 0.238332 0.0298502 0.208482 0.268182
364 0.232174 0.00778038 0.224393 0.239954
365 0.232345 0.00608578 0.226259 0.238431
366 0.229822 0.0061371 0.223685 0.235959
367 0.231276 0.00778237 0.223493 0.239058
368 0.231361 0.00545993 0.225901 0.236821
369 0.231853 0.00504429 0.226809 0.236897
370 0.231447 0.0049608 0.226486 0.236408
371 0.236023 0.0277583 0.208264 0.263781
372 0.23846 0.0378416 0.200619 0.276302
373 0.244832 0.0519085 0.192924 0.296741
374 0.245773 0.0404759 0.205297 0.286249
375 0.253236 0.0573635 0.195872 0.310599
376 0.246329 0.0450335 0.201296 0.291363
377 0.237712 0.0379012 0.199811 0.275613
378 0.239059 0.0463886 0.19267 0.285448
379 0.244576 0.0439416 0.200634 0.288517
380 0.245623 0.0452667 0.200357 0.29089
381 0.247377 0.0542659 0.193111 0.301643
382 0.246137 0.0513001 0.194837 0.297437
383 0.247569 0.0574014 0.190168 0.304971
384 0.241668 0.0375696 0.204098 0.279237
385 0.243293 0.0390664 0.204226 0.282359
386 0.234654 0.0279756 0.206678 0.26263
387 0.24449 0.0472968 0.197193 0.291787
388 0.232986 0.0283131 0.204673 0.261299
389 0.234162 0.0280394 0.206123 0.262202
390 0.235146 0.0241314 0.211015 0.259277
391 0.241518 0.0417293 0.199789 0.283247
392 0.238097 0.0411747 0.196922 0.279271
393 0.235766 0.0382317 0.197534 0.273998
394 0.229651 0.028199 0.201452 0.25785
395 0.228859 0.0274507 0.201409 0.25631
396 0.23181 0.0363226 0.195488 0.268133
397 0.236215 0.0337152 0.2025 0.26993
398 0.229458 0.0269281 0.20253 0.256386
399 0.230399 0.0274053 0.202994 0.257804
400 0.243036 0.0491775 0.193859 0.292214
401 0.250969 0.0523761 0.198593 0.303345
402 0.259394 0.056563 0.202831 0.315957
403 0.253663 0.0534261 0.200237 0.307089
404 0.241839 0.0432542 0.198585 0.285093
405 0.236044 0.0368189 0.199225 0.272863
406 0.240962 0.0443378 0.196624 0.2853
407 0.247334 0.0529471 0.194387 0.300281
408 0.247078 0.0499381 0.197139 0.297016
409 0.245837 0.0463232 0.199514 0.29216
410 0.250691 0.0541873 0.196504 0.304879
411 0.253514 0.0491302 0.204384 0.302644
412 0.237776 0.0360503 0.201726 0.273826
413 0.23846 0.0299872 0.208473 0.268447
414 0.234248 0.0285982 0.20565 0.262846
415 0.228282 0.00488838 0.223394 0.23317
416 0.2431 0.0323304 0.21077 0.275431
417 0.243549 0.0435388 0.200011 0.287088
418 0.242095 0.0400486 0.202047 0.282144
419 0.239786 0.0319602 0.207826 0.271746
420 0.238845 0.0315644 0.207281 0.27041
421 0.238888 0.0283872 0.210501 0.267275
422 0.238589 0.039899 0.19869 0.278488
423 0.243421 0.0323584 0.211063 0.275779
424 0.238033 0.0293694 0.208663 0.267402
425 0.234291 0.0290598 0.205231 0.26335
426 0.237049 0.0301495 0.206899 0.267199
427 0.243336 0.0445806 0.198755 0.287916
428 0.234205 0.0312581 0.202947 0.265463
429 0.236172 0.0374802 0.198692 0.273653
430 0.245388 0.0442687 0.20112 0.289657
431 0.253599 0.0816845 0.171915 0.335284
432 0.242993 0.04806 0.194933 0.291053
433 0.244234 0.0504074 0.193826 0.294641
434 0.233991 0.0300024 0.203989 0.263994
435 0.234141 0.0288521 0.205289 0.262993
436 0.225224 0.00615329 0.219071 0.231378
437 0.227448 0.00876043 0.218688 0.236209
438 0.235125 0.0330216 0.202103 0.268146
439 0.229971 0.027258 0.202713 0.257229
440 0.23305 0.0293124 0.203738 0.262363
441 0.231511 0.0289226 0.202588 0.260434
442 0.242159 0.0434559 0.198704 0.285615
443 0.234954 0.0400643 0.194889 0.275018
444 0.234804 0.0380811 0.196723 0.272885
445 0.247163 0.0478745 0.199289 0.295038
446 0.248981 0.0492287 0.199752 0.298209
447 0.24851 0.0513005 0.19721 0.299811
448 0.253001 0.0509352 0.202065 0.303936
449 0.250691 0.0548872 0.195804 0.305578
450 0.239658 0.0409988 0.198659 0.280656
451 0.250905 0.0489546 0.20195 0.29986
452 0.26273 0.0582994 0.20443 0.321029
453 0.278061 0.0628081 0.215253 0.340869
454 0.272523 0.0661188 0.206404 0.338642
455 0.278104 0.0643337 0.21377 0.342438
456 0.278467 0.0635664 0.214901 0.342034
457 0.26196 0.0536141 0.208346 0.315574
458 0.24774 0.0417778 0.205963 0.289518
459 0.248703 0.0435418 0.205161 0.292244
460 0.253065 0.0498686 0.203196 0.302933
461 0.253214 0.0504839 0.20273 0.303698
462 0.246286 0.0401483 0.206138 0.286435
463 0.246286 0.0394758 0.206811 0.285762
464 0.246008 0.0381275 0.207881 0.284136
465 0.242245 0.0283327 0.213912 0.270578
466 0.239508 0.0287543 0.210754 0.268262
467 0.238033 0.0293719 0.208661 0.267405
468 0.236686 0.0283621 0.208323 0.265048
469 0.250264 0.0468257 0.203438 0.297089
470 0.242993 0.0383927 0.204601 0.281386
471 0.242181 0.037745 0.204436 0.279926
472 0.236172 0.0280467 0.208126 0.264219
473 0.238289 0.0275665 0.210723 0.265856
474 0.23119 0.0065144 0.224676 0.237705
475 0.230228 0.00477228 0.225456 0.235
476 0.246928 0.0417732 0.205155 0.288701
477 0.24881 0.0402912 0.208518 0.289101
478 0.238182 0.0282043 0.209978 0.266387
479 0.244896 0.0421584 0.202738 0.287055
480 0.24943 0.0419086 0.207521 0.291338
481 0.234654 0.00852965 0.226124 0.243184
482 0.23598 0.0100554 0.225924 0.246035
483 0.232045 0.0062141 0.225831 0.23826
484 0.232302 0.00737453 0.224928 0.239677
485 0.24712 0.0354624 0.211658 0.282583
486 0.239893 0.0301697 0.209723 0.270063
487 0.248232 0.0446156 0.203617 0.292848
488 0.248104 0.044653 0.203451 0.292757
489 0.245196 0.0388673 0.206329 0.284063
490 0.254241 0.0476369 0.206604 0.301878
491 0.244768 0.0417318 0.203036 0.2865
492 0.231383 0.00541195 0.225971 0.236795
493 0.229736 0.00412105 0.225615 0.233857
494 0.237455 0.0342738 0.203182 0.271729
495 0.246693 0.0387284 0.207964 0.285421
496 0.26211 0.0573024 0.204807 0.319412
497 0.251653 0.0493543 0.202299 0.301008
498 0.239872 0.0375876 0.202284 0.277459
499 0.248467 0.0461112 0.202356 0.294579
500 0.24526 0.0398827 0.205377 0.285143
501 0.238418 0.0390691 0.199348 0.277487
502 0.242331 0.0392452 0.203085 0.281576
503 0.253813 0.0483983 0.205415 0.302211
504 0.24511 0.0417384 0.203372 0.286849
505 0.231725 0.0267304 0.204994 0.258455
506 0.229843 0.011762 0.218081 0.241605
507 0.227555 0.00550812 0.222047 0.233063
508 0.232601 0.0289551 0.203646 0.261556
509 0.231832 0.0274129 0.204419 0.259245
510 0.228389 0.0282694 0.20012 0.256658
511 0.223492 0.00509681 0.218396 0.228589
512 0.229629 0.00634959 0.22328 0.235979
513 0.22779 0.0049083 0.222882 0.232699
514 0.237712 0.0368286 0.200883 0.27454
515 0.246821 0.0469903 0.199831 0.293811
516 0.263179 0.0648209 0.198358 0.328
517 0.247377 0.0487015 0.198675 0.296078
518 0.259244 0.0613454 0.197899 0.32059
519 0.244276 0.0445198 0.199757 0.288796
520 0.240641 0.0372536 0.203388 0.277895
521 0.239572 0.0407065 0.198866 0.280279
522 0.243785 0.0479463 0.195838 0.291731
523 0.241454 0.0503712 0.191083 0.291825
524 0.230271 0.0277233 0.202547 0.257994
525 0.229736 0.0284529 0.201283 0.258189
526 0.234162 0.0376179 0.196544 0.27178
527 0.234462 0.0423008 0.192161 0.276763
528 0.237605 0.0369025 0.200702 0.274507
529 0.235317 0.0370503 0.198267 0.272367
530 0.234376 0.0376503 0.196726 0.272026
531 0.237519 0.0416917 0.195828 0.279211
532 0.24449 0.0468435 0.197647 0.291334
533 0.242694 0.0461414 0.196553 0.288835
534 0.256507 0.0689495 0.187558 0.325457
535 0.242673 0.0441104 0.198562 0.286783
536 0.241112 0.0456784 0.195433 0.28679
537 0.236921 0.0375567 0.199364 0.274477
538 0.233115 0.0281428 0.204972 0.261257
539 0.22732 0.0106549 0.216665 0.237975
540 0.227192 0.0103222 0.216869 0.237514
541 0.224305 0.00480898 0.219496 0.229114
542 0.227341 0.00927074 0.218071 0.236612
543 0.229693 0.00560358 0.22409 0.235297
544 0.231939 0.00585165 0.226087 0.23779
545 0.230741 0.00708859 0.223653 0.23783
546 0.231147 0.00608788 0.225059 0.237235
547 0.231532 0.00743603 0.224096 0.238968
548 0.231147 0.00996949 0.221178 0.241117
549 0.237733 0.0196446 0.218089 0.257378
550 0.231939 0.00776552 0.224173 0.239704
551 0.231361 0.00617069 0.225191 0.237532
552 0.228111 0.00444514 0.223666 0.232556
553 0.231147 0.00768649 0.223461 0.238834
554 0.230998 0.00796779 0.22303 0.238965
555 0.2301 0.00495318 0.225146 0.235053
556 0.228988 0.00651872 0.222469 0.235506
557 0.228261 0.00873597 0.219525 0.236997
558 0.225652 0.00376549 0.221887 0.229417
559 0.225738 0.00368696 0.222051 0.229425
560 0.234782 0.029316 0.205466 0.264098
561 0.235274 0.0296036 0.205671 0.264878
562 0.232366 0.0289211 0.203445 0.261287
563 0.231383 0.0293673 0.202015 0.26075
564 0.232366 0.0293473 0.203019 0.261713
565 0.231318 0.0293004 0.202018 0.260619
566 0.228817 0.0296619 0.199155 0.258479
567 0.225096 0.00632477 0.218771 0.231421
568 0.224305 0.00568073 0.218624 0.229986
569 0.225395 0.00991705 0.215478 0.235312
570 0.222723 0.0043478 0.218375 0.22707
571 0.227277 0.0162095 0.211068 0.243487
572 0.224412 0.00545469 0.218957 0.229867
573 0.230035 0.0164009 0.213635 0.246436
574 0.228453 0.0124378 0.216015 0.240891
575 0.224861 0.00593593 0.218925 0.230797
576 0.238973 0.032438 0.206535 0.271411
577 0.231532 0.0276119 0.20392 0.259144
578 0.226208 0.00739419 0.218814 0.233602
579 0.224775 0.00738668 0.217389 0.232162
580 0.225353 0.010126 0.215227 0.235479
581 0.235253 0.0367556 0.198497 0.272009
582 0.238931 0.030538 0.208393 0.269469
583 0.253343 0.0551025 0.19824 0.308445
584 0.249729 0.0498497 0.199879 0.299579
585 0.261147 0.0576875 0.20346 0.318835
586 0.254283 0.0485017 0.205782 0.302785
587 0.253856 0.0494376 0.204418 0.303293
588 0.246073 0.0406284 0.205444 0.286701
589 0.241988 0.030553 0.211435 0.272541
590 0.239358 0.0320096 0.207349 0.271368
591 0.247441 0.0405809 0.20686 0.288022
592 0.258624 0.0557911 0.202833 0.314415
593 0.277035 0.0654427 0.211592 0.342477
594 0.266857 0.0589565 0.2079 0.325813
595 0.259073 0.0525042 0.206569 0.311577
596 0.244619 0.0392409 0.205378 0.283859
597 0.238952 0.0280128 0.210939 0.266965
598 0.240577 0.0380804 0.202497 0.278658
599 0.238995 0.0387207 0.200274 0.277715
600 0.241924 0.0382336 0.203691 0.280158
601 0.228945 0.00844255 0.220502 0.237388
602 0.234462 0.0328493 0.201612 0.267311
603 0.243507 0.0418893 0.201617 0.285396
604 0.244618 0.0422496 0.202369 0.286868
605 0.245966 0.0489259 0.19704 0.294891
606 0.25933 0.0570414 0.202288 0.316371
607 0.25809 0.0570783 0.201011 0.315168
608 0.262601 0.057151 0.20545 0.319752
609 0.252316 0.0481346 0.204182 0.300451
610 0.244597 0.0402331 0.204364 0.28483
611 0.231276 0.00940023 0.221875 0.240676
612 0.230698 0.00773272 0.222966 0.238431
613 0.241561 0.0375593 0.204002 0.27912
614 0.247035 0.0477151 0.19932 0.29475
615 0.245068 0.0432694 0.201798 0.288337
616 0.234098 0.0295996 0.204499 0.263698
617 0.234718 0.0287632 0.205955 0.263481
618 0.240641 0.0382492 0.202392 0.278891
619 0.241903 0.0393041 0.202599 0.281207
620 0.228902 0.00780499 0.221097 0.236707
621 0.225759 0.00419865 0.22156 0.229958
622 0.232516 0.0308567 0.201659 0.263373
623 0.233093 0.0319064 0.201187 0.265
624 0.234547 0.0292615 0.205286 0.263809
625 0.235958 0.0322572 0.203701 0.268216
626 0.230485 0.0286913 0.201793 0.259176
627 0.230185 0.028063 0.202122 0.258248
628 0.228966 0.0277213 0.201245 0.256688
629 0.234697 0.038361 0.196336 0.273058
630 0.23397 0.0379014 0.196069 0.271871
631 0.241668 0.0479919 0.193676 0.28966
632 0.241582 0.0456738 0.195908 0.287256
633 0.25546 0.0528229 0.202637 0.308282
634 0.240962 0.0455773 0.195385 0.286539
635 0.248318 0.0591463 0.189171 0.307464
636 0.246971 0.0506507 0.19632 0.297621
637 0.240534 0.0440724 0.196462 0.284607
638 0.224177 0.00875972 0.215417 0.232936
639 0.219173 0.00511311 0.21406 0.224286
640 0.235445 0.0270582 0.208387 0.262504
641 0.231468 0.0284494 0.203019 0.259918
642 0.22531 0.00725537 0.218055 0.232565
643 0.226657 0.0117586 0.214898 0.238416
644 0.225759 0.0103814 0.215377 0.23614
645 0.23382 0.0321151 0.201705 0.265935
646 0.253813 0.0554816 0.198331 0.309295
647 0.261404 0.0580693 0.203335 0.319473
648 0.248061 0.0479316 0.20013 0.295993
649 0.252359 0.0537552 0.198604 0.306114
650 0.235467 0.0390534 0.196413 0.27452
651 0.241668 0.0537208 0.187947 0.295388
652 0.233713 0.0321278 0.201586 0.265841
653 0.226636 0.026484 0.200152 0.25312
654 0.22747 0.0353293 0.19214 0.262799
655 0.227897 0.0378391 0.190058 0.265736
656 0.223022 0.00856325 0.214459 0.231585
657 0.222787 0.0110394 0.211747 0.233826
658 0.218211 0.0061705 0.21204 0.224381
659 0.228881 0.0328211 0.19606 0.261702
660 0.239316 0.0425632 0.196752 0.281879
661 0.227619 0.0275334 0.200086 0.255153
662 0.233521 0.0393594 0.194161 0.27288
663 0.23196 0.038955 0.193005 0.270915
664 0.23474 0.0374678 0.197272 0.272207
665 0.230313 0.0295848 0.200729 0.259898
666 0.22129 0.00757501 0.213715 0.228865
667 0.228432 0.029796 0.198636 0.258228
668 0.237819 0.0412262 0.196593 0.279045
669 0.23459 0.0389273 0.195663 0.273517
670 0.227106 0.0302172 0.196889 0.257323
671 0.231618 0.0287635 0.202854 0.260381
672 0.238011 0.0295736 0.208438 0.267585
673 0.243742 0.0421433 0.201599 0.285885
674 0.247655 0.04901 0.198645 0.296665
675 0.259223 0.0493263 0.209897 0.308549
676 0.257555 0.0587889 0.198766 0.316344
677 0.244234 0.0491673 0.195066 0.293401
678 0.234291 0.0417259 0.192565 0.276017
679 0.238995 0.0483175 0.190677 0.287312
680 0.231468 0.030221 0.201247 0.261689
681 0.239786 0.0458038 0.193982 0.28559
682 0.247035 0.0495866 0.197448 0.296621
683 0.241967 0.0473512 0.194616 0.289318
684 0.242181 0.0489206 0.19326 0.291101
685 0.243785 0.0523454 0.191439 0.29613
686 0.258517 0.0679283 0.190589 0.326446
687 0.249494 0.0544832 0.195011 0.303977
688 0.248018 0.0551997 0.192819 0.303218
689 0.231832 0.0336301 0.198202 0.265462
690 0.245196 0.0507025 0.194493 0.295898
691 0.244832 0.0478001 0.197032 0.292632
692 0.237669 0.0418009 0.195868 0.27947
693 0.242031 0.0508396 0.191192 0.292871
694 0.240192 0.0490903 0.191102 0.289283
695 0.238995 0.0477365 0.191258 0.286731
696 0.241112 0.0494332 0.191679 0.290545
697 0.241582 0.0507642 0.190818 0.292346
698 0.240128 0.0548542 0.185274 0.294982
699 0.241967 0.0556337 0.186333 0.297601
700 0.240385 0.0446353 0.195749 0.28502
701 0.247291 0.0465776 0.200714 0.293869
702 0.247719 0.0499216 0.197797 0.297641
703 0.247976 0.0481064 0.199869 0.296082
704 0.246949 0.0418684 0.205081 0.288818
705 0.246735 0.0396702 0.207065 0.286406
706 0.248895 0.0496905 0.199205 0.298586
707 0.252295 0.0583775 0.193917 0.310672
708 0.256529 0.0528378 0.203691 0.309367
709 0.263115 0.0571533 0.205961 0.320268
710 0.262858 0.0677474 0.195111 0.330605
711 0.258517 0.0556532 0.202864 0.314171
712 0.265809 0.0662094 0.199599 0.332018
713 0.250349 0.0414667 0.208882 0.291816
714 0.250028 0.045808 0.20422 0.295836
715 0.251226 0.0494796 0.201746 0.300705
716 0.246885 0.0410333 0.205852 0.287918
717 0.25377 0.0534586 0.200312 0.307229
718 0.248681 0.0491824 0.199499 0.297864
719 0.255481 0.0539787 0.201502 0.30946
720 0.240235 0.0290241 0.211211 0.269259
721 0.242715 0.028584 0.214131 0.271299
722 0.23938 0.0308433 0.208536 0.270223
723 0.246329 0.0451163 0.201213 0.291445
724 0.253257 0.0531163 0.200141 0.306373
725 0.253728 0.0555946 0.198133 0.309322
726 0.252188 0.0525621 0.199626 0.30475
727 0.255566 0.0505421 0.205024 0.306109
728 0.25948 0.0555883 0.203891 0.315068
729 0.278275 0.0657845 0.21249 0.344059
730 0.265381 0.0593187 0.206062 0.3247
731 0.261447 0.0486428 0.212804 0.31009
732 0.248339 0.0410549 0.207284 0.289394
733 0.251418 0.0465847 0.204833 0.298003
734 0.251226 0.0518559 0.19937 0.303082
735 0.264205 0.0650791 0.199126 0.329284
736 0.25129 0.0482376 0.203052 0.299527
737 0.245816 0.0458795 0.199936 0.291695
738 0.251354 0.0484487 0.202905 0.299803
739 0.251097 0.0456867 0.205411 0.296784
740 0.248254 0.0440535 0.2042 0.292307
741 0.238011 0.0317556 0.206256 0.269767
742 0.239102 0.0349095 0.204192 0.274011
743 0.242844 0.038532 0.204312 0.281376
744 0.239572 0.0394991 0.200073 0.279071
745 0.234034 0.0114248 0.222609 0.245459
746 0.237968 0.0126686 0.2253 0.250637
747 0.239038 0.0284165 0.210621 0.267454
748 0.251097 0.0485715 0.202526 0.299669
749 0.25856 0.0534562 0.205104 0.312016
750 0.251547 0.047259 0.204288 0.298805
751 0.250285 0.0495258 0.200759 0.299811
752 0.258945 0.0590538 0.199891 0.317999
753 0.263371 0.0635841 0.199787 0.326955
754 0.26211 0.0575101 0.204599 0.31962
755 0.25995 0.0640461 0.195904 0.323996
756 0.258817 0.0560999 0.202717 0.314916
757 0.248981 0.0549964 0.193984 0.303977
758 0.248981 0.0506847 0.198296 0.299665
759 0.266472 0.0610768 0.205395 0.327548
760 0.269465 0.0932636 0.176202 0.362729
761 0.279729 0.0796978 0.200031 0.359427
762 0.267241 0.0628412 0.2044 0.330083
763 0.262858 0.058516 0.204342 0.321374
764 0.246073 0.0488866 0.197186 0.294959
765 0.236408 0.0410528 0.195355 0.27746
766 0.231896 0.0391097 0.192786 0.271005
767 0.223535 0.00752855 0.216007 0.231064
768 0.228453 0.0097263 0.218727 0.238179
769 0.224861 0.00841905 0.216442 0.23328
770 0.226678 0.0125737 0.214105 0.239252
771 0.234996 0.0249483 0.210048 0.259945
772 0.236322 0.0355778 0.200744 0.2719
773 0.236857 0.0449264 0.19193 0.281783
774 0.241261 0.0480242 0.193237 0.289286
775 0.241753 0.0394086 0.202345 0.281162
776 0.260078 0.0565165 0.203562 0.316595
777 0.2564 0.0542924 0.202108 0.310693
778 0.26305 0.0658744 0.197176 0.328925
779 0.258581 0.0555522 0.203029 0.314134
780 0.250264 0.0527823 0.197481 0.303046
781 0.252295 0.0623826 0.189912 0.314677
782 0.251311 0.0520087 0.199303 0.30332
783 0.249579 0.0543794 0.1952 0.303959
784 0.228966 0.0292018 0.199765 0.258168
785 0.223642 0.00629608 0.217346 0.229938
786 0.22516 0.0103343 0.214826 0.235495
787 0.222102 0.00518199 0.21692 0.227284
788 0.230313 0.0320765 0.198237 0.26239
789 0.229308 0.0296626 0.199646 0.258971
790 0.236215 0.041337 0.194878 0.277552
791 0.234419 0.0407538 0.193665 0.275173
792 0.239722 0.0403604 0.199361 0.280082
793 0.239722 0.0383679 0.201354 0.27809
794 0.234098 0.0279024 0.206196 0.262001
795 0.235189 0.0445799 0.190609 0.279769
796 0.232901 0.0373332 0.195568 0.270234
797 0.234975 0.0436607 0.191314 0.278636
798 0.241454 0.0474611 0.193993 0.288915
799 0.250264 0.0563662 0.193897 0.30663
