# ../output/graphs/perf_parallel30BIPED_thread4
# step - mean (0.0453918) - standard deviation (0.0138216) r=20 - ylow - yhigh
0 0.0607481 0.0464809 0.0142672 0.107229
1 0.0494153 0.00712588 0.0422894 0.0565412
2 0.0476191 0.00648887 0.0411303 0.054108
3 0.0483675 0.0105734 0.0377941 0.0589409
4 0.0464645 0.00641232 0.0400522 0.0528768
5 0.0474481 0.00680691 0.0406412 0.054255
6 0.046272 0.00679229 0.0394798 0.0530643
7 0.0461223 0.00642657 0.0396958 0.0525489
8 0.0462079 0.00739291 0.038815 0.0536008
9 0.0463148 0.00670216 0.0396126 0.053017
10 0.0459941 0.0072983 0.0386958 0.0532924
11 0.0457589 0.00680896 0.0389499 0.0525678
12 0.0462293 0.00764877 0.0385805 0.0538781
13 0.0462293 0.0079478 0.0382815 0.0541771
14 0.0459085 0.00737285 0.0385357 0.0532814
15 0.0462506 0.00685748 0.0393932 0.0531081
16 0.0441338 0.00740173 0.036732 0.0515355
17 0.0448822 0.00702504 0.0378571 0.0519072
18 0.0505058 0.0137541 0.0367517 0.06426
19 0.0467211 0.0069339 0.0397872 0.053655
20 0.0450105 0.00815448 0.036856 0.0531649
21 0.0451815 0.00818067 0.0370009 0.0533622
22 0.043813 0.00841995 0.0353931 0.052233
23 0.043364 0.00745688 0.0359071 0.0508209
24 0.0426797 0.00804123 0.0346385 0.050721
25 0.0436848 0.00795396 0.0357308 0.0516387
26 0.0436847 0.00781947 0.0358653 0.0515042
27 0.0435137 0.00781198 0.0357017 0.0513257
28 0.0445401 0.00850511 0.0360349 0.0530452
29 0.0444545 0.00952762 0.0349269 0.0539821
30 0.0440696 0.00781034 0.0362593 0.05188
31 0.0463576 0.00688427 0.0394733 0.0532418
32 0.0471701 0.00686394 0.0403062 0.054034
33 0.0464645 0.0067581 0.0397064 0.0532226
34 0.0499713 0.0109401 0.0390311 0.0609114
35 0.0504844 0.009893 0.0405914 0.0603774
36 0.048004 0.0092761 0.0387279 0.0572801
37 0.0490732 0.010954 0.0381192 0.0600271
38 0.0483248 0.00932147 0.0390033 0.0576462
39 0.0489663 0.00871666 0.0402496 0.0576829
40 0.049116 0.0108503 0.0382656 0.0599663
41 0.0484958 0.00925787 0.039238 0.0577537
42 0.0500995 0.0108915 0.039208 0.0609911
43 0.0493939 0.0116377 0.0377562 0.0610317
44 0.048731 0.0100507 0.0386803 0.0587818
45 0.0484958 0.0100243 0.0384716 0.0585201
46 0.0468494 0.00710404 0.0397453 0.0539534
47 0.0470632 0.0071719 0.0398913 0.0542351
48 0.0478544 0.00813316 0.0397212 0.0559875
49 0.0472556 0.00797029 0.0392853 0.0552259
50 0.0478543 0.00820036 0.039654 0.0560547
51 0.0464003 0.00654813 0.0398522 0.0529485
52 0.0455022 0.00749113 0.0380111 0.0529934
53 0.0438344 0.00744474 0.0363897 0.0512792
54 0.0446683 0.00710275 0.0375656 0.0517711
55 0.0441979 0.00733055 0.0368674 0.0515285
56 0.0441979 0.00730683 0.0368911 0.0515048
57 0.0457802 0.00679612 0.0389841 0.0525764
58 0.0444759 0.0065166 0.0379593 0.0509925
59 0.0437702 0.00746162 0.0363086 0.0512319
60 0.0434709 0.00796774 0.0355032 0.0514387
61 0.0427011 0.00687612 0.035825 0.0495773
62 0.042188 0.00711536 0.0350726 0.0493033
63 0.0425301 0.00686445 0.0356656 0.0493945
64 0.0438772 0.00732324 0.036554 0.0512004
65 0.0446684 0.0085632 0.0361052 0.0532316
66 0.0447111 0.007659 0.0370521 0.0523701
67 0.0431716 0.00737313 0.0357984 0.0505447
68 0.0446042 0.00765021 0.036954 0.0522544
69 0.0443904 0.00798418 0.0364062 0.0523746
70 0.0443048 0.00759298 0.0367119 0.0518978
71 0.0470846 0.00857216 0.0385124 0.0556567
72 0.0437489 0.00776294 0.0359859 0.0515118
73 0.0481109 0.00905019 0.0390608 0.0571611
74 0.0489235 0.00700544 0.0419181 0.0559289
75 0.0480468 0.00790784 0.040139 0.0559546
76 0.0483889 0.00687615 0.0415128 0.0552651
77 0.0484103 0.0070083 0.041402 0.0554186
78 0.0489021 0.00700525 0.0418969 0.0559074
79 0.0503134 0.00985299 0.0404604 0.0601664
80 0.0469777 0.00751658 0.0394611 0.0544942
81 0.0488807 0.00732534 0.0415554 0.0562061
82 0.0475764 0.0074856 0.0400908 0.055062
83 0.0475978 0.00753095 0.0400668 0.0551287
84 0.0474267 0.00792934 0.0394974 0.055356
85 0.0480896 0.00861958 0.03947 0.0567091
86 0.0466997 0.00725574 0.0394439 0.0539554
87 0.0478757 0.00713485 0.0407409 0.0550106
88 0.0474053 0.00786495 0.0395404 0.0552703
89 0.0471701 0.00761906 0.039551 0.0547892
90 0.0466355 0.0078861 0.0387494 0.0545216
91 0.0475977 0.0080747 0.039523 0.0556724
92 0.0481751 0.00879373 0.0393814 0.0569688
93 0.0465073 0.00862002 0.0378872 0.0551273
94 0.0464431 0.00850523 0.0379379 0.0549483
95 0.0458444 0.00853979 0.0373046 0.0543842
96 0.048282 0.00826367 0.0400183 0.0565457
97 0.0464431 0.00789642 0.0385467 0.0543395
98 0.0462293 0.00767264 0.0385566 0.0539019
99 0.0456306 0.00785312 0.0377774 0.0534837
100 0.0458871 0.00799163 0.0378955 0.0538788
101 0.0454809 0.00701699 0.0384639 0.0524979
102 0.0450532 0.00751535 0.0375379 0.0525686
103 0.0474695 0.00607507 0.0413944 0.0535445
104 0.0460155 0.00639395 0.0396215 0.0524094
105 0.04655 0.00655759 0.0399924 0.0531076
106 0.04655 0.00647336 0.0400766 0.0530234
107 0.0473625 0.00718516 0.0401774 0.0545477
108 0.0458444 0.00690445 0.0389399 0.0527488
109 0.0455023 0.00688164 0.0386206 0.0523839
110 0.0487738 0.0121143 0.0366595 0.0608881
111 0.0482179 0.0083495 0.0398684 0.0565674
112 0.0483675 0.0085508 0.0398167 0.0569183
113 0.048282 0.00730261 0.0409794 0.0555846
114 0.0494367 0.00678258 0.0426541 0.0562193
115 0.0484103 0.00716188 0.0412484 0.0555722
116 0.0481537 0.00639251 0.0417612 0.0545462
117 0.0472984 0.00707683 0.0402216 0.0543752
118 0.0473198 0.00712949 0.0401903 0.0544493
119 0.0485172 0.00618323 0.042334 0.0547005
120 0.0489235 0.00638249 0.042541 0.055306
121 0.0490732 0.00612736 0.0429458 0.0552005
122 0.0487524 0.0060841 0.0426683 0.0548365
123 0.0495008 0.00695233 0.0425485 0.0564532
124 0.0493084 0.00640211 0.0429063 0.0557105
125 0.049009 0.00687764 0.0421314 0.0558866
126 0.0478544 0.00778976 0.0400646 0.0556441
127 0.0492015 0.00807288 0.0411286 0.0572743
128 0.0502065 0.0117721 0.0384344 0.0619785
129 0.0481537 0.0107394 0.0374143 0.0588932
130 0.0489663 0.0121821 0.0367842 0.0611484
131 0.0501209 0.0114891 0.0386318 0.0616101
132 0.046828 0.00687111 0.0399569 0.0536991
133 0.0460368 0.00707538 0.0389614 0.0531122
134 0.0453954 0.00702479 0.0383706 0.0524202
135 0.0483675 0.0120912 0.0362763 0.0604588
136 0.0444118 0.00713718 0.0372746 0.0515489
137 0.0452884 0.00740457 0.0378839 0.052693
138 0.0451601 0.00650878 0.0386514 0.0516689
139 0.045823 0.00669282 0.0391302 0.0525158
140 0.0465928 0.00731584 0.0392769 0.0539086
141 0.0468921 0.00734427 0.0395479 0.0542364
142 0.0452243 0.00724727 0.037977 0.0524716
143 0.0458658 0.00698252 0.0388832 0.0528483
144 0.0459085 0.00711277 0.0387958 0.0530213
145 0.0448608 0.00709687 0.0377639 0.0519576
146 0.044818 0.00724187 0.0375761 0.0520599
147 0.0451387 0.00674754 0.0383912 0.0518863
148 0.0464645 0.00796316 0.0385013 0.0544277
149 0.0463362 0.00697256 0.0393636 0.0533087
150 0.0463148 0.00707129 0.0392435 0.0533861
151 0.0469991 0.00761883 0.0393802 0.0546179
152 0.0468494 0.00741639 0.039433 0.0542658
153 0.0483462 0.00682704 0.0415191 0.0551732
154 0.0496719 0.0137371 0.0359348 0.063409
155 0.0466783 0.00761807 0.0390602 0.0542964
156 0.0482606 0.00663245 0.0416282 0.0548931
157 0.0495436 0.01061 0.0389335 0.0601536
158 0.0483675 0.00633578 0.0420318 0.0547033
159 0.0490304 0.00548377 0.0435466 0.0545142
160 0.0483889 0.00621241 0.0421765 0.0546013
161 0.049009 0.00718839 0.0418206 0.0561974
162 0.0477261 0.00753738 0.0401887 0.0552634
163 0.048111 0.00704069 0.0410703 0.0551516
164 0.049458 0.00772653 0.0417315 0.0571846
165 0.0496291 0.00783723 0.0417919 0.0574663
166 0.0504844 0.00765304 0.0428314 0.0581375
167 0.0478971 0.00730775 0.0405894 0.0552049
168 0.0464217 0.00788956 0.0385322 0.0543113
169 0.0464645 0.00720222 0.0392623 0.0536667
170 0.0464431 0.00779621 0.0386469 0.0542393
171 0.0477688 0.00704279 0.040726 0.0548116
172 0.0481965 0.00654196 0.0416545 0.0547385
173 0.0479399 0.00673048 0.0412094 0.0546704
174 0.047833 0.00688944 0.0409435 0.0547224
175 0.0470204 0.0065467 0.0404737 0.0535671
176 0.0468494 0.0069294 0.03992 0.0537788
177 0.0456306 0.00762145 0.0380091 0.053252
178 0.0457161 0.00735997 0.0383561 0.053076
179 0.0447753 0.00738998 0.0373853 0.0521652
180 0.0446256 0.00765759 0.036968 0.0522831
181 0.0443262 0.00783234 0.0364939 0.0521586
182 0.0449677 0.00740998 0.0375577 0.0523777
183 0.0478116 0.0075279 0.0402837 0.0553395
184 0.0458444 0.00796353 0.0378809 0.0538079
185 0.0456947 0.00804769 0.037647 0.0537424
186 0.0446683 0.00804909 0.0366193 0.0527174
187 0.0442835 0.00763749 0.036646 0.051921
188 0.0468708 0.00702497 0.0398458 0.0538957
189 0.0470204 0.00786053 0.0391599 0.054881
190 0.0464859 0.00805885 0.038427 0.0545447
191 0.0450746 0.00838069 0.0366939 0.0534553
192 0.045994 0.00764108 0.038353 0.0536351
193 0.0439627 0.00791861 0.0360441 0.0518813
194 0.0438344 0.00770782 0.0361266 0.0515422
195 0.0445828 0.00777206 0.0368108 0.0523549
196 0.0445828 0.00778736 0.0367954 0.0523702
197 0.0454167 0.00898643 0.0364303 0.0544032
198 0.0437489 0.00781224 0.0359366 0.0515611
199 0.0425515 0.00771258 0.0348389 0.050264
200 0.0428508 0.00809111 0.0347597 0.0509419
201 0.0409905 0.00791824 0.0330723 0.0489088
202 0.0416106 0.00787984 0.0337308 0.0494905
203 0.0422949 0.00722074 0.0350741 0.0495156
204 0.0425515 0.00739419 0.0351573 0.0499457
205 0.0427011 0.007909 0.0347921 0.0506101
206 0.0426156 0.00804882 0.0345668 0.0506644
207 0.0424445 0.00779323 0.0346513 0.0502378
208 0.0427225 0.00783307 0.0348895 0.0505556
209 0.0420169 0.00734129 0.0346756 0.0493582
210 0.0435564 0.00664483 0.0369116 0.0502013
211 0.0420597 0.00682676 0.0352329 0.0488864
212 0.0434282 0.00730708 0.0361211 0.0507352
213 0.0471274 0.0100308 0.0370966 0.0571582
214 0.0443476 0.0074651 0.0368825 0.0518127
215 0.0458871 0.00684658 0.0390406 0.0527337
216 0.0459727 0.00713616 0.0388365 0.0531088
217 0.045374 0.00658208 0.0387919 0.051956
218 0.0455023 0.00698841 0.0385138 0.0524907
219 0.0464003 0.00674214 0.0396582 0.0531425
220 0.0471915 0.00608603 0.0411055 0.0532775
221 0.048111 0.00589247 0.0422185 0.0540034
222 0.0499285 0.0131623 0.0367662 0.0630908
223 0.047555 0.00684593 0.0407091 0.0544009
224 0.0501423 0.00668681 0.0434555 0.0568291
225 0.0492229 0.00605835 0.0431645 0.0552812
226 0.0490518 0.00601471 0.0430371 0.0550665
227 0.048838 0.00606996 0.042768 0.0549079
228 0.048731 0.00674619 0.0419848 0.0554772
229 0.0485814 0.00678796 0.0417934 0.0553693
230 0.0476405 0.00724162 0.0403989 0.0548822
231 0.0474908 0.0110707 0.0364201 0.0585616
232 0.0467638 0.00774544 0.0390184 0.0545093
233 0.0476192 0.00779605 0.0398231 0.0554152
234 0.0474054 0.00774073 0.0396646 0.0551461
235 0.0487097 0.00909896 0.0396107 0.0578086
236 0.047555 0.00800135 0.0395536 0.0555563
237 0.0471701 0.00746998 0.0397001 0.0546401
238 0.0460582 0.00813563 0.0379226 0.0541939
239 0.0461224 0.00809528 0.0380271 0.0542176
240 0.0471701 0.00856705 0.038603 0.0557371
241 0.0471701 0.00748467 0.0396854 0.0546548
242 0.0465714 0.00805068 0.0385207 0.0546221
243 0.0460155 0.00784065 0.0381748 0.0538561
244 0.0472343 0.00817196 0.0390623 0.0554062
245 0.0481323 0.00793464 0.0401977 0.056067
246 0.0474267 0.00871083 0.0387159 0.0561375
247 0.0489663 0.00797834 0.0409879 0.0569446
248 0.0504203 0.00676571 0.0436546 0.057186
249 0.0502706 0.00605166 0.0442189 0.0563223
250 0.0497574 0.00689076 0.0428667 0.0566482
251 0.0499926 0.00640326 0.0435894 0.0563959
252 0.0536491 0.0122823 0.0413668 0.0659313
253 0.0516605 0.00687923 0.0447812 0.0585397
254 0.0507838 0.00678456 0.0439992 0.0575683
255 0.0494581 0.00742722 0.0420308 0.0568853
256 0.0491159 0.00746285 0.0416531 0.0565788
257 0.04856 0.00756533 0.0409947 0.0561253
258 0.049287 0.00758027 0.0417067 0.0568673
259 0.0501209 0.00736086 0.0427601 0.0574818
260 0.0499285 0.00688359 0.0430449 0.0568121
261 0.0501851 0.00885278 0.0413323 0.0590379
262 0.0480896 0.00787331 0.0402163 0.0559629
263 0.0474909 0.00722146 0.0402694 0.0547123
264 0.050292 0.00745072 0.0428413 0.0577427
265 0.0461224 0.00732808 0.0387943 0.0534504
266 0.0458872 0.00772394 0.0381632 0.0536111
267 0.0450319 0.00749075 0.0375411 0.0525226
268 0.0447752 0.00753944 0.0372358 0.0523147
269 0.0466356 0.00773505 0.0389005 0.0543706
270 0.0470846 0.00690219 0.0401824 0.0539868
271 0.0462934 0.007175 0.0391184 0.0534684
272 0.0464645 0.00769808 0.0387664 0.0541626
273 0.0459727 0.00709117 0.0388815 0.0530638
274 0.0665856 0.0885136 -0.0219281 0.155099
275 0.0461224 0.00773361 0.0383887 0.053856
276 0.0472129 0.010116 0.0370969 0.0573289
277 0.0465286 0.00660664 0.039922 0.0531353
278 0.073257 0.113187 -0.0399303 0.186444
279 0.0677188 0.0926462 -0.0249273 0.160365
280 0.0468494 0.00769952 0.0391499 0.0545489
281 0.0461651 0.00759789 0.0385672 0.053763
282 0.0475764 0.00758392 0.0399924 0.0551603
283 0.0472342 0.00757013 0.0396641 0.0548044
284 0.0470632 0.00718211 0.0398811 0.0542453
285 0.0461651 0.00764229 0.0385228 0.0538074
286 0.0468494 0.0073146 0.0395348 0.054164
287 0.0465714 0.00791667 0.0386547 0.0544881
288 0.0483034 0.0066203 0.0416831 0.0549237
289 0.0475764 0.00686628 0.0407101 0.0544427
290 0.0464003 0.00701206 0.0393883 0.0534124
291 0.0464217 0.00753989 0.0388818 0.0539616
292 0.0450105 0.00686096 0.0381495 0.0518714
293 0.046272 0.00732973 0.0389423 0.0536018
294 0.0420383 0.00730658 0.0347317 0.0493449
295 0.0459085 0.0188411 0.0270674 0.0647497
296 0.0422307 0.00684361 0.0353871 0.0490743
297 0.0424018 0.00771825 0.0346835 0.05012
298 0.0423162 0.00855035 0.0337659 0.0508666
299 0.0412471 0.00835235 0.0328948 0.0495995
300 0.0401352 0.00695285 0.0331824 0.0470881
301 0.0401566 0.00704773 0.0331089 0.0472043
302 0.0394724 0.00698149 0.0324909 0.0464539
303 0.0412258 0.00858444 0.0326413 0.0498102
304 0.0409478 0.00733382 0.0336139 0.0482816
305 0.0427653 0.00733523 0.0354301 0.0501005
306 0.0452029 0.00796066 0.0372423 0.0531636
307 0.0440483 0.0068944 0.0371539 0.0509426
308 0.0438986 0.00788701 0.0360116 0.0517856
309 0.0451174 0.00664239 0.038475 0.0517598
310 0.0432357 0.0074624 0.0357733 0.0506981
311 0.0457161 0.0101795 0.0355366 0.0558956
312 0.0461651 0.00699376 0.0391714 0.0531589
313 0.046272 0.00558835 0.0406837 0.0518604
314 0.0472984 0.00527834 0.0420201 0.0525768
315 0.0459513 0.0058893 0.040062 0.0518406
316 0.0472984 0.00503724 0.0422612 0.0523357
317 0.0479399 0.00632131 0.0416186 0.0542612
318 0.0442193 0.00617127 0.038048 0.0503906
319 0.04454 0.0060965 0.0384435 0.0506365
320 0.0440055 0.00656679 0.0374387 0.0505723
321 0.0439413 0.00832209 0.0356192 0.0522634
322 0.0430005 0.00664924 0.0363513 0.0496497
323 0.0446683 0.0071169 0.0375514 0.0517852
324 0.0446256 0.00635357 0.038272 0.0509791
325 0.0442193 0.00687365 0.0373457 0.051093
326 0.0445615 0.006176 0.0383855 0.0507375
327 0.043813 0.0069623 0.0368507 0.0507753
328 0.0467211 0.00690879 0.0398123 0.0536299
329 0.0462934 0.00715328 0.0391401 0.0534467
330 0.0467425 0.00744299 0.0392995 0.0541854
331 0.0470204 0.00615654 0.0408639 0.053177
332 0.0466783 0.00626958 0.0404087 0.0529479
333 0.0473839 0.00665354 0.0407304 0.0540375
334 0.0465073 0.00935854 0.0371487 0.0558658
335 0.0447325 0.00677314 0.0379593 0.0515056
336 0.0444973 0.00669036 0.0378069 0.0511876
337 0.0452457 0.00704863 0.038197 0.0522943
338 0.0431502 0.00618974 0.0369604 0.0493399
339 0.0429791 0.0067962 0.0361829 0.0497753
340 0.0430219 0.00797019 0.0350517 0.0509921
341 0.0425301 0.00687508 0.035655 0.0494052
342 0.0424232 0.00681513 0.035608 0.0492383
343 0.0429364 0.00746545 0.0354709 0.0504018
344 0.0437916 0.00912855 0.0346631 0.0529202
345 0.0427439 0.00793001 0.0348139 0.0506739
346 0.0415465 0.00792174 0.0336247 0.0494682
347 0.0401566 0.00778034 0.0323763 0.0479369
348 0.0413326 0.00918636 0.0321463 0.050519
349 0.0412471 0.00806833 0.0331788 0.0493155
350 0.0414823 0.00800862 0.0334737 0.049491
351 0.0412044 0.00817061 0.0330337 0.049375
352 0.0413113 0.00762901 0.0336823 0.0489403
353 0.0401566 0.007965 0.0321916 0.0481216
354 0.0396007 0.00764937 0.0319513 0.04725
355 0.0397931 0.00741268 0.0323804 0.0472058
356 0.0418886 0.00765426 0.0342344 0.0495429
357 0.0432999 0.0075185 0.0357814 0.0508184
358 0.042915 0.00722632 0.0356886 0.0501413
359 0.0453098 0.0072682 0.0380416 0.052578
360 0.0479613 0.00563347 0.0423278 0.0535948
361 0.0471487 0.00610494 0.0410438 0.0532537
362 0.0468921 0.00597992 0.0409122 0.052872
363 0.0473839 0.00591584 0.0414681 0.0532998
364 0.0476192 0.00861833 0.0390008 0.0562375
365 0.0465073 0.00667451 0.0398327 0.0531818
366 0.0475978 0.00561367 0.0419841 0.0532114
367 0.0472557 0.00564358 0.0416121 0.0528992
368 0.0474053 0.00640806 0.0409973 0.0538134
369 0.0465928 0.00600311 0.0405896 0.0525959
370 0.0462506 0.00678646 0.0394642 0.0530371
371 0.0451601 0.00601365 0.0391465 0.0511738
372 0.0449891 0.00604126 0.0389478 0.0510304
373 0.0452029 0.00619448 0.0390085 0.0513974
374 0.0456306 0.00572496 0.0399056 0.0513555
375 0.0458658 0.00569899 0.0401668 0.0515648
376 0.0445401 0.00586255 0.0386775 0.0504026
377 0.0449249 0.00599854 0.0389264 0.0509235
378 0.04454 0.0059354 0.0386046 0.0504754
379 0.0452029 0.00577269 0.0394302 0.0509756
380 0.0443262 0.00587033 0.0384559 0.0501966
381 0.0430219 0.00575092 0.037271 0.0487728
382 0.0424659 0.00557282 0.0368931 0.0480388
383 0.042808 0.00593177 0.0368763 0.0487398
384 0.0425087 0.00648201 0.0360267 0.0489907
385 0.042188 0.00703911 0.0351489 0.0492271
386 0.0421238 0.00729959 0.0348242 0.0494234
387 0.0422521 0.00743378 0.0348183 0.0496859
388 0.0419527 0.00720809 0.0347447 0.0491608
389 0.043813 0.00893934 0.0348737 0.0527524
390 0.0430219 0.00716033 0.0358616 0.0501822
391 0.0420383 0.00670352 0.0353348 0.0487418
392 0.0420169 0.0066786 0.0353383 0.0486955
393 0.0429791 0.00658017 0.036399 0.0495593
394 0.0437489 0.00667071 0.0370782 0.0504196
395 0.0432999 0.00634151 0.0369584 0.0496414
396 0.0440483 0.0053925 0.0386558 0.0494408
397 0.0434923 0.00592433 0.037568 0.0494166
398 0.0434923 0.00642634 0.0370659 0.0499186
399 0.0440269 0.00756532 0.0364616 0.0515922
400 0.0438772 0.00616234 0.0377148 0.0500395
401 0.0433212 0.00592897 0.0373923 0.0492502
402 0.0434495 0.00670666 0.0367429 0.0501562
403 0.0430219 0.00703277 0.0359891 0.0500547
404 0.0444331 0.00681419 0.037619 0.0512473
405 0.0436206 0.00679147 0.0368291 0.0504121
406 0.0434068 0.00722405 0.0361827 0.0506308
407 0.0424873 0.00806474 0.0344226 0.050552
408 0.0468066 0.0257554 0.0210512 0.072562
409 0.0413327 0.00812121 0.0332114 0.0494539
410 0.0428936 0.00786592 0.0350277 0.0507595
411 0.0422307 0.00734999 0.0348807 0.0495807
412 0.0429791 0.00740655 0.0355726 0.0503857
413 0.0427653 0.0075696 0.0351957 0.0503349
414 0.0445828 0.00795121 0.0366316 0.052534
415 0.0451388 0.00857918 0.0365596 0.0537179
416 0.0468708 0.00680948 0.0400613 0.0536803
417 0.0460368 0.00791595 0.0381209 0.0539528
418 0.0456092 0.00860877 0.0370004 0.054218
419 0.0462506 0.00840343 0.0378472 0.0546541
420 0.0441979 0.00773244 0.0364655 0.0519304
421 0.0460368 0.00799638 0.0380404 0.0540332
422 0.0447753 0.00773814 0.0370371 0.0525134
423 0.0446042 0.00834865 0.0362555 0.0529528
424 0.0450105 0.00809935 0.0369111 0.0531098
425 0.0470418 0.0101877 0.0368542 0.0572295
426 0.0450746 0.00806032 0.0370143 0.0531349
427 0.0459299 0.00791607 0.0380139 0.053846
428 0.0458658 0.0079178 0.037948 0.0537836
429 0.047833 0.0112435 0.0365894 0.0590765
430 0.0480041 0.00843341 0.0395706 0.0564375
431 0.0479827 0.00846235 0.0395203 0.056445
432 0.0467425 0.00710484 0.0396376 0.0538473
433 0.0464217 0.00807289 0.0383488 0.0544946
434 0.0470204 0.0106643 0.0363561 0.0576847
435 0.0440269 0.00811018 0.0359167 0.052137
436 0.0461438 0.00852402 0.0376197 0.0546678
437 0.0449463 0.00746851 0.0374778 0.0524148
438 0.0457161 0.00840739 0.0373087 0.0541235
439 0.0448822 0.00786634 0.0370158 0.0527485
440 0.0452457 0.00795894 0.0372867 0.0532046
441 0.0447325 0.00792762 0.0368049 0.0526601
442 0.0445187 0.00806657 0.0364521 0.0525852
443 0.0452029 0.00797329 0.0372296 0.0531762
444 0.0452029 0.00820279 0.0370001 0.0534057
445 0.044818 0.0082744 0.0365436 0.0530924
446 0.0432571 0.00807038 0.0351867 0.0513275
447 0.0435778 0.00756461 0.0360132 0.0511424
448 0.0447539 0.00776196 0.0369919 0.0525158
449 0.043364 0.00759178 0.0357722 0.0509558
450 0.0444759 0.00824162 0.0362343 0.0527175
451 0.044818 0.00832619 0.0364918 0.0531442
452 0.0440482 0.00759007 0.0364582 0.0516383
453 0.0434709 0.00662691 0.036844 0.0500978
454 0.0427012 0.00662277 0.0360784 0.0493239
455 0.0425728 0.00644108 0.0361318 0.0490139
456 0.041632 0.00634352 0.0352885 0.0479755
457 0.0421452 0.00617432 0.0359709 0.0483195
458 0.0436848 0.0069278 0.0367569 0.0506126
459 0.0439841 0.00654919 0.0374349 0.0505333
460 0.0447111 0.00871142 0.0359997 0.0534225
461 0.0440269 0.00536267 0.0386642 0.0493895
462 0.0510404 0.0261177 0.0249226 0.0771581
463 0.045823 0.00546372 0.0403593 0.0512867
464 0.0447539 0.00567066 0.0390832 0.0504245
465 0.0441551 0.00603108 0.0381241 0.0501862
466 0.0441338 0.00580034 0.0383334 0.0499341
467 0.0437061 0.00663013 0.037076 0.0503363
468 0.0450532 0.00804884 0.0370044 0.0531021
469 0.0432143 0.0062786 0.0369357 0.0494929
470 0.0432999 0.00701907 0.0362808 0.0503189
471 0.0431502 0.0069668 0.0361834 0.050117
472 0.04392 0.00676598 0.037154 0.0506859
473 0.0416106 0.00672667 0.034884 0.0483373
474 0.0412044 0.00666682 0.0345375 0.0478712
475 0.0409478 0.0066319 0.0343159 0.0475797
476 0.0424018 0.00680665 0.0355951 0.0492084
477 0.0415037 0.00641547 0.0350882 0.0479192
478 0.0407981 0.00611918 0.0346789 0.0469173
479 0.0410547 0.00768109 0.0333736 0.0487358
480 0.0423163 0.00745327 0.034863 0.0497695
481 0.0410974 0.0061631 0.0349343 0.0472605
482 0.0408195 0.00662718 0.0341923 0.0474467
483 0.0422949 0.00639324 0.0359016 0.0486881
484 0.0408195 0.00667257 0.0341469 0.0474921
485 0.0403063 0.00685298 0.0334533 0.0471593
486 0.0412471 0.00630186 0.0349452 0.047549
487 0.0413968 0.00706417 0.0343326 0.048461
488 0.0407126 0.00663427 0.0340783 0.0473468
489 0.0409691 0.00645261 0.0345165 0.0474217
490 0.0418244 0.00653708 0.0352874 0.0483615
491 0.0645328 0.0974598 -0.032927 0.161993
492 0.0450319 0.00584511 0.0391867 0.050877
493 0.0452029 0.00603295 0.03917 0.0512359
494 0.0454595 0.00683321 0.0386263 0.0522927
495 0.0474909 0.00702637 0.0404645 0.0545173
496 0.0480682 0.00628721 0.041781 0.0543554
497 0.0472343 0.00629895 0.0409353 0.0535332
498 0.0458658 0.00617197 0.0396938 0.0520377
499 0.0465073 0.00616306 0.0403442 0.0526703
500 0.0463148 0.00611723 0.0401976 0.052432
501 0.0435992 0.00623328 0.0373659 0.0498325
502 0.0434282 0.0061906 0.0372376 0.0496188
503 0.042188 0.00642516 0.0357628 0.0486131
504 0.0427225 0.00687963 0.0358429 0.0496021
505 0.0418458 0.00659929 0.0352466 0.0484451
506 0.0414823 0.00746497 0.0340174 0.0489473
507 0.0415037 0.00683906 0.0346646 0.0483428
508 0.0411402 0.00658584 0.0345544 0.047726
509 0.0405201 0.006376 0.0341441 0.0468961
510 0.0393654 0.00607126 0.0332942 0.0454367
511 0.0396648 0.00587596 0.0337888 0.0455408
512 0.0413113 0.00635809 0.0349532 0.0476693
513 0.0419314 0.00707047 0.0348609 0.0490018
514 0.0412899 0.00693996 0.0343499 0.0482299
515 0.0498643 0.0443601 0.00550427 0.0942244
516 0.0411188 0.00711922 0.0339996 0.048238
517 0.0422949 0.00721062 0.0350843 0.0495055
518 0.043364 0.00718203 0.036182 0.0505461
519 0.043642 0.00702897 0.036613 0.0506709
520 0.043813 0.00641833 0.0373947 0.0502314
521 0.0435564 0.00615028 0.0374062 0.0497067
522 0.0439841 0.00656036 0.0374237 0.0505445
523 0.0445187 0.0105362 0.0339825 0.0550548
524 0.0417389 0.00754345 0.0341955 0.0492824
525 0.0433212 0.00710097 0.0362203 0.0504222
526 0.0427653 0.00771911 0.0350462 0.0504844
527 0.0435564 0.00712305 0.0364334 0.0506795
528 0.0438344 0.00754478 0.0362896 0.0513792
529 0.0445828 0.00894997 0.0356329 0.0535328
530 0.0434709 0.00788816 0.0355828 0.0513591
531 0.0643618 0.0883426 -0.0239808 0.152704
532 0.0445828 0.00801875 0.0365641 0.0526016
533 0.044369 0.00821814 0.0361508 0.0525871
534 0.0447325 0.00935417 0.0353783 0.0540867
535 0.0425729 0.00751317 0.0350597 0.050086
536 0.0441551 0.00732384 0.0368313 0.051479
537 0.0437916 0.00725295 0.0365387 0.0510446
538 0.0428294 0.00741737 0.0354121 0.0502468
539 0.0697929 0.116173 -0.0463798 0.185966
540 0.0440482 0.00730524 0.036743 0.0513535
541 0.0445828 0.00716222 0.0374206 0.051745
542 0.0454168 0.00703953 0.0383772 0.0524563
543 0.0452243 0.00674131 0.038483 0.0519656
544 0.0443476 0.00620186 0.0381457 0.0505495
545 0.0438772 0.00915458 0.0347226 0.0530318
546 0.0425729 0.00712202 0.0354508 0.0496949
547 0.04392 0.00692758 0.0369924 0.0508475
548 0.0438772 0.00703409 0.0368431 0.0509113
549 0.0433426 0.0069673 0.0363753 0.0503099
550 0.0424018 0.00658124 0.0358206 0.048983
551 0.0416106 0.00671576 0.0348949 0.0483264
552 0.0425728 0.00612378 0.036449 0.0486966
553 0.0437061 0.0076925 0.0360136 0.0513986
554 0.0433854 0.00800117 0.0353842 0.0513866
555 0.0401138 0.00711706 0.0329968 0.0472309
556 0.0399642 0.00717573 0.0327884 0.0471399
557 0.0412043 0.0066627 0.0345417 0.047867
558 0.0411402 0.00735463 0.0337856 0.0484949
559 0.0422735 0.00916044 0.0331131 0.0514339
560 0.0421666 0.00666972 0.0354968 0.0488363
561 0.0422949 0.00602201 0.0362729 0.0483169
562 0.0424018 0.00685215 0.0355496 0.0492539
563 0.0419528 0.00676839 0.0351844 0.0487211
564 0.0422735 0.00708315 0.0351903 0.0493566
565 0.0422307 0.00727748 0.0349533 0.0495082
566 0.0422949 0.00708911 0.0352057 0.049384
567 0.044818 0.0131169 0.0317011 0.0579349
568 0.043813 0.00701205 0.036801 0.0508251
569 0.0420811 0.00642533 0.0356557 0.0485064
570 0.0416961 0.00683105 0.0348651 0.0485272
571 0.0427225 0.00581185 0.0369107 0.0485344
572 0.0422307 0.00674535 0.0354854 0.0489761
573 0.043086 0.00689421 0.0361918 0.0499802
574 0.0443904 0.00731848 0.0370719 0.0517089
575 0.0449463 0.00773203 0.0372143 0.0526784
576 0.0484317 0.00951936 0.0389123 0.057951
577 0.0468707 0.00696352 0.0399072 0.0538343
578 0.0461865 0.00740963 0.0387769 0.0535961
579 0.0475978 0.00677137 0.0408264 0.0543691
580 0.0480254 0.00753215 0.0404933 0.0555576
581 0.0473839 0.00718865 0.0401953 0.0545726
582 0.0479399 0.00691278 0.0410271 0.0548527
583 0.0480254 0.00662256 0.0414029 0.054648
584 0.0486028 0.00655339 0.0420494 0.0551561
585 0.0492656 0.00680439 0.0424612 0.05607
586 0.0501637 0.00641921 0.0437445 0.0565829
587 0.0487311 0.00583 0.0429011 0.0545611
588 0.0488593 0.00579605 0.0430633 0.0546554
589 0.0486028 0.00557965 0.0430231 0.0541824
590 0.0485814 0.00592481 0.0426566 0.0545062
591 0.0487524 0.00641621 0.0423362 0.0551687
592 0.0485814 0.00668616 0.0418952 0.0552675
593 0.0496291 0.00622008 0.0434091 0.0558492
594 0.0493939 0.00619212 0.0432018 0.055586
595 0.049565 0.0064982 0.0430668 0.0560632
596 0.0501423 0.00705159 0.0430907 0.0571939
597 0.0508693 0.0065159 0.0443534 0.0573852
598 0.0497788 0.00664227 0.0431365 0.0564211
599 0.0477902 0.00628501 0.0415052 0.0540752
600 0.0473839 0.00613143 0.0412525 0.0535154
601 0.0477902 0.00628645 0.0415037 0.0540767
602 0.0489235 0.00999045 0.038933 0.0589139
603 0.0479827 0.00702651 0.0409561 0.0550092
604 0.0483034 0.00672038 0.041583 0.0550238
605 0.0480254 0.00661148 0.041414 0.0546369
606 0.0514253 0.00540753 0.0460177 0.0568328
607 0.0532 0.0136356 0.0395644 0.0668356
608 0.0498643 0.00697926 0.0428851 0.0568436
609 0.0492442 0.00642231 0.0428219 0.0556665
610 0.0494794 0.00686391 0.0426155 0.0563433
611 0.04856 0.00686043 0.0416996 0.0554204
612 0.0512114 0.00877459 0.0424368 0.059986
613 0.0486883 0.00695416 0.0417341 0.0556424
614 0.0487097 0.00676435 0.0419453 0.055474
615 0.049287 0.0083932 0.0408938 0.0576802
616 0.0478757 0.00803995 0.0398358 0.0559157
617 0.0455664 0.00785936 0.0377071 0.0534258
618 0.0454809 0.00734427 0.0381366 0.0528252
619 0.0439841 0.00719332 0.0367908 0.0511774
620 0.0464645 0.00939499 0.0370695 0.0558595
621 0.0439414 0.00724601 0.0366953 0.0511874
622 0.0452885 0.0071661 0.0381224 0.0524546
623 0.0679113 0.103987 -0.036076 0.171899
624 0.0449249 0.0076769 0.037248 0.0526018
625 0.0450319 0.00696707 0.0380648 0.0519989
626 0.045545 0.00729583 0.0382492 0.0528409
627 0.046101 0.00695721 0.0391438 0.0530582
628 0.0466355 0.00698198 0.0396536 0.0536175
629 0.0465072 0.00751002 0.0389972 0.0540172
630 0.047555 0.0061493 0.0414057 0.0537043
631 0.047833 0.00514299 0.04269 0.052976
632 0.0472984 0.00555357 0.0417448 0.052852
633 0.0468066 0.0060107 0.0407959 0.0528173
634 0.0467639 0.0059738 0.0407901 0.0527377
635 0.0468921 0.00608454 0.0408076 0.0529767
636 0.0465714 0.00530342 0.041268 0.0518748
637 0.0465714 0.00577236 0.040799 0.0523438
638 0.0462507 0.00647902 0.0397717 0.0527297
639 0.0447753 0.00729908 0.0374762 0.0520743
640 0.0450746 0.00700672 0.0380679 0.0520813
641 0.0457802 0.00845682 0.0373234 0.0542371
642 0.0429791 0.00663137 0.0363478 0.0496105
643 0.0430433 0.0071755 0.0358678 0.0502188
644 0.0425515 0.00722152 0.0353299 0.049773
645 0.0432357 0.00772847 0.0355072 0.0509642
646 0.0442193 0.00739158 0.0368277 0.0516109
647 0.0442621 0.00653414 0.0377279 0.0507962
648 0.0438344 0.00658432 0.0372501 0.0504187
649 0.043813 0.00697019 0.0368428 0.0507832
650 0.0436206 0.00725878 0.0363618 0.0508794
651 0.0440696 0.00686308 0.0372065 0.0509327
652 0.0683817 0.101634 -0.0332522 0.170016
653 0.046101 0.00505391 0.0410471 0.0511549
654 0.0456306 0.00564291 0.0399877 0.0512735
655 0.0449463 0.00579764 0.0391487 0.050744
656 0.0447753 0.00652376 0.0382515 0.051299
657 0.0441979 0.00647197 0.037726 0.0506699
658 0.0449891 0.00647242 0.0385167 0.0514615
659 0.0444759 0.00567507 0.0388008 0.050151
660 0.0454381 0.00577233 0.0396658 0.0512105
661 0.0444545 0.0073121 0.0371424 0.0517666
662 0.0464431 0.00768278 0.0387603 0.0541259
663 0.0451388 0.00749124 0.0376475 0.05263
664 0.0450318 0.00772632 0.0373055 0.0527582
665 0.0485814 0.00715396 0.0414274 0.0557353
666 0.0482179 0.00678053 0.0414373 0.0549984
667 0.0463576 0.00770061 0.038657 0.0540582
668 0.0442407 0.00846005 0.0357806 0.0527007
669 0.0431074 0.00770796 0.0353995 0.0508154
670 0.0442621 0.00875855 0.0355035 0.0530206
671 0.0437702 0.00818737 0.0355829 0.0519576
672 0.0428722 0.00760077 0.0352714 0.050473
673 0.0404773 0.00725909 0.0332183 0.0477364
674 0.0418672 0.00613186 0.0357353 0.0479991
675 0.0408622 0.00676649 0.0340957 0.0476287
676 0.0440696 0.012562 0.0315076 0.0566316
677 0.0417817 0.00668028 0.0351014 0.048462
678 0.0417175 0.00675433 0.0349632 0.0484719
679 0.0427011 0.0065492 0.036152 0.0492503
680 0.0424659 0.00638637 0.0360796 0.0488523
681 0.042466 0.00618263 0.0362833 0.0486486
682 0.0431716 0.00703678 0.0361348 0.0502083
683 0.0432357 0.00580554 0.0374302 0.0490413
684 0.0435137 0.00518655 0.0383272 0.0487003
685 0.0421452 0.00609833 0.0360469 0.0482435
686 0.0415037 0.00652851 0.0349752 0.0480322
687 0.0420169 0.00612735 0.0358895 0.0481442
688 0.0416961 0.00636544 0.0353307 0.0480616
689 0.041632 0.00665447 0.0349775 0.0482865
690 0.042359 0.00723792 0.0351211 0.049597
691 0.0431716 0.00658429 0.0365873 0.0497559
692 0.0431074 0.00656499 0.0365424 0.0496724
693 0.0435564 0.00701961 0.0365368 0.0505761
694 0.0434709 0.00667643 0.0367945 0.0501474
695 0.0442621 0.0067245 0.0375376 0.0509866
696 0.0449677 0.00649171 0.038476 0.0514594
697 0.043086 0.00698512 0.0361009 0.0500711
698 0.0438772 0.0070846 0.0367926 0.0509618
699 0.0444545 0.00648351 0.037971 0.050938
700 0.0452884 0.0059671 0.0393213 0.0512556
701 0.0442193 0.00615345 0.0380659 0.0503727
702 0.0441338 0.00643983 0.0376939 0.0505736
703 0.045374 0.0056894 0.0396846 0.0510634
704 0.0455664 0.00608632 0.0394801 0.0516528
705 0.0456092 0.00639948 0.0392097 0.0520087
706 0.045823 0.00649874 0.0393243 0.0523218
707 0.0456733 0.00678956 0.0388838 0.0524629
708 0.0441338 0.00613739 0.0379964 0.0502712
709 0.0455664 0.00972144 0.035845 0.0552879
710 0.0453526 0.00946309 0.0358895 0.0548157
711 0.0452884 0.0104069 0.0348815 0.0556954
712 0.0431288 0.00883109 0.0342977 0.0519599
713 0.0440269 0.0103713 0.0336555 0.0543982
714 0.0433854 0.0106136 0.0327718 0.053999
715 0.0427225 0.0059194 0.0368031 0.0486419
716 0.0426156 0.00574915 0.0368665 0.0483648
717 0.0430219 0.00534035 0.0376815 0.0483622
718 0.0425942 0.00585962 0.0367346 0.0484538
719 0.0422735 0.00605891 0.0362146 0.0483324
720 0.0422735 0.00626664 0.0360068 0.0485401
721 0.0413327 0.00665172 0.0346809 0.0479844
722 0.0411188 0.00690003 0.0342188 0.0480189
723 0.0408409 0.00661617 0.0342247 0.047457
724 0.0410333 0.00765543 0.0333779 0.0486887
725 0.040456 0.00720619 0.0332498 0.0476621
726 0.0410974 0.00691542 0.034182 0.0480129
727 0.0397503 0.00645525 0.0332951 0.0462056
728 0.0390233 0.00595939 0.0330639 0.0449827
729 0.0394296 0.00674228 0.0326873 0.0461719
730 0.0389592 0.00584478 0.0331144 0.044804
731 0.0382108 0.00576187 0.0324489 0.0439727
732 0.0390875 0.0063177 0.0327698 0.0454052
733 0.0390447 0.00614111 0.0329036 0.0451858
734 0.040627 0.00808138 0.0325456 0.0487084
735 0.0424659 0.0070376 0.0354283 0.0495035
736 0.0425301 0.00671765 0.0358124 0.0492477
737 0.0425728 0.00624353 0.0363293 0.0488164
738 0.0425942 0.00615046 0.0364438 0.0487447
739 0.0441124 0.00596462 0.0381478 0.050077
740 0.044369 0.00614967 0.0382193 0.0505187
741 0.0478116 0.00996035 0.0378512 0.0577719
742 0.0466569 0.00698385 0.0396731 0.0536408
743 0.0466783 0.00638948 0.0402888 0.0530678
744 0.0463148 0.00628242 0.0400324 0.0525972
745 0.0471915 0.00569802 0.0414935 0.0528895
746 0.0464859 0.00632306 0.0401628 0.0528089
747 0.0468708 0.00701324 0.0398575 0.053884
748 0.0471273 0.00715933 0.039968 0.0542867
749 0.0445828 0.00757184 0.037011 0.0521546
750 0.0451815 0.00735299 0.0378285 0.0525345
751 0.0447752 0.00726772 0.0375075 0.052043
752 0.0448822 0.00711173 0.0377705 0.0519939
753 0.0460368 0.0072993 0.0387375 0.0533361
754 0.0449036 0.00731023 0.0375933 0.0522138
755 0.0445828 0.00709551 0.0374873 0.0516783
756 0.0457589 0.00782501 0.0379339 0.0535839
757 0.0458444 0.00702003 0.0388243 0.0528644
758 0.0455023 0.00676368 0.0387386 0.0522659
759 0.0693439 0.1097 -0.0403558 0.179044
760 0.0445187 0.00756946 0.0369492 0.0520881
761 0.045545 0.00701599 0.0385291 0.052561
762 0.0457161 0.00654868 0.0391674 0.0522648
763 0.0447111 0.00598174 0.0387294 0.0506929
764 0.0459086 0.00637372 0.0395348 0.0522823
765 0.0454167 0.00676801 0.0386487 0.0521847
766 0.0443048 0.00587211 0.0384327 0.0501769
767 0.0439841 0.00649734 0.0374868 0.0504814
768 0.0433854 0.0059542 0.0374312 0.0493396
769 0.0434923 0.00579795 0.0376943 0.0492902
770 0.0420169 0.00622654 0.0357903 0.0482434
771 0.0421238 0.00651592 0.0356079 0.0486397
772 0.0412257 0.00666702 0.0345587 0.0478928
773 0.0417389 0.00718074 0.0345582 0.0489197
774 0.0420383 0.00649991 0.0355384 0.0485382
775 0.0413754 0.0066112 0.0347642 0.0479866
776 0.0412471 0.00648071 0.0347664 0.0477278
777 0.0434068 0.00964307 0.0337637 0.0530498
778 0.0432785 0.00720896 0.0360695 0.0504875
779 0.0426156 0.00687215 0.0357435 0.0494878
780 0.0426584 0.00767144 0.0349869 0.0503298
781 0.0407981 0.00747647 0.0333216 0.0482746
782 0.0418245 0.00832398 0.0335005 0.0501484
783 0.0403277 0.00829481 0.0320329 0.0486225
784 0.040349 0.00828506 0.032064 0.0486341
785 0.0406912 0.0077949 0.0328963 0.0484861
786 0.0394083 0.0078405 0.0315678 0.0472487
787 0.0398145 0.00830232 0.0315122 0.0481168
788 0.0414823 0.00878409 0.0326982 0.0502664
789 0.0403491 0.00850404 0.031845 0.0488531
790 0.0424659 0.00893078 0.0335352 0.0513967
791 0.0414395 0.0084356 0.033004 0.0498751
792 0.0397717 0.00875802 0.0310137 0.0485297
793 0.0421024 0.00842863 0.0336738 0.0505311
794 0.0411402 0.00796812 0.0331721 0.0491083
795 0.0409264 0.00803611 0.0328903 0.0489625
796 0.0413327 0.00754086 0.0337918 0.0488735
797 0.0418672 0.00725485 0.0346124 0.0491221
798 0.0437275 0.00707876 0.0366488 0.0508063
799 0.0428508 0.00754611 0.0353047 0.0503969
