# ../output/graphs/perf_parallel99BIPED_thread4
# step - mean (0.103497) - standard deviation (0.308667) r=20 - ylow - yhigh
0 0.310123 0.28523 0.0248938 0.595353
1 0.127292 0.137925 -0.0106321 0.265217
2 0.0948913 0.00733714 0.0875542 0.102228
3 0.128118 0.136292 -0.00817332 0.26441
4 0.12962 0.160406 -0.0307864 0.290026
5 0.0932547 0.00403157 0.0892232 0.0972863
6 0.153853 0.25095 -0.0970967 0.404803
7 0.165009 0.209937 -0.0449279 0.374945
8 0.0899065 0.0112098 0.0786967 0.101116
9 0.0900567 0.0115687 0.078488 0.101625
10 0.0886003 0.00616761 0.0824326 0.0947679
11 0.107714 0.0540389 0.0536747 0.161753
12 0.0874592 0.00128064 0.0861785 0.0887398
13 0.0874592 0.00195966 0.0854995 0.0894188
14 0.118584 0.137585 -0.0190005 0.256169
15 0.0883 0.00371858 0.0845814 0.0920185
16 0.0936151 0.0237336 0.0698814 0.117349
17 0.142487 0.156636 -0.0141493 0.299124
18 0.0873691 0.000979859 0.0863892 0.0883489
19 0.119335 0.110477 0.00885782 0.229812
20 0.134559 0.199081 -0.064521 0.33364
21 0.163417 0.240133 -0.0767157 0.40355
22 0.103104 0.0505338 0.0525705 0.153638
23 0.0866784 0.00735633 0.0793221 0.0940347
24 0.128283 0.177661 -0.0493775 0.305944
25 0.100777 0.0555575 0.0452194 0.156335
26 0.110086 0.087426 0.0226599 0.197512
27 0.118119 0.140382 -0.0222632 0.2585
28 0.0861829 0.00243216 0.0837508 0.0886151
29 0.0856424 0.00138784 0.0842546 0.0870302
30 0.127863 0.175266 -0.0474032 0.303129
31 0.0858076 0.0019757 0.0838319 0.0877833
32 0.100897 0.0312501 0.069647 0.132147
33 0.118989 0.128722 -0.00973268 0.247712
34 0.0972035 0.0234545 0.073749 0.120658
35 0.135641 0.111769 0.023872 0.247409
36 0.0931947 0.001088 0.0921067 0.0942827
37 0.0954018 0.00916846 0.0862333 0.10457
38 0.0929695 0.00103763 0.0919318 0.0940071
39 0.128854 0.133351 -0.00449736 0.262205
40 0.109741 0.0435813 0.0661593 0.153322
41 0.110146 0.0806289 0.0295171 0.190775
42 0.0922788 0.00100541 0.0912734 0.0932842
43 0.0937652 0.00608845 0.0876768 0.0998537
44 0.11444 0.0651995 0.0492406 0.17964
45 0.0928794 0.0017069 0.0911725 0.0945863
46 0.0942307 0.00769619 0.0865345 0.101927
47 0.100867 0.0272638 0.0736032 0.128131
48 0.120131 0.073736 0.0463946 0.193867
49 0.10953 0.0676275 0.0419029 0.177158
50 0.0924289 0.000961864 0.0914671 0.0933908
51 0.0942607 0.00762988 0.0866308 0.101891
52 0.11914 0.107084 0.0120559 0.226223
53 0.0939304 0.00572175 0.0882086 0.0996521
54 0.101438 0.0324916 0.068946 0.133929
55 0.115581 0.0909358 0.0246454 0.206517
56 0.128884 0.14996 -0.0210757 0.278844
57 0.102624 0.0337514 0.0688723 0.136375
58 0.0944709 0.00587017 0.0886007 0.100341
59 0.0969483 0.0107003 0.086248 0.107649
60 0.0938853 0.00402687 0.0898585 0.0979122
61 0.0942757 0.00808914 0.0861866 0.102365
62 0.092504 0.000785789 0.0917182 0.0932898
63 0.094606 0.00765676 0.0869493 0.102263
64 0.112473 0.0798966 0.0325766 0.19237
65 0.131962 0.169791 -0.0378289 0.301753
66 0.0929845 0.00181985 0.0911646 0.0948043
67 0.112939 0.0499322 0.0630065 0.162871
68 0.123118 0.117411 0.00570764 0.240529
69 0.0922638 0.000722412 0.0915414 0.0929862
70 0.0985999 0.02699 0.0716099 0.12559
71 0.0947261 0.00820041 0.0865257 0.102927
72 0.112849 0.0572694 0.0555792 0.170118
73 0.0955219 0.00838387 0.087138 0.103906
74 0.112233 0.084275 0.027958 0.196508
75 0.109876 0.067241 0.0426347 0.177117
76 0.106798 0.0608733 0.0459245 0.167671
77 0.09357 0.00170769 0.0918623 0.0952777
78 0.0967531 0.0181215 0.0786316 0.114875
79 0.0981494 0.0131855 0.084964 0.111335
80 0.0923839 0.000912183 0.0914717 0.0932961
81 0.0932998 0.00468595 0.0886138 0.0979857
82 0.093555 0.00173149 0.0918235 0.0952865
83 0.0926542 0.00115709 0.0914971 0.0938112
84 0.0929544 0.000979858 0.0919746 0.0939343
85 0.0942607 0.00711495 0.0871458 0.101376
86 0.108615 0.0610508 0.0475637 0.169665
87 0.0943808 0.00723696 0.0871438 0.101618
88 0.10414 0.0499062 0.054234 0.154046
89 0.0972936 0.0160656 0.081228 0.113359
90 0.0936901 0.00378054 0.0899096 0.0974707
91 0.0946661 0.00714023 0.0875259 0.101806
92 0.092474 0.00114534 0.0913286 0.0936193
93 0.0999962 0.0274011 0.0725951 0.127397
94 0.108209 0.0708083 0.0374008 0.179017
95 0.0921887 0.00105315 0.0911355 0.0932419
96 0.0984497 0.0141392 0.0843105 0.112589
97 0.094576 0.0073282 0.0872478 0.101904
98 0.124079 0.085485 0.0385944 0.209564
99 0.0937202 0.012118 0.0816022 0.105838
100 0.0949814 0.0187427 0.0762387 0.113724
101 0.124635 0.0995634 0.0250715 0.224198
102 0.111858 0.0846572 0.0272004 0.196515
103 0.100146 0.0347164 0.06543 0.134863
104 0.0939154 0.00780109 0.0861143 0.101716
105 0.0947412 0.0174262 0.077315 0.112167
106 0.173582 0.348185 -0.174603 0.521767
107 0.109365 0.0430012 0.066364 0.152366
108 0.0902819 0.00360131 0.0866806 0.0938832
109 0.0907023 0.00734234 0.0833599 0.0980446
110 0.0916932 0.0068465 0.0848467 0.0985397
111 0.106332 0.0613366 0.0449957 0.167669
112 0.0975789 0.00984905 0.0877298 0.107428
113 0.0934349 0.00170207 0.0917328 0.095137
114 0.0965879 0.0125872 0.0840008 0.109175
115 0.0931947 0.00756005 0.0856346 0.100755
116 0.0951015 0.0101042 0.0849973 0.105206
117 0.108615 0.0705035 0.038111 0.179118
118 0.0942907 0.00657146 0.0877193 0.100862
119 0.0936601 0.0066924 0.0869677 0.100353
120 0.0950865 0.00843126 0.0866552 0.103518
121 0.105281 0.0571803 0.048101 0.162462
122 0.091468 0.000762047 0.090706 0.0922301
123 0.096663 0.011403 0.08526 0.108066
124 0.101528 0.043194 0.0583337 0.144722
125 0.102609 0.039138 0.0634707 0.141747
126 0.0978041 0.0126054 0.0851987 0.110409
127 0.09354 0.00705551 0.0864845 0.100596
128 0.159589 0.239535 -0.079946 0.399123
129 0.10956 0.0643367 0.0452237 0.173897
130 0.134379 0.121494 0.0128856 0.255873
131 0.0911527 0.00108468 0.090068 0.0922374
132 0.102549 0.0399534 0.0625953 0.142502
133 0.125911 0.107382 0.0185289 0.233293
134 0.0922488 0.00305292 0.0891958 0.0953017
135 0.117713 0.0744607 0.0432526 0.192174
136 0.103705 0.0489246 0.0547801 0.152629
137 0.0912728 0.00251504 0.0887578 0.0937879
138 0.091498 0.00259033 0.0889077 0.0940884
139 0.126722 0.157699 -0.030977 0.284421
140 0.0969333 0.0283446 0.0685887 0.125278
141 0.124124 0.123731 0.00039332 0.247856
142 0.144889 0.166829 -0.0219391 0.311718
143 0.0905071 0.000603574 0.0899035 0.0911107
144 0.106663 0.0694375 0.0372251 0.1761
145 0.111512 0.0834923 0.02802 0.195005
146 0.117984 0.113338 0.00464584 0.231321
147 0.0908224 0.000667931 0.0901545 0.0914903
148 0.0942907 0.0144782 0.0798126 0.108769
149 0.0960624 0.0211551 0.0749073 0.117218
150 0.0921887 0.00397699 0.0882117 0.0961657
151 0.0912278 0.00130755 0.0899202 0.0925353
152 0.103389 0.051746 0.0516435 0.155135
153 0.107774 0.0729716 0.0348021 0.180745
154 0.0926542 0.00396049 0.0886937 0.0966146
155 0.0917833 0.00402014 0.0877632 0.0958035
156 0.10348 0.0477004 0.0557791 0.15118
157 0.0995908 0.0253904 0.0742005 0.124981
158 0.0915581 0.00265531 0.0889028 0.0942134
159 0.0949814 0.0108229 0.0841584 0.105804
160 0.110942 0.0674028 0.0435389 0.178345
161 0.0953267 0.0166373 0.0786894 0.111964
162 0.0961075 0.0206682 0.0754393 0.116776
163 0.123314 0.121417 0.00189642 0.244731
164 0.0916632 0.00138223 0.090281 0.0930454
165 0.0915131 0.000770725 0.0907423 0.0922838
166 0.095642 0.0116133 0.0840288 0.107255
167 0.11435 0.0843132 0.0300368 0.198663
168 0.105056 0.0548636 0.0501924 0.15992
169 0.10887 0.0776769 0.0311928 0.186547
170 0.112263 0.0897136 0.0225495 0.201977
171 0.106918 0.0510556 0.0558623 0.157973
172 0.104365 0.0414256 0.0629399 0.145791
173 0.0975489 0.0200314 0.0775175 0.11758
174 0.138929 0.185096 -0.0461678 0.324025
175 0.0936751 0.011944 0.0817312 0.105619
176 0.0937052 0.00896576 0.0847394 0.102671
177 0.114861 0.066822 0.0480385 0.181682
178 0.0919034 0.000872778 0.0910307 0.0927762
179 0.119275 0.0842952 0.0349796 0.20357
180 0.121827 0.127269 -0.00544195 0.249096
181 0.097669 0.0278321 0.0698369 0.125501
182 0.131256 0.165857 -0.034601 0.297114
183 0.0919485 0.00168697 0.0902615 0.0936354
184 0.118269 0.104423 0.0138453 0.222692
185 0.0930145 0.0073346 0.0856799 0.100349
186 0.095582 0.0102346 0.0853474 0.105817
187 0.0929544 0.00748104 0.0854734 0.100435
188 0.0911978 0.000704879 0.0904929 0.0919026
189 0.0926391 0.00716961 0.0854695 0.0998088
190 0.107368 0.0575231 0.0498452 0.164891
191 0.0917233 0.00212012 0.0896031 0.0938434
192 0.0920836 0.0017696 0.090314 0.0938532
193 0.0947111 0.00811969 0.0865914 0.102831
194 0.0998911 0.0264655 0.0734256 0.126357
195 0.0988401 0.0204029 0.0784372 0.119243
196 0.106603 0.036116 0.0704865 0.142719
197 0.0945009 0.00704374 0.0874572 0.101545
198 0.138238 0.147918 -0.00967986 0.286156
199 0.0952967 0.0268847 0.068412 0.122181
200 0.0870538 0.0010398 0.086014 0.0880936
201 0.100372 0.0564858 0.0438857 0.156857
202 0.0999362 0.0416945 0.0582416 0.141631
203 0.0932097 0.0120162 0.0811935 0.105226
204 0.0884051 0.00715318 0.0812519 0.0955582
205 0.0895762 0.00841404 0.0811621 0.0979902
206 0.0954468 0.0383054 0.0571414 0.133752
207 0.0880447 0.00630221 0.0817425 0.0943469
208 0.0991554 0.0503423 0.0488131 0.149498
209 0.106678 0.0704866 0.0361911 0.177164
210 0.107624 0.0889864 0.0186371 0.19661
211 0.0931046 0.0275017 0.0656029 0.120606
212 0.11435 0.117385 -0.0030354 0.231735
213 0.0898615 0.0140627 0.0757988 0.103924
214 0.113479 0.1126 0.00087949 0.226079
215 0.087264 0.002634 0.08463 0.089898
216 0.0868586 0.00180392 0.0850547 0.0886625
217 0.111828 0.106346 0.00548153 0.218174
218 0.0958072 0.0378955 0.0579117 0.133703
219 0.0916182 0.0215146 0.0701036 0.113133
220 0.115761 0.11262 0.00314172 0.228381
221 0.0844563 0.000614494 0.0838418 0.0850708
222 0.0892909 0.0127119 0.076579 0.102003
223 0.265606 0.78691 -0.521304 1.05252
224 0.116227 0.100064 0.0161632 0.21629
225 0.101212 0.070136 0.0310763 0.171348
226 0.0870087 0.00727225 0.0797365 0.094281
227 0.0849668 0.000975247 0.0839915 0.085942
228 0.0851169 0.00118023 0.0839367 0.0862971
229 0.102504 0.0768066 0.025697 0.17931
230 0.0984347 0.0532173 0.0452174 0.151652
231 0.121317 0.100225 0.0210913 0.221542
232 0.0893209 0.0053914 0.0839295 0.0947123
233 0.149679 0.17084 -0.0211611 0.320519
234 0.0957772 0.0227177 0.0730595 0.118495
235 0.0943057 0.014826 0.0794797 0.109132
236 0.0887354 0.00114544 0.0875899 0.0898808
237 0.0982095 0.028574 0.0696355 0.126783
238 0.112623 0.0740209 0.0386025 0.186644
239 0.0897864 0.00698519 0.0828012 0.0967716
240 0.0919034 0.0081025 0.0838009 0.100006
241 0.0881198 0.00198162 0.0861382 0.0901014
242 0.0960324 0.0365417 0.0594907 0.132574
243 0.0881949 0.00252332 0.0856715 0.0907182
244 0.0920085 0.0108663 0.0811422 0.102875
245 0.103705 0.0453208 0.058384 0.149026
246 0.0909875 0.00824346 0.0827441 0.099231
247 0.0900717 0.0048499 0.0852218 0.0949216
248 0.116332 0.110926 0.00540561 0.227258
249 0.103435 0.0647324 0.0387021 0.168167
250 0.125821 0.162998 -0.037177 0.288819
251 0.0993056 0.0489406 0.050365 0.148246
252 0.108134 0.0744241 0.0337099 0.182558
253 0.120371 0.139588 -0.0192169 0.259959
254 0.171375 0.247907 -0.0765317 0.419281
255 0.0905671 0.00928296 0.0812842 0.0998501
256 0.105056 0.0306448 0.0744113 0.135701
257 0.10869 0.0692087 0.0394809 0.177898
258 0.0897714 0.00421205 0.0855593 0.0939834
259 0.111512 0.0862248 0.0252875 0.197737
260 0.0901918 0.00778975 0.082402 0.0979815
261 0.0960324 0.032689 0.0633434 0.128721
262 0.112909 0.103987 0.00892157 0.216896
263 0.0887654 0.00280798 0.0859574 0.0915734
264 0.099816 0.0405355 0.0592806 0.140352
265 0.0900567 0.00759968 0.082457 0.0976563
266 0.0902068 0.00554308 0.0846637 0.0957499
267 0.0898615 0.0053371 0.0845244 0.0951986
268 0.0940355 0.0242494 0.0697861 0.118285
269 0.113644 0.108613 0.00503123 0.222257
270 0.121422 0.0901458 0.031276 0.211568
271 0.0887204 0.000872777 0.0878476 0.0895931
272 0.0891258 0.00080911 0.0883166 0.0899349
273 0.0890056 0.000887759 0.0881179 0.0898934
274 0.0917683 0.00946048 0.0823078 0.101229
275 0.152937 0.278578 -0.125641 0.431515
276 0.092504 0.0105219 0.0819821 0.103026
277 0.103029 0.0515055 0.0515236 0.154535
278 0.0958072 0.0309199 0.0648873 0.126727
279 0.107849 0.0968546 0.0109942 0.204703
280 0.133929 0.213632 -0.079703 0.347561
281 0.0982395 0.0560047 0.0422349 0.154244
282 0.0962126 0.0279589 0.0682537 0.124171
283 0.107368 0.084834 0.0225343 0.192202
284 0.0852971 0.00164879 0.0836483 0.0869459
285 0.105492 0.088369 0.0171225 0.193861
286 0.123043 0.124317 -0.00127369 0.24736
287 0.0855373 0.000882027 0.0846553 0.0864193
288 0.109816 0.0844094 0.0254063 0.194225
289 0.10863 0.0833414 0.0252881 0.191971
290 0.0900416 0.0108426 0.0791991 0.100884
291 0.107383 0.0552313 0.052152 0.162615
292 0.0878495 0.00844259 0.0794069 0.0962921
293 0.107594 0.0806584 0.0269352 0.188252
294 0.0934499 0.0291006 0.0643494 0.12255
295 0.0884201 0.00969635 0.0787237 0.0981164
296 0.0834053 0.00236615 0.0810391 0.0857714
297 0.0995758 0.0525958 0.04698 0.152172
298 0.11459 0.1143 0.000290278 0.22889
299 0.0887204 0.00880235 0.079918 0.0975227
300 0.0997109 0.0547507 0.0449602 0.154462
301 0.100131 0.0604663 0.0396651 0.160598
302 0.0940955 0.0257012 0.0683944 0.119797
303 0.0868285 0.000856087 0.0859725 0.0876846
304 0.0865883 0.000686574 0.0859017 0.0872749
305 0.0920836 0.0112471 0.0808365 0.103331
306 0.148253 0.238125 -0.0898722 0.386377
307 0.0882099 0.00690722 0.0813027 0.0951171
308 0.10929 0.0773044 0.0319858 0.186595
309 0.098735 0.0346788 0.0640562 0.133414
310 0.102834 0.0393459 0.063488 0.14218
311 0.0903269 0.00447582 0.0858511 0.0948027
312 0.0892609 0.000934642 0.0883262 0.0901955
313 0.105296 0.0723717 0.0329246 0.177668
314 0.0887804 0.00127145 0.087509 0.0900519
315 0.0990053 0.0450868 0.0539185 0.144092
316 0.330468 0.946324 -0.615856 1.27679
317 0.0949514 0.0248978 0.0700535 0.119849
318 0.0934799 0.0201416 0.0733384 0.113622
319 0.0959123 0.0234686 0.0724437 0.119381
320 0.0969333 0.0244631 0.0724702 0.121396
321 0.087309 0.00631027 0.0809987 0.0936193
322 0.0870387 0.00776482 0.0792739 0.0948036
323 0.0879246 0.00823394 0.0796907 0.0961585
324 0.0848016 0.00140656 0.083395 0.0862082
325 0.0850118 0.000832726 0.0841791 0.0858445
326 0.0861229 0.00691943 0.0792034 0.0930423
327 0.0869186 0.00393192 0.0829867 0.0908506
328 0.0864081 0.00779877 0.0786094 0.0942069
329 0.0844713 0.00101877 0.0834525 0.0854901
330 0.0854923 0.00381863 0.0816736 0.0893109
331 0.0858826 0.00623199 0.0796506 0.0921146
332 0.0994857 0.0540307 0.045455 0.153516
333 0.101798 0.0707236 0.0310743 0.172522
334 0.129154 0.196128 -0.0669737 0.325282
335 0.0846815 0.00177145 0.08291 0.0864529
336 0.0850719 0.00517779 0.0798941 0.0902496
337 0.0843812 0.000895848 0.0834853 0.085277
338 0.0843061 0.00228471 0.0820214 0.0865908
339 0.0840058 0.00136251 0.0826433 0.0853683
340 0.0929544 0.0393899 0.0535645 0.132344
341 0.0860178 0.00684202 0.0791757 0.0928598
342 0.0853271 0.00225971 0.0830674 0.0875868
343 0.0842761 0.000897231 0.0833789 0.0851733
344 0.0870538 0.00980244 0.0772513 0.0968562
345 0.101197 0.0759949 0.0252024 0.177192
346 0.132052 0.152121 -0.0200685 0.284173
347 0.0857475 0.00735645 0.0783911 0.093104
348 0.0973987 0.0492514 0.0481474 0.14665
349 0.0841259 0.00130988 0.0828161 0.0854358
350 0.100777 0.0486404 0.0521366 0.149417
351 0.0845013 0.00111714 0.0833842 0.0856184
352 0.0940655 0.0203271 0.0737384 0.114393
353 0.0953117 0.0477273 0.0475844 0.143039
354 0.0864982 0.00805842 0.0784398 0.0945567
355 0.112909 0.102914 0.00999475 0.215823
356 0.137758 0.227804 -0.0900469 0.365562
357 0.0954168 0.0455396 0.0498772 0.140956
358 0.0854172 0.00329426 0.0821229 0.0887114
359 0.0858676 0.00799044 0.0778772 0.0938581
360 0.0861079 0.00380891 0.0822989 0.0899168
361 0.11944 0.108802 0.0106382 0.228242
362 0.104501 0.0859248 0.0185757 0.190425
363 0.0850118 0.0007163 0.0842955 0.0857281
364 0.0848466 0.000640362 0.0842063 0.085487
365 0.0848316 0.000611735 0.0842199 0.0854434
366 0.0891858 0.0148192 0.0743666 0.104005
367 0.106798 0.0930423 0.0137555 0.19984
368 0.10887 0.0800896 0.0287801 0.188959
369 0.108615 0.0950827 0.0135318 0.203697
370 0.0958072 0.0489822 0.046825 0.144789
371 0.0848917 0.000723814 0.0841679 0.0856155
372 0.100627 0.0616277 0.0389991 0.162255
373 0.0898314 0.0208841 0.0689474 0.110716
374 0.109816 0.106481 0.00333428 0.216297
375 0.107924 0.0897121 0.0182118 0.197636
376 0.0856274 0.00128906 0.0843383 0.0869164
377 0.0876243 0.00848155 0.0791428 0.0961059
378 0.0850568 0.000832591 0.0842243 0.0858894
379 0.0848466 0.000557559 0.0842891 0.0854042
380 0.0868586 0.00712443 0.0797341 0.093983
381 0.0860028 0.00401355 0.0819892 0.0900163
382 0.0855523 0.00334778 0.0822045 0.0889001
383 0.0891408 0.0079337 0.0812071 0.0970745
384 0.0971885 0.0256694 0.0715191 0.122858
385 0.0963027 0.034157 0.0621457 0.13046
386 0.201284 0.494341 -0.293058 0.695625
387 0.231072 0.514958 -0.283885 0.74603
388 0.0866784 0.00696015 0.0797183 0.0936385
389 0.108855 0.079382 0.0294727 0.188237
390 0.221463 0.579788 -0.358325 0.801251
391 0.0999962 0.056613 0.0433832 0.156609
392 0.162546 0.229201 -0.0666551 0.391748
393 0.292166 0.875645 -0.583479 1.16781
394 0.112008 0.112205 -0.000197432 0.224213
395 1.86173 7.64388 -5.78215 9.50561
396 0.596644 2.21246 -1.61581 2.8091
397 0.441875 1.54622 -1.10435 1.9881
398 0.0866334 0.000626303 0.0860071 0.0872597
399 0.0990954 0.0326341 0.0664613 0.131729
400 0.089351 0.00779391 0.0815571 0.0971449
401 0.0868285 0.000773061 0.0860555 0.0876016
402 0.105431 0.0774503 0.0279812 0.182882
403 0.0870838 0.00148635 0.0855974 0.0885701
404 0.118389 0.097681 0.0207079 0.21607
405 0.0879396 0.00412094 0.0838187 0.0920606
406 0.0950715 0.0365662 0.0585053 0.131638
407 0.0868285 0.0029457 0.0838828 0.0897742
408 0.107008 0.0898898 0.0171181 0.196898
409 0.0899215 0.0109346 0.0789869 0.100856
410 0.0826695 0.000529565 0.08214 0.0831991
411 0.126121 0.188779 -0.0626576 0.3149
412 0.0856574 0.00974708 0.0759103 0.0954045
413 0.0851619 0.00749364 0.0776683 0.0926556
414 0.102669 0.0849184 0.0177504 0.187587
415 0.0844863 0.00675168 0.0777346 0.091238
416 0.0885702 0.0171844 0.0713858 0.105755
417 0.0923088 0.0401557 0.0521532 0.132464
418 0.0983446 0.0765775 0.0217671 0.174922
419 0.082054 0.00515577 0.0768982 0.0872097
420 0.0843512 0.00910024 0.0752509 0.0934514
421 0.102939 0.0912126 0.0117265 0.194152
422 0.0819939 0.00221782 0.0797761 0.0842117
423 0.081033 0.00110445 0.0799285 0.0821374
424 0.101438 0.0637034 0.0377342 0.165141
425 0.0933598 0.0312981 0.0620617 0.124658
426 0.0974588 0.0398363 0.0576225 0.137295
427 0.100206 0.0532903 0.0469162 0.153497
428 0.0890957 0.00970175 0.079394 0.0987975
429 0.102909 0.0736095 0.0292996 0.176518
430 0.0856724 0.00107477 0.0845977 0.0867472
431 0.112338 0.110178 0.00215996 0.222516
432 0.0860028 0.00173649 0.0842663 0.0877392
433 0.0947862 0.0261778 0.0686084 0.120964
434 0.0853872 0.00139973 0.0839874 0.0867869
435 0.086228 0.00629267 0.0799353 0.0925206
436 0.112548 0.107631 0.00491745 0.220179
437 0.0995608 0.0471524 0.0524084 0.146713
438 0.0865132 0.00746561 0.0790476 0.0939789
439 0.0858977 0.00481351 0.0810841 0.0907112
440 0.0836155 0.000802816 0.0828126 0.0844183
441 0.0957021 0.0435323 0.0521698 0.139234
442 0.0917233 0.0251032 0.06662 0.116826
443 0.101753 0.0541942 0.0475588 0.155947
444 0.107819 0.0987227 0.00909602 0.206541
445 0.108615 0.0839099 0.0247046 0.192524
446 0.0955519 0.0371134 0.0584385 0.132665
447 0.0917082 0.0209789 0.0707294 0.112687
448 0.100251 0.0273722 0.0728793 0.127624
449 0.116242 0.0939304 0.0223115 0.210172
450 0.0900416 0.00544449 0.0845971 0.0954861
451 0.104921 0.0565318 0.0483892 0.161453
452 0.11459 0.0959862 0.018604 0.210577
453 0.0889005 0.00120294 0.0876976 0.0901035
454 0.0921136 0.00753592 0.0845777 0.0996496
455 0.135235 0.159782 -0.0245469 0.295017
456 0.109711 0.0496045 0.060106 0.159315
457 0.106242 0.0566485 0.0495937 0.162891
458 0.0880447 0.0130391 0.0750056 0.101084
459 0.0885102 0.0142385 0.0742716 0.102749
460 0.086243 0.0054132 0.0808298 0.0916562
461 0.0873841 0.00780231 0.0795818 0.0951864
462 0.085207 0.0012119 0.0839951 0.0864189
463 0.085222 0.00212888 0.0830931 0.0873509
464 0.085267 0.000830423 0.0844366 0.0860975
465 0.0861079 0.00261764 0.0834902 0.0887255
466 0.102008 0.0704529 0.0315552 0.172461
467 0.0979543 0.040107 0.0578472 0.138061
468 0.0855974 0.00110118 0.0844962 0.0866985
469 0.0907173 0.0206167 0.0701006 0.111334
470 0.0874742 0.00814614 0.079328 0.0956203
471 0.0865583 0.001424 0.0851343 0.0879823
472 0.131677 0.181977 -0.0503003 0.313654
473 0.086243 0.00124031 0.0850027 0.0874833
474 0.0873691 0.00747923 0.0798898 0.0948483
475 0.0872039 0.00315146 0.0840524 0.0903554
476 0.115296 0.0917755 0.0235204 0.207071
477 0.086213 0.0010655 0.0851475 0.0872785
478 0.0929995 0.0290796 0.0639199 0.122079
479 0.0884051 0.00696994 0.0814351 0.095375
480 0.103615 0.0329906 0.0706241 0.136605
481 0.0884651 0.0052352 0.0832299 0.0937003
482 0.0878495 0.00593591 0.0819136 0.0937854
483 0.0921286 0.0202112 0.0719175 0.11234
484 0.0860478 0.00116098 0.0848868 0.0872088
485 0.113569 0.109955 0.00361416 0.223524
486 0.0998461 0.04798 0.0518661 0.147826
487 0.0866784 0.001088 0.0855904 0.0877664
488 0.0948312 0.039493 0.0553382 0.134324
489 0.0892008 0.00962025 0.0795806 0.0988211
490 0.0875643 0.00686303 0.0807012 0.0944273
491 0.0901618 0.0279164 0.0622454 0.118078
492 0.0832101 0.00227487 0.0809352 0.0854849
493 0.095567 0.0311137 0.0644532 0.126681
494 0.089411 0.00950872 0.0799023 0.0989198
495 0.0874291 0.00549231 0.0819368 0.0929214
496 0.0861379 0.000902242 0.0852356 0.0870401
497 0.0927893 0.0248887 0.0679006 0.117678
498 0.0880898 0.00835336 0.0797364 0.0964431
499 0.0906422 0.0102961 0.0803461 0.100938
500 0.0896362 0.00901592 0.0806203 0.0986522
501 0.0887204 0.00780317 0.0809172 0.0965235
502 0.0864232 0.00100316 0.08542 0.0874263
503 0.0869036 0.00256637 0.0843372 0.08947
504 0.111557 0.0843735 0.0271839 0.195931
505 0.111843 0.0849331 0.0269095 0.196776
506 0.0922938 0.00930715 0.0829867 0.101601
507 0.178657 0.173196 0.00546063 0.351853
508 0.0887804 0.00139651 0.0873839 0.0901769
509 0.0880747 0.000658585 0.0874162 0.0887333
510 0.0902368 0.0057484 0.0844884 0.0959852
511 0.0880747 0.00107056 0.0870042 0.0891453
512 0.0982245 0.0257337 0.0724908 0.123958
513 0.090417 0.00768405 0.0827329 0.0981011
514 0.0915731 0.0131842 0.0783889 0.104757
515 0.0921587 0.0115632 0.0805954 0.103722
516 0.118719 0.105032 0.0136875 0.223751
517 0.102008 0.0680878 0.0339204 0.170096
518 0.0849517 0.00101789 0.0839339 0.0859696
519 0.128073 0.131905 -0.00383182 0.259978
520 0.0867535 0.00800759 0.0787459 0.0947611
521 0.0845914 0.000833808 0.0837576 0.0854252
522 0.085192 0.0027638 0.0824282 0.0879558
523 0.0852971 0.00316299 0.0821341 0.0884601
524 0.0860028 0.00834263 0.0776601 0.0943454
525 0.0845764 0.00143158 0.0831448 0.086008
526 0.0865433 0.00777893 0.0787643 0.0943222
527 0.116872 0.135328 -0.0184551 0.2522
528 0.127022 0.180375 -0.0533524 0.307397
529 0.0906722 0.0270319 0.0636403 0.117704
530 0.0847415 0.00292161 0.0818199 0.0876632
531 0.0996809 0.0516241 0.0480568 0.151305
532 0.0962126 0.0413464 0.0548662 0.137559
533 0.0845764 0.000829336 0.083747 0.0854057
534 0.0854472 0.00443013 0.0810171 0.0898773
535 0.0846965 0.000937531 0.083759 0.085634
536 0.0970384 0.0392569 0.0577815 0.136295
537 0.0859277 0.00722086 0.0787068 0.0931485
538 0.106588 0.0718804 0.0347072 0.178468
539 0.0873541 0.0076576 0.0796964 0.0950117
540 0.0840959 0.00110527 0.0829906 0.0852012
541 0.11429 0.0792587 0.0350313 0.193549
542 0.0868436 0.00791112 0.0789324 0.0947547
543 0.10944 0.0749002 0.0345401 0.18434
544 0.111722 0.110105 0.00161779 0.221827
545 0.114275 0.111109 0.00316613 0.225384
546 0.102323 0.0583986 0.0439249 0.160722
547 0.0903119 0.02573 0.0645819 0.116042
548 0.097669 0.0501544 0.0475145 0.147823
549 0.0978041 0.054426 0.0433781 0.15223
550 0.10914 0.10951 -0.000370319 0.21865
551 0.086228 0.0082611 0.0779669 0.0944891
552 0.0926692 0.0352059 0.0574633 0.127875
553 0.0974738 0.0567355 0.0407383 0.154209
554 0.0842761 0.000624679 0.0836514 0.0849008
555 0.0856124 0.00374568 0.0818667 0.0893581
556 0.0955519 0.0276423 0.0679096 0.123194
557 0.101272 0.043134 0.0581385 0.144406
558 0.0850418 0.00234264 0.0826992 0.0873845
559 0.0842761 0.00110037 0.0831757 0.0853765
560 0.0841109 0.000759083 0.0833518 0.08487
561 0.0860178 0.00826884 0.0777489 0.0942866
562 0.0868285 0.00713796 0.0796906 0.0939665
563 0.0842911 0.000742265 0.0835488 0.0850334
564 0.0844112 0.00141136 0.0829999 0.0858226
565 0.0844863 0.000773061 0.0837132 0.0852594
566 0.0858977 0.00339137 0.0825063 0.089289
567 0.0849217 0.000661999 0.0842597 0.0855837
568 0.0873541 0.00700575 0.0803483 0.0943598
569 0.116452 0.0761094 0.0403426 0.192561
570 0.101873 0.0502915 0.0515815 0.152165
571 0.090447 0.0163437 0.0741033 0.106791
572 0.0864832 0.00518118 0.081302 0.0916644
573 0.0859877 0.0028222 0.0831655 0.0888099
574 0.0867985 0.00696934 0.0798292 0.0937679
575 0.0867084 0.00755564 0.0791528 0.0942641
576 0.164528 0.190217 -0.0256886 0.354745
577 0.123659 0.115574 0.00808532 0.239233
578 0.0868736 0.00718005 0.0796935 0.0940536
579 0.133058 0.137123 -0.0040645 0.270181
580 0.116032 0.121222 -0.00519019 0.237253
581 0.127262 0.0939336 0.0333289 0.221196
582 0.086258 0.00287067 0.0833873 0.0891287
583 0.0870838 0.00740868 0.0796751 0.0944925
584 0.085252 0.00138882 0.0838632 0.0866408
585 0.0876243 0.00841967 0.0792046 0.096044
586 0.098735 0.0431365 0.0555985 0.141872
587 0.0869036 0.00671292 0.0801907 0.0936165
588 0.110596 0.100586 0.0100105 0.211182
589 0.0979392 0.0379917 0.0599475 0.135931
590 0.0867084 0.000953743 0.0857547 0.0876622
591 0.0878195 0.010393 0.0774265 0.0982125
592 0.0845013 0.00197233 0.082529 0.0864736
593 0.0959123 0.0288783 0.067034 0.124791
594 0.0875793 0.00151125 0.086068 0.0890905
595 0.0899065 0.00851328 0.0813932 0.0984198
596 0.102203 0.0606127 0.0415907 0.162816
597 0.094561 0.0255842 0.0689768 0.120145
598 0.142307 0.177072 -0.0347648 0.319379
599 0.0900717 0.0076101 0.0824616 0.0976818
600 0.087339 0.00237641 0.0849626 0.0897155
601 0.0889756 0.00502937 0.0839462 0.094005
602 0.109575 0.0782049 0.0313705 0.18778
603 0.105431 0.0464869 0.0589445 0.151918
604 0.0905972 0.0107238 0.0798734 0.101321
605 0.0885102 0.00489745 0.0836127 0.0934076
606 0.153027 0.145356 0.00767107 0.298383
607 0.0842611 0.00265106 0.08161 0.0869121
608 0.0933448 0.0324368 0.060908 0.125782
609 0.118839 0.152485 -0.0336456 0.271324
610 0.111092 0.11239 -0.0012979 0.223482
611 0.125506 0.14232 -0.0168138 0.267825
612 0.0820239 0.00509366 0.0769303 0.0871176
613 0.0923539 0.0317785 0.0605753 0.124132
614 0.107609 0.0819118 0.0256968 0.18952
615 0.0855223 0.0124436 0.0730787 0.0979659
616 0.0807327 0.00161229 0.0791204 0.082345
617 0.108359 0.118317 -0.0099573 0.226676
618 0.0808078 0.00129473 0.079513 0.0821025
619 0.0891558 0.0313627 0.0577931 0.120519
620 0.0804925 0.000927864 0.0795646 0.0814203
621 0.0803573 0.000548799 0.0798085 0.0809061
622 0.0920836 0.0487441 0.0433396 0.140828
623 0.0980744 0.0445569 0.0535175 0.142631
624 0.0919034 0.0235183 0.0683851 0.115422
625 0.0864982 0.00703181 0.0794664 0.09353
626 0.100507 0.0644273 0.0360794 0.164934
627 0.0880297 0.0104491 0.0775806 0.0984788
628 0.0845614 0.000744086 0.0838173 0.0853055
629 0.0860478 0.00723096 0.0788168 0.0932788
630 0.112053 0.103109 0.00894367 0.215162
631 0.0840809 0.00135962 0.0827213 0.0854405
632 0.0858526 0.00610621 0.0797464 0.0919588
633 0.087339 0.0149069 0.0724321 0.102246
634 0.105191 0.0522795 0.0529117 0.157471
635 0.0918434 0.0228088 0.0690346 0.114652
636 0.0848917 0.00234745 0.0825442 0.0872391
637 0.132337 0.15339 -0.0210527 0.285727
638 0.0876393 0.0102882 0.0773511 0.0979276
639 0.0840509 0.00149513 0.0825557 0.085546
640 0.0909575 0.017079 0.0738785 0.108037
641 0.0844863 0.00119843 0.0832879 0.0856847
642 0.102879 0.078229 0.02465 0.181108
643 0.105131 0.0669318 0.0381993 0.172063
644 0.0876994 0.00110934 0.08659 0.0888087
645 0.100236 0.0396727 0.0605638 0.139909
646 0.138523 0.120078 0.018445 0.258602
647 0.121512 0.111347 0.0101649 0.232859
648 0.0895912 0.00138027 0.0882109 0.0909715
649 0.108014 0.0745249 0.033489 0.182539
650 0.124425 0.154776 -0.0303513 0.279201
651 0.140175 0.155034 -0.0148592 0.295209
652 0.10881 0.0841267 0.024683 0.192936
653 0.0908674 0.00764493 0.0832225 0.0985124
654 0.0889756 0.00124575 0.0877299 0.0902214
655 0.0948613 0.0164299 0.0784314 0.111291
656 0.0887954 0.000950071 0.0878454 0.0897455
657 0.111527 0.112701 -0.00117391 0.224229
658 0.0957772 0.0348632 0.060914 0.13064
659 0.0897864 0.0104382 0.0793482 0.100225
660 0.097744 0.038697 0.059047 0.136441
661 0.107879 0.0602798 0.047599 0.168159
662 0.0890056 0.00996009 0.0790455 0.0989657
663 0.0855673 0.000846554 0.0847208 0.0864139
664 0.105371 0.0724178 0.0329536 0.177789
665 0.0864832 0.00258841 0.0838948 0.0890716
666 0.0874592 0.00946309 0.0779961 0.0969222
667 0.0872339 0.00698616 0.0802478 0.0942201
668 0.0861229 0.00197507 0.0841478 0.0880979
669 0.0879546 0.00812885 0.0798258 0.0960835
670 0.0857625 0.00102451 0.084738 0.086787
671 0.09872 0.0420551 0.0566649 0.140775
672 0.123794 0.102957 0.0208368 0.226751
673 0.093555 0.0216224 0.0719327 0.115177
674 0.0926391 0.0240738 0.0685653 0.116713
675 0.0908224 0.0178944 0.072928 0.108717
676 0.0992005 0.051247 0.0479534 0.150447
677 0.0877895 0.00608356 0.0817059 0.093873
678 0.104516 0.0703445 0.0341711 0.17486
679 0.110191 0.101905 0.00828588 0.212096
680 0.0857175 0.000998093 0.0847194 0.0867156
681 0.10893 0.0978544 0.0110754 0.206784
682 0.0857325 0.00105956 0.0846729 0.086792
683 0.0895011 0.00956291 0.0799382 0.099064
684 0.107834 0.0699586 0.0378752 0.177792
685 0.0858076 0.000728627 0.0850789 0.0865362
686 0.130911 0.167711 -0.0368001 0.298622
687 0.0948613 0.0522424 0.0426189 0.147104
688 0.0972636 0.0563005 0.0409631 0.153564
689 0.100837 0.0590912 0.0417458 0.159928
690 0.116542 0.103343 0.013199 0.219885
691 0.0882399 0.00752179 0.0807181 0.0957617
692 0.0863181 0.000694409 0.0856236 0.0870125
693 0.0919034 0.0179188 0.0739846 0.109822
694 0.093585 0.0140894 0.0794957 0.107674
695 0.0898465 0.00766566 0.0821808 0.0975121
696 0.121707 0.134524 -0.0128172 0.256231
697 0.101333 0.0632877 0.0380448 0.16462
698 0.0873541 0.00298164 0.0843724 0.0903357
699 0.0877745 0.00229304 0.0854814 0.0900675
700 0.0886303 0.00756542 0.0810649 0.0961957
701 0.0922187 0.00193191 0.0902868 0.0941506
702 0.119935 0.0654295 0.0545059 0.185365
703 0.159303 0.198831 -0.0395277 0.358134
704 0.106918 0.0323035 0.0746143 0.139221
705 0.108374 0.0764822 0.031892 0.184857
706 0.104651 0.0676266 0.0370241 0.172277
707 0.0895161 0.00125224 0.0882639 0.0907684
708 0.0885402 0.000926892 0.0876133 0.0894671
709 0.0887354 0.00110129 0.0876341 0.0898367
710 0.10411 0.0450827 0.0590275 0.149193
711 0.103435 0.0451855 0.058249 0.14862
712 0.0917983 0.00949649 0.0823018 0.101295
713 0.107353 0.0467244 0.0606289 0.154078
714 0.124079 0.125896 -0.00181671 0.249975
715 0.0885702 0.00218712 0.0863831 0.0907573
716 0.0930595 0.0145353 0.0785242 0.107595
717 0.115026 0.123625 -0.00859932 0.238651
718 0.119455 0.101692 0.0177628 0.221147
719 0.111873 0.0974742 0.0143985 0.209347
720 0.100732 0.0694254 0.0313065 0.170157
721 0.0861079 0.00742259 0.0786853 0.0935304
722 0.0858526 0.00671325 0.0791394 0.0925659
723 0.104651 0.0710254 0.0336253 0.175676
724 0.0849367 0.00282699 0.0821097 0.0877637
725 0.0854322 0.00627489 0.0791573 0.0917071
726 0.0843361 0.0010017 0.0833344 0.0853378
727 0.087324 0.00816466 0.0791594 0.0954887
728 0.106528 0.0964054 0.0101221 0.202933
729 0.0861379 0.00780536 0.0783325 0.0939432
730 0.0840058 0.00109049 0.0829153 0.0850963
731 0.0974588 0.0592117 0.038247 0.156671
732 0.104786 0.085196 0.0195899 0.189982
733 0.0851319 0.00640784 0.0787241 0.0915398
734 0.085207 0.00304594 0.0821611 0.0882529
735 0.0927593 0.0273606 0.0653987 0.12012
736 0.127533 0.122508 0.00502439 0.250041
737 0.085192 0.00265904 0.0825329 0.087851
738 0.0896663 0.0190129 0.0706534 0.108679
739 0.0915431 0.0274871 0.064056 0.11903
740 0.0982996 0.0576043 0.0406953 0.155904
741 0.0993056 0.0653353 0.0339703 0.164641
742 0.0843061 0.000929805 0.0833763 0.0852359
743 0.0887354 0.0204016 0.0683337 0.109137
744 0.0840659 0.00121784 0.0828481 0.0852837
745 0.11986 0.0927054 0.0271549 0.212566
746 0.124365 0.139606 -0.0152413 0.263971
747 0.0848166 0.00209445 0.0827222 0.0869111
748 0.0999211 0.0684992 0.031422 0.16842
749 0.0983747 0.0489078 0.0494669 0.147282
750 0.0842911 0.000921158 0.0833699 0.0852123
751 0.107098 0.0642678 0.0428302 0.171366
752 0.0866934 0.00794552 0.0787479 0.0946389
753 0.0846515 0.00115484 0.0834966 0.0858063
754 0.117263 0.103151 0.0141116 0.220414
755 0.100822 0.0692225 0.0315995 0.170044
756 0.097744 0.0395252 0.0582188 0.137269
757 0.0948613 0.0436237 0.0512376 0.138485
758 0.112173 0.0998819 0.012291 0.212055
759 0.0952967 0.0344077 0.060889 0.129704
760 0.0851619 0.000872389 0.0842896 0.0860343
761 0.0873841 0.0123513 0.0750327 0.0997354
762 0.109666 0.0851479 0.0245177 0.194813
763 0.0901167 0.0145331 0.0755836 0.10465
764 0.0984197 0.0564514 0.0419683 0.154871
765 0.102263 0.065305 0.0369584 0.167568
766 0.0872189 0.00412006 0.0830989 0.091339
767 0.090372 0.010482 0.07989 0.100854
768 0.0909575 0.0172463 0.0737112 0.108204
769 0.0907924 0.0221857 0.0686067 0.112978
770 0.0939904 0.0222518 0.0717386 0.116242
771 0.140205 0.126356 0.013849 0.266561
772 0.0992004 0.0538937 0.0453067 0.153094
773 0.0877444 0.00847145 0.079273 0.0962159
774 0.0854472 0.000984448 0.0844628 0.0864317
775 0.0857775 0.00135721 0.0844203 0.0871347
776 0.091438 0.0267794 0.0646586 0.118217
777 0.111482 0.104456 0.00702661 0.215938
778 0.0853571 0.00114691 0.0842102 0.086504
779 0.085192 0.000901367 0.0842906 0.0860933
780 0.0849517 0.000703599 0.0842481 0.0856553
781 0.0992305 0.0549528 0.0442776 0.154183
782 0.0905671 0.0224435 0.0681236 0.113011
783 0.11414 0.110063 0.00407724 0.224202
784 0.0991404 0.0590931 0.0400473 0.158234
785 0.10387 0.0491589 0.054711 0.153029
786 0.086258 0.00103535 0.0852227 0.0872933
787 0.0861379 0.00660586 0.079532 0.0927437
788 0.0843512 0.00413255 0.0802186 0.0884837
789 0.112999 0.108647 0.00435175 0.221646
790 0.087264 0.00119514 0.0860688 0.0884591
791 0.0917383 0.0111198 0.0806185 0.102858
792 0.0872039 0.00187145 0.0853325 0.0890754
793 0.0931046 0.0266362 0.0664683 0.119741
794 0.100597 0.0569176 0.0436792 0.157514
795 0.0870387 0.0025272 0.0845115 0.089566
796 0.0864832 0.00070424 0.085779 0.0871875
797 0.096633 0.0604337 0.0361992 0.157067
798 0.102924 0.0557364 0.0471876 0.15866
799 0.0863631 0.0117233 0.0746397 0.0980864
