# ../output/graphs/perf_parallel75QUADRUPED_thread2
# step - mean (0.455946) - standard deviation (0.0975462) r=5 - ylow - yhigh
0 0.466056 0.177146 0.28891 0.643202
1 0.418073 0.05018 0.367893 0.468253
2 0.499156 0.130756 0.3684 0.629913
3 0.488294 0.10884 0.379454 0.597134
4 0.454424 0.111356 0.343068 0.56578
5 0.439028 0.0905795 0.348449 0.529608
6 0.445101 0.103039 0.342062 0.54814
7 0.441851 0.0849325 0.356918 0.526783
8 0.419442 0.026784 0.392658 0.446226
9 0.440996 0.088021 0.352975 0.529017
10 0.45297 0.104729 0.348241 0.557699
11 0.446042 0.0992173 0.346825 0.545259
12 0.440311 0.0940154 0.346296 0.534327
13 0.420982 0.050274 0.370708 0.471255
14 0.459641 0.103737 0.355904 0.563379
15 0.493511 0.104182 0.389329 0.597693
16 0.435094 0.0946922 0.340402 0.529786
17 0.442877 0.0888047 0.354073 0.531682
18 0.405672 0.0105053 0.395166 0.416177
19 0.474267 0.0978845 0.376383 0.572152
20 0.406698 0.0201351 0.386563 0.426833
21 0.403448 0.00851279 0.394935 0.411961
22 0.430732 0.0526943 0.378038 0.483426
23 0.458786 0.112552 0.346234 0.571338
24 0.435864 0.0827264 0.353137 0.51859
25 0.405415 0.0270119 0.378403 0.432427
26 0.456904 0.102079 0.354825 0.558983
27 0.40781 0.0150558 0.392754 0.422866
28 0.502407 0.126157 0.37625 0.628564
29 0.421067 0.0193714 0.401696 0.440438
30 0.416192 0.0165572 0.399635 0.432749
31 0.46024 0.108565 0.351675 0.568805
32 0.442279 0.0881692 0.354109 0.530448
33 0.487952 0.105845 0.382107 0.593797
34 0.461523 0.0797283 0.381795 0.541251
35 0.473412 0.0865361 0.386876 0.559948
36 0.458872 0.11082 0.348051 0.569692
37 0.450318 0.0851822 0.365136 0.535501
38 0.446213 0.0933109 0.352902 0.539524
39 0.500953 0.111751 0.389202 0.612704
40 0.466398 0.118082 0.348316 0.58448
41 0.465628 0.112448 0.353181 0.578076
42 0.475464 0.0984521 0.377012 0.573917
43 0.414909 0.0178232 0.397086 0.432732
44 0.461352 0.0975909 0.363761 0.558943
45 0.461865 0.116668 0.345198 0.578533
46 0.519171 0.132125 0.387045 0.651296
47 0.497617 0.133402 0.364215 0.631019
48 0.50138 0.114373 0.387007 0.615753
49 0.399855 0.0125032 0.387352 0.412359
50 0.445358 0.071142 0.374216 0.5165
51 0.505913 0.115562 0.390351 0.621476
52 0.573568 0.150953 0.422615 0.724521
53 0.481965 0.0858128 0.396152 0.567778
54 0.410461 0.0224791 0.387982 0.43294
55 0.453055 0.0926725 0.360383 0.545728
56 0.51421 0.1336 0.38061 0.64781
57 0.454338 0.115013 0.339326 0.569351
58 0.398145 0.0156874 0.382457 0.413832
59 0.451944 0.0819861 0.369958 0.53393
60 0.422778 0.0203026 0.402475 0.44308
61 0.448437 0.0879089 0.360528 0.536346
62 0.459812 0.100125 0.359688 0.559937
63 0.434923 0.0800609 0.354862 0.514984
64 0.427225 0.0494578 0.377767 0.476683
65 0.44895 0.089929 0.359021 0.538879
66 0.499242 0.122464 0.376778 0.621706
67 0.462036 0.108179 0.353857 0.570215
68 0.469991 0.0892035 0.380787 0.559194
69 0.459043 0.0786005 0.380442 0.537643
70 0.462549 0.113598 0.348952 0.576147
71 0.473155 0.0968913 0.376264 0.570046
72 0.474951 0.097157 0.377794 0.572108
73 0.424574 0.0196281 0.404946 0.444202
74 0.471701 0.108052 0.363649 0.579753
75 0.478201 0.121626 0.356575 0.599828
76 0.414225 0.0106023 0.403622 0.424827
77 0.431587 0.0108168 0.42077 0.442404
78 0.510447 0.135928 0.374519 0.646374
79 0.470675 0.106275 0.3644 0.57695
80 0.481623 0.104559 0.377063 0.586182
81 0.567153 0.213979 0.353174 0.781132
82 0.472385 0.0883223 0.384063 0.560708
83 0.465372 0.0959626 0.369409 0.561334
84 0.424659 0.0088101 0.415849 0.433469
85 0.44091 0.0321884 0.408722 0.473099
86 0.433554 0.0444063 0.389148 0.477961
87 0.433383 0.0111407 0.422243 0.444524
88 0.423205 0.0133647 0.409841 0.43657
89 0.422949 0.0107067 0.412242 0.433655
90 0.420639 0.0103686 0.410271 0.431008
91 0.422778 0.0151455 0.407632 0.437923
92 0.558429 0.195199 0.36323 0.753628
93 0.435949 0.0292179 0.406731 0.465167
94 0.422264 0.0121459 0.410118 0.43441
95 0.463918 0.092518 0.3714 0.556436
96 0.48205 0.0825986 0.399452 0.564649
97 0.467767 0.108527 0.35924 0.576293
98 0.437917 0.0257616 0.412155 0.463678
99 0.418416 0.00812134 0.410294 0.426537
100 0.413284 0.0211048 0.392179 0.434389
101 0.417304 0.014336 0.402968 0.43164
102 0.435436 0.0362173 0.399219 0.471653
103 0.475122 0.105827 0.369296 0.580949
104 0.47307 0.104514 0.368556 0.577583
105 0.436463 0.0193034 0.417159 0.455766
106 0.420297 0.0157511 0.404546 0.436048
107 0.409863 0.00872496 0.401138 0.418587
108 0.475379 0.120398 0.354981 0.595777
109 0.424317 0.0112088 0.413108 0.435526
110 0.422607 0.00848606 0.414121 0.431093
111 0.457931 0.0936821 0.364249 0.551613
112 0.421837 0.0134737 0.408363 0.435311
113 0.414054 0.0171198 0.396934 0.431173
114 0.462635 0.0990285 0.363606 0.561663
115 0.422008 0.0154746 0.406533 0.437483
116 0.411402 0.0150251 0.396377 0.426427
117 0.401823 0.0113069 0.390516 0.41313
118 0.422179 0.0361516 0.386027 0.458331
119 0.416705 0.0170324 0.399673 0.433737
120 0.419528 0.0115735 0.407954 0.431101
121 0.41106 0.00853767 0.402522 0.419598
122 0.466056 0.104725 0.361331 0.570781
123 0.460411 0.107072 0.353339 0.567483
124 0.416277 0.0145719 0.401705 0.430849
125 0.402849 0.0107544 0.392095 0.413603
126 0.435864 0.0300812 0.405783 0.465945
127 0.397033 0.0119118 0.385121 0.408945
128 0.441509 0.042717 0.398792 0.484226
129 0.450746 0.104872 0.345874 0.555618
130 0.522677 0.119021 0.403656 0.641699
131 0.415422 0.00316117 0.412261 0.418583
132 0.435094 0.042168 0.392926 0.477262
133 0.402678 0.00325239 0.399426 0.40593
134 0.427995 0.0238605 0.404135 0.451855
135 0.408665 0.00788831 0.400777 0.416553
136 0.413198 0.00825451 0.404944 0.421453
137 0.412514 0.0153779 0.397136 0.427892
138 0.412257 0.0157223 0.396535 0.42798
139 0.412771 0.018375 0.394396 0.431145
140 0.430989 0.0271328 0.403856 0.458121
141 0.401138 0.00709438 0.394044 0.408233
142 0.429021 0.0272739 0.401747 0.456295
143 0.413027 0.0178294 0.395198 0.430857
144 0.418416 0.014951 0.403465 0.433367
145 0.432443 0.0244764 0.407966 0.456919
146 0.424488 0.0228714 0.401617 0.44736
147 0.413113 0.00942004 0.403693 0.422533
148 0.457418 0.0833731 0.374045 0.540791
149 0.414567 0.0150607 0.399506 0.429627
150 0.39575 0.0153732 0.380377 0.411123
151 0.448693 0.0886245 0.360069 0.537318
152 0.395408 0.00716929 0.388239 0.402577
153 0.411317 0.0298493 0.381467 0.441166
154 0.407297 0.0251285 0.382168 0.432425
155 0.441167 0.0930954 0.348071 0.534262
156 0.449463 0.109285 0.340178 0.558748
157 0.568009 0.125638 0.44237 0.693647
158 0.508394 0.120656 0.387738 0.62905
159 0.462891 0.113097 0.349795 0.575988
160 0.466142 0.100925 0.365216 0.567067
161 0.503775 0.129221 0.374554 0.632996
162 0.414738 0.0213474 0.39339 0.436085
163 0.46999 0.101416 0.368574 0.571407
164 0.409863 0.0100498 0.399813 0.419912
165 0.460411 0.086698 0.373713 0.547109
166 0.460326 0.0919188 0.368407 0.552244
167 0.45545 0.0888798 0.366571 0.54433
168 0.512756 0.129377 0.383379 0.642132
169 0.522592 0.147691 0.374901 0.670282
170 0.535678 0.111098 0.42458 0.646776
171 0.50138 0.125841 0.375539 0.627221
172 0.507282 0.125051 0.382231 0.632333
173 0.516861 0.132589 0.384272 0.64945
174 0.54158 0.165959 0.37562 0.707539
175 0.490946 0.108936 0.38201 0.599881
176 0.449463 0.0958934 0.35357 0.545357
177 0.402079 0.0308982 0.371181 0.432977
178 0.408836 0.0335297 0.375306 0.442366
179 0.449805 0.0980187 0.351787 0.547824
180 0.415251 0.0307886 0.384462 0.44604
181 0.41354 0.0123146 0.401226 0.425855
182 0.455707 0.0980472 0.35766 0.553754
183 0.461523 0.0936075 0.367915 0.55513
184 0.441081 0.0869045 0.354177 0.527986
185 0.457075 0.0964895 0.360586 0.553565
186 0.452628 0.0889928 0.363635 0.541621
187 0.442706 0.0914639 0.351242 0.53417
188 0.459385 0.113721 0.345664 0.573106
189 0.475379 0.135526 0.339853 0.610905
190 0.456819 0.11087 0.345949 0.567689
191 0.483932 0.0892312 0.394701 0.573163
192 0.471102 0.0965854 0.374517 0.567688
193 0.453911 0.104604 0.349307 0.558515
194 0.46999 0.110602 0.359389 0.580592
195 0.405073 0.0235705 0.381502 0.428643
196 0.417304 0.0299081 0.387396 0.447212
197 0.455365 0.105208 0.350157 0.560573
198 0.459641 0.0993335 0.360308 0.558975
199 0.45947 0.0992666 0.360204 0.558737
200 0.414652 0.0148774 0.399775 0.42953
201 0.505315 0.156192 0.349122 0.661507
202 0.524901 0.129891 0.39501 0.654792
203 0.474353 0.1024 0.371952 0.576753
204 0.451003 0.0613616 0.389641 0.512364
205 0.417218 0.00829511 0.408923 0.425513
206 0.417817 0.0081904 0.409626 0.426007
207 0.525072 0.120783 0.404289 0.645855
208 0.523533 0.122166 0.401367 0.645699
209 0.479655 0.120664 0.358991 0.60032
210 0.52875 0.12621 0.40254 0.65496
211 0.48282 0.0938138 0.389006 0.576634
212 0.476234 0.10131 0.374925 0.577544
213 0.471787 0.139427 0.33236 0.611214
214 0.508736 0.132193 0.376543 0.640929
215 0.606412 0.10198 0.504432 0.708392
216 0.557061 0.134185 0.422876 0.691245
217 0.51498 0.141218 0.373762 0.656197
218 0.468793 0.121163 0.34763 0.589956
219 0.483162 0.128942 0.35422 0.612105
220 0.407468 0.0131989 0.394269 0.420667
221 0.452628 0.102191 0.350437 0.554819
222 0.488209 0.113074 0.375135 0.601282
223 0.457161 0.0983609 0.3588 0.555522
224 0.481623 0.0972627 0.38436 0.578885
225 0.460753 0.0993362 0.361417 0.560089
226 0.472642 0.0904428 0.382199 0.563085
227 0.428679 0.0111571 0.417522 0.439836
228 0.410974 0.0150422 0.395932 0.426017
229 0.523447 0.128939 0.394508 0.652387
230 0.528237 0.149282 0.378954 0.677519
231 0.532599 0.143414 0.389185 0.676013
232 0.416619 0.0122473 0.404372 0.428867
233 0.504801 0.124821 0.37998 0.629623
234 0.455878 0.0964503 0.359428 0.552328
235 0.473668 0.0930479 0.38062 0.566716
236 0.479399 0.108764 0.370635 0.588163
237 0.490518 0.127004 0.363513 0.617522
238 0.47307 0.0995447 0.373525 0.572614
239 0.526355 0.137261 0.389094 0.663616
240 0.425344 0.0189458 0.406398 0.444289
241 0.461523 0.109676 0.351847 0.571199
242 0.479741 0.105969 0.373772 0.58571
243 0.566897 0.127654 0.439242 0.694551
244 0.468451 0.103841 0.36461 0.572292
245 0.463832 0.0898615 0.373971 0.553694
246 0.480767 0.144131 0.336637 0.624898
247 0.486926 0.161753 0.325172 0.648679
248 0.516434 0.124545 0.391889 0.640978
249 0.446897 0.047852 0.399045 0.494749
250 0.469221 0.118414 0.350807 0.587635
251 0.503262 0.127531 0.375731 0.630793
252 0.458957 0.0948211 0.364136 0.553778
253 0.53927 0.125372 0.413899 0.664642
254 0.541323 0.172531 0.368792 0.713854
255 0.49334 0.126127 0.367213 0.619467
256 0.470504 0.0902217 0.380282 0.560725
257 0.445016 0.0823432 0.362672 0.527359
258 0.404902 0.011902 0.393 0.416804
259 0.529178 0.124417 0.404761 0.653595
260 0.459385 0.105788 0.353597 0.565173
261 0.522592 0.108779 0.413813 0.63137
262 0.612998 0.0977243 0.515273 0.710722
263 0.549106 0.117856 0.43125 0.666963
264 0.501124 0.128444 0.37268 0.629567
265 0.494367 0.13356 0.360807 0.627926
266 0.508223 0.124459 0.383764 0.632681
267 0.492571 0.119474 0.373097 0.612044
268 0.450575 0.112225 0.33835 0.5628
269 0.513868 0.135496 0.378372 0.649363
270 0.543461 0.125355 0.418106 0.668816
271 0.408836 0.00887626 0.39996 0.417712
272 0.438002 0.0796057 0.358396 0.517608
273 0.440996 0.0897152 0.35128 0.530711
274 0.49163 0.11548 0.37615 0.60711
275 0.553297 0.12766 0.425638 0.680957
276 0.504716 0.122831 0.381885 0.627547
277 0.5054 0.113483 0.391917 0.618883
278 0.407211 0.0192461 0.387965 0.426457
279 0.454253 0.0981 0.356153 0.552353
280 0.452371 0.099624 0.352747 0.551995
281 0.414652 0.0233713 0.391281 0.438024
282 0.405757 0.0131517 0.392605 0.418909
283 0.404303 0.00957255 0.394731 0.413876
284 0.4924 0.151744 0.340656 0.644143
285 0.44493 0.100633 0.344297 0.545563
286 0.458957 0.101152 0.357805 0.560109
287 0.461095 0.0917506 0.369345 0.552846
288 0.509164 0.121259 0.387905 0.630422
289 0.474609 0.0952176 0.379392 0.569827
290 0.478287 0.0848964 0.393391 0.563183
291 0.508565 0.114829 0.393736 0.623394
292 0.480083 0.140444 0.339639 0.620527
293 0.464089 0.114561 0.349528 0.57865
294 0.489491 0.100339 0.389152 0.589831
295 0.46272 0.0922434 0.370477 0.554964
296 0.462207 0.0984922 0.363715 0.560699
297 0.491544 0.136337 0.355207 0.627881
298 0.41585 0.0219492 0.3939 0.437799
299 0.41508 0.0123698 0.40271 0.42745
300 0.401138 0.00622082 0.394918 0.407359
301 0.467339 0.0830574 0.384282 0.550397
302 0.410205 0.0204137 0.389791 0.430618
303 0.412343 0.0238742 0.388469 0.436217
304 0.47478 0.103042 0.371739 0.577822
305 0.410547 0.0182202 0.392327 0.428767
306 0.418843 0.0239693 0.394874 0.442813
307 0.411659 0.0098994 0.401759 0.421558
308 0.52148 0.134653 0.386827 0.656133
309 0.417902 0.0200467 0.397856 0.437949
310 0.410205 0.0169502 0.393254 0.427155
311 0.400711 0.0153765 0.385334 0.416087
312 0.439969 0.053423 0.386546 0.493392
313 0.464859 0.124697 0.340161 0.589556
314 0.412001 0.0149191 0.397082 0.42692
315 0.511815 0.119217 0.392598 0.631032
316 0.50771 0.11749 0.39022 0.6252
317 0.45776 0.0832663 0.374493 0.541026
318 0.461352 0.103141 0.358211 0.564493
319 0.473925 0.150115 0.32381 0.62404
320 0.483761 0.116544 0.367217 0.600305
321 0.456819 0.100942 0.355876 0.557761
322 0.566127 0.117265 0.448862 0.683392
323 0.496933 0.116613 0.38032 0.613545
324 0.527467 0.140262 0.387205 0.667729
325 0.541922 0.162454 0.379467 0.704376
326 0.40781 0.0157818 0.392028 0.423592
327 0.410376 0.0101728 0.400203 0.420548
328 0.495821 0.123857 0.371964 0.619678
329 0.518144 0.127062 0.391082 0.645206
330 0.472471 0.103652 0.368819 0.576123
331 0.564673 0.122251 0.442422 0.686924
332 0.469734 0.104763 0.364971 0.574497
333 0.469221 0.0893524 0.379868 0.558573
334 0.515493 0.12663 0.388863 0.642123
335 0.471958 0.109412 0.362546 0.581369
336 0.483846 0.0984541 0.385392 0.582301
337 0.465286 0.104151 0.361136 0.569437
338 0.47307 0.113067 0.360003 0.586137
339 0.489235 0.151366 0.337869 0.640601
340 0.46828 0.110101 0.358179 0.578381
341 0.470846 0.100598 0.370248 0.571444
342 0.454338 0.0607903 0.393548 0.515129
343 0.410034 0.0125191 0.397515 0.422553
344 0.428166 0.0163571 0.411809 0.444523
345 0.426113 0.023053 0.40306 0.449166
346 0.470675 0.100011 0.370664 0.570686
347 0.466484 0.102404 0.36408 0.568888
348 0.419442 0.0164308 0.403011 0.435873
349 0.458016 0.106819 0.351197 0.564835
350 0.48932 0.109287 0.380033 0.598607
351 0.457845 0.108547 0.349298 0.566392
352 0.464602 0.0971428 0.367459 0.561745
353 0.488209 0.105632 0.382576 0.593841
354 0.414139 0.0120856 0.402053 0.426225
355 0.424488 0.0277475 0.396741 0.452236
356 0.432015 0.0296304 0.402385 0.461645
357 0.410034 0.00829864 0.401735 0.418332
358 0.420725 0.0112218 0.409503 0.431947
359 0.469392 0.112072 0.35732 0.581464
360 0.519684 0.129156 0.390527 0.64884
361 0.568778 0.125582 0.443196 0.694361
362 0.456135 0.0723311 0.383803 0.528466
363 0.422863 0.0102115 0.412652 0.433075
364 0.412428 0.0152441 0.397184 0.427673
365 0.424574 0.0216232 0.402951 0.446197
366 0.431587 0.0431827 0.388405 0.47477
367 0.471102 0.104757 0.366346 0.575859
368 0.52798 0.129943 0.398037 0.657923
369 0.469221 0.0988385 0.370382 0.568059
370 0.464773 0.10144 0.363333 0.566213
371 0.503091 0.130062 0.373029 0.633153
372 0.513611 0.129212 0.384399 0.642823
373 0.414225 0.0196768 0.394548 0.433901
374 0.399941 0.0129697 0.386971 0.412911
375 0.468365 0.103923 0.364442 0.572289
376 0.447838 0.0991725 0.348666 0.547011
377 0.478715 0.137363 0.341352 0.616077
378 0.506256 0.131355 0.3749 0.637611
379 0.454082 0.0819593 0.372123 0.536041
380 0.447838 0.0989173 0.348921 0.546755
381 0.458016 0.107127 0.350889 0.565143
382 0.461523 0.11416 0.347363 0.575683
383 0.464688 0.0982313 0.366456 0.562919
384 0.408323 0.0182992 0.390024 0.426622
385 0.420212 0.0259661 0.394246 0.446178
386 0.452286 0.109435 0.34285 0.561721
387 0.517973 0.120056 0.397917 0.638029
388 0.4989 0.113693 0.385207 0.612593
389 0.470418 0.102693 0.367726 0.573111
390 0.457332 0.0996513 0.357681 0.556983
391 0.500867 0.109961 0.390906 0.610828
392 0.478544 0.105463 0.37308 0.584007
393 0.457332 0.0924069 0.364925 0.549739
394 0.489663 0.1048 0.384863 0.594462
395 0.412685 0.0237569 0.388928 0.436442
396 0.396434 0.00936158 0.387073 0.405796
397 0.394809 0.0127707 0.382038 0.40758
398 0.402336 0.0100126 0.392323 0.412348
399 0.396862 0.0150373 0.381825 0.411899
400 0.449976 0.104218 0.345758 0.554195
401 0.39327 0.013517 0.379753 0.406787
402 0.40379 0.0130848 0.390705 0.416875
403 0.400198 0.0102757 0.389922 0.410473
404 0.402763 0.0122443 0.390519 0.415008
405 0.407724 0.0244842 0.38324 0.432208
406 0.396691 0.00943784 0.387253 0.406129
407 0.411488 0.021397 0.390091 0.432885
408 0.494794 0.117929 0.376865 0.612724
409 0.463661 0.100096 0.363565 0.563757
410 0.425857 0.0299728 0.395884 0.45583
411 0.413369 0.0112777 0.402092 0.424647
412 0.413626 0.00896402 0.404662 0.42259
413 0.415508 0.0182636 0.397244 0.433771
414 0.463747 0.0846012 0.379146 0.548348
415 0.5255 0.119622 0.405878 0.645121
416 0.416705 0.00872496 0.40798 0.42543
417 0.463918 0.072754 0.391164 0.536672
418 0.479399 0.106177 0.373221 0.585576
419 0.493854 0.108185 0.385669 0.602039
420 0.47401 0.103324 0.370687 0.577334
421 0.425001 0.00996128 0.41504 0.434963
422 0.408152 0.014607 0.393545 0.422759
423 0.41679 0.0147416 0.402049 0.431532
424 0.400454 0.00855561 0.391899 0.40901
425 0.430818 0.0177145 0.413103 0.448532
426 0.406356 0.0087618 0.397594 0.415118
427 0.404731 0.011144 0.393587 0.415875
428 0.479399 0.0923374 0.387061 0.571736
429 0.456391 0.102184 0.354207 0.558575
430 0.39977 0.00477288 0.394997 0.404543
431 0.453654 0.0948504 0.358804 0.548505
432 0.448693 0.0911731 0.35752 0.539866
433 0.423376 0.0218095 0.401567 0.445186
434 0.414396 0.0174386 0.396957 0.431834
435 0.412343 0.0112445 0.401098 0.423587
436 0.406441 0.00775738 0.398684 0.414199
437 0.394467 0.00947652 0.38499 0.403944
438 0.401994 0.0160264 0.385967 0.41802
439 0.406527 0.0154893 0.391038 0.422016
440 0.456135 0.0873876 0.368747 0.543522
441 0.401994 0.011746 0.390248 0.41374
442 0.451601 0.102447 0.349155 0.554048
443 0.425173 0.0327632 0.392409 0.457936
444 0.408836 0.0108256 0.398011 0.419662
445 0.466997 0.0938586 0.373138 0.560856
446 0.450062 0.100483 0.349579 0.550545
447 0.479827 0.0893997 0.390427 0.569226
448 0.471273 0.121201 0.350072 0.592475
449 0.406869 0.0127426 0.394126 0.419612
450 0.414909 0.0116755 0.403233 0.426584
451 0.471102 0.0884895 0.382613 0.559592
452 0.401395 0.00966006 0.391735 0.411055
453 0.430561 0.0117504 0.418811 0.442311
454 0.408323 0.0090169 0.399306 0.41734
455 0.420212 0.0135279 0.406684 0.43374
456 0.433897 0.00766252 0.426234 0.441559
457 0.419271 0.0110946 0.408176 0.430365
458 0.450575 0.0350536 0.415521 0.485629
459 0.427995 0.0102544 0.417741 0.438249
460 0.415935 0.0166061 0.399329 0.432541
461 0.411402 0.0103876 0.401014 0.42179
462 0.420896 0.0253283 0.395568 0.446224
463 0.423633 0.0127024 0.410931 0.436335
464 0.420468 0.0106292 0.409839 0.431098
465 0.46272 0.107835 0.354885 0.570555
466 0.473839 0.10997 0.36387 0.583809
467 0.462378 0.0923839 0.369994 0.554762
468 0.465543 0.103587 0.361956 0.56913
469 0.472129 0.108685 0.363444 0.580814
470 0.418929 0.0180865 0.400842 0.437015
471 0.473326 0.113498 0.359828 0.586824
472 0.480596 0.122828 0.357768 0.603424
473 0.49488 0.159538 0.335342 0.654418
474 0.46828 0.107672 0.360608 0.575952
475 0.464859 0.105594 0.359265 0.570452
476 0.526868 0.127466 0.399402 0.654335
477 0.474866 0.118725 0.356141 0.59359
478 0.404303 0.00859825 0.395705 0.412901
479 0.423718 0.0121784 0.41154 0.435897
480 0.484274 0.111318 0.372957 0.595592
481 0.481537 0.0997468 0.38179 0.581284
482 0.459898 0.0719467 0.387951 0.531845
483 0.41354 0.0161492 0.397391 0.42969
484 0.455279 0.102661 0.352618 0.557941
485 0.47478 0.106631 0.368149 0.581412
486 0.524559 0.126206 0.398353 0.650765
487 0.528921 0.12759 0.401331 0.656511
488 0.578272 0.123994 0.454278 0.702267
489 0.467425 0.121092 0.346332 0.588517
490 0.475464 0.100092 0.375372 0.575557
491 0.524217 0.124633 0.399583 0.64885
492 0.529263 0.122459 0.406805 0.651722
493 0.544573 0.125503 0.41907 0.670077
494 0.452628 0.109226 0.343402 0.561854
495 0.461951 0.101308 0.360643 0.563258
496 0.466142 0.115781 0.350361 0.581923
497 0.48436 0.0958582 0.388501 0.580218
498 0.469734 0.0972421 0.372492 0.566976
499 0.402592 0.00791608 0.394676 0.410509
500 0.460411 0.0974274 0.362984 0.557838
501 0.460069 0.0889528 0.371116 0.549022
502 0.464089 0.100136 0.363953 0.564225
503 0.416448 0.0263212 0.390127 0.44277
504 0.407382 0.0111833 0.396199 0.418565
505 0.41106 0.0138348 0.397225 0.424895
506 0.423975 0.0139748 0.41 0.43795
507 0.410974 0.0130276 0.397947 0.424002
508 0.406698 0.011227 0.395471 0.417925
509 0.403875 0.0192427 0.384633 0.423118
510 0.413284 0.0142264 0.399057 0.42751
511 0.407126 0.0184734 0.388652 0.425599
512 0.464602 0.100607 0.363996 0.565209
513 0.538501 0.146997 0.391503 0.685498
514 0.507709 0.127033 0.380676 0.634743
515 0.463148 0.0953507 0.367797 0.558499
516 0.419356 0.0183534 0.401003 0.43771
517 0.402592 0.0164001 0.386192 0.418992
518 0.421153 0.0292026 0.39195 0.450355
519 0.410119 0.0243229 0.385796 0.434442
520 0.412856 0.0230069 0.389849 0.435863
521 0.39575 0.0063581 0.389392 0.402108
522 0.438601 0.0335456 0.405055 0.472146
523 0.430219 0.021357 0.408862 0.451576
524 0.450404 0.0883173 0.362087 0.538721
525 0.463148 0.096025 0.367123 0.559173
526 0.406869 0.016509 0.39036 0.423378
527 0.416363 0.0228362 0.393527 0.439199
528 0.417902 0.0086694 0.409233 0.426572
529 0.402079 0.00804806 0.394031 0.410127
530 0.403106 0.00961069 0.393495 0.412716
531 0.550304 0.112606 0.437698 0.662909
532 0.45374 0.102067 0.351672 0.555807
533 0.452884 0.101861 0.351024 0.554745
534 0.455194 0.0927869 0.362407 0.547981
535 0.416705 0.0126476 0.404057 0.429353
536 0.45622 0.100518 0.355702 0.556738
537 0.409948 0.0182715 0.391676 0.42822
538 0.401737 0.013657 0.38808 0.415394
539 0.458872 0.102528 0.356343 0.5614
540 0.446812 0.0508309 0.395981 0.497643
541 0.452799 0.0633662 0.389433 0.516165
542 0.423291 0.0340272 0.389264 0.457318
543 0.408922 0.00793822 0.400983 0.41686
544 0.474267 0.115347 0.35892 0.589614
545 0.458957 0.114674 0.344283 0.573631
546 0.495137 0.126538 0.368599 0.621674
547 0.430304 0.00851621 0.421788 0.438821
548 0.436291 0.0228839 0.413408 0.459175
549 0.430475 0.0103968 0.420079 0.440872
550 0.436634 0.0212057 0.415428 0.457839
551 0.46905 0.104143 0.364907 0.573193
552 0.534994 0.137577 0.397417 0.672571
553 0.532342 0.131173 0.40117 0.663515
554 0.440654 0.0533149 0.387339 0.493968
555 0.429535 0.0290673 0.400467 0.458602
556 0.403704 0.0120322 0.391672 0.415737
557 0.421922 0.013422 0.4085 0.435344
558 0.446555 0.10017 0.346385 0.546725
559 0.455964 0.10091 0.355054 0.556873
560 0.40302 0.0109151 0.392105 0.413935
561 0.409178 0.00988387 0.399294 0.419062
562 0.407297 0.00784648 0.39945 0.415143
563 0.573825 0.0898748 0.48395 0.663699
564 0.51498 0.111764 0.403215 0.626744
565 0.453483 0.0911624 0.362321 0.544645
566 0.491288 0.115506 0.375782 0.606794
567 0.507881 0.107195 0.400686 0.615075
568 0.555778 0.121684 0.434094 0.677462
569 0.509933 0.119714 0.39022 0.629647
570 0.51267 0.137076 0.375594 0.649747
571 0.513355 0.121561 0.391793 0.634916
572 0.412856 0.00943401 0.403422 0.42229
573 0.46024 0.107017 0.353223 0.567257
574 0.526013 0.142914 0.383099 0.668927
575 0.499156 0.116923 0.382234 0.616079
576 0.467425 0.0943899 0.373035 0.561814
577 0.476149 0.0912466 0.384902 0.567395
578 0.456391 0.103853 0.352538 0.560245
579 0.513012 0.118729 0.394284 0.631741
580 0.466826 0.110396 0.35643 0.577222
581 0.532599 0.123756 0.408843 0.656355
582 0.575279 0.1301 0.445178 0.705379
583 0.481965 0.126877 0.355088 0.608842
584 0.469221 0.099617 0.369604 0.568838
585 0.526355 0.122903 0.403452 0.649259
586 0.528151 0.123314 0.404837 0.651465
587 0.442279 0.0340551 0.408223 0.476334
588 0.474951 0.0951977 0.379754 0.570149
589 0.483419 0.108923 0.374496 0.592341
590 0.469819 0.112378 0.357441 0.582198
591 0.518315 0.132164 0.386151 0.65048
592 0.473412 0.114397 0.359015 0.587808
593 0.418929 0.0116699 0.407259 0.430599
594 0.418843 0.0138062 0.405037 0.432649
595 0.414738 0.00929256 0.405445 0.42403
596 0.416534 0.00707374 0.40946 0.423608
597 0.471274 0.113843 0.35743 0.585117
598 0.485215 0.110891 0.374323 0.596106
599 0.424659 0.0239653 0.400694 0.448625
600 0.405757 0.0131767 0.39258 0.418934
601 0.508137 0.133736 0.374401 0.641873
602 0.459214 0.0920796 0.367134 0.551293
603 0.519684 0.117378 0.402306 0.637062
604 0.470333 0.110585 0.359748 0.580918
605 0.467425 0.107818 0.359606 0.575243
606 0.46349 0.111321 0.352169 0.574811
607 0.411145 0.00611769 0.405028 0.417263
608 0.422521 0.00673468 0.415786 0.429256
609 0.519427 0.122773 0.396654 0.6422
610 0.46178 0.0926306 0.369149 0.55441
611 0.576904 0.144595 0.432308 0.721499
612 0.533711 0.149521 0.38419 0.683232
613 0.527638 0.126115 0.401523 0.653753
614 0.49334 0.0916821 0.401658 0.585022
615 0.444246 0.0367576 0.407488 0.481003
616 0.430475 0.0508692 0.379606 0.481345
617 0.469221 0.107938 0.361283 0.577158
618 0.501637 0.128198 0.373439 0.629835
619 0.573397 0.22087 0.352527 0.794267
620 0.526697 0.139749 0.386948 0.666446
621 0.477859 0.112072 0.365787 0.589932
622 0.460924 0.0916189 0.369305 0.552543
623 0.490603 0.146988 0.343615 0.637591
624 0.453569 0.103355 0.350214 0.556924
625 0.495051 0.100219 0.394832 0.59527
626 0.461694 0.113871 0.347823 0.575565
627 0.461437 0.104195 0.357243 0.565632
628 0.501209 0.119943 0.381266 0.621152
629 0.515407 0.138747 0.376661 0.654154
630 0.407895 0.0123217 0.395574 0.420217
631 0.44972 0.101548 0.348171 0.551268
632 0.420212 0.0478899 0.372322 0.468102
633 0.46178 0.103566 0.358214 0.565346
634 0.454424 0.10128 0.353144 0.555704
635 0.453911 0.10888 0.34503 0.562791
636 0.451687 0.104578 0.347109 0.556265
637 0.392072 0.0121061 0.379966 0.404178
638 0.399513 0.00741407 0.392099 0.406927
639 0.485215 0.159396 0.325819 0.644611
640 0.447068 0.0829133 0.364155 0.529982
641 0.468023 0.108518 0.359505 0.576541
642 0.490689 0.122966 0.367723 0.613655
643 0.514381 0.127773 0.386608 0.642153
644 0.498387 0.116032 0.382355 0.614419
645 0.468879 0.108684 0.360195 0.577563
646 0.407297 0.00783245 0.399464 0.415129
647 0.398145 0.0159349 0.38221 0.41408
648 0.406441 0.010162 0.396279 0.416603
649 0.436634 0.0510023 0.385631 0.487636
650 0.417475 0.0270111 0.390464 0.444486
651 0.436805 0.0894008 0.347404 0.526205
652 0.400882 0.0121158 0.388766 0.412998
653 0.430732 0.0376212 0.393111 0.468353
654 0.411573 0.0133948 0.398178 0.424968
655 0.405244 0.0143391 0.390905 0.419583
656 0.39327 0.0135333 0.379736 0.406803
657 0.397632 0.0228231 0.374809 0.420455
658 0.394381 0.0142438 0.380138 0.408625
659 0.451687 0.102553 0.349134 0.55424
660 0.40225 0.0238622 0.378388 0.426112
661 0.406612 0.00882829 0.397784 0.415441
662 0.400796 0.0106532 0.390143 0.41145
663 0.467254 0.0992127 0.368041 0.566466
664 0.394895 0.0130405 0.381854 0.407935
665 0.413369 0.0172437 0.396126 0.430613
666 0.396605 0.0214264 0.375179 0.418032
667 0.421153 0.0352427 0.38591 0.456395
668 0.473326 0.118291 0.355035 0.591618
669 0.429535 0.0796117 0.349923 0.509146
670 0.455279 0.108501 0.346779 0.56378
671 0.509335 0.116914 0.39242 0.626249
672 0.543718 0.138777 0.404941 0.682495
673 0.508308 0.132805 0.375504 0.641113
674 0.538415 0.0986042 0.439811 0.637019
675 0.460924 0.102342 0.358582 0.563267
676 0.42885 0.0625762 0.366274 0.491427
677 0.47076 0.104757 0.366004 0.575517
678 0.519171 0.125448 0.393722 0.644619
679 0.457332 0.107999 0.349333 0.565331
680 0.464089 0.109511 0.354578 0.5736
681 0.484531 0.121805 0.362726 0.606335
682 0.462378 0.104921 0.357457 0.567299
683 0.50942 0.13792 0.371501 0.64734
684 0.521309 0.111467 0.409842 0.632776
685 0.454595 0.100173 0.354422 0.554768
686 0.45699 0.100217 0.356773 0.557207
687 0.404132 0.0063026 0.397829 0.410435
688 0.408409 0.0136715 0.394737 0.42208
689 0.413198 0.0198505 0.393348 0.433049
690 0.402421 0.0164121 0.386009 0.418833
691 0.412257 0.0387237 0.373534 0.450981
692 0.445529 0.101388 0.344141 0.546917
693 0.482221 0.108194 0.374028 0.590415
694 0.401053 0.00740419 0.393649 0.408457
695 0.505229 0.110537 0.394692 0.615766
696 0.458529 0.0784462 0.380083 0.536976
697 0.405672 0.0185379 0.387134 0.424209
698 0.450575 0.0957112 0.354864 0.546286
699 0.454338 0.0891238 0.365215 0.543462
700 0.470333 0.129134 0.341199 0.599467
701 0.412001 0.00682959 0.405171 0.41883
702 0.399599 0.00828191 0.391317 0.407881
703 0.408152 0.0146644 0.393487 0.422816
704 0.445614 0.0909235 0.354691 0.536538
705 0.457845 0.0975733 0.360272 0.555419
706 0.519769 0.128876 0.390893 0.648645
707 0.460411 0.100451 0.35996 0.560862
708 0.408237 0.0220108 0.386227 0.430248
709 0.419014 0.00953729 0.409477 0.428552
710 0.424574 0.00853768 0.416036 0.433112
711 0.52473 0.128478 0.396252 0.653208
712 0.471102 0.0938242 0.377278 0.564927
713 0.410803 0.0066889 0.404114 0.417492
714 0.416876 0.0202699 0.396606 0.437146
715 0.435522 0.0052766 0.430245 0.440798
716 0.420896 0.0147436 0.406152 0.43564
717 0.475807 0.0782699 0.397537 0.554077
718 0.422863 0.0210576 0.401806 0.443921
719 0.442108 0.0326738 0.409434 0.474781
720 0.471017 0.110023 0.360994 0.58104
721 0.498985 0.16717 0.331815 0.666156
722 0.422093 0.0209698 0.401124 0.443063
723 0.427653 0.0128353 0.414818 0.440488
724 0.428936 0.0128837 0.416052 0.44182
725 0.410376 0.0103581 0.400018 0.420734
726 0.415508 0.0167378 0.39877 0.432245
727 0.467596 0.100401 0.367195 0.567997
728 0.47632 0.127847 0.348473 0.604167
729 0.469221 0.091029 0.378192 0.56025
730 0.465885 0.0925497 0.373335 0.558435
731 0.421837 0.0154017 0.406435 0.437239
732 0.481623 0.10397 0.377652 0.585593
733 0.422863 0.0250816 0.397782 0.447945
734 0.432186 0.035452 0.396734 0.467638
735 0.424232 0.00913218 0.415099 0.433364
736 0.424916 0.0127283 0.412188 0.437644
737 0.42312 0.0185714 0.404548 0.441691
738 0.471017 0.107191 0.363826 0.578207
739 0.473839 0.104795 0.369044 0.578635
740 0.424061 0.0176939 0.406367 0.441754
741 0.424745 0.0165218 0.408223 0.441267
742 0.434495 0.0350654 0.39943 0.469561
743 0.418501 0.00497694 0.413524 0.423478
744 0.426627 0.0198176 0.406809 0.446444
745 0.426712 0.0141563 0.412556 0.440868
746 0.469648 0.106747 0.362902 0.576395
747 0.520881 0.118841 0.40204 0.639723
748 0.513697 0.124369 0.389328 0.638066
749 0.52071 0.132671 0.388039 0.653381
750 0.535165 0.135369 0.399796 0.670534
751 0.525243 0.124859 0.400384 0.650102
752 0.469991 0.108599 0.361391 0.57859
753 0.472556 0.102525 0.370031 0.575082
754 0.438601 0.0649597 0.373641 0.503561
755 0.461181 0.112616 0.348565 0.573797
756 0.503775 0.121512 0.382264 0.625287
757 0.398316 0.00710781 0.391208 0.405424
758 0.416448 0.0167155 0.399733 0.433164
759 0.456391 0.103894 0.352498 0.560285
760 0.417902 0.0304595 0.387443 0.448362
761 0.454766 0.0646278 0.390138 0.519394
762 0.404987 0.00996349 0.395024 0.414951
763 0.402507 0.0201195 0.382387 0.422626
764 0.44972 0.106557 0.343163 0.556277
765 0.45143 0.100243 0.351187 0.551674
766 0.448864 0.0985513 0.350313 0.547416
767 0.403106 0.0115659 0.39154 0.414672
768 0.467339 0.0990555 0.368284 0.566395
769 0.466142 0.123941 0.3422 0.590083
770 0.461438 0.110229 0.351209 0.571666
771 0.403619 0.0147088 0.38891 0.418328
772 0.412428 0.0143748 0.398054 0.426803
773 0.457589 0.10067 0.356918 0.558259
774 0.463063 0.105157 0.357906 0.568219
775 0.479484 0.0955225 0.383962 0.575007
776 0.459641 0.100427 0.359214 0.560069
777 0.453227 0.0843365 0.36889 0.537563
778 0.450147 0.10938 0.340767 0.559528
779 0.414823 0.00919601 0.405627 0.424019
780 0.402165 0.0147341 0.387431 0.416899
781 0.397974 0.0124816 0.385492 0.410455
782 0.476919 0.113746 0.363173 0.590664
783 0.407639 0.0217732 0.385866 0.429412
784 0.488465 0.115348 0.373117 0.603814
785 0.475122 0.104927 0.370195 0.58005
786 0.454509 0.102126 0.352383 0.556636
787 0.404816 0.0100497 0.394766 0.414866
788 0.403106 0.0109051 0.392201 0.414011
789 0.459812 0.102044 0.357769 0.561856
790 0.45143 0.0941989 0.357232 0.545629
791 0.455108 0.0837079 0.3714 0.538816
792 0.483761 0.0982152 0.385546 0.581976
793 0.469734 0.0841634 0.38557 0.553897
794 0.466911 0.105665 0.361247 0.572576
795 0.488123 0.125857 0.362266 0.61398
796 0.459983 0.0884895 0.371494 0.548473
797 0.456391 0.107153 0.349238 0.563544
798 0.474695 0.114537 0.360157 0.589232
799 0.504887 0.119681 0.385206 0.624568
