# ../output/graphs/perf_parallel84BIPED_thread4
# step - mean (0.113601) - standard deviation (0.016444) r=20 - ylow - yhigh
0 0.133706 0.029849 0.103857 0.163555
1 0.127334 0.00493914 0.122395 0.132273
2 0.124319 0.00817044 0.116149 0.13249
3 0.123549 0.0100839 0.113466 0.133633
4 0.121946 0.0130734 0.108872 0.135019
5 0.119551 0.0134228 0.106128 0.132974
6 0.119701 0.0131777 0.106523 0.132878
7 0.117797 0.00914269 0.108655 0.12694
8 0.116322 0.00960654 0.106716 0.125929
9 0.116301 0.00950171 0.106799 0.125802
10 0.113564 0.0134996 0.100064 0.127063
11 0.115125 0.0131691 0.101956 0.128294
12 0.113884 0.0129135 0.100971 0.126798
13 0.11196 0.0148104 0.0971496 0.12677
14 0.113671 0.0130841 0.100586 0.126755
15 0.113072 0.0141646 0.0989073 0.127237
16 0.11335 0.0159925 0.0973574 0.129342
17 0.114654 0.0131561 0.101498 0.12781
18 0.116108 0.00985139 0.106257 0.12596
19 0.120171 0.00479469 0.115376 0.124966
20 0.119444 0.0026122 0.116832 0.122056
21 0.118888 0.00215955 0.116728 0.121048
22 0.119465 0.00254903 0.116916 0.122014
23 0.116814 0.0142918 0.102522 0.131106
24 0.112452 0.0110955 0.101356 0.123547
25 0.111789 0.012706 0.0990829 0.124495
26 0.111981 0.0129794 0.099002 0.124961
27 0.113286 0.0132745 0.100011 0.12656
28 0.116237 0.0122511 0.103985 0.128488
29 0.114141 0.00961596 0.104525 0.123757
30 0.114761 0.0109577 0.103803 0.125719
31 0.114013 0.00957641 0.104436 0.123589
32 0.117712 0.00331777 0.114394 0.12103
33 0.116878 0.00270844 0.11417 0.119586
34 0.125559 0.00256379 0.122996 0.128123
35 0.129344 0.00824883 0.121095 0.137593
36 0.128596 0.00475659 0.123839 0.133352
37 0.127698 0.00272963 0.124968 0.130427
38 0.129686 0.011893 0.117793 0.141579
39 0.12913 0.00431587 0.124814 0.133446
40 0.128147 0.00595236 0.122194 0.134099
41 0.12402 0.00887422 0.115146 0.132894
42 0.121689 0.0132969 0.108392 0.134986
43 0.117904 0.0176814 0.100223 0.135586
44 0.12124 0.026092 0.0951481 0.147332
45 0.115082 0.0204488 0.0946331 0.135531
46 0.116878 0.0182219 0.0986562 0.1351
47 0.118781 0.0165618 0.102219 0.135343
48 0.122053 0.0136176 0.108435 0.13567
49 0.1234 0.00940498 0.113995 0.132805
50 0.124127 0.0103373 0.113789 0.134464
51 0.123977 0.0102118 0.113765 0.134189
52 0.120492 0.0129502 0.107542 0.133442
53 0.120299 0.0167197 0.10358 0.137019
54 0.119059 0.016356 0.102703 0.135415
55 0.117177 0.0175151 0.0996623 0.134692
56 0.117348 0.0180288 0.0993197 0.135377
57 0.118696 0.0205388 0.0981568 0.139234
58 0.120492 0.0149324 0.105559 0.135424
59 0.121711 0.0140791 0.107631 0.13579
60 0.121326 0.0141696 0.107156 0.135495
61 0.116515 0.0179113 0.0986033 0.134426
62 0.116643 0.0177988 0.098844 0.134442
63 0.118182 0.0194732 0.0987092 0.137656
64 0.119187 0.0185052 0.100682 0.137693
65 0.11784 0.0172851 0.100555 0.135125
66 0.119465 0.0158828 0.103583 0.135348
67 0.118182 0.0177419 0.10044 0.135924
68 0.118075 0.0190611 0.0990144 0.137137
69 0.116664 0.0183456 0.0983186 0.13501
70 0.117028 0.0187415 0.0982862 0.135769
71 0.11799 0.0185899 0.0994 0.13658
72 0.122266 0.0144531 0.107813 0.13672
73 0.121561 0.0141972 0.107364 0.135758
74 0.12248 0.0143257 0.108155 0.136806
75 0.122074 0.0134466 0.108627 0.135521
76 0.124127 0.00958832 0.114538 0.133715
77 0.123186 0.0129929 0.110193 0.136179
78 0.1234 0.0101251 0.113275 0.133525
79 0.122245 0.0135062 0.108739 0.135751
80 0.122673 0.0139662 0.108707 0.136639
81 0.120021 0.0163263 0.103695 0.136348
82 0.12109 0.0162741 0.104816 0.137365
83 0.119337 0.0166145 0.102723 0.135952
84 0.113542 0.0204424 0.0930999 0.133985
85 0.115873 0.0200904 0.0957826 0.135963
86 0.11923 0.0209553 0.0982748 0.140185
87 0.119465 0.0167378 0.102728 0.136203
88 0.121689 0.0137725 0.107917 0.135462
89 0.122587 0.0139649 0.108622 0.136552
90 0.117669 0.0178324 0.0998368 0.135502
91 0.117242 0.0225432 0.0946983 0.139785
92 0.114718 0.0196893 0.0950291 0.134408
93 0.116322 0.0221424 0.0941796 0.138465
94 0.114996 0.0190102 0.0959862 0.134007
95 0.121347 0.0133349 0.108012 0.134682
96 0.119102 0.0171902 0.101912 0.136292
97 0.11536 0.0184997 0.0968602 0.13386
98 0.110527 0.0183555 0.0921718 0.128883
99 0.109715 0.0196491 0.0900657 0.129364
100 0.105374 0.0207271 0.084647 0.126101
101 0.106486 0.0214634 0.0850226 0.127949
102 0.106807 0.0206291 0.0861776 0.127436
103 0.111254 0.0192356 0.0920188 0.13049
104 0.119209 0.0172605 0.101948 0.136469
105 0.121283 0.0136805 0.107602 0.134963
106 0.121903 0.0134921 0.108411 0.135395
107 0.12124 0.01402 0.10722 0.13526
108 0.115852 0.0148452 0.101006 0.130697
109 0.116279 0.0174753 0.098804 0.133755
110 0.11474 0.0152722 0.0994676 0.130012
111 0.114312 0.0173013 0.0970108 0.131613
112 0.120043 0.0193261 0.100717 0.139369
113 0.121732 0.0168331 0.104899 0.138565
114 0.118696 0.0158454 0.10285 0.134541
115 0.115424 0.0194152 0.0960088 0.134839
116 0.116472 0.0185092 0.0979625 0.134981
117 0.120321 0.0152896 0.105031 0.13561
118 0.116579 0.0204128 0.0961659 0.136991
119 0.115424 0.0195331 0.095891 0.134957
120 0.12139 0.0171378 0.104252 0.138528
121 0.118311 0.0161029 0.102208 0.134414
122 0.116386 0.0176509 0.0987353 0.134037
123 0.116664 0.017619 0.0990452 0.134283
124 0.120684 0.0164008 0.104283 0.137085
125 0.119401 0.0167789 0.102622 0.13618
126 0.116728 0.0179841 0.0987442 0.134712
127 0.119187 0.0167005 0.102487 0.135888
128 0.12511 0.0156041 0.109506 0.140714
129 0.12 0.0164996 0.1035 0.1365
130 0.121711 0.0142425 0.107468 0.135953
131 0.121518 0.0135758 0.107942 0.135094
132 0.123956 0.0100233 0.113932 0.133979
133 0.125902 0.00433896 0.121563 0.130241
134 0.123357 0.00931215 0.114045 0.132669
135 0.118888 0.0154661 0.103422 0.134354
136 0.11784 0.0184058 0.0994345 0.136246
137 0.11551 0.0179584 0.0975511 0.133468
138 0.115638 0.0180895 0.0975483 0.133727
139 0.118268 0.0168631 0.101405 0.135131
140 0.121155 0.0100659 0.111089 0.13122
141 0.118546 0.0150706 0.103475 0.133616
142 0.113521 0.0190037 0.0945173 0.132525
143 0.115852 0.0179752 0.0978765 0.133827
144 0.115766 0.0183852 0.0973809 0.134151
145 0.113949 0.0192694 0.0946792 0.133218
146 0.12015 0.0176381 0.102512 0.137788
147 0.122908 0.00909146 0.113817 0.131999
148 0.122438 0.0101139 0.112324 0.132551
149 0.123015 0.0103013 0.112714 0.133316
150 0.125859 0.00217264 0.123686 0.128031
151 0.122929 0.0089353 0.113994 0.131865
152 0.122887 0.00996562 0.112921 0.132852
153 0.123143 0.00925897 0.113884 0.132402
154 0.121261 0.0128499 0.108412 0.134111
155 0.116814 0.0169894 0.0998245 0.133803
156 0.118867 0.0169642 0.101902 0.135831
157 0.118781 0.0167714 0.10201 0.135553
158 0.118567 0.0167714 0.101796 0.135339
159 0.119102 0.0154297 0.103672 0.134532
160 0.121689 0.0163387 0.10535 0.138028
161 0.115296 0.0202793 0.0950164 0.135575
162 0.111425 0.0208437 0.0905817 0.132269
163 0.113435 0.0191797 0.0942557 0.132615
164 0.110249 0.0212418 0.0890076 0.131491
165 0.117819 0.0191356 0.0986833 0.136954
166 0.118589 0.0165221 0.102067 0.135111
167 0.122865 0.016203 0.106662 0.139068
168 0.118995 0.0156716 0.103323 0.134667
169 0.118931 0.0158266 0.103104 0.134757
170 0.118867 0.0168837 0.101983 0.13575
171 0.117883 0.0163526 0.10153 0.134236
172 0.118525 0.0163106 0.102214 0.134835
173 0.120962 0.0130103 0.107952 0.133972
174 0.123143 0.00943313 0.11371 0.132576
175 0.121347 0.0129254 0.108422 0.134272
176 0.121454 0.0144614 0.106993 0.135915
177 0.119594 0.0156502 0.103943 0.135244
178 0.114376 0.0195464 0.0948298 0.133923
179 0.113521 0.0198882 0.0936327 0.133409
180 0.116643 0.0189209 0.0977219 0.135564
181 0.118353 0.0160635 0.10229 0.134417
182 0.119059 0.0152442 0.103815 0.134303
183 0.116899 0.017341 0.0995584 0.13424
184 0.111746 0.0210213 0.0907248 0.132768
185 0.109095 0.0217234 0.0873713 0.130818
186 0.108902 0.0216637 0.0872386 0.130566
187 0.114269 0.0193088 0.0949606 0.133578
188 0.119166 0.0163447 0.102821 0.135511
189 0.120128 0.0136414 0.106487 0.13377
190 0.120919 0.0135141 0.107405 0.134433
191 0.12248 0.0103828 0.112098 0.132863
192 0.121967 0.0129054 0.109062 0.134873
193 0.119059 0.0159736 0.103085 0.135033
194 0.119829 0.0169831 0.102846 0.136812
195 0.117691 0.0184995 0.0991911 0.13619
196 0.121048 0.0170416 0.104006 0.138089
197 0.120406 0.014451 0.105955 0.134857
198 0.116985 0.0157708 0.101214 0.132756
199 0.117733 0.00945794 0.108275 0.127191
200 0.117284 0.00564581 0.111638 0.12293
201 0.112152 0.0141391 0.0980134 0.126292
202 0.114162 0.0129499 0.101213 0.127112
203 0.114847 0.0129971 0.10185 0.127844
204 0.112858 0.0148328 0.0980252 0.127691
205 0.113799 0.0128346 0.100964 0.126633
206 0.114034 0.013093 0.100941 0.127127
207 0.110314 0.0165914 0.0937221 0.126905
208 0.110378 0.0171734 0.0932043 0.127551
209 0.112067 0.015722 0.0963449 0.127789
210 0.110228 0.016748 0.0934801 0.126976
211 0.112623 0.0159912 0.0966316 0.128614
212 0.11444 0.013349 0.101091 0.127789
213 0.11707 0.00982478 0.107246 0.126895
214 0.114398 0.0123455 0.102052 0.126743
215 0.113906 0.015877 0.0980288 0.129783
216 0.112131 0.0150694 0.0970617 0.1272
217 0.110741 0.0173701 0.0933711 0.128111
218 0.111832 0.0154575 0.0963742 0.127289
219 0.109993 0.0143959 0.0955969 0.124389
220 0.110613 0.0120264 0.0985865 0.122639
221 0.10995 0.0138865 0.0960635 0.123837
222 0.10484 0.0173705 0.087469 0.12221
223 0.107063 0.016832 0.0902313 0.123895
224 0.112067 0.0155012 0.0965657 0.127568
225 0.104497 0.018741 0.0857565 0.123238
226 0.10841 0.0162596 0.0921509 0.12467
227 0.107341 0.0171078 0.0902335 0.124449
228 0.107683 0.0164308 0.0912526 0.124114
229 0.110506 0.0151732 0.0953327 0.125679
230 0.111618 0.0129014 0.0987165 0.124519
231 0.12047 0.0145655 0.105905 0.135036
232 0.115296 0.0157603 0.0995354 0.131056
233 0.117733 0.0131417 0.104592 0.130875
234 0.117199 0.0161161 0.101083 0.133315
235 0.116301 0.0166118 0.0996889 0.132912
236 0.115873 0.0159122 0.0999608 0.131785
237 0.120556 0.0103938 0.110162 0.13095
238 0.120043 0.00910623 0.110936 0.129149
239 0.122523 0.00256415 0.119959 0.125087
240 0.12186 0.00142785 0.120432 0.123288
241 0.121668 0.00122088 0.120447 0.122889
242 0.120834 0.00993455 0.110899 0.130768
243 0.119829 0.00935049 0.110478 0.129179
244 0.11923 0.00984591 0.109384 0.129076
245 0.119252 0.0100004 0.109251 0.129252
246 0.12047 0.00926847 0.111202 0.129739
247 0.11985 0.0101255 0.109725 0.129976
248 0.119337 0.00896391 0.110373 0.128301
249 0.116942 0.0132769 0.103665 0.130219
250 0.11846 0.0135513 0.104909 0.132012
251 0.116301 0.0135503 0.10275 0.129851
252 0.116771 0.0139106 0.102861 0.130682
253 0.11737 0.0134194 0.10395 0.130789
254 0.110164 0.0185256 0.0916383 0.128689
255 0.11042 0.0192875 0.091133 0.129708
256 0.111596 0.0196788 0.0919177 0.131275
257 0.108924 0.0202178 0.0887059 0.129141
258 0.109907 0.0214075 0.0884997 0.131315
259 0.112259 0.0202365 0.0920229 0.132496
260 0.113029 0.0181998 0.0948294 0.131229
261 0.116044 0.0171101 0.098934 0.133154
262 0.12124 0.0104679 0.110772 0.131708
263 0.120342 0.00982341 0.110519 0.130165
264 0.121924 0.00162227 0.120302 0.123547
265 0.119337 0.0119273 0.10741 0.131264
266 0.115852 0.0164421 0.0994095 0.132294
267 0.115274 0.0165124 0.0987619 0.131787
268 0.114419 0.0188661 0.095553 0.133285
269 0.115317 0.0163128 0.0990043 0.13163
270 0.120855 0.015747 0.105108 0.136602
271 0.116985 0.0134568 0.103528 0.130442
272 0.120299 0.0103693 0.10993 0.130669
273 0.113564 0.0174996 0.0960641 0.131063
274 0.113243 0.0174531 0.0957898 0.130696
275 0.11134 0.0184285 0.0929114 0.129768
276 0.110185 0.0195697 0.0906155 0.129755
277 0.115638 0.0161314 0.0995065 0.131769
278 0.112601 0.0161522 0.0964493 0.128754
279 0.109031 0.0174148 0.0916158 0.126445
280 0.111297 0.016122 0.0951751 0.127419
281 0.111896 0.0163749 0.0955209 0.128271
282 0.111789 0.0162843 0.0955047 0.128073
283 0.111832 0.0158501 0.0959816 0.127682
284 0.109394 0.0164798 0.0929143 0.125874
285 0.109287 0.0181859 0.0911013 0.127473
286 0.107833 0.019346 0.0884871 0.127179
287 0.106914 0.0191826 0.0877311 0.126096
288 0.111874 0.0155559 0.0963185 0.12743
289 0.113756 0.0132055 0.100551 0.126962
290 0.115061 0.0140473 0.101013 0.129108
291 0.113029 0.0135784 0.0994508 0.126607
292 0.115317 0.0103703 0.104947 0.125687
293 0.114098 0.0120684 0.10203 0.126167
294 0.114291 0.014239 0.100052 0.12853
295 0.108988 0.0144938 0.094494 0.123482
296 0.107769 0.0153074 0.0924616 0.123076
297 0.114205 0.0175747 0.0966305 0.13178
298 0.11382 0.0132623 0.100558 0.127083
299 0.115638 0.00926975 0.106368 0.124908
300 0.111105 0.0165655 0.0945392 0.12767
301 0.108838 0.0171737 0.0916644 0.126012
302 0.112986 0.0163007 0.0966857 0.129287
303 0.115403 0.0274241 0.0879786 0.142827
304 0.107534 0.0185237 0.0890101 0.126057
305 0.112537 0.0148226 0.0977148 0.12736
306 0.112409 0.0158995 0.0965096 0.128309
307 0.113906 0.0130762 0.10083 0.126982
308 0.123229 0.00977289 0.113456 0.133002
309 0.118289 0.0157922 0.102497 0.134082
310 0.118204 0.0171837 0.10102 0.135388
311 0.11119 0.0193563 0.0918339 0.130547
312 0.110998 0.0196253 0.0913725 0.130623
313 0.111532 0.0207519 0.0907805 0.132284
314 0.116408 0.0163051 0.100102 0.132713
315 0.110763 0.0192478 0.0915148 0.13001
316 0.112537 0.0179988 0.0945386 0.130536
317 0.114783 0.0161472 0.0986353 0.13093
318 0.114676 0.0156922 0.0989834 0.130368
319 0.117156 0.0133278 0.103828 0.130484
320 0.114654 0.0130136 0.101641 0.127668
321 0.114376 0.0151817 0.0991945 0.129558
322 0.111212 0.0154439 0.0957677 0.126655
323 0.114184 0.0131937 0.10099 0.127377
324 0.112409 0.0142418 0.0981673 0.126651
325 0.110763 0.0154383 0.0953243 0.126201
326 0.112986 0.0134854 0.0995009 0.126472
327 0.112708 0.0158645 0.0968439 0.128573
328 0.114291 0.0131922 0.101099 0.127483
329 0.111383 0.0160496 0.0953331 0.127432
330 0.1101 0.0158754 0.0942243 0.125975
331 0.113735 0.0145236 0.0992112 0.128258
332 0.109565 0.0173754 0.0921897 0.126941
333 0.108624 0.0173993 0.091225 0.126024
334 0.108667 0.017602 0.0910651 0.126269
335 0.105652 0.0189517 0.0867004 0.124604
336 0.110271 0.016095 0.0941758 0.126366
337 0.108154 0.0179696 0.0901843 0.126123
338 0.10779 0.0171022 0.0906882 0.124893
339 0.108197 0.0175484 0.0906482 0.125745
340 0.108304 0.0178275 0.090476 0.126131
341 0.111361 0.0163644 0.0949969 0.127726
342 0.111297 0.0158457 0.0954515 0.127143
343 0.107983 0.0175581 0.0904247 0.125541
344 0.109544 0.0161613 0.0933824 0.125705
345 0.109864 0.0155203 0.0943442 0.125385
346 0.106294 0.0183501 0.0879435 0.124644
347 0.108261 0.0176146 0.0906462 0.125875
348 0.10948 0.0179421 0.0915375 0.127422
349 0.108902 0.0191818 0.0897205 0.128084
350 0.109437 0.0160976 0.0933392 0.125534
351 0.116151 0.010474 0.105677 0.126625
352 0.11521 0.0144566 0.100754 0.129667
353 0.113136 0.0126614 0.100475 0.125797
354 0.110955 0.0157075 0.0952475 0.126663
355 0.11057 0.0156801 0.09489 0.12625
356 0.113927 0.0141859 0.0997413 0.128113
357 0.113029 0.0139458 0.0990833 0.126975
358 0.114996 0.010252 0.104744 0.125248
359 0.116386 0.00172804 0.114658 0.118114
360 0.118161 0.00384913 0.114312 0.12201
361 0.112473 0.011778 0.100695 0.124251
362 0.112195 0.0130993 0.0990959 0.125294
363 0.109116 0.016813 0.0923031 0.125929
364 0.108239 0.0173155 0.0909239 0.125555
365 0.109373 0.0196711 0.0897016 0.129044
366 0.110356 0.0179556 0.0924007 0.128312
367 0.111575 0.0159824 0.0955927 0.127558
368 0.111041 0.0161404 0.0949002 0.127181
369 0.106978 0.0186466 0.0883313 0.125624
370 0.109886 0.0190887 0.0907972 0.128975
371 0.109373 0.0181171 0.0912556 0.12749
372 0.109052 0.017962 0.0910899 0.127014
373 0.110399 0.0162313 0.0941677 0.12663
374 0.110891 0.015885 0.0950059 0.126776
375 0.112452 0.0158956 0.0965562 0.128347
376 0.113671 0.0137447 0.0999259 0.127415
377 0.111725 0.0157774 0.0959474 0.127502
378 0.113927 0.0137804 0.100147 0.127708
379 0.114227 0.0132282 0.100998 0.127455
380 0.111639 0.0158864 0.0957529 0.127526
381 0.113949 0.0134942 0.100454 0.127443
382 0.111319 0.0158481 0.0954704 0.127167
383 0.112324 0.0152507 0.0970728 0.127574
384 0.114269 0.0131892 0.10108 0.127459
385 0.114526 0.0132577 0.101268 0.127784
386 0.11722 0.0104901 0.10673 0.12771
387 0.116536 0.00885411 0.107682 0.12539
388 0.113585 0.0130223 0.100563 0.126607
389 0.110698 0.0175866 0.0931118 0.128285
390 0.107919 0.0192954 0.0886233 0.127214
391 0.107256 0.0197123 0.0875435 0.126968
392 0.110805 0.0183787 0.0924267 0.129184
393 0.114291 0.0129833 0.101307 0.127274
394 0.10841 0.0135253 0.0948852 0.121936
395 0.108667 0.0156284 0.0930387 0.124295
396 0.115167 0.0153176 0.0998498 0.130485
397 0.112601 0.0146843 0.0979172 0.127286
398 0.116172 0.00967698 0.106495 0.125849
399 0.116621 0.00987882 0.106743 0.1265
400 0.11335 0.0125 0.10085 0.12585
401 0.113991 0.0122061 0.101785 0.126197
402 0.112366 0.0149623 0.0974039 0.127329
403 0.112152 0.0158035 0.096349 0.127956
404 0.111661 0.0149348 0.0967258 0.126595
405 0.111896 0.0148146 0.0970813 0.12671
406 0.111939 0.014999 0.0969397 0.126938
407 0.107341 0.0177051 0.0896362 0.125046
408 0.107619 0.0183878 0.0892315 0.126007
409 0.109651 0.0170711 0.0925796 0.126722
410 0.106037 0.0174415 0.0885955 0.123479
411 0.106358 0.0166715 0.0896863 0.123029
412 0.105631 0.0162413 0.0893894 0.121872
413 0.10578 0.0166243 0.0891561 0.122405
414 0.10253 0.0185992 0.083931 0.121129
415 0.103578 0.0185069 0.085071 0.122085
416 0.106315 0.0142752 0.0920398 0.12059
417 0.10578 0.0140452 0.0917352 0.119826
418 0.106272 0.014577 0.0916952 0.120849
419 0.104284 0.0169123 0.0873713 0.121196
420 0.101376 0.017359 0.0840165 0.118735
421 0.100328 0.0191073 0.0812205 0.119435
422 0.104027 0.0167752 0.0872518 0.120802
423 0.103428 0.0162836 0.0871447 0.119712
424 0.104519 0.0169668 0.087552 0.121486
425 0.105652 0.0144269 0.0912252 0.120079
426 0.103257 0.016132 0.0871253 0.119389
427 0.113628 0.0163144 0.0973135 0.129942
428 0.110656 0.0160822 0.0945734 0.126738
429 0.116023 0.0101689 0.105854 0.126192
430 0.113564 0.0128136 0.10075 0.126377
431 0.113115 0.0135544 0.0995603 0.126669
432 0.113157 0.0167777 0.0963797 0.129935
433 0.107299 0.018554 0.0887446 0.125853
434 0.108646 0.0179673 0.0906783 0.126613
435 0.105716 0.0194334 0.0862828 0.12515
436 0.106272 0.0183087 0.0879635 0.124581
437 0.105224 0.0191547 0.0860698 0.124379
438 0.110399 0.0162065 0.0941925 0.126606
439 0.113606 0.0132933 0.100313 0.1269
440 0.111468 0.0164173 0.0950509 0.127886
441 0.109202 0.0172532 0.0919484 0.126455
442 0.108132 0.0180971 0.0900354 0.12623
443 0.107534 0.0191394 0.0883944 0.126673
444 0.10948 0.0179003 0.0915793 0.12738
445 0.113842 0.0117746 0.102067 0.125616
446 0.104647 0.0191831 0.085464 0.12383
447 0.100349 0.0210036 0.0793456 0.121353
448 0.10005 0.0208564 0.0791934 0.120906
449 0.10052 0.0220773 0.078443 0.122598
450 0.1132 0.0181333 0.0950669 0.131334
451 0.11134 0.0188203 0.0925196 0.13016
452 0.116065 0.0163995 0.0996659 0.132465
453 0.117156 0.0146465 0.10251 0.131802
454 0.119465 0.0188004 0.100665 0.138266
455 0.116878 0.0170302 0.0998479 0.133908
456 0.118631 0.0131328 0.105499 0.131764
457 0.118546 0.0135605 0.104985 0.132106
458 0.1135 0.0132872 0.100212 0.126787
459 0.11397 0.0140428 0.0999272 0.128013
460 0.115125 0.0100436 0.105081 0.125168
461 0.115338 0.00991209 0.105426 0.125251
462 0.114547 0.0133126 0.101235 0.12786
463 0.115253 0.00985974 0.105393 0.125113
464 0.116044 0.00999768 0.106046 0.126042
465 0.113884 0.0130137 0.100871 0.126898
466 0.113649 0.0137262 0.099923 0.127375
467 0.113735 0.012884 0.100851 0.126619
468 0.113286 0.0130325 0.100253 0.126318
469 0.111532 0.0154842 0.0960482 0.127017
470 0.111618 0.016113 0.0955049 0.127731
471 0.110549 0.0174897 0.093059 0.128038
472 0.110998 0.0194239 0.0915738 0.130422
473 0.109415 0.0172877 0.0921278 0.126703
474 0.109822 0.0164052 0.0934165 0.126227
475 0.104989 0.019516 0.0854732 0.124505
476 0.105246 0.0201343 0.0851116 0.12538
477 0.107427 0.0198335 0.0875934 0.12726
478 0.107598 0.0193319 0.088266 0.12693
479 0.112473 0.016601 0.0958721 0.129074
480 0.110656 0.0170037 0.0936519 0.127659
481 0.105331 0.0209765 0.0843549 0.126308
482 0.105802 0.0208213 0.0849805 0.126623
483 0.10886 0.0185936 0.0902659 0.127453
484 0.112751 0.0167323 0.0960188 0.129483
485 0.120748 0.0034671 0.117281 0.124215
486 0.118781 0.00151727 0.117264 0.120298
487 0.119658 0.00257873 0.117079 0.122237
488 0.112879 0.0140636 0.0988159 0.126943
489 0.11134 0.0180925 0.0932474 0.129432
490 0.109608 0.0181323 0.0914756 0.12774
491 0.105011 0.0179617 0.0870489 0.122972
492 0.105866 0.01732 0.0885459 0.123186
493 0.112815 0.0157035 0.0971118 0.128519
494 0.111917 0.0162751 0.0956421 0.128192
495 0.113179 0.0160072 0.0971716 0.129186
496 0.11412 0.0180905 0.0960292 0.13221
497 0.111832 0.0155965 0.0962352 0.127428
498 0.111041 0.0155535 0.095487 0.126594
499 0.118995 0.00202798 0.116967 0.121023
500 0.116065 0.00853319 0.107532 0.124599
501 0.116686 0.00972788 0.106958 0.126413
502 0.111725 0.0143802 0.0973446 0.126105
503 0.111832 0.0152196 0.0966121 0.127051
504 0.112195 0.0144761 0.0977191 0.126671
505 0.116899 0.0181077 0.0987917 0.135007
506 0.118011 0.015872 0.102139 0.133883
507 0.115766 0.0169904 0.0987757 0.132757
508 0.114783 0.0159535 0.098829 0.130736
509 0.115167 0.0166715 0.098496 0.131839
510 0.119893 0.0103049 0.109588 0.130198
511 0.119401 0.0102776 0.109124 0.129679
512 0.119743 0.0090578 0.110686 0.128801
513 0.121668 0.0125242 0.109144 0.134192
514 0.117113 0.0137857 0.103328 0.130899
515 0.115852 0.0166867 0.099165 0.132538
516 0.111319 0.0165857 0.0947329 0.127904
517 0.112986 0.0161971 0.0967893 0.129183
518 0.112858 0.0132772 0.0995809 0.126135
519 0.115766 0.0108536 0.104913 0.12662
520 0.114911 0.0099902 0.104921 0.124901
521 0.114654 0.010001 0.104653 0.124655
522 0.115125 0.00866631 0.106458 0.123791
523 0.116215 0.0104979 0.105717 0.126713
524 0.113136 0.0128221 0.100314 0.125958
525 0.112687 0.0140271 0.0986599 0.126714
526 0.113863 0.00987954 0.103984 0.123743
527 0.114932 0.014152 0.10078 0.129084
528 0.109522 0.0163182 0.0932042 0.125841
529 0.108774 0.0182009 0.0905731 0.126975
530 0.107149 0.0187303 0.0884186 0.125879
531 0.105845 0.0194197 0.0864248 0.125264
532 0.110613 0.0196029 0.09101 0.130216
533 0.111618 0.0167862 0.0948317 0.128404
534 0.108924 0.0171729 0.0917507 0.126097
535 0.110805 0.0161798 0.0946256 0.126985
536 0.109522 0.0168068 0.0927155 0.126329
537 0.113778 0.0134826 0.100295 0.12726
538 0.10933 0.0167247 0.0926053 0.126055
539 0.10933 0.0182515 0.0910784 0.127581
540 0.10794 0.0178565 0.0900835 0.125797
541 0.108795 0.0171694 0.091626 0.125965
542 0.111425 0.0164397 0.0949858 0.127865
543 0.11042 0.0158784 0.0945421 0.126299
544 0.109073 0.0171742 0.0918991 0.126248
545 0.111041 0.0158661 0.0951745 0.126907
546 0.111725 0.0138681 0.0978567 0.125593
547 0.111468 0.0161579 0.0953103 0.127626
548 0.110741 0.0157865 0.0949547 0.126528
549 0.113115 0.0139382 0.0991765 0.127053
550 0.112644 0.0139604 0.0986838 0.126605
551 0.111682 0.0155253 0.0961568 0.127207
552 0.10933 0.017109 0.0922209 0.126439
553 0.109266 0.0167663 0.0924995 0.126032
554 0.110057 0.0157713 0.0942857 0.125828
555 0.109672 0.0177219 0.0919502 0.127394
556 0.110271 0.0148958 0.095375 0.125167
557 0.1132 0.0137304 0.0994698 0.126931
558 0.115381 0.0100999 0.105281 0.125481
559 0.114569 0.00982852 0.10474 0.124397
560 0.115061 0.00957935 0.105481 0.12464
561 0.116515 0.00216579 0.114349 0.11868
562 0.11583 0.00963911 0.106191 0.125469
563 0.114483 0.00995995 0.104523 0.124443
564 0.114975 0.0101077 0.104867 0.125083
565 0.114269 0.00984591 0.104423 0.124115
566 0.115574 0.00859243 0.106981 0.124166
567 0.113884 0.0140516 0.0998328 0.127936
568 0.112644 0.0134961 0.0991481 0.12614
569 0.111425 0.0158131 0.0956123 0.127239
570 0.112238 0.0174064 0.0948316 0.129644
571 0.113393 0.012641 0.100752 0.126034
572 0.108731 0.0171781 0.0915531 0.125909
573 0.106529 0.0190874 0.0874413 0.125616
574 0.107256 0.0195783 0.0876775 0.126834
575 0.106336 0.0187649 0.0875715 0.125101
576 0.108539 0.0191007 0.0894381 0.127639
577 0.109116 0.0173858 0.0917303 0.126502
578 0.112259 0.0166717 0.0955877 0.128931
579 0.109886 0.0174394 0.0924464 0.127325
580 0.114162 0.0135077 0.100655 0.12767
581 0.1101 0.0168028 0.0932969 0.126902
582 0.107748 0.0195548 0.0881928 0.127302
583 0.109309 0.0181148 0.0911937 0.127423
584 0.109351 0.0179565 0.0913949 0.127308
585 0.109587 0.0174554 0.0921311 0.127042
586 0.109223 0.0175507 0.0916723 0.126774
587 0.107919 0.0190536 0.0888651 0.126972
588 0.10392 0.0193421 0.084578 0.123262
589 0.111682 0.0183016 0.0933805 0.129984
590 0.108667 0.0185948 0.0900722 0.127262
591 0.10995 0.0140261 0.0959239 0.123976
592 0.108881 0.014173 0.0947079 0.123054
593 0.110335 0.0171697 0.0931652 0.127505
594 0.115189 0.0136644 0.101524 0.128853
595 0.114483 0.0127704 0.101713 0.127254
596 0.116429 0.00987399 0.106555 0.126303
597 0.115916 0.00854719 0.107369 0.124463
598 0.113927 0.0118649 0.102062 0.125792
599 0.110485 0.0164507 0.0940339 0.126935
600 0.11211 0.015497 0.0966127 0.127607
601 0.111618 0.014747 0.0968709 0.126365
602 0.111511 0.0146642 0.0968468 0.126175
603 0.110442 0.0167954 0.0936464 0.127237
604 0.109587 0.0166175 0.092969 0.126204
605 0.112944 0.0163518 0.0965918 0.129295
606 0.114911 0.0130278 0.101883 0.127939
607 0.111041 0.012832 0.0982086 0.123873
608 0.108988 0.0152369 0.0937509 0.124225
609 0.106764 0.0170147 0.0897493 0.123779
610 0.109437 0.0152661 0.0941708 0.124703
611 0.109309 0.0149394 0.0943691 0.124248
612 0.106101 0.0137156 0.0923855 0.119817
613 0.106721 0.0151262 0.091595 0.121847
614 0.105545 0.0151993 0.0903459 0.120744
615 0.105396 0.014399 0.0909965 0.119795
616 0.106058 0.0138404 0.0922179 0.119899
617 0.106272 0.0140714 0.0922008 0.120344
618 0.106208 0.016551 0.0896571 0.122759
619 0.103407 0.0170089 0.086398 0.120416
620 0.101418 0.0161052 0.0853131 0.117524
621 0.104861 0.014283 0.0905779 0.119144
622 0.104946 0.0146838 0.0902626 0.11963
623 0.115531 0.0143397 0.101191 0.129871
624 0.112345 0.013398 0.0989469 0.125743
625 0.115103 0.00912547 0.105978 0.124229
626 0.115467 0.0102486 0.105218 0.125715
627 0.11412 0.00972788 0.104392 0.123848
628 0.114269 0.00895791 0.105311 0.123227
629 0.11474 0.00987882 0.104861 0.124619
630 0.117413 0.00202618 0.115386 0.119439
631 0.116814 0.00173859 0.115075 0.118552
632 0.11707 0.00148683 0.115584 0.118557
633 0.116985 0.00165892 0.115326 0.118644
634 0.110934 0.0146838 0.0962498 0.125617
635 0.108368 0.0172061 0.0911616 0.125574
636 0.108346 0.0180181 0.0903283 0.126364
637 0.108154 0.0176616 0.0904923 0.125816
638 0.111319 0.0153033 0.0960152 0.126622
639 0.112516 0.0130297 0.0994862 0.125546
640 0.111832 0.0157905 0.0960412 0.127622
641 0.111597 0.0156725 0.095924 0.127269
642 0.112516 0.0159624 0.0965535 0.128478
643 0.115253 0.0163297 0.0989232 0.131583
644 0.118247 0.0139507 0.104296 0.132197
645 0.117669 0.0134906 0.104179 0.13116
646 0.115894 0.0150173 0.100877 0.130912
647 0.114932 0.0184263 0.0965059 0.133359
648 0.109971 0.0211723 0.0887991 0.131144
649 0.112473 0.0244527 0.0880205 0.136926
650 0.115125 0.0190983 0.0960263 0.134223
651 0.113051 0.0184206 0.0946299 0.131471
652 0.117626 0.0175841 0.100042 0.135211
653 0.118909 0.0142246 0.104685 0.133134
654 0.116964 0.0172205 0.0997431 0.134184
655 0.114975 0.0157126 0.0992624 0.130688
656 0.117776 0.0139624 0.103814 0.131738
657 0.112901 0.0158665 0.0970343 0.128767
658 0.110784 0.0156404 0.0951436 0.126424
659 0.113307 0.0136793 0.0996279 0.126986
660 0.112644 0.0132961 0.0993481 0.12594
661 0.112666 0.0143787 0.098287 0.127044
662 0.10779 0.0189743 0.0888161 0.126765
663 0.106935 0.0192504 0.0876847 0.126185
664 0.102509 0.0203754 0.0821334 0.122884
665 0.105139 0.0194713 0.0856676 0.12461
666 0.106272 0.0187494 0.0875228 0.125022
667 0.108945 0.0175947 0.0913503 0.12654
668 0.107234 0.0184229 0.0888115 0.125657
669 0.111383 0.0200535 0.0913291 0.131436
670 0.111554 0.0163397 0.095214 0.127893
671 0.109565 0.017068 0.0924972 0.126633
672 0.112131 0.0184342 0.0936969 0.130565
673 0.107299 0.0193954 0.0879032 0.126694
674 0.110677 0.0183521 0.0923249 0.129029
675 0.10856 0.0190219 0.0895383 0.127582
676 0.112773 0.0157207 0.0970519 0.128493
677 0.116087 0.0156024 0.100485 0.131689
678 0.107748 0.0183988 0.0893488 0.126146
679 0.110463 0.0181454 0.0923178 0.128609
680 0.110314 0.0185014 0.0918121 0.128815
681 0.110527 0.0182757 0.0922517 0.128803
682 0.114505 0.012645 0.10186 0.12715
683 0.113329 0.0160294 0.0972991 0.129358
684 0.111041 0.0160614 0.0949791 0.127102
685 0.11149 0.01581 0.0956796 0.1273
686 0.114505 0.0130997 0.101405 0.127604
687 0.110292 0.012895 0.0973972 0.123187
688 0.107812 0.0150507 0.092761 0.122862
689 0.112388 0.0155508 0.0968369 0.127938
690 0.113756 0.0166522 0.097104 0.130408
691 0.112152 0.0151982 0.0969542 0.127351
692 0.114205 0.0129096 0.101296 0.127115
693 0.113991 0.0127972 0.101194 0.126789
694 0.115403 0.0137525 0.10165 0.129155
695 0.112473 0.0147097 0.0977635 0.127183
696 0.111233 0.0180326 0.0932004 0.129266
697 0.110592 0.0181395 0.092452 0.128731
698 0.112024 0.0157499 0.0962742 0.127774
699 0.114333 0.0124933 0.10184 0.126827
700 0.112452 0.0144326 0.0980192 0.126884
701 0.117135 0.0180042 0.0991305 0.135139
702 0.116108 0.01795 0.0981582 0.134058
703 0.114098 0.0181426 0.0959556 0.132241
704 0.116707 0.0152667 0.10144 0.131974
705 0.114098 0.018376 0.0957223 0.132474
706 0.108988 0.0203818 0.088606 0.12937
707 0.109993 0.0219048 0.088088 0.131898
708 0.111319 0.0211467 0.0901718 0.132465
709 0.111575 0.0186552 0.0929199 0.13023
710 0.110955 0.0190037 0.0919513 0.129959
711 0.110634 0.0195261 0.0911082 0.13016
712 0.111746 0.0196233 0.0921229 0.131369
713 0.110677 0.0202117 0.0904654 0.130889
714 0.113157 0.018676 0.0944814 0.131833
715 0.11149 0.0199 0.0915896 0.13139
716 0.110463 0.01937 0.0910932 0.129833
717 0.110142 0.0181642 0.0919782 0.128307
718 0.111746 0.0158879 0.0958583 0.127634
719 0.111768 0.0157428 0.0960247 0.12751
720 0.110335 0.0199018 0.0904331 0.130237
721 0.108646 0.0183506 0.0902951 0.126996
722 0.109608 0.0179951 0.0916128 0.127603
723 0.114248 0.014169 0.100079 0.128417
724 0.111254 0.0151961 0.0960583 0.12645
725 0.112281 0.0179521 0.0943287 0.130233
726 0.110378 0.0157705 0.0946072 0.126148
727 0.110784 0.0145801 0.0962038 0.125364
728 0.106721 0.0191475 0.0875737 0.125869
729 0.106443 0.0186958 0.0877474 0.125139
730 0.106507 0.0194489 0.0870585 0.125956
731 0.103813 0.0197815 0.0840317 0.123595
732 0.10407 0.020572 0.0834977 0.124642
733 0.10608 0.0189265 0.0871532 0.125006
734 0.10871 0.0173443 0.0913655 0.126054
735 0.107705 0.0174938 0.0902111 0.125199
736 0.113393 0.0137731 0.0996196 0.127166
737 0.113264 0.0137198 0.0995445 0.126984
738 0.112473 0.0136823 0.0987909 0.126155
739 0.112601 0.0128247 0.0997768 0.125426
740 0.113029 0.0136442 0.0993849 0.126673
741 0.111083 0.015767 0.0953163 0.12685
742 0.109907 0.0151622 0.0947451 0.125069
743 0.10918 0.017183 0.0919972 0.126363
744 0.110912 0.0157225 0.0951897 0.126635
745 0.11042 0.0159668 0.0944536 0.126387
746 0.109971 0.0156397 0.0943317 0.125611
747 0.112495 0.012378 0.100117 0.124873
748 0.10886 0.0173306 0.091529 0.12619
749 0.106999 0.0177163 0.0892829 0.124715
750 0.10809 0.0180802 0.0900096 0.12617
751 0.109137 0.0186546 0.0904829 0.127792
752 0.110934 0.016268 0.0946657 0.127202
753 0.11521 0.0100798 0.10513 0.12529
754 0.115937 0.0117818 0.104155 0.127719
755 0.113478 0.0127182 0.10076 0.126196
756 0.113906 0.0118695 0.102036 0.125775
757 0.112879 0.0128392 0.10004 0.125719
758 0.112152 0.0135418 0.0986107 0.125694
759 0.11211 0.0132823 0.0988274 0.125392
760 0.112922 0.0136786 0.0992436 0.126601
761 0.115125 0.00999157 0.105133 0.125116
762 0.110078 0.0168538 0.0932245 0.126932
763 0.10779 0.0191523 0.0886381 0.126943
764 0.108753 0.0178574 0.0908952 0.12661
765 0.10794 0.0189834 0.0889566 0.126923
766 0.109415 0.0182931 0.0911224 0.127709
767 0.112131 0.0152479 0.0968832 0.127379
768 0.115552 0.0144707 0.101082 0.130023
769 0.108068 0.0177567 0.0903116 0.125825
770 0.107512 0.0198168 0.0876956 0.127329
771 0.108282 0.0195713 0.0887109 0.127853
772 0.112794 0.0166318 0.0961621 0.129426
773 0.115809 0.015483 0.100326 0.131292
774 0.110228 0.0165927 0.0936353 0.126821
775 0.111447 0.0157835 0.0956633 0.12723
776 0.111276 0.0187245 0.0925512 0.13
777 0.110335 0.0179595 0.0923755 0.128294
778 0.110656 0.0204457 0.09021 0.131101
779 0.10886 0.0176811 0.0911784 0.126541
780 0.110592 0.0159461 0.0946454 0.126538
781 0.113222 0.0131123 0.100109 0.126334
782 0.112559 0.0136807 0.098878 0.126239
783 0.111853 0.0154036 0.0964495 0.127257
784 0.113735 0.0127248 0.10101 0.12646
785 0.117691 0.00981242 0.107878 0.127503
786 0.116322 0.00990462 0.106417 0.126227
787 0.111917 0.0123251 0.0995921 0.124242
788 0.108047 0.0140218 0.0940252 0.122069
789 0.112559 0.0155431 0.0970156 0.128102
790 0.112281 0.0148178 0.097463 0.127099
791 0.11243 0.0151651 0.0972653 0.127596
792 0.114483 0.013355 0.101128 0.127838
793 0.11412 0.0131508 0.100969 0.12727
794 0.114269 0.012765 0.101504 0.127034
795 0.118396 0.0124684 0.105928 0.130865
796 0.119465 0.0244203 0.0950451 0.143886
797 0.109779 0.012944 0.096835 0.122723
798 0.112131 0.00968768 0.102443 0.121819
799 0.110656 0.011495 0.0991607 0.122151
