# ../output/graphs/perf_parallel60QUADRUPED_thread2
# step - mean (0.289253) - standard deviation (0.0282406) r=20 - ylow - yhigh
0 0.281941 0.0472167 0.234725 0.329158
1 0.276221 0.0119458 0.264275 0.288167
2 0.283428 0.0288547 0.254573 0.312282
3 0.276761 0.0113988 0.265362 0.28816
4 0.276821 0.0115485 0.265273 0.28837
5 0.27583 0.00944621 0.266384 0.285277
6 0.280935 0.0130501 0.267885 0.293985
7 0.278518 0.0153953 0.263123 0.293913
8 0.281956 0.0142675 0.267689 0.296224
9 0.27514 0.0136844 0.261455 0.288824
10 0.27529 0.0105887 0.264701 0.285879
11 0.28035 0.0185734 0.261776 0.298923
12 0.278773 0.0135524 0.265221 0.292326
13 0.283848 0.0225002 0.261348 0.306348
14 0.285049 0.0157298 0.269319 0.300779
15 0.271927 0.00897833 0.262948 0.280905
16 0.281866 0.0175129 0.264353 0.299379
17 0.28071 0.0147033 0.266007 0.295413
18 0.281611 0.0165994 0.265012 0.29821
19 0.279074 0.0155894 0.263484 0.294663
20 0.270771 0.0062241 0.264546 0.276995
21 0.278113 0.015792 0.262321 0.293905
22 0.276356 0.00901972 0.267336 0.285376
23 0.28601 0.0203315 0.265679 0.306342
24 0.286581 0.0155885 0.270992 0.302169
25 0.282512 0.0148443 0.267668 0.297356
26 0.285154 0.0268785 0.258276 0.312033
27 0.285109 0.0216981 0.263411 0.306807
28 0.286731 0.0169461 0.269785 0.303677
29 0.283263 0.0134179 0.269845 0.296681
30 0.284434 0.0213424 0.263091 0.305776
31 0.287977 0.0156228 0.272354 0.3036
32 0.291746 0.0136 0.278146 0.305346
33 0.285004 0.0146453 0.270359 0.29965
34 0.289193 0.021928 0.267265 0.311121
35 0.297992 0.0316436 0.266348 0.329635
36 0.287407 0.0099195 0.277487 0.297326
37 0.341083 0.222674 0.118409 0.563757
38 0.289629 0.021129 0.2685 0.310758
39 0.291265 0.0218889 0.269376 0.313154
40 0.289073 0.0141997 0.274873 0.303273
41 0.286926 0.0219124 0.265014 0.308838
42 0.279884 0.0107273 0.269157 0.290612
43 0.28628 0.0133793 0.272901 0.29966
44 0.292466 0.0164542 0.276012 0.308921
45 0.287917 0.013019 0.274898 0.300936
46 0.283563 0.0112085 0.272354 0.294771
47 0.278893 0.0107043 0.268189 0.289598
48 0.288337 0.0231491 0.265188 0.311487
49 0.28577 0.0235801 0.26219 0.30935
50 0.280545 0.0162885 0.264256 0.296833
51 0.282167 0.0191612 0.263005 0.301328
52 0.274749 0.00857716 0.266172 0.283327
53 0.274254 0.00866327 0.265591 0.282917
54 0.285019 0.0242367 0.260783 0.309256
55 0.286386 0.0342164 0.252169 0.320602
56 0.283398 0.0116692 0.271729 0.295067
57 0.288352 0.0257416 0.262611 0.314094
58 0.276431 0.014033 0.262398 0.290464
59 0.287842 0.0290857 0.258756 0.316928
60 0.278818 0.00999132 0.268827 0.28881
61 0.278788 0.0118974 0.266891 0.290686
62 0.273969 0.0094423 0.264526 0.283411
63 0.279749 0.0136215 0.266128 0.293371
64 0.284704 0.0120201 0.272684 0.296724
65 0.277182 0.0133433 0.263838 0.290525
66 0.279899 0.0109624 0.268937 0.290862
67 0.279689 0.00971767 0.269971 0.289407
68 0.283533 0.0125615 0.270971 0.296094
69 0.287512 0.0338811 0.253631 0.321393
70 0.285785 0.0204232 0.265362 0.306208
71 0.288277 0.0131898 0.275088 0.301467
72 0.302286 0.0163844 0.285901 0.31867
73 0.294974 0.014549 0.280425 0.309523
74 0.292992 0.0140521 0.27894 0.307044
75 0.299478 0.0140203 0.285458 0.313499
76 0.30146 0.0235548 0.277905 0.325015
77 0.298442 0.0147546 0.283688 0.313197
78 0.292887 0.0147305 0.278156 0.307617
79 0.30137 0.0343043 0.267066 0.335674
80 0.296791 0.0198566 0.276934 0.316647
81 0.294719 0.017875 0.276844 0.312594
82 0.29571 0.0213144 0.274395 0.317024
83 0.301175 0.0283827 0.272792 0.329557
84 0.298772 0.0195138 0.279259 0.318286
85 0.293953 0.0141932 0.27976 0.308146
86 0.298217 0.0119468 0.28627 0.310164
87 0.296265 0.014264 0.282001 0.310529
88 0.294433 0.0188957 0.275538 0.313329
89 0.302856 0.0203233 0.282533 0.32318
90 0.294238 0.0135471 0.280691 0.307785
91 0.29595 0.020033 0.275917 0.315983
92 0.289869 0.0120543 0.277815 0.301923
93 0.304508 0.020693 0.283815 0.325201
94 0.299763 0.0232938 0.27647 0.323057
95 0.292436 0.0117904 0.280646 0.304227
96 0.302601 0.0168513 0.28575 0.319452
97 0.297842 0.0158527 0.281989 0.313694
98 0.297226 0.0192868 0.277939 0.316513
99 0.299523 0.0257324 0.273791 0.325256
100 0.298022 0.0191349 0.278887 0.317157
101 0.300514 0.029167 0.271347 0.329681
102 0.297962 0.0177719 0.28019 0.315734
103 0.294163 0.0200874 0.274076 0.31425
104 0.29637 0.014394 0.281976 0.310764
105 0.292647 0.0109539 0.281693 0.303601
106 0.297691 0.0197023 0.277989 0.317394
107 0.29077 0.0148539 0.275916 0.305624
108 0.290244 0.0138392 0.276405 0.304083
109 0.294013 0.0143907 0.279622 0.308404
110 0.295259 0.0216654 0.273594 0.316924
111 0.29104 0.0178919 0.273148 0.308932
112 0.291941 0.0141 0.277841 0.306041
113 0.29086 0.0130384 0.277822 0.303898
114 0.292466 0.0115463 0.28092 0.304013
115 0.30143 0.0185397 0.28289 0.31997
116 0.287542 0.0165784 0.270963 0.30412
117 0.287046 0.0154507 0.271595 0.302497
118 0.289899 0.0179108 0.271988 0.30781
119 0.289449 0.0208861 0.268562 0.310335
120 0.287722 0.0111327 0.276589 0.298855
121 0.294568 0.0271077 0.267461 0.321676
122 0.292136 0.0153239 0.276812 0.30746
123 0.286641 0.0171579 0.269483 0.303799
124 0.298818 0.0233749 0.275443 0.322192
125 0.288578 0.0192255 0.269352 0.307803
126 0.294043 0.0180462 0.275997 0.312089
127 0.288893 0.0185009 0.270392 0.307394
128 0.288082 0.011469 0.276613 0.299551
129 0.287917 0.0181995 0.269718 0.306117
130 0.293487 0.0268991 0.266588 0.320387
131 0.285004 0.00874913 0.276255 0.293753
132 0.286551 0.0108291 0.275722 0.29738
133 0.292001 0.0178616 0.274139 0.309863
134 0.29616 0.0254359 0.270724 0.321596
135 0.289163 0.00944526 0.279718 0.298608
136 0.29092 0.0127223 0.278198 0.303642
137 0.288833 0.0113015 0.277531 0.300134
138 0.292572 0.0150514 0.27752 0.307623
139 0.300154 0.0452616 0.254892 0.345415
140 0.298772 0.0335407 0.265232 0.332313
141 0.293592 0.020125 0.273468 0.313717
142 0.288788 0.0181107 0.270677 0.306899
143 0.297226 0.0234273 0.273799 0.320653
144 0.292271 0.0224391 0.269832 0.31471
145 0.292782 0.0156381 0.277144 0.30842
146 0.282602 0.00812941 0.274473 0.290731
147 0.279689 0.00705609 0.272633 0.286745
148 0.290259 0.0197734 0.270486 0.310033
149 0.281311 0.0157082 0.265602 0.297019
150 0.278683 0.0120892 0.266594 0.290772
151 0.287226 0.0176634 0.269563 0.30489
152 0.282542 0.0213243 0.261218 0.303866
153 0.311129 0.102964 0.208165 0.414094
154 0.285905 0.0134078 0.272497 0.299313
155 0.282377 0.0116998 0.270677 0.294077
156 0.290004 0.0165791 0.273425 0.306583
157 0.282091 0.0134301 0.268661 0.295522
158 0.279674 0.0100744 0.2696 0.289748
159 0.289298 0.029286 0.260012 0.318584
160 0.286025 0.0121832 0.273842 0.298208
161 0.306054 0.0507476 0.255307 0.356802
162 0.284329 0.0116832 0.272645 0.296012
163 0.295019 0.0207107 0.274308 0.31573
164 0.294749 0.0176904 0.277058 0.312439
165 0.287692 0.011 0.276692 0.298692
166 0.288292 0.0183003 0.269992 0.306593
167 0.28595 0.0140867 0.271863 0.300037
168 0.288262 0.0157239 0.272538 0.303986
169 0.292031 0.0230665 0.268964 0.315098
170 0.279479 0.0139723 0.265507 0.293451
171 0.289088 0.0155415 0.273547 0.30463
172 0.294193 0.0266472 0.267546 0.32084
173 0.280935 0.0100255 0.27091 0.290961
174 0.29092 0.0251007 0.265819 0.316021
175 0.283022 0.0167691 0.266253 0.299791
176 0.278338 0.0113793 0.266959 0.289717
177 0.276911 0.0117552 0.265156 0.288667
178 0.278533 0.0118004 0.266733 0.290333
179 0.284599 0.0150935 0.269505 0.299692
180 0.282872 0.0179079 0.264964 0.30078
181 0.285124 0.017499 0.267625 0.302623
182 0.286851 0.0294398 0.257411 0.316291
183 0.279749 0.0106864 0.269063 0.290436
184 0.280034 0.0181464 0.261888 0.298181
185 0.328156 0.216091 0.112065 0.544246
186 0.276761 0.0116778 0.265083 0.288439
187 0.281806 0.0166601 0.265146 0.298466
188 0.27517 0.0136297 0.26154 0.288799
189 0.280335 0.0167093 0.263625 0.297044
190 0.285199 0.0226566 0.262543 0.307856
191 0.278308 0.0154147 0.262893 0.293722
192 0.281491 0.00822013 0.273271 0.289711
193 0.299403 0.077029 0.222374 0.376432
194 0.277842 0.0149618 0.262881 0.292804
195 0.290274 0.0227228 0.267551 0.312997
196 0.289118 0.0224861 0.266632 0.311604
197 0.287467 0.0155235 0.271943 0.30299
198 0.293743 0.0408891 0.252854 0.334632
199 0.28074 0.0121009 0.268639 0.292841
200 0.287136 0.008353 0.278783 0.295489
201 0.289328 0.0108173 0.278511 0.300146
202 0.29086 0.0132605 0.277599 0.30412
203 0.289854 0.0155069 0.274347 0.305361
204 0.290364 0.0120485 0.278316 0.302413
205 0.293968 0.0153601 0.278608 0.309328
206 0.290364 0.0146882 0.275676 0.305053
207 0.291175 0.0122481 0.278927 0.303423
208 0.288878 0.0130475 0.27583 0.301926
209 0.291746 0.0167725 0.274973 0.308518
210 0.291641 0.0112789 0.280362 0.302919
211 0.302571 0.0208173 0.281754 0.323388
212 0.283893 0.00721844 0.276675 0.291112
213 0.299808 0.0125679 0.287241 0.312376
214 0.287392 0.0123632 0.275028 0.299755
215 0.283788 0.0322463 0.251542 0.316034
216 0.287707 0.0105144 0.277192 0.298221
217 0.29101 0.0148653 0.276145 0.305875
218 0.292977 0.0161789 0.276798 0.309156
219 0.290605 0.0130447 0.27756 0.303649
220 0.289884 0.0147381 0.275146 0.304622
221 0.294974 0.0290442 0.26593 0.324018
222 0.29116 0.0162815 0.274879 0.307442
223 0.287902 0.0102622 0.27764 0.298164
224 0.296625 0.0154448 0.281181 0.31207
225 0.292256 0.0167684 0.275488 0.309025
226 0.294298 0.0177482 0.27655 0.312046
227 0.298712 0.026881 0.271831 0.325593
228 0.285139 0.0113613 0.273778 0.296501
229 0.293608 0.0137901 0.279817 0.307398
230 0.288277 0.0109018 0.277376 0.299179
231 0.286341 0.0104129 0.275928 0.296753
232 0.289824 0.0156217 0.274202 0.305446
233 0.290214 0.0175946 0.27262 0.307809
234 0.284043 0.00872281 0.27532 0.292766
235 0.294598 0.0221273 0.272471 0.316726
236 0.294764 0.0179774 0.276786 0.312741
237 0.299688 0.020743 0.278945 0.320431
238 0.292496 0.0129774 0.279519 0.305474
239 0.297151 0.0215405 0.27561 0.318691
240 0.293472 0.0208317 0.272641 0.314304
241 0.291881 0.00912256 0.282758 0.301003
242 0.295965 0.0218336 0.274131 0.317798
243 0.292962 0.0188999 0.274062 0.311862
244 0.283022 0.0101605 0.272862 0.293183
245 0.290875 0.022385 0.26849 0.31326
246 0.286746 0.0104079 0.276338 0.297154
247 0.278998 0.00663897 0.272359 0.285637
248 0.291325 0.0175684 0.273757 0.308894
249 0.286821 0.016901 0.26992 0.303722
250 0.286596 0.0232316 0.263364 0.309827
251 0.285425 0.0171498 0.268275 0.302574
252 0.283248 0.0155508 0.267697 0.298798
253 0.276491 0.0124665 0.264025 0.288958
254 0.287542 0.0320457 0.255496 0.319587
255 0.283172 0.0285208 0.254652 0.311693
256 0.28529 0.0160862 0.269203 0.301376
257 0.284719 0.012033 0.272686 0.296752
258 0.290905 0.0233205 0.267584 0.314225
259 0.28622 0.0154324 0.270788 0.301653
260 0.281371 0.0121778 0.269193 0.293549
261 0.288878 0.017064 0.271814 0.305942
262 0.287256 0.0212197 0.266037 0.308476
263 0.283067 0.0116983 0.271369 0.294766
264 0.291505 0.0248774 0.266628 0.316383
265 0.275785 0.0131145 0.262671 0.2889
266 0.277032 0.0115361 0.265495 0.288568
267 0.282136 0.0242051 0.257931 0.306342
268 0.279209 0.0143617 0.264847 0.29357
269 0.286596 0.0287954 0.2578 0.315391
270 0.281746 0.0179056 0.26384 0.299652
271 0.275305 0.0158812 0.259424 0.291186
272 0.278728 0.0110796 0.267649 0.289808
273 0.277587 0.0134268 0.26416 0.291014
274 0.279914 0.017035 0.262879 0.296949
275 0.276326 0.0103426 0.265983 0.286668
276 0.277827 0.0142824 0.263545 0.29211
277 0.278488 0.0142744 0.264214 0.292762
278 0.276056 0.0125228 0.263533 0.288578
279 0.277872 0.0165775 0.261295 0.29445
280 0.306205 0.132808 0.173396 0.439013
281 0.281146 0.0182663 0.262879 0.299412
282 0.279224 0.0148542 0.264369 0.294078
283 0.281866 0.0205395 0.261327 0.302406
284 0.287932 0.0210451 0.266887 0.308977
285 0.283278 0.0129585 0.270319 0.296236
286 0.292857 0.025693 0.267164 0.31855
287 0.287722 0.01555 0.272172 0.303272
288 0.300469 0.0203746 0.280094 0.320844
289 0.287422 0.0137006 0.273721 0.301122
290 0.300379 0.0262373 0.274142 0.326616
291 0.302046 0.0386444 0.263401 0.34069
292 0.285755 0.0145674 0.271188 0.300322
293 0.294253 0.0180917 0.276161 0.312345
294 0.300259 0.0285668 0.271692 0.328826
295 0.302016 0.0911774 0.210838 0.393193
296 0.286265 0.0239148 0.262351 0.31018
297 0.28574 0.0153516 0.270388 0.301092
298 0.288908 0.0130347 0.275873 0.301943
299 0.288998 0.0119428 0.277055 0.300941
300 0.293037 0.0152665 0.277771 0.308303
301 0.288217 0.016347 0.27187 0.304564
302 0.285049 0.0105396 0.27451 0.295589
303 0.287887 0.0205647 0.267322 0.308452
304 0.282887 0.0116783 0.271209 0.294565
305 0.280665 0.00776889 0.272896 0.288434
306 0.290169 0.0231789 0.26699 0.313348
307 0.287797 0.0180742 0.269723 0.305871
308 0.28556 0.014537 0.271023 0.300097
309 0.282767 0.00964216 0.273125 0.292409
310 0.291626 0.0309396 0.260686 0.322565
311 0.282602 0.0172199 0.265382 0.299822
312 0.285695 0.0199972 0.265698 0.305692
313 0.278278 0.00811008 0.270168 0.286388
314 0.289899 0.0288402 0.261059 0.318739
315 0.281896 0.0113832 0.270513 0.293279
316 0.286761 0.0136542 0.273107 0.300415
317 0.2808 0.0103205 0.27048 0.291121
318 0.290605 0.0286791 0.261926 0.319284
319 0.28535 0.0232678 0.262082 0.308617
320 0.29104 0.0144094 0.276631 0.305449
321 0.281971 0.0107937 0.271178 0.292765
322 0.285214 0.0197698 0.265445 0.304984
323 0.291926 0.0138404 0.278085 0.305766
324 0.294944 0.0195936 0.27535 0.314537
325 0.340693 0.220309 0.120384 0.561002
326 0.284193 0.00995828 0.274235 0.294152
327 0.300379 0.0131981 0.287181 0.313577
328 0.298187 0.0214409 0.276746 0.319628
329 0.291686 0.0110249 0.280661 0.302711
330 0.30622 0.026605 0.279615 0.332825
331 0.298112 0.0172529 0.280859 0.315365
332 0.299058 0.0195859 0.279472 0.318644
333 0.29092 0.00856513 0.282355 0.299485
334 0.29604 0.0167262 0.279314 0.312766
335 0.298337 0.0195968 0.27874 0.317934
336 0.299823 0.0196173 0.280206 0.319441
337 0.298727 0.0238862 0.274841 0.322614
338 0.304193 0.0205789 0.283614 0.324772
339 0.295905 0.0152005 0.280704 0.311105
340 0.29122 0.0154156 0.275805 0.306636
341 0.297406 0.0233756 0.274031 0.320782
342 0.293007 0.0135489 0.279458 0.306556
343 0.293262 0.015314 0.277948 0.308576
344 0.302796 0.0204836 0.282313 0.32328
345 0.300799 0.022695 0.278104 0.323494
346 0.294418 0.016952 0.277466 0.31137
347 0.296941 0.0256789 0.271262 0.32262
348 0.297106 0.0295787 0.267527 0.326685
349 0.299118 0.0241504 0.274967 0.323268
350 0.292196 0.0131708 0.279025 0.305367
351 0.293713 0.0141072 0.279605 0.30782
352 0.296505 0.0174593 0.279046 0.313965
353 0.298367 0.0146848 0.283682 0.313052
354 0.293577 0.0146719 0.278906 0.308249
355 0.297466 0.0208744 0.276592 0.318341
356 0.298757 0.0237405 0.275017 0.322498
357 0.296265 0.0193807 0.276884 0.315646
358 0.294523 0.0150047 0.279519 0.309528
359 0.292767 0.0108593 0.281907 0.303626
360 0.293698 0.015205 0.278493 0.308903
361 0.297181 0.0174194 0.279762 0.3146
362 0.29622 0.0126896 0.28353 0.30891
363 0.291536 0.0124434 0.279092 0.303979
364 0.294043 0.0143724 0.279671 0.308415
365 0.291295 0.0137191 0.277576 0.305014
366 0.297031 0.0285159 0.268515 0.325547
367 0.296715 0.0196818 0.277034 0.316397
368 0.290364 0.0175715 0.272793 0.307936
369 0.293803 0.015796 0.278007 0.309599
370 0.291205 0.0118874 0.279318 0.303093
371 0.285965 0.0146442 0.271321 0.300609
372 0.293848 0.0170718 0.276776 0.310919
373 0.289118 0.02302 0.266098 0.312138
374 0.290034 0.0156258 0.274408 0.30566
375 0.288172 0.0232979 0.264874 0.31147
376 0.288668 0.0171665 0.271501 0.305834
377 0.288352 0.0167032 0.271649 0.305056
378 0.326249 0.195458 0.130791 0.521707
379 0.284614 0.0114231 0.273191 0.296037
380 0.288157 0.0128818 0.275275 0.301039
381 0.286205 0.011534 0.274671 0.297739
382 0.280305 0.0104146 0.26989 0.290719
383 0.287031 0.0206417 0.266389 0.307673
384 0.287001 0.0122321 0.274769 0.299233
385 0.289734 0.0117766 0.277957 0.30151
386 0.288292 0.00877567 0.279517 0.297068
387 0.295604 0.0166549 0.27895 0.312259
388 0.288337 0.0154135 0.272924 0.303751
389 0.298908 0.0365547 0.262353 0.335462
390 0.292857 0.0218033 0.271053 0.31466
391 0.294253 0.0147297 0.279523 0.308983
392 0.288007 0.0206864 0.267321 0.308694
393 0.289013 0.0155422 0.273471 0.304555
394 0.289764 0.01718 0.272584 0.306944
395 0.287692 0.0225873 0.265104 0.310279
396 0.293292 0.0497079 0.243584 0.343
397 0.278788 0.00791955 0.270869 0.286708
398 0.278878 0.0089409 0.269937 0.287819
399 0.288923 0.0190326 0.26989 0.307956
400 0.278728 0.00777719 0.270951 0.286505
401 0.287707 0.01984 0.267867 0.307547
402 0.284509 0.0168297 0.267679 0.301338
403 0.280079 0.00779312 0.272286 0.287873
404 0.282617 0.0123908 0.270226 0.295008
405 0.359386 0.242572 0.116814 0.601958
406 0.28104 0.011822 0.269218 0.292862
407 0.282932 0.015286 0.267646 0.298218
408 0.280215 0.0127799 0.267435 0.292994
409 0.291821 0.0253917 0.266429 0.317212
410 0.284344 0.0135696 0.270774 0.297913
411 0.284329 0.0112615 0.273067 0.29559
412 0.289554 0.0169699 0.272584 0.306523
413 0.286446 0.0158881 0.270558 0.302334
414 0.291505 0.0140707 0.277435 0.305576
415 0.286821 0.0124471 0.274374 0.299268
416 0.297541 0.0165985 0.280943 0.31414
417 0.29655 0.0183836 0.278167 0.314934
418 0.29134 0.0222154 0.269125 0.313556
419 0.298968 0.029569 0.269399 0.328537
420 0.285169 0.00871266 0.276457 0.293882
421 0.297917 0.0181214 0.279795 0.316038
422 0.28601 0.00805898 0.277951 0.294069
423 0.290965 0.0208073 0.270158 0.311772
424 0.288698 0.011423 0.277275 0.300121
425 0.296505 0.038274 0.258231 0.334779
426 0.292316 0.0145934 0.277723 0.30691
427 0.288022 0.0133361 0.274686 0.301358
428 0.284674 0.0155612 0.269113 0.300235
429 0.2861 0.0169736 0.269127 0.303074
430 0.290124 0.0192132 0.270911 0.309337
431 0.290409 0.0175472 0.272862 0.307957
432 0.290319 0.0171316 0.273188 0.307451
433 0.28017 0.0127667 0.267403 0.292936
434 0.284238 0.0161489 0.26809 0.300387
435 0.284689 0.0161438 0.268545 0.300833
436 0.285199 0.0175632 0.267636 0.302763
437 0.295214 0.0331808 0.262033 0.328395
438 0.286295 0.0144842 0.271811 0.30078
439 0.290094 0.0207314 0.269363 0.310825
440 0.285305 0.0232781 0.262026 0.308583
441 0.283818 0.0141245 0.269694 0.297943
442 0.298637 0.0637387 0.234899 0.362376
443 0.281311 0.0155863 0.265724 0.296897
444 0.283398 0.0137324 0.269665 0.29713
445 0.289629 0.0214673 0.268161 0.311096
446 0.291265 0.0202053 0.27106 0.311471
447 0.285169 0.0180409 0.267128 0.30321
448 0.29056 0.0188672 0.271692 0.309427
449 0.297166 0.036139 0.261027 0.333305
450 0.285755 0.00903585 0.276719 0.294791
451 0.290995 0.0187637 0.272231 0.309759
452 0.292797 0.018437 0.27436 0.311234
453 0.292572 0.0181517 0.27442 0.310723
454 0.299538 0.0332041 0.266334 0.332742
455 0.298667 0.0184665 0.280201 0.317134
456 0.297181 0.0108663 0.286315 0.308047
457 0.295184 0.0148732 0.280311 0.310057
458 0.300679 0.0215253 0.279154 0.322205
459 0.294824 0.0128738 0.28195 0.307698
460 0.292391 0.0108154 0.281576 0.303207
461 0.300784 0.0211358 0.279649 0.32192
462 0.295409 0.0146727 0.280737 0.310082
463 0.298172 0.0189731 0.279199 0.317145
464 0.295439 0.014836 0.280603 0.310275
465 0.298502 0.0225172 0.275985 0.321019
466 0.298938 0.0193339 0.279604 0.318272
467 0.302466 0.029697 0.272769 0.332163
468 0.292436 0.0159293 0.276507 0.308366
469 0.292842 0.014644 0.278198 0.307486
470 0.300379 0.0252821 0.275097 0.325661
471 0.317225 0.106774 0.210451 0.423999
472 0.291941 0.0126102 0.279331 0.304551
473 0.298682 0.0208836 0.277799 0.319566
474 0.293788 0.0182494 0.275538 0.312037
475 0.294388 0.0167994 0.277589 0.311188
476 0.3014 0.0231669 0.278233 0.324567
477 0.301986 0.0175781 0.284407 0.319564
478 0.292782 0.0132243 0.279557 0.306006
479 0.304073 0.0467623 0.25731 0.350835
480 0.300259 0.0114125 0.288846 0.311671
481 0.296505 0.0151458 0.281359 0.311651
482 0.298082 0.0186927 0.279389 0.316774
483 0.307646 0.0470027 0.260643 0.354649
484 0.298682 0.0154084 0.283274 0.314091
485 0.297061 0.013685 0.283376 0.310746
486 0.299823 0.0227954 0.277028 0.322619
487 0.292511 0.0137786 0.278733 0.30629
488 0.297076 0.0224298 0.274646 0.319506
489 0.291986 0.0126137 0.279372 0.3046
490 0.292316 0.017589 0.274727 0.309905
491 0.290995 0.015776 0.275219 0.306771
492 0.307496 0.0708678 0.236628 0.378364
493 0.293442 0.0166026 0.27684 0.310045
494 0.292016 0.0184265 0.27359 0.310442
495 0.288893 0.00732574 0.281567 0.296219
496 0.291145 0.0124236 0.278722 0.303569
497 0.292316 0.0178379 0.274478 0.310154
498 0.289449 0.0166778 0.272771 0.306126
499 0.285049 0.0128262 0.272223 0.297875
500 0.283623 0.010176 0.273447 0.293799
501 0.290725 0.0276444 0.26308 0.318369
502 0.288848 0.0162434 0.272605 0.305091
503 0.284359 0.0091455 0.275213 0.293504
504 0.289103 0.0168234 0.27228 0.305927
505 0.284959 0.0126644 0.272295 0.297624
506 0.287091 0.0156001 0.271491 0.302691
507 0.283593 0.0114875 0.272105 0.29508
508 0.290079 0.0232675 0.266812 0.313347
509 0.282392 0.0142029 0.268189 0.296595
510 0.282182 0.0153727 0.266809 0.297554
511 0.286356 0.0150122 0.271343 0.301368
512 0.292707 0.0097877 0.282919 0.302494
513 0.285485 0.0104357 0.275049 0.29592
514 0.288773 0.018908 0.269865 0.307681
515 0.293082 0.0154168 0.277665 0.308499
516 0.296505 0.0151753 0.28133 0.311681
517 0.284088 0.0171815 0.266907 0.30127
518 0.287902 0.0173272 0.270575 0.305229
519 0.292632 0.0199446 0.272687 0.312576
520 0.288292 0.0196269 0.268665 0.307919
521 0.281146 0.0113884 0.269757 0.292534
522 0.282242 0.0135779 0.268664 0.295819
523 0.289914 0.0303133 0.259601 0.320227
524 0.279779 0.00942883 0.27035 0.289208
525 0.281641 0.0122181 0.269423 0.293859
526 0.283578 0.0136977 0.26988 0.297276
527 0.284148 0.0129542 0.271194 0.297103
528 0.287346 0.0229046 0.264442 0.310251
529 0.2805 0.0117301 0.26877 0.29223
530 0.28077 0.0101802 0.27059 0.29095
531 0.285725 0.019765 0.26596 0.30549
532 0.279764 0.0178987 0.261866 0.297663
533 0.282842 0.018581 0.264261 0.301423
534 0.284148 0.0193971 0.264751 0.303546
535 0.288548 0.02506 0.263488 0.313608
536 0.287196 0.0178323 0.269364 0.305029
537 0.287842 0.0166825 0.271159 0.304524
538 0.289088 0.0133519 0.275736 0.30244
539 0.285785 0.0129734 0.272812 0.298758
540 0.283998 0.010193 0.273805 0.294191
541 0.289779 0.0144866 0.275292 0.304265
542 0.292166 0.0391958 0.25297 0.331362
543 0.292361 0.0189159 0.273445 0.311277
544 0.295484 0.0123122 0.283172 0.307797
545 0.291475 0.0260785 0.265397 0.317554
546 0.289974 0.0159406 0.274033 0.305915
547 0.294809 0.0203951 0.274414 0.315204
548 0.292962 0.0108493 0.282113 0.303811
549 0.295454 0.0202616 0.275193 0.315716
550 0.289599 0.0170278 0.272571 0.306626
551 0.293698 0.0195279 0.27417 0.313225
552 0.294583 0.0308834 0.2637 0.325467
553 0.287301 0.0102398 0.277062 0.297541
554 0.287286 0.0113722 0.275914 0.298659
555 0.297691 0.028719 0.268972 0.32641
556 0.291445 0.0179914 0.273454 0.309437
557 0.282992 0.0121152 0.270877 0.295108
558 0.283818 0.01252 0.271298 0.296338
559 0.288758 0.0165373 0.272221 0.305295
560 0.281656 0.0134991 0.268157 0.295155
561 0.2802 0.0115222 0.268677 0.291722
562 0.287452 0.0169398 0.270512 0.304391
563 0.283142 0.015214 0.267928 0.298356
564 0.28559 0.0167222 0.268868 0.302312
565 0.28062 0.0151146 0.265505 0.295735
566 0.283097 0.0140119 0.269085 0.297109
567 0.282061 0.0144576 0.267604 0.296519
568 0.282482 0.0185133 0.263969 0.300995
569 0.284554 0.0165762 0.267978 0.30113
570 0.283398 0.0156617 0.267736 0.299059
571 0.286866 0.0302142 0.256652 0.31708
572 0.292872 0.0236865 0.269185 0.316558
573 0.281956 0.0138056 0.268151 0.295762
574 0.291415 0.0246852 0.26673 0.316101
575 0.280605 0.016819 0.263786 0.297424
576 0.288998 0.0135514 0.275447 0.30255
577 0.283398 0.0151203 0.268277 0.298518
578 0.2914 0.0132248 0.278176 0.304625
579 0.283218 0.0117828 0.271435 0.295
580 0.288848 0.0179069 0.270941 0.306755
581 0.281371 0.0122037 0.269167 0.293574
582 0.293457 0.0114822 0.281975 0.30494
583 0.293743 0.0132228 0.28052 0.306965
584 0.289794 0.0126037 0.27719 0.302398
585 0.297616 0.0154539 0.282162 0.31307
586 0.29637 0.0120672 0.284303 0.308437
587 0.296175 0.0148499 0.281325 0.311025
588 0.293217 0.0125388 0.280678 0.305756
589 0.299839 0.0184968 0.281342 0.318335
590 0.295394 0.0143122 0.281082 0.309706
591 0.292226 0.0133904 0.278836 0.305617
592 0.296911 0.0145595 0.282351 0.31147
593 0.295139 0.0109403 0.284199 0.306079
594 0.29652 0.0132901 0.28323 0.30981
595 0.296776 0.0200763 0.276699 0.316852
596 0.292166 0.0143416 0.277825 0.306508
597 0.296715 0.0148508 0.281865 0.311566
598 0.286941 0.0106166 0.276324 0.297558
599 0.289944 0.0172454 0.272699 0.307189
600 0.291671 0.0158958 0.275775 0.307566
601 0.29107 0.0157788 0.275291 0.306849
602 0.295019 0.0203921 0.274627 0.315411
603 0.29074 0.0122974 0.278442 0.303037
604 0.285004 0.00967094 0.275333 0.294675
605 0.2914 0.0175979 0.273802 0.308998
606 0.291521 0.0164704 0.27505 0.307991
607 0.29628 0.0320105 0.26427 0.328291
608 0.29616 0.0127097 0.28345 0.30887
609 0.293698 0.0147898 0.278908 0.308487
610 0.300529 0.0206767 0.279852 0.321206
611 0.293878 0.0155474 0.27833 0.309425
612 0.289238 0.012191 0.277047 0.301429
613 0.294193 0.0162237 0.277969 0.310417
614 0.29104 0.013446 0.277594 0.304486
615 0.289418 0.0141661 0.275252 0.303585
616 0.304718 0.0662398 0.238478 0.370958
617 0.287091 0.0146689 0.272422 0.30176
618 0.292286 0.0149541 0.277332 0.30724
619 0.283293 0.00977088 0.273522 0.293063
620 0.286986 0.0118198 0.275166 0.298806
621 0.293022 0.0276239 0.265398 0.320646
622 0.286671 0.0109999 0.275671 0.297671
623 0.28631 0.0083788 0.277932 0.294689
624 0.282827 0.00994327 0.272884 0.29277
625 0.293502 0.0318744 0.261628 0.325377
626 0.283998 0.0129619 0.271036 0.29696
627 0.283233 0.0125579 0.270675 0.29579
628 0.284269 0.0196262 0.264642 0.303895
629 0.282182 0.012581 0.2696 0.294763
630 0.279689 0.0121323 0.267557 0.291821
631 0.276641 0.0137419 0.262899 0.290383
632 0.281431 0.0139085 0.267522 0.295339
633 0.289418 0.0219726 0.267446 0.311391
634 0.280725 0.0133002 0.267425 0.294025
635 0.276116 0.0111457 0.26497 0.287261
636 0.283007 0.0294181 0.253589 0.312425
637 0.276266 0.0132495 0.263016 0.289515
638 0.281941 0.0192929 0.262648 0.301234
639 0.27544 0.0104597 0.26498 0.2859
640 0.288668 0.0133735 0.275294 0.302041
641 0.286416 0.0204685 0.265947 0.306884
642 0.283608 0.0131335 0.270474 0.296741
643 0.287196 0.0146452 0.272551 0.301842
644 0.28568 0.0168079 0.268872 0.302488
645 0.286506 0.022376 0.26413 0.308882
646 0.284299 0.014835 0.269464 0.299134
647 0.284389 0.0173518 0.267037 0.30174
648 0.277542 0.00783224 0.26971 0.285374
649 0.282242 0.0134715 0.26877 0.295713
650 0.28038 0.0166938 0.263686 0.297074
651 0.280605 0.0148634 0.265742 0.295468
652 0.282902 0.0111762 0.271726 0.294078
653 0.281566 0.016992 0.264574 0.298558
654 0.272557 0.0116128 0.260944 0.28417
655 0.275981 0.0120027 0.263978 0.287983
656 0.281461 0.0167337 0.264727 0.298195
657 0.270786 0.00920074 0.261585 0.279986
658 0.271506 0.0114296 0.260077 0.282936
659 0.2749 0.0144665 0.260433 0.289366
660 0.27568 0.00874994 0.26693 0.28443
661 0.281236 0.0174171 0.263818 0.298653
662 0.279404 0.013599 0.265805 0.293003
663 0.289809 0.0552884 0.23452 0.345097
664 0.279254 0.0138239 0.26543 0.293078
665 0.288082 0.0146808 0.273401 0.302763
666 0.282362 0.0158344 0.266527 0.298196
667 0.280815 0.0115677 0.269248 0.292383
668 0.282001 0.0156752 0.266326 0.297677
669 0.281551 0.0135095 0.268041 0.29506
670 0.28044 0.0114964 0.268943 0.291936
671 0.292526 0.0196168 0.27291 0.312143
672 0.294779 0.0151613 0.279617 0.30994
673 0.28619 0.0143356 0.271855 0.300526
674 0.287587 0.0135517 0.274035 0.301138
675 0.286776 0.0137953 0.272981 0.300571
676 0.291551 0.0173976 0.274153 0.308948
677 0.29137 0.0186378 0.272733 0.310008
678 0.287497 0.00929461 0.278202 0.296791
679 0.295394 0.0337385 0.261656 0.329133
680 0.283022 0.0107868 0.272236 0.293809
681 0.285485 0.0126803 0.272804 0.298165
682 0.285605 0.0113793 0.274226 0.296984
683 0.286986 0.014567 0.272419 0.301553
684 0.292782 0.0463761 0.246406 0.339158
685 0.283518 0.0165887 0.266929 0.300106
686 0.282422 0.0153824 0.267039 0.297804
687 0.285455 0.0191791 0.266276 0.304634
688 0.288548 0.0357432 0.252804 0.324291
689 0.283803 0.0154174 0.268386 0.29922
690 0.276971 0.0120607 0.264911 0.289032
691 0.27511 0.00786979 0.26724 0.28298
692 0.287977 0.0180601 0.269917 0.306037
693 0.286055 0.0294801 0.256575 0.315535
694 0.271176 0.00959773 0.261578 0.280774
695 0.277467 0.0193597 0.258107 0.296827
696 0.278173 0.0115134 0.266659 0.289686
697 0.278713 0.0248134 0.2539 0.303527
698 0.284299 0.0193473 0.264951 0.303646
699 0.277752 0.0156924 0.26206 0.293445
700 0.281341 0.0168113 0.264529 0.298152
701 0.28538 0.021991 0.263389 0.307371
702 0.278548 0.0118164 0.266732 0.290364
703 0.284989 0.0242152 0.260774 0.309204
704 0.287091 0.0160033 0.271088 0.303095
705 0.29586 0.0265789 0.269281 0.322439
706 0.298622 0.0239248 0.274697 0.322547
707 0.288397 0.0112223 0.277175 0.29962
708 0.290725 0.0150133 0.275711 0.305738
709 0.297196 0.0280192 0.269177 0.325215
710 0.294028 0.00820744 0.28582 0.302235
711 0.296235 0.0138203 0.282415 0.310055
712 0.296896 0.0228083 0.274087 0.319704
713 0.299343 0.0205338 0.278809 0.319877
714 0.30158 0.0220253 0.279555 0.323606
715 0.30149 0.0259982 0.275492 0.327488
716 0.305364 0.0303936 0.27497 0.335757
717 0.299448 0.0277287 0.271719 0.327177
718 0.293638 0.0134109 0.280227 0.307048
719 0.295334 0.0135295 0.281805 0.308864
720 0.299989 0.032449 0.26754 0.332438
721 0.293217 0.0108331 0.282384 0.30405
722 0.291851 0.0181537 0.273697 0.310004
723 0.29116 0.0130221 0.278138 0.304182
724 0.294779 0.0208795 0.273899 0.315658
725 0.288518 0.0108946 0.277623 0.299412
726 0.291656 0.0159775 0.275678 0.307633
727 0.292752 0.0157048 0.277047 0.308457
728 0.293713 0.0127228 0.28099 0.306435
729 0.299944 0.0242499 0.275694 0.324194
730 0.294824 0.0248168 0.270007 0.31964
731 0.302481 0.0172291 0.285252 0.31971
732 0.297091 0.0202356 0.276855 0.317326
733 0.298983 0.0228313 0.276151 0.321814
734 0.294764 0.0137191 0.281045 0.308483
735 0.290019 0.0114959 0.278523 0.301515
736 0.304643 0.0226236 0.282019 0.327267
737 0.295574 0.0161811 0.279393 0.311756
738 0.309268 0.0276605 0.281607 0.336928
739 0.303532 0.0166395 0.286893 0.320172
740 0.296235 0.0126337 0.283601 0.308869
741 0.298067 0.0231829 0.274884 0.32125
742 0.295845 0.0217007 0.274144 0.317545
743 0.29637 0.0161586 0.280212 0.312529
744 0.294268 0.0169269 0.277341 0.311195
745 0.289644 0.00804554 0.281598 0.297689
746 0.288142 0.00943427 0.278708 0.297577
747 0.294644 0.0181548 0.276489 0.312798
748 0.291055 0.0161289 0.274926 0.307184
749 0.294088 0.0138424 0.280246 0.30793
750 0.303577 0.0489583 0.254619 0.352535
751 0.297676 0.0179951 0.279681 0.315672
752 0.300259 0.0333954 0.266863 0.333654
753 0.282527 0.0111731 0.271354 0.2937
754 0.284148 0.0130077 0.271141 0.297156
755 0.287226 0.019733 0.267493 0.306959
756 0.284824 0.0168222 0.268002 0.301646
757 0.28068 0.0171867 0.263493 0.297867
758 0.284854 0.0177933 0.267061 0.302647
759 0.295049 0.0366401 0.258409 0.331689
760 0.284284 0.0178112 0.266472 0.302095
761 0.281416 0.0191469 0.262269 0.300563
762 0.287166 0.018484 0.268682 0.30565
763 0.279479 0.0145344 0.264944 0.294013
764 0.292857 0.064962 0.227895 0.357819
765 0.282227 0.0206024 0.261624 0.302829
766 0.286896 0.020566 0.26633 0.307462
767 0.290995 0.0424549 0.24854 0.33345
768 0.284569 0.00746583 0.277103 0.292035
769 0.295319 0.0366534 0.258666 0.331973
770 0.285004 0.0140604 0.270944 0.299065
771 0.281326 0.0129981 0.268328 0.294324
772 0.28541 0.0117122 0.273697 0.297122
773 0.289418 0.02713 0.262288 0.316548
774 0.285124 0.0105898 0.274535 0.295714
775 0.282031 0.0134925 0.268539 0.295524
776 0.282151 0.0131684 0.268983 0.29532
777 0.285485 0.0147004 0.270784 0.300185
778 0.282932 0.012128 0.270804 0.29506
779 0.281536 0.0100507 0.271485 0.291587
780 0.292827 0.0310138 0.261813 0.323841
781 0.284614 0.0147333 0.269881 0.299347
782 0.288488 0.0259012 0.262586 0.314389
783 0.286971 0.0158921 0.271079 0.302863
784 0.282287 0.0112456 0.271041 0.293532
785 0.281206 0.0113755 0.26983 0.292581
786 0.28107 0.0176439 0.263427 0.298714
787 0.280995 0.0108781 0.270117 0.291873
788 0.288908 0.0358461 0.253062 0.324754
789 0.279779 0.0130106 0.266769 0.29279
790 0.285049 0.0149578 0.270091 0.300007
791 0.281146 0.0147963 0.266349 0.295942
792 0.287782 0.017967 0.269815 0.305749
793 0.286536 0.0121004 0.274435 0.298636
794 0.285169 0.00968463 0.275485 0.294854
795 0.288983 0.0305921 0.258391 0.319575
796 0.281401 0.0111495 0.270251 0.29255
797 0.285199 0.0181184 0.267081 0.303318
798 0.293037 0.022334 0.270703 0.315371
799 0.288758 0.0280826 0.260675 0.31684
