# ../output/graphs/perf_parallel67BIPED_thread3
# step - mean (0.104626) - standard deviation (0.0219941) r=20 - ylow - yhigh
0 0.128724 0.0333549 0.0953692 0.162079
1 0.127013 0.0175067 0.109507 0.14452
2 0.124875 0.0157334 0.109142 0.140609
3 0.119765 0.0187762 0.100989 0.138541
4 0.118204 0.0199973 0.0982064 0.138201
5 0.114333 0.0205093 0.0938242 0.134843
6 0.109202 0.0209753 0.0882264 0.130177
7 0.104925 0.0210718 0.0838533 0.125997
8 0.107106 0.0205103 0.0865959 0.127616
9 0.1064 0.0198846 0.0865159 0.126285
10 0.102552 0.0202076 0.082344 0.122759
11 0.102616 0.0203451 0.0822707 0.122961
12 0.104626 0.020483 0.0841428 0.125109
13 0.109993 0.0208977 0.0890951 0.13089
14 0.108731 0.0205527 0.0881785 0.129284
15 0.107726 0.0208097 0.0869166 0.128536
16 0.112131 0.019839 0.092292 0.13197
17 0.113307 0.0182837 0.0950235 0.131591
18 0.113179 0.018015 0.0951638 0.131194
19 0.112751 0.0181993 0.0945518 0.130951
20 0.108753 0.0193601 0.0893925 0.128113
21 0.111297 0.0192662 0.0920309 0.130563
22 0.105994 0.0209635 0.0850307 0.126958
23 0.10283 0.0202003 0.0826293 0.12303
24 0.102616 0.0206143 0.0820014 0.12323
25 0.102466 0.0203383 0.0821278 0.122804
26 0.104583 0.0202496 0.0843334 0.124833
27 0.104326 0.019785 0.0845414 0.124111
28 0.105524 0.0201374 0.0853864 0.125661
29 0.106743 0.0200394 0.0867033 0.126782
30 0.104818 0.0204899 0.0843282 0.125308
31 0.104348 0.0201352 0.0842125 0.124483
32 0.102851 0.0202324 0.0826186 0.123083
33 0.104647 0.0202882 0.0843589 0.124935
34 0.110677 0.0232077 0.0874693 0.133885
35 0.10593 0.0219246 0.0840055 0.127855
36 0.10283 0.0208231 0.0820065 0.123653
37 0.103065 0.0219037 0.0811611 0.124968
38 0.104711 0.0210835 0.0836277 0.125795
39 0.103172 0.0214254 0.0817463 0.124597
40 0.10732 0.0210836 0.0862363 0.128404
41 0.108539 0.0215534 0.0869854 0.130092
42 0.108432 0.0213333 0.0870986 0.129765
43 0.110506 0.0235453 0.0869607 0.134051
44 0.104711 0.0212972 0.0834141 0.126008
45 0.105396 0.0223903 0.0830052 0.127786
46 0.107277 0.0224746 0.0848026 0.129752
47 0.112259 0.0228827 0.0893766 0.135142
48 0.111981 0.0224786 0.0895027 0.13446
49 0.111682 0.0226472 0.0890348 0.134329
50 0.114526 0.0227006 0.0918253 0.137227
51 0.114654 0.022428 0.0922262 0.137082
52 0.109779 0.0226104 0.0871686 0.132389
53 0.109672 0.0229019 0.0867702 0.132574
54 0.112067 0.0223927 0.0896742 0.13446
55 0.112088 0.0226277 0.0894606 0.134716
56 0.113307 0.0214035 0.0919037 0.134711
57 0.110912 0.021708 0.0892043 0.13262
58 0.110976 0.0218198 0.0891566 0.132796
59 0.110506 0.02124 0.089266 0.131746
60 0.110891 0.0218841 0.0890068 0.132775
61 0.11149 0.0221903 0.0892992 0.13368
62 0.111126 0.0220896 0.0890364 0.133216
63 0.109651 0.0225388 0.0871118 0.132189
64 0.11057 0.0228763 0.0876938 0.133446
65 0.108389 0.0235697 0.0848193 0.131959
66 0.106529 0.0217772 0.0847516 0.128306
67 0.104433 0.021603 0.0828303 0.126036
68 0.109137 0.0227995 0.086338 0.131937
69 0.10655 0.0215129 0.0850373 0.128063
70 0.106892 0.0215686 0.0853237 0.128461
71 0.107577 0.0225186 0.085058 0.130095
72 0.109202 0.0223149 0.0868867 0.131517
73 0.108966 0.0218968 0.0870696 0.130863
74 0.10995 0.0224243 0.0875257 0.132374
75 0.107534 0.0223519 0.0851819 0.129886
76 0.106871 0.0218531 0.0850178 0.128724
77 0.111425 0.0217038 0.0897216 0.133129
78 0.10809 0.0214181 0.0866716 0.129508
79 0.106807 0.0217432 0.0850636 0.12855
80 0.106422 0.0214085 0.0850134 0.12783
81 0.113735 0.0217963 0.0919384 0.135531
82 0.114013 0.0219372 0.0920755 0.13595
83 0.114932 0.0222503 0.0926819 0.137183
84 0.116237 0.02143 0.0948066 0.137667
85 0.116065 0.0212025 0.094863 0.137268
86 0.115338 0.020837 0.0945015 0.136175
87 0.111639 0.0221757 0.0894636 0.133815
88 0.114355 0.0226178 0.0917371 0.136973
89 0.113585 0.0218646 0.0917205 0.13545
90 0.117434 0.0222846 0.0951494 0.139719
91 0.118802 0.021062 0.0977405 0.139864
92 0.120941 0.020039 0.100902 0.14098
93 0.116322 0.0216589 0.0946632 0.137981
94 0.118375 0.0210259 0.0973489 0.139401
95 0.118503 0.0210825 0.0974206 0.139586
96 0.115937 0.0231206 0.0928166 0.139058
97 0.112024 0.0215974 0.0904268 0.133622
98 0.106058 0.020993 0.0850654 0.127051
99 0.111468 0.0197664 0.0917018 0.131235
100 0.107277 0.0200803 0.0871969 0.127358
101 0.107662 0.0207934 0.0868687 0.128455
102 0.10779 0.0210202 0.0867702 0.128811
103 0.114783 0.0198306 0.0949519 0.134613
104 0.114654 0.0207326 0.0939216 0.135387
105 0.117284 0.020715 0.0965694 0.137999
106 0.117477 0.0201847 0.097292 0.137661
107 0.11459 0.0201849 0.0944052 0.134775
108 0.115167 0.020423 0.0947445 0.13559
109 0.112901 0.0187096 0.0941913 0.13161
110 0.106315 0.020698 0.085617 0.127013
111 0.10546 0.0206688 0.0847909 0.126128
112 0.112046 0.0236319 0.0884136 0.135677
113 0.110485 0.0226258 0.0878588 0.13311
114 0.108924 0.0222056 0.0867181 0.131129
115 0.106187 0.0214737 0.084713 0.12766
116 0.108453 0.0219743 0.0864789 0.130428
117 0.111939 0.0222401 0.0896986 0.134179
118 0.11412 0.0219772 0.0921425 0.136097
119 0.113671 0.0218563 0.0918143 0.135527
120 0.119145 0.0210771 0.0980675 0.140222
121 0.118546 0.0204916 0.0980543 0.139037
122 0.116087 0.0212831 0.0948038 0.13737
123 0.116429 0.0214476 0.0949814 0.137877
124 0.11258 0.0225183 0.0900618 0.135098
125 0.109864 0.0231024 0.0867621 0.132967
126 0.110207 0.0294713 0.0807353 0.139678
127 0.110207 0.0236981 0.0865086 0.133905
128 0.110891 0.0235187 0.0873722 0.13441
129 0.117541 0.022684 0.0948569 0.140225
130 0.116557 0.0221806 0.0943767 0.138738
131 0.120192 0.0200718 0.100121 0.140264
132 0.119893 0.019884 0.100009 0.139777
133 0.118439 0.0196658 0.0987731 0.138105
134 0.117092 0.0205731 0.0965188 0.137665
135 0.115638 0.0218068 0.0938311 0.137445
136 0.116472 0.0202747 0.096197 0.136747
137 0.114269 0.0207351 0.0935342 0.135004
138 0.114889 0.0215498 0.0933396 0.136439
139 0.118353 0.0189788 0.0993746 0.137332
140 0.117177 0.0181433 0.099034 0.135321
141 0.115103 0.0192598 0.0958435 0.134363
142 0.112986 0.0199787 0.0930077 0.132965
143 0.116087 0.0200963 0.0959905 0.136183
144 0.11598 0.0201319 0.0958481 0.136112
145 0.116322 0.019983 0.0963391 0.136305
146 0.11737 0.0192033 0.0981665 0.136573
147 0.12077 0.0171816 0.103588 0.137951
148 0.11846 0.0183921 0.100068 0.136852
149 0.115916 0.0216249 0.0942909 0.137541
150 0.111447 0.0207866 0.0906602 0.132233
151 0.111276 0.0209086 0.0903672 0.132184
152 0.11149 0.0208295 0.0906601 0.132319
153 0.112773 0.0219167 0.0908559 0.134689
154 0.114098 0.0209012 0.0931971 0.134999
155 0.118225 0.0190604 0.0991648 0.137286
156 0.114462 0.0207412 0.0937206 0.135203
157 0.114269 0.0210237 0.0932456 0.135293
158 0.111532 0.0207611 0.0907712 0.132293
159 0.114184 0.0208816 0.0933022 0.135065
160 0.113264 0.0217484 0.091516 0.135013
161 0.111874 0.0209072 0.0909673 0.132782
162 0.114312 0.0207662 0.0935459 0.135078
163 0.112238 0.0212215 0.0910164 0.13346
164 0.11722 0.0208987 0.0963215 0.138119
165 0.115488 0.0215177 0.0939705 0.137006
166 0.110805 0.0217814 0.0890239 0.132587
167 0.112388 0.0217207 0.0906669 0.134108
168 0.11258 0.0214455 0.0911346 0.134026
169 0.114718 0.0211193 0.093599 0.135838
170 0.115616 0.0220905 0.093526 0.137707
171 0.110869 0.0218928 0.0889767 0.132762
172 0.112259 0.0212753 0.090984 0.133535
173 0.11382 0.0228146 0.0910057 0.136635
174 0.114013 0.0212951 0.0927177 0.135308
175 0.113243 0.022297 0.090946 0.13554
176 0.111425 0.0229079 0.0885176 0.134333
177 0.108817 0.0223072 0.0865095 0.131124
178 0.106272 0.0224824 0.0837898 0.128755
179 0.106187 0.0226738 0.0835129 0.12886
180 0.107855 0.022013 0.0858415 0.129868
181 0.105246 0.0216348 0.083611 0.126881
182 0.104861 0.0209444 0.0839165 0.125805
183 0.110698 0.0257203 0.0849782 0.136419
184 0.109587 0.0240743 0.0855122 0.133661
185 0.107748 0.0220611 0.0856865 0.129809
186 0.109993 0.022001 0.0879918 0.131994
187 0.110613 0.0223399 0.088273 0.132953
188 0.108667 0.0222799 0.0863872 0.130947
189 0.104198 0.0218126 0.0823855 0.126011
190 0.106978 0.0235266 0.0834513 0.130504
191 0.103941 0.0221794 0.0817621 0.126121
192 0.105609 0.0234616 0.0821477 0.129071
193 0.106016 0.021942 0.0840736 0.127958
194 0.107897 0.0218519 0.0860454 0.129749
195 0.114996 0.0212265 0.0937699 0.136223
196 0.11196 0.0213577 0.0906023 0.133318
197 0.11412 0.0215918 0.0925279 0.135711
198 0.108603 0.0207426 0.0878603 0.129345
199 0.10345 0.021531 0.0819187 0.124981
200 0.104369 0.0203469 0.0840223 0.124716
201 0.104904 0.0231634 0.0817403 0.128067
202 0.101311 0.0211937 0.0801177 0.122505
203 0.0996435 0.0211704 0.0784731 0.120814
204 0.100499 0.0206017 0.0798972 0.121101
205 0.0969066 0.0203477 0.0765588 0.117254
206 0.0964361 0.0197369 0.0766993 0.116173
207 0.10082 0.021147 0.0796726 0.121967
208 0.103343 0.0213075 0.0820353 0.12465
209 0.102915 0.0209281 0.081987 0.123843
210 0.103599 0.0207577 0.0828416 0.124357
211 0.1002 0.0203629 0.0798366 0.120562
212 0.100285 0.0204848 0.0798002 0.12077
213 0.101782 0.0202141 0.0815677 0.121996
214 0.105631 0.0205933 0.0850375 0.126224
215 0.106956 0.0205122 0.0864442 0.127469
216 0.109073 0.0202586 0.0888147 0.129332
217 0.110698 0.0191722 0.0915262 0.129871
218 0.109137 0.0200399 0.0890976 0.129177
219 0.102188 0.0199653 0.0822228 0.122153
220 0.0957305 0.0191049 0.0766256 0.114835
221 0.0976763 0.0198011 0.0778752 0.117477
222 0.0969493 0.0193516 0.0775977 0.116301
223 0.096372 0.0204731 0.0758989 0.116845
224 0.095089 0.0194582 0.0756308 0.114547
225 0.0942337 0.0194478 0.0747859 0.113682
226 0.101204 0.0210314 0.0801731 0.122236
227 0.100093 0.0203962 0.0796963 0.120489
228 0.097826 0.0198027 0.0780233 0.117629
229 0.0997718 0.0200474 0.0797244 0.119819
230 0.100328 0.0205814 0.0797464 0.120909
231 0.106187 0.0218716 0.0843151 0.128058
232 0.106379 0.021248 0.0851311 0.127627
233 0.103257 0.021996 0.0812613 0.125253
234 0.102894 0.0215698 0.0813239 0.124464
235 0.100435 0.0208607 0.079574 0.121295
236 0.10191 0.0207455 0.0811646 0.122656
237 0.100755 0.020863 0.0798925 0.121618
238 0.0997077 0.0203126 0.0793951 0.12002
239 0.100114 0.0211535 0.0789604 0.121267
240 0.102124 0.0212586 0.0808653 0.123383
241 0.107512 0.0206396 0.0868728 0.128152
242 0.103364 0.0210353 0.0823289 0.124399
243 0.104476 0.021346 0.0831301 0.125822
244 0.104134 0.0214709 0.0826631 0.125605
245 0.106743 0.0214239 0.0853187 0.128167
246 0.104733 0.0218162 0.0829164 0.126549
247 0.10454 0.0220512 0.082489 0.126591
248 0.10655 0.021538 0.0850122 0.128088
249 0.109779 0.0208488 0.0889302 0.130628
250 0.108774 0.0215142 0.0872598 0.130288
251 0.106593 0.0213193 0.0852736 0.127912
252 0.106657 0.021724 0.0849331 0.128381
253 0.109351 0.0215043 0.087847 0.130856
254 0.10516 0.0226127 0.0825476 0.127773
255 0.102765 0.02159 0.0811754 0.124355
256 0.103963 0.02141 0.0825528 0.125373
257 0.103492 0.0228725 0.0806199 0.126365
258 0.101675 0.0209092 0.0807658 0.122584
259 0.106123 0.0239644 0.0821581 0.130087
260 0.106465 0.0213782 0.0850864 0.127843
261 0.110848 0.0206117 0.0902364 0.13146
262 0.109437 0.0200742 0.0893626 0.129511
263 0.106721 0.0213782 0.085343 0.128099
264 0.102808 0.0218064 0.0810018 0.124615
265 0.104519 0.021444 0.0830748 0.125963
266 0.107577 0.022396 0.0851805 0.129973
267 0.106828 0.0217068 0.0851213 0.128535
268 0.104583 0.0215431 0.0830398 0.126126
269 0.106486 0.0250297 0.0814563 0.131516
270 0.102445 0.0211784 0.0812663 0.123623
271 0.101119 0.0207584 0.0803605 0.121877
272 0.0961582 0.0194455 0.0767127 0.115604
273 0.0957733 0.0194465 0.0763267 0.11522
274 0.0941268 0.0186733 0.0754535 0.1128
275 0.0987669 0.0211659 0.077601 0.119933
276 0.100606 0.0210191 0.0795867 0.121625
277 0.105075 0.022104 0.0829707 0.127179
278 0.106016 0.0215997 0.0844159 0.127615
279 0.105331 0.0213155 0.0840158 0.126647
280 0.106208 0.0224497 0.0837583 0.128658
281 0.108688 0.0199194 0.0887691 0.128608
282 0.10531 0.0207846 0.0845254 0.126095
283 0.100884 0.0214872 0.0793965 0.122371
284 0.102851 0.021421 0.08143 0.124272
285 0.103172 0.0219003 0.0812714 0.125072
286 0.102381 0.0207896 0.0815909 0.12317
287 0.101183 0.02188 0.0793031 0.123063
288 0.105823 0.021162 0.0846612 0.126985
289 0.104882 0.0210265 0.0838558 0.125909
290 0.106123 0.0219259 0.0841966 0.128048
291 0.107598 0.0210397 0.0865582 0.128638
292 0.107341 0.0204909 0.0868505 0.127832
293 0.111511 0.0188968 0.0926142 0.130408
294 0.109608 0.019606 0.0900019 0.129214
295 0.108175 0.0180572 0.0901181 0.126232
296 0.10856 0.0223714 0.0861888 0.130932
297 0.107641 0.0195626 0.0880781 0.127203
298 0.103257 0.0198744 0.0833828 0.123132
299 0.102872 0.0202206 0.0826517 0.123093
300 0.101932 0.0202847 0.0816468 0.122216
301 0.101696 0.0203145 0.0813817 0.122011
302 0.0969493 0.0204646 0.0764848 0.117414
303 0.0989593 0.0215202 0.0774391 0.120479
304 0.101311 0.0217953 0.0795162 0.123107
305 0.100798 0.0215883 0.0792099 0.122387
306 0.0986172 0.0210688 0.0775483 0.119686
307 0.0992159 0.0212841 0.0779317 0.1205
308 0.104177 0.0224759 0.0817008 0.126653
309 0.105374 0.0229146 0.0824595 0.128289
310 0.105267 0.0220934 0.0831739 0.127361
311 0.102958 0.0213343 0.0816236 0.124292
312 0.105502 0.0218029 0.0836995 0.127305
313 0.105118 0.0221121 0.0830054 0.12723
314 0.108282 0.0219669 0.0863153 0.130249
315 0.105481 0.0223726 0.0831084 0.127854
316 0.109843 0.0216519 0.0881912 0.131495
317 0.106101 0.0210026 0.0850986 0.127104
318 0.110506 0.0202437 0.0902623 0.13075
319 0.108197 0.020897 0.0872997 0.129094
320 0.106101 0.0205122 0.0855889 0.126613
321 0.10454 0.0206462 0.083894 0.125186
322 0.100777 0.0210965 0.0796803 0.121873
323 0.100713 0.0214679 0.0792448 0.122181
324 0.101397 0.0224557 0.0789412 0.123853
325 0.100477 0.0213744 0.0791031 0.121852
326 0.10176 0.0223891 0.0793714 0.124149
327 0.100927 0.0219829 0.0789436 0.122909
328 0.1002 0.0212829 0.0789166 0.121482
329 0.102017 0.0212323 0.0807847 0.123249
330 0.10268 0.02176 0.0809199 0.12444
331 0.105267 0.021585 0.0836822 0.126852
332 0.105075 0.0215234 0.0835513 0.126598
333 0.104497 0.0214461 0.0830514 0.125943
334 0.105909 0.0199726 0.0859361 0.125881
335 0.105695 0.0200821 0.0856127 0.125777
336 0.105695 0.0200452 0.0856496 0.12574
337 0.107897 0.0194271 0.0884702 0.127324
338 0.10809 0.0197222 0.0883675 0.127812
339 0.105994 0.0202571 0.0857371 0.126251
340 0.107341 0.0216217 0.0857196 0.128963
341 0.10578 0.0203607 0.0854197 0.126141
342 0.10268 0.0207079 0.081972 0.123388
343 0.104113 0.0210763 0.0830363 0.125189
344 0.104476 0.0217054 0.0827707 0.126181
345 0.103279 0.0206573 0.0826213 0.123936
346 0.103749 0.0207839 0.0829651 0.124533
347 0.105951 0.0204264 0.085525 0.126378
348 0.110014 0.0187237 0.0912905 0.128738
349 0.109736 0.0185463 0.0911899 0.128283
350 0.109394 0.0182877 0.0911063 0.127682
351 0.112687 0.0174405 0.0952465 0.130128
352 0.10871 0.0191953 0.0895146 0.127905
353 0.103321 0.0196127 0.0837087 0.122934
354 0.103407 0.0198754 0.0835315 0.123282
355 0.100798 0.0203026 0.0804956 0.121101
356 0.0969707 0.019769 0.0772017 0.11674
357 0.0976336 0.0208519 0.0767817 0.118485
358 0.0968424 0.0202482 0.0765942 0.117091
359 0.0990021 0.0209365 0.0780655 0.119939
360 0.104027 0.0209712 0.0830558 0.124998
361 0.0994297 0.0211083 0.0783214 0.120538
362 0.103621 0.0205114 0.0831093 0.124132
363 0.107021 0.0210139 0.0860067 0.128034
364 0.102936 0.0207234 0.0822131 0.12366
365 0.102487 0.0211796 0.0813078 0.123667
366 0.0977405 0.0204294 0.0773111 0.11817
367 0.0957305 0.0203135 0.075417 0.116044
368 0.0922665 0.0184942 0.0737723 0.110761
369 0.0896364 0.0180541 0.0715823 0.107691
370 0.0939985 0.0206728 0.0733257 0.114671
371 0.0921596 0.0189767 0.0731828 0.111136
372 0.0923734 0.0203759 0.0719976 0.112749
373 0.0926728 0.0194755 0.0731973 0.112148
374 0.0969707 0.0205634 0.0764073 0.117534
375 0.0962223 0.0209131 0.0753092 0.117135
376 0.0940413 0.0206039 0.0734374 0.114645
377 0.0966286 0.0215826 0.075046 0.118211
378 0.100371 0.0214323 0.0789382 0.121803
379 0.0964361 0.0213093 0.0751269 0.117745
380 0.0961582 0.020919 0.0752392 0.117077
381 0.10114 0.0216397 0.0795006 0.12278
382 0.098553 0.021652 0.0769011 0.120205
383 0.101055 0.021965 0.0790898 0.12302
384 0.0993014 0.0210103 0.0782912 0.120312
385 0.10747 0.0234213 0.0840483 0.130891
386 0.102487 0.0209604 0.081527 0.123448
387 0.102851 0.0215906 0.0812603 0.124442
388 0.102509 0.0216948 0.080814 0.124204
389 0.106721 0.020601 0.0861202 0.127322
390 0.111105 0.018726 0.0923787 0.129831
391 0.111596 0.0189116 0.0926849 0.130508
392 0.110827 0.0195856 0.0912411 0.130412
393 0.10779 0.0202568 0.0875336 0.128047
394 0.100649 0.0195309 0.0811176 0.120179
395 0.0991517 0.0209835 0.0781682 0.120135
396 0.100948 0.0208086 0.0801393 0.121756
397 0.102851 0.0206476 0.0822034 0.123499
398 0.106978 0.0203921 0.0865857 0.12737
399 0.111062 0.0191526 0.0919093 0.130215
400 0.111853 0.0185271 0.093326 0.13038
401 0.108902 0.0198536 0.0890486 0.128756
402 0.111233 0.0192278 0.0920052 0.130461
403 0.104583 0.0205477 0.0840353 0.125131
404 0.107748 0.021829 0.0859186 0.129577
405 0.106764 0.01982 0.086944 0.126584
406 0.108175 0.019803 0.0883723 0.127978
407 0.103685 0.0194046 0.0842803 0.12309
408 0.103257 0.01976 0.0834972 0.123017
409 0.101803 0.0199241 0.0818791 0.121727
410 0.0957947 0.0198678 0.0759269 0.115662
411 0.0956236 0.0198693 0.0757543 0.115493
412 0.0961368 0.0201237 0.0760131 0.11626
413 0.0943406 0.0196597 0.0746809 0.114
414 0.0947469 0.0196444 0.0751025 0.114391
415 0.095645 0.0197275 0.0759175 0.115372
416 0.0961795 0.0191878 0.0769918 0.115367
417 0.0986813 0.019087 0.0795944 0.117768
418 0.103578 0.0188171 0.0847609 0.122395
419 0.102573 0.0200151 0.0825579 0.122588
420 0.100306 0.019964 0.0803425 0.12027
421 0.0997291 0.0197489 0.0799801 0.119478
422 0.096094 0.0199271 0.0761669 0.116021
423 0.0937633 0.0193406 0.0744227 0.113104
424 0.0939557 0.0199418 0.074014 0.113898
425 0.088888 0.0183833 0.0705047 0.107271
426 0.0859158 0.0170129 0.068903 0.102929
427 0.0955808 0.0212891 0.0742917 0.11687
428 0.0966713 0.0217573 0.0749141 0.118429
429 0.100093 0.0226445 0.0774481 0.122737
430 0.0990448 0.0210658 0.077979 0.120111
431 0.104198 0.0224318 0.0817663 0.12663
432 0.110656 0.0257389 0.0849167 0.136395
433 0.105438 0.0210085 0.0844298 0.126447
434 0.105139 0.0208945 0.0842445 0.126033
435 0.104604 0.0203751 0.0842292 0.124979
436 0.104733 0.0206526 0.08408 0.125385
437 0.101568 0.0204191 0.0811489 0.121987
438 0.0987455 0.0199137 0.0788318 0.118659
439 0.0928011 0.0186499 0.0741512 0.111451
440 0.0922665 0.0187476 0.0735189 0.111014
441 0.09263 0.0190306 0.0735994 0.111661
442 0.0948538 0.0197721 0.0750817 0.114626
443 0.0951746 0.0191928 0.0759817 0.114367
444 0.0972273 0.0202612 0.0769661 0.117489
445 0.0998574 0.0206675 0.0791899 0.120525
446 0.0976763 0.020553 0.0771234 0.118229
447 0.0978688 0.0208291 0.0770396 0.118698
448 0.105353 0.0212649 0.0840878 0.126618
449 0.100606 0.021425 0.0791808 0.122031
450 0.106251 0.0213885 0.0848623 0.127639
451 0.108432 0.0212164 0.0872155 0.129648
452 0.111639 0.0210493 0.0905899 0.132689
453 0.108924 0.0211787 0.087745 0.130102
454 0.10871 0.0224629 0.0862469 0.131173
455 0.105289 0.0215716 0.083717 0.12686
456 0.102744 0.0215467 0.0811973 0.124291
457 0.102252 0.0214254 0.0808268 0.123678
458 0.0998788 0.0217363 0.0781425 0.121615
459 0.102252 0.0211578 0.0810944 0.12341
460 0.100392 0.0214194 0.0789725 0.121811
461 0.104433 0.0205677 0.0838655 0.125001
462 0.105246 0.0214203 0.0838255 0.126666
463 0.105246 0.0215272 0.0837186 0.126773
464 0.105139 0.0210909 0.084048 0.12623
465 0.104113 0.0219185 0.082194 0.126031
466 0.102274 0.0209661 0.0813075 0.12324
467 0.100285 0.0203873 0.0798977 0.120672
468 0.105289 0.0215113 0.0837773 0.1268
469 0.100606 0.020861 0.0797448 0.121467
470 0.100328 0.0209072 0.0794206 0.121235
471 0.10315 0.0216558 0.0814945 0.124806
472 0.104091 0.0221711 0.0819201 0.126262
473 0.104155 0.0220142 0.0821411 0.12617
474 0.10345 0.0217507 0.0816989 0.1252
475 0.10377 0.0216586 0.0821118 0.125429
476 0.101354 0.0215904 0.0797637 0.122945
477 0.0970349 0.0208588 0.076176 0.117894
478 0.0992587 0.0215573 0.0777013 0.120816
479 0.103813 0.0217713 0.0820419 0.125584
480 0.104391 0.0213566 0.0830339 0.125747
481 0.106443 0.0213167 0.0851265 0.12776
482 0.105673 0.0209655 0.084708 0.126639
483 0.107085 0.0239148 0.0831699 0.131
484 0.106999 0.0202704 0.0867288 0.12727
485 0.107363 0.0204696 0.0868931 0.127832
486 0.109351 0.0192915 0.0900598 0.128643
487 0.112302 0.0186417 0.0936604 0.130944
488 0.109629 0.0191336 0.0904957 0.128763
489 0.10995 0.0198488 0.0901012 0.129799
490 0.112302 0.0191866 0.0931155 0.131489
491 0.1067 0.0189464 0.0877535 0.125646
492 0.104519 0.0199387 0.0845801 0.124458
493 0.105695 0.0199703 0.0857246 0.125665
494 0.10206 0.0210757 0.0809841 0.123136
495 0.101397 0.0207185 0.0806784 0.122115
496 0.0977191 0.020463 0.0772562 0.118182
497 0.100456 0.0216846 0.0787715 0.122141
498 0.0996649 0.0208244 0.0788405 0.120489
499 0.106999 0.0209606 0.0860386 0.12796
500 0.10871 0.020246 0.0884638 0.128956
501 0.107876 0.0217419 0.086134 0.129618
502 0.105802 0.0199621 0.0858397 0.125764
503 0.10578 0.020512 0.0852684 0.126292
504 0.102231 0.0208187 0.0814122 0.12305
505 0.103621 0.0218699 0.0817508 0.125491
506 0.102765 0.0221961 0.0805693 0.124962
507 0.101269 0.0218843 0.0793843 0.123153
508 0.0990021 0.0215499 0.0774521 0.120552
509 0.098382 0.0213196 0.0770624 0.119702
510 0.0943406 0.0192897 0.0750509 0.11363
511 0.0961368 0.0203775 0.0757593 0.116514
512 0.0988096 0.0213341 0.0774755 0.120144
513 0.10377 0.0230812 0.0806892 0.126852
514 0.102958 0.0226144 0.0803435 0.125572
515 0.100413 0.0210602 0.0793531 0.121474
516 0.0988096 0.0210498 0.0777599 0.119859
517 0.0970349 0.021125 0.0759099 0.11816
518 0.0961795 0.0210539 0.0751257 0.117233
519 0.0976336 0.0208817 0.0767519 0.118515
520 0.0967569 0.0212708 0.0754861 0.118028
521 0.0986599 0.0216653 0.0769946 0.120325
522 0.0988738 0.0217493 0.0771244 0.120623
523 0.0982751 0.0218098 0.0764653 0.120085
524 0.0997291 0.0213299 0.0783992 0.121059
525 0.097655 0.0208085 0.0768465 0.118463
526 0.103941 0.0208165 0.083125 0.124758
527 0.109009 0.0198346 0.0891746 0.128844
528 0.109608 0.0200205 0.0895874 0.129628
529 0.109095 0.0200924 0.0890023 0.129187
530 0.107042 0.021007 0.086035 0.128049
531 0.107042 0.0206177 0.0864243 0.12766
532 0.106187 0.0227218 0.0834649 0.128908
533 0.0996436 0.0207595 0.078884 0.120403
534 0.101889 0.0211872 0.0807015 0.123076
535 0.101461 0.0199385 0.0815226 0.1214
536 0.1002 0.0199303 0.0802692 0.12013
537 0.101482 0.0206664 0.080816 0.122149
538 0.100691 0.0222834 0.0784079 0.122975
539 0.102188 0.0211784 0.0810097 0.123366
540 0.0999643 0.021428 0.0785363 0.121392
541 0.0997718 0.0213849 0.0783869 0.121157
542 0.104412 0.0209923 0.0834196 0.125404
543 0.101611 0.0206843 0.0809265 0.122295
544 0.106871 0.0202926 0.0865783 0.127164
545 0.10871 0.0196105 0.0890994 0.12832
546 0.10886 0.019964 0.0888956 0.128823
547 0.108667 0.0196939 0.0889732 0.128361
548 0.105438 0.0198131 0.0856251 0.125251
549 0.107106 0.018868 0.0882381 0.125974
550 0.100948 0.0200654 0.0808825 0.121013
551 0.0975053 0.0209625 0.0765428 0.118468
552 0.100071 0.0217331 0.0783381 0.121804
553 0.102209 0.0214873 0.0807222 0.123697
554 0.101739 0.0211228 0.0806162 0.122862
555 0.102701 0.0216747 0.0810266 0.124376
556 0.102274 0.0215528 0.0807208 0.123826
557 0.102038 0.021097 0.0809414 0.123135
558 0.102017 0.0214542 0.0805628 0.123471
559 0.0981468 0.0217106 0.0764362 0.119857
560 0.0961795 0.022053 0.0741265 0.118233
561 0.0979971 0.0218808 0.0761163 0.119878
562 0.103022 0.0221213 0.0809007 0.125143
563 0.100606 0.0220165 0.0785893 0.122622
564 0.0977833 0.0208366 0.0769466 0.11862
565 0.0997718 0.0209573 0.0788145 0.120729
566 0.0977619 0.0231224 0.0746395 0.120884
567 0.0957947 0.0209184 0.0748763 0.116713
568 0.0968424 0.0223023 0.0745401 0.119145
569 0.09665 0.0214719 0.075178 0.118122
570 0.101482 0.0228894 0.0785931 0.124372
571 0.100884 0.0221593 0.0787244 0.123043
572 0.0990235 0.0213979 0.0776256 0.120421
573 0.100755 0.0217253 0.0790302 0.122481
574 0.1002 0.0211648 0.0790347 0.121364
575 0.100135 0.0211813 0.078954 0.121317
576 0.10655 0.0220983 0.0844519 0.128648
577 0.107598 0.0213169 0.086281 0.128915
578 0.103386 0.0217839 0.0816016 0.125169
579 0.101782 0.022243 0.0795388 0.124025
580 0.102103 0.0238932 0.0782094 0.125996
581 0.102252 0.0237962 0.0784561 0.126048
582 0.0978046 0.0227121 0.0750925 0.120517
583 0.0979543 0.0223621 0.0755922 0.120316
584 0.0979971 0.0225303 0.0754668 0.120527
585 0.0970349 0.021768 0.0752669 0.118803
586 0.0969707 0.022275 0.0746957 0.119246
587 0.0988096 0.0220279 0.0767817 0.120838
588 0.0966713 0.0216494 0.0750219 0.118321
589 0.103343 0.0223018 0.081041 0.125645
590 0.102381 0.0218147 0.0805658 0.124195
591 0.101547 0.0206892 0.0808575 0.122236
592 0.100991 0.0204423 0.0805484 0.121433
593 0.107577 0.020838 0.0867385 0.128415
594 0.103257 0.0209937 0.0822636 0.124251
595 0.107876 0.0211297 0.0867462 0.129006
596 0.105374 0.0210988 0.0842754 0.126473
597 0.106572 0.0206037 0.0859678 0.127175
598 0.102765 0.0205346 0.0822308 0.1233
599 0.105673 0.0211993 0.0844742 0.126873
600 0.105845 0.0208749 0.0849697 0.126719
601 0.10469 0.0204429 0.084247 0.125133
602 0.104113 0.0206143 0.0834982 0.124727
603 0.102594 0.0206127 0.0819816 0.123207
604 0.10176 0.0194977 0.0822627 0.121258
605 0.107299 0.020673 0.0866256 0.127972
606 0.1064 0.0201981 0.0862024 0.126599
607 0.102145 0.0200457 0.0820996 0.122191
608 0.103728 0.0201277 0.0835999 0.123855
609 0.10454 0.0195763 0.0849638 0.124117
610 0.101696 0.0212638 0.0804325 0.12296
611 0.101589 0.0210045 0.0805848 0.122594
612 0.0989807 0.02035 0.0786307 0.119331
613 0.0963292 0.0201047 0.0762245 0.116434
614 0.0952173 0.0198158 0.0754015 0.115033
615 0.100691 0.0205957 0.0800956 0.121287
616 0.100456 0.0201801 0.080276 0.120636
617 0.101996 0.0196389 0.0823568 0.121635
618 0.101675 0.019098 0.0825769 0.120773
619 0.103642 0.0181374 0.0855047 0.12178
620 0.105075 0.0171522 0.0879226 0.122227
621 0.105011 0.0171662 0.0878444 0.122177
622 0.105224 0.0193409 0.0858835 0.124565
623 0.108924 0.0216763 0.0872474 0.1306
624 0.10918 0.0201643 0.0890159 0.129345
625 0.119551 0.0336416 0.0859092 0.153193
626 0.113564 0.0176681 0.0958956 0.131232
627 0.111254 0.0176084 0.093646 0.128863
628 0.108389 0.0191933 0.0891958 0.127582
629 0.110271 0.018597 0.0916738 0.128868
630 0.110805 0.0218982 0.0889071 0.132704
631 0.109672 0.0210154 0.0886566 0.130687
632 0.100306 0.0211326 0.0791738 0.121439
633 0.0980612 0.0209913 0.0770699 0.119053
634 0.0999215 0.0212967 0.0786248 0.121218
635 0.0953242 0.0203435 0.0749808 0.115668
636 0.0952601 0.0205625 0.0746976 0.115823
637 0.0957519 0.0210095 0.0747424 0.116761
638 0.0985744 0.021447 0.0771274 0.120021
639 0.0936564 0.0201139 0.0735425 0.11377
640 0.0979757 0.0215047 0.076471 0.11948
641 0.0989593 0.0225923 0.076367 0.121552
642 0.0991517 0.0225991 0.0765526 0.121751
643 0.102231 0.0225263 0.0797046 0.124757
644 0.104241 0.0240039 0.0802369 0.128245
645 0.110207 0.0224672 0.0877394 0.132674
646 0.109672 0.0215571 0.0881149 0.131229
647 0.111126 0.0203351 0.090791 0.131461
648 0.111746 0.0212015 0.0905446 0.132948
649 0.111532 0.0205166 0.0910158 0.132049
650 0.114483 0.0206279 0.0938553 0.135111
651 0.111789 0.0211079 0.0906811 0.132897
652 0.109843 0.0213298 0.0885134 0.131173
653 0.110677 0.0218893 0.0887877 0.132566
654 0.109501 0.0213153 0.0881857 0.130816
655 0.109394 0.0209003 0.0884938 0.130294
656 0.108304 0.0215225 0.0867811 0.129826
657 0.10129 0.0219055 0.0793845 0.123195
658 0.103471 0.0216625 0.0818086 0.125134
659 0.0990876 0.02181 0.0772776 0.120898
660 0.0993014 0.0218278 0.0774736 0.121129
661 0.097099 0.0209993 0.0760997 0.118098
662 0.0993014 0.0216152 0.0776862 0.120917
663 0.102979 0.0212384 0.0817409 0.124218
664 0.103514 0.0207822 0.0827316 0.124296
665 0.103535 0.021053 0.0824822 0.124588
666 0.105567 0.0214358 0.0841308 0.127002
667 0.108368 0.0211879 0.0871798 0.129556
668 0.108261 0.0210362 0.0872246 0.129297
669 0.103535 0.0218644 0.0816708 0.1254
670 0.101867 0.0210472 0.0808201 0.122915
671 0.10144 0.021578 0.0798617 0.123018
672 0.0987027 0.0218006 0.0769021 0.120503
673 0.0965431 0.0204148 0.0761283 0.116958
674 0.0993656 0.0206807 0.0786849 0.120046
675 0.101846 0.0222406 0.0796053 0.124087
676 0.101739 0.0217675 0.0799715 0.123507
677 0.101183 0.0218018 0.0793814 0.122985
678 0.101269 0.0216195 0.0796492 0.122888
679 0.0995153 0.0216953 0.07782 0.121211
680 0.0969921 0.0206706 0.0763215 0.117663
681 0.0970349 0.0202529 0.0767819 0.117288
682 0.0970349 0.0205278 0.076507 0.117563
683 0.0991304 0.0212095 0.0779208 0.12034
684 0.101247 0.0216175 0.0796298 0.122865
685 0.0993656 0.0210484 0.0783172 0.120414
686 0.0992159 0.0209873 0.0782285 0.120203
687 0.0916464 0.0185541 0.0730924 0.1102
688 0.0910691 0.0187411 0.072328 0.10981
689 0.0975053 0.0199573 0.077548 0.117463
690 0.0943406 0.0182881 0.0760525 0.112629
691 0.0922879 0.0189276 0.0733603 0.111215
692 0.0941268 0.0199893 0.0741375 0.114116
693 0.0965003 0.0212877 0.0752126 0.117788
694 0.0964361 0.021005 0.0754312 0.117441
695 0.100798 0.0210817 0.0797165 0.12188
696 0.10407 0.0205996 0.0834702 0.124669
697 0.104006 0.0208968 0.0831088 0.124902
698 0.10392 0.0200893 0.0838308 0.124009
699 0.1033 0.0199617 0.0833383 0.123262
700 0.101782 0.020326 0.0814558 0.122108
701 0.112986 0.0226276 0.0903588 0.135614
702 0.114269 0.0211006 0.0931688 0.13537
703 0.113756 0.0200506 0.0937056 0.133807
704 0.111404 0.0201708 0.0912332 0.131575
705 0.108175 0.020424 0.0877512 0.128599
706 0.10392 0.0204886 0.0834315 0.124409
707 0.100777 0.0216147 0.0791622 0.122392
708 0.099836 0.0208183 0.0790177 0.120654
709 0.100413 0.0209029 0.0795104 0.121316
710 0.0999215 0.0208651 0.0790564 0.120787
711 0.104775 0.0219129 0.0828625 0.126688
712 0.109351 0.0219346 0.0874167 0.131286
713 0.106315 0.0216954 0.0846196 0.12801
714 0.105631 0.0207481 0.0848826 0.126379
715 0.109309 0.022429 0.0868795 0.131738
716 0.110078 0.0227536 0.0873247 0.132832
717 0.10454 0.0231687 0.0813715 0.127709
718 0.10407 0.0229783 0.0810914 0.127048
719 0.10283 0.0213556 0.081474 0.124185
720 0.103535 0.0230461 0.0804891 0.126581
721 0.104198 0.0212171 0.0829809 0.125415
722 0.105053 0.0216991 0.0833543 0.126752
723 0.101696 0.0211573 0.080539 0.122854
724 0.101418 0.0209844 0.0804339 0.122403
725 0.101311 0.021102 0.0802094 0.122413
726 0.103984 0.0209421 0.0830421 0.124926
727 0.104861 0.0215462 0.0833148 0.126407
728 0.10655 0.0208572 0.085693 0.127407
729 0.105118 0.0215453 0.0835722 0.126663
730 0.104904 0.0203674 0.0845363 0.125271
731 0.10377 0.0211619 0.0826085 0.124932
732 0.0970135 0.0200457 0.0769678 0.117059
733 0.0945117 0.0195064 0.0750053 0.114018
734 0.0904062 0.0179316 0.0724746 0.108338
735 0.0907269 0.0190445 0.0716825 0.109771
736 0.0894226 0.0173861 0.0720365 0.106809
737 0.0912615 0.0196267 0.0716348 0.110888
738 0.0937205 0.0208269 0.0728936 0.114547
739 0.0964148 0.0210572 0.0753576 0.117472
740 0.0979329 0.0214787 0.0764542 0.119412
741 0.0996649 0.0215932 0.0780718 0.121258
742 0.0982537 0.0213514 0.0769022 0.119605
743 0.102701 0.0222842 0.0804171 0.124985
744 0.1002 0.0218326 0.0783669 0.122032
745 0.0985316 0.021976 0.0765557 0.120508
746 0.0952601 0.0208088 0.0744513 0.116069
747 0.0961154 0.02103 0.0750854 0.117145
748 0.0940413 0.021003 0.0730383 0.115044
749 0.0891446 0.0184614 0.0706833 0.107606
750 0.089893 0.0199039 0.0699891 0.109797
751 0.0894226 0.0188022 0.0706204 0.108225
752 0.0895723 0.0187401 0.0708322 0.108312
753 0.0893371 0.0183328 0.0710042 0.10767
754 0.089166 0.0182897 0.0708763 0.107456
755 0.0956877 0.0211583 0.0745295 0.116846
756 0.0937633 0.0198119 0.0739514 0.113575
757 0.0967141 0.0206736 0.0760405 0.117388
758 0.0947469 0.020038 0.0747089 0.114785
759 0.0986386 0.0222673 0.0763712 0.120906
760 0.0976977 0.0210745 0.0766232 0.118772
761 0.0923948 0.0203904 0.0720044 0.112785
762 0.0961795 0.0212424 0.0749372 0.117422
763 0.0963078 0.021502 0.0748059 0.11781
764 0.0964148 0.0205111 0.0759036 0.116926
765 0.0961582 0.0205369 0.0756213 0.116695
766 0.0984675 0.0214075 0.07706 0.119875
767 0.103578 0.0221633 0.0814146 0.125741
768 0.101525 0.0218269 0.0796983 0.123352
769 0.101226 0.023367 0.0778589 0.124593
770 0.101696 0.0222251 0.0794712 0.123921
771 0.101996 0.0227625 0.0792331 0.124758
772 0.104412 0.0232352 0.0811767 0.127647
773 0.109095 0.0231996 0.0858951 0.132294
774 0.105866 0.0215711 0.0842948 0.127437
775 0.102295 0.0210303 0.0812647 0.123325
776 0.0982537 0.0206902 0.0775635 0.118944
777 0.100948 0.0224913 0.0784566 0.123439
778 0.10082 0.0222248 0.0785948 0.123044
779 0.108325 0.021846 0.0864789 0.130171
780 0.107577 0.0210823 0.0864942 0.128659
781 0.109009 0.0218698 0.0871394 0.130879
782 0.108175 0.0217829 0.0863924 0.129958
783 0.0974625 0.0217978 0.0756647 0.11926
784 0.0966286 0.0221591 0.0744694 0.118788
785 0.101183 0.0227902 0.0783929 0.123973
786 0.10454 0.0222403 0.0822999 0.12678
787 0.105631 0.0200351 0.0855957 0.125666
788 0.105738 0.0202452 0.0854924 0.125983
789 0.109501 0.0204352 0.0890658 0.129936
790 0.108432 0.0210276 0.0874043 0.129459
791 0.106294 0.0200138 0.0862798 0.126307
792 0.105973 0.0198307 0.0861421 0.125804
793 0.110698 0.0194177 0.0912807 0.130116
794 0.109886 0.0187864 0.0910995 0.128672
795 0.112238 0.0175971 0.0946409 0.129835
796 0.112708 0.0179123 0.0947961 0.130621
797 0.103941 0.019021 0.0849205 0.122962
798 0.103984 0.0194835 0.0845007 0.123468
799 0.100499 0.0194562 0.0810427 0.119955
