# ../output/graphs/perf_parallel1QUADRUPED_thread2
# step - mean (0.0113856) - standard deviation (0.00283637) r=5 - ylow - yhigh
0 0.0302779 0.0334154 -0.00313757 0.0636933
1 0.0120598 0.000735746 0.0113241 0.0127956
2 0.0118887 0.000567337 0.0113214 0.0124561
3 0.0109479 0.00043613 0.0105118 0.011384
4 0.0110334 0.000567337 0.0104661 0.0116008
5 0.0106913 0.00054096 0.0101504 0.0112323
6 0.0106913 0.000382529 0.0103088 0.0110739
7 0.0106058 0.000498731 0.0101071 0.0111045
8 0.0133428 0.00468002 0.00866273 0.0180228
9 0.0107768 0.000628561 0.0101483 0.0114054
10 0.0106058 0.000498711 0.0101071 0.0111045
11 0.0106058 0.000320069 0.0102857 0.0109259
12 0.0109479 0.000580068 0.0103678 0.011528
13 0.0108624 0.000342116 0.0105202 0.0112045
14 0.0112045 0.000498683 0.0107058 0.0117032
15 0.0108624 0.00043613 0.0104263 0.0112985
16 0.0110335 0.000684234 0.0103493 0.0117178
17 0.0106058 0.000498747 0.010107 0.0111045
18 0.0108624 0.000960094 0.00990227 0.0118225
19 0.0107768 0.000418983 0.0103579 0.0111958
20 0.0108624 0.00074562 0.0101167 0.011608
21 0.0106913 0.000468426 0.0102229 0.0111597
22 0.0105203 0.000436112 0.0100842 0.0109564
23 0.0105202 0.000436103 0.0100841 0.0109563
24 0.0106913 0.000382503 0.0103088 0.0110738
25 0.0105202 0.000580098 0.00994014 0.0111003
26 0.0106913 0.000382503 0.0103088 0.0110738
27 0.0106058 0.000320007 0.0102858 0.0109258
28 0.0105203 0.000436135 0.0100841 0.0109564
29 0.0104347 0.000209515 0.0102252 0.0106443
30 0.0103492 0.000320025 0.0100292 0.0106693
31 0.0106058 0.000498691 0.0101071 0.0111045
32 0.0132572 0.00309569 0.0101615 0.0163529
33 0.0113756 0.000745671 0.0106299 0.0121212
34 0.0108624 0.000436144 0.0104263 0.0112986
35 0.0108624 0.000436093 0.0104263 0.0112985
36 0.0106058 0.000498767 0.010107 0.0111046
37 0.0104347 0.000640054 0.00979469 0.0110748
38 0.0109479 0.000640088 0.0103078 0.011588
39 0.0112045 0.00169776 0.00950677 0.0129023
40 0.0107768 0.000872274 0.00990457 0.0116491
41 0.0105203 0.000436112 0.0100842 0.0109564
42 0.0104347 0.000342127 0.0100926 0.0107769
43 0.0104347 0.000513155 0.00992157 0.0109479
44 0.0102637 0.000270471 0.00999319 0.0105341
45 0.0104347 0.00034211 0.0100926 0.0107768
46 0.0108624 0.000342133 0.0105203 0.0112045
47 0.011119 0.0010819 0.0100371 0.0122009
48 0.0128296 0.00407507 0.00875451 0.0169046
49 0.0107768 0.000320019 0.0104568 0.0110969
50 0.0108624 0.000436107 0.0104263 0.0112985
51 0.0106913 4.65661e-008 0.0106913 0.0106914
52 0.0107768 0.000419035 0.0103578 0.0111959
53 0.0109479 0.000745601 0.0102023 0.0116935
54 0.0109479 0.000580085 0.0103678 0.011528
55 0.0109479 0.000436107 0.0105118 0.011384
56 0.0112045 0.000567295 0.0106372 0.0117718
57 0.0107769 0.000320044 0.0104568 0.0110969
58 0.0118032 0.0016363 0.0101669 0.0134395
59 0.0112901 0.000580092 0.01071 0.0118702
60 0.0112045 0.000498691 0.0107058 0.0117032
61 0.011119 0.000382529 0.0107365 0.0115015
62 0.0112045 0.00068426 0.0105202 0.0118888
63 0.0112901 0.000436139 0.0108539 0.0117262
64 0.0149678 0.00606002 0.00890781 0.0210278
65 0.0114611 0.0014158 0.0100453 0.0128769
66 0.0110334 0.000567337 0.0104661 0.0116008
67 0.0108624 0.000436139 0.0104262 0.0112985
68 0.0109479 0.00064005 0.0103078 0.0115879
69 0.0134283 0.0040625 0.00936582 0.0174908
70 0.011119 0.000897039 0.0102219 0.012016
71 0.0114611 0.000783876 0.0106772 0.012245
72 0.0111189 0.000715626 0.0104033 0.0118346
73 0.0112045 0.000872276 0.0103323 0.0120768
74 0.0111189 0.000604774 0.0105142 0.0117237
75 0.011119 0.00071557 0.0104034 0.0118345
76 0.0110334 0.000684251 0.0103492 0.0117177
77 0.01129 0.00163629 0.00965371 0.0129263
78 0.0133428 0.00493863 0.00840415 0.0182814
79 0.0158231 0.0100621 0.00576107 0.0258852
80 0.011119 0.000765033 0.010354 0.011884
81 0.0109479 0.00043613 0.0105118 0.011384
82 0.0107769 0.000498755 0.0102781 0.0112756
83 0.0106913 0.000382503 0.0103088 0.0110738
84 0.0106913 0.000382503 0.0103088 0.0110738
85 0.0106914 0.000604791 0.0100866 0.0112962
86 0.0107768 0.000419011 0.0103578 0.0111958
87 0.0107768 0.000498739 0.0102781 0.0112756
88 0.0109479 0.000436144 0.0105117 0.011384
89 0.0108624 0.000513229 0.0103492 0.0113756
90 0.011119 0.000270507 0.0108485 0.0113895
91 0.0108624 0.000342133 0.0105203 0.0112045
92 0.0110334 0.000567337 0.0104661 0.0116008
93 0.0109479 0.000640057 0.0103078 0.011588
94 0.0109479 0.00064005 0.0103078 0.0115879
95 0.0110335 0.000498703 0.0105348 0.0115322
96 0.0127441 0.00141578 0.0113283 0.0141598
97 0.0115467 0.000715626 0.010831 0.0122623
98 0.0109479 0.000342075 0.0106058 0.01129
99 0.0108624 0.000580092 0.0102823 0.0114425
100 0.0107769 0.000418997 0.0103579 0.0111959
101 0.0106913 0.00046849 0.0102228 0.0111598
102 0.0106913 0.000382477 0.0103088 0.0110738
103 0.0106913 0.000382477 0.0103088 0.0110738
104 0.0104347 0.000513221 0.00992148 0.0109479
105 0.0106913 0.00046849 0.0102228 0.0111598
106 0.0105202 0.000640032 0.00988019 0.0111603
107 0.0111189 0.000468469 0.0106505 0.0115874
108 0.0112045 0.00125121 0.00995326 0.0124557
109 0.0112045 0.000567351 0.0106371 0.0117718
110 0.0107768 0.000498747 0.0102781 0.0112755
111 0.0110334 0.000628514 0.0104049 0.011662
112 0.0109479 0.000342086 0.0106058 0.01129
113 0.0108624 0.000640088 0.0102223 0.0115025
114 0.0112045 0.000320063 0.0108844 0.0115246
115 0.0113755 0.00161378 0.00976177 0.0129893
116 0.0113756 0.00103346 0.0103421 0.012409
117 0.0107769 0.000419026 0.0103578 0.0111959
118 0.0107769 0.000498731 0.0102782 0.0112756
119 0.0106913 0.000540941 0.0101504 0.0112322
120 0.0108624 0.000436153 0.0104262 0.0112985
121 0.0107768 0.000498743 0.0102781 0.0112756
122 0.0106913 0.000270471 0.0104208 0.0109618
123 0.0106914 0.000270507 0.0104208 0.0109619
124 0.0108623 0.000436103 0.0104262 0.0112984
125 0.0106913 0.000270471 0.0104208 0.0109618
126 0.0108624 0.000209525 0.0106529 0.0110719
127 0.0108624 0.000209477 0.0106529 0.0110719
128 0.0132572 0.00367878 0.00957845 0.016936
129 0.0114611 0.000990097 0.010471 0.0124512
130 0.011119 0.000604791 0.0105142 0.0117238
131 0.0110334 0.000498695 0.0105347 0.0115321
132 0.0110334 0.000735781 0.0102976 0.0117692
133 0.0106914 0.000468469 0.0102229 0.0111598
134 0.0112045 0.00171913 0.00948536 0.0129236
135 0.0107768 0.000829269 0.00994758 0.0116061
136 0.0108624 0.000640057 0.0102223 0.0115024
137 0.0106058 0.000567351 0.0100385 0.0111732
138 0.0106058 0.000320031 0.0102858 0.0109258
139 0.0105203 0.00034211 0.0101782 0.0108624
140 0.0104347 0.000342168 0.0100926 0.0107769
141 0.0106058 0.000320025 0.0102857 0.0109258
142 0.0106913 0.000382529 0.0103088 0.0110739
143 0.0106058 0.000498763 0.010107 0.0111045
144 0.0103492 0.000320031 0.0100292 0.0106692
145 0.0108624 0.00051317 0.0103492 0.0113756
146 0.0106058 0.000320025 0.0102857 0.0109258
147 0.0106913 0.000604791 0.0100865 0.0112961
148 0.0105202 0.000436148 0.0100841 0.0109564
149 0.0107768 0.000567305 0.0102095 0.0113442
150 0.0106058 0.000419026 0.0101868 0.0110249
151 0.0107768 0.000735746 0.0100411 0.0115126
152 0.0105202 0.000580064 0.00994018 0.0111003
153 0.0112045 0.00149123 0.00971325 0.0126957
154 0.0109479 0.000880577 0.0100673 0.0118285
155 0.0105203 0.000436135 0.0100841 0.0109564
156 0.0106913 0.000897072 0.00979426 0.0115884
157 0.0105203 0.000580085 0.00994023 0.0111004
158 0.0104347 0.000580061 0.00985464 0.0110148
159 0.0105202 0.000580133 0.00994011 0.0111004
160 0.01531 0.0048489 0.0104611 0.0201589
161 0.0112045 0.00128008 0.00992443 0.0124846
162 0.01129 0.00128582 0.0100042 0.0125758
163 0.0106913 0.00046849 0.0102228 0.0111598
164 0.0128296 0.00389142 0.0089382 0.016721
165 0.0117176 0.000580098 0.0111375 0.0122977
166 0.0113756 0.000342092 0.0110335 0.0117177
167 0.0113756 0.000960076 0.0104155 0.0123357
168 0.0115466 0.00120958 0.010337 0.0127562
169 0.0113755 0.00119742 0.0101781 0.012573
170 0.0110334 0.000684234 0.0103492 0.0117176
171 0.0107769 0.000498715 0.0102782 0.0112756
172 0.011119 0.00173185 0.00938712 0.0128508
173 0.0108624 0.000960059 0.00990233 0.0118224
174 0.0110334 0.000735714 0.0102977 0.0117691
175 0.0106058 0.000320031 0.0102858 0.0109258
176 0.0106914 0.000270434 0.0104209 0.0109618
177 0.0124875 0.00445583 0.00803165 0.0169433
178 0.0107768 0.000418983 0.0103579 0.0111958
179 0.0106058 0.000320025 0.0102857 0.0109258
180 0.0104347 0.000209534 0.0102252 0.0106443
181 0.0122309 0.00394368 0.00828722 0.0161746
182 0.0146257 0.00808431 0.00654139 0.02271
183 0.0108624 0.000436093 0.0104263 0.0112985
184 0.0105202 0.000209515 0.0103107 0.0107298
185 0.0106913 0.00046849 0.0102228 0.0111598
186 0.0106058 0.000567348 0.0100384 0.0111731
187 0.0105203 0.000640075 0.00988019 0.0111603
188 0.0105202 0.000436148 0.0100841 0.0109564
189 0.0103492 0.000628517 0.00972071 0.0109777
190 0.0103492 0.000498743 0.00985049 0.010848
191 0.0110334 0.00158638 0.00944702 0.0126198
192 0.0129151 0.00381927 0.00909585 0.0167344
193 0.0109479 0.000793206 0.0101547 0.0117411
194 0.0103492 0.000498763 0.00985047 0.010848
195 0.0104347 0.000580098 0.00985465 0.0110148
196 0.0103492 0.000498731 0.00985045 0.0108479
197 0.0101781 0.000320019 0.00985813 0.0104982
198 0.0102637 0.000604791 0.00965887 0.0108685
199 0.0103492 0.000498743 0.00985049 0.010848
200 0.0102636 0.000382503 0.00988114 0.0106461
201 0.0102637 0.000382503 0.00988118 0.0106462
202 0.0104347 0.000436125 0.00999862 0.0108709
203 0.0102637 0.00046849 0.0097952 0.0107322
204 0.0106913 0.000604758 0.0100865 0.0112961
205 0.0104347 0.000436112 0.00999861 0.0108708
206 0.0126585 0.00439962 0.00825887 0.0170581
207 0.0105203 0.000580071 0.0099402 0.0111003
208 0.0105203 0.000793221 0.00972705 0.0113135
209 0.0101782 0.000567344 0.00961082 0.0107455
210 0.0108624 0.00163628 0.00922615 0.0124987
211 0.0104347 0.000793158 0.00964157 0.0112279
212 0.0102637 0.000715626 0.00954806 0.0109793
213 0.0102636 0.000382503 0.00988114 0.0106461
214 0.0101782 0.000320056 0.00985811 0.0104982
215 0.0104347 0.000436112 0.00999861 0.0108708
216 0.0107769 0.000320044 0.0104568 0.0110969
217 0.0106058 0.000320025 0.0102857 0.0109258
218 0.0104348 0.000436139 0.00999863 0.0108709
219 0.0103492 0.000320031 0.0100292 0.0106692
220 0.0124019 0.00407504 0.00832687 0.016477
221 0.0106914 0.000604807 0.0100865 0.0112962
222 0.0106058 0.000320044 0.0102858 0.0109259
223 0.0105202 0.000436093 0.0100841 0.0109563
224 0.0133428 0.00347849 0.00986427 0.0168212
225 0.0115466 0.00123944 0.0103072 0.0127861
226 0.011119 0.000936959 0.010182 0.0120559
227 0.0110334 0.000829245 0.0102042 0.0118627
228 0.010948 0.000793203 0.0101547 0.0117412
229 0.0113756 0.00180624 0.00956933 0.0131818
230 0.0110335 0.00156312 0.00947035 0.0125966
231 0.0106058 0.000735749 0.00987004 0.0113415
232 0.0105203 0.000436121 0.0100842 0.0109564
233 0.0107769 0.000498755 0.0102781 0.0112756
234 0.0129151 0.00468 0.00823509 0.0175951
235 0.0107769 0.000567337 0.0102095 0.0113442
236 0.0106058 0.000418992 0.0101868 0.0110248
237 0.0108624 0.000342116 0.0105202 0.0112045
238 0.0107768 0.00032005 0.0104568 0.0110969
239 0.0106058 0.000171014 0.0104348 0.0107768
240 0.0107769 0.000320013 0.0104569 0.0110969
241 0.0106058 0.000418992 0.0101868 0.0110248
242 0.0112901 0.000436139 0.0108539 0.0117262
243 0.0108623 0.000209515 0.0106528 0.0110719
244 0.0111189 0.000604807 0.0105141 0.0117238
245 0.0110334 0.000498719 0.0105347 0.0115322
246 0.0108624 0.000580092 0.0102823 0.0114425
247 0.0108624 0.000580105 0.0102823 0.0114425
248 0.0113756 0.00159099 0.00978461 0.0129666
249 0.0112045 0.00106137 0.0101431 0.0122659
250 0.0116321 0.00190099 0.00973116 0.0135331
251 0.0106913 0.000382555 0.0103088 0.0110739
252 0.0105202 0.000436148 0.0100841 0.0109564
253 0.0108624 0.000880598 0.00998177 0.011743
254 0.0106914 0.000382503 0.0103088 0.0110739
255 0.0107769 0.000498755 0.0102781 0.0112756
256 0.0119743 0.00135234 0.0106219 0.0133266
257 0.0109479 0.00074558 0.0102023 0.0116935
258 0.0106913 0.000468448 0.0102228 0.0111597
259 0.0109479 0.000513198 0.0104347 0.0114611
260 0.0108624 0.00043613 0.0104263 0.0112985
261 0.011119 0.000270471 0.0108485 0.0113895
262 0.0153099 0.00881587 0.00649407 0.0241258
263 0.0110334 0.000628495 0.0104049 0.0116619
264 0.0107769 0.000498731 0.0102782 0.0112756
265 0.011119 0.000468511 0.0106505 0.0115875
266 0.011119 0.000382503 0.0107365 0.0115015
267 0.0108624 0.000880559 0.00998183 0.0117429
268 0.0107768 0.000628498 0.0101483 0.0114053
269 0.012573 0.00356364 0.00900933 0.0161366
270 0.0106914 0.000382477 0.0103089 0.0110739
271 0.0113756 0.00119747 0.0101781 0.012573
272 0.0147968 0.00800341 0.00679337 0.0228002
273 0.0112045 0.00106139 0.0101431 0.0122659
274 0.0108624 0.000580102 0.0102823 0.0114425
275 0.0106058 0.00032 0.0102858 0.0109258
276 0.0105203 0.00043618 0.0100841 0.0109564
277 0.0106058 0.000567348 0.0100384 0.0111731
278 0.0128296 0.00452586 0.00830371 0.0173554
279 0.010948 0.000580064 0.0103679 0.011528
280 0.0106913 0.000382477 0.0103088 0.0110738
281 0.0105203 0.000342168 0.0101781 0.0108624
282 0.0107768 0.000735744 0.0100411 0.0115126
283 0.0105203 0.000436135 0.0100841 0.0109564
284 0.011119 0.00120959 0.0099094 0.0123286
285 0.0104347 0.000436144 0.00999856 0.0108708
286 0.0109479 0.000745601 0.0102023 0.0116935
287 0.0105203 0.000513194 0.0100071 0.0110335
288 0.0126585 0.00122761 0.0114309 0.0138861
289 0.0166785 0.00921988 0.00745857 0.0258983
290 0.0112901 0.000694835 0.0105952 0.0119849
291 0.0117177 0.0015204 0.0101973 0.0132381
292 0.0110334 0.000628546 0.0104049 0.011662
293 0.0109479 0.000793148 0.0101548 0.0117411
294 0.0105202 0.000436125 0.0100841 0.0109564
295 0.0106913 0.000270471 0.0104208 0.0109618
296 0.0106913 0.000382503 0.0103088 0.0110738
297 0.0106058 0.000498743 0.010107 0.0111045
298 0.0106913 0.000270507 0.0104208 0.0109618
299 0.0107768 0.000320019 0.0104568 0.0110969
300 0.0106914 0.000270434 0.0104209 0.0109618
301 0.0108624 0.000640088 0.0102223 0.0115025
302 0.0106058 0.000498747 0.010107 0.0111045
303 0.0106913 0.000604758 0.0100865 0.011296
304 0.0109479 0.000436107 0.0105118 0.011384
305 0.0108624 0.000745628 0.0101168 0.011608
306 0.0108624 0.000580095 0.0102823 0.0114425
307 0.0106058 0.000320007 0.0102858 0.0109258
308 0.0105202 0.000580126 0.00994009 0.0111003
309 0.0105203 0.000436089 0.0100842 0.0109564
310 0.0102636 0.000270507 0.00999313 0.0105341
311 0.0103492 0.000498707 0.0098505 0.0108479
312 0.0103492 0.000419011 0.00993022 0.0107682
313 0.0102637 0.000382529 0.00988116 0.0106462
314 0.0103492 0.000320069 0.0100291 0.0106693
315 0.0104347 0.000436135 0.00999859 0.0108709
316 0.0106913 0.000382503 0.0103088 0.0110738
317 0.0105203 0.00034211 0.0101782 0.0108624
318 0.0107768 0.000320025 0.0104568 0.0110968
319 0.0106058 0.000171037 0.0104348 0.0107769
320 0.0115467 0.000897028 0.0106496 0.0124437
321 0.0107769 0.000319982 0.0104569 0.0110969
322 0.0111189 0.000540941 0.010578 0.0116599
323 0.0107768 0.00032005 0.0104568 0.0110969
324 0.0106913 0.000715612 0.00997567 0.0114069
325 0.0106058 0.000567348 0.0100384 0.0111731
326 0.0124019 0.00407503 0.0083269 0.016477
327 0.0102637 0.000382503 0.00988118 0.0106462
328 0.0109479 0.000436139 0.0105118 0.0113841
329 0.0105202 0.000209496 0.0103107 0.0107297
330 0.0105202 0.00043608 0.0100842 0.0109563
331 0.0103492 0.000320063 0.0100291 0.0106693
332 0.0105202 0.000209468 0.0103108 0.0107297
333 0.0106058 0.000419026 0.0101868 0.0110249
334 0.0106058 0.000171072 0.0104347 0.0107769
335 0.0106058 0.000418992 0.0101868 0.0110248
336 0.0109479 0.00043613 0.0105118 0.011384
337 0.0110334 0.000320019 0.0107134 0.0113535
338 0.0108624 0.000209506 0.0106529 0.0110719
339 0.0109479 0.000694857 0.010253 0.0116428
340 0.0106058 0.000567348 0.0100384 0.0111731
341 0.0106914 0.000715626 0.00997572 0.011407
342 0.0106058 0.000320031 0.0102858 0.0109258
343 0.0108624 0.000640072 0.0102223 0.0115025
344 0.0106058 0.000498715 0.0101071 0.0111045
345 0.0104347 0.000513221 0.00992148 0.0109479
346 0.0105203 0.000436112 0.0100842 0.0109564
347 0.0106058 0.000320031 0.0102858 0.0109258
348 0.0105202 0.000209477 0.0103107 0.0107297
349 0.0104347 0.000209515 0.0102252 0.0106443
350 0.0104347 0.000513166 0.00992158 0.0109479
351 0.0105203 0.000640075 0.00988019 0.0111603
352 0.012744 0.00327261 0.00947143 0.0160166
353 0.0128296 0.00472354 0.00810606 0.0175531
354 0.012573 0.00294554 0.00962746 0.0155185
355 0.013856 0.00394366 0.0099123 0.0177996
356 0.0120598 0.00156314 0.0104967 0.013623
357 0.0110335 0.000498703 0.0105348 0.0115322
358 0.0110335 0.000783898 0.0102496 0.0118174
359 0.01129 0.000745609 0.0105444 0.0120356
360 0.0123164 0.0016318 0.0106846 0.0139482
361 0.0120598 0.00156314 0.0104967 0.013623
362 0.0121453 0.00139495 0.0107504 0.0135403
363 0.0133428 0.00328376 0.010059 0.0166265
364 0.0116322 0.00151562 0.0101166 0.0131478
365 0.0133428 0.00349942 0.00984334 0.0168422
366 0.0117177 0.0014715 0.0102462 0.0131892
367 0.0157376 0.00808434 0.00765328 0.023822
368 0.0118032 0.00119742 0.0106058 0.0130007
369 0.0116322 0.0014913 0.0101409 0.0131235
370 0.0115466 0.00155372 0.00999288 0.0131003
371 0.0118032 0.00144648 0.0103568 0.0132497
372 0.0118033 0.0014962 0.0103071 0.0132995
373 0.0118888 0.00144136 0.0104474 0.0133301
374 0.0114611 0.00136316 0.0100979 0.0128242
375 0.0196721 0.0159348 0.00373723 0.0356069
376 0.0115467 0.0017941 0.00975255 0.0133408
377 0.0115467 0.00135236 0.0101943 0.012899
378 0.0134283 0.00430723 0.00912107 0.0177355
379 0.0118887 0.00151561 0.0103731 0.0134043
380 0.0115466 0.00157708 0.00996952 0.0131237
381 0.0134283 0.0051147 0.00831357 0.018543
382 0.0118032 0.00159096 0.0102123 0.0133942
383 0.0115466 0.00175287 0.00979373 0.0132995
384 0.0126585 0.00165851 0.011 0.014317
385 0.0118887 0.00156314 0.0103256 0.0134519
386 0.0116321 0.00167606 0.00995609 0.0133082
387 0.0115466 0.00155372 0.00999289 0.0131003
388 0.0116322 0.00167605 0.00995612 0.0133082
389 0.01129 0.00165855 0.00963148 0.0129486
390 0.0113755 0.00180631 0.00956923 0.0131819
391 0.0118032 0.00165852 0.0101447 0.0134617
392 0.0118887 0.00156311 0.0103256 0.0134518
393 0.0118032 0.00139495 0.0104083 0.0131982
394 0.0117177 0.00192396 0.00979371 0.0136416
395 0.0115466 0.00193153 0.0096151 0.0134782
396 0.0118032 0.00192396 0.00987922 0.0137271
397 0.0115466 0.00173186 0.00981477 0.0132785
398 0.0118032 0.00144643 0.0103568 0.0132497
399 0.0126585 0.00292061 0.00973793 0.0155791
400 0.0126585 0.00233611 0.0103224 0.0149946
401 0.0124019 0.00216374 0.0102382 0.0145657
402 0.0123164 0.0021873 0.0101291 0.0145037
403 0.0124019 0.00227902 0.0101229 0.014681
404 0.0121453 0.00233611 0.00980922 0.0144814
405 0.0141126 0.00344253 0.0106701 0.0175551
406 0.0121453 0.00213998 0.0100054 0.0142853
407 0.0124019 0.00211243 0.0102895 0.0145143
408 0.0122308 0.00225644 0.00997441 0.0144873
409 0.0123165 0.00218732 0.0101291 0.0145038
410 0.0122309 0.0022402 0.00999068 0.0144711
411 0.0124019 0.00212975 0.0102722 0.0145317
412 0.012573 0.00199858 0.0105745 0.0145716
413 0.0130007 0.00213997 0.0108607 0.0151406
414 0.0122309 0.00242821 0.00980266 0.0146591
415 0.0124874 0.00225318 0.0102342 0.0147406
416 0.0132572 0.00253725 0.01072 0.0157945
417 0.0128296 0.00266382 0.0101658 0.0154934
418 0.0130862 0.00336299 0.00972316 0.0164491
419 0.0129151 0.00252857 0.0103865 0.0154437
420 0.0147968 0.0041691 0.0106277 0.0189659
421 0.0131717 0.00305286 0.0101189 0.0162246
422 0.0127441 0.0027503 0.00999376 0.0154944
423 0.0131717 0.0026966 0.0104751 0.0158683
424 0.0127441 0.00223689 0.0105072 0.0149809
425 0.0126585 0.00213996 0.0105186 0.0147985
426 0.0155666 0.00775738 0.00780923 0.023324
427 0.012573 0.00224021 0.0103328 0.0148132
428 0.0126585 0.00217391 0.0104846 0.0148324
429 0.012573 0.00205275 0.0105202 0.0146257
430 0.012744 0.00165414 0.0110899 0.0143982
431 0.0129151 0.00193913 0.010976 0.0148543
432 0.0123164 0.00252858 0.00978783 0.014845
433 0.0122309 0.00242824 0.00980265 0.0146591
434 0.012402 0.00196903 0.0104329 0.014371
435 0.0124019 0.00212971 0.0102722 0.0145316
436 0.012402 0.00271816 0.0096838 0.0151201
437 0.0150534 0.00718867 0.0078647 0.022242
438 0.0126585 0.002517 0.0101415 0.0151755
439 0.0159087 0.005721 0.0101877 0.0216297
440 0.0124874 0.00255737 0.00993006 0.0150448
441 0.0124019 0.00262231 0.00977963 0.0150242
442 0.0124019 0.00227902 0.0101229 0.014681
443 0.0137704 0.00522647 0.00854395 0.0189969
444 0.0123164 0.00204915 0.0102673 0.0143656
445 0.0115467 0.00177359 0.00977306 0.0133202
446 0.0112045 0.00190101 0.00930353 0.0131055
447 0.0114611 0.00201314 0.00944793 0.0134742
448 0.0121453 0.00188552 0.0102598 0.0140308
449 0.0116321 0.00193909 0.00969306 0.0135712
450 0.0114611 0.00201313 0.00944796 0.0134742
451 0.0114611 0.00184239 0.00961872 0.0133035
452 0.0116321 0.00211934 0.00951276 0.0137514
453 0.0115466 0.00195037 0.00959626 0.013497
454 0.0115466 0.00214676 0.00939984 0.0136934
455 0.0123164 0.00241005 0.00990637 0.0147265
456 0.0117177 0.00207049 0.00964717 0.0137882
457 0.0147113 0.00648905 0.00822222 0.0212003
458 0.0120598 0.0019765 0.0100833 0.0140363
459 0.0113756 0.00205276 0.00932283 0.0134284
460 0.0145402 0.00624428 0.00829593 0.0207845
461 0.0115467 0.00198758 0.00955908 0.0135342
462 0.0113756 0.00184635 0.00952921 0.0132219
463 0.0112045 0.00190102 0.00930349 0.0131055
464 0.0136849 0.00451777 0.00916713 0.0182027
465 0.0116321 0.0019391 0.00969305 0.0135712
466 0.0114611 0.00201313 0.00944796 0.0134742
467 0.0113755 0.00205273 0.00932281 0.0134283
468 0.0120598 0.00182245 0.0102374 0.0138823
469 0.0116321 0.00210206 0.00953007 0.0137342
470 0.0116321 0.00211938 0.00951277 0.0137515
471 0.0114611 0.00197645 0.00948466 0.0134376
472 0.0115466 0.00195044 0.00959616 0.013497
473 0.0115466 0.00173187 0.00981476 0.0132785
474 0.0115467 0.00235794 0.00918872 0.0139046
475 0.0135138 0.00630031 0.00721348 0.0198141
476 0.0117177 0.0019429 0.00977482 0.0136606
477 0.01129 0.00188557 0.00940446 0.0131756
478 0.01129 0.00184637 0.00944363 0.0131364
479 0.0112045 0.00190102 0.00930349 0.0131055
480 0.0121454 0.0020705 0.0100748 0.0142159
481 0.0116322 0.00190102 0.0097312 0.0135332
482 0.0115466 0.00195039 0.00959622 0.013497
483 0.0114611 0.00199494 0.00946615 0.013456
484 0.0113756 0.0018063 0.00956926 0.0131819
485 0.0115467 0.00175285 0.0097938 0.0132995
486 0.0153955 0.00789943 0.0074961 0.023295
487 0.0116321 0.0017403 0.00989185 0.0133725
488 0.0114611 0.00178182 0.00967931 0.013243
489 0.0118032 0.00182643 0.00997676 0.0136296
490 0.0118032 0.00159096 0.0102123 0.0133942
491 0.0120598 0.00188168 0.0101781 0.0139414
492 0.0118888 0.00192013 0.00996862 0.0138089
493 0.0118032 0.00225643 0.00954678 0.0140596
494 0.0143691 0.00736062 0.00700853 0.0217298
495 0.0120598 0.00158633 0.0104735 0.0136461
496 0.0116322 0.00192013 0.00971204 0.0135523
497 0.0172772 0.011381 0.0058962 0.0286582
498 0.01129 0.00184636 0.00944367 0.0131364
499 0.0116322 0.00169773 0.00993445 0.0133299
500 0.0115466 0.00173187 0.00981476 0.0132785
501 0.0114611 0.00199489 0.00946617 0.013456
502 0.0114611 0.00156311 0.00989798 0.0130242
503 0.011461 0.00178181 0.00967923 0.0132428
504 0.0113755 0.00201683 0.00935872 0.0133924
505 0.0160797 0.00862375 0.007456 0.0247035
506 0.0118887 0.00182241 0.0100663 0.0137111
507 0.01129 0.00184637 0.00944366 0.0131364
508 0.0117177 0.0016804 0.0100373 0.0133981
509 0.0118032 0.00176529 0.0100379 0.0135685
510 0.0118887 0.00182241 0.0100663 0.0137111
511 0.0115466 0.00177362 0.00977301 0.0133202
512 0.0128296 0.00221387 0.0106157 0.0150435
513 0.0119743 0.00218064 0.00979365 0.0141549
514 0.0120598 0.00186218 0.0101976 0.013922
515 0.0118888 0.00206694 0.00982181 0.0139557
516 0.0116321 0.00190101 0.00973112 0.0135331
517 0.0119743 0.00198756 0.00998674 0.0139618
518 0.0115466 0.0019504 0.00959619 0.013497
519 0.0116321 0.0019391 0.00969302 0.0135712
520 0.0119743 0.00260833 0.00936601 0.0145827
521 0.0119743 0.00238875 0.00958553 0.014363
522 0.0118888 0.00241009 0.00947867 0.0142988
523 0.0119743 0.00258014 0.00939417 0.0145545
524 0.0118032 0.00289544 0.00890777 0.0146987
525 0.0123164 0.00244024 0.00987613 0.0147566
526 0.0118032 0.00203485 0.00976836 0.0138381
527 0.0118888 0.00182241 0.0100663 0.0137112
528 0.0116322 0.00211936 0.00951281 0.0137515
529 0.0117177 0.00186608 0.00985166 0.0135838
530 0.0118888 0.0017818 0.010107 0.0136706
531 0.0118888 0.00244025 0.0094485 0.014329
532 0.0142836 0.00718964 0.00709399 0.0214733
533 0.0118888 0.001901 0.00998776 0.0137897
534 0.0116322 0.00193908 0.00969309 0.0135713
535 0.0115466 0.00195043 0.0095962 0.0134971
536 0.0116321 0.00211938 0.00951277 0.0137515
537 0.0116322 0.00215361 0.00947857 0.0137858
538 0.0126585 0.00271281 0.00994568 0.0153713
539 0.0117177 0.00208807 0.00962962 0.0138058
540 0.0163364 0.0112965 0.00503981 0.0276329
541 0.0118032 0.00207049 0.00973272 0.0138737
542 0.0114611 0.00199489 0.00946617 0.013456
543 0.0116322 0.00215361 0.00947857 0.0137858
544 0.012573 0.00228863 0.0102843 0.0148616
545 0.0120598 0.00190102 0.0101588 0.0139608
546 0.0120598 0.00193913 0.0101207 0.0139989
547 0.0118888 0.00201314 0.00987563 0.0139019
548 0.0129151 0.00242522 0.0104899 0.0153403
549 0.0118888 0.0018022 0.0100866 0.013691
550 0.0118032 0.00245818 0.00934503 0.0142614
551 0.0116321 0.00211932 0.00951283 0.0137515
552 0.0118888 0.00204918 0.00983957 0.0139379
553 0.0118033 0.00188558 0.00991767 0.0136888
554 0.0120598 0.00195789 0.0101019 0.0140177
555 0.0118032 0.00205269 0.00975052 0.0138559
556 0.0112045 0.000684243 0.0105203 0.0118888
557 0.0112045 0.000913247 0.0102913 0.0121178
558 0.0107769 0.000498715 0.0102782 0.0112756
559 0.0110334 0.000735771 0.0102977 0.0117692
560 0.0110334 0.000735781 0.0102976 0.0117692
561 0.0112901 0.000960115 0.01033 0.0122502
562 0.0108624 0.000640032 0.0102223 0.0115024
563 0.0112901 0.000640054 0.01065 0.0119301
564 0.01129 0.0010335 0.0102565 0.0123235
565 0.0110335 0.000913205 0.0101203 0.0119467
566 0.0106913 0.000468469 0.0102229 0.0111598
567 0.0106913 0.000604824 0.0100865 0.0112961
568 0.0105203 0.00034211 0.0101782 0.0108624
569 0.0107769 0.000628539 0.0101484 0.0114054
570 0.0109479 0.000745634 0.0102023 0.0116936
571 0.0106913 0.0006625 0.0100288 0.0113538
572 0.0106058 0.000567369 0.0100384 0.0111732
573 0.0122309 0.00352235 0.00870854 0.0157533
574 0.0106058 0.000498775 0.0101071 0.0111046
575 0.0107768 0.000498719 0.0102781 0.0112756
576 0.0119743 0.000897061 0.0110773 0.0128714
577 0.012573 0.003363 0.00921 0.015936
578 0.0107769 0.000320044 0.0104568 0.0110969
579 0.0113755 0.000209496 0.011166 0.011585
580 0.0110334 0.000320013 0.0107134 0.0113534
581 0.0109479 0.00043613 0.0105118 0.011384
582 0.0109479 0.000793198 0.0101547 0.0117411
583 0.0109479 0.000640026 0.0103079 0.0115879
584 0.0112045 0.000320025 0.0108845 0.0115246
585 0.0107768 0.000320019 0.0104568 0.0110969
586 0.0108624 0.000436144 0.0104263 0.0112986
587 0.0141125 0.00684779 0.00726472 0.0209603
588 0.011119 0.000662515 0.0104565 0.0117815
589 0.0109479 0.000580136 0.0103678 0.011528
590 0.0109479 0.000745634 0.0102023 0.0116936
591 0.0108624 0.000436061 0.0104263 0.0112984
592 0.0107768 0.000320019 0.0104568 0.0110969
593 0.0110334 0.000171084 0.0108623 0.0112045
594 0.0107769 0.000320069 0.0104568 0.011097
595 0.0107769 0.000171084 0.0106058 0.010948
596 0.0106913 0.000270471 0.0104209 0.0109618
597 0.0106058 0.000171037 0.0104348 0.0107769
598 0.0143691 0.00714373 0.00722536 0.0215128
599 0.0108624 0.000209477 0.0106529 0.0110719
600 0.0106058 0.000320038 0.0102858 0.0109258
601 0.0108624 0.000209477 0.0106529 0.0110719
602 0.0107768 0.000320019 0.0104568 0.0110969
603 0.0110335 0.000498707 0.0105348 0.0115322
604 0.0107769 0.000418954 0.0103579 0.0111958
605 0.0109479 0.00043613 0.0105118 0.011384
606 0.0112901 0.00125699 0.0100331 0.0125471
607 0.0109479 0.000580068 0.0103678 0.011528
608 0.0131717 0.0020492 0.0111225 0.0152209
609 0.0112901 0.000793153 0.0104969 0.0120832
610 0.0110334 0.000913218 0.0101202 0.0119466
611 0.0109479 0.000745601 0.0102023 0.0116935
612 0.0109479 0.000580085 0.0103678 0.011528
613 0.0110335 0.000735773 0.0102977 0.0117692
614 0.0109479 0.000745655 0.0102023 0.0116936
615 0.0107768 0.000418988 0.0103578 0.0111958
616 0.0107769 0.000419002 0.0103579 0.0111959
617 0.0106914 0.000270507 0.0104208 0.0109619
618 0.0112045 0.000418997 0.0107855 0.0116235
619 0.0106913 0.000270507 0.0104208 0.0109618
620 0.0111189 0.000382503 0.0107364 0.0115014
621 0.0108624 0.000342116 0.0105202 0.0112045
622 0.0107769 0.000498731 0.0102782 0.0112756
623 0.0106913 4.65661e-008 0.0106913 0.0106914
624 0.0107769 0.000171084 0.0106058 0.010948
625 0.0106913 0.000270471 0.0104208 0.0109618
626 0.0110334 0.000498699 0.0105347 0.0115321
627 0.011119 0.000382529 0.0107364 0.0115015
628 0.0112901 0.000640069 0.01065 0.0119301
629 0.01129 0.00034211 0.0109479 0.0116321
630 0.0112045 0.000320031 0.0108845 0.0115245
631 0.0113756 0.000580088 0.0107955 0.0119557
632 0.01129 0.000436112 0.0108539 0.0117261
633 0.011119 0.000382451 0.0107365 0.0115014
634 0.011119 0.000270471 0.0108485 0.0113895
635 0.0112045 0.000419011 0.0107855 0.0116235
636 0.011119 0.00046849 0.0106505 0.0115875
637 0.011119 0.000604791 0.0105142 0.0117238
638 0.0108624 0.000436093 0.0104263 0.0112985
639 0.011119 0.000604791 0.0105142 0.0117238
640 0.0124875 0.0011913 0.0112962 0.0136788
641 0.0116321 0.000872205 0.0107599 0.0125044
642 0.0112901 0.000209515 0.0110805 0.0114996
643 0.01129 0.000209506 0.0110805 0.0114995
644 0.0110335 0.000320025 0.0107134 0.0113535
645 0.01129 0.000580122 0.0107099 0.0118702
646 0.0112045 0.000498707 0.0107058 0.0117032
647 0.0176193 0.0132349 0.00438443 0.0308542
648 0.011119 0.000715584 0.0104034 0.0118346
649 0.0107768 0.000320019 0.0104568 0.0110969
650 0.0109479 0.00043613 0.0105118 0.011384
651 0.011119 0.000540941 0.010578 0.0116599
652 0.0109479 0.000342075 0.0106058 0.01129
653 0.0109479 0.000580057 0.0103679 0.011528
654 0.0107768 0.000320025 0.0104568 0.0110968
655 0.0112045 0.000498727 0.0107058 0.0117032
656 0.0110334 0.000498739 0.0105347 0.0115322
657 0.011119 0.000604791 0.0105142 0.0117238
658 0.0112045 0.000418992 0.0107855 0.0116235
659 0.0111189 0.000382503 0.0107364 0.0115014
660 0.0112045 0.00062852 0.010576 0.011833
661 0.0109479 0.000342133 0.0106058 0.01129
662 0.0112901 0.000209515 0.0110805 0.0114996
663 0.0115466 0.0015059 0.0100407 0.0130525
664 0.0112045 0.000829279 0.0103752 0.0120337
665 0.0110334 0.000628514 0.0104049 0.011662
666 0.0112045 0.000872278 0.0103322 0.0120768
667 0.0108623 0.000436103 0.0104262 0.0112984
668 0.0108624 0.00043613 0.0104263 0.0112985
669 0.0109479 0.00034215 0.0106057 0.01129
670 0.0108624 0.000342121 0.0105203 0.0112045
671 0.0109479 0.000436144 0.0105117 0.011384
672 0.0115466 0.000382503 0.0111641 0.0119291
673 0.0109479 0.000342133 0.0106058 0.01129
674 0.012402 0.00343189 0.00897007 0.0158338
675 0.0109479 0.000580095 0.0103678 0.011528
676 0.0107768 0.000320025 0.0104568 0.0110968
677 0.011119 0.000604758 0.0105142 0.0117237
678 0.0107768 0.000320019 0.0104568 0.0110969
679 0.0107768 0.000498743 0.0102781 0.0112756
680 0.0107768 0.00032005 0.0104568 0.0110969
681 0.0110334 0.000319982 0.0107134 0.0113534
682 0.0218958 0.0221959 -0.000300015 0.0440917
683 0.011119 0.00046849 0.0106505 0.0115875
684 0.0107769 0.000498755 0.0102781 0.0112756
685 0.0110334 0.000735781 0.0102976 0.0117692
686 0.0106913 0.00054096 0.0101503 0.0112323
687 0.0106913 0.000540941 0.0101504 0.0112323
688 0.0107768 0.000320019 0.0104568 0.0110969
689 0.0106913 0.000270471 0.0104209 0.0109618
690 0.0107769 0.000320007 0.0104569 0.0110969
691 0.012744 0.00370262 0.00904139 0.0164466
692 0.0107768 0.000320019 0.0104568 0.0110969
693 0.0108624 0.000580068 0.0102823 0.0114425
694 0.0108624 0.000580092 0.0102823 0.0114425
695 0.010948 0.000745626 0.0102023 0.0116936
696 0.0110335 0.000628549 0.0104049 0.011662
697 0.0109479 0.000580146 0.0103677 0.011528
698 0.0108624 0.000793198 0.0100692 0.0116556
699 0.011119 0.000662515 0.0104565 0.0117815
700 0.0121453 0.00210549 0.0100398 0.0142508
701 0.0109479 0.000209477 0.0107384 0.0111574
702 0.0110334 0.000628514 0.0104049 0.011662
703 0.0108624 0.00043613 0.0104263 0.0112985
704 0.0121453 0.000436135 0.0117092 0.0125815
705 0.0110334 0.000498715 0.0105347 0.0115321
706 0.011119 0.000382477 0.0107365 0.0115014
707 0.010948 0.000342127 0.0106058 0.0112901
708 0.0109479 0.000209506 0.0107384 0.0111574
709 0.0108624 0.000209506 0.0106529 0.0110719
710 0.0108623 0.000436103 0.0104262 0.0112984
711 0.0108624 0.000436144 0.0104263 0.0112986
712 0.0108624 0.000640047 0.0102223 0.0115024
713 0.0107769 0.000567337 0.0102095 0.0113442
714 0.0107769 0.000320075 0.0104568 0.0110969
715 0.0119743 0.00218064 0.00979365 0.0141549
716 0.0106913 0.000540905 0.0101504 0.0112322
717 0.011119 0.00046849 0.0106505 0.0115875
718 0.0106914 0.000382503 0.0103088 0.0110739
719 0.0110334 0.000419026 0.0106144 0.0114525
720 0.0109479 0.000436139 0.0105118 0.0113841
721 0.0110334 0.000498739 0.0105347 0.0115322
722 0.011119 0.00054096 0.010578 0.01166
723 0.0115466 0.000811387 0.0107352 0.012358
724 0.0111189 0.00054096 0.010578 0.0116599
725 0.0108624 0.000640047 0.0102223 0.0115024
726 0.0106913 0.000270471 0.0104209 0.0109618
727 0.0110335 0.000498743 0.0105347 0.0115322
728 0.0104348 0.000436093 0.00999868 0.0108709
729 0.0106058 0.000320007 0.0102858 0.0109258
730 0.0106913 0.00054096 0.0101503 0.0112323
731 0.0104347 0.000436144 0.00999856 0.0108708
732 0.0105203 0.000436144 0.0100841 0.0109564
733 0.0105202 0.000436139 0.0100841 0.0109564
734 0.0106913 0.000604791 0.0100865 0.0112961
735 0.0106058 0.000419026 0.0101868 0.0110249
736 0.0110335 0.000171072 0.0108624 0.0112046
737 0.0106914 0.000270471 0.0104209 0.0109618
738 0.0106058 0.000320007 0.0102858 0.0109258
739 0.0105202 0.000209515 0.0103107 0.0107298
740 0.0105203 0.000694832 0.00982543 0.0112151
741 0.0105203 0.000436112 0.0100842 0.0109564
742 0.0106058 0.000684231 0.00992155 0.01129
743 0.0104347 0.000436112 0.00999861 0.0108708
744 0.011119 0.000382503 0.0107365 0.0115015
745 0.0108624 0.000436098 0.0104263 0.0112985
746 0.0108624 0.000436153 0.0104262 0.0112985
747 0.0106058 0.000418992 0.0101868 0.0110248
748 0.0106058 0.000418992 0.0101868 0.0110248
749 0.0104348 0.000436139 0.00999863 0.0108709
750 0.0105202 0.000342127 0.0101781 0.0108624
751 0.0105203 0.000436112 0.0100842 0.0109564
752 0.0105203 0.00043618 0.0100841 0.0109564
753 0.0113755 0.00113471 0.0102408 0.0125103
754 0.0109479 0.000640057 0.0103078 0.011588
755 0.011119 0.00114752 0.00997145 0.0122665
756 0.0110335 0.000990105 0.0100434 0.0120236
757 0.0110335 0.000320025 0.0107134 0.0113535
758 0.0106913 5.70316e-008 0.0106912 0.0106914
759 0.0107768 0.000735746 0.0100411 0.0115126
760 0.0106058 0.000628508 0.0099773 0.0112343
761 0.0106913 0.000715584 0.00997572 0.0114069
762 0.0105202 0.000580064 0.00994018 0.0111003
763 0.0116322 0.00213655 0.00949562 0.0137687
764 0.0110335 0.000684234 0.0103493 0.0117178
765 0.0124019 0.0027182 0.00968373 0.0151201
766 0.0106058 0.000418992 0.0101868 0.0110248
767 0.0159087 0.0106533 0.00525541 0.026562
768 0.0113756 0.00069486 0.0106807 0.0120704
769 0.0107769 0.000320007 0.0104569 0.0110969
770 0.0106058 0.000320025 0.0102857 0.0109258
771 0.0104347 0.000209468 0.0102253 0.0106442
772 0.012573 0.00356364 0.00900933 0.0161366
773 0.0107769 0.000418954 0.0103579 0.0111958
774 0.0109479 0.000580085 0.0103678 0.011528
775 0.0106913 0.000468469 0.0102229 0.0111598
776 0.0108624 0.000513182 0.0103492 0.0113756
777 0.010948 0.000580064 0.0103679 0.011528
778 0.0109479 0.000997431 0.00995048 0.0119453
779 0.0108624 0.000580136 0.0102823 0.0114425
780 0.0106913 0.000662515 0.0100288 0.0113538
781 0.0106058 0.00032 0.0102858 0.0109258
782 0.0103492 0.000320031 0.0100292 0.0106692
783 0.0105202 0.000342098 0.0101781 0.0108623
784 0.0130862 0.00481254 0.00827368 0.0178988
785 0.0105203 0.00034211 0.0101782 0.0108624
786 0.0105202 0.000342127 0.0101781 0.0108624
787 0.0106913 0.000540941 0.0101504 0.0112323
788 0.0111191 0.00132503 0.00979403 0.0124441
789 0.0104347 0.000209534 0.0102252 0.0106443
790 0.0105203 0.000209506 0.0103108 0.0107298
791 0.0106058 0.000320007 0.0102858 0.0109258
792 0.0106913 0.000382529 0.0103088 0.0110738
793 0.0120598 0.00254299 0.0095168 0.0146028
794 0.0116322 0.00190104 0.00973113 0.0135332
795 0.0117177 0.00144647 0.0102713 0.0131642
796 0.0107769 0.000320044 0.0104568 0.0110969
797 0.0108624 0.000640094 0.0102223 0.0115025
798 0.0108624 0.000436098 0.0104263 0.0112985
799 0.0108624 0.000640047 0.0102223 0.0115024
