# ../output/graphs/perf_parallel55QUADRUPED_thread4
# step - mean (0.217993) - standard deviation (0.0297847) r=20 - ylow - yhigh
0 0.222829 0.035247 0.187582 0.258077
1 0.205552 0.0322683 0.173284 0.237821
2 0.200677 0.033248 0.167429 0.233925
3 0.205403 0.0335926 0.17181 0.238995
4 0.212758 0.0279031 0.184855 0.240661
5 0.211518 0.0303889 0.181129 0.241907
6 0.205894 0.0334888 0.172406 0.239383
7 0.208867 0.0335755 0.175291 0.242442
8 0.201639 0.036454 0.165185 0.238093
9 0.204547 0.0361188 0.168428 0.240666
10 0.216735 0.0270887 0.189647 0.243824
11 0.217911 0.0188743 0.199037 0.236786
12 0.221076 0.0189014 0.202175 0.239978
13 0.217548 0.0183309 0.199217 0.235879
14 0.21881 0.0187571 0.200052 0.237567
15 0.219408 0.0184594 0.200949 0.237868
16 0.215303 0.0247469 0.190556 0.24005
17 0.216607 0.0265837 0.190023 0.243191
18 0.21928 0.0176828 0.201597 0.236963
19 0.207498 0.0315841 0.175914 0.239082
20 0.205959 0.033341 0.172618 0.2393
21 0.207755 0.0338414 0.173913 0.241596
22 0.216222 0.0257973 0.190425 0.24202
23 0.215752 0.0258929 0.189859 0.241645
24 0.219344 0.0185609 0.200783 0.237905
25 0.215581 0.0251815 0.190399 0.240762
26 0.207712 0.0327616 0.17495 0.240473
27 0.220135 0.0265476 0.193588 0.246683
28 0.223599 0.0193673 0.204232 0.242967
29 0.224433 0.0200627 0.20437 0.244496
30 0.219323 0.0263479 0.192975 0.245671
31 0.213892 0.0304114 0.18348 0.244303
32 0.214063 0.0351709 0.178892 0.249233
33 0.211518 0.0347508 0.176767 0.246269
34 0.215645 0.0309706 0.184674 0.246615
35 0.22176 0.0258777 0.195883 0.247638
36 0.213186 0.0326263 0.18056 0.245812
37 0.205103 0.0400711 0.165032 0.245174
38 0.208738 0.0387739 0.169964 0.247512
39 0.226122 0.0197787 0.206344 0.245901
40 0.221269 0.0250725 0.196196 0.246341
41 0.219301 0.0261572 0.193144 0.245459
42 0.211924 0.0338746 0.17805 0.245799
43 0.215367 0.0304937 0.184873 0.245861
44 0.21588 0.0315047 0.184375 0.247385
45 0.218254 0.030219 0.188035 0.248473
46 0.212053 0.0337249 0.178328 0.245778
47 0.208075 0.0343869 0.173689 0.242462
48 0.216671 0.0272165 0.189455 0.243888
49 0.223514 0.00284406 0.22067 0.226358
50 0.215196 0.0232396 0.191956 0.238436
51 0.212694 0.0303566 0.182337 0.243051
52 0.207156 0.0325676 0.174588 0.239724
53 0.210299 0.0302672 0.180032 0.240566
54 0.202238 0.0363484 0.16589 0.238586
55 0.208033 0.033327 0.174706 0.24136
56 0.206087 0.0336904 0.172396 0.239777
57 0.214041 0.0253778 0.188663 0.239419
58 0.209444 0.0282656 0.181178 0.23771
59 0.204697 0.0321963 0.172501 0.236893
60 0.201383 0.0411503 0.160232 0.242533
61 0.207776 0.03608 0.171696 0.243856
62 0.210235 0.0319096 0.178325 0.242145
63 0.197961 0.0358297 0.162132 0.233791
64 0.19578 0.0398051 0.155975 0.235585
65 0.190071 0.039443 0.150628 0.229514
66 0.198774 0.036959 0.161815 0.235733
67 0.200506 0.035828 0.164678 0.236334
68 0.206514 0.0373915 0.169123 0.243906
69 0.212031 0.0312848 0.180746 0.243316
70 0.200463 0.0384299 0.162033 0.238893
71 0.196785 0.0395173 0.157268 0.236303
72 0.209615 0.040359 0.169256 0.249974
73 0.218489 0.0358366 0.182652 0.254325
74 0.233179 0.0106639 0.222515 0.243843
75 0.231254 0.0187822 0.212472 0.250037
76 0.234483 0.00331839 0.231165 0.237801
77 0.235702 0.00431757 0.231384 0.240019
78 0.231725 0.0190296 0.212695 0.250754
79 0.231019 0.0196007 0.211418 0.25062
80 0.23149 0.0198033 0.211686 0.251293
81 0.228047 0.0221205 0.205926 0.250167
82 0.226315 0.0248572 0.201458 0.251172
83 0.218361 0.0347874 0.183573 0.253148
84 0.221162 0.0317048 0.189457 0.252866
85 0.221803 0.0303789 0.191424 0.252182
86 0.226208 0.0259849 0.200223 0.252193
87 0.217569 0.0420774 0.175492 0.259647
88 0.211625 0.0379909 0.173634 0.249616
89 0.20799 0.0398897 0.1681 0.24788
90 0.208589 0.0404268 0.168162 0.249015
91 0.213186 0.0384103 0.174776 0.251596
92 0.221653 0.0324311 0.189222 0.254085
93 0.225011 0.0272612 0.197749 0.252272
94 0.226379 0.0261742 0.200205 0.252553
95 0.227085 0.0267303 0.200354 0.253815
96 0.232388 0.0191212 0.213266 0.251509
97 0.230613 0.0191778 0.211435 0.249791
98 0.220648 0.0303085 0.19034 0.250957
99 0.217933 0.0493267 0.168606 0.26726
100 0.209102 0.0400047 0.169097 0.249106
101 0.207241 0.0390038 0.168238 0.246245
102 0.217035 0.0358398 0.181195 0.252875
103 0.215773 0.0341022 0.181671 0.249875
104 0.225438 0.0257458 0.199692 0.251184
105 0.216906 0.0356349 0.181272 0.252541
106 0.220777 0.0317506 0.189026 0.252527
107 0.221996 0.0325922 0.189403 0.254588
108 0.227662 0.0297478 0.197914 0.25741
109 0.223535 0.0338126 0.189723 0.257348
110 0.222188 0.0339964 0.188192 0.256184
111 0.227619 0.0302905 0.197329 0.25791
112 0.22732 0.0282247 0.199095 0.255545
113 0.22454 0.0258978 0.198642 0.250438
114 0.221012 0.0307592 0.190253 0.251771
115 0.216778 0.0338204 0.182958 0.250599
116 0.211946 0.0340947 0.177851 0.24604
117 0.207755 0.03685 0.170905 0.244605
118 0.20923 0.0370661 0.172164 0.246296
119 0.208225 0.0377585 0.170467 0.245984
120 0.211796 0.0344701 0.177326 0.246266
121 0.217954 0.0305344 0.18742 0.248489
122 0.219451 0.0312759 0.188175 0.250727
123 0.207776 0.0363243 0.171452 0.2441
124 0.208161 0.0375119 0.170649 0.245673
125 0.214469 0.0306096 0.183859 0.245078
126 0.221055 0.0247741 0.196281 0.245829
127 0.221589 0.0188019 0.202787 0.240391
128 0.22407 0.0204173 0.203652 0.244487
129 0.212929 0.0336064 0.179323 0.246536
130 0.211817 0.0386972 0.17312 0.250515
131 0.205552 0.039237 0.166315 0.244789
132 0.204847 0.0395905 0.165256 0.244437
133 0.207648 0.0365427 0.171105 0.24419
134 0.211967 0.0342007 0.177766 0.246168
135 0.216842 0.0304734 0.186369 0.247316
136 0.214768 0.0297715 0.184997 0.24454
137 0.219879 0.0260147 0.193864 0.245893
138 0.21727 0.0295974 0.187673 0.246867
139 0.21727 0.0315259 0.185744 0.248796
140 0.214298 0.0301671 0.184131 0.244465
141 0.211411 0.0324678 0.178943 0.243879
142 0.215495 0.0309968 0.184498 0.246492
143 0.21186 0.0345759 0.177284 0.246436
144 0.224326 0.0186736 0.205653 0.243
145 0.224497 0.0189232 0.205574 0.243421
146 0.218831 0.0242643 0.194567 0.243095
147 0.219152 0.025562 0.19359 0.244714
148 0.213785 0.0303487 0.183436 0.244133
149 0.208653 0.0333079 0.175345 0.241961
150 0.20149 0.0379993 0.16349 0.239489
151 0.202088 0.039795 0.162293 0.241883
152 0.214469 0.0301196 0.184349 0.244588
153 0.215046 0.030705 0.184341 0.245751
154 0.215153 0.0312922 0.183861 0.246445
155 0.209401 0.0342984 0.175103 0.2437
156 0.211796 0.0362069 0.175589 0.248003
157 0.214127 0.0316655 0.182461 0.245792
158 0.218916 0.0253891 0.193527 0.244306
159 0.223043 0.0190906 0.203953 0.242134
160 0.223535 0.0270067 0.196528 0.250542
161 0.223578 0.025791 0.197787 0.249369
162 0.223984 0.0188701 0.205114 0.242854
163 0.225053 0.0197597 0.205294 0.244813
164 0.226486 0.0186809 0.207805 0.245167
165 0.219879 0.0267584 0.19312 0.246637
166 0.212651 0.0350752 0.177576 0.247727
167 0.211882 0.0332592 0.178622 0.245141
168 0.209914 0.0400209 0.169893 0.249935
169 0.21511 0.0381186 0.176992 0.253229
170 0.215431 0.0327355 0.182696 0.248167
171 0.223792 0.0236343 0.200157 0.247426
172 0.217548 0.0308167 0.186731 0.248365
173 0.214469 0.0305177 0.183951 0.244987
174 0.209166 0.0331742 0.175992 0.24234
175 0.208524 0.0339853 0.174539 0.24251
176 0.21278 0.0308423 0.181937 0.243622
177 0.210919 0.0295304 0.181389 0.24045
178 0.212673 0.030466 0.182207 0.243139
179 0.199394 0.0372781 0.162116 0.236672
180 0.197641 0.0383493 0.159291 0.23599
181 0.207092 0.0337332 0.173359 0.240825
182 0.214298 0.0246823 0.189615 0.23898
183 0.208867 0.0286421 0.180224 0.237509
184 0.205381 0.0327355 0.172646 0.238117
185 0.209337 0.029409 0.179928 0.238746
186 0.204569 0.031828 0.172741 0.236397
187 0.203927 0.0325311 0.171396 0.236458
188 0.200784 0.0357125 0.165071 0.236496
189 0.209038 0.0299369 0.179101 0.238975
190 0.209187 0.0284968 0.180691 0.237684
191 0.210663 0.0295532 0.18111 0.240216
192 0.211625 0.0294322 0.182193 0.241057
193 0.214597 0.0250262 0.189571 0.239623
194 0.214875 0.0240319 0.190843 0.238907
195 0.209358 0.032432 0.176926 0.24179
196 0.20104 0.0369472 0.164093 0.237988
197 0.203991 0.0366747 0.167317 0.240666
198 0.207391 0.0320765 0.175315 0.239468
199 0.216372 0.0251959 0.191176 0.241568
200 0.219943 0.0310473 0.188896 0.25099
201 0.224412 0.0273795 0.197032 0.251791
202 0.225395 0.0268768 0.198519 0.252272
203 0.227448 0.0196806 0.207768 0.247129
204 0.229715 0.0201503 0.209564 0.249865
205 0.232858 0.00397857 0.228879 0.236837
206 0.232366 0.00354535 0.228821 0.235912
207 0.228966 0.0194216 0.209545 0.248388
208 0.219986 0.0309412 0.189044 0.250927
209 0.220071 0.0327443 0.187327 0.252815
210 0.220242 0.0313938 0.188848 0.251636
211 0.230185 0.0198525 0.210333 0.250038
212 0.227961 0.0196951 0.208266 0.247656
213 0.22407 0.0227677 0.201302 0.246837
214 0.219301 0.0319171 0.187384 0.251218
215 0.216115 0.0308123 0.185303 0.246928
216 0.223599 0.0271732 0.196426 0.250772
217 0.223492 0.0258862 0.197606 0.249379
218 0.226465 0.0192893 0.207175 0.245754
219 0.226272 0.0196022 0.20667 0.245874
220 0.228346 0.0197586 0.208588 0.248105
221 0.22717 0.0198141 0.207356 0.246984
222 0.221996 0.0251942 0.196801 0.24719
223 0.223514 0.0254791 0.198035 0.248993
224 0.216179 0.0341296 0.18205 0.250309
225 0.21479 0.0339844 0.180805 0.248774
226 0.219836 0.0323894 0.187446 0.252225
227 0.227534 0.0147119 0.212822 0.242246
228 0.225844 0.0190356 0.206809 0.24488
229 0.230442 0.0208748 0.209567 0.251316
230 0.228261 0.0183936 0.209867 0.246654
231 0.228881 0.02048 0.208401 0.249361
232 0.228047 0.0196106 0.208436 0.247657
233 0.222936 0.0257951 0.197141 0.248732
234 0.223086 0.027237 0.195849 0.250323
235 0.230185 0.0195728 0.210612 0.249758
236 0.226849 0.0246774 0.202172 0.251527
237 0.219793 0.0307169 0.189076 0.25051
238 0.217655 0.0346444 0.18301 0.252299
239 0.221953 0.0316314 0.190321 0.253584
240 0.227063 0.0210828 0.205981 0.248146
241 0.2267 0.0277251 0.198975 0.254425
242 0.2199 0.0300388 0.189861 0.249939
243 0.219879 0.0316777 0.188201 0.251556
244 0.214533 0.0301584 0.184375 0.244691
245 0.217569 0.0267703 0.190799 0.24434
246 0.219173 0.0254972 0.193676 0.24467
247 0.219323 0.0255637 0.193759 0.244886
248 0.216073 0.0289901 0.187082 0.245063
249 0.222231 0.0282777 0.193953 0.250509
250 0.221247 0.0262063 0.195041 0.247453
251 0.224091 0.0183134 0.205778 0.242404
252 0.218339 0.0256505 0.192689 0.24399
253 0.210834 0.0290119 0.181822 0.239846
254 0.205146 0.0324832 0.172663 0.237629
255 0.209316 0.0299973 0.179318 0.239313
256 0.220991 0.0192011 0.201789 0.240192
257 0.223471 0.0177971 0.205674 0.241268
258 0.218938 0.0246781 0.19426 0.243616
259 0.210192 0.0334831 0.176709 0.243675
260 0.208931 0.0338011 0.17513 0.242732
261 0.205702 0.0369059 0.168796 0.242608
262 0.208888 0.0345167 0.174371 0.243405
263 0.209337 0.0337068 0.17563 0.243044
264 0.213336 0.0298196 0.183516 0.243155
265 0.207263 0.0324537 0.174809 0.239717
266 0.210214 0.0300856 0.180128 0.240299
267 0.21588 0.0263383 0.189542 0.242218
268 0.215923 0.0244628 0.19146 0.240386
269 0.214127 0.0257234 0.188403 0.23985
270 0.207968 0.0336502 0.174318 0.241619
271 0.207199 0.0337139 0.173485 0.240913
272 0.205296 0.0336259 0.17167 0.238922
273 0.208418 0.029864 0.178553 0.238282
274 0.208717 0.0302033 0.178514 0.23892
275 0.2066 0.0330652 0.173535 0.239665
276 0.208973 0.0345992 0.174374 0.243573
277 0.211411 0.0299564 0.181455 0.241367
278 0.202879 0.0368879 0.165992 0.239767
279 0.198218 0.0388372 0.159381 0.237055
280 0.20521 0.0337564 0.171454 0.238966
281 0.210406 0.0295685 0.180838 0.239975
282 0.214426 0.0311969 0.183229 0.245623
283 0.214469 0.0306848 0.183784 0.245154
284 0.20707 0.0371564 0.169914 0.244227
285 0.209765 0.0354498 0.174315 0.245214
286 0.217484 0.0319537 0.18553 0.249438
287 0.219045 0.0307348 0.18831 0.24978
288 0.226293 0.0576175 0.168676 0.283911
289 0.222723 0.0571854 0.165537 0.279908
290 0.22717 0.0517276 0.175443 0.278898
291 0.21216 0.0340556 0.178104 0.246215
292 0.217805 0.031859 0.185946 0.249664
293 0.218125 0.0270653 0.19106 0.245191
294 0.220456 0.0261896 0.194266 0.246646
295 0.219515 0.0261371 0.193378 0.245652
296 0.212117 0.0335255 0.178591 0.245642
297 0.206514 0.0371752 0.169339 0.24369
298 0.205702 0.0399114 0.16579 0.245613
299 0.218916 0.0318357 0.187081 0.250752
300 0.221867 0.0261495 0.195718 0.248017
301 0.226914 0.0190973 0.207816 0.246011
302 0.21742 0.0246165 0.192803 0.242036
303 0.204718 0.0347286 0.16999 0.239447
304 0.204462 0.0358271 0.168635 0.240289
305 0.207669 0.0331813 0.174488 0.24085
306 0.217334 0.0254246 0.191909 0.242759
307 0.212224 0.0291107 0.183113 0.241334
308 0.213849 0.030209 0.18364 0.244058
309 0.205317 0.0351557 0.170161 0.240473
310 0.20938 0.033521 0.175859 0.242901
311 0.212245 0.0305092 0.181736 0.242754
312 0.217655 0.0254846 0.19217 0.243139
313 0.21975 0.0183729 0.201378 0.238123
314 0.219023 0.0182746 0.200749 0.237298
315 0.220285 0.017029 0.203256 0.237314
316 0.218959 0.0183867 0.200573 0.237346
317 0.215367 0.0235476 0.191819 0.238915
318 0.216906 0.0246489 0.192258 0.241555
319 0.214255 0.0254165 0.188839 0.239672
320 0.222701 0.0181019 0.204599 0.240803
321 0.217698 0.0232683 0.194429 0.240966
322 0.218318 0.0240141 0.194304 0.242332
323 0.218596 0.0303786 0.188217 0.248974
324 0.221867 0.0264654 0.195402 0.248333
325 0.21124 0.0322978 0.178942 0.243538
326 0.214896 0.029968 0.184928 0.244865
327 0.221825 0.0314529 0.190372 0.253277
328 0.231147 0.0192442 0.211903 0.250392
329 0.231639 0.0198024 0.211837 0.251442
330 0.223043 0.0304085 0.192635 0.253452
331 0.218852 0.0354035 0.183449 0.254256
332 0.218318 0.035777 0.182541 0.254095
333 0.217676 0.0348944 0.182782 0.252571
334 0.221867 0.0306762 0.191191 0.252543
335 0.221482 0.0316045 0.189878 0.253087
336 0.22655 0.025905 0.200645 0.252455
337 0.227448 0.0265815 0.200867 0.25403
338 0.222102 0.0314276 0.190675 0.25353
339 0.225096 0.0269308 0.198165 0.252027
340 0.221653 0.03097 0.190683 0.252623
341 0.22114 0.0312636 0.189877 0.252404
342 0.221375 0.0318829 0.189493 0.253258
343 0.222894 0.0288886 0.194005 0.251782
344 0.226807 0.0251199 0.201687 0.251927
345 0.225673 0.0266162 0.199057 0.25229
346 0.22578 0.0262733 0.199507 0.252054
347 0.225566 0.025582 0.199984 0.251148
348 0.224904 0.0262257 0.198678 0.251129
349 0.225673 0.0250611 0.200612 0.250735
350 0.22578 0.0260864 0.199694 0.251867
351 0.217334 0.0324318 0.184902 0.249766
352 0.215517 0.0379517 0.177565 0.253468
353 0.214362 0.038068 0.176294 0.25243
354 0.225973 0.026997 0.198976 0.25297
355 0.222295 0.0295381 0.192757 0.251833
356 0.21263 0.0378892 0.174741 0.250519
357 0.213571 0.0402937 0.173277 0.253864
358 0.220627 0.031406 0.189221 0.252033
359 0.22948 0.0185823 0.210897 0.248062
360 0.224882 0.0262094 0.198673 0.251092
361 0.225053 0.0264531 0.1986 0.251506
362 0.225652 0.0270595 0.198592 0.252712
363 0.225631 0.0261232 0.199507 0.251754
364 0.224904 0.0248908 0.200013 0.249794
365 0.224476 0.0269083 0.197568 0.251384
366 0.22516 0.0251992 0.199961 0.250359
367 0.229629 0.0203037 0.209326 0.249933
368 0.227641 0.0194271 0.208214 0.247068
369 0.225887 0.0261848 0.199702 0.252072
370 0.222102 0.0312914 0.190811 0.253394
371 0.212245 0.0340796 0.178165 0.246325
372 0.217099 0.0306474 0.186451 0.247746
373 0.21588 0.0297408 0.186139 0.245621
374 0.221504 0.0257757 0.195728 0.247279
375 0.221226 0.0250264 0.196199 0.246252
376 0.219259 0.023673 0.195586 0.242932
377 0.211646 0.033226 0.17842 0.244872
378 0.200207 0.0371394 0.163067 0.237346
379 0.212117 0.0352998 0.176817 0.247417
380 0.216158 0.0315317 0.184626 0.24769
381 0.229095 0.00282414 0.22627 0.231919
382 0.224647 0.00248666 0.22216 0.227134
383 0.220435 0.0172167 0.203218 0.237651
384 0.224733 0.022523 0.20221 0.247256
385 0.228539 0.0219143 0.206624 0.250453
386 0.230912 0.0105072 0.220405 0.241419
387 0.221718 0.0239946 0.197723 0.245712
388 0.218874 0.0255445 0.193329 0.244418
389 0.220926 0.0265736 0.194353 0.2475
390 0.226165 0.0174765 0.208689 0.243642
391 0.225759 0.0211812 0.204578 0.24694
392 0.213421 0.0294519 0.183969 0.242873
393 0.216757 0.0253348 0.191422 0.242092
394 0.207455 0.0322963 0.175159 0.239752
395 0.20506 0.0360393 0.169021 0.2411
396 0.199501 0.0372024 0.162299 0.236703
397 0.203243 0.0359512 0.167292 0.239194
398 0.211604 0.0296755 0.181928 0.241279
399 0.211625 0.0294475 0.182177 0.241072
400 0.214469 0.0299146 0.184554 0.244383
401 0.216564 0.0253107 0.191254 0.241875
402 0.216372 0.0253688 0.191003 0.241741
403 0.218553 0.0261673 0.192386 0.24472
404 0.213678 0.0304376 0.18324 0.244115
405 0.214469 0.0315279 0.182941 0.245997
406 0.203756 0.0360583 0.167698 0.239814
407 0.203521 0.0360718 0.167449 0.239593
408 0.20335 0.0352385 0.168111 0.238588
409 0.219323 0.0336291 0.185694 0.252952
410 0.219601 0.0341314 0.185469 0.253732
411 0.228068 0.0218205 0.206248 0.249889
412 0.229672 0.0148701 0.214802 0.244542
413 0.232259 0.00254769 0.229712 0.234807
414 0.223471 0.0256783 0.197793 0.249149
415 0.222445 0.0267574 0.195687 0.249202
416 0.212523 0.0362946 0.176228 0.248818
417 0.210363 0.0372298 0.173134 0.247593
418 0.209786 0.0376532 0.172133 0.247439
419 0.224412 0.0272527 0.197159 0.251664
420 0.232195 0.00386424 0.228331 0.236059
421 0.224733 0.024964 0.199769 0.249697
422 0.222316 0.0264646 0.195852 0.248781
423 0.227598 0.0196128 0.207985 0.247211
424 0.2332 0.010894 0.222306 0.244094
425 0.233457 0.00986752 0.223589 0.243324
426 0.231532 0.0211174 0.210415 0.25265
427 0.227427 0.0195923 0.207834 0.247019
428 0.22516 0.0192585 0.205902 0.244419
429 0.222701 0.0181191 0.204582 0.24082
430 0.221482 0.0188585 0.202624 0.240341
431 0.221782 0.0188975 0.202884 0.240679
432 0.216073 0.027663 0.18841 0.243736
433 0.205509 0.0363928 0.169117 0.241902
434 0.20057 0.0380194 0.162551 0.23859
435 0.211817 0.0343165 0.177501 0.246134
436 0.214533 0.0300618 0.184471 0.244595
437 0.219579 0.0251418 0.194438 0.244721
438 0.214854 0.0293835 0.18547 0.244237
439 0.210663 0.0294621 0.181201 0.240125
440 0.213913 0.0247905 0.189122 0.238703
441 0.217847 0.0257462 0.192101 0.243594
442 0.216351 0.0251328 0.191218 0.241483
443 0.217013 0.021065 0.195948 0.238078
444 0.211988 0.0291349 0.182854 0.241123
445 0.211646 0.0292026 0.182444 0.240849
446 0.215901 0.0251162 0.190785 0.241018
447 0.212502 0.026538 0.185964 0.23904
448 0.218617 0.0327095 0.185908 0.251327
449 0.212352 0.0362977 0.176054 0.24865
450 0.222466 0.0267773 0.195689 0.249243
451 0.216415 0.0309084 0.185506 0.247323
452 0.222295 0.026105 0.19619 0.2484
453 0.220734 0.0263781 0.194356 0.247112
454 0.224519 0.0192335 0.205285 0.243752
455 0.228517 0.0259101 0.202607 0.254427
456 0.217869 0.034695 0.183174 0.252564
457 0.217356 0.0348343 0.182521 0.25219
458 0.222402 0.0317239 0.190678 0.254126
459 0.225716 0.0259459 0.19977 0.251662
460 0.225802 0.026964 0.198838 0.252766
461 0.226272 0.0260848 0.200187 0.252357
462 0.223877 0.0313732 0.192504 0.25525
463 0.221375 0.0317161 0.189659 0.253092
464 0.227641 0.0275846 0.200056 0.255225
465 0.224968 0.025153 0.199815 0.250121
466 0.224668 0.0265412 0.198127 0.25121
467 0.223471 0.0314617 0.192009 0.254933
468 0.220862 0.0308073 0.190055 0.25167
469 0.220093 0.0318542 0.188238 0.251947
470 0.220948 0.0321843 0.188763 0.253132
471 0.225631 0.0263879 0.199243 0.252018
472 0.22454 0.0267968 0.197743 0.251337
473 0.222552 0.0322499 0.190302 0.254801
474 0.229629 0.0194785 0.210151 0.249108
475 0.230463 0.0201506 0.210313 0.250614
476 0.234333 0.00332493 0.231008 0.237658
477 0.233521 0.00449846 0.229022 0.238019
478 0.234034 0.00285241 0.231182 0.236886
479 0.230634 0.0181242 0.21251 0.248758
480 0.234291 0.0200407 0.21425 0.254331
481 0.236963 0.00532752 0.231636 0.242291
482 0.234376 0.0025209 0.231855 0.236897
483 0.229715 0.0174262 0.212289 0.247141
484 0.230249 0.0215775 0.208672 0.251827
485 0.227491 0.0277875 0.199703 0.255278
486 0.226251 0.0255741 0.200677 0.251825
487 0.226465 0.0267219 0.199743 0.253186
488 0.229202 0.0190369 0.210165 0.248238
489 0.225802 0.0259425 0.199859 0.251744
490 0.229758 0.0198493 0.209908 0.249607
491 0.229223 0.0198885 0.209334 0.249111
492 0.228988 0.0180039 0.210984 0.246992
493 0.226187 0.0260862 0.2001 0.252273
494 0.225909 0.0266405 0.199268 0.252549
495 0.226144 0.0269767 0.199167 0.253121
496 0.224326 0.0254289 0.198897 0.249755
497 0.221504 0.0310238 0.19048 0.252528
498 0.216864 0.0307373 0.186126 0.247601
499 0.216137 0.0289423 0.187194 0.245079
500 0.219708 0.0260044 0.193703 0.245712
501 0.219643 0.0262224 0.193421 0.245866
502 0.228817 0.00289884 0.225918 0.231715
503 0.229266 0.00242635 0.226839 0.231692
504 0.227063 0.00313817 0.223925 0.230201
505 0.223663 0.0192692 0.204394 0.242933
506 0.213614 0.0288163 0.184797 0.24243
507 0.209615 0.0372966 0.172318 0.246912
508 0.216457 0.0306185 0.185839 0.247076
509 0.212395 0.0300122 0.182383 0.242407
510 0.215837 0.0249975 0.19084 0.240835
511 0.221311 0.0185818 0.202729 0.239893
512 0.227384 0.0193351 0.208049 0.246719
513 0.215324 0.0295362 0.185788 0.24486
514 0.21588 0.0287254 0.187155 0.244606
515 0.207413 0.0355329 0.17188 0.242945
516 0.219537 0.0291023 0.190434 0.248639
517 0.214896 0.0307247 0.184172 0.245621
518 0.208674 0.0324275 0.176247 0.241102
519 0.205723 0.0369632 0.16876 0.242686
520 0.206301 0.0393043 0.166996 0.245605
521 0.22392 0.0198316 0.204088 0.243752
522 0.221675 0.0174503 0.204224 0.239125
523 0.216671 0.0249742 0.191697 0.241645
524 0.208931 0.0326257 0.176305 0.241556
525 0.200698 0.0385936 0.162105 0.239292
526 0.203949 0.0371816 0.166767 0.24113
527 0.209551 0.0327124 0.176838 0.242263
528 0.219301 0.0257428 0.193559 0.245044
529 0.217462 0.0260106 0.191452 0.243473
530 0.222402 0.0191742 0.203228 0.241576
531 0.228859 0.0108318 0.218028 0.239691
532 0.227769 0.00949105 0.218278 0.23726
533 0.227063 0.00954301 0.21752 0.236606
534 0.22407 0.0224327 0.201637 0.246502
535 0.217163 0.0248311 0.192332 0.241994
536 0.213293 0.0305152 0.182778 0.243808
537 0.220435 0.026251 0.194184 0.246686
538 0.221226 0.025722 0.195504 0.246948
539 0.216415 0.0303874 0.186027 0.246802
540 0.215581 0.0311953 0.184385 0.246776
541 0.215474 0.0310924 0.184381 0.246566
542 0.221204 0.025922 0.195282 0.247126
543 0.218574 0.0311328 0.187442 0.249707
544 0.221183 0.0312708 0.189912 0.252454
545 0.223022 0.0265699 0.196452 0.249592
546 0.219943 0.0305598 0.189383 0.250503
547 0.215153 0.0355221 0.179631 0.250675
548 0.210663 0.0390745 0.171588 0.249737
549 0.226315 0.0266956 0.199619 0.25301
550 0.228966 0.0180551 0.210911 0.247021
551 0.224412 0.0259174 0.198494 0.250329
552 0.222787 0.0255323 0.197254 0.248319
553 0.222701 0.0261209 0.19658 0.248822
554 0.224134 0.026707 0.197427 0.250841
555 0.223428 0.0267448 0.196683 0.250173
556 0.217655 0.0288007 0.188854 0.246456
557 0.220627 0.028018 0.192609 0.248645
558 0.221076 0.0279395 0.193137 0.249016
559 0.224455 0.0211779 0.203277 0.245632
560 0.218403 0.0221829 0.19622 0.240586
561 0.217527 0.0253052 0.192221 0.242832
562 0.217719 0.0256204 0.192099 0.243339
563 0.221397 0.0178656 0.203531 0.239262
564 0.221718 0.0186069 0.203111 0.240324
565 0.218168 0.0241469 0.194021 0.242315
566 0.211817 0.0290415 0.182776 0.240859
567 0.211475 0.0296545 0.181821 0.24113
568 0.213635 0.0293847 0.18425 0.24302
569 0.21975 0.0187546 0.200996 0.238505
570 0.21573 0.0243232 0.191407 0.240054
571 0.219259 0.0184433 0.200815 0.237702
572 0.218553 0.0183002 0.200253 0.236853
573 0.220264 0.0177105 0.202553 0.237974
574 0.214683 0.024649 0.190034 0.239332
575 0.216479 0.0261771 0.190302 0.242656
576 0.219857 0.0244986 0.195359 0.244356
577 0.210021 0.0266618 0.183359 0.236683
578 0.205253 0.0353703 0.169883 0.240623
579 0.205125 0.0356299 0.169495 0.240754
580 0.210834 0.0342631 0.176571 0.245097
581 0.218553 0.0263782 0.192175 0.244931
582 0.224348 0.0256772 0.19867 0.250025
583 0.22191 0.0314659 0.190444 0.253376
584 0.219323 0.0317924 0.18753 0.251115
585 0.227427 0.0266586 0.200768 0.254085
586 0.227662 0.0256882 0.201974 0.25335
587 0.222017 0.0317461 0.190271 0.253763
588 0.226743 0.0266668 0.200076 0.253409
589 0.221611 0.0306084 0.191002 0.252219
590 0.221931 0.030911 0.19102 0.252842
591 0.216906 0.0352097 0.181697 0.252116
592 0.221375 0.0312584 0.190117 0.252634
593 0.231083 0.0196099 0.211473 0.250693
594 0.22454 0.0259786 0.198562 0.250519
595 0.229907 0.0187718 0.211135 0.248679
596 0.227298 0.0267496 0.200549 0.254048
597 0.221568 0.031171 0.190397 0.252739
598 0.214469 0.0356274 0.178841 0.250096
599 0.218874 0.0319623 0.186911 0.250836
600 0.22531 0.0194544 0.205855 0.244764
601 0.232516 0.00489492 0.227621 0.237411
602 0.225887 0.0184287 0.207459 0.244316
603 0.226187 0.0188114 0.207375 0.244998
604 0.228368 0.0195191 0.208849 0.247887
605 0.226828 0.0185754 0.208253 0.245403
606 0.221547 0.0259215 0.195625 0.247468
607 0.214512 0.0341432 0.180368 0.248655
608 0.218403 0.0373652 0.181038 0.255768
609 0.223001 0.0268887 0.196112 0.249889
610 0.22268 0.0255479 0.197132 0.248228
611 0.222787 0.0258112 0.196976 0.248598
612 0.215624 0.0342729 0.181351 0.249896
613 0.210855 0.0366332 0.174222 0.247488
614 0.212737 0.0346829 0.178054 0.24742
615 0.216222 0.0355981 0.180624 0.25182
616 0.213271 0.0347018 0.17857 0.247973
617 0.21449 0.0362767 0.178213 0.250767
618 0.219387 0.0313532 0.188034 0.25074
619 0.214255 0.0342466 0.180008 0.248502
620 0.214512 0.036022 0.17849 0.250534
621 0.21325 0.0342928 0.178957 0.247543
622 0.217099 0.030735 0.186364 0.247834
623 0.218489 0.0319756 0.186513 0.250464
624 0.223214 0.0262165 0.196998 0.249431
625 0.226486 0.0194902 0.206996 0.245976
626 0.22268 0.032657 0.190023 0.255337
627 0.221076 0.0192528 0.201823 0.240329
628 0.224861 0.00324736 0.221613 0.228108
629 0.225844 0.00361336 0.222231 0.229458
630 0.221568 0.0168378 0.20473 0.238406
631 0.216928 0.0247353 0.192193 0.241663
632 0.218083 0.0260324 0.19205 0.244115
633 0.225695 0.0192838 0.206411 0.244979
634 0.222487 0.0180888 0.204399 0.240576
635 0.21603 0.0246866 0.191343 0.240716
636 0.213913 0.025621 0.188292 0.239534
637 0.22392 0.00480498 0.219115 0.228725
638 0.217334 0.0256328 0.191701 0.242967
639 0.213763 0.0254569 0.188306 0.23922
640 0.219002 0.0261936 0.192808 0.245196
641 0.223086 0.0145988 0.208487 0.237685
642 0.214918 0.0302496 0.184668 0.245167
643 0.205274 0.0355535 0.169721 0.240828
644 0.204676 0.0365632 0.168112 0.241239
645 0.210406 0.0341179 0.176288 0.244524
646 0.209059 0.0336234 0.175436 0.242682
647 0.207199 0.0362427 0.170956 0.243441
648 0.202088 0.0381624 0.163926 0.240251
649 0.206322 0.0379981 0.168324 0.24432
650 0.205766 0.0355214 0.170245 0.241287
651 0.209957 0.0297205 0.180237 0.239678
652 0.210192 0.0302196 0.179973 0.240412
653 0.21526 0.0247764 0.190484 0.240036
654 0.214661 0.0250507 0.189611 0.239712
655 0.214191 0.025759 0.188432 0.23995
656 0.217398 0.018432 0.198966 0.23583
657 0.220349 0.00648976 0.213859 0.226839
658 0.217698 0.0182747 0.199423 0.235972
659 0.217976 0.0182123 0.199763 0.236188
660 0.223471 0.00243979 0.221031 0.225911
661 0.222124 0.00281863 0.219305 0.224942
662 0.221461 0.00249098 0.21897 0.223952
663 0.218938 0.0173948 0.201543 0.236333
664 0.221739 0.0193286 0.20241 0.241068
665 0.223065 0.0194018 0.203663 0.242466
666 0.224519 0.0169391 0.20758 0.241458
667 0.222701 0.0186542 0.204047 0.241355
668 0.221589 0.0187527 0.202837 0.240342
669 0.226379 0.0038685 0.222511 0.230248
670 0.22439 0.00384438 0.220546 0.228235
671 0.228132 0.00367503 0.224457 0.231807
672 0.229287 0.0182781 0.211009 0.247565
673 0.225631 0.0190061 0.206625 0.244637
674 0.220798 0.0254557 0.195342 0.246254
675 0.225524 0.0195893 0.205934 0.245113
676 0.222338 0.0259227 0.196415 0.24826
677 0.220093 0.0253344 0.194758 0.245427
678 0.213357 0.0342554 0.179102 0.247612
679 0.208995 0.0375475 0.171447 0.246542
680 0.212502 0.035428 0.177074 0.24793
681 0.212822 0.0348325 0.17799 0.247655
682 0.217184 0.031344 0.18584 0.248528
683 0.216008 0.0311311 0.184877 0.247139
684 0.229929 0.0456859 0.184243 0.275614
685 0.232751 0.0399272 0.192824 0.272678
686 0.225075 0.0471719 0.177903 0.272247
687 0.211903 0.0299458 0.181957 0.241849
688 0.211689 0.0307971 0.180892 0.242486
689 0.214319 0.024244 0.190075 0.238563
690 0.214747 0.0250462 0.189701 0.239793
691 0.206899 0.0329221 0.173977 0.239821
692 0.199586 0.0374851 0.162101 0.237072
693 0.202965 0.0366676 0.166297 0.239633
694 0.210256 0.0301896 0.180067 0.240446
695 0.217698 0.0180039 0.199694 0.235702
696 0.217056 0.0184816 0.198575 0.235538
697 0.214041 0.0254961 0.188545 0.239537
698 0.218318 0.0190968 0.199221 0.237415
699 0.220456 0.0190714 0.201385 0.239527
700 0.222637 0.00589078 0.216746 0.228528
701 0.22129 0.00347816 0.217812 0.224768
702 0.217954 0.0181727 0.199782 0.236127
703 0.216522 0.0181625 0.198359 0.234684
704 0.212865 0.0293213 0.183544 0.242186
705 0.214768 0.0332785 0.18149 0.248047
706 0.211539 0.0344779 0.177062 0.246017
707 0.219237 0.0274481 0.191789 0.246685
708 0.219515 0.0259527 0.193562 0.245468
709 0.217334 0.0311859 0.186148 0.24852
710 0.226914 0.0272424 0.199671 0.254156
711 0.226571 0.0258056 0.200766 0.252377
712 0.226871 0.0298825 0.196988 0.256753
713 0.229415 0.0286986 0.200717 0.258114
714 0.233072 0.0214545 0.211617 0.254526
715 0.229651 0.0194618 0.210189 0.249112
716 0.218938 0.0343014 0.184636 0.253239
717 0.217291 0.0347812 0.18251 0.252073
718 0.218703 0.0364249 0.182278 0.255128
719 0.232494 0.018815 0.213679 0.251309
720 0.231233 0.0196703 0.211563 0.250903
721 0.225866 0.026476 0.19939 0.252342
722 0.224668 0.0267301 0.197938 0.251398
723 0.224326 0.0261774 0.198149 0.250504
724 0.226208 0.0259381 0.20027 0.252146
725 0.225011 0.0268448 0.198166 0.251855
726 0.225246 0.0259855 0.19926 0.251231
727 0.226251 0.0266524 0.199598 0.252903
728 0.224797 0.0264155 0.198381 0.251212
729 0.2301 0.0200476 0.210052 0.250147
730 0.224968 0.0254131 0.199555 0.250381
731 0.225331 0.0265042 0.198827 0.251835
732 0.221354 0.0296345 0.19172 0.250989
733 0.220221 0.0310701 0.189151 0.251291
734 0.220264 0.031534 0.18873 0.251798
735 0.221696 0.0275479 0.194148 0.249244
736 0.222936 0.030828 0.192108 0.253764
737 0.222295 0.0322296 0.190065 0.254524
738 0.227085 0.0266518 0.200433 0.253737
739 0.223385 0.0259369 0.197449 0.249322
740 0.219643 0.0350827 0.184561 0.254726
741 0.212887 0.0369499 0.175937 0.249836
742 0.213442 0.0371454 0.176297 0.250588
743 0.212822 0.0378348 0.174988 0.250657
744 0.225695 0.0260304 0.199664 0.251725
745 0.221097 0.0302153 0.190882 0.251313
746 0.212673 0.0372254 0.175447 0.249898
747 0.211646 0.0374367 0.17421 0.249083
748 0.216265 0.0346036 0.181661 0.250869
749 0.215837 0.0343695 0.181468 0.250207
750 0.220627 0.032019 0.188608 0.252646
751 0.225224 0.0267082 0.198516 0.251933
752 0.233264 0.00336865 0.229896 0.236633
753 0.225075 0.0184423 0.206632 0.243517
754 0.225417 0.0195681 0.205849 0.244985
755 0.224754 0.0192959 0.205458 0.24405
756 0.219472 0.0242056 0.195267 0.243678
757 0.214191 0.0251242 0.189067 0.239315
758 0.215966 0.025338 0.190628 0.241304
759 0.211946 0.0321437 0.179802 0.244089
760 0.209423 0.0338018 0.175621 0.243224
761 0.208332 0.0307966 0.177535 0.239129
762 0.21573 0.0257558 0.189975 0.241486
763 0.211839 0.0283968 0.183442 0.240236
764 0.209401 0.029018 0.180383 0.238419
765 0.20861 0.0279186 0.180691 0.236529
766 0.214854 0.0248266 0.190027 0.23968
767 0.220178 0.0287266 0.191451 0.248905
768 0.221354 0.0338311 0.187523 0.255185
769 0.215688 0.0327591 0.182929 0.248447
770 0.222466 0.0290772 0.193389 0.251543
771 0.225331 0.00374753 0.221584 0.229079
772 0.219537 0.0258511 0.193685 0.245388
773 0.213571 0.0302051 0.183366 0.243776
774 0.205253 0.0358992 0.169354 0.241152
775 0.208546 0.0334215 0.175124 0.241967
776 0.209572 0.0339741 0.175598 0.243546
777 0.204697 0.0355608 0.169136 0.240258
778 0.20799 0.0336326 0.174357 0.241622
779 0.208738 0.0343851 0.174353 0.243123
780 0.21402 0.0303537 0.183666 0.244373
781 0.212887 0.0300089 0.182878 0.242895
782 0.208931 0.033515 0.175416 0.242446
783 0.205595 0.0374485 0.168147 0.243043
784 0.208802 0.0340046 0.174798 0.242807
785 0.208717 0.0342416 0.174475 0.242959
786 0.20876 0.0336416 0.175118 0.242401
787 0.216137 0.0256865 0.19045 0.241823
788 0.213528 0.0305392 0.182989 0.244067
789 0.218275 0.0262269 0.192048 0.244502
790 0.21789 0.0260552 0.191835 0.243945
791 0.222145 0.0190791 0.203066 0.241224
792 0.222637 0.0261274 0.19651 0.248764
793 0.216008 0.0305622 0.185446 0.246571
794 0.212544 0.0350006 0.177544 0.247545
795 0.216115 0.0282528 0.187862 0.244368
796 0.214319 0.0309426 0.183377 0.245262
797 0.215709 0.0264909 0.189218 0.2422
798 0.212887 0.0334355 0.179451 0.246322
799 0.217056 0.0309441 0.186112 0.248
