# ../output/graphs/perf_parallel95BIPED_thread2
# step - mean (0.157964) - standard deviation (0.0163898) r=20 - ylow - yhigh
0 0.178236 0.0342716 0.143965 0.212508
1 0.167126 0.00766971 0.159456 0.174796
2 0.17196 0.0151345 0.156826 0.187095
3 0.176074 0.0193294 0.156745 0.195404
4 0.166675 0.00857874 0.158097 0.175254
5 0.167021 0.0118626 0.155158 0.178883
6 0.164513 0.00963093 0.154882 0.174144
7 0.158387 0.0101093 0.148278 0.168497
8 0.157261 0.00650186 0.150759 0.163763
9 0.156571 0.0107302 0.14584 0.167301
10 0.157562 0.00950598 0.148056 0.167068
11 0.155084 0.00592222 0.149162 0.161006
12 0.160625 0.0122225 0.148402 0.172847
13 0.162066 0.0132472 0.148819 0.175313
14 0.154994 0.00492719 0.150067 0.159921
15 0.160249 0.0132751 0.146974 0.173524
16 0.154529 0.00462815 0.149901 0.159157
17 0.157502 0.0102853 0.147216 0.167787
18 0.15555 0.00630535 0.149244 0.161855
19 0.159679 0.0137307 0.145948 0.173409
20 0.159859 0.0095018 0.150357 0.169361
21 0.162426 0.0189819 0.143444 0.181408
22 0.159544 0.00811453 0.151429 0.167658
23 0.154589 0.013446 0.141143 0.168035
24 0.156676 0.0101646 0.146511 0.16684
25 0.153207 0.00740844 0.145799 0.160616
26 0.154424 0.0134796 0.140944 0.167903
27 0.157982 0.0116615 0.146321 0.169643
28 0.150805 0.00320565 0.147599 0.154011
29 0.155745 0.0115004 0.144244 0.167245
30 0.154559 0.00972681 0.144832 0.164286
31 0.158132 0.0148555 0.143277 0.172988
32 0.155835 0.0102268 0.145608 0.166062
33 0.157006 0.0107057 0.1463 0.167712
34 0.163988 0.0102459 0.153742 0.174234
35 0.17196 0.013985 0.157975 0.185945
36 0.167411 0.0102105 0.157201 0.177622
37 0.167396 0.00864367 0.158752 0.17604
38 0.168913 0.011391 0.157522 0.180304
39 0.168417 0.00974958 0.158667 0.178167
40 0.16597 0.00747297 0.158497 0.173443
41 0.169453 0.0109904 0.158463 0.180443
42 0.168687 0.0107346 0.157953 0.179422
43 0.164919 0.00558134 0.159337 0.1705
44 0.166705 0.0106348 0.156071 0.17734
45 0.169934 0.0117328 0.158201 0.181666
46 0.166105 0.00528651 0.160818 0.171391
47 0.166195 0.00669346 0.159501 0.172888
48 0.166976 0.010873 0.156103 0.177849
49 0.165279 0.0104233 0.154856 0.175702
50 0.17175 0.0261556 0.145595 0.197906
51 0.169393 0.0170409 0.152352 0.186434
52 0.166135 0.00901211 0.157123 0.175147
53 0.164784 0.00597634 0.158807 0.17076
54 0.171255 0.0172451 0.15401 0.1885
55 0.169813 0.00987193 0.159941 0.179685
56 0.166165 0.00813072 0.158034 0.174296
57 0.164934 0.00568084 0.159253 0.170615
58 0.168988 0.00989536 0.159092 0.178883
59 0.166285 0.0065652 0.15972 0.17285
60 0.169648 0.0113577 0.158291 0.181006
61 0.167336 0.0102723 0.157064 0.177608
62 0.164153 0.00388207 0.160271 0.168035
63 0.168207 0.0104345 0.157772 0.178641
64 0.174168 0.0116646 0.162503 0.185832
65 0.175264 0.0152259 0.160038 0.19049
66 0.169783 0.0106894 0.159094 0.180473
67 0.176345 0.0287392 0.147605 0.205084
68 0.178627 0.0406637 0.137963 0.219291
69 0.174573 0.0197489 0.154824 0.194322
70 0.180984 0.0391085 0.141876 0.220093
71 0.174633 0.0124112 0.162222 0.187044
72 0.170924 0.00940897 0.161515 0.180333
73 0.172561 0.0149601 0.157601 0.187521
74 0.171345 0.0127035 0.158641 0.184048
75 0.17145 0.014983 0.156467 0.186433
76 0.172621 0.0132401 0.159381 0.185861
77 0.16669 0.00763461 0.159056 0.174325
78 0.167186 0.00917179 0.158014 0.176358
79 0.171585 0.0117798 0.159805 0.183365
80 0.168402 0.0119452 0.156457 0.180347
81 0.168672 0.010652 0.15802 0.179324
82 0.166916 0.00584004 0.161076 0.172756
83 0.164423 0.0057421 0.158681 0.170165
84 0.165729 0.0080149 0.157715 0.173744
85 0.166345 0.0110751 0.15527 0.17742
86 0.169318 0.0107154 0.158602 0.180033
87 0.165895 0.00626336 0.159631 0.172158
88 0.17187 0.0196709 0.152199 0.191541
89 0.165609 0.00808079 0.157529 0.17369
90 0.172501 0.0187911 0.15371 0.191292
91 0.173582 0.0183377 0.155244 0.19192
92 0.1716 0.0145767 0.157023 0.186177
93 0.163958 0.00648722 0.157471 0.170445
94 0.163943 0.00897782 0.154965 0.172921
95 0.168582 0.0113989 0.157183 0.179981
96 0.17624 0.0137347 0.162505 0.189974
97 0.167967 0.00611829 0.161848 0.174085
98 0.164303 0.0105441 0.153759 0.174847
99 0.16627 0.0166924 0.149578 0.182962
100 0.163507 0.0101008 0.153406 0.173608
101 0.163192 0.00956526 0.153627 0.172757
102 0.166555 0.0129261 0.153629 0.179481
103 0.162246 0.00723073 0.155015 0.169477
104 0.16594 0.00888084 0.157059 0.174821
105 0.167456 0.0119752 0.155481 0.179431
106 0.168732 0.0119875 0.156745 0.18072
107 0.163402 0.00544615 0.157956 0.168848
108 0.163222 0.00968099 0.153541 0.172903
109 0.164108 0.015265 0.148843 0.179373
110 0.161075 0.00881255 0.152262 0.169888
111 0.162636 0.00881357 0.153823 0.17145
112 0.169078 0.0164928 0.152585 0.18557
113 0.173957 0.0140986 0.159859 0.188056
114 0.165189 0.00875274 0.156436 0.173942
115 0.168282 0.00943949 0.158842 0.177721
116 0.163582 0.0094402 0.154142 0.173023
117 0.164874 0.00874273 0.156131 0.173616
118 0.168237 0.00986388 0.158373 0.178101
119 0.164829 0.00674876 0.15808 0.171577
120 0.168717 0.0111836 0.157534 0.179901
121 0.166465 0.0107608 0.155704 0.177226
122 0.164543 0.00711974 0.157424 0.171663
123 0.162186 0.00373362 0.158452 0.16592
124 0.169453 0.01311 0.156343 0.182563
125 0.16606 0.00990271 0.156157 0.175962
126 0.168207 0.0109892 0.157218 0.179196
127 0.171 0.0155437 0.155456 0.186543
128 0.172096 0.0116692 0.160426 0.183765
129 0.16633 0.00950304 0.156827 0.175833
130 0.164513 0.0101422 0.154371 0.174655
131 0.170429 0.0201727 0.150256 0.190602
132 0.166105 0.0101466 0.155958 0.176251
133 0.162366 0.00607601 0.15629 0.168442
134 0.163958 0.00602901 0.157929 0.169987
135 0.162862 0.00531459 0.157547 0.168176
136 0.162667 0.0067862 0.15588 0.169453
137 0.161405 0.00677982 0.154625 0.168185
138 0.166195 0.012528 0.153667 0.178723
139 0.165609 0.00848097 0.157128 0.17409
140 0.163642 0.0114887 0.152154 0.175131
141 0.164558 0.0120273 0.152531 0.176586
142 0.160985 0.00566337 0.155322 0.166648
143 0.163883 0.00917572 0.154707 0.173058
144 0.163853 0.00902131 0.154831 0.172874
145 0.163297 0.00734549 0.155952 0.170643
146 0.163913 0.00702013 0.156893 0.170933
147 0.16142 0.00606886 0.155351 0.167489
148 0.165189 0.0113316 0.153857 0.176521
149 0.166811 0.0116864 0.155124 0.178497
150 0.167591 0.0187164 0.148875 0.186308
151 0.168117 0.0142114 0.153905 0.182328
152 0.167531 0.0148626 0.152669 0.182394
153 0.165039 0.0102325 0.154806 0.175271
154 0.163432 0.00657 0.156862 0.170002
155 0.164648 0.0111569 0.153492 0.175805
156 0.164949 0.00896557 0.155983 0.173914
157 0.165459 0.00906256 0.156397 0.174522
158 0.164048 0.00514459 0.158903 0.169192
159 0.165219 0.00895576 0.156263 0.174175
160 0.171225 0.0188914 0.152333 0.190116
161 0.170909 0.0158202 0.155089 0.18673
162 0.165699 0.0104816 0.155218 0.176181
163 0.165264 0.0114674 0.153797 0.176731
164 0.168913 0.0100314 0.158881 0.178944
165 0.166705 0.00893796 0.157767 0.175643
166 0.165669 0.00575827 0.159911 0.171428
167 0.1663 0.0064051 0.159895 0.172705
168 0.164483 0.00655764 0.157926 0.171041
169 0.165474 0.00947385 0.156 0.174948
170 0.165925 0.0107466 0.155178 0.176671
171 0.163147 0.00720324 0.155944 0.17035
172 0.166961 0.0106761 0.156285 0.177637
173 0.164723 0.00885495 0.155869 0.173578
174 0.167771 0.0127491 0.155022 0.18052
175 0.167786 0.0141598 0.153627 0.181946
176 0.165459 0.00987946 0.15558 0.175339
177 0.170174 0.00733351 0.16284 0.177507
178 0.165534 0.0070372 0.158497 0.172571
179 0.16633 0.0112782 0.155052 0.177608
180 0.169243 0.0121965 0.157046 0.181439
181 0.163657 0.00566664 0.157991 0.169324
182 0.164393 0.00713366 0.15726 0.171527
183 0.165955 0.0116062 0.154348 0.177561
184 0.169753 0.0104102 0.159343 0.180163
185 0.168012 0.01345 0.154562 0.181462
186 0.164723 0.0100422 0.154681 0.174766
187 0.163582 0.0061562 0.157426 0.169739
188 0.16588 0.00714688 0.158733 0.173026
189 0.166045 0.00967493 0.15637 0.17572
190 0.172501 0.0353529 0.137148 0.207854
191 0.16663 0.0149319 0.151698 0.181562
192 0.166675 0.00584097 0.160834 0.172516
193 0.165324 0.00808746 0.157237 0.173412
194 0.164648 0.00868251 0.155966 0.173331
195 0.163748 0.00673886 0.157009 0.170486
196 0.167426 0.00936183 0.158064 0.176788
197 0.172231 0.0164728 0.155758 0.188704
198 0.163763 0.00861064 0.155152 0.172373
199 0.158763 0.0146207 0.144142 0.173384
200 0.161135 0.0117103 0.149425 0.172845
201 0.156916 0.0113577 0.145558 0.168274
202 0.160114 0.0117905 0.148324 0.171905
203 0.157231 0.00788474 0.149347 0.165116
204 0.157952 0.0115971 0.146355 0.169549
205 0.153373 0.0048679 0.148505 0.15824
206 0.156661 0.0142718 0.142389 0.170933
207 0.157742 0.0114217 0.14632 0.169163
208 0.155655 0.00938338 0.146271 0.165038
209 0.160625 0.0116734 0.148951 0.172298
210 0.159574 0.0111388 0.148435 0.170712
211 0.155385 0.00860236 0.146782 0.163987
212 0.156811 0.00938882 0.147422 0.1662
213 0.158598 0.0119333 0.146664 0.170531
214 0.157291 0.0110678 0.146224 0.168359
215 0.158417 0.0105915 0.147826 0.169009
216 0.16127 0.0129115 0.148359 0.174182
217 0.156345 0.00773515 0.14861 0.164081
218 0.156075 0.0125238 0.143551 0.168599
219 0.158613 0.0242827 0.13433 0.182895
220 0.154258 0.0107355 0.143523 0.164994
221 0.156045 0.0162401 0.139805 0.172285
222 0.15061 0.00625112 0.144359 0.156861
223 0.15552 0.0128438 0.142676 0.168363
224 0.15636 0.0105119 0.145849 0.166872
225 0.153808 0.0114132 0.142395 0.165221
226 0.157171 0.012123 0.145048 0.169294
227 0.154709 0.0102339 0.144475 0.164943
228 0.151691 0.00841735 0.143274 0.160108
229 0.160835 0.0207704 0.140064 0.181605
230 0.156135 0.00882792 0.147307 0.164963
231 0.162456 0.0112306 0.151226 0.173687
232 0.163027 0.0118779 0.151149 0.174905
233 0.159348 0.00861169 0.150737 0.16796
234 0.167771 0.0180768 0.149695 0.185848
235 0.161015 0.0106302 0.150385 0.171645
236 0.157021 0.00527168 0.151749 0.162293
237 0.158132 0.00573654 0.152396 0.163869
238 0.15627 0.00539552 0.150875 0.161666
239 0.159408 0.010588 0.14882 0.169996
240 0.162591 0.0141577 0.148434 0.176749
241 0.162486 0.025125 0.137361 0.187611
242 0.15555 0.00526834 0.150281 0.160818
243 0.164258 0.0188762 0.145382 0.183134
244 0.160084 0.0141317 0.145952 0.174216
245 0.160534 0.0115122 0.149022 0.172047
246 0.162606 0.0122647 0.150342 0.174871
247 0.159123 0.00827016 0.150853 0.167393
248 0.164528 0.0136034 0.150925 0.178132
249 0.159874 0.00688991 0.152984 0.166764
250 0.161495 0.0135538 0.147942 0.175049
251 0.155535 0.00416794 0.151367 0.159703
252 0.160685 0.0119909 0.148694 0.172675
253 0.162757 0.0126446 0.150112 0.175401
254 0.161165 0.0116434 0.149522 0.172808
255 0.161105 0.0121015 0.149004 0.173207
256 0.171435 0.0342205 0.137214 0.205656
257 0.164243 0.0109148 0.153328 0.175158
258 0.162712 0.012048 0.150664 0.17476
259 0.159483 0.0062109 0.153273 0.165694
260 0.164964 0.0131482 0.151816 0.178112
261 0.164784 0.0213826 0.143401 0.186166
262 0.162501 0.012213 0.150288 0.174714
263 0.159273 0.00710258 0.152171 0.166376
264 0.159528 0.00939903 0.150129 0.168928
265 0.166916 0.021639 0.145277 0.188555
266 0.161585 0.010238 0.151347 0.171823
267 0.161045 0.0110064 0.150039 0.172051
268 0.156255 0.0039739 0.152281 0.160229
269 0.164543 0.00793438 0.156609 0.172478
270 0.163372 0.0129276 0.150445 0.1763
271 0.158868 0.00752131 0.151347 0.166389
272 0.158853 0.00748858 0.151364 0.166341
273 0.160099 0.00772115 0.152378 0.16782
274 0.161525 0.0130955 0.14843 0.174621
275 0.159063 0.00654678 0.152516 0.16561
276 0.16058 0.00889224 0.151687 0.169472
277 0.159228 0.0093779 0.14985 0.168606
278 0.152832 0.00909904 0.143733 0.161931
279 0.154123 0.00840803 0.145715 0.162531
280 0.15112 0.00689676 0.144224 0.158017
281 0.153298 0.00989838 0.143399 0.163196
282 0.149769 0.00354401 0.146225 0.153313
283 0.151105 0.00752199 0.143583 0.158627
284 0.150415 0.00723559 0.143179 0.15765
285 0.158568 0.0125021 0.146065 0.17107
286 0.154859 0.0125825 0.142277 0.167441
287 0.155775 0.00803512 0.14774 0.16381
288 0.158357 0.0143245 0.144033 0.172682
289 0.155294 0.0123379 0.142957 0.167632
290 0.155324 0.0127426 0.142582 0.168067
291 0.15046 0.0061361 0.144324 0.156596
292 0.153523 0.00981071 0.143712 0.163333
293 0.155505 0.0154663 0.140038 0.170971
294 0.154003 0.0144854 0.139518 0.168489
295 0.149544 0.00828057 0.141263 0.157824
296 0.149619 0.0108698 0.138749 0.160489
297 0.156856 0.010833 0.146023 0.167689
298 0.153838 0.00676757 0.14707 0.160606
299 0.15624 0.0160271 0.140213 0.172267
300 0.155685 0.00959961 0.146085 0.165284
301 0.160159 0.0237533 0.136406 0.183912
302 0.157036 0.0133047 0.143731 0.170341
303 0.154769 0.00677376 0.147995 0.161543
304 0.154709 0.00664216 0.148067 0.161351
305 0.154318 0.00524681 0.149072 0.159565
306 0.159243 0.0128967 0.146346 0.17214
307 0.158943 0.013144 0.145799 0.172087
308 0.165384 0.00784086 0.157543 0.173225
309 0.160895 0.00638042 0.154514 0.167275
310 0.161225 0.004827 0.156398 0.166052
311 0.161 0.0111816 0.149818 0.172182
312 0.157126 0.00622756 0.150899 0.163354
313 0.161075 0.0135584 0.147517 0.174633
314 0.163778 0.017707 0.146071 0.181485
315 0.158988 0.00793552 0.151052 0.166923
316 0.159844 0.00929301 0.150551 0.169137
317 0.160339 0.010301 0.150038 0.17064
318 0.156631 0.00643095 0.1502 0.163062
319 0.159904 0.0124236 0.14748 0.172327
320 0.15576 0.00786396 0.147896 0.163624
321 0.155835 0.00678179 0.149053 0.162617
322 0.15121 0.00901691 0.142194 0.160227
323 0.152141 0.00836469 0.143777 0.160506
324 0.149169 0.00470686 0.144462 0.153875
325 0.159739 0.0190347 0.140704 0.178773
326 0.152307 0.00855934 0.143747 0.160866
327 0.159108 0.0133938 0.145714 0.172502
328 0.155385 0.0106822 0.144702 0.166067
329 0.152337 0.0116936 0.140643 0.16403
330 0.153448 0.0135513 0.139896 0.166999
331 0.149754 0.00593335 0.143821 0.155687
332 0.152637 0.006851 0.145786 0.159488
333 0.149454 0.00789771 0.141556 0.157352
334 0.153733 0.0158254 0.137908 0.169558
335 0.149184 0.00622011 0.142963 0.155404
336 0.151376 0.00862038 0.142755 0.159996
337 0.152186 0.00872834 0.143458 0.160915
338 0.15076 0.00834753 0.142413 0.159108
339 0.150445 0.00997439 0.14047 0.160419
340 0.154123 0.0139448 0.140178 0.168068
341 0.154694 0.0129342 0.14176 0.167628
342 0.152307 0.0107898 0.141517 0.163096
343 0.154664 0.0134818 0.141182 0.168146
344 0.149244 0.00643207 0.142812 0.155676
345 0.149889 0.00394543 0.145944 0.153835
346 0.16079 0.0391594 0.12163 0.199949
347 0.152787 0.00763384 0.145153 0.160421
348 0.161901 0.0363489 0.125552 0.19825
349 0.154604 0.0134163 0.141187 0.16802
350 0.155144 0.0185624 0.136582 0.173707
351 0.153538 0.00922043 0.144317 0.162758
352 0.154994 0.00622712 0.148767 0.161221
353 0.151376 0.00595746 0.145418 0.157333
354 0.149229 0.00669683 0.142532 0.155925
355 0.154529 0.00912424 0.145404 0.163653
356 0.15609 0.019941 0.136149 0.176031
357 0.149694 0.0055007 0.144193 0.155195
358 0.151691 0.00765076 0.14404 0.159342
359 0.152292 0.00925322 0.143038 0.161545
360 0.157396 0.0143927 0.143004 0.171789
361 0.152637 0.0116224 0.141014 0.164259
362 0.154649 0.0207981 0.133851 0.175447
363 0.154048 0.0165932 0.137455 0.170641
364 0.15088 0.00503866 0.145842 0.155919
365 0.152892 0.00588848 0.147004 0.158781
366 0.157051 0.00976008 0.147291 0.166811
367 0.152967 0.00727877 0.145688 0.160246
368 0.154394 0.0161681 0.138225 0.170562
369 0.161135 0.0250196 0.136115 0.186155
370 0.155159 0.014716 0.140443 0.169875
371 0.151901 0.00799878 0.143902 0.1599
372 0.152802 0.0102588 0.142543 0.163061
373 0.151075 0.00583357 0.145242 0.156909
374 0.151451 0.00982192 0.141629 0.161273
375 0.157426 0.0160628 0.141364 0.173489
376 0.149154 0.00375313 0.1454 0.152907
377 0.155144 0.0233399 0.131804 0.178484
378 0.154003 0.0103224 0.143681 0.164326
379 0.155279 0.0217109 0.133569 0.17699
380 0.151406 0.00688153 0.144524 0.158287
381 0.154379 0.00839086 0.145988 0.162769
382 0.153658 0.011977 0.141681 0.165635
383 0.15049 0.00482735 0.145662 0.155317
384 0.158508 0.0169508 0.141557 0.175458
385 0.159709 0.017277 0.142432 0.176986
386 0.158387 0.0283978 0.12999 0.186785
387 0.149619 0.00509419 0.144525 0.154713
388 0.152562 0.00767676 0.144885 0.160239
389 0.150775 0.00479326 0.145982 0.155568
390 0.157517 0.0161706 0.141346 0.173687
391 0.151526 0.0066988 0.144827 0.158225
392 0.156871 0.00932077 0.14755 0.166192
393 0.153222 0.00994853 0.143274 0.163171
394 0.151271 0.00993265 0.141338 0.161203
395 0.153192 0.012136 0.141056 0.165328
396 0.156105 0.00880378 0.147301 0.164909
397 0.154123 0.00560413 0.148519 0.159727
398 0.154349 0.00644398 0.147905 0.160792
399 0.162877 0.0174657 0.145411 0.180342
400 0.154484 0.00624678 0.148237 0.16073
401 0.156631 0.00728001 0.149351 0.163911
402 0.158868 0.012365 0.146503 0.171233
403 0.160204 0.0099633 0.150241 0.170167
404 0.155865 0.0113339 0.144531 0.167199
405 0.158147 0.0143839 0.143763 0.172531
406 0.152982 0.00826121 0.144721 0.161243
407 0.158102 0.0128755 0.145227 0.170978
408 0.15582 0.0110079 0.144812 0.166828
409 0.154394 0.00569859 0.148695 0.160092
410 0.149379 0.010545 0.138834 0.159924
411 0.149889 0.0110257 0.138864 0.160915
412 0.152201 0.0147745 0.137427 0.166976
413 0.151421 0.0145988 0.136822 0.166019
414 0.148057 0.00751291 0.140545 0.15557
415 0.152487 0.0119557 0.140531 0.164442
416 0.151331 0.0133901 0.13794 0.164721
417 0.14594 0.00993816 0.136002 0.155879
418 0.151421 0.0207027 0.130718 0.172123
419 0.146106 0.00910003 0.137006 0.155206
420 0.143553 0.00757626 0.135977 0.151129
421 0.148403 0.00953889 0.138864 0.157942
422 0.149499 0.0178855 0.131613 0.167384
423 0.144574 0.00502881 0.139545 0.149603
424 0.147247 0.00997361 0.137273 0.15722
425 0.148343 0.0102389 0.138104 0.158582
426 0.146916 0.0140187 0.132898 0.160935
427 0.152201 0.00722398 0.144977 0.159425
428 0.153042 0.0122819 0.14076 0.165324
429 0.149199 0.0028126 0.146386 0.152011
430 0.152667 0.00971165 0.142955 0.162379
431 0.163102 0.0165304 0.146572 0.179632
432 0.149694 0.00408272 0.145611 0.153777
433 0.157592 0.0198012 0.13779 0.177393
434 0.152577 0.00981761 0.142759 0.162394
435 0.150925 0.00755476 0.14337 0.15848
436 0.149409 0.00739496 0.142014 0.156804
437 0.15052 0.0166136 0.133906 0.167133
438 0.157682 0.0248573 0.132824 0.182539
439 0.151271 0.00778431 0.143486 0.159055
440 0.150805 0.00868848 0.142117 0.159494
441 0.15019 0.00842538 0.141764 0.158615
442 0.156961 0.0265223 0.130439 0.183483
443 0.15022 0.00820941 0.14201 0.158429
444 0.15067 0.00900159 0.141668 0.159672
445 0.150955 0.00859954 0.142356 0.159555
446 0.153072 0.0153191 0.137753 0.168391
447 0.152472 0.00613566 0.146336 0.158607
448 0.165805 0.0373803 0.128424 0.203185
449 0.155354 0.00909349 0.146261 0.164448
450 0.157997 0.0103964 0.147601 0.168393
451 0.158372 0.0063725 0.152 0.164745
452 0.16109 0.0112764 0.149814 0.172366
453 0.159138 0.00659849 0.15254 0.165737
454 0.164093 0.00996601 0.154127 0.174059
455 0.163072 0.010074 0.152998 0.173146
456 0.159859 0.00992194 0.149937 0.169781
457 0.164033 0.0182935 0.145739 0.182326
458 0.159213 0.0140671 0.145146 0.17328
459 0.152997 0.0106022 0.142395 0.163599
460 0.151706 0.0112837 0.140422 0.16299
461 0.149409 0.00523096 0.144178 0.15464
462 0.152412 0.0103277 0.142084 0.162739
463 0.153538 0.00883947 0.144698 0.162377
464 0.154078 0.0103992 0.143679 0.164477
465 0.154424 0.0102045 0.144219 0.164628
466 0.154784 0.0153654 0.139419 0.170149
467 0.157306 0.0129317 0.144375 0.170238
468 0.149499 0.00392825 0.145571 0.153427
469 0.152622 0.00809382 0.144528 0.160716
470 0.155219 0.0114693 0.14375 0.166689
471 0.155189 0.0126466 0.142543 0.167836
472 0.151721 0.0063792 0.145342 0.1581
473 0.155505 0.011928 0.143577 0.167433
474 0.152637 0.0145976 0.138039 0.167234
475 0.155054 0.0138925 0.141162 0.168947
476 0.152712 0.00665293 0.146059 0.159365
477 0.154288 0.00707791 0.147211 0.161366
478 0.153207 0.00930537 0.143902 0.162513
479 0.151361 0.00723907 0.144122 0.1586
480 0.169198 0.0301589 0.139039 0.199357
481 0.154484 0.00837019 0.146113 0.162854
482 0.159694 0.0183547 0.141339 0.178048
483 0.157487 0.0122079 0.145279 0.169694
484 0.153913 0.0102422 0.143671 0.164155
485 0.158357 0.0102553 0.148102 0.168613
486 0.158162 0.010405 0.147757 0.168567
487 0.15618 0.00767172 0.148509 0.163852
488 0.155715 0.0131294 0.142585 0.168844
489 0.152171 0.0102031 0.141968 0.162375
490 0.153658 0.00865338 0.145004 0.162311
491 0.153358 0.0148055 0.138552 0.168163
492 0.148688 0.00700277 0.141685 0.155691
493 0.152892 0.00543454 0.147458 0.158327
494 0.158222 0.0123877 0.145834 0.17061
495 0.155204 0.0135631 0.141641 0.168767
496 0.156421 0.00802165 0.148399 0.164442
497 0.156931 0.0177746 0.139156 0.174706
498 0.152262 0.00653187 0.14573 0.158793
499 0.159303 0.0209916 0.138312 0.180295
500 0.157441 0.0119977 0.145444 0.169439
501 0.156721 0.0109129 0.145808 0.167634
502 0.156375 0.00924133 0.147134 0.165617
503 0.154529 0.00819761 0.146331 0.162726
504 0.157021 0.0119506 0.145071 0.168972
505 0.162847 0.0098722 0.152974 0.172719
506 0.163582 0.0118783 0.151704 0.175461
507 0.158718 0.00751591 0.151202 0.166234
508 0.156345 0.0055657 0.15078 0.161911
509 0.159048 0.00957365 0.149474 0.168622
510 0.169363 0.0325263 0.136837 0.201889
511 0.157396 0.00729045 0.150106 0.164687
512 0.167186 0.0170711 0.150115 0.184257
513 0.156601 0.00573033 0.15087 0.162331
514 0.159694 0.00939122 0.150302 0.169085
515 0.161931 0.0132072 0.148724 0.175138
516 0.158432 0.0114588 0.146974 0.169891
517 0.152682 0.00660941 0.146073 0.159291
518 0.154724 0.00823464 0.146489 0.162959
519 0.153027 0.0103582 0.142669 0.163385
520 0.158027 0.0173776 0.140649 0.175405
521 0.159063 0.0156254 0.143438 0.174688
522 0.156886 0.0162405 0.140645 0.173126
523 0.151691 0.00945947 0.142231 0.16115
524 0.148283 0.0065029 0.14178 0.154786
525 0.149604 0.00690834 0.142696 0.156512
526 0.153448 0.0115328 0.141915 0.16498
527 0.151135 0.00808503 0.14305 0.15922
528 0.157817 0.0205116 0.137305 0.178328
529 0.152141 0.0115353 0.140606 0.163677
530 0.149784 0.00894367 0.14084 0.158728
531 0.157532 0.0162757 0.141256 0.173807
532 0.150925 0.00581383 0.145111 0.156739
533 0.158282 0.0171672 0.141115 0.17545
534 0.153313 0.00814966 0.145163 0.161462
535 0.152502 0.00913997 0.143362 0.161642
536 0.156826 0.0155786 0.141247 0.172404
537 0.152682 0.009646 0.143036 0.162328
538 0.15046 0.00950047 0.140959 0.15996
539 0.150595 0.00901142 0.141583 0.159606
540 0.150205 0.00612737 0.144077 0.156332
541 0.15558 0.0138592 0.14172 0.169439
542 0.154829 0.012272 0.142557 0.167101
543 0.147517 0.00399945 0.143517 0.151516
544 0.157186 0.0142606 0.142926 0.171447
545 0.157171 0.0141638 0.143007 0.171335
546 0.151481 0.00728315 0.144198 0.158764
547 0.156165 0.0139673 0.142198 0.170133
548 0.154529 0.0183509 0.136178 0.17288
549 0.152066 0.010765 0.141301 0.162831
550 0.152637 0.0168192 0.135818 0.169456
551 0.153117 0.010093 0.143024 0.16321
552 0.149003 0.00335142 0.145652 0.152355
553 0.151706 0.0106793 0.141027 0.162385
554 0.157321 0.0129514 0.14437 0.170273
555 0.160474 0.0231389 0.137336 0.183613
556 0.151901 0.00967857 0.142223 0.16158
557 0.159544 0.00941112 0.150132 0.168955
558 0.151886 0.00771783 0.144168 0.159604
559 0.150775 0.01204 0.138735 0.162815
560 0.15112 0.00938271 0.141738 0.160503
561 0.150925 0.00871066 0.142215 0.159636
562 0.156015 0.0162068 0.139808 0.172222
563 0.154829 0.0126408 0.142188 0.16747
564 0.149679 0.00628994 0.143389 0.155969
565 0.155369 0.0121431 0.143226 0.167513
566 0.147397 0.00379872 0.143598 0.151196
567 0.158192 0.0310211 0.127171 0.189213
568 0.153448 0.0144582 0.138989 0.167906
569 0.153808 0.00986283 0.143945 0.163671
570 0.153042 0.00945041 0.143592 0.162493
571 0.152757 0.00977167 0.142985 0.162529
572 0.151886 0.013374 0.138512 0.16526
573 0.148673 0.00491126 0.143762 0.153584
574 0.15067 0.0087486 0.141921 0.159419
575 0.149934 0.00583759 0.144097 0.155772
576 0.157141 0.00830455 0.148837 0.165446
577 0.151241 0.0054146 0.145826 0.156655
578 0.150355 0.00584376 0.144511 0.156198
579 0.154874 0.0166772 0.138197 0.171551
580 0.150955 0.00930658 0.141649 0.160262
581 0.154093 0.0100088 0.144084 0.164102
582 0.153433 0.00979397 0.143639 0.163227
583 0.156045 0.0149215 0.141124 0.170967
584 0.152832 0.0085006 0.144331 0.161333
585 0.152937 0.00996991 0.142967 0.162907
586 0.148118 0.00502648 0.143091 0.153144
587 0.151436 0.00686415 0.144572 0.1583
588 0.151976 0.0100531 0.141923 0.162029
589 0.155174 0.0125931 0.142581 0.167767
590 0.154258 0.00907355 0.145185 0.163332
591 0.148283 0.0056838 0.142599 0.153966
592 0.147187 0.00484506 0.142342 0.152032
593 0.155219 0.00750176 0.147718 0.162721
594 0.15609 0.00903695 0.147053 0.165127
595 0.16058 0.0153053 0.145274 0.175885
596 0.157171 0.0112564 0.145915 0.168428
597 0.156631 0.00805278 0.148578 0.164683
598 0.157622 0.0122994 0.145322 0.169921
599 0.155159 0.0086095 0.14655 0.163769
600 0.154934 0.00943236 0.145502 0.164366
601 0.161165 0.0105209 0.150644 0.171686
602 0.158928 0.00838816 0.15054 0.167316
603 0.154349 0.00583288 0.148516 0.160181
604 0.156526 0.010869 0.145657 0.167395
605 0.164288 0.0323989 0.131889 0.196687
606 0.158087 0.0102545 0.147833 0.168342
607 0.149184 0.00746784 0.141716 0.156651
608 0.159979 0.0162067 0.143772 0.176186
609 0.152262 0.00962962 0.142632 0.161891
610 0.158477 0.0233849 0.135093 0.181862
611 0.147006 0.0026307 0.144376 0.149637
612 0.147307 0.00876539 0.138541 0.156072
613 0.144889 0.00608817 0.138801 0.150978
614 0.144559 0.00808352 0.136476 0.152643
615 0.147712 0.00868448 0.139028 0.156397
616 0.147577 0.0105578 0.137019 0.158135
617 0.16148 0.0738841 0.0875963 0.235364
618 0.145985 0.0107834 0.135202 0.156769
619 0.144949 0.0122454 0.132704 0.157195
620 0.145985 0.0121219 0.133864 0.158107
621 0.148087 0.0121679 0.13592 0.160255
622 0.148418 0.0125019 0.135916 0.16092
623 0.153598 0.0100583 0.143539 0.163656
624 0.158883 0.0175336 0.141349 0.176416
625 0.151271 0.005464 0.145807 0.156735
626 0.15058 0.0083378 0.142242 0.158918
627 0.155264 0.0124348 0.14283 0.167699
628 0.15549 0.0134466 0.142043 0.168936
629 0.156195 0.0133807 0.142815 0.169576
630 0.154243 0.0101012 0.144142 0.164345
631 0.151706 0.00729313 0.144413 0.158999
632 0.149604 0.0067559 0.142848 0.15636
633 0.151256 0.00737458 0.143881 0.15863
634 0.152141 0.0096795 0.142462 0.161821
635 0.152186 0.012315 0.139871 0.164501
636 0.15082 0.00806648 0.142754 0.158887
637 0.155114 0.0133628 0.141751 0.168477
638 0.15058 0.00600614 0.144574 0.156586
639 0.153823 0.0106176 0.143205 0.164441
640 0.154649 0.00656665 0.148082 0.161215
641 0.153313 0.00719283 0.14612 0.160505
642 0.156075 0.0103445 0.145731 0.16642
643 0.159258 0.0076301 0.151628 0.166888
644 0.163522 0.0123646 0.151158 0.175887
645 0.206674 0.203989 0.00268468 0.410663
646 0.162561 0.00979249 0.152769 0.172354
647 0.163027 0.0109603 0.152067 0.173987
648 0.160625 0.00739095 0.153234 0.168016
649 0.164108 0.0242894 0.139819 0.188397
650 0.161045 0.0090934 0.151952 0.170138
651 0.157787 0.00709882 0.150688 0.164886
652 0.162126 0.0125885 0.149538 0.174714
653 0.161075 0.00907817 0.151997 0.170153
654 0.159559 0.0076005 0.151958 0.167159
655 0.158312 0.00713248 0.15118 0.165445
656 0.160519 0.00988834 0.150631 0.170408
657 0.156315 0.0120862 0.144229 0.168402
658 0.153568 0.0083161 0.145252 0.161884
659 0.15025 0.00488214 0.145367 0.155132
660 0.153207 0.0105519 0.142656 0.163759
661 0.153207 0.0109729 0.142234 0.16418
662 0.157937 0.0127393 0.145198 0.170676
663 0.1554 0.0114778 0.143922 0.166877
664 0.153493 0.0104599 0.143033 0.163953
665 0.152652 0.00794108 0.144711 0.160593
666 0.159589 0.0183571 0.141231 0.177946
667 0.153042 0.0082731 0.144769 0.161315
668 0.154544 0.00923616 0.145308 0.16378
669 0.152862 0.00829497 0.144567 0.161157
670 0.148523 0.00240119 0.146122 0.150924
671 0.156481 0.0153512 0.141129 0.171832
672 0.158973 0.0131913 0.145782 0.172164
673 0.153598 0.00738644 0.146211 0.160984
674 0.153222 0.00704232 0.14618 0.160265
675 0.154499 0.00833025 0.146168 0.162829
676 0.162081 0.0160507 0.14603 0.178132
677 0.151841 0.0047757 0.147065 0.156617
678 0.156556 0.0117594 0.144796 0.168315
679 0.158868 0.0124566 0.146411 0.171324
680 0.154634 0.0101365 0.144497 0.16477
681 0.160745 0.0198368 0.140908 0.180581
682 0.154078 0.00609217 0.147986 0.16017
683 0.153493 0.00878122 0.144711 0.162274
684 0.15549 0.0105327 0.144957 0.166022
685 0.156511 0.0106357 0.145875 0.167146
686 0.154664 0.0088003 0.145864 0.163464
687 0.149784 0.00867393 0.14111 0.158458
688 0.154424 0.0134658 0.140958 0.167889
689 0.156556 0.0128891 0.143667 0.169445
690 0.156736 0.0148946 0.141841 0.17163
691 0.157517 0.0131828 0.144334 0.170699
692 0.158072 0.0165411 0.141531 0.174613
693 0.155715 0.0133057 0.142409 0.169021
694 0.153883 0.00809081 0.145792 0.161974
695 0.160009 0.0166676 0.143341 0.176677
696 0.162306 0.0176488 0.144657 0.179955
697 0.157757 0.00996139 0.147795 0.167718
698 0.158087 0.0103791 0.147708 0.168466
699 0.157562 0.0137489 0.143813 0.17131
700 0.15636 0.0103105 0.14605 0.166671
701 0.172006 0.0301465 0.141859 0.202152
702 0.170264 0.0201413 0.150123 0.190405
703 0.15543 0.00441782 0.151012 0.159847
704 0.164318 0.0122871 0.152031 0.176605
705 0.161315 0.00888703 0.152428 0.170202
706 0.156751 0.00529991 0.151451 0.162051
707 0.16615 0.0196406 0.146509 0.18579
708 0.159799 0.00977544 0.150023 0.169574
709 0.162546 0.010647 0.151899 0.173193
710 0.157096 0.00703425 0.150062 0.16413
711 0.164844 0.0157603 0.149083 0.180604
712 0.163763 0.0129589 0.150804 0.176721
713 0.157802 0.00924651 0.148555 0.167048
714 0.158462 0.0148022 0.14366 0.173265
715 0.159724 0.00898858 0.150735 0.168712
716 0.16103 0.0208745 0.140155 0.181904
717 0.153823 0.00987256 0.14395 0.163696
718 0.155925 0.0166629 0.139262 0.172588
719 0.152547 0.0080464 0.1445 0.160593
720 0.152367 0.0119933 0.140373 0.16436
721 0.154048 0.0121158 0.141932 0.166164
722 0.149949 0.00654346 0.143406 0.156493
723 0.1607 0.0273356 0.133364 0.188035
724 0.151346 0.00876309 0.142583 0.160109
725 0.150925 0.009616 0.141309 0.160541
726 0.154919 0.0161266 0.138792 0.171046
727 0.151466 0.00803148 0.143434 0.159497
728 0.15109 0.0122164 0.138874 0.163307
729 0.152622 0.0123418 0.14028 0.164964
730 0.147006 0.00333101 0.143675 0.150337
731 0.151436 0.00816548 0.14327 0.159601
732 0.149664 0.00755357 0.14211 0.157218
733 0.150054 0.007683 0.142371 0.157737
734 0.147472 0.00485029 0.142622 0.152322
735 0.152982 0.0103956 0.142587 0.163378
736 0.166165 0.0325237 0.133641 0.198689
737 0.150835 0.00810786 0.142727 0.158943
738 0.151241 0.00480488 0.146436 0.156045
739 0.153328 0.011333 0.141995 0.164661
740 0.153087 0.0104195 0.142668 0.163507
741 0.148703 0.00675924 0.141944 0.155462
742 0.15624 0.0189077 0.137333 0.175148
743 0.152787 0.00830374 0.144483 0.161091
744 0.152457 0.0142342 0.138223 0.166691
745 0.151165 0.00929752 0.141868 0.160463
746 0.15097 0.00993946 0.141031 0.16091
747 0.150265 0.00810468 0.14216 0.158369
748 0.15121 0.008148 0.143062 0.159358
749 0.151736 0.0120831 0.139653 0.163819
750 0.152262 0.00845113 0.14381 0.160713
751 0.151826 0.00828895 0.143537 0.160115
752 0.149514 0.0067741 0.14274 0.156288
753 0.149259 0.00638456 0.142874 0.155643
754 0.148748 0.0051263 0.143622 0.153874
755 0.151316 0.00621598 0.1451 0.157532
756 0.155685 0.0187055 0.136979 0.17439
757 0.15058 0.00699517 0.143585 0.157575
758 0.151601 0.0101546 0.141446 0.161755
759 0.149964 0.00373905 0.146225 0.153703
760 0.154198 0.0104962 0.143702 0.164695
761 0.152051 0.0103972 0.141654 0.162449
762 0.152607 0.0121677 0.140439 0.164775
763 0.149589 0.00760109 0.141988 0.15719
764 0.152006 0.0106704 0.141336 0.162677
765 0.151721 0.00536995 0.146351 0.157091
766 0.156646 0.0109518 0.145694 0.167598
767 0.152352 0.00857548 0.143776 0.160927
768 0.15567 0.0127562 0.142914 0.168426
769 0.155925 0.0197253 0.1362 0.17565
770 0.15633 0.0119703 0.14436 0.168301
771 0.154694 0.0107301 0.143964 0.165424
772 0.151706 0.00629791 0.145408 0.158004
773 0.15037 0.00485677 0.145513 0.155226
774 0.154288 0.0104125 0.143876 0.164701
775 0.153237 0.0063737 0.146864 0.159611
776 0.150955 0.00641951 0.144536 0.157375
777 0.156 0.011058 0.144942 0.167058
778 0.158447 0.0194121 0.139035 0.17786
779 0.177336 0.108893 0.0684429 0.286228
780 0.152727 0.00737782 0.145349 0.160105
781 0.156631 0.0102224 0.146408 0.166853
782 0.152111 0.00751951 0.144592 0.159631
783 0.160549 0.0132636 0.147286 0.173813
784 0.156436 0.0134335 0.143002 0.169869
785 0.154559 0.00801389 0.146545 0.162573
786 0.155835 0.00920692 0.146628 0.165042
787 0.150144 0.0116076 0.138537 0.161752
788 0.147202 0.00589255 0.141309 0.153094
789 0.156661 0.0101483 0.146512 0.166809
790 0.157457 0.0101644 0.147292 0.167621
791 0.163642 0.0162346 0.147408 0.179877
792 0.153478 0.00900211 0.144476 0.16248
793 0.157261 0.0102381 0.147023 0.167499
794 0.156736 0.00821962 0.148516 0.164955
795 0.154333 0.00559656 0.148737 0.15993
796 0.156496 0.00933472 0.147161 0.16583
797 0.146616 0.00693198 0.139684 0.153548
798 0.153418 0.0151858 0.138232 0.168603
799 0.14591 0.00608328 0.139827 0.151994
