# ../output/graphs/perf_serial14BIPED
# step - mean (0.0483894) - standard deviation (0.00666198) r=20 - ylow - yhigh
0 0.0517398 0.00248007 0.0492597 0.0542199
1 0.0548177 0.014784 0.0400337 0.0696017
2 0.0526707 0.00553168 0.047139 0.0582024
3 0.0560189 0.0131903 0.0428286 0.0692092
4 0.0507789 0.000650318 0.0501285 0.0514292
5 0.05195 0.0042446 0.0477054 0.0561946
6 0.0495176 0.000859372 0.0486583 0.050377
7 0.0491873 0.00516165 0.0440257 0.054349
8 0.0493375 0.00835435 0.0409831 0.0576918
9 0.0477159 0.0026857 0.0450302 0.0504016
10 0.0479862 0.00419395 0.0437922 0.0521801
11 0.046725 0.000487912 0.046237 0.0472129
12 0.0472355 0.001609 0.0456265 0.0488445
13 0.0478661 0.00330918 0.0445569 0.0511752
14 0.0483465 0.0062175 0.042129 0.054564
15 0.0480763 0.00428046 0.0437958 0.0523567
16 0.0516947 0.0145168 0.0371779 0.0662116
17 0.0497879 0.00610156 0.0436863 0.0558895
18 0.0498029 0.00783592 0.041967 0.0576388
19 0.0484366 0.004395 0.0440416 0.0528316
20 0.0500281 0.0112552 0.0387729 0.0612833
21 0.0486618 0.00438615 0.0442757 0.053048
22 0.0473556 0.00155194 0.0458036 0.0489075
23 0.0505386 0.0101988 0.0403398 0.0607374
24 0.04677 0.00283431 0.0439357 0.0496043
25 0.0480162 0.00544253 0.0425737 0.0534587
26 0.0472204 0.00454407 0.0426764 0.0517645
27 0.0489321 0.0064261 0.042506 0.0553582
28 0.0504936 0.00873644 0.0417571 0.05923
29 0.0490972 0.00662306 0.0424742 0.0557203
30 0.0465148 0.00274054 0.0437742 0.0492553
31 0.0469352 0.00408669 0.0428485 0.0510218
32 0.0480012 0.00587314 0.042128 0.0538743
33 0.0542472 0.0261991 0.0280481 0.0804463
34 0.0513644 0.00718342 0.044181 0.0585478
35 0.0533463 0.00938578 0.0439605 0.0627321
36 0.0511242 0.00429305 0.0468311 0.0554172
37 0.0506587 0.0041043 0.0465544 0.054763
38 0.0546075 0.0107251 0.0438824 0.0653326
39 0.0525806 0.0060379 0.0465427 0.0586185
40 0.0525656 0.00546285 0.0471027 0.0580284
41 0.0514245 0.00514615 0.0462783 0.0565706
42 0.05195 0.00611809 0.0458319 0.0580681
43 0.0513044 0.00583541 0.045469 0.0571398
44 0.0505536 0.00277386 0.0477798 0.0533275
45 0.0497128 0.000589018 0.0491238 0.0503019
46 0.0503735 0.00202751 0.048346 0.052401
47 0.0517848 0.00758875 0.0441961 0.0593736
48 0.049848 0.00226315 0.0475848 0.0521111
49 0.0518449 0.00780305 0.0440418 0.0596479
50 0.0493825 0.000674649 0.0487079 0.0500572
51 0.0504335 0.00304682 0.0473867 0.0534804
52 0.0501483 0.00219026 0.047958 0.0523385
53 0.0498329 0.00208582 0.0477471 0.0519188
54 0.052956 0.012961 0.039995 0.0659169
55 0.0534664 0.010203 0.0432635 0.0636694
56 0.0515896 0.00636839 0.0452212 0.057958
57 0.0516647 0.00746535 0.0441994 0.0591301
58 0.0523554 0.00983018 0.0425252 0.0621856
59 0.0551781 0.0147107 0.0404673 0.0698888
60 0.0495477 0.000684765 0.0488629 0.0502324
61 0.0493975 0.000581507 0.048816 0.049979
62 0.049863 0.00192156 0.0479414 0.0517845
63 0.0513044 0.00482268 0.0464817 0.056127
64 0.0506888 0.00299928 0.0476895 0.0536881
65 0.049863 0.00231724 0.0475457 0.0521802
66 0.0510041 0.00449057 0.0465135 0.0554947
67 0.055043 0.0137361 0.0413069 0.068779
68 0.0542772 0.0117516 0.0425257 0.0660288
69 0.0514395 0.00517691 0.0462626 0.0566164
70 0.0514695 0.00535778 0.0461117 0.0568273
71 0.0528058 0.00680357 0.0460022 0.0596094
72 0.0506738 0.00291586 0.0477579 0.0535896
73 0.0510791 0.00431612 0.046763 0.0553953
74 0.0510041 0.0041395 0.0468646 0.0551436
75 0.0518599 0.00607304 0.0457869 0.0579329
76 0.0523103 0.00832543 0.0439849 0.0606358
77 0.05195 0.00594769 0.0460023 0.0578977
78 0.0505687 0.00291512 0.0476535 0.0534838
79 0.05192 0.00653285 0.0453871 0.0584528
80 0.0506587 0.00395322 0.0467055 0.054612
81 0.0509891 0.0041529 0.0468362 0.055142
82 0.0495777 0.000770871 0.0488068 0.0503486
83 0.0541421 0.0105016 0.0436405 0.0646437
84 0.056094 0.0237824 0.0323116 0.0798763
85 0.0521752 0.00666132 0.0455139 0.0588365
86 0.0516947 0.00604713 0.0456476 0.0577419
87 0.0521902 0.00743214 0.0447581 0.0596224
88 0.0516347 0.00573109 0.0459036 0.0573658
89 0.0502233 0.0021589 0.0480644 0.0523822
90 0.0542022 0.0118842 0.042318 0.0660864
91 0.0506287 0.00402141 0.0466073 0.0546501
92 0.0539019 0.00878595 0.0451159 0.0626878
93 0.0500281 0.00164585 0.0483823 0.051674
94 0.0503585 0.00265904 0.0476994 0.0530175
95 0.0504185 0.00258301 0.0478355 0.0530015
96 0.0518899 0.00479579 0.0470941 0.0566857
97 0.0542322 0.00802362 0.0462086 0.0622558
98 0.0496828 0.00407716 0.0456056 0.05376
99 0.052956 0.00901531 0.0439406 0.0619713
100 0.0490372 0.00269943 0.0463378 0.0517366
101 0.0526106 0.013104 0.0395067 0.0657146
102 0.0511542 0.00619227 0.0449619 0.0573465
103 0.0493675 0.00406157 0.0453059 0.0534291
104 0.050929 0.00583473 0.0450943 0.0567637
105 0.050959 0.00575435 0.0452047 0.0567134
106 0.0518749 0.00629023 0.0455847 0.0581651
107 0.0502534 0.00386927 0.0463841 0.0541226
108 0.0500281 0.00524982 0.0447783 0.055278
109 0.0482414 0.00030439 0.047937 0.0485458
110 0.0521151 0.00744055 0.0446746 0.0595557
111 0.0522202 0.00887805 0.0433422 0.0610983
112 0.0551931 0.00763797 0.0475551 0.0628311
113 0.0536166 0.00683015 0.0467864 0.0604467
114 0.0501483 0.00265208 0.0474962 0.0528003
115 0.0517398 0.00777458 0.0439652 0.0595144
116 0.050914 0.00438923 0.0465248 0.0553032
117 0.0504035 0.00364363 0.0467599 0.0540471
118 0.0515896 0.00579145 0.0457982 0.0573811
119 0.0498179 0.00189658 0.0479214 0.0517145
120 0.0508089 0.00560069 0.0452082 0.0564096
121 0.0502684 0.00297028 0.0472981 0.0532386
122 0.0545775 0.014446 0.0401315 0.0690235
123 0.0515296 0.00529174 0.0462378 0.0568213
124 0.0522503 0.00556629 0.046684 0.0578166
125 0.0505236 0.00285492 0.0476687 0.0533785
126 0.0513194 0.00455599 0.0467634 0.0558754
127 0.0499531 0.00217637 0.0477767 0.0521294
128 0.0508239 0.00251397 0.0483099 0.0533379
129 0.0521752 0.00566176 0.0465134 0.057837
130 0.0507188 0.00419105 0.0465278 0.0549098
131 0.0491573 0.000601328 0.048556 0.0497586
132 0.0521302 0.00753863 0.0445915 0.0596688
133 0.0495176 0.00202311 0.0474945 0.0515408
134 0.052986 0.00795481 0.0450312 0.0609408
135 0.0499531 0.00402127 0.0459318 0.0539743
136 0.0498029 0.00268297 0.04712 0.0524859
137 0.0502083 0.00338488 0.0468234 0.0535932
138 0.0492324 0.000549414 0.048683 0.0497818
139 0.0521602 0.00751809 0.0446421 0.0596783
140 0.0508239 0.00531848 0.0455054 0.0561424
141 0.0497128 0.00367836 0.0460345 0.0533912
142 0.0506137 0.00437689 0.0462368 0.0549906
143 0.0499981 0.00270177 0.0472963 0.0526999
144 0.0507488 0.00445198 0.0462968 0.0552008
145 0.0496077 0.00211613 0.0474916 0.0517239
146 0.0497729 0.00219411 0.0475788 0.051967
147 0.0497579 0.00281392 0.046944 0.0525718
148 0.0508539 0.0053602 0.0454937 0.0562141
149 0.0499681 0.00267813 0.0472899 0.0526462
150 0.0496828 0.00302604 0.0466568 0.0527088
151 0.0502534 0.0042555 0.0459978 0.0545089
152 0.0499681 0.00260474 0.0473633 0.0525728
153 0.0510942 0.00526172 0.0458324 0.0563559
154 0.0521452 0.00563254 0.0465126 0.0577777
155 0.0539619 0.00830618 0.0456557 0.0622681
156 0.0510641 0.00740593 0.0436582 0.0584701
157 0.0528358 0.00957751 0.0432583 0.0624133
158 0.049938 0.00366931 0.0462687 0.0536074
159 0.0514095 0.00667534 0.0447341 0.0580848
160 0.0524004 0.00928398 0.0431164 0.0616844
161 0.0512143 0.00537465 0.0458396 0.0565889
162 0.0534064 0.0104625 0.0429439 0.0638689
163 0.0494876 0.00192887 0.0475587 0.0514165
164 0.0508689 0.00505021 0.0458187 0.0559192
165 0.0499981 0.00392621 0.0460719 0.0539243
166 0.0537817 0.0122018 0.0415799 0.0659836
167 0.0517698 0.00653872 0.0452311 0.0583085
168 0.0516197 0.00473743 0.0468822 0.0563571
169 0.0500882 0.00279543 0.0472928 0.0528836
170 0.0518749 0.0066762 0.0451987 0.0585511
171 0.0514996 0.00719848 0.0443011 0.058698
172 0.0492174 0.000910326 0.048307 0.0501277
173 0.0515896 0.00536047 0.0462292 0.0569501
174 0.049923 0.00216932 0.0477537 0.0520924
175 0.0507939 0.00478514 0.0460087 0.055579
176 0.050899 0.00427582 0.0466232 0.0551748
177 0.0497128 0.00199749 0.0477153 0.0517103
178 0.0504485 0.0031004 0.0473481 0.0535489
179 0.0491723 0.000782338 0.04839 0.0499547
180 0.0512893 0.00767742 0.0436119 0.0589668
181 0.0505236 0.00334371 0.0471799 0.0538673
182 0.0500582 0.00388303 0.0461751 0.0539412
183 0.050914 0.00456842 0.0463456 0.0554824
184 0.050974 0.00716356 0.0438105 0.0581376
185 0.0509891 0.00508154 0.0459075 0.0560706
186 0.0507038 0.00575527 0.0449485 0.0564591
187 0.0518599 0.00509528 0.0467646 0.0569552
188 0.0489771 0.000576836 0.0484003 0.049554
189 0.0538418 0.00832516 0.0455166 0.062167
190 0.0522202 0.0121147 0.0401056 0.0643349
191 0.0537367 0.0094924 0.0442443 0.0632291
192 0.0500732 0.00484003 0.0452331 0.0549132
193 0.0506587 0.00436102 0.0462977 0.0550198
194 0.0492774 0.00221665 0.0470608 0.0514941
195 0.0516047 0.00706495 0.0445397 0.0586696
196 0.0523404 0.00514021 0.0472002 0.0574806
197 0.0523704 0.00684988 0.0455205 0.0592203
198 0.0490672 0.000603574 0.0484636 0.0496708
199 0.0508089 0.0102858 0.0405231 0.0610946
200 0.0490072 0.00722106 0.0417861 0.0562282
201 0.0489021 0.00671485 0.0421872 0.0556169
202 0.0468901 0.0022316 0.0446585 0.0491217
203 0.0491273 0.00682152 0.0423058 0.0559488
204 0.0503735 0.0105426 0.0398309 0.0609161
205 0.0469352 0.00238555 0.0445496 0.0493207
206 0.0507338 0.0133952 0.0373386 0.064129
207 0.0492924 0.00640698 0.0428854 0.0556994
208 0.0484216 0.00751315 0.0409084 0.0559347
209 0.0519049 0.00991375 0.0419912 0.0618187
210 0.0475057 0.0039056 0.0436001 0.0514113
211 0.051935 0.00882894 0.043106 0.0607639
212 0.0477159 0.00376967 0.0439462 0.0514856
213 0.0523404 0.0106109 0.0417295 0.0629513
214 0.0469952 0.00190038 0.0450948 0.0488956
215 0.0502534 0.00585854 0.0443948 0.0561119
216 0.0474907 0.00407473 0.043416 0.0515654
217 0.0466499 0.000438 0.0462119 0.0470879
218 0.0466048 0.000375061 0.0462298 0.0469799
219 0.0474607 0.00731096 0.0401497 0.0547716
220 0.0460793 0.00206845 0.0440109 0.0481478
221 0.0460493 0.00208971 0.0439596 0.048139
222 0.0473255 0.00516846 0.0421571 0.052494
223 0.045689 0.000237873 0.0454511 0.0459268
224 0.0498179 0.00914226 0.0406757 0.0589602
225 0.0548928 0.0209514 0.0339414 0.0758442
226 0.0464397 0.00384238 0.0425973 0.0502821
227 0.0501933 0.0100475 0.0401458 0.0602408
228 0.0475357 0.00586917 0.0416666 0.0534049
229 0.0459893 0.00203948 0.0439498 0.0480287
230 0.0466949 0.00555534 0.0411396 0.0522503
231 0.0497278 0.00451273 0.0452151 0.0542406
232 0.0503735 0.00682249 0.043551 0.057196
233 0.047836 0.000330318 0.0475057 0.0481663
234 0.049848 0.00604469 0.0438033 0.0558927
235 0.0484816 0.00280006 0.0456816 0.0512817
236 0.0496378 0.00593563 0.0437021 0.0555734
237 0.0485267 0.00386592 0.0446608 0.0523926
238 0.0497278 0.00487024 0.0448576 0.0545981
239 0.0501182 0.00647393 0.0436443 0.0565921
240 0.0492174 0.00530492 0.0439124 0.0545223
241 0.0493975 0.00536711 0.0440304 0.0547646
242 0.0475958 0.00220564 0.0453902 0.0498014
243 0.0517848 0.0178823 0.0339025 0.0696671
244 0.0490072 0.0056352 0.043372 0.0546424
245 0.0484516 0.00282858 0.045623 0.0512802
246 0.0472805 0.000532748 0.0467477 0.0478132
247 0.0502984 0.00826886 0.0420295 0.0585673
248 0.0473556 0.000616141 0.0467394 0.0479717
249 0.047851 0.00236119 0.0454899 0.0502122
250 0.0487519 0.00449158 0.0442603 0.0532435
251 0.0492023 0.0045692 0.0446331 0.0537715
252 0.0487219 0.0056729 0.043049 0.0543948
253 0.0491573 0.00512175 0.0440355 0.0542791
254 0.0483615 0.00397412 0.0443874 0.0523357
255 0.0490672 0.00730783 0.0417594 0.056375
256 0.0489021 0.00439518 0.0445069 0.0532972
257 0.048887 0.00318589 0.0457011 0.0520729
258 0.0485867 0.00408283 0.0445039 0.0526696
259 0.0482865 0.00278412 0.0455023 0.0510706
260 0.0476108 0.00227006 0.0453407 0.0498809
261 0.0480312 0.00372706 0.0443042 0.0517583
262 0.0494576 0.00609601 0.0433616 0.0555536
263 0.048857 0.00450143 0.0443556 0.0533584
264 0.0494876 0.00748774 0.0419999 0.0569754
265 0.0491873 0.0072578 0.0419295 0.0564451
266 0.0490672 0.00539384 0.0436734 0.0544611
267 0.0476408 0.00223766 0.0454032 0.0498785
268 0.0491573 0.0046337 0.0445236 0.053791
269 0.0501483 0.00763703 0.0425112 0.0577853
270 0.0490222 0.00329207 0.0457301 0.0523142
271 0.0486318 0.00265459 0.0459772 0.0512864
272 0.0496378 0.00655848 0.0430793 0.0561962
273 0.0495026 0.00500706 0.0444956 0.0545097
274 0.0485867 0.00376692 0.0448198 0.0523537
275 0.0494276 0.00548173 0.0439458 0.0549093
276 0.051965 0.00955017 0.0424148 0.0615152
277 0.0485267 0.00359269 0.044934 0.0521194
278 0.0468601 0.00424617 0.0426139 0.0511063
279 0.0465598 0.0038823 0.0426775 0.0504421
280 0.0456739 0.00193657 0.0437374 0.0476105
281 0.0480913 0.00558188 0.0425094 0.0536732
282 0.0461244 0.00204858 0.0440758 0.048173
283 0.0459292 0.00212225 0.0438069 0.0480514
284 0.0463646 0.00316431 0.0432003 0.0495289
285 0.0469802 0.00418413 0.0427961 0.0511643
286 0.0463046 0.00286237 0.0434422 0.0491669
287 0.0463646 0.00380361 0.042561 0.0501682
288 0.0475658 0.00555526 0.0420105 0.053121
289 0.0468601 0.00373069 0.0431294 0.0505908
290 0.0462595 0.00264949 0.04361 0.048909
291 0.0465598 0.00479944 0.0417604 0.0513592
292 0.0453136 0.000697162 0.0446164 0.0460108
293 0.0453586 0.000589018 0.0447696 0.0459477
294 0.0473406 0.00448957 0.042851 0.0518301
295 0.0463496 0.005204 0.0411456 0.0515536
296 0.0455538 0.00399181 0.041562 0.0495456
297 0.0481063 0.00596782 0.0421385 0.0540741
298 0.0491573 0.00875696 0.0404003 0.0579143
299 0.0492474 0.00838393 0.0408635 0.0576313
300 0.0481063 0.00453784 0.0435684 0.0526441
301 0.0506738 0.00878512 0.0418886 0.0594589
302 0.0484816 0.00369548 0.0447862 0.0521771
303 0.0470703 0.00214423 0.0449261 0.0492145
304 0.0483465 0.00434434 0.0440022 0.0526909
305 0.049878 0.00735855 0.0425194 0.0572365
306 0.046785 0.00141678 0.0453682 0.0482018
307 0.047776 0.00418674 0.0435892 0.0519627
308 0.0515896 0.00768446 0.0439052 0.0592741
309 0.0491873 0.00288434 0.046303 0.0520717
310 0.0500582 0.00524269 0.0448155 0.0553009
311 0.0489471 0.00456004 0.0443871 0.0535071
312 0.0495477 0.0058205 0.0437272 0.0553682
313 0.049908 0.00761965 0.0422884 0.0575277
314 0.0500582 0.00563 0.0444282 0.0556882
315 0.0481814 0.00383439 0.044347 0.0520157
316 0.0485417 0.00312975 0.045412 0.0516715
317 0.0476709 0.0018508 0.0458201 0.0495217
318 0.0486318 0.00431045 0.0443213 0.0529422
319 0.0502083 0.00578834 0.04442 0.0559966
320 0.047791 0.00617112 0.0416199 0.0539621
321 0.0493825 0.0088758 0.0405067 0.0582583
322 0.0485417 0.00997135 0.0385704 0.0585131
323 0.0530761 0.0279752 0.0251008 0.0810513
324 0.0483015 0.00730528 0.0409962 0.0556068
325 0.0495176 0.0105144 0.0390033 0.060032
326 0.046785 0.0056838 0.0411012 0.0524688
327 0.0463946 0.00384968 0.042545 0.0502443
328 0.0461844 0.0028529 0.0433315 0.0490373
329 0.0455238 0.00213057 0.0433932 0.0476544
330 0.0449683 0.000628996 0.0443393 0.0455973
331 0.04674 0.00420541 0.0425346 0.0509454
332 0.0449533 0.000623416 0.0443298 0.0455767
333 0.0475808 0.00607406 0.0415067 0.0536548
334 0.0447731 0.0006363 0.0441368 0.0454094
335 0.0465748 0.00533374 0.0412411 0.0519086
336 0.0464997 0.00514825 0.0413515 0.051648
337 0.0469952 0.00660124 0.040394 0.0535965
338 0.0473105 0.00567258 0.0416379 0.0529831
339 0.045689 0.00281099 0.042878 0.0485
340 0.0452085 0.00213284 0.0430757 0.0473413
341 0.045689 0.00375214 0.0419368 0.0494411
342 0.0459292 0.0030081 0.0429211 0.0489373
343 0.0460343 0.0054402 0.0405941 0.0514745
344 0.0471454 0.00611809 0.0410273 0.0532635
345 0.0455688 0.00296645 0.0426024 0.0485353
346 0.0476559 0.00770526 0.0399506 0.0553611
347 0.0472955 0.00741993 0.0398756 0.0547154
348 0.0464247 0.003941 0.0424837 0.0503657
349 0.0456589 0.00374637 0.0419126 0.0494053
350 0.0454788 0.00278067 0.0426981 0.0482594
351 0.0456739 0.00268402 0.0429899 0.048358
352 0.0471754 0.00582661 0.0413488 0.053002
353 0.0465148 0.00433072 0.042184 0.0508455
354 0.0454637 0.00208349 0.0433803 0.0475472
355 0.0505386 0.0142775 0.0362611 0.0648161
356 0.048827 0.00966277 0.0391642 0.0584898
357 0.0456439 0.00282814 0.0428158 0.0484721
358 0.0480162 0.00833749 0.0396787 0.0563537
359 0.0460493 0.00421505 0.0418343 0.0502644
360 0.0461694 0.00554102 0.0406284 0.0517104
361 0.0463196 0.00483724 0.0414823 0.0511568
362 0.048797 0.0113168 0.0374802 0.0601137
363 0.0463346 0.00654334 0.0397912 0.0528779
364 0.0489171 0.00905903 0.039858 0.0579761
365 0.046725 0.00517805 0.0415469 0.051903
366 0.0469502 0.00581218 0.041138 0.0527624
367 0.0462295 0.00267657 0.0435529 0.0489061
368 0.0470102 0.00524817 0.0417621 0.0522584
369 0.0465148 0.00404544 0.0424693 0.0505602
370 0.0479111 0.00792414 0.039987 0.0558352
371 0.0486318 0.00826666 0.0403651 0.0568985
372 0.0450884 0.000448175 0.0446402 0.0455366
373 0.0458091 0.00248438 0.0433247 0.0482935
374 0.0468601 0.00446359 0.0423965 0.0513237
375 0.050929 0.0111323 0.0397967 0.0620613
376 0.047761 0.00566463 0.0420963 0.0534256
377 0.0468751 0.0043276 0.0425475 0.0512027
378 0.0461995 0.00256439 0.0436351 0.0487638
379 0.0461394 0.00310661 0.0430328 0.049246
380 0.0487519 0.00668524 0.0420667 0.0554372
381 0.0462595 0.00342181 0.0428377 0.0496813
382 0.0490222 0.00962325 0.0393989 0.0586454
383 0.0454337 0.00220073 0.043233 0.0476344
384 0.0455088 0.00160163 0.0439072 0.0471104
385 0.0468301 0.00444029 0.0423898 0.0512704
386 0.0452836 0.00109348 0.0441901 0.0463771
387 0.0459592 0.00426947 0.0416898 0.0502287
388 0.0451184 0.000560785 0.0445576 0.0456792
389 0.0454788 0.00179289 0.0436859 0.0472717
390 0.0450433 0.000465205 0.0445781 0.0455085
391 0.0458992 0.00388671 0.0420125 0.0497859
392 0.0468751 0.00204527 0.0448298 0.0489204
393 0.0463796 0.00207063 0.044309 0.0484503
394 0.0470853 0.00522589 0.0418594 0.0523112
395 0.0450584 0.00217471 0.0428836 0.0472331
396 0.0505086 0.00853032 0.0419783 0.0590389
397 0.0469502 0.00195136 0.0449988 0.0489015
398 0.0491573 0.00572765 0.0434296 0.054885
399 0.0473255 0.0026082 0.0447173 0.0499337
400 0.0513044 0.00965151 0.0416529 0.0609559
401 0.047821 0.00544913 0.0423719 0.0532701
402 0.0500281 0.0100053 0.0400229 0.0600334
403 0.0473556 0.00236848 0.0449871 0.049724
404 0.0475057 0.00409275 0.043413 0.0515985
405 0.0470703 0.00203417 0.0450361 0.0491045
406 0.0465748 0.0005846 0.0459902 0.0471594
407 0.0475508 0.0036879 0.0438628 0.0512387
408 0.0465898 0.000887123 0.0457027 0.047477
409 0.0480012 0.00660654 0.0413946 0.0546077
410 0.0447881 0.00224771 0.0425404 0.0470358
411 0.0464097 0.00663052 0.0397791 0.0530402
412 0.0448782 0.00286532 0.0420129 0.0477435
413 0.0445629 0.00217456 0.0423883 0.0467374
414 0.0463646 0.00600833 0.0403563 0.0523729
415 0.0454637 0.00404488 0.0414189 0.0495086
416 0.0463946 0.00925333 0.0371413 0.055648
417 0.0448482 0.0043467 0.0405015 0.0491949
418 0.0447731 0.00551331 0.0392598 0.0502864
419 0.0441575 0.0033283 0.0408292 0.0474858
420 0.0443527 0.00404232 0.0403104 0.048395
421 0.0449232 0.00454658 0.0403766 0.0494698
422 0.0435869 0.00229731 0.0412896 0.0458842
423 0.0466199 0.00788216 0.0387377 0.054502
424 0.0455989 0.00574116 0.0398577 0.05134
425 0.0449382 0.00485993 0.0400783 0.0497982
426 0.0442776 0.00431777 0.0399598 0.0485954
427 0.0514245 0.0102208 0.0412037 0.0616453
428 0.0466499 0.00575841 0.0408915 0.0524083
429 0.0474457 0.00591272 0.0415329 0.0533584
430 0.0462895 0.00297313 0.0433164 0.0492627
431 0.045704 0.00217497 0.043529 0.0478789
432 0.0487819 0.00716268 0.0416193 0.0559446
433 0.0477009 0.00592283 0.0417781 0.0536237
434 0.0464097 0.00400576 0.0424039 0.0504154
435 0.0480162 0.00638275 0.0416335 0.0543989
436 0.0475357 0.00484862 0.0426871 0.0523844
437 0.0465148 0.00498778 0.041527 0.0515025
438 0.049908 0.00850226 0.0414058 0.0584103
439 0.0485868 0.0091273 0.0394594 0.0577141
440 0.0463496 0.00308184 0.0432678 0.0494314
441 0.045779 0.00259098 0.0431881 0.04837
442 0.0479111 0.00803433 0.0398768 0.0559454
443 0.0502834 0.0106055 0.0396778 0.0608889
444 0.0475357 0.00633183 0.0412039 0.0538676
445 0.0471904 0.00459086 0.0425995 0.0517813
446 0.048797 0.0151259 0.0336711 0.0639228
447 0.046725 0.00413963 0.0425853 0.0508646
448 0.0459142 0.00215058 0.0437636 0.0480648
449 0.046725 0.0031486 0.0435764 0.0498736
450 0.0521452 0.0168152 0.03533 0.0689604
451 0.0510041 0.00927999 0.0417241 0.0602841
452 0.0486018 0.00268129 0.0459205 0.0512831
453 0.0484216 0.00257597 0.0458456 0.0509976
454 0.0514245 0.00787414 0.0435503 0.0592986
455 0.0505386 0.00615416 0.0443845 0.0566928
456 0.0502684 0.00648888 0.0437795 0.0567572
457 0.0500432 0.00471298 0.0453302 0.0547561
458 0.0458691 0.00194812 0.043921 0.0478173
459 0.0472355 0.00764535 0.0395901 0.0548808
460 0.0469502 0.00737469 0.0395755 0.0543249
461 0.0471003 0.00479737 0.042303 0.0518977
462 0.0479561 0.00625084 0.0417053 0.054207
463 0.0458992 0.00379871 0.0421005 0.0496979
464 0.0471904 0.00484971 0.0423407 0.0520401
465 0.0475057 0.00542485 0.0420809 0.0529306
466 0.0503735 0.0103549 0.0400186 0.0607284
467 0.0461394 0.00232656 0.0438128 0.048466
468 0.0489771 0.00797204 0.0410051 0.0569492
469 0.0459742 0.00199167 0.0439826 0.0479659
470 0.0471003 0.00348034 0.04362 0.0505807
471 0.0484516 0.0063234 0.0421282 0.054775
472 0.046815 0.00413909 0.042676 0.0509541
473 0.0463946 0.00258929 0.0438054 0.0489839
474 0.0475508 0.0065737 0.040977 0.0541245
475 0.0476709 0.00534554 0.0423253 0.0530164
476 0.0491423 0.00891776 0.0402245 0.05806
477 0.0454037 0.000525291 0.0448784 0.045929
478 0.0485567 0.00630757 0.0422492 0.0548643
479 0.0471904 0.00420863 0.0429818 0.051399
480 0.0484967 0.0102286 0.0382681 0.0587252
481 0.0461544 0.00217601 0.0439784 0.0483304
482 0.0465298 0.00381317 0.0427166 0.0503429
483 0.0494726 0.0103296 0.039143 0.0598022
484 0.0465898 0.00415255 0.0424373 0.0507424
485 0.0484066 0.00631721 0.0420894 0.0547238
486 0.0477309 0.00487678 0.0428541 0.0526077
487 0.0490672 0.00896472 0.0401025 0.0580319
488 0.0498329 0.0104246 0.0394083 0.0602575
489 0.0474757 0.00459834 0.0428773 0.052074
490 0.0474006 0.00427031 0.0431303 0.0516709
491 0.0448782 0.00228984 0.0425883 0.047168
492 0.0454037 0.00311722 0.0422865 0.0485209
493 0.0481964 0.00454668 0.0436497 0.0527431
494 0.0524004 0.0160517 0.0363487 0.0684521
495 0.0479111 0.00418952 0.0437216 0.0521006
496 0.0467099 0.00168396 0.045026 0.0483939
497 0.0475508 0.00319533 0.0443554 0.0507461
498 0.0480462 0.00502749 0.0430187 0.0530737
499 0.0476408 0.00387509 0.0437657 0.0515159
500 0.0480312 0.00409372 0.0439375 0.0521249
501 0.0470252 0.00213691 0.0448883 0.0491622
502 0.0492023 0.00562212 0.0435802 0.0548245
503 0.0482865 0.00569568 0.0425908 0.0539821
504 0.0473856 0.00273675 0.0446488 0.0501223
505 0.0501933 0.00407694 0.0461164 0.0542702
506 0.0526707 0.00671292 0.0459578 0.0593836
507 0.0482264 0.00252207 0.0457043 0.0507485
508 0.048857 0.00499699 0.04386 0.053854
509 0.0489171 0.00523563 0.0436814 0.0541527
510 0.0481213 0.00266543 0.0454559 0.0507867
511 0.0492774 0.00738851 0.0418889 0.0566659
512 0.0481964 0.00273494 0.0454614 0.0509313
513 0.0480462 0.00361596 0.0444303 0.0516622
514 0.0501633 0.00679375 0.0433695 0.056957
515 0.0479561 0.00358729 0.0443689 0.0515434
516 0.0453737 0.00213585 0.0432378 0.0475095
517 0.0465148 0.00507915 0.0414356 0.0515939
518 0.0468 0.00460655 0.0421935 0.0514066
519 0.0472955 0.00762787 0.0396676 0.0549234
520 0.0468451 0.00469835 0.0421467 0.0515434
521 0.0476709 0.00639332 0.0412776 0.0540642
522 0.0450133 0.000483269 0.04453 0.0454966
523 0.0472355 0.0086565 0.0385789 0.055892
524 0.0468301 0.00522147 0.0416086 0.0520515
525 0.0483015 0.00938866 0.0389128 0.0576901
526 0.0454938 0.00270343 0.0427903 0.0481972
527 0.0468901 0.00525744 0.0416327 0.0521476
528 0.0453436 0.00198509 0.0433585 0.0473287
529 0.0506437 0.00821458 0.0424292 0.0588583
530 0.0454337 0.00168028 0.0437534 0.047114
531 0.0483765 0.00819294 0.0401836 0.0565695
532 0.0454938 0.00195188 0.0435419 0.0474457
533 0.0493375 0.00855012 0.0407874 0.0578876
534 0.0450433 0.000520115 0.0445232 0.0455635
535 0.0455238 0.00207482 0.043449 0.0475986
536 0.0468751 0.00496967 0.0419054 0.0518448
537 0.04674 0.00851481 0.0382252 0.0552548
538 0.0500281 0.00880794 0.0412202 0.0588361
539 0.0465898 0.00565411 0.0409357 0.0522439
540 0.0472955 0.00788709 0.0394084 0.0551826
541 0.0469802 0.00768556 0.0392946 0.0546658
542 0.0473556 0.00750548 0.0398501 0.054861
543 0.045689 0.00270306 0.0429859 0.048392
544 0.0458241 0.00284309 0.042981 0.0486672
545 0.0468451 0.00459157 0.0422535 0.0514366
546 0.0490822 0.00861231 0.0404699 0.0576945
547 0.0474907 0.0110314 0.0364593 0.0585221
548 0.0469051 0.0057524 0.0411527 0.0526575
549 0.0474907 0.00671149 0.0407792 0.0542022
550 0.0473255 0.00642324 0.0409023 0.0537488
551 0.0524755 0.0235406 0.0289349 0.0760161
552 0.046785 0.00463322 0.0421518 0.0514182
553 0.0502684 0.0103316 0.0399368 0.0606
554 0.0451484 0.000807297 0.0443411 0.0459557
555 0.04677 0.00452916 0.0422408 0.0512992
556 0.0463046 0.00296603 0.0433385 0.0492706
557 0.0459442 0.00267577 0.0432684 0.04862
558 0.0465448 0.0054027 0.0411421 0.0519475
559 0.0482414 0.00687214 0.0413693 0.0551136
560 0.0460193 0.00373721 0.0422821 0.0497565
561 0.0472955 0.00541645 0.0418791 0.052712
562 0.0485868 0.00600773 0.042579 0.0545945
563 0.0474006 0.00453354 0.0428671 0.0519342
564 0.0460493 0.00303763 0.0430117 0.0490869
565 0.0478661 0.00705161 0.0408144 0.0549177
566 0.0462145 0.00277487 0.0434396 0.0489893
567 0.0458992 0.00362128 0.0422779 0.0495204
568 0.0450433 0.00045541 0.0445879 0.0454988
569 0.0470703 0.00656245 0.0405078 0.0536327
570 0.0455688 0.00208019 0.0434887 0.047649
571 0.0489471 0.00884452 0.0401026 0.0577916
572 0.0470102 0.0043882 0.042622 0.0513984
573 0.0460793 0.0037319 0.0423474 0.0498112
574 0.0502083 0.0121629 0.0380455 0.0623712
575 0.0457941 0.00205539 0.0437387 0.0478495
576 0.046815 0.00446401 0.042351 0.0512791
577 0.0484967 0.00640784 0.0420888 0.0549045
578 0.0466499 0.00424383 0.0424061 0.0508937
579 0.0467099 0.00448374 0.0422262 0.0511937
580 0.0474607 0.00556425 0.0418964 0.0530249
581 0.0500432 0.00910686 0.0409363 0.05915
582 0.0458391 0.0021743 0.0436648 0.0480134
583 0.0486318 0.00757269 0.0410591 0.0562045
584 0.0490072 0.00976729 0.0392399 0.0587744
585 0.0479111 0.00553174 0.0423794 0.0534428
586 0.0464247 0.00461254 0.0418121 0.0510372
587 0.0504485 0.00880057 0.041648 0.0592491
588 0.0455688 0.00224088 0.043328 0.0478097
589 0.0522653 0.0129881 0.0392772 0.0652534
590 0.0464247 0.00215163 0.044273 0.0485763
591 0.0450283 0.00034858 0.0446797 0.0453769
592 0.0447881 0.000405946 0.0443821 0.045194
593 0.0477309 0.00396162 0.0437693 0.0516926
594 0.0480612 0.00553581 0.0425254 0.0535971
595 0.046725 0.000556953 0.046168 0.0472819
596 0.0494426 0.00612786 0.0433147 0.0555704
597 0.0479111 0.00420563 0.0437055 0.0521167
598 0.0475958 0.00391356 0.0436822 0.0515094
599 0.0475658 0.00387524 0.0436905 0.051441
600 0.0470252 0.00195165 0.0450736 0.0489769
601 0.0477459 0.00426896 0.043477 0.0520149
602 0.0466048 0.000337074 0.0462678 0.0469419
603 0.0474907 0.00269972 0.044791 0.0501904
604 0.0474457 0.00258318 0.0448625 0.0500288
605 0.0464847 0.000309167 0.0461756 0.0467939
606 0.0464697 0.000186929 0.0462828 0.0466566
607 0.0443377 0.000358779 0.0439789 0.0446964
608 0.0464847 0.00755309 0.0389316 0.0540378
609 0.0455388 0.00433424 0.0412046 0.0498731
610 0.0451935 0.00397642 0.0412171 0.0491699
611 0.0462445 0.00525119 0.0409933 0.0514957
612 0.0455238 0.00474171 0.0407821 0.0502655
613 0.0487819 0.00852179 0.0402601 0.0573037
614 0.0459442 0.00675083 0.0391934 0.052695
615 0.0462595 0.0056367 0.0406228 0.0518962
616 0.044713 0.00380301 0.04091 0.048516
617 0.0442326 0.00375193 0.0404806 0.0479845
618 0.0437671 0.00202528 0.0417418 0.0457924
619 0.0443677 0.00459636 0.0397713 0.048964
620 0.0443827 0.00466425 0.0397185 0.049047
621 0.0454788 0.00596092 0.0395178 0.0514397
622 0.0440974 0.00266273 0.0414347 0.0467602
623 0.0514545 0.0108754 0.0405791 0.0623299
624 0.0479862 0.00730301 0.0406832 0.0552892
625 0.0470252 0.00557633 0.0414489 0.0526016
626 0.0461094 0.00392159 0.0421878 0.050031
627 0.0460043 0.00369319 0.0423111 0.0496975
628 0.0472655 0.00711146 0.040154 0.0543769
629 0.0451785 0.000661146 0.0445173 0.0458396
630 0.0464397 0.00418822 0.0422515 0.0506279
631 0.045734 0.00373748 0.0419965 0.0494715
632 0.0487369 0.00842529 0.0403116 0.0571622
633 0.0463496 0.00400666 0.0423429 0.0503563
634 0.0449382 0.000405946 0.0445323 0.0453442
635 0.0456139 0.00383489 0.041779 0.0494488
636 0.0477309 0.00804442 0.0396865 0.0557754
637 0.0462595 0.00340729 0.0428522 0.0496668
638 0.0459142 0.00396666 0.0419475 0.0498808
639 0.0460944 0.00417661 0.0419177 0.050271
640 0.0458691 0.00260729 0.0432618 0.0484764
641 0.0464847 0.00357533 0.0429094 0.0500601
642 0.0471454 0.00557843 0.0415669 0.0527238
643 0.049893 0.00802467 0.0418683 0.0579177
644 0.0487219 0.00421569 0.0445062 0.0529376
645 0.0482714 0.00208668 0.0461848 0.0503581
646 0.0508389 0.0103057 0.0405332 0.0611446
647 0.0503735 0.0081532 0.0422203 0.0585267
648 0.0481363 0.00202578 0.0461105 0.0501621
649 0.0507338 0.00853712 0.0421967 0.0592709
650 0.0516947 0.0145153 0.0371795 0.06621
651 0.0512593 0.00860321 0.0426561 0.0598625
652 0.0513644 0.00676182 0.0446026 0.0581262
653 0.0492624 0.0045168 0.0447456 0.0537792
654 0.0531662 0.0153443 0.0378219 0.0685104
655 0.0500882 0.0065292 0.043559 0.0566174
656 0.0496378 0.00461616 0.0450216 0.0542539
657 0.0453586 0.000596624 0.044762 0.0459553
658 0.0486168 0.0073879 0.0412289 0.0560047
659 0.0492174 0.0115605 0.0376569 0.0607779
660 0.0470252 0.00564543 0.0413798 0.0526707
661 0.0479561 0.00673485 0.0412213 0.054691
662 0.0477459 0.0076116 0.0401343 0.0553575
663 0.0463196 0.0039163 0.0424033 0.0502359
664 0.0475357 0.00543689 0.0420989 0.0529726
665 0.0482414 0.00924786 0.0389936 0.0574893
666 0.0475808 0.0056415 0.0419393 0.0532223
667 0.0483465 0.00765295 0.0406936 0.0559995
668 0.0508239 0.0120725 0.0387514 0.0628964
669 0.0458241 0.00206393 0.0437602 0.047888
670 0.0458241 0.00223186 0.0435922 0.0480559
671 0.0458691 0.00220641 0.0436627 0.0480755
672 0.0473856 0.00464294 0.0427427 0.0520285
673 0.0470252 0.00481999 0.0422053 0.0518452
674 0.0470553 0.00451843 0.0425369 0.0515737
675 0.0476108 0.0073282 0.0402826 0.054939
676 0.0470252 0.00466599 0.0423593 0.0516912
677 0.0461995 0.00264403 0.0435554 0.0488435
678 0.0472054 0.0047362 0.0424692 0.0519416
679 0.0472354 0.00524097 0.0419945 0.0524764
680 0.0462445 0.00294375 0.0433007 0.0491882
681 0.0484366 0.00620524 0.0422314 0.0546418
682 0.0452986 0.000394683 0.0449039 0.0456933
683 0.0493225 0.0105486 0.0387739 0.0598711
684 0.0469352 0.00440115 0.042534 0.0513363
685 0.0473255 0.00341512 0.0439104 0.0507407
686 0.0459292 0.00196104 0.0439682 0.0478902
687 0.0461394 0.00421719 0.0419222 0.0503566
688 0.0458241 0.00502605 0.040798 0.0508501
689 0.0482264 0.00527638 0.04295 0.0535028
690 0.047791 0.00325682 0.0445342 0.0510478
691 0.0473105 0.00387765 0.0434329 0.0511882
692 0.0484666 0.00483213 0.0436345 0.0532988
693 0.0481964 0.004422 0.0437744 0.0526184
694 0.0483765 0.00521752 0.043159 0.0535941
695 0.0495327 0.00790078 0.0416319 0.0574334
696 0.0531511 0.011675 0.0414761 0.0648262
697 0.0489621 0.00767735 0.0412848 0.0566395
698 0.0485717 0.00563462 0.0429371 0.0542064
699 0.0493825 0.0079701 0.0414124 0.0573526
700 0.0481513 0.00574037 0.042411 0.0538917
701 0.0535415 0.00879344 0.0447481 0.062335
702 0.0500732 0.00325072 0.0468225 0.0533239
703 0.0487669 0.00458214 0.0441848 0.0533491
704 0.0497128 0.00592831 0.0437845 0.0556411
705 0.0483315 0.00369548 0.044636 0.052027
706 0.0505837 0.00780143 0.0427822 0.0583851
707 0.0480162 0.0039961 0.0440201 0.0520123
708 0.0487219 0.00443257 0.0442893 0.0531544
709 0.0486018 0.0043384 0.0442634 0.0529402
710 0.0480913 0.00296097 0.0451303 0.0510522
711 0.0490072 0.00496758 0.0440396 0.0539747
712 0.0505086 0.00757812 0.0429305 0.0580867
713 0.0484066 0.00439038 0.0440162 0.052797
714 0.0510341 0.00828083 0.0427533 0.0593149
715 0.0510341 0.00971168 0.0413224 0.0607458
716 0.0481363 0.00212994 0.0460064 0.0502663
717 0.0453586 0.000488604 0.04487 0.0458472
718 0.045764 0.00216625 0.0435978 0.0479303
719 0.0477459 0.0056219 0.042124 0.0533678
720 0.0462745 0.00486143 0.0414131 0.051136
721 0.0474907 0.00548081 0.0420099 0.0529715
722 0.0461094 0.00421312 0.0418962 0.0503225
723 0.0464097 0.00332559 0.0430841 0.0497352
724 0.0464247 0.00591226 0.0405124 0.0523369
725 0.0469352 0.00462786 0.0423073 0.051563
726 0.0465748 0.00732662 0.0392482 0.0539014
727 0.0473856 0.00806912 0.0393165 0.0554547
728 0.0472955 0.00669415 0.0406014 0.0539897
729 0.0490822 0.010373 0.0387092 0.0594552
730 0.0451785 0.00221375 0.0429647 0.0473922
731 0.0465148 0.00566894 0.0408458 0.0521837
732 0.0450433 0.00214449 0.0428988 0.0471878
733 0.0463646 0.00500538 0.0413592 0.05137
734 0.0449232 0.000506055 0.0444172 0.0454293
735 0.048827 0.0104172 0.0384098 0.0592442
736 0.0448031 0.000430996 0.0443721 0.0452341
737 0.0478961 0.0085735 0.0393226 0.0564696
738 0.0473706 0.00834667 0.0390239 0.0557172
739 0.0463046 0.0053529 0.0409517 0.0516575
740 0.0473406 0.0058269 0.0415137 0.0531675
741 0.0451184 0.00192015 0.0431983 0.0470386
742 0.0466949 0.00523529 0.0414596 0.0519302
743 0.0481363 0.0102895 0.0378468 0.0584258
744 0.0471754 0.0075771 0.0395983 0.0547525
745 0.0461394 0.0042268 0.0419126 0.0503662
746 0.0452235 0.00198145 0.0432421 0.047205
747 0.0449082 0.000713621 0.0441946 0.0456218
748 0.0472354 0.00607453 0.0411609 0.05331
749 0.045704 0.0027825 0.0429215 0.0484865
750 0.0464247 0.00415594 0.0422687 0.0505806
751 0.0466499 0.00721586 0.039434 0.0538657
752 0.0454487 0.00214717 0.0433016 0.0475959
753 0.0479411 0.00637665 0.0415645 0.0543178
754 0.0462295 0.00411787 0.0421116 0.0503474
755 0.0461244 0.0042514 0.041873 0.0503758
756 0.0477159 0.00533966 0.0423763 0.0530556
757 0.0465748 0.00448819 0.0420866 0.051063
758 0.046815 0.0050889 0.0417261 0.0519039
759 0.0464997 0.00416447 0.0423353 0.0506642
760 0.0455688 0.00196196 0.0436069 0.0475308
761 0.0486018 0.00613522 0.0424665 0.054737
762 0.0453436 0.000608038 0.0447356 0.0459517
763 0.0481964 0.00823717 0.0399592 0.0564335
764 0.0472355 0.00643495 0.0408005 0.0536704
765 0.0460793 0.00364635 0.042433 0.0497257
766 0.0480012 0.00771122 0.04029 0.0557124
767 0.0493825 0.0166982 0.0326843 0.0660807
768 0.0481513 0.00962203 0.0385293 0.0577734
769 0.045689 0.00205928 0.0436297 0.0477482
770 0.0464847 0.00411801 0.0423667 0.0506027
771 0.0480012 0.0107108 0.0372904 0.058712
772 0.0466949 0.00443117 0.0422638 0.0511261
773 0.0466499 0.0077194 0.0389305 0.0543693
774 0.0462895 0.00455141 0.0417381 0.0508409
775 0.0487669 0.00837553 0.0403914 0.0571425
776 0.0463346 0.00400309 0.0423315 0.0503377
777 0.0476408 0.0108596 0.0367812 0.0585005
778 0.0475057 0.00590936 0.0415963 0.0534151
779 0.0451785 0.000450183 0.0447283 0.0456287
780 0.0483165 0.00981945 0.038497 0.0581359
781 0.0453286 0.000654292 0.0446743 0.0459829
782 0.0452235 0.000396108 0.0448274 0.0456196
783 0.0459893 0.00395114 0.0420381 0.0499404
784 0.0449533 0.000369001 0.0445843 0.0453223
785 0.0469201 0.00197113 0.044949 0.0488913
786 0.046725 0.00270494 0.04402 0.0494299
787 0.0458241 0.00275612 0.043068 0.0485802
788 0.0470553 0.00832678 0.0387285 0.0553821
789 0.048797 0.00478252 0.0440144 0.0535795
790 0.047761 0.00421954 0.0435414 0.0519805
791 0.0502534 0.00965525 0.0405981 0.0599086
792 0.0473856 0.00303366 0.0443519 0.0504193
793 0.0474006 0.00386578 0.0435348 0.0512664
794 0.0487219 0.00542175 0.0433001 0.0541436
795 0.0470252 0.00218077 0.0448445 0.049206
796 0.0474607 0.00439128 0.0430694 0.051852
797 0.0460493 0.00453056 0.0415187 0.0505799
798 0.0446079 0.00206845 0.0425395 0.0466764
799 0.0467099 0.00613463 0.0405753 0.0528446
