# ../output/graphs/perf_parallel40BIPED_thread3
# step - mean (0.0485109) - standard deviation (0.0072487) r=20 - ylow - yhigh
0 0.0589918 0.0306201 0.0283716 0.0896119
1 0.050884 0.00207063 0.0488133 0.0529546
2 0.053016 0.00779044 0.0452256 0.0608065
3 0.0515746 0.00348629 0.0480883 0.0550609
4 0.0526256 0.00437833 0.0482473 0.057004
5 0.0521902 0.00807582 0.0441144 0.060266
6 0.0504786 0.00359206 0.0468865 0.0540706
7 0.047791 0.00253255 0.0452584 0.0503235
8 0.0476108 0.00197479 0.045636 0.0495856
9 0.0474306 0.00185955 0.0455711 0.0492902
10 0.0479712 0.00251576 0.0454554 0.0504869
11 0.0474306 0.00190506 0.0455256 0.0493357
12 0.0506587 0.00436928 0.0462895 0.055028
13 0.0487669 0.00681887 0.0419481 0.0555858
14 0.0487369 0.00690345 0.0418334 0.0556403
15 0.0477159 0.00201865 0.0456973 0.0497346
16 0.0481513 0.00290719 0.0452441 0.0510585
17 0.0502233 0.00736221 0.0428611 0.0575855
18 0.0478811 0.00241443 0.0454666 0.0502955
19 0.0477009 0.00207889 0.045622 0.0497798
20 0.0479111 0.00226609 0.045645 0.0501772
21 0.0489021 0.0070227 0.0418794 0.0559248
22 0.0483465 0.00261614 0.0457304 0.0509627
23 0.0472054 0.00276462 0.0444408 0.04997
24 0.04674 0.00285871 0.0438813 0.0495987
25 0.0464847 0.00185743 0.0446273 0.0483422
26 0.0493525 0.00789039 0.0414621 0.0572429
27 0.0483465 0.00475273 0.0435938 0.0530992
28 0.0458992 0.000383089 0.0455161 0.0462823
29 0.0458992 0.000705999 0.0451932 0.0466052
30 0.0493375 0.00807051 0.041267 0.057408
31 0.0486768 0.00910321 0.0395736 0.0577801
32 0.0491873 0.00970523 0.0394821 0.0588926
33 0.0471003 0.00244745 0.0446529 0.0495478
34 0.0528208 0.0123772 0.0404436 0.065198
35 0.0508539 0.00225772 0.0485962 0.0531116
36 0.0507939 0.00252542 0.0482685 0.0533193
37 0.0544274 0.00989263 0.0445347 0.06432
38 0.0505687 0.00215582 0.0484128 0.0527245
39 0.0507939 0.00227958 0.0485143 0.0530735
40 0.0535115 0.00869781 0.0448137 0.0622093
41 0.0495327 0.000719911 0.0488127 0.0502526
42 0.0511993 0.00624464 0.0449546 0.0574439
43 0.050914 0.00292142 0.0479926 0.0538354
44 0.0507038 0.00286186 0.0478419 0.0535656
45 0.0510791 0.00395071 0.0471284 0.0550299
46 0.0502834 0.00210518 0.0481782 0.0523886
47 0.0528208 0.00452222 0.0482986 0.057343
48 0.049878 0.000614676 0.0492633 0.0504927
49 0.049848 0.000870319 0.0489776 0.0507183
50 0.0500582 0.000766178 0.049292 0.0508243
51 0.0619046 0.0438269 0.0180777 0.105731
52 0.0504035 0.00197433 0.0484292 0.0523778
53 0.05192 0.00513915 0.0467808 0.0570591
54 0.0508689 0.00280155 0.0480674 0.0536705
55 0.0497879 0.000574487 0.0492134 0.0503624
56 0.0518149 0.00686899 0.0449459 0.0586838
57 0.0527608 0.00472905 0.0480317 0.0574898
58 0.0512743 0.0033302 0.0479441 0.0546045
59 0.0517548 0.00374372 0.0480111 0.0554985
60 0.0522653 0.00473512 0.0475302 0.0570004
61 0.0516647 0.00488048 0.0467842 0.0565452
62 0.0497128 0.000524217 0.0491886 0.0502371
63 0.0505536 0.00317551 0.0473781 0.0537292
64 0.0516647 0.00249163 0.0491731 0.0541563
65 0.049908 0.000566584 0.0493414 0.0504746
66 0.0518299 0.0072003 0.0446296 0.0590302
67 0.0497278 0.000384557 0.0493433 0.0501124
68 0.0508389 0.00288512 0.0479538 0.053724
69 0.0516347 0.00432507 0.0473096 0.0559598
70 0.0501182 0.00204307 0.0480752 0.0521613
71 0.050929 0.00411122 0.0468178 0.0550402
72 0.050944 0.00290408 0.0480399 0.0538481
73 0.0498179 0.0005846 0.0492333 0.0504025
74 0.0522953 0.00385526 0.0484401 0.0561506
75 0.0543073 0.0123569 0.0419503 0.0666642
76 0.0515446 0.0067182 0.0448264 0.0582628
77 0.0511542 0.00298825 0.048166 0.0541425
78 0.0503284 0.000693921 0.0496345 0.0510223
79 0.0503284 0.00199732 0.0483311 0.0523257
80 0.0506888 0.00382276 0.046866 0.0545115
81 0.0508689 0.00276266 0.0481063 0.0536316
82 0.0513194 0.00310607 0.0482133 0.0544254
83 0.0500131 0.00079718 0.0492159 0.0508103
84 0.0508689 0.00409363 0.0467753 0.0549626
85 0.0587515 0.0363168 0.0224348 0.0950683
86 0.0511242 0.00275363 0.0483706 0.0538778
87 0.0510641 0.00445145 0.0466127 0.0555156
88 0.053001 0.00587332 0.0471277 0.0588743
89 0.0511842 0.006452 0.0447322 0.0576363
90 0.05192 0.00478195 0.047138 0.0567019
91 0.05195 0.00745176 0.0444982 0.0594018
92 0.0511392 0.00296222 0.048177 0.0541014
93 0.0512293 0.00342303 0.0478063 0.0546523
94 0.0534064 0.00861849 0.0447879 0.0620249
95 0.0510491 0.0033263 0.0477228 0.0543754
96 0.0534064 0.00823103 0.0451754 0.0616374
97 0.0508389 0.00237418 0.0484647 0.0532131
98 0.0499981 0.00393883 0.0460593 0.0539369
99 0.0502984 0.00605773 0.0442407 0.0563561
100 0.0489471 0.00213607 0.046811 0.0510832
101 0.0517848 0.00783603 0.0439488 0.0596209
102 0.0486168 0.00216937 0.0464474 0.0507861
103 0.0484666 0.00202645 0.0464402 0.0504931
104 0.0516197 0.00506047 0.0465592 0.0566801
105 0.0496077 0.0021956 0.0474121 0.0518033
106 0.0563943 0.0191484 0.0372459 0.0755426
107 0.0544274 0.0100563 0.0443711 0.0644836
108 0.0495627 0.00280167 0.046761 0.0523644
109 0.0505236 0.00538504 0.0451386 0.0559087
110 0.0516347 0.010308 0.0413266 0.0619427
111 0.048827 0.00191433 0.0469127 0.0507413
112 0.0523103 0.00365144 0.0486589 0.0559618
113 0.0525956 0.00480582 0.0477898 0.0574014
114 0.0504636 0.00207716 0.0483864 0.0525407
115 0.0511392 0.00640756 0.0447316 0.0575468
116 0.0520551 0.00621553 0.0458396 0.0582706
117 0.053001 0.00763614 0.0453649 0.0606371
118 0.0510641 0.00395593 0.0471082 0.0550201
119 0.0507488 0.00277666 0.0479722 0.0535255
120 0.055058 0.00915378 0.0459042 0.0642118
121 0.0526557 0.0113246 0.041331 0.0639803
122 0.0512293 0.00672634 0.044503 0.0579556
123 0.0511542 0.0033348 0.0478194 0.054489
124 0.0511392 0.00340944 0.0477298 0.0545486
125 0.0505236 0.00264846 0.0478751 0.0531721
126 0.0506888 0.00278735 0.0479014 0.0534761
127 0.051995 0.00458103 0.047414 0.0565761
128 0.0546826 0.0117316 0.042951 0.0664142
129 0.0503585 0.00223125 0.0481272 0.0525897
130 0.0516497 0.00426262 0.0473871 0.0559123
131 0.0522803 0.00943877 0.0428415 0.0617191
132 0.0515146 0.00768439 0.0438302 0.059199
133 0.0522503 0.00721819 0.0450321 0.0594685
134 0.0525806 0.00886331 0.0437173 0.0614439
135 0.0495026 0.000767208 0.0487354 0.0502698
136 0.0502684 0.002816 0.0474524 0.0530844
137 0.0503434 0.00298825 0.0473552 0.0533317
138 0.05192 0.011048 0.040872 0.0629679
139 0.0500432 0.00208322 0.0479599 0.0521264
140 0.0490972 0.000626302 0.0484709 0.0497235
141 0.0499831 0.00272995 0.0472531 0.052713
142 0.0491273 0.000396108 0.0487312 0.0495234
143 0.0502383 0.00254113 0.0476972 0.0527795
144 0.0506437 0.00429977 0.046344 0.0549435
145 0.0499681 0.00209429 0.0478738 0.0520624
146 0.0516347 0.00778176 0.0438529 0.0594164
147 0.0539469 0.0183083 0.0356386 0.0722552
148 0.049923 0.00222675 0.0476963 0.0521498
149 0.0502984 0.00283212 0.0474663 0.0531305
150 0.0567997 0.0307803 0.0260193 0.08758
151 0.0508089 0.00294926 0.0478596 0.0537581
152 0.0513494 0.00481681 0.0465326 0.0561662
153 0.0507939 0.00432174 0.0464721 0.0551156
154 0.0494876 0.000726922 0.0487607 0.0502145
155 0.0498029 0.00199251 0.0478104 0.0517954
156 0.0507038 0.00298372 0.0477201 0.0536875
157 0.0498329 0.00188603 0.0479469 0.051719
158 0.0504335 0.00325848 0.047175 0.053692
159 0.0503885 0.00287181 0.0475167 0.0532603
160 0.056169 0.0153334 0.0408356 0.0715025
161 0.0497278 0.000802396 0.0489255 0.0505302
162 0.0507638 0.00442504 0.0463388 0.0551889
163 0.0537517 0.0100702 0.0436815 0.0638219
164 0.0526106 0.00954409 0.0430665 0.0621547
165 0.0515446 0.00463679 0.0469078 0.0561814
166 0.0515896 0.00505664 0.046533 0.0566463
167 0.0496978 0.000674815 0.049023 0.0503726
168 0.0493225 0.000390087 0.0489324 0.0497125
169 0.0507939 0.0042608 0.0465331 0.0550547
170 0.0501933 0.00266273 0.0475306 0.052856
171 0.0495327 0.000813971 0.0487187 0.0503466
172 0.0499981 0.00201775 0.0479804 0.0520159
173 0.0510641 0.00312859 0.0479355 0.0541927
174 0.0498179 0.00209536 0.0477226 0.0519133
175 0.0514245 0.00553125 0.0458932 0.0569557
176 0.0522653 0.0093902 0.0428751 0.0616555
177 0.049878 0.00179898 0.048079 0.051677
178 0.0552982 0.0233459 0.0319524 0.0786441
179 0.0525356 0.00755242 0.0449831 0.060088
180 0.0511842 0.00355113 0.0476331 0.0547354
181 0.0493975 0.000419331 0.0489782 0.0498169
182 0.0499681 0.00222173 0.0477463 0.0521898
183 0.0521302 0.00951182 0.0426183 0.061642
184 0.0504035 0.00271969 0.0476838 0.0531232
185 0.0493675 0.000407332 0.0489602 0.0497748
186 0.0490972 0.000260058 0.0488372 0.0493573
187 0.0528659 0.00904487 0.043821 0.0619107
188 0.0543523 0.00944885 0.0449034 0.0638011
189 0.0507939 0.0041482 0.0466457 0.0549421
190 0.0502383 0.00287416 0.0473642 0.0531125
191 0.0496978 0.00215811 0.0475397 0.0518559
192 0.0534064 0.0102183 0.0431881 0.0636247
193 0.0524605 0.00951025 0.0429502 0.0619707
194 0.0503735 0.00428149 0.046092 0.054655
195 0.055073 0.0109962 0.0440768 0.0660692
196 0.0511692 0.00216416 0.0490051 0.0533334
197 0.0506137 0.00218505 0.0484286 0.0527988
198 0.0494276 0.000588444 0.0488391 0.050016
199 0.0490522 0.00681945 0.0422327 0.0558717
200 0.049893 0.00706176 0.0428313 0.0569548
201 0.0483765 0.00361583 0.0447607 0.0519924
202 0.0469051 0.000661999 0.0462431 0.0475671
203 0.0471153 0.000703599 0.0464117 0.0478189
204 0.0492023 0.00698859 0.0422138 0.0561909
205 0.0501933 0.00731761 0.0428757 0.0575109
206 0.047836 0.00276869 0.0450673 0.0506047
207 0.0472805 0.000841211 0.0464393 0.0481217
208 0.0492924 0.00874159 0.0405508 0.058034
209 0.0494276 0.00920492 0.0402226 0.0586325
210 0.0503284 0.00930334 0.0410251 0.0596318
211 0.0480162 0.00453416 0.043482 0.0525504
212 0.0470252 0.000802395 0.0462229 0.0478276
213 0.0489471 0.00453426 0.0444128 0.0534814
214 0.0471454 0.00204108 0.0451043 0.0491864
215 0.0495627 0.0103595 0.0392032 0.0599222
216 0.0490522 0.00484692 0.0442053 0.0538991
217 0.0472204 0.00222675 0.0449937 0.0494472
218 0.0481213 0.00326594 0.0448554 0.0513872
219 0.0484066 0.00595042 0.0424562 0.054357
220 0.0462145 0.00223085 0.0439836 0.0484453
221 0.0459442 0.000735555 0.0452087 0.0466798
222 0.0468 0.00297009 0.0438299 0.0497701
223 0.0473406 0.0049015 0.0424391 0.052242
224 0.0501182 0.0082527 0.0418655 0.0583709
225 0.0472355 0.00680676 0.0404287 0.0540422
226 0.0459742 0.000677482 0.0452968 0.0466517
227 0.0477459 0.00514538 0.0426006 0.0528913
228 0.0484967 0.00516244 0.0433342 0.0536591
229 0.0458391 0.000705998 0.0451331 0.0465451
230 0.0473105 0.00591918 0.0413913 0.0532297
231 0.0493675 0.0028415 0.046526 0.052209
232 0.0503885 0.00537978 0.0450087 0.0557683
233 0.0479111 0.000479288 0.0474318 0.0483904
234 0.0506287 0.00945095 0.0411778 0.0600797
235 0.0490072 0.00290924 0.0460979 0.0519164
236 0.048812 0.0026833 0.0461287 0.0514953
237 0.0487819 0.00404719 0.0447347 0.0528291
238 0.05195 0.0160237 0.0359263 0.0679737
239 0.0493525 0.00336709 0.0459854 0.0527196
240 0.0537367 0.0173466 0.0363901 0.0710833
241 0.0487069 0.00471234 0.0439945 0.0534192
242 0.0477009 0.00223766 0.0454632 0.0499386
243 0.0473406 0.000761308 0.0465792 0.0481019
244 0.0479712 0.00187741 0.0460938 0.0498486
245 0.0505536 0.00495911 0.0455945 0.0555128
246 0.0511092 0.011444 0.0396652 0.0625531
247 0.0492023 0.00324573 0.0459566 0.0524481
248 0.0491123 0.00411897 0.0449933 0.0532312
249 0.0495777 0.00519934 0.0443784 0.054777
250 0.0496227 0.00887499 0.0407478 0.0584977
251 0.0486018 0.00269638 0.0459054 0.0512981
252 0.0486768 0.00272734 0.0459495 0.0514042
253 0.0477009 0.000850804 0.0468501 0.0485517
254 0.0483765 0.00271907 0.0456575 0.0510956
255 0.0482714 0.00374685 0.0445246 0.0520183
256 0.0533463 0.0115899 0.0417565 0.0649362
257 0.050944 0.00831821 0.0426258 0.0592622
258 0.0482714 0.00196196 0.0463095 0.0502334
259 0.0481363 0.0021172 0.0460191 0.0502535
260 0.0486168 0.00326183 0.0453549 0.0518786
261 0.0490072 0.00423886 0.0447683 0.053246
262 0.0502233 0.00757471 0.0426486 0.057798
263 0.0503735 0.00912991 0.0412436 0.0595034
264 0.0491273 0.00341248 0.0457148 0.0525397
265 0.0481663 0.00219314 0.0459732 0.0503595
266 0.0525956 0.01087 0.0417256 0.0634656
267 0.0496378 0.00565636 0.0439814 0.0552941
268 0.0490072 0.0050771 0.0439301 0.0540843
269 0.0505386 0.00770351 0.0428351 0.0582421
270 0.0490822 0.00344545 0.0456368 0.0525277
271 0.0490822 0.0048238 0.0442584 0.053906
272 0.0514845 0.007254 0.0442305 0.0587385
273 0.0494426 0.00337778 0.0460648 0.0528204
274 0.0502684 0.00702214 0.0432462 0.0572905
275 0.0513194 0.00965881 0.0416606 0.0609782
276 0.0511692 0.00641481 0.0447544 0.057584
277 0.0484816 0.00282571 0.0456559 0.0513074
278 0.0462145 0.00205627 0.0441582 0.0482707
279 0.0470403 0.00302276 0.0440175 0.050063
280 0.0512443 0.0144152 0.0368291 0.0656595
281 0.0491273 0.0139553 0.0351719 0.0630826
282 0.0464997 0.0021197 0.04438 0.0486194
283 0.0469652 0.00273972 0.0442255 0.0497049
284 0.0484816 0.00532577 0.0431559 0.0538074
285 0.0459142 0.000492511 0.0454217 0.0464067
286 0.0472655 0.00335921 0.0439063 0.0506247
287 0.0464847 0.00196362 0.0445211 0.0484484
288 0.050944 0.0130846 0.0378595 0.0640286
289 0.0494276 0.00643936 0.0429882 0.0558669
290 0.0459292 0.000515545 0.0454136 0.0464447
291 0.0460193 0.00070982 0.0453095 0.0467291
292 0.0480312 0.00359655 0.0444347 0.0516278
293 0.0491423 0.00912517 0.0400171 0.0582675
294 0.0461244 0.000506057 0.0456183 0.0466304
295 0.0454487 0.00203284 0.0434159 0.0474816
296 0.0451334 0.00181445 0.043319 0.0469479
297 0.047851 0.00495729 0.0428938 0.0528083
298 0.0468301 0.000780029 0.04605 0.0476101
299 0.0464247 0.000360347 0.0460643 0.046785
300 0.0473556 0.00194169 0.0454139 0.0492973
301 0.0483765 0.00374928 0.0446273 0.0521258
302 0.0480312 0.00280167 0.0452295 0.0508329
303 0.0468601 0.00073233 0.0461278 0.0475924
304 0.0485868 0.00443127 0.0441555 0.053018
305 0.0480612 0.00317579 0.0448855 0.051237
306 0.0472204 0.00207585 0.0451446 0.0492963
307 0.0473706 0.00214423 0.0452264 0.0495148
308 0.053001 0.00641136 0.0465896 0.0594124
309 0.0493375 0.000777859 0.0485596 0.0501153
310 0.0514996 0.00604208 0.0454575 0.0575416
311 0.0489771 0.00280879 0.0461683 0.0517859
312 0.0487069 0.00281952 0.0458873 0.0515264
313 0.0477459 0.000484202 0.0472617 0.0482301
314 0.0487369 0.00285843 0.0458785 0.0515953
315 0.0483765 0.00211037 0.0462662 0.0504869
316 0.0487669 0.00311983 0.0456471 0.0518868
317 0.0485717 0.00295579 0.0456159 0.0515275
318 0.0493375 0.00451243 0.044825 0.0538499
319 0.0483615 0.00299458 0.045367 0.0513561
320 0.0480162 0.00784892 0.0401673 0.0558651
321 0.0472955 0.00539894 0.0418966 0.0526944
322 0.0474457 0.0037674 0.0436783 0.0512131
323 0.045719 0.000885089 0.0448339 0.0466041
324 0.0465148 0.00244307 0.0440717 0.0489578
325 0.0491273 0.00968654 0.0394407 0.0588138
326 0.0473706 0.00390938 0.0434612 0.05128
327 0.0473255 0.00444123 0.0428843 0.0517668
328 0.0473706 0.00472693 0.0426437 0.0520975
329 0.0486318 0.00832319 0.0403086 0.056955
330 0.0472355 0.00365823 0.0435772 0.0508937
331 0.0465148 0.0027846 0.0437302 0.0492994
332 0.046725 0.00410793 0.042617 0.0508329
333 0.0486318 0.00954261 0.0390892 0.0581744
334 0.0473856 0.00720981 0.0401758 0.0545954
335 0.0458091 0.00212861 0.0436805 0.0479377
336 0.0461995 0.00306571 0.0431337 0.0492652
337 0.0484216 0.00710098 0.0413206 0.0555226
338 0.0458391 0.00213031 0.0437088 0.0479694
339 0.0464697 0.00362452 0.0428452 0.0500942
340 0.0471153 0.0082827 0.0388326 0.055398
341 0.0460343 0.00273593 0.0432984 0.0487702
342 0.0481814 0.0134737 0.0347076 0.0616551
343 0.0491573 0.00834031 0.040817 0.0574976
344 0.0473856 0.00556516 0.0418204 0.0529508
345 0.0470403 0.00343864 0.0436016 0.0504789
346 0.0464397 0.00336709 0.0430726 0.0498068
347 0.0453286 0.000321674 0.0450069 0.0456503
348 0.0472354 0.00361484 0.0436206 0.0508503
349 0.0480913 0.00865138 0.0394399 0.0567427
350 0.0490522 0.0097009 0.0393513 0.0587531
351 0.0460343 0.00205451 0.0439798 0.0480888
352 0.0472505 0.0031182 0.0441323 0.0503687
353 0.0454487 0.00064597 0.0448028 0.0460947
354 0.0453136 0.000519248 0.0447944 0.0458328
355 0.0471454 0.00394512 0.0432002 0.0510905
356 0.0458691 0.00189652 0.0439726 0.0477657
357 0.0460193 0.00189652 0.0441228 0.0479158
358 0.0453436 0.000367777 0.0449759 0.0457114
359 0.0462895 0.00288227 0.0434073 0.0491718
360 0.0486168 0.00849712 0.0401197 0.0571139
361 0.0465598 0.00364511 0.0429147 0.0502049
362 0.0457941 0.00211805 0.043676 0.0479121
363 0.0471003 0.00445732 0.042643 0.0515576
364 0.0469952 0.00447974 0.0425155 0.051475
365 0.0458241 0.000700388 0.0451237 0.0465245
366 0.045749 0.000724904 0.0450241 0.0464739
367 0.0465748 0.0025952 0.0439796 0.04917
368 0.0464247 0.00186663 0.044558 0.0482913
369 0.0481964 0.00884273 0.0393536 0.0570391
370 0.0459292 0.000565589 0.0453636 0.0464948
371 0.0460944 0.00178034 0.044314 0.0478747
372 0.0481964 0.00894866 0.0392477 0.057145
373 0.045704 0.000648234 0.0450557 0.0463522
374 0.0454637 0.000258319 0.0452054 0.0457221
375 0.0471303 0.0031843 0.043946 0.0503147
376 0.0468451 0.00287243 0.0439726 0.0497175
377 0.0499681 0.00775502 0.0422131 0.0577231
378 0.0461694 0.00205182 0.0441176 0.0482212
379 0.0459292 0.000791505 0.0451377 0.0467207
380 0.0459893 0.00097432 0.0450149 0.0469636
381 0.047761 0.0075834 0.0401776 0.0553444
382 0.0468601 0.00268666 0.0441734 0.0495468
383 0.0469201 0.00324934 0.0436708 0.0501695
384 0.0531812 0.014062 0.0391191 0.0672432
385 0.0482564 0.00825008 0.0400064 0.0565065
386 0.0463046 0.00208176 0.0442228 0.0483863
387 0.0458091 0.000750572 0.0450585 0.0465596
388 0.0471303 0.00350641 0.0436239 0.0506368
389 0.0469652 0.00423546 0.0427297 0.0512006
390 0.0485567 0.00514284 0.0434139 0.0536996
391 0.0461544 0.00198532 0.0441691 0.0481397
392 0.0484666 0.00428415 0.0441825 0.0527508
393 0.0480012 0.00416122 0.04384 0.0521624
394 0.04674 0.0060337 0.0407063 0.0527737
395 0.0462595 0.0027693 0.0434902 0.0490288
396 0.0475958 0.00209665 0.0454991 0.0496925
397 0.0474907 0.0020702 0.0454205 0.0495609
398 0.0484967 0.00321253 0.0452841 0.0517092
399 0.0473105 0.0018376 0.0454729 0.0491481
400 0.0493675 0.00387408 0.0454934 0.0532416
401 0.0487219 0.00664642 0.0420755 0.0553683
402 0.0492474 0.00365934 0.045588 0.0529067
403 0.0484516 0.00442789 0.0440237 0.0528795
404 0.0514245 0.0113547 0.0400698 0.0627792
405 0.0495176 0.00929922 0.0402184 0.0588169
406 0.0471003 0.00197661 0.0451237 0.0490769
407 0.0480763 0.00688893 0.0411873 0.0549652
408 0.0485717 0.00463932 0.0439324 0.0532111
409 0.0485717 0.00396094 0.0446108 0.0525327
410 0.0452085 0.00197478 0.0432337 0.0471833
411 0.0450734 0.00209106 0.0429823 0.0471644
412 0.0476408 0.00537196 0.0422689 0.0530128
413 0.0455088 0.0026066 0.0429022 0.0481154
414 0.0472655 0.0093796 0.0378859 0.0566451
415 0.0460343 0.00307426 0.04296 0.0491086
416 0.0458541 0.00356333 0.0422908 0.0494175
417 0.0449533 0.00279301 0.0421602 0.0477463
418 0.0449082 0.00440359 0.0405046 0.0493118
419 0.0437221 0.000744086 0.042978 0.0444662
420 0.0456439 0.00478016 0.0408638 0.0504241
421 0.0437521 0.00224334 0.0415088 0.0459954
422 0.0454487 0.00880583 0.0366429 0.0542546
423 0.0462595 0.00805954 0.0382 0.0543191
424 0.0448031 0.00312012 0.041683 0.0479232
425 0.0439773 0.00207281 0.0419045 0.0460501
426 0.0472355 0.0099672 0.0372683 0.0572026
427 0.0476108 0.0049072 0.0427036 0.052518
428 0.0484066 0.00792592 0.0404807 0.0563325
429 0.046815 0.00197347 0.0448416 0.0487885
430 0.0484816 0.00906379 0.0394179 0.0575454
431 0.0473406 0.00458693 0.0427536 0.0519275
432 0.0474607 0.00342576 0.0440349 0.0508864
433 0.0472655 0.00430619 0.0429593 0.0515717
434 0.046815 0.00293439 0.0438807 0.0497494
435 0.0460793 0.002002 0.0440773 0.0480813
436 0.0456739 0.00189182 0.0437821 0.0475658
437 0.0450584 0.000373555 0.0446848 0.0454319
438 0.0476108 0.00450581 0.043105 0.0521166
439 0.0462295 0.00291833 0.0433112 0.0491478
440 0.0451635 0.000572915 0.0445905 0.0457364
441 0.0475357 0.0047281 0.0428076 0.0522638
442 0.0460043 0.00206436 0.0439399 0.0480686
443 0.0471153 0.00294666 0.0441687 0.050062
444 0.0490372 0.00565716 0.04338 0.0546943
445 0.0460043 0.000682126 0.0453221 0.0466864
446 0.0463346 0.00205012 0.0442845 0.0483847
447 0.0470703 0.00298463 0.0440857 0.0500549
448 0.0499831 0.0101786 0.0398045 0.0601617
449 0.0460343 0.000658585 0.0453757 0.0466929
450 0.0484066 0.0028937 0.0455129 0.0513003
451 0.0479712 0.00221049 0.0457607 0.0501816
452 0.0477309 0.000488604 0.0472423 0.0482195
453 0.0479411 0.00196058 0.0459806 0.0499017
454 0.05201 0.0091687 0.0428413 0.0611787
455 0.0495026 0.0032318 0.0462708 0.0527344
456 0.0479261 0.000556953 0.0473692 0.0484831
457 0.0505536 0.0055177 0.0450359 0.0560713
458 0.0495477 0.00754078 0.0420069 0.0570885
459 0.0465598 0.00244966 0.0441101 0.0490095
460 0.0516497 0.0151228 0.0365269 0.0667725
461 0.0534664 0.0211848 0.0322816 0.0746513
462 0.0462895 0.00196288 0.0443267 0.0482524
463 0.0467099 0.00280167 0.0439083 0.0495116
464 0.0493825 0.00707719 0.0423053 0.0564597
465 0.0461844 0.000634172 0.0455503 0.0468186
466 0.0459142 0.000492511 0.0454217 0.0464067
467 0.0491123 0.00558124 0.043531 0.0546935
468 0.0486618 0.00786704 0.0407948 0.0565289
469 0.0472054 0.00288746 0.044318 0.0500929
470 0.0465598 0.00219123 0.0443686 0.048751
471 0.0473706 0.00338525 0.0439853 0.0507558
472 0.0462445 0.00200543 0.0442391 0.0482499
473 0.0469652 0.00273312 0.0442321 0.0496983
474 0.0555985 0.0364417 0.0191568 0.0920402
475 0.0468301 0.00263241 0.0441976 0.0494625
476 0.0470853 0.00281952 0.0442658 0.0499048
477 0.0473105 0.00261351 0.044697 0.049924
478 0.0460643 0.000514888 0.0455494 0.0465792
479 0.0510491 0.0112682 0.0397809 0.0623174
480 0.0477309 0.00263755 0.0450934 0.0503685
481 0.049893 0.0088176 0.0410754 0.0587106
482 0.0469802 0.00412225 0.042858 0.0511025
483 0.0465748 0.00214638 0.0444284 0.0487212
484 0.048812 0.00633992 0.042472 0.0551519
485 0.0471003 0.00369889 0.0434014 0.0507992
486 0.0465898 0.0020527 0.0445371 0.0486425
487 0.0480913 0.0054096 0.0426817 0.0535009
488 0.0465298 0.00180042 0.0447294 0.0483302
489 0.0479712 0.00381009 0.0441611 0.0517812
490 0.0461694 0.000483037 0.0456864 0.0466525
491 0.0475057 0.00897286 0.0385328 0.0564786
492 0.0452535 0.00210009 0.0431535 0.0473536
493 0.0490372 0.00621322 0.042824 0.0552504
494 0.0483315 0.00460479 0.0437267 0.0529363
495 0.0483765 0.00344208 0.0449345 0.0518186
496 0.0483165 0.00446098 0.0438555 0.0527775
497 0.0483765 0.00372031 0.0446562 0.0520969
498 0.0465448 0.000585371 0.0459594 0.0471302
499 0.0471454 0.000949597 0.0461958 0.048095
500 0.0474156 0.00261424 0.0448014 0.0500299
501 0.0474006 0.00230319 0.0450974 0.0497038
502 0.046815 0.000614676 0.0462004 0.0474297
503 0.0491723 0.00886889 0.0403034 0.0580412
504 0.0486768 0.00512422 0.0435526 0.0538011
505 0.0505837 0.00265459 0.0479291 0.0532383
506 0.0523103 0.00742364 0.0448867 0.059734
507 0.0481063 0.000634172 0.0474721 0.0487405
508 0.0486919 0.0028807 0.0458112 0.0515726
509 0.0496528 0.00361131 0.0460415 0.0532641
510 0.0499981 0.00764263 0.0423555 0.0576407
511 0.0500582 0.00740448 0.0426537 0.0574626
512 0.049863 0.00379776 0.0460652 0.0536607
513 0.0537217 0.0216662 0.0320555 0.0753879
514 0.0493975 0.00681034 0.0425872 0.0562079
515 0.0480763 0.00191786 0.0461584 0.0499941
516 0.0460193 0.00206059 0.0439587 0.0480799
517 0.0463496 0.00378325 0.0425663 0.0501329
518 0.0473255 0.00661141 0.0407141 0.0539369
519 0.0491123 0.00641134 0.0427009 0.0555236
520 0.0460793 0.00194256 0.0441368 0.0480219
521 0.045719 0.000782338 0.0449367 0.0465013
522 0.0466649 0.00330099 0.0433639 0.0499659
523 0.0487369 0.00990639 0.0388305 0.0586433
524 0.0452385 0.000587485 0.044651 0.045826
525 0.0450734 0.00037865 0.0446947 0.045452
526 0.0455388 0.0008769 0.0446619 0.0464157
527 0.0468301 0.00282252 0.0440075 0.0496526
528 0.0477159 0.00477346 0.0429425 0.0524894
529 0.0460643 0.00202867 0.0440356 0.048093
530 0.0458691 0.00186778 0.0440014 0.0477369
531 0.0470252 0.0042999 0.0427253 0.0513252
532 0.0476859 0.00697783 0.0407081 0.0546637
533 0.0461394 0.00198798 0.0441514 0.0481274
534 0.0478811 0.00545624 0.0424248 0.0533373
535 0.047791 0.00403023 0.0437608 0.0518212
536 0.0460493 0.00255029 0.043499 0.0485996
537 0.0474006 0.00692182 0.0404788 0.0543224
538 0.048842 0.00660108 0.0422409 0.0554431
539 0.0456589 0.00061888 0.0450401 0.0462778
540 0.0469652 0.00673572 0.0402295 0.0537009
541 0.0462895 0.00387975 0.0424098 0.0501693
542 0.0461394 0.00204169 0.0440977 0.0481811
543 0.0453887 0.00038309 0.0450056 0.0457718
544 0.0512894 0.0129454 0.0383439 0.0642348
545 0.047776 0.00576046 0.0420155 0.0535364
546 0.0492474 0.00824182 0.0410056 0.0574892
547 0.0456139 0.000793923 0.04482 0.0464078
548 0.0475207 0.00714655 0.0403742 0.0546673
549 0.0460944 0.00262903 0.0434653 0.0487234
550 0.0468301 0.00331337 0.0435167 0.0501434
551 0.045704 0.00181569 0.0438883 0.0475197
552 0.0459592 0.00272168 0.0432375 0.0486809
553 0.0486468 0.00777743 0.0408694 0.0564242
554 0.0455839 0.000470985 0.0451129 0.0460548
555 0.0458992 0.00193045 0.0439687 0.0478296
556 0.0454187 0.000483036 0.0449357 0.0459017
557 0.0494276 0.0105561 0.0388715 0.0599836
558 0.0465898 0.00278359 0.0438062 0.0493734
559 0.0458391 0.00224369 0.0435954 0.0480828
560 0.0472805 0.00396845 0.043312 0.0512489
561 0.0463346 0.00281231 0.0435223 0.0491469
562 0.0472655 0.00353449 0.043731 0.0508
563 0.0454637 0.000603574 0.0448602 0.0460673
564 0.0491873 0.00922557 0.0399618 0.0584129
565 0.0463646 0.0041167 0.0422479 0.0504813
566 0.0460193 0.00197341 0.0440459 0.0479927
567 0.0461694 0.00228866 0.0438808 0.0484581
568 0.0472354 0.00640475 0.0408307 0.0536402
569 0.0461094 0.0021009 0.0440085 0.0482103
570 0.0503885 0.0211685 0.02922 0.071557
571 0.0486468 0.0050881 0.0435587 0.0537349
572 0.0462745 0.00276184 0.0435127 0.0490364
573 0.0464397 0.00256615 0.0438735 0.0490058
574 0.0489471 0.00769115 0.0412559 0.0566382
575 0.0455839 0.000605065 0.0449788 0.0461889
576 0.0485567 0.00552083 0.0430359 0.0540775
577 0.0462145 0.0018533 0.0443612 0.0480678
578 0.0481663 0.00710766 0.0410587 0.055274
579 0.047821 0.00868135 0.0391397 0.0565024
580 0.0456139 0.000464235 0.0451497 0.0460781
581 0.0487369 0.00698267 0.0417542 0.0557196
582 0.0468451 0.00479617 0.0420489 0.0516412
583 0.0461544 0.00217808 0.0439763 0.0483325
584 0.0463946 0.00264271 0.0437519 0.0490374
585 0.0479712 0.00401521 0.043956 0.0519864
586 0.045704 0.000582282 0.0451217 0.0462863
587 0.0465448 0.00377577 0.042769 0.0503206
588 0.0458992 0.000659782 0.0452394 0.0465589
589 0.0474607 0.00194024 0.0455204 0.0494009
590 0.0479561 0.00365206 0.0443041 0.0516082
591 0.0475207 0.00533541 0.0421853 0.0528561
592 0.0466349 0.00325935 0.0433755 0.0498942
593 0.0484366 0.00281552 0.0456211 0.0512521
594 0.0504786 0.0109414 0.0395372 0.0614199
595 0.048857 0.0070795 0.0417775 0.0559365
596 0.047761 0.00271836 0.0450426 0.0504793
597 0.0475057 0.00281792 0.0446878 0.0503236
598 0.047791 0.00279329 0.0449977 0.0505843
599 0.0473706 0.00189176 0.0454788 0.0492623
600 0.0526707 0.0221173 0.0305533 0.074788
601 0.0489471 0.00871045 0.0402366 0.0576575
602 0.0513794 0.0142879 0.0370916 0.0656673
603 0.0483165 0.00428993 0.0440266 0.0526064
604 0.047821 0.00277483 0.0450462 0.0505958
605 0.0471454 0.000684764 0.0464606 0.0478301
606 0.0474006 0.0020527 0.0453479 0.0494533
607 0.0447581 0.000604134 0.0441539 0.0453622
608 0.0473255 0.00617413 0.0411514 0.0534997
609 0.04677 0.00412925 0.0426408 0.0508992
610 0.0463796 0.00296127 0.0434184 0.0493409
611 0.0454037 0.0021729 0.0432308 0.0475766
612 0.045734 0.00663638 0.0390976 0.0523704
613 0.0441425 0.00221075 0.0419317 0.0463532
614 0.0452235 0.00472934 0.0404942 0.0499529
615 0.0444127 0.00289105 0.0415217 0.0473038
616 0.0443377 0.00264574 0.0416919 0.0469834
617 0.044638 0.00297161 0.0416663 0.0476096
618 0.0440224 0.00217456 0.0418478 0.0461969
619 0.0438572 0.00207063 0.0417866 0.0459278
620 0.0434218 0.000556953 0.0428648 0.0439787
621 0.0465148 0.00942778 0.037087 0.0559425
622 0.0455088 0.00397866 0.0415301 0.0494874
623 0.0464847 0.0020135 0.0444712 0.0484982
624 0.0469652 0.0042873 0.0426779 0.0512525
625 0.0463346 0.00330877 0.0430258 0.0496434
626 0.0454938 0.000524432 0.0449693 0.0460182
627 0.0473556 0.00707504 0.0402805 0.0544306
628 0.0459742 0.00187025 0.044104 0.0478445
629 0.0466048 0.00292778 0.0436771 0.0495326
630 0.0471003 0.00333209 0.0437682 0.0504324
631 0.0475808 0.00456447 0.0430163 0.0521452
632 0.0455688 0.00196425 0.0436046 0.0475331
633 0.0461394 0.00284447 0.0432949 0.0489839
634 0.0476408 0.00425338 0.0433875 0.0518942
635 0.0456289 0.00115318 0.0444757 0.0467821
636 0.0542922 0.0386657 0.0156265 0.0929579
637 0.0464097 0.00277418 0.0436355 0.0491838
638 0.047821 0.00712633 0.0406947 0.0549473
639 0.0458241 0.00192607 0.043898 0.0477502
640 0.0490522 0.00928339 0.0397688 0.0583356
641 0.0474306 0.00622437 0.0412063 0.053655
642 0.0462145 0.00248152 0.0437329 0.048696
643 0.0483315 0.00349224 0.0448393 0.0518237
644 0.0495026 0.00709615 0.0424065 0.0565988
645 0.0483165 0.00213163 0.0461849 0.0504481
646 0.0517698 0.0098536 0.0419162 0.0616234
647 0.0483916 0.00199478 0.0463968 0.0503863
648 0.0484216 0.00216724 0.0462544 0.0505888
649 0.0492324 0.00316014 0.0460722 0.0523925
650 0.0489171 0.00260214 0.0463149 0.0515192
651 0.0513945 0.00928338 0.0421111 0.0606778
652 0.0482865 0.00197735 0.0463091 0.0502638
653 0.0494426 0.00493907 0.0445035 0.0543816
654 0.0504636 0.00876179 0.0417018 0.0592253
655 0.0485567 0.00271608 0.0458406 0.0512728
656 0.0477159 0.000434123 0.0472818 0.04815
657 0.0462895 0.00196288 0.0443267 0.0482524
658 0.047761 0.00354859 0.0442124 0.0513095
659 0.0462895 0.00193745 0.0443521 0.048227
660 0.048842 0.00906866 0.0397733 0.0579107
661 0.0496678 0.00618289 0.0434849 0.0558507
662 0.047776 0.00713583 0.0406401 0.0549118
663 0.0469652 0.00262027 0.0443449 0.0495855
664 0.0481513 0.00490426 0.0432471 0.0530556
665 0.0512443 0.0132914 0.0379529 0.0645357
666 0.0511242 0.0146712 0.036453 0.0657954
667 0.0471003 0.00277386 0.0443265 0.0498742
668 0.0466048 0.0023978 0.044207 0.0490026
669 0.0470703 0.00470877 0.0423615 0.0517791
670 0.0469952 0.00285116 0.0441441 0.0498464
671 0.0493975 0.0101427 0.0392548 0.0595402
672 0.0485117 0.00933965 0.039172 0.0578513
673 0.0539469 0.026129 0.0278179 0.0800759
674 0.0465298 0.00194488 0.0445849 0.0484746
675 0.0475508 0.00436637 0.0431844 0.0519171
676 0.0464997 0.00210261 0.0443971 0.0486024
677 0.0459292 0.000321674 0.0456075 0.0462509
678 0.0528058 0.0155387 0.0372671 0.0683445
679 0.0466799 0.00206627 0.0446136 0.0487462
680 0.0496528 0.00421505 0.0454377 0.0538678
681 0.0492624 0.00960806 0.0396543 0.0588705
682 0.0465898 0.00192811 0.0446617 0.0485179
683 0.0470403 0.00258541 0.0444549 0.0496257
684 0.0481964 0.00679841 0.041398 0.0549948
685 0.0468601 0.00224208 0.044618 0.0491022
686 0.0486318 0.00753029 0.0411015 0.0561621
687 0.0455688 0.00197341 0.0435954 0.0475423
688 0.0454037 0.0027318 0.0426719 0.0481355
689 0.0486919 0.00317835 0.0455135 0.0518702
690 0.0480763 0.00398254 0.0440937 0.0520588
691 0.0487369 0.00373265 0.0450042 0.0524695
692 0.0475207 0.00277646 0.0447443 0.0502972
693 0.0480612 0.00352948 0.0445318 0.0515907
694 0.0470703 0.00208019 0.0449901 0.0491505
695 0.0483465 0.00480087 0.0435457 0.0531474
696 0.0495927 0.00896767 0.040625 0.0585604
697 0.0559138 0.0339361 0.0219777 0.0898499
698 0.0487669 0.00746591 0.041301 0.0562328
699 0.0468 0.000394682 0.0464053 0.0471947
700 0.0474607 0.00203992 0.0454207 0.0495006
701 0.0505687 0.00229559 0.0482731 0.0528642
702 0.0515296 0.00398537 0.0475442 0.0555149
703 0.050944 0.00805047 0.0428935 0.0589945
704 0.0533613 0.012255 0.0411064 0.0656163
705 0.048872 0.00291122 0.0459608 0.0517832
706 0.0484066 0.00197507 0.0464315 0.0503816
707 0.0501332 0.00904836 0.0410849 0.0591816
708 0.0490822 0.00312715 0.0459551 0.0522094
709 0.0492924 0.00470436 0.0445881 0.0539968
710 0.0489321 0.00447065 0.0444614 0.0534027
711 0.0489321 0.00342445 0.0455076 0.0523565
712 0.0489771 0.00319903 0.0457781 0.0521762
713 0.0477159 0.00198259 0.0457333 0.0496985
714 0.0480162 0.00208458 0.0459316 0.0501008
715 0.0491423 0.00362999 0.0455123 0.0527723
716 0.0493525 0.00416122 0.0451913 0.0535137
717 0.0492174 0.00695342 0.0422639 0.0561708
718 0.0480913 0.00691204 0.0411792 0.0550033
719 0.0486168 0.00886127 0.0397555 0.057478
720 0.0501182 0.0104205 0.0396978 0.0605387
721 0.0463796 0.00296432 0.0434153 0.0493439
722 0.0458241 0.00216625 0.0436578 0.0479903
723 0.0472354 0.00311216 0.0441233 0.0503476
724 0.0454637 0.000449431 0.0450143 0.0459132
725 0.0548177 0.0410927 0.013725 0.0959105
726 0.0484967 0.00749731 0.0409994 0.055994
727 0.0461094 0.00271836 0.043391 0.0488277
728 0.0456589 0.00221782 0.0434411 0.0478768
729 0.0479712 0.00683899 0.0411322 0.0548102
730 0.0465898 0.00292111 0.0436687 0.0495109
731 0.0458992 0.00219494 0.0437042 0.0480941
732 0.0461394 0.00203505 0.0441043 0.0481744
733 0.046725 0.00304671 0.0436782 0.0497717
734 0.045704 0.00202467 0.0436793 0.0477286
735 0.046725 0.00441271 0.0423122 0.0511377
736 0.0462595 0.00205753 0.044202 0.048317
737 0.0469201 0.00302365 0.0438965 0.0499438
738 0.0459592 0.00210732 0.0438519 0.0480665
739 0.045704 0.00189349 0.0438105 0.0475975
740 0.0459142 0.00209536 0.0438188 0.0480095
741 0.0470252 0.00472266 0.0423026 0.0517479
742 0.0490072 0.0138923 0.0351149 0.0628994
743 0.046815 0.00691571 0.0398993 0.0537308
744 0.0475207 0.00654042 0.0409803 0.0540611
745 0.046785 0.00350529 0.0432797 0.0502903
746 0.0458992 0.00217637 0.0437228 0.0480755
747 0.0470553 0.00355319 0.0435021 0.0506085
748 0.0459142 0.00231223 0.043602 0.0482264
749 0.0468901 0.00357618 0.0433139 0.0504663
750 0.0459592 0.00214549 0.0438137 0.0481047
751 0.0474306 0.00721161 0.040219 0.0546422
752 0.0461995 0.00223967 0.0439598 0.0484391
753 0.0472955 0.0050512 0.0422443 0.0523467
754 0.0465748 0.00289105 0.0436838 0.0494659
755 0.0455388 0.000818391 0.0447204 0.0463572
756 0.0463646 0.002634 0.0437306 0.0489986
757 0.0466799 0.00275951 0.0439204 0.0494394
758 0.0466649 0.00332278 0.0433421 0.0499877
759 0.0475508 0.0032332 0.0443176 0.050784
760 0.0482114 0.0112728 0.0369386 0.0594842
761 0.0464997 0.00353178 0.042968 0.0500315
762 0.05719 0.0397329 0.0174571 0.096923
763 0.0459142 0.000821827 0.0450924 0.046736
764 0.0477009 0.00437153 0.0433294 0.0520724
765 0.0482114 0.00397185 0.0442395 0.0521832
766 0.0458391 0.000767208 0.0450719 0.0466063
767 0.0472655 0.00315289 0.0441126 0.0504184
768 0.0468301 0.0021116 0.0447185 0.0489417
769 0.0470553 0.00273757 0.0443177 0.0497929
770 0.0472655 0.00328868 0.0439768 0.0505542
771 0.0458691 0.000657043 0.0452121 0.0465262
772 0.0479712 0.00602742 0.0419437 0.0539986
773 0.045689 0.000539476 0.0451495 0.0462284
774 0.0466799 0.00278553 0.0438944 0.0494654
775 0.0462145 0.00204086 0.0441736 0.0482553
776 0.0458841 0.000682125 0.045202 0.0465663
777 0.0456589 0.000429686 0.0452292 0.0460886
778 0.0473105 0.00506544 0.0422451 0.052376
779 0.0472204 0.00360206 0.0436184 0.0508225
780 0.047821 0.00869381 0.0391272 0.0565148
781 0.0475057 0.00345606 0.0440496 0.0509618
782 0.0465598 0.00281772 0.0437421 0.0493775
783 0.0463196 0.00198253 0.044337 0.0483021
784 0.0476258 0.00537291 0.0422529 0.0529987
785 0.0475057 0.00206873 0.045437 0.0495744
786 0.0486768 0.00468287 0.043994 0.0533597
787 0.0471153 0.00671124 0.0404041 0.0538266
788 0.0455388 0.00225372 0.0432851 0.0477925
789 0.0486468 0.00313367 0.0455131 0.0517805
790 0.049923 0.00761093 0.0423121 0.057534
791 0.0500432 0.00857811 0.041465 0.0586213
792 0.0474156 0.00200969 0.0454059 0.0494253
793 0.0472054 0.00207091 0.0451345 0.0492763
794 0.0465748 0.000313511 0.0462613 0.0468883
795 0.0468301 0.000618879 0.0462112 0.0474489
796 0.0492624 0.0072658 0.0419966 0.0565282
797 0.0472805 0.00881719 0.0384633 0.0560977
798 0.045689 0.00295487 0.0427341 0.0486438
799 0.0451484 0.00206584 0.0430826 0.0472143
