# ../output/graphs/perf_parallel52QUADRUPED_thread3
# step - mean (0.25076) - standard deviation (0.0498968) r=2 - ylow - yhigh
0 0.334211 0.159301 0.17491 0.493511
1 0.238416 0.0665 0.171916 0.304916
2 0.272201 0.00534567 0.266855 0.277547
3 0.279685 0.0162508 0.263434 0.295936
4 0.282679 0.019672 0.263007 0.302351
5 0.252957 0.0652171 0.18774 0.318174
6 0.24697 0.0694936 0.177476 0.316463
7 0.246756 0.0697075 0.177048 0.316463
8 0.289521 0.0192444 0.270277 0.308765
9 0.275836 0.0119742 0.263862 0.28781
10 0.281823 0.0183891 0.263434 0.300212
11 0.30342 0.0288665 0.274553 0.332286
12 0.288238 0.019672 0.268566 0.30791
13 0.245259 0.0506769 0.194582 0.295936
14 0.232857 0.0374197 0.195437 0.270277
15 0.286741 0.0207411 0.266 0.307482
16 0.22409 0.0389164 0.185174 0.263007
17 0.194154 0.0145402 0.179614 0.208695
18 0.184318 0.00128301 0.183035 0.185601
19 0.297219 0.0128296 0.284389 0.310048
20 0.300212 0.00384887 0.296364 0.304061
21 0.305344 0.00128295 0.304061 0.306627
22 0.291659 0.00812544 0.283534 0.299785
23 0.304275 0.00149675 0.302778 0.305772
24 0.237989 0.056664 0.181325 0.294653
25 0.234995 0.0498215 0.185174 0.284817
26 0.188381 0.00277977 0.185601 0.191161
27 0.290804 0.0145402 0.276264 0.305344
28 0.298716 0.0117605 0.286955 0.310476
29 0.286955 0.00342128 0.283534 0.290376
30 0.293584 0.0151817 0.278402 0.308765
31 0.239699 0.0416962 0.198003 0.281396
32 0.286741 0.00277983 0.283961 0.289521
33 0.230291 0.0365643 0.193727 0.266855
34 0.243548 0.0596576 0.183891 0.303206
35 0.230505 0.0483248 0.18218 0.27883
36 0.306413 0.0284389 0.277974 0.334852
37 0.198217 0.00320736 0.19501 0.201424
38 0.185174 0.00299356 0.18218 0.188167
39 0.201638 0.0156093 0.186029 0.217248
40 0.253384 0.0459728 0.207412 0.299357
41 0.246114 0.0643618 0.181752 0.310476
42 0.183249 0.00192446 0.181325 0.185174
43 0.242693 0.0600853 0.182608 0.302778
44 0.247611 0.0376335 0.209978 0.285245
45 0.237561 0.0404132 0.197148 0.277974
46 0.231574 0.0485387 0.183035 0.280113
47 0.241624 0.0303633 0.211261 0.271987
48 0.230933 0.0401994 0.190733 0.271132
49 0.181752 0.00171061 0.180042 0.183463
50 0.210191 0.0301495 0.180042 0.240341
51 0.190305 0.000427656 0.189878 0.190733
52 0.180897 0 0.180897 0.180897
53 0.231788 0.0491801 0.182608 0.280968
54 0.236706 0.057947 0.178759 0.294653
55 0.311973 0.0190305 0.292942 0.331003
56 0.315394 0.0245901 0.290804 0.339984
57 0.226228 0.0478971 0.178331 0.274125
58 0.191589 0.00342122 0.188167 0.19501
59 0.240341 0.0564501 0.183891 0.296791
60 0.284817 0.0021382 0.282679 0.286955
61 0.230505 0.0337846 0.19672 0.26429
62 0.235851 0.0562363 0.179614 0.292087
63 0.226015 0.0387026 0.187312 0.264717
64 0.24868 0.0425515 0.206129 0.291232
65 0.237347 0.0453311 0.192016 0.282679
66 0.230291 0.0468281 0.183463 0.277119
67 0.237989 0.057947 0.180042 0.295936
68 0.243548 0.0540981 0.18945 0.297646
69 0.230505 0.0504631 0.180042 0.280968
70 0.234354 0.0521736 0.18218 0.286527
71 0.192444 0.0115466 0.180897 0.20399
72 0.190519 0.00149675 0.189023 0.192016
73 0.190519 0.000213854 0.190306 0.190733
74 0.240555 0.0523875 0.188167 0.292942
75 0.239699 0.0485386 0.191161 0.288238
76 0.242265 0.0523875 0.189878 0.294653
77 0.256378 0.0694936 0.186884 0.325872
78 0.255095 0.0617958 0.193299 0.316891
79 0.205487 0.00106916 0.204418 0.206556
80 0.247825 0.0588022 0.189023 0.306627
81 0.251674 0.0626512 0.189023 0.314325
82 0.31069 0.0023521 0.308338 0.313042
83 0.295722 0.00919454 0.286527 0.304917
84 0.252743 0.0658585 0.186884 0.318601
85 0.250818 0.0464004 0.204418 0.297219
86 0.245259 0.0579469 0.187312 0.303206
87 0.24697 0.0600852 0.186884 0.307055
88 0.304917 0.00213832 0.302778 0.307055
89 0.302564 0.00449032 0.298074 0.307055
90 0.291659 0.0149679 0.276691 0.306627
91 0.236706 0.0425514 0.194154 0.279257
92 0.208267 0.0205273 0.18774 0.228794
93 0.193299 0.00684248 0.186457 0.200142
94 0.194154 0.00470417 0.18945 0.198859
95 0.259799 0.0605129 0.199286 0.320312
96 0.275408 0.0769775 0.198431 0.352386
97 0.251674 0.0523875 0.199286 0.304061
98 0.258944 0.0660724 0.192871 0.325016
99 0.244404 0.0575193 0.186884 0.301923
100 0.240982 0.0464004 0.194582 0.287383
101 0.289307 0.00149682 0.28781 0.290804
102 0.270918 0.00406265 0.266855 0.274981
103 0.243334 0.0436206 0.199714 0.286955
104 0.29615 0.0113328 0.284817 0.307482
105 0.293156 0.00534575 0.28781 0.298502
106 0.301495 0.0132572 0.288238 0.314752
107 0.309407 0.00277983 0.306627 0.312187
108 0.289949 0.0145402 0.275409 0.304489
109 0.242907 0.0560225 0.186884 0.298929
110 0.294439 0.00748394 0.286955 0.301923
111 0.288238 0.0111191 0.277119 0.299357
112 0.29059 0.0143263 0.276264 0.304916
113 0.30064 0.00684242 0.293798 0.307482
114 0.299357 0 0.299357 0.299357
115 0.289093 0.00171061 0.287383 0.290804
116 0.277547 0.00427657 0.27327 0.281823
117 0.298716 0.00534563 0.29337 0.304061
118 0.236064 0.051746 0.184318 0.28781
119 0.232857 0.0498216 0.183035 0.282679
120 0.230933 0.0423376 0.188595 0.27327
121 0.280968 0.00171055 0.279257 0.282679
122 0.28888 0.00791152 0.280968 0.296791
123 0.291018 0.0117605 0.279257 0.302778
124 0.283748 0.0104775 0.27327 0.294225
125 0.298288 0.00876683 0.289521 0.307055
126 0.283106 0.013685 0.269421 0.296791
127 0.239272 0.0536705 0.185601 0.292942
128 0.192016 0.00427652 0.18774 0.196293
129 0.186884 0 0.186884 0.186884
130 0.19223 0.00406272 0.188167 0.196293
131 0.190306 0.00641478 0.183891 0.19672
132 0.23692 0.0487524 0.188167 0.285672
133 0.244404 0.048111 0.196293 0.292515
134 0.252529 0.0562364 0.196293 0.308765
135 0.286314 0.00192446 0.284389 0.288238
136 0.232643 0.0436205 0.189023 0.276264
137 0.27883 0.00641477 0.272415 0.285244
138 0.282251 0.012402 0.269849 0.294653
139 0.244831 0.0459726 0.198859 0.290804
140 0.285672 0.00769779 0.277974 0.29337
141 0.282465 0.0117605 0.270704 0.294225
142 0.2861 0.00513187 0.280968 0.291232
143 0.28054 0.00684243 0.273698 0.287383
144 0.271132 0.000855356 0.270277 0.271987
145 0.27156 0.00171061 0.269849 0.27327
146 0.18774 0.00299356 0.184746 0.190733
147 0.183463 0.00171061 0.181752 0.185174
148 0.291445 0.00833923 0.283106 0.299785
149 0.27605 0.000213861 0.275836 0.276264
150 0.189236 0.00449037 0.184746 0.193727
151 0.186884 0.00299362 0.183891 0.189878
152 0.224945 0.0436206 0.181325 0.268566
153 0.227084 0.0474695 0.179614 0.274553
154 0.236064 0.0564501 0.179614 0.292515
155 0.190092 0.00235212 0.18774 0.192444
156 0.18218 5.96046e-008 0.18218 0.18218
157 0.233712 0.0532428 0.180469 0.286955
158 0.184532 0.00406272 0.180469 0.188595
159 0.182608 0.0017106 0.180897 0.184318
160 0.295294 0.00064151 0.294653 0.295936
161 0.284389 0.00256585 0.281823 0.286955
162 0.28888 0.00406273 0.284817 0.292942
163 0.260013 0.0675692 0.192444 0.327582
164 0.254667 0.0673553 0.187312 0.322023
165 0.233071 0.0508907 0.18218 0.283962
166 0.191375 0.007484 0.183891 0.198859
167 0.19501 0.0102637 0.184746 0.205273
168 0.184318 0.00213832 0.18218 0.186457
169 0.192016 0 0.192016 0.192016
170 0.281609 0.00235212 0.279257 0.283962
171 0.307269 0.00149681 0.305772 0.308765
172 0.283534 0.00299357 0.28054 0.286527
173 0.278188 0.00235212 0.275836 0.28054
174 0.187312 0.00470416 0.182608 0.192016
175 0.187526 0.00235205 0.185174 0.189878
176 0.180256 0.000213802 0.180042 0.180469
177 0.184105 0.00064145 0.183463 0.184746
178 0.181325 0.00213826 0.179186 0.183463
179 0.182394 0.00235212 0.180042 0.184746
180 0.184532 0.00620092 0.178331 0.190733
181 0.184746 0.00256585 0.18218 0.187312
182 0.179187 0.000855245 0.178331 0.180042
183 0.182822 0.00449032 0.178331 0.187312
184 0.282465 0.00106916 0.281396 0.283534
185 0.279043 0.00491796 0.274125 0.283961
186 0.278616 0.00962219 0.268994 0.288238
187 0.271132 0.00769773 0.263434 0.27883
188 0.271987 0.00470418 0.267283 0.276691
189 0.288879 0.0104775 0.278402 0.299357
190 0.281182 0.0181752 0.263007 0.299357
191 0.270704 0.00812538 0.262579 0.27883
192 0.240127 0.0575193 0.182608 0.297646
193 0.243548 0.0605129 0.183035 0.304061
194 0.231574 0.0523875 0.179187 0.283962
195 0.185174 0.00384887 0.181325 0.189023
196 0.230505 0.044476 0.186029 0.274981
197 0.224732 0.045545 0.179187 0.270277
198 0.227511 0.0410547 0.186457 0.268566
199 0.227511 0.0453312 0.18218 0.272842
200 0.231146 0.045545 0.185601 0.276691
201 0.242051 0.0568778 0.185174 0.298929
202 0.241196 0.0551673 0.186029 0.296364
203 0.236492 0.0474695 0.189023 0.283962
204 0.24141 0.055381 0.186029 0.296791
205 0.230719 0.0451175 0.185601 0.275836
206 0.237561 0.0404132 0.197148 0.277974
207 0.289093 0.0115467 0.277547 0.30064
208 0.285886 0.00277977 0.283106 0.288666
209 0.288238 0.0115466 0.276691 0.299785
210 0.288238 0.00513181 0.283106 0.29337
211 0.239486 0.0436206 0.195865 0.283106
212 0.23414 0.0489662 0.185174 0.283106
213 0.229008 0.0438344 0.185174 0.272842
214 0.287383 0.0106913 0.276691 0.298074
215 0.229436 0.0446897 0.184746 0.274125
216 0.24419 0.0496078 0.194582 0.293798
217 0.298074 0.000855237 0.297219 0.298929
218 0.247397 0.0498216 0.197576 0.297219
219 0.188381 0.0010691 0.187312 0.18945
220 0.18496 0.0010691 0.183891 0.186029
221 0.18774 0.00384887 0.183891 0.191589
222 0.187098 0.00320742 0.183891 0.190306
223 0.190519 0.00406267 0.186457 0.194582
224 0.221738 0.0207411 0.200997 0.242479
225 0.247611 0.0538843 0.193727 0.301495
226 0.306413 0.0121881 0.294225 0.318601
227 0.289735 0.000213847 0.289521 0.289949
228 0.243976 0.0459726 0.198003 0.289949
229 0.23863 0.0543119 0.184318 0.292942
230 0.245259 0.0438344 0.201424 0.289093
231 0.237347 0.0436206 0.193727 0.280968
232 0.237775 0.0534566 0.184318 0.291232
233 0.238417 0.0357091 0.202707 0.274126
234 0.190947 0.00320742 0.18774 0.194154
235 0.188381 0.00064145 0.18774 0.189023
236 0.249749 0.0637203 0.186029 0.31347
237 0.190733 0.00384893 0.186884 0.194582
238 0.189664 0.00064145 0.189023 0.190306
239 0.188595 0 0.188595 0.188595
240 0.188167 5.21541e-008 0.188167 0.188167
241 0.187312 0.00128296 0.186029 0.188595
242 0.187953 0.000213854 0.18774 0.188167
243 0.190519 0.00491802 0.185601 0.195437
244 0.183249 0.000641502 0.182608 0.183891
245 0.19779 0.0100499 0.18774 0.207839
246 0.192658 0.00791159 0.184746 0.200569
247 0.236278 0.0455451 0.190733 0.281823
248 0.234568 0.0515322 0.183035 0.2861
249 0.188381 0.00534567 0.183035 0.193727
250 0.189023 0.00342122 0.185601 0.192444
251 0.242693 0.0626512 0.180042 0.305344
252 0.243335 0.0534566 0.189878 0.296791
253 0.240769 0.0350675 0.205701 0.275836
254 0.182608 0.00513188 0.177476 0.18774
255 0.183035 0.00342116 0.179614 0.186457
256 0.183463 0.00384881 0.179614 0.187312
257 0.291445 0.00491796 0.286527 0.296363
258 0.281823 0.00427651 0.277547 0.2861
259 0.271773 0.00320742 0.268566 0.274981
260 0.242052 0.051746 0.190306 0.293798
261 0.240127 0.0588023 0.181325 0.298929
262 0.23692 0.0555949 0.181325 0.292515
263 0.233071 0.051746 0.181325 0.284817
264 0.230291 0.0476833 0.182608 0.277974
265 0.234568 0.0532428 0.181325 0.28781
266 0.232643 0.0538843 0.178759 0.286527
267 0.240769 0.0560225 0.184746 0.296791
268 0.297005 0.000641495 0.296363 0.297646
269 0.268994 0.00513189 0.263862 0.274125
270 0.312614 0.0226657 0.289949 0.33528
271 0.244617 0.0526013 0.192016 0.297219
272 0.232857 0.0515322 0.181325 0.284389
273 0.270063 0.00491796 0.265145 0.274981
274 0.280113 0.00256591 0.277547 0.282679
275 0.22965 0.0436206 0.186029 0.27327
276 0.227939 0.0487525 0.179187 0.276692
277 0.273912 0.00577334 0.268138 0.279685
278 0.229008 0.0515322 0.177476 0.28054
279 0.226015 0.0404132 0.185601 0.266428
280 0.288666 0.00342126 0.285244 0.292087
281 0.276264 0.0115466 0.264717 0.28781
282 0.281396 0.00299357 0.278402 0.284389
283 0.29059 0.00620097 0.284389 0.296791
284 0.385315 0.0885242 0.296791 0.473839
285 0.28888 0.0211688 0.267711 0.310048
286 0.291445 0.0198858 0.27156 0.311331
287 0.29786 0.0100499 0.28781 0.30791
288 0.287597 0.0104775 0.277119 0.298074
289 0.294439 0.00620098 0.288238 0.30064
290 0.29615 0.0151817 0.280968 0.311331
291 0.298502 0.00470416 0.293798 0.303206
292 0.243121 0.0532428 0.189878 0.296363
293 0.255523 0.0588022 0.19672 0.314325
294 0.237561 0.0540981 0.183463 0.291659
295 0.283748 0.00235212 0.281396 0.2861
296 0.287383 0.0145402 0.272842 0.301923
297 0.273698 0.000855312 0.272843 0.274553
298 0.315608 0.019672 0.295936 0.33528
299 0.296577 0.0113327 0.285245 0.30791
300 0.286955 0.0128295 0.274126 0.299785
301 0.235423 0.0489663 0.186457 0.284389
302 0.235637 0.0534566 0.18218 0.289093
303 0.233071 0.0470418 0.186029 0.280113
304 0.232216 0.0496078 0.182608 0.281823
305 0.237989 0.0515322 0.186457 0.289521
306 0.268352 0.000213861 0.268138 0.268566
307 0.279471 0.0109051 0.268566 0.290376
308 0.282251 0.00641485 0.275836 0.288666
309 0.285458 0.00791152 0.277547 0.29337
310 0.23136 0.0376335 0.193727 0.268994
311 0.27605 0.00962219 0.266428 0.285672
312 0.276264 0.000855356 0.275408 0.277119
313 0.286527 0.0158231 0.270704 0.302351
314 0.274981 0.0102636 0.264717 0.285244
315 0.281396 0.00684242 0.274553 0.288238
316 0.237561 0.0489663 0.188595 0.286527
317 0.236064 0.051746 0.184318 0.28781
318 0.233285 0.0528151 0.18047 0.2861
319 0.243548 0.0305772 0.212971 0.274126
320 0.231788 0.0457589 0.186029 0.277547
321 0.232216 0.0414824 0.190733 0.273698
322 0.260868 0.0376335 0.223235 0.298502
323 0.240341 0.051746 0.188595 0.292087
324 0.295508 0.00470416 0.290804 0.300212
325 0.238844 0.0519598 0.186884 0.290804
326 0.285244 0.0153955 0.269849 0.30064
327 0.317318 0.040627 0.276691 0.357945
328 0.315822 0.0113327 0.304489 0.327154
329 0.234781 0.0410547 0.193727 0.275836
330 0.283534 0.00555947 0.277974 0.289093
331 0.298502 0.00983605 0.288666 0.308338
332 0.294653 0.00684249 0.28781 0.301495
333 0.24697 0.0511045 0.195865 0.298074
334 0.240555 0.0515322 0.189023 0.292087
335 0.24419 0.0547396 0.18945 0.298929
336 0.290804 0 0.290804 0.290804
337 0.282892 0.00534561 0.277547 0.288238
338 0.256592 0.059016 0.197576 0.315608
339 0.251032 0.0641479 0.186884 0.31518
340 0.222807 0.0342122 0.188595 0.257019
341 0.254667 0.0570917 0.197576 0.311759
342 0.241624 0.0466141 0.19501 0.288238
343 0.231146 0.0434068 0.18774 0.274553
344 0.258302 0.0555948 0.202707 0.313897
345 0.2459 0.0577331 0.188167 0.303634
346 0.252101 0.0605129 0.191588 0.312614
347 0.238844 0.0523874 0.186457 0.291232
348 0.240127 0.0485386 0.191589 0.288666
349 0.23414 0.0468279 0.187312 0.280968
350 0.236064 0.0457588 0.190306 0.281823
351 0.30342 0.0156093 0.28781 0.319029
352 0.298929 0.00769773 0.291232 0.306627
353 0.282892 0.00406271 0.27883 0.286955
354 0.292087 0.000427648 0.291659 0.292515
355 0.286955 0.00171061 0.285245 0.288666
356 0.299785 0.00470416 0.29508 0.304489
357 0.196079 0.00149681 0.194582 0.197576
358 0.1995 0.00192446 0.197576 0.201424
359 0.188595 0 0.188595 0.188595
360 0.230077 0.0401994 0.189878 0.270277
361 0.191802 0.00235211 0.18945 0.194154
362 0.19501 0.00128296 0.193727 0.196293
363 0.242693 0.056664 0.186029 0.299357
364 0.246114 0.0558087 0.190306 0.301923
365 0.236492 0.0496077 0.186884 0.2861
366 0.240127 0.0545258 0.185601 0.294653
367 0.245687 0.0519598 0.193727 0.297646
368 0.24141 0.0545257 0.186884 0.295936
369 0.189878 0.00256591 0.187312 0.192444
370 0.188167 0.000855245 0.187312 0.189023
371 0.187954 0.00491802 0.183036 0.192872
372 0.235423 0.0502493 0.185174 0.285672
373 0.233498 0.0500354 0.183463 0.283534
374 0.184318 0 0.184318 0.184318
375 0.18945 0.00641477 0.183036 0.195865
376 0.184318 0.000427596 0.183891 0.184746
377 0.187098 0.00320736 0.183891 0.190306
378 0.283106 0.00470416 0.278402 0.28781
379 0.287383 0.00470416 0.282679 0.292087
380 0.289307 0.00577334 0.283534 0.295081
381 0.286741 0.00662868 0.280113 0.29337
382 0.275622 0.000213847 0.275408 0.275836
383 0.286527 0.00171061 0.284817 0.288238
384 0.282465 0.0010691 0.281396 0.283534
385 0.28054 0.00342116 0.277119 0.283961
386 0.287597 0.00064145 0.286955 0.288238
387 0.233071 0.0449036 0.188167 0.277974
388 0.239486 0.0560225 0.183463 0.295508
389 0.246114 0.0600853 0.186029 0.3062
390 0.240127 0.0502492 0.189878 0.290376
391 0.18774 0.00299362 0.184746 0.190733
392 0.181752 0.000855304 0.180897 0.182608
393 0.18496 0.00320736 0.181752 0.188167
394 0.232857 0.0485386 0.184318 0.281395
395 0.230719 0.0493939 0.181325 0.280113
396 0.228153 0.0464003 0.181752 0.274553
397 0.229436 0.0489663 0.180469 0.278402
398 0.232216 0.050463 0.181752 0.282679
399 0.251246 0.0318602 0.219386 0.283106
400 0.251674 0.0583746 0.193299 0.310048
401 0.246328 0.0329293 0.213399 0.279257
402 0.242693 0.0592299 0.183463 0.301923
403 0.234995 0.045545 0.18945 0.28054
404 0.22965 0.0487524 0.180897 0.278402
405 0.23414 0.0459727 0.188167 0.280113
406 0.231574 0.0519598 0.179614 0.283534
407 0.228367 0.0474695 0.180897 0.275836
408 0.224518 0.0431929 0.181325 0.267711
409 0.232002 0.048111 0.183891 0.280113
410 0.234568 0.0523874 0.18218 0.286955
411 0.23136 0.0453312 0.186029 0.276691
412 0.242479 0.0555949 0.186884 0.298074
413 0.211047 0.0263007 0.184746 0.237347
414 0.233071 0.0449035 0.188167 0.277974
415 0.261724 0.0243762 0.237347 0.2861
416 0.239913 0.0496077 0.190306 0.289521
417 0.290376 0.00256586 0.28781 0.292942
418 0.283106 0.00684248 0.276264 0.289949
419 0.302137 0.00705628 0.29508 0.309193
420 0.279685 0.00171065 0.277974 0.281396
421 0.290163 0.00363506 0.286527 0.293798
422 0.29786 0.00149675 0.296364 0.299357
423 0.235851 0.045545 0.190306 0.281395
424 0.18945 0.00342122 0.186029 0.192871
425 0.235851 0.0489663 0.186884 0.284817
426 0.23863 0.0431929 0.195437 0.281823
427 0.284389 0.00171061 0.282679 0.2861
428 0.28781 0.0085531 0.279257 0.296364
429 0.232216 0.0427653 0.18945 0.274981
430 0.227084 0.0393441 0.18774 0.266428
431 0.224732 0.0425515 0.18218 0.267283
432 0.275195 0.00620091 0.268994 0.281395
433 0.272629 0.00235206 0.270277 0.274981
434 0.236064 0.053029 0.183035 0.289093
435 0.297433 0.00491802 0.292515 0.302351
436 0.289521 0.0115466 0.277974 0.301068
437 0.285672 0.0175338 0.268138 0.303206
438 0.242265 0.0459726 0.196293 0.288238
439 0.231788 0.0491801 0.182608 0.280968
440 0.285031 0.0109051 0.274125 0.295936
441 0.241838 0.0519598 0.189878 0.293797
442 0.230077 0.0474695 0.182608 0.277547
443 0.227084 0.0457588 0.181325 0.272842
444 0.229222 0.0491801 0.180042 0.278402
445 0.235209 0.0513184 0.183891 0.286527
446 0.227298 0.045545 0.181752 0.272843
447 0.22965 0.0491801 0.180469 0.27883
448 0.233712 0.0476833 0.186029 0.281396
449 0.292301 0.016037 0.276264 0.308338
450 0.193299 0 0.193299 0.193299
451 0.230505 0.0449035 0.185601 0.275409
452 0.237134 0.0502492 0.186884 0.287383
453 0.250177 0.061582 0.188595 0.311759
454 0.236492 0.0483248 0.188167 0.284817
455 0.286741 0.00705628 0.279685 0.293798
456 0.2459 0.0555949 0.190306 0.301495
457 0.288452 0.00235206 0.2861 0.290804
458 0.28781 0.00213826 0.285672 0.289949
459 0.291232 0.00555947 0.285672 0.296791
460 0.243548 0.0451174 0.198431 0.288666
461 0.246756 0.0585885 0.188167 0.305344
462 0.240341 0.0483248 0.192016 0.288666
463 0.248039 0.053029 0.19501 0.301068
464 0.243762 0.0538843 0.189878 0.297646
465 0.241624 0.0538843 0.18774 0.295508
466 0.237775 0.0496077 0.188167 0.287383
467 0.248894 0.0521736 0.19672 0.301068
468 0.245045 0.0560225 0.189023 0.301068
469 0.187953 0.000213802 0.18774 0.188167
470 0.24868 0.0626511 0.186029 0.311331
471 0.277974 0.000855312 0.277119 0.27883
472 0.238844 0.0493939 0.18945 0.288238
473 0.239913 0.051746 0.188167 0.291659
474 0.243548 0.0536704 0.189878 0.297219
475 0.243548 0.0549534 0.188595 0.298502
476 0.300426 0.00320747 0.297219 0.303634
477 0.277974 0.000855312 0.277119 0.27883
478 0.236064 0.04191 0.194154 0.277974
479 0.248894 0.0560225 0.192871 0.304917
480 0.23692 0.0440482 0.192871 0.280968
481 0.292087 0.00427653 0.28781 0.296363
482 0.311118 0.00833918 0.302778 0.319457
483 0.282465 0.00577332 0.276691 0.288238
484 0.312614 0.00299351 0.309621 0.315608
485 0.298502 0.000427648 0.298074 0.298929
486 0.28332 0.00406267 0.279257 0.287383
487 0.249108 0.0523875 0.19672 0.301495
488 0.24419 0.0534567 0.190733 0.297646
489 0.288666 0.0119743 0.276691 0.30064
490 0.279685 0.00171061 0.277974 0.281396
491 0.290804 0.0128296 0.277974 0.303634
492 0.278402 5.96046e-008 0.278402 0.278402
493 0.291018 0.00449036 0.286527 0.295508
494 0.254881 0.0436206 0.211261 0.298502
495 0.250177 0.061582 0.188595 0.311759
496 0.191161 0.00513183 0.186029 0.196293
497 0.246114 0.0579469 0.188167 0.304061
498 0.197576 0.00940839 0.188167 0.206984
499 0.188167 0.00384887 0.184318 0.192016
500 0.184532 0.00106916 0.183463 0.185601
501 0.235637 0.0534566 0.18218 0.289093
502 0.233498 0.0513184 0.18218 0.284817
503 0.280113 0.000855371 0.279257 0.280968
504 0.233926 0.0470419 0.186884 0.280968
505 0.227084 0.0436206 0.183463 0.270704
506 0.269849 0.00171061 0.268138 0.27156
507 0.286314 0.0104775 0.275836 0.296791
508 0.270063 0.000213847 0.269849 0.270277
509 0.277761 0.0096222 0.268138 0.287383
510 0.285458 0.0096222 0.275836 0.29508
511 0.276905 0.0121881 0.264717 0.289093
512 0.291445 0.00919454 0.282251 0.30064
513 0.301281 0.00705628 0.294225 0.308338
514 0.294439 0.0023521 0.292087 0.296791
515 0.248039 0.0620097 0.186029 0.310048
516 0.309834 0.00449038 0.305344 0.314325
517 0.295081 0.00769779 0.287383 0.302778
518 0.304489 0.00598706 0.298502 0.310476
519 0.245259 0.0613682 0.183891 0.306627
520 0.251674 0.0600852 0.191589 0.311759
521 0.244831 0.0575194 0.187312 0.302351
522 0.227297 0.0446897 0.182608 0.271987
523 0.237989 0.0540981 0.183891 0.292087
524 0.223235 0.0431929 0.180042 0.266428
525 0.20399 0.0136849 0.190306 0.217675
526 0.183035 0.000427648 0.182608 0.183463
527 0.223662 0.0436206 0.180042 0.267283
528 0.235209 0.0444759 0.190733 0.279685
529 0.284389 0.00470416 0.279685 0.289093
530 0.231146 0.0451173 0.186029 0.276264
531 0.240555 0.0476833 0.192871 0.288238
532 0.237775 0.0500354 0.18774 0.28781
533 0.234354 0.0470418 0.187312 0.281396
534 0.229008 0.0421238 0.186884 0.271132
535 0.277974 0.00555941 0.272415 0.283534
536 0.267497 0.000213861 0.267283 0.267711
537 0.282037 0.0113328 0.270704 0.29337
538 0.274767 0.00406273 0.270704 0.27883
539 0.272629 0.00192447 0.270704 0.274553
540 0.283961 0.00983599 0.274125 0.293797
541 0.298288 0.00534561 0.292942 0.303634
542 0.28781 0.00470416 0.283106 0.292515
543 0.232429 0.0429791 0.18945 0.275408
544 0.233285 0.0421238 0.191161 0.275408
545 0.248252 0.0549534 0.193299 0.303206
546 0.239486 0.0543119 0.185174 0.293798
547 0.234354 0.0491801 0.185174 0.283534
548 0.301281 0.00962219 0.291659 0.310904
549 0.282465 0.00149675 0.280968 0.283962
550 0.275836 0.00171067 0.274125 0.277547
551 0.303847 0.0091946 0.294653 0.313042
552 0.294225 0.0200996 0.274126 0.314325
553 0.29786 0.0233071 0.274553 0.321167
554 0.283962 0.00598712 0.277974 0.289949
555 0.283748 0.00277977 0.280968 0.286527
556 0.23136 0.0401994 0.191161 0.27156
557 0.237561 0.0536705 0.183891 0.291232
558 0.23414 0.0421238 0.192016 0.276264
559 0.277974 0.00983599 0.268138 0.28781
560 0.239058 0.0560226 0.183035 0.295081
561 0.23136 0.0474695 0.183891 0.27883
562 0.228153 0.0472557 0.180897 0.275409
563 0.231788 0.0504631 0.181325 0.282251
564 0.268138 0.00213821 0.266 0.270277
565 0.288452 0.000213802 0.288238 0.288666
566 0.274339 0.00534561 0.268994 0.279685
567 0.286527 0.000427589 0.2861 0.286955
568 0.307269 0.0207411 0.286527 0.32801
569 0.228794 0.04191 0.186884 0.270704
570 0.279044 0.00748394 0.27156 0.286527
571 0.281182 0.00833924 0.272843 0.289521
572 0.230933 0.0427653 0.188167 0.273698
573 0.282679 0.00342116 0.279257 0.2861
574 0.276905 0.0109051 0.266 0.28781
575 0.285886 0.00106916 0.284817 0.286955
576 0.278402 0.00171055 0.276692 0.280113
577 0.277547 0.0111189 0.266428 0.288666
578 0.288879 0.00534569 0.283534 0.294225
579 0.23692 0.0461865 0.190733 0.283106
580 0.278188 0.00791159 0.270277 0.2861
581 0.270918 0.00320736 0.267711 0.274125
582 0.301923 0.0128296 0.289093 0.314752
583 0.286741 0.00064145 0.2861 0.287383
584 0.285886 0.00277983 0.283106 0.288666
585 0.293798 0.00128296 0.292515 0.29508
586 0.282037 0.00363506 0.278402 0.285672
587 0.242051 0.0431929 0.198859 0.285244
588 0.195651 0.00577339 0.189878 0.201425
589 0.239058 0.0410547 0.198003 0.280113
590 0.31796 0.00491796 0.313042 0.322878
591 0.235637 0.0393441 0.196293 0.274981
592 0.190947 0.0019244 0.189023 0.192871
593 0.193727 0.00513182 0.188595 0.198859
594 0.190947 0.00106916 0.189878 0.192016
595 0.187312 0.00128296 0.186029 0.188595
596 0.242693 0.0549534 0.18774 0.297646
597 0.301495 0.022238 0.279257 0.323733
598 0.278402 0.00384893 0.274553 0.282251
599 0.28781 0.00213826 0.285672 0.289949
600 0.282037 0.00064151 0.281396 0.282679
601 0.195651 0.0100498 0.185601 0.205701
602 0.243121 0.046828 0.196293 0.289949
603 0.236706 0.0442622 0.192444 0.280968
604 0.233285 0.0472557 0.186029 0.28054
605 0.249749 0.0632926 0.186457 0.313042
606 0.18945 0.00342122 0.186029 0.192871
607 0.18667 0.00106916 0.185601 0.18774
608 0.237561 0.0472557 0.190306 0.284817
609 0.192871 0.00470417 0.188167 0.197576
610 0.22409 0.0367782 0.187312 0.260868
611 0.197362 0.00620098 0.191161 0.203563
612 0.251246 0.0665 0.184746 0.317746
613 0.254026 0.0573055 0.19672 0.311331
614 0.193513 0.00235211 0.191161 0.195865
615 0.234354 0.0500354 0.184318 0.284389
616 0.244831 0.0528151 0.192016 0.297646
617 0.24141 0.055381 0.186029 0.296791
618 0.233285 0.048111 0.185174 0.281396
619 0.235637 0.0483248 0.187312 0.283962
620 0.237561 0.0421238 0.195437 0.279685
621 0.232857 0.0485386 0.184318 0.281395
622 0.242052 0.0389164 0.203135 0.280968
623 0.288238 0.00213832 0.2861 0.290376
624 0.238844 0.0540981 0.184746 0.292942
625 0.229008 0.0446897 0.184318 0.273698
626 0.24419 0.0547396 0.18945 0.298929
627 0.228794 0.0491801 0.179614 0.277974
628 0.247397 0.0605129 0.186884 0.30791
629 0.241838 0.0536704 0.188167 0.295508
630 0.276264 0.00384887 0.272415 0.280113
631 0.225801 0.0427653 0.183035 0.268566
632 0.229436 0.0485386 0.180897 0.277974
633 0.237561 0.0489662 0.188595 0.286527
634 0.288879 0.0203135 0.268566 0.309193
635 0.224732 0.0429791 0.181752 0.267711
636 0.220455 0.0412685 0.179187 0.261724
637 0.230291 0.045545 0.184746 0.275836
638 0.238844 0.0558087 0.183035 0.294653
639 0.220669 0.0414823 0.179187 0.262151
640 0.237561 0.0528152 0.184746 0.290376
641 0.235209 0.0526013 0.182608 0.28781
642 0.228581 0.038275 0.190306 0.266855
643 0.258302 0.0226655 0.235637 0.280968
644 0.249749 0.0598714 0.189878 0.309621
645 0.231574 0.0434067 0.188167 0.274981
646 0.189878 0.00256591 0.187312 0.192444
647 0.284603 0.00705628 0.277547 0.291659
648 0.282679 0.0162508 0.266428 0.298929
649 0.241838 0.048111 0.193727 0.289949
650 0.232429 0.0434068 0.189023 0.275836
651 0.225801 0.0453312 0.18047 0.271132
652 0.230933 0.051746 0.179187 0.282679
653 0.225373 0.0470418 0.178331 0.272415
654 0.221097 0.0423376 0.178759 0.263434
655 0.231146 0.0498215 0.181325 0.280968
656 0.220455 0.0425514 0.177904 0.263006
657 0.220883 0.0425515 0.178331 0.263434
658 0.223021 0.0416962 0.181325 0.264717
659 0.221097 0.0423377 0.178759 0.263434
660 0.223021 0.0404132 0.182608 0.263434
661 0.223876 0.0395579 0.184318 0.263434
662 0.235423 0.0558087 0.179614 0.291232
663 0.220669 0.0436206 0.177048 0.264289
664 0.225373 0.0466142 0.178759 0.271987
665 0.22858 0.0493939 0.179187 0.277974
666 0.245259 0.0498216 0.195437 0.29508
667 0.224945 0.0453311 0.179614 0.270277
668 0.285886 0.01732 0.268566 0.303206
669 0.282465 0.00534567 0.277119 0.28781
670 0.281609 0.00748393 0.274125 0.289093
671 0.284175 0.0203135 0.263862 0.304489
672 0.298502 0 0.298502 0.298502
673 0.238416 0.0438344 0.194582 0.282251
674 0.190092 0.00106916 0.189023 0.191161
675 0.24868 0.0656447 0.183035 0.314325
676 0.240127 0.0570916 0.183035 0.297219
677 0.237775 0.0500354 0.18774 0.28781
678 0.20399 0.0171061 0.186884 0.221097
679 0.237134 0.055381 0.181752 0.292515
680 0.228367 0.0453312 0.183035 0.273698
681 0.22858 0.0425515 0.186029 0.271132
682 0.189664 0.00235211 0.187312 0.192016
683 0.230505 0.0466142 0.183891 0.277119
684 0.226228 0.0393441 0.186884 0.265572
685 0.292515 0.00769773 0.284817 0.300212
686 0.288666 0.00128295 0.287383 0.289949
687 0.279685 0.00641483 0.27327 0.2861
688 0.183891 0.000427596 0.183463 0.184318
689 0.286527 0.00898068 0.277547 0.295508
690 0.275836 0.00171061 0.274125 0.277547
691 0.273912 0.000213802 0.273698 0.274125
692 0.230719 0.0421238 0.188595 0.272842
693 0.227511 0.0487524 0.178759 0.276264
694 0.278616 0.00620097 0.272415 0.284817
695 0.263648 0.00235204 0.261296 0.266
696 0.272843 0.00983599 0.263007 0.282679
697 0.266855 0.00555947 0.261296 0.272415
698 0.271132 0.00513189 0.266 0.276264
699 0.27049 0.00491802 0.265572 0.275409
700 0.266642 0.00320736 0.263434 0.269849
701 0.278616 0.000213861 0.278402 0.27883
702 0.270918 0.00791153 0.263007 0.27883
703 0.222807 0.0401994 0.182608 0.263007
704 0.288238 0.0158232 0.272415 0.304061
705 0.304917 0.00812544 0.296791 0.313042
706 0.289735 0.0126158 0.277119 0.302351
707 0.292728 0.0138987 0.27883 0.306627
708 0.282251 0.000427648 0.281823 0.282679
709 0.243548 0.0605129 0.183036 0.304061
710 0.239058 0.0483248 0.190733 0.287383
711 0.239058 0.0496078 0.18945 0.288666
712 0.244617 0.0573055 0.187312 0.301923
713 0.304489 0.00427651 0.300212 0.308765
714 0.296363 0.0149679 0.281396 0.311331
715 0.299357 0.022238 0.277119 0.321595
716 0.287383 0.0102636 0.277119 0.297646
717 0.307696 0.00962214 0.298074 0.317318
718 0.237134 0.0399855 0.197148 0.277119
719 0.190733 0.000855364 0.189878 0.191589
720 0.237561 0.0416961 0.195865 0.279257
721 0.288452 0.00534561 0.283106 0.293797
722 0.294439 0.00705628 0.287383 0.301495
723 0.295936 0.00171059 0.294225 0.297646
724 0.296791 0.00769773 0.289093 0.304489
725 0.28781 0.00812538 0.279685 0.295936
726 0.24419 0.0414823 0.202707 0.285672
727 0.242265 0.0451174 0.197148 0.287383
728 0.293156 0.00406273 0.289093 0.297219
729 0.289735 0.0130433 0.276692 0.302778
730 0.282679 0.00727013 0.275409 0.289949
731 0.237775 0.0487524 0.189023 0.286527
732 0.289093 0.0106913 0.278402 0.299785
733 0.282251 0.00427653 0.277974 0.286527
734 0.291445 0.00577334 0.285672 0.297219
735 0.2861 0.000427663 0.285672 0.286527
736 0.302351 0.0218103 0.28054 0.324161
737 0.241624 0.0449035 0.19672 0.286527
738 0.289307 0.0100498 0.279257 0.299357
739 0.29059 0.0143264 0.276264 0.304917
740 0.287383 0.00513187 0.282251 0.292515
741 0.292301 0.0104775 0.281823 0.302778
742 0.284817 0.000855297 0.283962 0.285672
743 0.307482 0.0047041 0.302778 0.312187
744 0.294225 0.00812544 0.2861 0.302351
745 0.291232 0.000855356 0.290376 0.292087
746 0.241624 0.0389164 0.202707 0.28054
747 0.233712 0.0438344 0.189878 0.277547
748 0.233712 0.0412685 0.192444 0.274981
749 0.239486 0.044476 0.19501 0.283962
750 0.234781 0.04191 0.192871 0.276691
751 0.238844 0.0476833 0.191161 0.286527
752 0.287169 0.00149676 0.285672 0.288666
753 0.298288 0.00577334 0.292515 0.304061
754 0.280968 0.0102636 0.270704 0.291232
755 0.284603 0.00149681 0.283106 0.2861
756 0.275195 0.00363508 0.27156 0.27883
757 0.275195 0.00491807 0.270277 0.280113
758 0.284817 0.00898069 0.275836 0.293797
759 0.288238 0.00855303 0.279685 0.296791
760 0.27156 0.00342128 0.268138 0.274981
761 0.239913 0.0470418 0.192871 0.286955
762 0.232216 0.04191 0.190306 0.274126
763 0.203563 0.0205274 0.183035 0.22409
764 0.181752 0.00342122 0.178331 0.185174
765 0.181325 0.00299361 0.178331 0.184318
766 0.179187 0.000427708 0.178759 0.179614
767 0.230505 0.0380612 0.192444 0.268566
768 0.274126 0.00342128 0.270704 0.277547
769 0.268566 0.00128296 0.267283 0.269849
770 0.28332 0.016037 0.267283 0.299357
771 0.279257 0.00384893 0.275408 0.283106
772 0.273484 0.00620098 0.267283 0.279685
773 0.22965 0.0453312 0.184318 0.274981
774 0.279044 0.0023521 0.276691 0.281396
775 0.28888 0.000213787 0.288666 0.289093
776 0.230077 0.0423376 0.18774 0.272415
777 0.245687 0.0630788 0.182608 0.308765
778 0.236706 0.0408408 0.195865 0.277547
779 0.289735 0.00149681 0.288238 0.291232
780 0.272629 0.00577326 0.266855 0.278402
781 0.254453 0.0667138 0.18774 0.321167
782 0.235209 0.0513184 0.183891 0.286527
783 0.230291 0.0489663 0.181325 0.279257
784 0.243334 0.0534566 0.189878 0.296791
785 0.275622 0.00363506 0.271987 0.279257
786 0.276905 0.0109051 0.266 0.28781
787 0.289735 0.0100498 0.279685 0.299785
788 0.251674 0.0712042 0.180469 0.322878
789 0.233285 0.0485386 0.184746 0.281823
790 0.287597 0.0156094 0.271987 0.303206
791 0.283962 0.00384887 0.280113 0.28781
792 0.281182 0.00064145 0.28054 0.281823
793 0.285458 0.0104775 0.274981 0.295936
794 0.272201 0.00192451 0.270277 0.274126
795 0.268138 0.000855312 0.267283 0.268994
796 0.231574 0.0391303 0.192444 0.270704
797 0.22858 0.0446898 0.183891 0.27327
798 0.227511 0.044476 0.183035 0.271987
799 0.231788 0.0487525 0.183035 0.28054
