# ../output/graphs/perf_parallel65QUADRUPED_thread4
# step - mean (0.257574) - standard deviation (0.0347148) r=20 - ylow - yhigh
0 0.244319 0.0447687 0.19955 0.289088
1 0.24774 0.028751 0.218989 0.276491
2 0.242737 0.0338314 0.208905 0.276568
3 0.248125 0.0396172 0.208508 0.287742
4 0.242437 0.0424222 0.200015 0.28486
5 0.244169 0.0369219 0.207248 0.281091
6 0.243357 0.0375342 0.205823 0.280891
7 0.248446 0.0337323 0.214714 0.282178
8 0.250028 0.0344713 0.215557 0.2845
9 0.251974 0.0352273 0.216747 0.287201
10 0.253556 0.0285688 0.224988 0.282125
11 0.252979 0.0278155 0.225164 0.280795
12 0.263884 0.025394 0.23849 0.289278
13 0.260484 0.0211237 0.239361 0.281608
14 0.245217 0.038741 0.206476 0.283958
15 0.244063 0.0389734 0.205089 0.283036
16 0.253984 0.0364165 0.217568 0.290401
17 0.256101 0.0299671 0.226134 0.286068
18 0.250648 0.0341069 0.216542 0.284755
19 0.25407 0.0288288 0.225241 0.282898
20 0.239572 0.0408612 0.198711 0.280433
21 0.24541 0.0378513 0.207558 0.283261
22 0.249643 0.0336798 0.215964 0.283323
23 0.25995 0.0216007 0.238349 0.281551
24 0.25052 0.0341614 0.216359 0.284682
25 0.249408 0.0349621 0.214446 0.28437
26 0.249237 0.0330974 0.21614 0.282335
27 0.257085 0.0387603 0.218324 0.295845
28 0.260976 0.0327819 0.228194 0.293758
29 0.255011 0.0350708 0.21994 0.290081
30 0.253428 0.0355191 0.217909 0.288947
31 0.25732 0.0294263 0.227894 0.286746
32 0.265445 0.0216632 0.243782 0.287108
33 0.263628 0.0215087 0.242119 0.285136
34 0.261917 0.0299418 0.231975 0.291859
35 0.258988 0.0420214 0.216966 0.301009
36 0.253941 0.0409316 0.21301 0.294873
37 0.257662 0.0348887 0.222773 0.292551
38 0.25516 0.0346823 0.220478 0.289843
39 0.24975 0.038055 0.211695 0.287805
40 0.251803 0.0383324 0.213471 0.290136
41 0.253407 0.04089 0.212517 0.294297
42 0.256593 0.0363242 0.220269 0.292917
43 0.251354 0.0402454 0.211109 0.2916
44 0.256571 0.0356366 0.220935 0.292208
45 0.267605 0.0630648 0.20454 0.33067
46 0.249472 0.0684128 0.18106 0.317885
47 0.250328 0.0664543 0.183873 0.316782
48 0.245623 0.0382853 0.207338 0.283909
49 0.25238 0.0284965 0.223884 0.280877
50 0.259202 0.0328393 0.226362 0.292041
51 0.248425 0.0405774 0.207847 0.289002
52 0.248296 0.032942 0.215354 0.281238
53 0.25067 0.0351485 0.215521 0.285818
54 0.246479 0.0388367 0.207642 0.285315
55 0.246329 0.038069 0.20826 0.284398
56 0.250819 0.0336093 0.21721 0.284429
57 0.251375 0.0349534 0.216422 0.286329
58 0.253193 0.0282273 0.224966 0.28142
59 0.25377 0.0277166 0.226054 0.281487
60 0.252616 0.0276541 0.224962 0.28027
61 0.253086 0.0279018 0.225184 0.280988
62 0.246949 0.0333251 0.213624 0.280274
63 0.245452 0.0327234 0.212729 0.278176
64 0.267755 0.0125878 0.255167 0.280342
65 0.261212 0.0206303 0.240581 0.281842
66 0.249087 0.033603 0.215484 0.282691
67 0.244896 0.0377133 0.207183 0.28261
68 0.256914 0.0328899 0.224024 0.289804
69 0.25176 0.0411932 0.210567 0.292954
70 0.240321 0.0456084 0.194712 0.285929
71 0.246971 0.0439415 0.203029 0.290912
72 0.27325 0.0325407 0.240709 0.305791
73 0.270171 0.0312837 0.238887 0.301455
74 0.259907 0.0407501 0.219157 0.300657
75 0.264226 0.0361244 0.228102 0.300351
76 0.257876 0.0396754 0.2182 0.297551
77 0.259116 0.0409368 0.218179 0.300053
78 0.258752 0.0475687 0.211184 0.306321
79 0.267263 0.038522 0.228741 0.305785
80 0.264611 0.0374279 0.227183 0.302039
81 0.253941 0.0433667 0.210575 0.297308
82 0.252701 0.0439561 0.208745 0.296657
83 0.265231 0.0367949 0.228437 0.302026
84 0.269038 0.0300069 0.239031 0.299044
85 0.265723 0.0370746 0.228649 0.302798
86 0.268524 0.0297034 0.238821 0.298228
87 0.268075 0.0305336 0.237542 0.298609
88 0.251418 0.0433858 0.208032 0.294804
89 0.258475 0.040562 0.217913 0.299036
90 0.274426 0.0228977 0.251528 0.297324
91 0.269038 0.0321222 0.236915 0.30116
92 0.267327 0.0311953 0.236132 0.298522
93 0.263136 0.0362855 0.22685 0.299421
94 0.266557 0.0307728 0.235784 0.29733
95 0.256422 0.0398425 0.216579 0.296264
96 0.255182 0.041117 0.214065 0.296299
97 0.256058 0.0432885 0.21277 0.299347
98 0.258282 0.0406352 0.217647 0.298917
99 0.253236 0.0374952 0.215741 0.290731
100 0.248147 0.0445081 0.203639 0.292655
101 0.251162 0.043313 0.207849 0.294475
102 0.257961 0.0380275 0.219934 0.295989
103 0.25052 0.0428282 0.207692 0.293348
104 0.251782 0.0440762 0.207705 0.295858
105 0.252701 0.0438276 0.208874 0.296529
106 0.252124 0.0440136 0.20811 0.296137
107 0.270171 0.0223475 0.247823 0.292518
108 0.271432 0.0227917 0.248641 0.294224
109 0.27526 0.00796779 0.267292 0.283228
110 0.267776 0.0329048 0.234871 0.300681
111 0.269636 0.0481568 0.22148 0.317793
112 0.254989 0.0396277 0.215361 0.294617
113 0.262965 0.0353916 0.227573 0.298356
114 0.2632 0.0363837 0.226816 0.299584
115 0.269059 0.0315464 0.237513 0.300605
116 0.263521 0.0303139 0.233207 0.293835
117 0.25903 0.0356609 0.22337 0.294691
118 0.252915 0.0390534 0.213862 0.291968
119 0.252829 0.039478 0.213351 0.292307
120 0.264376 0.0305747 0.233801 0.294951
121 0.267327 0.0222475 0.24508 0.289574
122 0.271518 0.0225788 0.248939 0.294097
123 0.264911 0.0221468 0.242764 0.287057
124 0.265445 0.0219658 0.243479 0.287411
125 0.263328 0.0217469 0.241581 0.285075
126 0.263948 0.0221038 0.241845 0.286052
127 0.264419 0.00703762 0.257381 0.271457
128 0.268097 0.00635164 0.261745 0.274448
129 0.265082 0.00806702 0.257015 0.273149
130 0.272031 0.00635308 0.265678 0.278384
131 0.262837 0.0207826 0.242054 0.283619
132 0.26211 0.0286535 0.233456 0.290763
133 0.256529 0.0340984 0.22243 0.290627
134 0.267006 0.0228854 0.244121 0.289892
135 0.271539 0.00742628 0.264113 0.278966
136 0.270727 0.00716302 0.263564 0.27789
137 0.270149 0.00764307 0.262506 0.277793
138 0.261511 0.028476 0.233035 0.289987
139 0.250713 0.0372452 0.213467 0.287958
140 0.250242 0.0378718 0.21237 0.288114
141 0.24866 0.0375483 0.211111 0.286208
142 0.249729 0.0375116 0.212217 0.287241
143 0.242138 0.04404 0.198098 0.286178
144 0.242715 0.04562 0.197095 0.288335
145 0.263243 0.0308829 0.23236 0.294126
146 0.27139 0.00764222 0.263747 0.279032
147 0.264312 0.0214265 0.242885 0.285739
148 0.262259 0.0220592 0.2402 0.284318
149 0.255844 0.0288747 0.22697 0.284719
150 0.257705 0.0296101 0.228095 0.287315
151 0.263393 0.0217326 0.24166 0.285125
152 0.260014 0.0302277 0.229786 0.290242
153 0.257256 0.0297921 0.227464 0.287048
154 0.249665 0.0390319 0.210633 0.288697
155 0.245752 0.0435317 0.20222 0.289283
156 0.248083 0.0388399 0.209243 0.286922
157 0.248788 0.04 0.208788 0.288788
158 0.260784 0.0311674 0.229616 0.291951
159 0.252594 0.03548 0.217114 0.288074
160 0.249729 0.0383691 0.21136 0.288098
161 0.261297 0.0294312 0.231866 0.290728
162 0.264055 0.0213953 0.24266 0.285451
163 0.292174 0.130657 0.161517 0.422831
164 0.265531 0.0229798 0.242551 0.288511
165 0.260313 0.0350591 0.225254 0.295373
166 0.250926 0.0398894 0.211037 0.290816
167 0.250627 0.0397345 0.210893 0.290362
168 0.260955 0.0301221 0.230833 0.291077
169 0.259394 0.0298353 0.229559 0.289229
170 0.256828 0.0298338 0.226994 0.286662
171 0.264419 0.0211125 0.243306 0.285531
172 0.273036 0.00874705 0.264289 0.281783
173 0.258646 0.0289686 0.229677 0.287614
174 0.253792 0.0349678 0.218824 0.288759
175 0.250114 0.0331239 0.21699 0.283238
176 0.249023 0.0336907 0.215333 0.282714
177 0.252658 0.0286534 0.224005 0.281312
178 0.255182 0.0279985 0.227183 0.28318
179 0.255267 0.0285198 0.226747 0.283787
180 0.247826 0.0335393 0.214287 0.281365
181 0.254006 0.0279696 0.226036 0.281975
182 0.247527 0.0331772 0.214349 0.280704
183 0.248596 0.032499 0.216097 0.281095
184 0.242031 0.0366856 0.205346 0.278717
185 0.24665 0.0324919 0.214158 0.279142
186 0.241518 0.0365576 0.20496 0.278076
187 0.242224 0.0371056 0.205118 0.279329
188 0.241946 0.0365751 0.205371 0.278521
189 0.254626 0.0296758 0.22495 0.284301
190 0.258132 0.0213114 0.236821 0.279444
191 0.244169 0.0374132 0.206756 0.281583
192 0.253022 0.0362974 0.216725 0.289319
193 0.259415 0.0229019 0.236513 0.282317
194 0.253899 0.0289807 0.224918 0.282879
195 0.262259 0.0254596 0.2368 0.287719
196 0.25918 0.030363 0.228817 0.289543
197 0.257812 0.029197 0.228615 0.287009
198 0.252445 0.0346699 0.217775 0.287114
199 0.256443 0.0293713 0.227072 0.285814
200 0.264825 0.030493 0.234332 0.295318
201 0.271775 0.0234589 0.248316 0.295233
202 0.277142 0.00727701 0.269865 0.284419
203 0.275089 0.0071354 0.267954 0.282224
204 0.274105 0.00758828 0.266517 0.281694
205 0.269572 0.0210471 0.248525 0.290619
206 0.272138 0.0263972 0.245741 0.298535
207 0.282017 0.0186207 0.263396 0.300638
208 0.278425 0.0180065 0.260418 0.296431
209 0.262045 0.0286324 0.233413 0.290678
210 0.260142 0.0366446 0.223498 0.296787
211 0.259159 0.0357536 0.223405 0.294912
212 0.268867 0.0232044 0.245662 0.292071
213 0.268011 0.0226633 0.245348 0.290675
214 0.271304 0.0234109 0.247893 0.294715
215 0.266857 0.0240462 0.24281 0.290903
216 0.265424 0.0305464 0.234877 0.29597
217 0.264013 0.0310155 0.232997 0.295028
218 0.264376 0.0303043 0.234072 0.29468
219 0.25918 0.0356766 0.223504 0.294857
220 0.257384 0.0353726 0.222011 0.292757
221 0.256871 0.0346182 0.222253 0.291489
222 0.252765 0.0393834 0.213382 0.292149
223 0.265574 0.0309085 0.234665 0.296482
224 0.261233 0.0408378 0.220395 0.302071
225 0.249601 0.0422713 0.207329 0.291872
226 0.244811 0.0446348 0.200176 0.289446
227 0.251076 0.0389029 0.212173 0.289979
228 0.239123 0.0416724 0.197451 0.280796
229 0.241518 0.0490865 0.192432 0.290604
230 0.25407 0.0401474 0.213922 0.294217
231 0.254134 0.0399011 0.214233 0.294035
232 0.257149 0.0351885 0.22196 0.292337
233 0.252466 0.0399266 0.212539 0.292393
234 0.253663 0.0406534 0.21301 0.294317
235 0.276735 0.00654032 0.270195 0.283276
236 0.274875 0.00730636 0.267569 0.282181
237 0.271796 0.0225903 0.249206 0.294386
238 0.265745 0.0292184 0.236526 0.294963
239 0.266942 0.0313391 0.235603 0.298281
240 0.266087 0.030001 0.236086 0.296088
241 0.268246 0.0310024 0.237244 0.299249
242 0.274169 0.0240986 0.250071 0.298268
243 0.272822 0.0223502 0.250472 0.295173
244 0.256507 0.0318792 0.224628 0.288387
245 0.256978 0.0355928 0.221385 0.292571
246 0.260399 0.0296105 0.230788 0.29001
247 0.270599 0.0067684 0.26383 0.277367
248 0.264633 0.0222099 0.242423 0.286843
249 0.260164 0.0296779 0.230486 0.289842
250 0.261874 0.0304436 0.231431 0.292318
251 0.252081 0.0325994 0.219482 0.28468
252 0.257298 0.029028 0.22827 0.286327
253 0.256037 0.0210257 0.235011 0.277063
254 0.256614 0.0217988 0.234815 0.278413
255 0.251397 0.0276638 0.223733 0.279061
256 0.254989 0.0279003 0.227089 0.282889
257 0.262644 0.0219784 0.240666 0.284623
258 0.258475 0.0294599 0.229015 0.287934
259 0.252744 0.0346229 0.218121 0.287367
260 0.249344 0.0389268 0.210417 0.288271
261 0.257662 0.0298901 0.227772 0.287552
262 0.257277 0.0285347 0.228742 0.285812
263 0.256978 0.0330585 0.223919 0.290036
264 0.262452 0.0249719 0.23748 0.287424
265 0.251461 0.0277271 0.223734 0.279188
266 0.262045 0.00772372 0.254322 0.269769
267 0.26412 0.00931797 0.254802 0.273438
268 0.267434 0.00864378 0.25879 0.276078
269 0.266985 0.0103401 0.256645 0.277325
270 0.258966 0.0219481 0.237018 0.280914
271 0.261917 0.028046 0.233871 0.289963
272 0.257042 0.0197873 0.237255 0.276829
273 0.254284 0.0208914 0.233392 0.275175
274 0.253107 0.0282768 0.224831 0.281384
275 0.244063 0.0376339 0.206429 0.281696
276 0.246821 0.0397917 0.207029 0.286613
277 0.243229 0.0371993 0.206029 0.280428
278 0.237455 0.0396249 0.19783 0.27708
279 0.252102 0.0289448 0.223158 0.281047
280 0.253963 0.0294866 0.224476 0.283449
281 0.260677 0.0213393 0.239338 0.282016
282 0.26382 0.0230909 0.240729 0.286911
283 0.26938 0.00873704 0.260643 0.278117
284 0.266985 0.00761069 0.259374 0.274596
285 0.269957 0.00774737 0.26221 0.277704
286 0.273956 0.00701458 0.266941 0.28097
287 0.270941 0.00695708 0.263984 0.277898
288 0.275859 0.00869568 0.267163 0.284554
289 0.264676 0.0302388 0.234437 0.294914
290 0.253129 0.0398995 0.213229 0.293028
291 0.259565 0.037294 0.222271 0.296859
292 0.260613 0.0362629 0.22435 0.296876
293 0.252487 0.0401819 0.212305 0.292669
294 0.246885 0.0421441 0.204741 0.289029
295 0.254348 0.0352635 0.219084 0.289611
296 0.263393 0.0141598 0.249233 0.277552
297 0.259351 0.0293106 0.230041 0.288662
298 0.262216 0.0298937 0.232323 0.29211
299 0.266151 0.0215994 0.244551 0.28775
300 0.272587 0.0073842 0.265203 0.279971
301 0.273336 0.00758563 0.26575 0.280921
302 0.266279 0.00553854 0.260741 0.271818
303 0.249601 0.0321806 0.21742 0.281781
304 0.252145 0.0345505 0.217595 0.286696
305 0.256336 0.0284779 0.227858 0.284814
306 0.251097 0.0333231 0.217774 0.284421
307 0.246842 0.0370529 0.209789 0.283895
308 0.245025 0.0420203 0.203004 0.287045
309 0.261276 0.0215796 0.239696 0.282855
310 0.253941 0.0330966 0.220845 0.287038
311 0.235082 0.0406886 0.194393 0.27577
312 0.243956 0.0443277 0.199628 0.288283
313 0.258517 0.0323406 0.226177 0.290858
314 0.257213 0.0309604 0.226253 0.288173
315 0.249815 0.0329295 0.216885 0.282744
316 0.255438 0.0275551 0.227883 0.282993
317 0.246372 0.0362511 0.210121 0.282623
318 0.235403 0.0419981 0.193404 0.277401
319 0.234098 0.0463443 0.187754 0.280443
320 0.234889 0.044709 0.19018 0.279598
321 0.24943 0.0392597 0.21017 0.288689
322 0.230164 0.0444602 0.185704 0.274624
323 0.247377 0.0764885 0.170888 0.323865
324 0.268225 0.061051 0.207174 0.329276
325 0.252209 0.0393944 0.212815 0.291604
326 0.257983 0.0308427 0.22714 0.288825
327 0.270107 0.0316902 0.238417 0.301797
328 0.263157 0.0361611 0.226996 0.299318
329 0.258175 0.0394 0.218775 0.297575
330 0.256914 0.0342772 0.222636 0.291191
331 0.259586 0.0339163 0.22567 0.293503
332 0.257961 0.0335756 0.224386 0.291537
333 0.256443 0.0391542 0.217289 0.295597
334 0.268033 0.030445 0.237588 0.298478
335 0.26645 0.0300238 0.236426 0.296474
336 0.270705 0.0222055 0.2485 0.292911
337 0.270107 0.0217329 0.248374 0.29184
338 0.269743 0.0219349 0.247808 0.291678
339 0.273058 0.00640412 0.266653 0.279462
340 0.27665 0.00986752 0.266782 0.286517
341 0.271283 0.0219767 0.249306 0.29326
342 0.259009 0.0337894 0.22522 0.292798
343 0.265296 0.0300079 0.235288 0.295304
344 0.267669 0.0305442 0.237125 0.298213
345 0.269187 0.0308927 0.238295 0.30008
346 0.256229 0.0403699 0.215859 0.296599
347 0.260869 0.0435526 0.217317 0.304422
348 0.258325 0.0408601 0.217465 0.299185
349 0.26104 0.0344522 0.226588 0.295493
350 0.264226 0.0293024 0.234924 0.293529
351 0.268824 0.0212525 0.247571 0.290076
352 0.266963 0.0297581 0.237205 0.296722
353 0.268033 0.0301649 0.237868 0.298198
354 0.261981 0.0342966 0.227685 0.296278
355 0.265424 0.036995 0.228429 0.302419
356 0.266685 0.0296635 0.237022 0.296349
357 0.27186 0.0227861 0.249074 0.294646
358 0.26861 0.0203192 0.248291 0.288929
359 0.266835 0.0309483 0.235887 0.297783
360 0.254711 0.0443922 0.210319 0.299103
361 0.248104 0.0463024 0.201801 0.294406
362 0.260656 0.0413298 0.219326 0.301985
363 0.26181 0.0352211 0.226589 0.297031
364 0.266493 0.0297659 0.236727 0.296259
365 0.26134 0.0352209 0.226119 0.296561
366 0.257341 0.0347102 0.222631 0.292051
367 0.264333 0.0304116 0.233922 0.294745
368 0.258988 0.0338103 0.225177 0.292798
369 0.247484 0.0456011 0.201883 0.293085
370 0.250007 0.0424029 0.207604 0.29241
371 0.26181 0.0301318 0.231678 0.291942
372 0.267049 0.0223596 0.244689 0.289409
373 0.260912 0.0293447 0.231567 0.290257
374 0.255481 0.0349646 0.220516 0.290446
375 0.259287 0.0284614 0.230826 0.287748
376 0.256443 0.0277565 0.228687 0.2842
377 0.25176 0.0328711 0.218889 0.284631
378 0.252145 0.0346628 0.217482 0.286808
379 0.260762 0.0302412 0.230521 0.291004
380 0.251782 0.0383756 0.213406 0.290157
381 0.248104 0.0364966 0.211607 0.2846
382 0.264248 0.00440484 0.259843 0.268653
383 0.259629 0.0216103 0.238019 0.281239
384 0.248831 0.0360595 0.212771 0.28489
385 0.254925 0.0335288 0.221396 0.288454
386 0.242523 0.038156 0.204367 0.280679
387 0.257876 0.0360924 0.221783 0.293968
388 0.254925 0.0348996 0.220025 0.289825
389 0.257341 0.0347349 0.222606 0.292076
390 0.25377 0.0410233 0.212747 0.294794
391 0.251953 0.0379273 0.214025 0.28988
392 0.251311 0.0345762 0.216735 0.285887
393 0.25407 0.0347404 0.219329 0.28881
394 0.251119 0.0339488 0.21717 0.285068
395 0.257085 0.0297542 0.22733 0.286839
396 0.260335 0.02133 0.239005 0.281665
397 0.260014 0.0211345 0.23888 0.281149
398 0.2567 0.0292223 0.227477 0.285922
399 0.24712 0.0376995 0.209421 0.28482
400 0.245388 0.0368388 0.208549 0.282227
401 0.247099 0.0369887 0.21011 0.284088
402 0.244234 0.0379291 0.206304 0.282163
403 0.245003 0.0374382 0.207565 0.282442
404 0.24913 0.0386675 0.210463 0.287798
405 0.255673 0.0292111 0.226462 0.284885
406 0.250884 0.0347358 0.216148 0.285619
407 0.256272 0.0285547 0.227717 0.284827
408 0.245987 0.0374052 0.208582 0.283392
409 0.260784 0.0299293 0.230855 0.290713
410 0.258817 0.0284657 0.230351 0.287282
411 0.259244 0.0289543 0.23029 0.288199
412 0.262666 0.02982 0.232846 0.292486
413 0.263499 0.0304541 0.233045 0.293954
414 0.270834 0.023089 0.247745 0.293923
415 0.268589 0.0217707 0.246818 0.290359
416 0.270278 0.0309972 0.239281 0.301275
417 0.252787 0.0389487 0.213838 0.291735
418 0.248425 0.0422658 0.206159 0.29069
419 0.25176 0.0383609 0.213399 0.290121
420 0.262516 0.02938 0.233136 0.291896
421 0.267733 0.0226372 0.245096 0.29037
422 0.26861 0.0222573 0.246353 0.290867
423 0.267584 0.0329464 0.234637 0.30053
424 0.259822 0.0382017 0.22162 0.298023
425 0.251803 0.0382493 0.213554 0.290052
426 0.253364 0.0384831 0.214881 0.291847
427 0.259458 0.0350095 0.224449 0.294468
428 0.251033 0.0377062 0.213327 0.28874
429 0.250242 0.039136 0.211106 0.289378
430 0.252658 0.0340018 0.218657 0.28666
431 0.246693 0.03848 0.208213 0.285173
432 0.255246 0.0351024 0.220143 0.290348
433 0.255802 0.0270514 0.22875 0.282853
434 0.255096 0.0278405 0.227256 0.282936
435 0.258346 0.0286972 0.229649 0.287043
436 0.253621 0.0327416 0.220879 0.286362
437 0.247719 0.0385414 0.209178 0.28626
438 0.244063 0.0400722 0.20399 0.284135
439 0.248382 0.0370732 0.211309 0.285455
440 0.245944 0.0364273 0.209517 0.282372
441 0.246778 0.036058 0.21072 0.282836
442 0.242459 0.0357552 0.206704 0.278214
443 0.250413 0.0327256 0.217688 0.283139
444 0.250905 0.0331478 0.217757 0.284053
445 0.250862 0.0334169 0.217445 0.284279
446 0.251076 0.0322691 0.218807 0.283345
447 0.249879 0.0325981 0.217281 0.282477
448 0.253578 0.0341636 0.219414 0.287741
449 0.248296 0.0430114 0.205285 0.291308
450 0.241625 0.0503415 0.191283 0.291966
451 0.251739 0.0387627 0.212976 0.290502
452 0.251525 0.039121 0.212404 0.290646
453 0.262152 0.0308259 0.231326 0.292978
454 0.267584 0.0229376 0.244646 0.290521
455 0.266044 0.0360881 0.229956 0.302132
456 0.260741 0.0417497 0.218991 0.302491
457 0.265167 0.0368735 0.228294 0.302041
458 0.262259 0.0355779 0.226681 0.297837
459 0.247142 0.0442289 0.202913 0.291371
460 0.257384 0.0399388 0.217445 0.297323
461 0.26243 0.0360894 0.226341 0.29852
462 0.252274 0.0424239 0.20985 0.294697
463 0.253107 0.043365 0.209742 0.296472
464 0.272715 0.0374363 0.235279 0.310152
465 0.277527 0.0291821 0.248344 0.306709
466 0.26568 0.0389891 0.226691 0.30467
467 0.257876 0.0402102 0.217666 0.298086
468 0.252274 0.0430714 0.209202 0.295345
469 0.267028 0.0304499 0.236578 0.297478
470 0.270534 0.0225502 0.247984 0.293085
471 0.275303 0.00786219 0.267441 0.283165
472 0.264184 0.0282702 0.235914 0.292454
473 0.261832 0.0358825 0.225949 0.297714
474 0.268567 0.0306694 0.237898 0.299237
475 0.271026 0.0227699 0.248256 0.293796
476 0.274298 0.0251301 0.249168 0.299428
477 0.26119 0.0340349 0.227155 0.295225
478 0.260442 0.0344932 0.225949 0.294935
479 0.261703 0.0343094 0.227394 0.296013
480 0.264782 0.0347658 0.230017 0.299548
481 0.26459 0.0369359 0.227654 0.301526
482 0.264291 0.0370765 0.227214 0.301367
483 0.263221 0.0366207 0.226601 0.299842
484 0.263499 0.0371453 0.226354 0.300645
485 0.266408 0.0301284 0.236279 0.296536
486 0.266771 0.0285952 0.238176 0.295366
487 0.26737 0.0292987 0.238071 0.296668
488 0.26769 0.0295869 0.238104 0.297277
489 0.263072 0.0353105 0.227761 0.298382
490 0.265488 0.0301721 0.235316 0.29566
491 0.260142 0.0344633 0.225679 0.294606
492 0.268054 0.0304998 0.237554 0.298554
493 0.259437 0.0350592 0.224378 0.294496
494 0.266023 0.0308832 0.235139 0.296906
495 0.267669 0.0318868 0.235782 0.299556
496 0.266685 0.0301181 0.236567 0.296804
497 0.26211 0.0363141 0.225795 0.298424
498 0.251012 0.0382309 0.212781 0.289243
499 0.246308 0.0418292 0.204478 0.288137
500 0.245837 0.0401757 0.205662 0.286013
501 0.238546 0.0426858 0.19586 0.281232
502 0.244832 0.0398581 0.204974 0.28469
503 0.25052 0.0377851 0.212735 0.288305
504 0.251311 0.0392703 0.212041 0.290582
505 0.254647 0.0344589 0.220188 0.289106
506 0.255011 0.0316176 0.223393 0.286628
507 0.26459 0.0216788 0.242911 0.286269
508 0.260463 0.0203136 0.24015 0.280777
509 0.256678 0.0189532 0.237725 0.275632
510 0.256486 0.0200943 0.236392 0.27658
511 0.256593 0.0203381 0.236255 0.276931
512 0.26613 0.02097 0.24516 0.287099
513 0.266065 0.0214955 0.24457 0.287561
514 0.26675 0.0223761 0.244373 0.289126
515 0.260399 0.0271825 0.233216 0.287581
516 0.255053 0.0332974 0.221756 0.288351
517 0.25546 0.0301944 0.225265 0.285654
518 0.251718 0.0334027 0.218315 0.28512
519 0.254177 0.0360273 0.218149 0.290204
520 0.257106 0.0292934 0.227813 0.286399
521 0.255887 0.029134 0.226753 0.285021
522 0.257106 0.028789 0.228317 0.285895
523 0.250819 0.0340015 0.216818 0.284821
524 0.257726 0.0275336 0.230193 0.28526
525 0.260484 0.0213917 0.239093 0.281876
526 0.260484 0.0217785 0.238706 0.282263
527 0.252209 0.0331715 0.219038 0.285381
528 0.250477 0.0332934 0.217184 0.283771
529 0.250135 0.0337273 0.216408 0.283863
530 0.257063 0.0292864 0.227777 0.28635
531 0.252637 0.0339324 0.218705 0.286569
532 0.259651 0.0203621 0.239289 0.280013
533 0.262345 0.0247794 0.237565 0.287124
534 0.257427 0.0311885 0.226238 0.288615
535 0.25779 0.0298265 0.227964 0.287617
536 0.260378 0.0213876 0.23899 0.281765
537 0.263499 0.0219697 0.24153 0.285469
538 0.263585 0.0235157 0.240069 0.287101
539 0.269294 0.00770859 0.261586 0.277003
540 0.263777 0.0208596 0.242918 0.284637
541 0.266536 0.022123 0.244413 0.288659
542 0.256208 0.0345305 0.221677 0.290738
543 0.251974 0.0380809 0.213893 0.290055
544 0.259009 0.0349314 0.224078 0.29394
545 0.258966 0.0406244 0.218342 0.299591
546 0.251803 0.0444178 0.207385 0.296221
547 0.252188 0.044726 0.207462 0.296914
548 0.251012 0.0420214 0.208991 0.293033
549 0.246992 0.041109 0.205883 0.288101
550 0.256892 0.0341894 0.222703 0.291082
551 0.257341 0.0336814 0.22366 0.291023
552 0.261468 0.0284059 0.233062 0.289874
553 0.254262 0.0383009 0.215961 0.292563
554 0.253749 0.0392701 0.214479 0.293019
555 0.253086 0.0387266 0.214359 0.291813
556 0.259351 0.0294475 0.229904 0.288799
557 0.260057 0.0206752 0.239382 0.280732
558 0.262174 0.0322508 0.229923 0.294425
559 0.246457 0.0446243 0.201833 0.291082
560 0.246179 0.0445836 0.201596 0.290763
561 0.252851 0.0338442 0.219007 0.286695
562 0.255395 0.0285895 0.226806 0.283985
563 0.251119 0.0334035 0.217715 0.284522
564 0.250135 0.0332315 0.216904 0.283367
565 0.252573 0.0333881 0.219185 0.285961
566 0.250606 0.0314368 0.219169 0.282043
567 0.256272 0.0288291 0.227443 0.285101
568 0.244918 0.0369478 0.20797 0.281866
569 0.240171 0.039699 0.200472 0.27987
570 0.249943 0.031507 0.218436 0.28145
571 0.258817 0.0337662 0.22505 0.292583
572 0.256037 0.0377566 0.21828 0.293794
573 0.255395 0.0377875 0.217608 0.293183
574 0.253407 0.0345736 0.218833 0.28798
575 0.244854 0.0367217 0.208132 0.281575
576 0.25407 0.0419099 0.21216 0.29598
577 0.25407 0.0380992 0.21597 0.292169
578 0.260249 0.0331873 0.227062 0.293437
579 0.26243 0.031125 0.231305 0.293555
580 0.265018 0.0398927 0.225125 0.30491
581 0.252829 0.0438328 0.208997 0.296662
582 0.259437 0.0357565 0.22368 0.295193
583 0.254818 0.0392617 0.215556 0.29408
584 0.249879 0.0412502 0.208628 0.291129
585 0.253364 0.0437743 0.20959 0.297138
586 0.268332 0.0300983 0.238234 0.29843
587 0.261896 0.0342819 0.227614 0.296178
588 0.250028 0.0436998 0.206329 0.293728
589 0.250071 0.0411131 0.208958 0.291184
590 0.25144 0.0417848 0.209655 0.293224
591 0.247548 0.0433551 0.204193 0.290903
592 0.243164 0.046885 0.19628 0.290049
593 0.261575 0.0356914 0.225884 0.297266
594 0.265766 0.0299726 0.235793 0.295739
595 0.253492 0.0445833 0.208909 0.298076
596 0.239936 0.0505915 0.189344 0.290527
597 0.250862 0.0486399 0.202222 0.299502
598 0.260549 0.0360543 0.224494 0.296603
599 0.260549 0.033906 0.226643 0.294455
600 0.265146 0.031156 0.23399 0.296302
601 0.263948 0.0310047 0.232944 0.294953
602 0.261254 0.0336385 0.227616 0.294893
603 0.254561 0.0462476 0.208314 0.300809
604 0.252701 0.0453808 0.20732 0.298082
605 0.262067 0.0357481 0.226319 0.297815
606 0.263585 0.0305704 0.233015 0.294155
607 0.261832 0.0350611 0.22677 0.296893
608 0.255994 0.0447751 0.211219 0.300769
609 0.278082 0.100089 0.177993 0.378171
610 0.264162 0.0375818 0.22658 0.301744
611 0.256956 0.0392407 0.217716 0.296197
612 0.261447 0.0360478 0.225399 0.297495
613 0.254412 0.0387158 0.215696 0.293128
614 0.254112 0.0402386 0.213874 0.294351
615 0.254091 0.040014 0.214077 0.294105
616 0.259993 0.0362455 0.223747 0.296238
617 0.256486 0.0349465 0.221539 0.291432
618 0.271775 0.0266685 0.245106 0.298443
619 0.270748 0.0258315 0.244917 0.29658
620 0.269465 0.0229176 0.246548 0.292383
621 0.262965 0.0236168 0.239348 0.286582
622 0.264654 0.0210219 0.243632 0.285676
623 0.270299 0.0260025 0.244297 0.296302
624 0.259137 0.0348578 0.22428 0.293995
625 0.263628 0.0300819 0.233546 0.29371
626 0.24913 0.0381698 0.21096 0.2873
627 0.247783 0.0383548 0.209428 0.286138
628 0.252723 0.033406 0.219317 0.286129
629 0.25593 0.0274045 0.228526 0.283334
630 0.263542 0.022163 0.241379 0.285705
631 0.263756 0.0217335 0.242023 0.28549
632 0.261789 0.0217341 0.240055 0.283523
633 0.258068 0.0345794 0.223489 0.292648
634 0.252466 0.0347029 0.217763 0.287169
635 0.240492 0.0415368 0.198955 0.282028
636 0.250413 0.0370507 0.213363 0.287464
637 0.253728 0.0275405 0.226187 0.281268
638 0.246244 0.0399042 0.206339 0.286148
639 0.236172 0.0455895 0.190583 0.281762
640 0.253728 0.04159 0.212138 0.295318
641 0.253214 0.0341556 0.219059 0.28737
642 0.256015 0.0288283 0.227187 0.284844
643 0.257919 0.027548 0.230371 0.285467
644 0.253343 0.0340815 0.219261 0.287424
645 0.255588 0.0346923 0.220896 0.29028
646 0.245623 0.0427191 0.202904 0.288343
647 0.253492 0.0352762 0.218216 0.288769
648 0.25206 0.0344994 0.21756 0.286559
649 0.250456 0.0393917 0.211064 0.289848
650 0.253813 0.0347782 0.219035 0.288591
651 0.244191 0.0359673 0.208224 0.280158
652 0.241582 0.036858 0.204724 0.27844
653 0.257534 0.0216372 0.235896 0.279171
654 0.259223 0.0198739 0.239349 0.279097
655 0.252466 0.0285346 0.223931 0.281001
656 0.252658 0.0287699 0.223888 0.281428
657 0.254112 0.0299388 0.224174 0.284051
658 0.25238 0.0288546 0.223526 0.281235
659 0.256892 0.0213789 0.235513 0.278271
660 0.254754 0.0286615 0.226092 0.283415
661 0.240107 0.0410093 0.199097 0.281116
662 0.239615 0.0415568 0.198058 0.281172
663 0.248489 0.0341855 0.214303 0.282674
664 0.262388 0.0218483 0.240539 0.284236
665 0.264419 0.0231973 0.241222 0.287616
666 0.252167 0.0345222 0.217644 0.286689
667 0.24124 0.0410435 0.200197 0.282284
668 0.254412 0.0356839 0.218728 0.290096
669 0.252915 0.0351168 0.217798 0.288032
670 0.260827 0.0216285 0.239198 0.282455
671 0.265018 0.021882 0.243136 0.2869
672 0.271026 0.0233069 0.247719 0.294333
673 0.270641 0.00673644 0.263905 0.277378
674 0.271133 0.00792027 0.263213 0.279053
675 0.269572 0.0221624 0.24741 0.291735
676 0.269508 0.0263983 0.24311 0.295906
677 0.266065 0.0281666 0.237899 0.294232
678 0.256721 0.0369903 0.219731 0.293711
679 0.249087 0.0386947 0.210393 0.287782
680 0.260228 0.0299702 0.230258 0.290198
681 0.257427 0.0358821 0.221545 0.293309
682 0.24464 0.0410775 0.203562 0.285717
683 0.244875 0.0415079 0.203367 0.286383
684 0.246928 0.0384569 0.208471 0.285385
685 0.254326 0.0278196 0.226507 0.282146
686 0.259651 0.0209146 0.238736 0.280565
687 0.264483 0.0125744 0.251909 0.277057
688 0.251867 0.0333081 0.218559 0.285175
689 0.25005 0.0339217 0.216128 0.283971
690 0.248147 0.0315784 0.216568 0.279725
691 0.250648 0.0338717 0.216777 0.28452
692 0.249387 0.0330434 0.216343 0.28243
693 0.245068 0.0376461 0.207421 0.282714
694 0.241988 0.0374249 0.204564 0.279413
695 0.252787 0.0289529 0.223834 0.28174
696 0.2598 0.00589404 0.253906 0.265694
697 0.25454 0.0201863 0.234354 0.274726
698 0.257405 0.0214156 0.23599 0.278821
699 0.254369 0.0195189 0.23485 0.273888
700 0.251782 0.028196 0.223586 0.279978
701 0.242288 0.0362707 0.206017 0.278558
702 0.247612 0.0324826 0.215129 0.280095
703 0.251611 0.0277262 0.223884 0.279337
704 0.255973 0.0281517 0.227821 0.284124
705 0.266643 0.0221505 0.244492 0.288793
706 0.263842 0.0222481 0.241593 0.28609
707 0.255759 0.0332762 0.222483 0.289035
708 0.25469 0.0334612 0.221229 0.288151
709 0.260848 0.0298172 0.231031 0.290665
710 0.268075 0.0294887 0.238587 0.297564
711 0.270278 0.031329 0.238949 0.301607
712 0.262409 0.0338476 0.228561 0.296257
713 0.262965 0.034953 0.228012 0.297918
714 0.273036 0.0233107 0.249725 0.296347
715 0.263542 0.0356 0.227942 0.299142
716 0.258432 0.0404479 0.217984 0.29888
717 0.258282 0.0400109 0.218271 0.298293
718 0.262452 0.0441958 0.218256 0.306648
719 0.269102 0.0393042 0.229798 0.308406
720 0.264611 0.0348639 0.229747 0.299475
721 0.253471 0.0423171 0.211154 0.295788
722 0.252551 0.0439213 0.20863 0.296473
723 0.252445 0.043599 0.208846 0.296044
724 0.261746 0.0351642 0.226582 0.29691
725 0.260934 0.0343876 0.226546 0.295321
726 0.262345 0.0361707 0.226174 0.298516
727 0.262174 0.0350208 0.227153 0.297195
728 0.267605 0.0305586 0.237046 0.298164
729 0.262687 0.0347025 0.227984 0.297389
730 0.248125 0.0464455 0.20168 0.294571
731 0.249152 0.0461971 0.202955 0.295349
732 0.269636 0.0320312 0.237605 0.301667
733 0.273742 0.0231479 0.250594 0.29689
734 0.272288 0.023191 0.249097 0.295479
735 0.269807 0.0221379 0.24767 0.291945
736 0.268781 0.0303199 0.238461 0.299101
737 0.259095 0.0388835 0.220211 0.297978
738 0.264847 0.0288751 0.235971 0.293722
739 0.267412 0.0303044 0.237108 0.297717
740 0.26675 0.0299263 0.236823 0.296676
741 0.26737 0.0308643 0.236505 0.298234
742 0.266685 0.0305791 0.236106 0.297265
743 0.263884 0.0298819 0.234002 0.293766
744 0.263371 0.0368147 0.226557 0.300186
745 0.262537 0.0369643 0.225573 0.299502
746 0.268118 0.0315902 0.236528 0.299708
747 0.265082 0.0296002 0.235482 0.294682
748 0.264098 0.0297586 0.23434 0.293857
749 0.261682 0.0318501 0.229832 0.293532
750 0.256571 0.0401462 0.216425 0.296718
751 0.261083 0.0349369 0.226146 0.29602
752 0.264825 0.0293609 0.235464 0.294186
753 0.245431 0.0413186 0.204112 0.28675
754 0.248018 0.0378136 0.210205 0.285832
755 0.249729 0.0360174 0.213712 0.285746
756 0.2468 0.0406767 0.206123 0.287476
757 0.233393 0.0423749 0.191018 0.275767
758 0.251482 0.0343145 0.217168 0.285797
759 0.269893 0.00756466 0.262328 0.277458
760 0.258603 0.0209381 0.237665 0.279541
761 0.262452 0.00780526 0.254646 0.270257
762 0.263221 0.00719998 0.256022 0.270421
763 0.266942 0.00683391 0.260108 0.273776
764 0.253428 0.027981 0.225447 0.281409
765 0.251589 0.0276058 0.223983 0.279195
766 0.257149 0.0204149 0.236734 0.277564
767 0.262238 0.0216313 0.240607 0.283869
768 0.268161 0.0214875 0.246673 0.289648
769 0.256743 0.0363089 0.220434 0.293051
770 0.253578 0.0344451 0.219133 0.288023
771 0.255096 0.0285952 0.226501 0.283691
772 0.26536 0.00798066 0.257379 0.27334
773 0.257448 0.028642 0.228806 0.28609
774 0.254455 0.0276054 0.226849 0.28206
775 0.244832 0.0377039 0.207128 0.282536
776 0.241882 0.0407552 0.201126 0.282637
777 0.250819 0.0342769 0.216543 0.285096
778 0.266707 0.00751539 0.259191 0.274222
779 0.262281 0.0220494 0.240231 0.28433
780 0.252167 0.0338559 0.218311 0.286023
781 0.243378 0.0417251 0.201653 0.285103
782 0.255951 0.0290165 0.226935 0.284968
783 0.250777 0.0334462 0.217331 0.284223
784 0.250969 0.0325201 0.218449 0.283489
785 0.253749 0.0353571 0.218392 0.289106
786 0.258539 0.0222592 0.236279 0.280798
787 0.250777 0.0338964 0.21688 0.284673
788 0.236236 0.0426538 0.193583 0.27889
789 0.242266 0.0414864 0.20078 0.283753
790 0.241924 0.0411316 0.200793 0.283056
791 0.253043 0.0351794 0.217864 0.288223
792 0.261318 0.0297724 0.231546 0.291091
793 0.265018 0.0213511 0.243667 0.286369
794 0.271881 0.00708394 0.264798 0.278965
795 0.268268 0.0140627 0.254205 0.28233
796 0.264889 0.0248428 0.240047 0.289732
797 0.2601 0.0279149 0.232185 0.288015
798 0.266194 0.0216325 0.244561 0.287826
799 0.26459 0.0219138 0.242676 0.286504
