# ../output/graphs/perf_parallel42BIPED_thread2
# step - mean (0.079247) - standard deviation (0.0139147) r=20 - ylow - yhigh
0 0.0948534 0.0460202 0.0488332 0.140874
1 0.0819169 0.0121385 0.0697784 0.0940554
2 0.0803132 0.0105887 0.0697245 0.0909019
3 0.0809761 0.0126756 0.0683005 0.0936517
4 0.0846325 0.0168416 0.067791 0.101474
5 0.080805 0.0123343 0.0684708 0.0931393
6 0.0814893 0.0122778 0.0692115 0.093767
7 0.0811044 0.0123512 0.0687532 0.0934555
8 0.0831571 0.0144636 0.0686935 0.0976207
9 0.0831785 0.0200138 0.0631647 0.103192
10 0.0842904 0.0158219 0.0684684 0.100112
11 0.0799069 0.00915944 0.0707475 0.0890664
12 0.0793938 0.00990577 0.069488 0.0892995
13 0.0786881 0.00868041 0.0700077 0.0873685
14 0.0782177 0.0085369 0.0696808 0.0867546
15 0.080805 0.0190334 0.0617716 0.0998385
16 0.0793082 0.00898424 0.070324 0.0882925
17 0.0813823 0.0160019 0.0653804 0.0973843
18 0.0784102 0.00857792 0.0698322 0.0869881
19 0.0791799 0.00886929 0.0703106 0.0880492
20 0.0823232 0.0120326 0.0702906 0.0943557
21 0.0799069 0.00881866 0.0710883 0.0887256
22 0.0808264 0.0134081 0.0674183 0.0942345
23 0.0791799 0.00896161 0.0702183 0.0881415
24 0.0779183 0.0087951 0.0691232 0.0867134
25 0.0781536 0.0088037 0.0693499 0.0869573
26 0.0784316 0.00884258 0.069589 0.0872741
27 0.0778756 0.0083298 0.0695458 0.0862054
28 0.0793082 0.00895059 0.0703577 0.0882588
29 0.0809547 0.0137163 0.0672384 0.094671
30 0.0790303 0.0131036 0.0659266 0.0921339
31 0.0808264 0.0111707 0.0696557 0.0919971
32 0.078068 0.00310886 0.0749592 0.0811769
33 0.0771913 0.00341987 0.0737715 0.0806112
34 0.0795221 0.0118804 0.0676417 0.0914024
35 0.078068 0.00860578 0.0694622 0.0866738
36 0.0782177 0.00878398 0.0694337 0.0870017
37 0.0804201 0.0128477 0.0675724 0.0932679
38 0.0782177 0.00875373 0.069464 0.0869714
39 0.0814892 0.0130721 0.0684171 0.0945613
40 0.0845898 0.0226792 0.0619106 0.107269
41 0.0833282 0.0139485 0.0693797 0.0972766
42 0.0791585 0.00519014 0.0739684 0.0843487
43 0.0822377 0.0157444 0.0664932 0.0979821
44 0.0797145 0.0107301 0.0689844 0.0904446
45 0.0790302 0.00970273 0.0693275 0.088733
46 0.0784743 0.00930919 0.0691651 0.0877835
47 0.0783246 0.00922609 0.0690985 0.0875507
48 0.0796717 0.00936951 0.0703022 0.0890412
49 0.0793082 0.00949109 0.0698171 0.0887993
50 0.0798 0.00961639 0.0701837 0.0894164
51 0.0800566 0.0092975 0.0707591 0.0893541
52 0.0809975 0.0110954 0.069902 0.0920929
53 0.0790089 0.0127809 0.066228 0.0917898
54 0.0760581 0.00945422 0.0666038 0.0855123
55 0.0781963 0.0135346 0.0646617 0.0917309
56 0.0832426 0.0350013 0.0482413 0.118244
57 0.075716 0.00952281 0.0661932 0.0852388
58 0.0764857 0.00941544 0.0670703 0.0859011
59 0.0765285 0.00938644 0.067142 0.0859149
60 0.073984 0.00210376 0.0718802 0.0760877
61 0.0772983 0.0105786 0.0667197 0.0878768
62 0.0769775 0.0092851 0.0676924 0.0862626
63 0.0825156 0.0164835 0.0660321 0.0989991
64 0.0806767 0.0209184 0.0597583 0.101595
65 0.0762933 0.00961068 0.0666826 0.085904
66 0.0814251 0.0165654 0.0648597 0.0979905
67 0.0779611 0.0122402 0.0657209 0.0902013
68 0.0776832 0.0120012 0.065682 0.0896844
69 0.0757801 0.00888509 0.066895 0.0846652
70 0.0766995 0.00902467 0.0676749 0.0857242
71 0.0784102 0.0122097 0.0662005 0.0906198
72 0.0783246 0.0127726 0.065552 0.0910973
73 0.0902348 0.0181659 0.0720688 0.108401
74 0.0867066 0.0147499 0.0719567 0.101457
75 0.0872412 0.0143694 0.0728718 0.101611
76 0.0836703 0.0131494 0.0705209 0.0968197
77 0.0845042 0.0131446 0.0713596 0.0976488
78 0.0834137 0.0130882 0.0703255 0.0965019
79 0.0845042 0.0131 0.0714042 0.0976042
80 0.0835634 0.010831 0.0727324 0.0943944
81 0.0808691 0.00377425 0.0770949 0.0846434
82 0.0809119 0.00386688 0.0770451 0.0847788
83 0.081083 0.00431569 0.0767673 0.0853987
84 0.082986 0.00701987 0.0759662 0.0900059
85 0.0857016 0.00912858 0.0765731 0.0948302
86 0.0834992 0.0076284 0.0758708 0.0911276
87 0.0802063 0.00216155 0.0780448 0.0823678
88 0.0794579 0.00119896 0.0782589 0.0806569
89 0.0802491 0.00344062 0.0768084 0.0836897
90 0.0819597 0.00761808 0.0743416 0.0895778
91 0.0831571 0.00909855 0.0740585 0.0922557
92 0.0832426 0.01092 0.0723226 0.0941627
93 0.0820452 0.00955138 0.0724938 0.0915966
94 0.083991 0.0117207 0.0722704 0.0957117
95 0.0903844 0.0262442 0.0641402 0.116629
96 0.0911114 0.0153261 0.0757853 0.106438
97 0.0841193 0.0142826 0.0698367 0.098402
98 0.0856375 0.0152588 0.0703787 0.100896
99 0.0839055 0.0145481 0.0693574 0.0984536
100 0.0851884 0.0180956 0.0670928 0.103284
101 0.0829005 0.0142674 0.0686331 0.0971679
102 0.08846 0.0229145 0.0655455 0.111374
103 0.0813182 0.0133084 0.0680098 0.0946266
104 0.0845898 0.0153232 0.0692665 0.099913
105 0.0841193 0.0150003 0.0691191 0.0991196
106 0.0853809 0.0145536 0.0708273 0.0999345
107 0.0841407 0.0144562 0.0696845 0.0985969
108 0.0861934 0.0159587 0.0702348 0.102152
109 0.0833709 0.0147819 0.0685891 0.0981528
110 0.0802918 0.00946638 0.0708255 0.0897582
111 0.0854664 0.0203291 0.0651373 0.105796
112 0.0818955 0.0169415 0.064954 0.098837
113 0.0815106 0.0111267 0.0703839 0.0926374
114 0.0812327 0.0101728 0.0710599 0.0914054
115 0.0826012 0.0133489 0.0692523 0.09595
116 0.0821094 0.00950314 0.0726062 0.0916125
117 0.0817245 0.00903338 0.0726911 0.0907578
118 0.0821949 0.00851728 0.0736776 0.0907122
119 0.0818314 0.00900437 0.072827 0.0908357
120 0.0815106 0.00905311 0.0724575 0.0905637
121 0.0843118 0.0137298 0.070582 0.0980415
122 0.0834137 0.0116668 0.0717469 0.0950804
123 0.0831571 0.0117043 0.0714528 0.0948614
124 0.0798856 0.00388341 0.0760022 0.083769
125 0.0789234 0.0030734 0.07585 0.0819968
126 0.0782605 0.00225076 0.0760097 0.0805112
127 0.0798642 0.00414597 0.0757182 0.0840101
128 0.0848463 0.0105053 0.074341 0.0953516
129 0.0843973 0.0119821 0.0724152 0.0963794
130 0.0817031 0.0087856 0.0729175 0.0904887
131 0.0814893 0.00867352 0.0728157 0.0901628
132 0.0807409 0.00882209 0.0719188 0.0895629
133 0.0811899 0.00879475 0.0723952 0.0899847
134 0.0818528 0.00883432 0.0730184 0.0906871
135 0.0796076 0.0034671 0.0761405 0.0830747
136 0.080805 0.0111037 0.0697013 0.0919088
137 0.0824087 0.0119866 0.0704222 0.0943953
138 0.0795434 0.00602066 0.0735228 0.0855641
139 0.0806767 0.00535554 0.0753212 0.0860322
140 0.0797145 0.00384981 0.0758647 0.0835643
141 0.078795 0.00300841 0.0757866 0.0818035
142 0.0788592 0.00354308 0.0753161 0.0824023
143 0.0791799 0.00473571 0.0744442 0.0839157
144 0.0796504 0.00626169 0.0733887 0.0859121
145 0.0796503 0.00849176 0.0711586 0.0881421
146 0.0840552 0.012847 0.0712081 0.0969022
147 0.0820024 0.0124688 0.0695337 0.0944712
148 0.0830288 0.012633 0.0703958 0.0956618
149 0.084547 0.0154566 0.0690904 0.100004
150 0.0849532 0.0154164 0.0695368 0.10037
151 0.0852954 0.0177166 0.0675787 0.103012
152 0.0836061 0.0165223 0.0670838 0.100128
153 0.0802918 0.0096273 0.0706645 0.0899191
154 0.080634 0.00892092 0.071713 0.0895549
155 0.0871557 0.0205783 0.0665773 0.107734
156 0.0796504 0.00864859 0.0710018 0.088299
157 0.0855734 0.0160001 0.0695732 0.101573
158 0.0827936 0.0124889 0.0703047 0.0952825
159 0.083542 0.0148835 0.0686585 0.0984255
160 0.0859368 0.014995 0.0709418 0.100932
161 0.0855092 0.0160307 0.0694785 0.10154
162 0.0854664 0.0163519 0.0691145 0.101818
163 0.0827081 0.0138023 0.0689058 0.0965103
164 0.089465 0.0177022 0.0717627 0.107167
165 0.0918384 0.0186237 0.0732147 0.110462
166 0.0949817 0.0189238 0.076058 0.113905
167 0.085274 0.0159981 0.0692759 0.101272
168 0.0842476 0.0157728 0.0684748 0.10002
169 0.0853595 0.0143461 0.0710134 0.0997056
170 0.0842262 0.0141865 0.0700397 0.0984128
171 0.0834565 0.014708 0.0687485 0.0981644
172 0.084996 0.0179349 0.0670612 0.102931
173 0.0818955 0.0119004 0.0699952 0.0937959
174 0.078068 0.00395082 0.0741172 0.0820189
175 0.0781108 0.00447764 0.0736332 0.0825885
176 0.0760367 0.00304686 0.0729898 0.0790836
177 0.0769348 0.00452969 0.0724051 0.0814644
178 0.0781536 0.00591629 0.0722373 0.0840698
179 0.076892 0.00291494 0.073977 0.0798069
180 0.0804843 0.0134065 0.0670778 0.0938908
181 0.083542 0.0161397 0.0674023 0.0996817
182 0.0818955 0.0124413 0.0694542 0.0943369
183 0.0823659 0.0149136 0.0674523 0.0972796
184 0.0845042 0.0137498 0.0707544 0.0982541
185 0.081361 0.0123271 0.0690338 0.0936881
186 0.0814893 0.0126707 0.0688185 0.09416
187 0.0797359 0.00913965 0.0705962 0.0888755
188 0.0791799 0.00871856 0.0704614 0.0878985
189 0.0770844 0.00305967 0.0740248 0.0801441
190 0.0794793 0.00910836 0.0703709 0.0885877
191 0.0771058 0.00311661 0.0739892 0.0802224
192 0.0791586 0.0055626 0.073596 0.0847212
193 0.0809761 0.0134573 0.0675187 0.0944334
194 0.0830716 0.0142524 0.0688192 0.097324
195 0.0806981 0.00920408 0.071494 0.0899022
196 0.0784102 0.00874264 0.0696675 0.0871528
197 0.083264 0.0160846 0.0671794 0.0993486
198 0.0809119 0.012254 0.0686579 0.093166
199 0.0819169 0.0145027 0.0674142 0.0964196
200 0.083264 0.0144012 0.0688628 0.0976653
201 0.0850174 0.0149786 0.0700388 0.099996
202 0.0814679 0.0127893 0.0686786 0.0942571
203 0.0814465 0.0129893 0.0684572 0.0944358
204 0.0820024 0.0129917 0.0690108 0.0949941
205 0.0837772 0.0125346 0.0712426 0.0963118
206 0.0811685 0.0124774 0.0686912 0.0936459
207 0.0814465 0.0126801 0.0687664 0.0941266
208 0.0795007 0.00911101 0.0703897 0.0886117
209 0.0816817 0.0136139 0.0680678 0.0952956
210 0.0814465 0.0117993 0.0696472 0.0932457
211 0.0808264 0.0116774 0.069149 0.0925038
212 0.084718 0.0183302 0.0663878 0.103048
213 0.0817031 0.0126772 0.0690259 0.0943803
214 0.0825584 0.0138901 0.0686683 0.0964486
215 0.0809119 0.0119081 0.0690038 0.0928201
216 0.0804201 0.0117938 0.0686263 0.0922139
217 0.0836489 0.0142956 0.0693533 0.0979446
218 0.0815748 0.0130283 0.0685465 0.094603
219 0.0876902 0.0265364 0.0611539 0.114227
220 0.0829433 0.0142226 0.0687207 0.0971659
221 0.0814251 0.0124405 0.0689846 0.0938656
222 0.0815962 0.0123883 0.0692078 0.0939845
223 0.0823873 0.0122448 0.0701425 0.0946322
224 0.0865997 0.0156585 0.0709413 0.102258
225 0.0881606 0.0167863 0.0713744 0.104947
226 0.0900209 0.0184702 0.0715507 0.108491
227 0.087284 0.0154642 0.0718198 0.102748
228 0.0838413 0.0138882 0.0699532 0.0977295
229 0.0859155 0.0141248 0.0717907 0.10004
230 0.0865997 0.0184484 0.0681513 0.105048
231 0.0826225 0.0138757 0.0687468 0.0964983
232 0.0848249 0.0159631 0.0688618 0.100788
233 0.0846539 0.0152202 0.0694337 0.099874
234 0.0820666 0.0134237 0.0686428 0.0954903
235 0.0833496 0.0154967 0.0678529 0.0988462
236 0.0792869 0.00877927 0.0705076 0.0880661
237 0.0796931 0.00895651 0.0707366 0.0886496
238 0.0848891 0.0162533 0.0686358 0.101142
239 0.0836917 0.0127309 0.0709607 0.0964226
240 0.0823873 0.0126778 0.0697095 0.0950651
241 0.0811258 0.0122797 0.068846 0.0934055
242 0.081361 0.0124746 0.0688863 0.0938356
243 0.0816603 0.013153 0.0685073 0.0948133
244 0.0846966 0.012825 0.0718717 0.0975216
245 0.0887807 0.0161012 0.0726795 0.104882
246 0.0910045 0.0270105 0.0639941 0.118015
247 0.084996 0.0139855 0.0710105 0.0989816
248 0.0902775 0.0188381 0.0714395 0.109116
249 0.0897429 0.0185343 0.0712086 0.108277
250 0.0909404 0.0215341 0.0694063 0.112474
251 0.0898285 0.0186657 0.0711628 0.108494
252 0.0908335 0.0177676 0.0730659 0.108601
253 0.0875406 0.0158527 0.0716879 0.103393
254 0.0871129 0.0155216 0.0715913 0.102634
255 0.0893367 0.0185741 0.0707626 0.107911
256 0.0864073 0.0129293 0.0734779 0.0993366
257 0.0826439 0.00745867 0.0751852 0.0901026
258 0.0803987 0.00302699 0.0773718 0.0834257
259 0.0801635 0.00283504 0.0773285 0.0829986
260 0.0812968 0.0065668 0.07473 0.0878636
261 0.0838627 0.0135593 0.0703034 0.097422
262 0.109992 0.121157 -0.0111644 0.231149
263 0.0848036 0.0114935 0.07331 0.0962971
264 0.0840979 0.0113124 0.0727855 0.0954104
265 0.0801208 0.00935306 0.0707677 0.0894738
266 0.0826653 0.0138991 0.0687662 0.0965644
267 0.0819383 0.0107301 0.0712082 0.0926684
268 0.0822804 0.0108967 0.0713837 0.0931771
269 0.077619 0.0027994 0.0748196 0.0804184
270 0.0772341 0.00265834 0.0745758 0.0798924
271 0.077341 0.00246512 0.0748759 0.0798062
272 0.077619 0.00298593 0.0746331 0.0806049
273 0.0778328 0.00216799 0.0756648 0.0800008
274 0.0784957 0.00381659 0.0746791 0.0823123
275 0.0783032 0.00265661 0.0756466 0.0809598
276 0.078346 0.00331146 0.0750346 0.0816575
277 0.0794152 0.00470827 0.0747069 0.0841234
278 0.0803132 0.00659144 0.0737217 0.0869046
279 0.0794579 0.00372964 0.0757283 0.0831876
280 0.0798856 0.00434986 0.0755357 0.0842354
281 0.078346 0.00301973 0.0753263 0.0813657
282 0.0786882 0.00301488 0.0756733 0.081703
283 0.0804201 0.00899341 0.0714267 0.0894135
284 0.0806553 0.00881461 0.0718407 0.0894699
285 0.0822377 0.0118762 0.0703614 0.0941139
286 0.0826439 0.0119275 0.0707164 0.0945714
287 0.0846539 0.0138941 0.0707598 0.098548
288 0.0907907 0.0166643 0.0741265 0.107455
289 0.0903417 0.0167189 0.0736227 0.107061
290 0.0883317 0.0157719 0.0725598 0.104104
291 0.0893367 0.0203591 0.0689776 0.109696
292 0.0856161 0.0155977 0.0700184 0.101214
293 0.0865142 0.0140236 0.0724906 0.100538
294 0.082815 0.0141709 0.0686441 0.0969859
295 0.0817458 0.013867 0.0678789 0.0956128
296 0.0809119 0.0138513 0.0670606 0.0947633
297 0.0831571 0.0175559 0.0656012 0.100713
298 0.0816603 0.0142463 0.067414 0.0959067
299 0.0807622 0.0135899 0.0671724 0.0943521
300 0.084547 0.0158532 0.0686937 0.1004
301 0.0817245 0.0134775 0.068247 0.0952019
302 0.0808478 0.0137552 0.0670926 0.094603
303 0.0825798 0.0156148 0.0669649 0.0981946
304 0.0797573 0.0115462 0.068211 0.0913035
305 0.0799069 0.01155 0.0683569 0.0914569
306 0.0816176 0.0143039 0.0673137 0.0959214
307 0.0776404 0.00887572 0.0687647 0.0865161
308 0.0766996 0.00892484 0.0677747 0.0856244
309 0.0766995 0.00890328 0.0677963 0.0856028
310 0.0784102 0.010825 0.0675851 0.0892352
311 0.0766995 0.00450412 0.0721954 0.0812037
312 0.0750958 0.00372179 0.071374 0.0788176
313 0.0761864 0.00652261 0.0696638 0.082709
314 0.0762505 0.00431505 0.0719355 0.0805656
315 0.0750103 0.00363984 0.0713705 0.0786502
316 0.0759939 0.00505663 0.0709373 0.0810506
317 0.0830716 0.0340388 0.0490328 0.11711
318 0.0741123 0.0104027 0.0637096 0.084515
319 0.0759725 0.0114418 0.0645307 0.0874144
320 0.0790303 0.0122256 0.0668046 0.0912559
321 0.077619 0.0158829 0.0617361 0.0935019
322 0.0765071 0.0134795 0.0630276 0.0899866
323 0.0782177 0.0117031 0.0665146 0.0899208
324 0.0790089 0.00998631 0.0690226 0.0889952
325 0.0774052 0.00873713 0.068668 0.0861423
326 0.0770203 0.0118799 0.0651404 0.0889002
327 0.0791585 0.0123309 0.0668277 0.0914894
328 0.0823873 0.0130748 0.0693126 0.0954621
329 0.0834778 0.0152424 0.0682354 0.0987203
330 0.0898285 0.0335835 0.0562449 0.123412
331 0.0863217 0.0171217 0.0692 0.103443
332 0.0849105 0.01582 0.0690905 0.10073
333 0.0850388 0.0166775 0.0683613 0.101716
334 0.0817886 0.0150287 0.0667599 0.0968173
335 0.0777687 0.0119408 0.0658278 0.0897095
336 0.0769561 0.0122569 0.0646992 0.0892131
337 0.0766782 0.0120732 0.0646049 0.0887514
338 0.0723161 0.00959401 0.0627221 0.0819101
339 0.0717388 0.0093468 0.062392 0.0810856
340 0.0709476 0.00902225 0.0619254 0.0799699
341 0.0690232 0.00292995 0.0660932 0.0719531
342 0.0714608 0.00691409 0.0645467 0.0783749
343 0.0711187 0.00674839 0.0643703 0.0778671
344 0.0689376 0.00270674 0.0662309 0.0716444
345 0.072701 0.00863285 0.0640682 0.0813339
346 0.0732355 0.0105855 0.06265 0.083821
347 0.0699213 0.0035044 0.0664169 0.0734257
348 0.0691729 0.00162772 0.0675451 0.0708006
349 0.068959 0.00144945 0.0675096 0.0704085
350 0.0701137 0.00294889 0.0671648 0.0730626
351 0.071525 0.00913606 0.0623889 0.080661
352 0.0734494 0.00920883 0.0642405 0.0826582
353 0.0721664 0.00927117 0.0628952 0.0814376
354 0.0721664 0.00995694 0.0622095 0.0821234
355 0.0758656 0.0138446 0.062021 0.0897102
356 0.082088 0.0162133 0.0658746 0.0983013
357 0.0817031 0.0161149 0.0655882 0.0978179
358 0.083991 0.0167536 0.0672374 0.100745
359 0.0814037 0.0155799 0.0658239 0.0969836
360 0.0810188 0.0152118 0.0658071 0.0962306
361 0.0835848 0.0159587 0.0676261 0.0995434
362 0.0808692 0.015209 0.0656602 0.0960781
363 0.0819169 0.0148731 0.0670438 0.0967901
364 0.0780039 0.0116369 0.066367 0.0896408
365 0.0768278 0.0122209 0.0646069 0.0890487
366 0.0765712 0.00897511 0.0675961 0.0855463
367 0.0753952 0.00867421 0.066721 0.0840694
368 0.0758015 0.00876729 0.0670342 0.0845687
369 0.0788164 0.0146767 0.0641397 0.0934931
370 0.0788378 0.0141069 0.0647309 0.0929447
371 0.0792013 0.013358 0.0658433 0.0925593
372 0.0786881 0.0114072 0.0672809 0.0900953
373 0.0789447 0.0130867 0.065858 0.0920315
374 0.0802704 0.0131958 0.0670747 0.0934662
375 0.0783246 0.0115871 0.0667375 0.0899118
376 0.0780039 0.0114235 0.0665804 0.0894274
377 0.0769134 0.011352 0.0655614 0.0882653
378 0.0743902 0.00445349 0.0699367 0.0788437
379 0.0764002 0.00886621 0.067534 0.0852664
380 0.0738984 0.00557688 0.0683215 0.0794753
381 0.069964 0.00347006 0.066494 0.0734341
382 0.0767209 0.0201789 0.0565421 0.0968998
383 0.0739626 0.0121731 0.0617895 0.0861357
384 0.077448 0.0148556 0.0625924 0.0923035
385 0.074433 0.0121746 0.0622584 0.0866076
386 0.0747965 0.0127953 0.0620012 0.0875918
387 0.0741336 0.0118332 0.0623005 0.0859668
388 0.0781108 0.0138946 0.0642162 0.0920054
389 0.0761008 0.0189911 0.0571097 0.0950919
390 0.074155 0.0114027 0.0627523 0.0855577
391 0.0722092 0.0101185 0.0620907 0.0823277
392 0.071696 0.00822972 0.0634663 0.0799257
393 0.0721664 0.008586 0.0635804 0.0807524
394 0.0739412 0.0121486 0.0617926 0.0860898
395 0.0751386 0.0118523 0.0632863 0.0869909
396 0.075887 0.0184196 0.0574674 0.0943066
397 0.0733639 0.00950649 0.0638574 0.0828703
398 0.0737274 0.00947269 0.0642547 0.0832001
399 0.072979 0.00907921 0.0638998 0.0820582
400 0.0747965 0.0102751 0.0645213 0.0850716
401 0.0740053 0.0106866 0.0633187 0.0846919
402 0.0705413 0.00298585 0.0675555 0.0735272
403 0.0722519 0.00345706 0.0687949 0.075709
404 0.0713111 0.00375966 0.0675515 0.0750708
405 0.0717602 0.00357954 0.0681806 0.0753397
406 0.0733425 0.0112851 0.0620574 0.0846276
407 0.0774907 0.00909564 0.0683951 0.0865863
408 0.0743902 0.00327225 0.071118 0.0776625
409 0.0792869 0.011986 0.0673008 0.0912729
410 0.0765071 0.0107781 0.065729 0.0872852
411 0.0773624 0.0126638 0.0646986 0.0900262
412 0.0826653 0.0133391 0.0693262 0.0960044
413 0.0813823 0.0121811 0.0692013 0.0935634
414 0.0811899 0.0127167 0.0684733 0.0939066
415 0.0839483 0.0177025 0.0662458 0.101651
416 0.0843973 0.0139117 0.0704856 0.098309
417 0.0841193 0.0161538 0.0679655 0.100273
418 0.0828791 0.0142689 0.0686102 0.097148
419 0.0821735 0.0122665 0.069907 0.09444
420 0.0780466 0.00327233 0.0747743 0.081319
421 0.0762719 0.00128491 0.074987 0.0775568
422 0.0783246 0.00768141 0.0706432 0.086006
423 0.0792227 0.00762719 0.0715955 0.0868499
424 0.0772341 0.0035867 0.0736474 0.0808208
425 0.0795221 0.00840149 0.0711206 0.0879236
426 0.0786454 0.00688362 0.0717618 0.085529
427 0.0771272 0.00352721 0.0736 0.0806544
428 0.0781749 0.00721911 0.0709558 0.085394
429 0.0810616 0.011996 0.0690656 0.0930576
430 0.0834778 0.0099199 0.0735579 0.0933977
431 0.0835634 0.0106256 0.0729378 0.094189
432 0.0810616 0.00953432 0.0715273 0.0905959
433 0.0833496 0.0189527 0.0643968 0.102302
434 0.0792227 0.00856787 0.0706548 0.0877906
435 0.0827508 0.0130833 0.0696675 0.0958342
436 0.0803773 0.00881158 0.0715658 0.0891889
437 0.0801849 0.00861751 0.0715674 0.0888024
438 0.080805 0.0108395 0.0699655 0.0916445
439 0.0829219 0.0122893 0.0706326 0.0952111
440 0.0804843 0.00940214 0.0710821 0.0898864
441 0.0835634 0.012837 0.0707264 0.0964004
442 0.0815748 0.0122041 0.0693706 0.0937789
443 0.0815106 0.0122053 0.0693054 0.0937159
444 0.0843332 0.0145807 0.0697524 0.0989139
445 0.0855733 0.0158963 0.069677 0.10147
446 0.0792868 0.0115991 0.0676878 0.0908859
447 0.0785598 0.0115649 0.0669949 0.0901247
448 0.0817245 0.0134516 0.0682728 0.0951761
449 0.0867066 0.0177643 0.0689423 0.104471
450 0.0837986 0.014371 0.0694276 0.0981696
451 0.083264 0.0202737 0.0629903 0.103538
452 0.0808264 0.0129995 0.0678269 0.0938259
453 0.080805 0.0119548 0.0688502 0.0927598
454 0.0795221 0.0116777 0.0678443 0.0911998
455 0.0780466 0.0139336 0.0641131 0.0919802
456 0.0789234 0.0131321 0.0657912 0.0920555
457 0.0755449 0.00898302 0.0665619 0.0845279
458 0.0747323 0.0087286 0.0660037 0.0834609
459 0.0797145 0.0172421 0.0624724 0.0969566
460 0.0774266 0.0141148 0.0633118 0.0915414
461 0.075887 0.0140479 0.0618391 0.0899349
462 0.0750745 0.0101368 0.0649376 0.0852113
463 0.073257 0.0087821 0.0644749 0.0820391
464 0.073706 0.00854479 0.0651612 0.0822508
465 0.0741336 0.00834447 0.0657892 0.0824781
466 0.0727651 0.0040622 0.0687029 0.0768273
467 0.0722306 0.00250058 0.06973 0.0747312
468 0.0718029 0.00220105 0.0696019 0.074004
469 0.0726368 0.00473185 0.067905 0.0773687
470 0.0734494 0.00551302 0.0679364 0.0789624
471 0.0716746 0.00344359 0.068231 0.0751182
472 0.0710759 0.00197186 0.0691041 0.0730478
473 0.0713967 0.00316427 0.0682324 0.0745609
474 0.0727438 0.0070904 0.0656534 0.0798342
475 0.0739198 0.00879268 0.0651271 0.0827125
476 0.0728507 0.00354533 0.0693053 0.076396
477 0.0730217 0.00629517 0.0667266 0.0793169
478 0.0742192 0.0107905 0.0634287 0.0850096
479 0.0732569 0.00965973 0.0635972 0.0829167
480 0.0756732 0.00961743 0.0660557 0.0852906
481 0.0744758 0.0100241 0.0644516 0.0844999
482 0.0746468 0.00988932 0.0647575 0.0845361
483 0.0731714 0.00873911 0.0644323 0.0819105
484 0.0745185 0.0127056 0.0618129 0.0872241
485 0.0743902 0.010725 0.0636652 0.0851152
486 0.0755449 0.00985578 0.0656891 0.0854007
487 0.07315 0.00606071 0.0670893 0.0792107
488 0.0726154 0.00609401 0.0665214 0.0787094
489 0.0738984 0.00860168 0.0652968 0.0825001
490 0.0725727 0.00630856 0.0662641 0.0788813
491 0.0711828 0.00273656 0.0684463 0.0739194
492 0.0760794 0.00822929 0.0678501 0.0843087
493 0.0749889 0.00348814 0.0715008 0.0784771
494 0.0745613 0.00291392 0.0716473 0.0774752
495 0.0797573 0.00728957 0.0724677 0.0870468
496 0.0836703 0.0144191 0.0692512 0.0980894
497 0.0823446 0.0125299 0.0698147 0.0948745
498 0.0829647 0.0126891 0.0702756 0.0956538
499 0.0881179 0.0193304 0.0687874 0.107448
500 0.0850388 0.0146075 0.0704313 0.0996463
501 0.0804843 0.0140467 0.0664376 0.094531
502 0.0789661 0.0139032 0.0650629 0.0928693
503 0.0790944 0.0140225 0.0650719 0.0931169
504 0.0754807 0.00857174 0.066909 0.0840525
505 0.0754166 0.00836091 0.0670557 0.0837775
506 0.0769561 0.0106093 0.0663468 0.0875654
507 0.0743261 0.0040494 0.0702767 0.0783755
508 0.0766995 0.0105876 0.066112 0.0872871
509 0.0779611 0.0142634 0.0636977 0.0922246
510 0.0760367 0.00929944 0.0667372 0.0853361
511 0.0746254 0.00905018 0.0655753 0.0836756
512 0.0778328 0.0118599 0.0659729 0.0896928
513 0.0755021 0.00942631 0.0660758 0.0849284
514 0.0759298 0.0094853 0.0664445 0.0854151
515 0.0737701 0.00366513 0.070105 0.0774352
516 0.0777259 0.0150452 0.0626807 0.0927711
517 0.0741978 0.00321594 0.0709818 0.0774137
518 0.0733425 0.00328068 0.0700618 0.0766231
519 0.075887 0.00840799 0.067479 0.084295
520 0.0745826 0.00411837 0.0704643 0.078701
521 0.0745185 0.00492986 0.0695887 0.0794484
522 0.0729576 0.00270944 0.0702482 0.075667
523 0.0723589 0.00204917 0.0703097 0.074408
524 0.0770417 0.0123163 0.0647254 0.089358
525 0.0789447 0.00959735 0.0693474 0.0885421
526 0.0835848 0.0198518 0.063733 0.103437
527 0.0821735 0.0129037 0.0692698 0.0950772
528 0.0841621 0.01375 0.0704121 0.0979121
529 0.0804415 0.0119045 0.068537 0.092346
530 0.0810402 0.0118418 0.0691984 0.0928821
531 0.0846753 0.0163406 0.0683347 0.101016
532 0.0799711 0.00909303 0.0708781 0.0890641
533 0.0804629 0.0103332 0.0701297 0.0907961
534 0.0784101 0.00878333 0.0696268 0.0871935
535 0.0806553 0.0122419 0.0684134 0.0928973
536 0.080078 0.0116906 0.0683874 0.0917686
537 0.0806126 0.0119517 0.0686608 0.0925643
538 0.0840765 0.0143199 0.0697566 0.0983965
539 0.0819169 0.0125954 0.0693215 0.0945123
540 0.0818955 0.0115644 0.0703311 0.0934599
541 0.0818528 0.011558 0.0702947 0.0934108
542 0.0863217 0.0181343 0.0681874 0.104456
543 0.0826011 0.0145278 0.0680734 0.0971289
544 0.0814037 0.0123733 0.0690304 0.0937771
545 0.0806981 0.0122245 0.0684736 0.0929226
546 0.0805057 0.0122595 0.0682462 0.0927651
547 0.0799711 0.0123013 0.0676699 0.0922724
548 0.0806339 0.0122711 0.0683629 0.092905
549 0.0813396 0.0142021 0.0671375 0.0955417
550 0.07516 0.00484753 0.0703125 0.0800075
551 0.0753738 0.00713407 0.0682397 0.0825079
552 0.0749248 0.00621435 0.0687104 0.0811391
553 0.0737915 0.0054001 0.0683914 0.0791916
554 0.0731286 0.00284639 0.0702822 0.075975
555 0.0701564 0.00306147 0.067095 0.0732179
556 0.0708407 0.00763486 0.0632059 0.0784756
557 0.0703917 0.00297948 0.0674122 0.0733711
558 0.070691 0.0034534 0.0672376 0.0741444
559 0.0735563 0.00908399 0.0644723 0.0826403
560 0.0753524 0.0112868 0.0640657 0.0866392
561 0.077341 0.0136221 0.0637189 0.0909631
562 0.0756732 0.0119693 0.0637039 0.0876425
563 0.0789233 0.0160044 0.0629189 0.0949278
564 0.0752883 0.0117837 0.0635046 0.087072
565 0.077448 0.0135579 0.06389 0.0910059
566 0.0740695 0.0105255 0.063544 0.084595
567 0.0729362 0.00852251 0.0644137 0.0814587
568 0.0713967 0.00377809 0.0676186 0.0751747
569 0.0728079 0.00932329 0.0634846 0.0821312
570 0.0749248 0.00978625 0.0651385 0.084711
571 0.0764857 0.0143511 0.0621346 0.0908368
572 0.0772555 0.0142994 0.0629561 0.0915549
573 0.0798214 0.0143103 0.0655111 0.0941317
574 0.0837558 0.0150855 0.0686704 0.0988413
575 0.0841835 0.015851 0.0683324 0.100034
576 0.0868349 0.0229513 0.0638837 0.109786
577 0.0832213 0.0152765 0.0679448 0.0984977
578 0.0813182 0.0123497 0.0689685 0.0936679
579 0.0810188 0.0109035 0.0701154 0.0919223
580 0.0817886 0.0132654 0.0685232 0.095054
581 0.0794793 0.00916743 0.0703119 0.0886467
582 0.0795862 0.00953955 0.0700467 0.0891258
583 0.0816175 0.0107155 0.0709021 0.092333
584 0.0814251 0.0117945 0.0696306 0.0932197
585 0.0779184 0.00401764 0.0739007 0.081936
586 0.0779184 0.00329764 0.0746207 0.081216
587 0.0769775 0.00322306 0.0737545 0.0802006
588 0.0823873 0.0220932 0.0602941 0.104481
589 0.0771913 0.00297366 0.0742177 0.080165
590 0.0775976 0.00498078 0.0726169 0.0825784
591 0.0823446 0.0100152 0.0723294 0.0923597
592 0.0828364 0.0099865 0.0728499 0.0928229
593 0.0837772 0.011962 0.0718152 0.0957392
594 0.0829647 0.0100957 0.072869 0.0930604
595 0.0842476 0.0113219 0.0729257 0.0955695
596 0.0832854 0.00982753 0.0734579 0.0931129
597 0.0846325 0.0136694 0.0709631 0.098302
598 0.0832213 0.0103915 0.0728297 0.0936128
599 0.0799925 0.00975899 0.0702335 0.0897515
600 0.0800566 0.00974691 0.0703097 0.0898035
601 0.0803987 0.00950604 0.0708927 0.0899048
602 0.0797572 0.0095669 0.0701903 0.0893241
603 0.0817886 0.011038 0.0707506 0.0928266
604 0.0799283 0.00940728 0.0705211 0.0893356
605 0.0839055 0.0156498 0.0682557 0.0995552
606 0.0885455 0.0246817 0.0638638 0.113227
607 0.0856589 0.0163781 0.0692808 0.102037
608 0.0882676 0.0151019 0.0731657 0.103369
609 0.0851029 0.0143846 0.0707183 0.0994876
610 0.0845898 0.0144807 0.0701091 0.0990705
611 0.0881179 0.0198587 0.0682592 0.107977
612 0.0847822 0.0148075 0.0699747 0.0995897
613 0.0834137 0.0129194 0.0704943 0.0963331
614 0.081532 0.00954276 0.0719893 0.0910748
615 0.085723 0.0155712 0.0701518 0.101294
616 0.0854451 0.0129781 0.0724669 0.0984232
617 0.0827508 0.0121956 0.0705552 0.0949464
618 0.0826653 0.0120921 0.0705732 0.0947574
619 0.0810616 0.0159524 0.0651092 0.097014
620 0.0802063 0.0102463 0.06996 0.0904526
621 0.0809333 0.0129268 0.0680065 0.0938601
622 0.0788378 0.00958579 0.069252 0.0884236
623 0.0776831 0.00595999 0.0717231 0.0836431
624 0.0784957 0.00645243 0.0720433 0.0849481
625 0.0762077 0.00518255 0.0710252 0.0813903
626 0.0783032 0.00794435 0.0703589 0.0862476
627 0.0799925 0.0139427 0.0660497 0.0939352
628 0.0862576 0.0269184 0.0593392 0.113176
629 0.0826867 0.0185457 0.064141 0.101232
630 0.0835848 0.016955 0.0666298 0.10054
631 0.0840765 0.0167088 0.0673678 0.100785
632 0.0861293 0.0168 0.0693293 0.102929
633 0.0834992 0.0168328 0.0666664 0.100332
634 0.0809333 0.0129183 0.068015 0.0938516
635 0.0825798 0.0148494 0.0677304 0.0974292
636 0.0816175 0.0131786 0.068439 0.0947961
637 0.0796503 0.0122251 0.0674252 0.0918754
638 0.0785812 0.0102341 0.0683471 0.0888153
639 0.0770203 0.00925838 0.0677619 0.0862786
640 0.0814679 0.0145694 0.0668985 0.0960373
641 0.0791799 0.010873 0.0683069 0.090053
642 0.0757373 0.0120534 0.063684 0.0877907
643 0.0732569 0.00977549 0.0634814 0.0830324
644 0.0798 0.0159764 0.0638237 0.0957764
645 0.0791158 0.0150361 0.0640797 0.0941519
646 0.0791585 0.0150846 0.0640739 0.0942432
647 0.074882 0.011767 0.063115 0.086649
648 0.0751172 0.0121624 0.0629548 0.0872796
649 0.0756518 0.0119183 0.0637335 0.0875701
650 0.0751814 0.0119976 0.0631837 0.087179
651 0.0783674 0.015804 0.0625634 0.0941714
652 0.0735349 0.00415831 0.0693766 0.0776932
653 0.0727438 0.0050977 0.0676461 0.0778415
654 0.0724658 0.00432855 0.0681372 0.0767943
655 0.0715891 0.00291118 0.0686779 0.0745003
656 0.072145 0.00325157 0.0688935 0.0753966
657 0.0750959 0.013292 0.0618039 0.0883878
658 0.0731501 0.00429248 0.0688576 0.0774425
659 0.0715891 0.00313502 0.0684541 0.0747241
660 0.0716532 0.00301631 0.0686369 0.0746696
661 0.0719954 0.00344062 0.0685547 0.075436
662 0.0764857 0.00768381 0.0688019 0.0841696
663 0.0749034 0.00254543 0.072358 0.0774488
664 0.0753097 0.00307763 0.0722321 0.0783873
665 0.0792868 0.00881049 0.0704763 0.0880973
666 0.0801635 0.00948818 0.0706754 0.0896517
667 0.0817672 0.0139533 0.0678139 0.0957205
668 0.0781322 0.0158463 0.0622859 0.0939785
669 0.0753738 0.00884516 0.0665286 0.084219
670 0.074604 0.00821993 0.0663841 0.082824
671 0.0766568 0.0115156 0.0651411 0.0881724
672 0.0778542 0.00998043 0.0678738 0.0878346
673 0.0713539 0.00437227 0.0669816 0.0757262
674 0.0716532 0.00846759 0.0631857 0.0801208
675 0.0692798 0.0039497 0.0653301 0.0732295
676 0.0689376 0.00242897 0.0665087 0.0713666
677 0.0696861 0.0033632 0.0663229 0.0730493
678 0.069686 0.00314689 0.0665391 0.0728329
679 0.0701351 0.00363377 0.0665013 0.0737688
680 0.0789447 0.0285208 0.050424 0.107465
681 0.0697716 0.00300051 0.0667711 0.0727721
682 0.0710973 0.0063803 0.064717 0.0774776
683 0.0735135 0.0119099 0.0616036 0.0854234
684 0.0733853 0.0119049 0.0614804 0.0852901
685 0.0726582 0.00637029 0.0662879 0.0790285
686 0.0703917 0.00388998 0.0665017 0.0742816
687 0.0729148 0.0103881 0.0625267 0.0833029
688 0.071974 0.0093431 0.0626309 0.0813171
689 0.0739198 0.0114338 0.062486 0.0853536
690 0.0724444 0.00951504 0.0629293 0.0819594
691 0.078795 0.0151825 0.0636125 0.0939775
692 0.0779611 0.0124814 0.0654798 0.0904425
693 0.0795648 0.0134214 0.0661434 0.0929862
694 0.0809333 0.0149004 0.0660329 0.0958337
695 0.0787523 0.0135454 0.0652069 0.0922977
696 0.0780894 0.0130202 0.0650692 0.0911096
697 0.0783246 0.0125567 0.0657679 0.0908814
698 0.0784315 0.012567 0.0658645 0.0909986
699 0.078902 0.0155082 0.0633937 0.0944102
700 0.079629 0.0138659 0.0657631 0.0934948
701 0.0797573 0.013921 0.0658362 0.0936783
702 0.0772769 0.012669 0.0646079 0.0899459
703 0.0780253 0.0121219 0.0659034 0.0901471
704 0.0819597 0.0118331 0.0701265 0.0937928
705 0.0814251 0.0214707 0.0599544 0.102896
706 0.0772127 0.0122949 0.0649178 0.0895076
707 0.0808691 0.0179374 0.0629317 0.0988066
708 0.0793938 0.0153986 0.0639951 0.0947924
709 0.0769775 0.0121502 0.0648274 0.0891277
710 0.0775335 0.0128496 0.0646839 0.0903831
711 0.0775121 0.0128095 0.0647026 0.0903216
712 0.0748606 0.0124582 0.0624024 0.0873188
713 0.0911756 0.0566419 0.0345337 0.147818
714 0.0843759 0.02671 0.0576659 0.111086
715 0.0817031 0.0165709 0.0651322 0.098274
716 0.0802491 0.0167372 0.0635119 0.0969863
717 0.0814679 0.0176064 0.0638615 0.0990742
718 0.0804201 0.0168266 0.0635935 0.0972468
719 0.0779825 0.015478 0.0625045 0.0934605
720 0.0792868 0.0172495 0.0620373 0.0965364
721 0.0742619 0.0126033 0.0616586 0.0868652
722 0.0741764 0.00787331 0.0663031 0.0820497
723 0.0746682 0.010553 0.0641152 0.0852212
724 0.0740909 0.0106921 0.0633988 0.0847829
725 0.0738343 0.00930307 0.0645312 0.0831373
726 0.0727437 0.00937029 0.0633735 0.082114
727 0.0722947 0.0089934 0.0633013 0.0812881
728 0.0724444 0.00923117 0.0632132 0.0816756
729 0.0715463 0.00907501 0.0624713 0.0806213
730 0.0710331 0.00411281 0.0669203 0.0751459
731 0.0726796 0.00485808 0.0678215 0.0775377
732 0.0715463 0.00440317 0.0671432 0.0759495
733 0.0731072 0.00998042 0.0631268 0.0830877
734 0.0761222 0.0165441 0.0595781 0.0926664
735 0.0746682 0.0119486 0.0627196 0.0866168
736 0.0761222 0.0121381 0.0639841 0.0882603
737 0.0753738 0.0118143 0.0635596 0.0871881
738 0.0753738 0.0123235 0.0630504 0.0876973
739 0.0812541 0.0194988 0.0617553 0.100753
740 0.0759298 0.0117386 0.0641911 0.0876684
741 0.0789661 0.0134451 0.065521 0.0924112
742 0.0776618 0.00930714 0.0683546 0.0869689
743 0.0787095 0.0123993 0.0663102 0.0911088
744 0.0765712 0.0103378 0.0662334 0.086909
745 0.0758015 0.00913404 0.0666674 0.0849355
746 0.0742833 0.00383481 0.0704485 0.0781181
747 0.0733211 0.00212744 0.0711936 0.0754485
748 0.0733211 0.00292395 0.0703971 0.076245
749 0.0775335 0.0121125 0.0654209 0.089646
750 0.0764002 0.00922509 0.0671751 0.0856253
751 0.0762291 0.00930957 0.0669196 0.0855387
752 0.0809119 0.0123692 0.0685428 0.0932811
753 0.0759725 0.00920226 0.0667703 0.0851748
754 0.0758229 0.00917722 0.0666456 0.0850001
755 0.0783888 0.0146224 0.0637664 0.0930112
756 0.0777259 0.0123353 0.0653906 0.0900612
757 0.0800352 0.0146787 0.0653565 0.0947139
758 0.0777901 0.0122505 0.0655395 0.0900406
759 0.0769989 0.0125504 0.0644485 0.0895493
760 0.078346 0.0121514 0.0661946 0.0904973
761 0.0795434 0.0184685 0.061075 0.0980119
762 0.0776404 0.0122398 0.0654006 0.0898802
763 0.0755235 0.00924404 0.0662795 0.0847675
764 0.0789661 0.0141535 0.0648126 0.0931196
765 0.076165 0.00935661 0.0668084 0.0855216
766 0.0724444 0.00833803 0.0641063 0.0807824
767 0.0744758 0.0126337 0.0618421 0.0871095
768 0.0784529 0.0172967 0.0611562 0.0957496
769 0.0784102 0.0146306 0.0637795 0.0930408
770 0.0771058 0.0140379 0.0630679 0.0911437
771 0.0775548 0.0147613 0.0627935 0.0923162
772 0.0761436 0.0120013 0.0641422 0.0881449
773 0.0823446 0.0269813 0.0553633 0.109326
774 0.0773624 0.0150433 0.0623191 0.0924057
775 0.0747751 0.0118979 0.0628773 0.086673
776 0.0746468 0.0114564 0.0631904 0.0861032
777 0.0722306 0.00915706 0.0630735 0.0813876
778 0.072423 0.00942998 0.062993 0.081853
779 0.0746896 0.0104019 0.0642876 0.0850915
780 0.0737701 0.00948627 0.0642838 0.0832564
781 0.0759084 0.0118171 0.0640913 0.0877255
782 0.0717388 0.0035777 0.0681611 0.0753165
783 0.0723375 0.0037018 0.0686357 0.0760393
784 0.0737274 0.00746668 0.0662607 0.0811941
785 0.0734708 0.00681916 0.0666516 0.0802899
786 0.0719098 0.00333808 0.0685718 0.0752479
787 0.0709476 0.00180883 0.0691388 0.0727564
788 0.0717388 0.00415259 0.0675862 0.0758914
789 0.0725299 0.00809769 0.0644322 0.0806276
790 0.072979 0.00859707 0.0643819 0.081576
791 0.0737915 0.00983648 0.063955 0.083628
792 0.0741122 0.00997457 0.0641377 0.0840868
793 0.073984 0.00924562 0.0647383 0.0832296
794 0.0738984 0.00868104 0.0652174 0.0825795
795 0.0755449 0.0102933 0.0652516 0.0858382
796 0.073706 0.00846847 0.0652375 0.0821744
797 0.0744971 0.0089036 0.0655935 0.0834007
798 0.0728721 0.00838505 0.064487 0.0812571
799 0.0735136 0.00507071 0.0684428 0.0785843
