# ../output/graphs/perf_parallel85BIPED_thread2
# step - mean (0.161971) - standard deviation (0.0276476) r=20 - ylow - yhigh
0 0.181667 0.0367116 0.144955 0.218379
1 0.164219 0.0160771 0.148142 0.180296
2 0.160648 0.0106539 0.149994 0.171302
3 0.160413 0.00897652 0.151436 0.169389
4 0.166143 0.0201267 0.146016 0.18627
5 0.171788 0.0256189 0.146169 0.197407
6 0.16563 0.0243323 0.141298 0.189962
7 0.165266 0.0248828 0.140384 0.190149
8 0.156863 0.00659834 0.150265 0.163461
9 0.158338 0.00767738 0.150661 0.166016
10 0.156628 0.00694443 0.149683 0.163572
11 0.157312 0.0120316 0.14528 0.169344
12 0.161161 0.0209691 0.140192 0.18213
13 0.162594 0.0195866 0.143007 0.18218
14 0.161161 0.0194797 0.141681 0.180641
15 0.157184 0.0122166 0.144967 0.1694
16 0.166143 0.0278561 0.138287 0.193999
17 0.169329 0.0353391 0.13399 0.204668
18 0.176407 0.0384898 0.137917 0.214897
19 0.169351 0.0307387 0.138612 0.200089
20 0.164411 0.0245349 0.139876 0.188946
21 0.16548 0.0256675 0.139813 0.191148
22 0.167533 0.0341453 0.133388 0.201678
23 0.164326 0.0243458 0.13998 0.188671
24 0.167341 0.0278661 0.139474 0.195207
25 0.157333 0.00921283 0.148121 0.166546
26 0.154618 0.00422593 0.150392 0.158844
27 0.154233 0.00523815 0.148995 0.159471
28 0.157291 0.0100799 0.147211 0.167371
29 0.159001 0.0110203 0.147981 0.170022
30 0.155345 0.00464526 0.1507 0.15999
31 0.157034 0.00639567 0.150638 0.16343
32 0.164005 0.0191312 0.144874 0.183136
33 0.160284 0.0179327 0.142352 0.178217
34 0.16702 0.026429 0.140591 0.193449
35 0.179122 0.0424003 0.136722 0.221523
36 0.1831 0.0373665 0.145733 0.220466
37 0.18821 0.0411376 0.147072 0.229348
38 0.181154 0.0453974 0.135756 0.226551
39 0.184147 0.0591933 0.124954 0.243341
40 0.17305 0.0368699 0.13618 0.20992
41 0.177583 0.0403361 0.137247 0.217919
42 0.175231 0.0340568 0.141174 0.209288
43 0.172066 0.0294908 0.142575 0.201557
44 0.160455 0.00802074 0.152435 0.168476
45 0.157697 0.00785633 0.149841 0.165553
46 0.157162 0.00704329 0.150119 0.164206
47 0.159472 0.0166312 0.142841 0.176103
48 0.159728 0.0132535 0.146475 0.172982
49 0.159728 0.00804795 0.15168 0.167776
50 0.154725 0.00457729 0.150148 0.159302
51 0.188531 0.128882 0.0596487 0.317413
52 0.159087 0.019097 0.13999 0.178184
53 0.155751 0.0208674 0.134884 0.176619
54 0.166956 0.0317923 0.135163 0.198748
55 0.160455 0.0264646 0.133991 0.18692
56 0.15806 0.0252389 0.132822 0.183299
57 0.163962 0.0308431 0.133119 0.194805
58 0.16672 0.0331428 0.133578 0.199863
59 0.164133 0.0286692 0.135464 0.192802
60 0.163748 0.0293673 0.134381 0.193116
61 0.156863 0.0187376 0.138125 0.175601
62 0.149614 0.00516784 0.144447 0.154782
63 0.149058 0.00488063 0.144178 0.153939
64 0.153335 0.00745085 0.145884 0.160786
65 0.158061 0.0240463 0.134014 0.182107
66 0.152544 0.00592587 0.146618 0.15847
67 0.15573 0.0193917 0.136338 0.175122
68 0.155452 0.0192442 0.136208 0.174696
69 0.156115 0.0194375 0.136677 0.175552
70 0.166849 0.0284584 0.13839 0.195307
71 0.159237 0.0195346 0.139702 0.178771
72 0.166378 0.050984 0.115394 0.217362
73 0.180683 0.0451812 0.135502 0.225865
74 0.174226 0.02858 0.145646 0.202806
75 0.171446 0.0262677 0.145178 0.197714
76 0.17243 0.0262412 0.146188 0.198671
77 0.170035 0.0230427 0.146992 0.193077
78 0.174803 0.0326702 0.142133 0.207473
79 0.171018 0.021124 0.149894 0.192142
80 0.173713 0.0312636 0.142449 0.204976
81 0.165438 0.020677 0.14476 0.186115
82 0.172472 0.0278277 0.144645 0.2003
83 0.174311 0.0257891 0.148522 0.2001
84 0.171318 0.0289197 0.142398 0.200237
85 0.169436 0.0225688 0.146867 0.192005
86 0.169308 0.0132861 0.156022 0.182594
87 0.161204 0.00406265 0.157141 0.165266
88 0.167319 0.0151179 0.152201 0.182437
89 0.175979 0.038721 0.137258 0.2147
90 0.176129 0.0310814 0.145047 0.20721
91 0.178331 0.0359948 0.142336 0.214326
92 0.17692 0.0319723 0.144948 0.208892
93 0.169971 0.0212383 0.148732 0.191209
94 0.166464 0.00927217 0.157192 0.175736
95 0.166443 0.0217917 0.144651 0.188234
96 0.165587 0.00832948 0.157258 0.173917
97 0.160327 0.00911201 0.151215 0.169439
98 0.162508 0.0140847 0.148423 0.176593
99 0.163171 0.0101269 0.153044 0.173298
100 0.163877 0.0213538 0.142523 0.18523
101 0.161845 0.0177409 0.144104 0.179586
102 0.190584 0.11542 0.0751632 0.306004
103 0.177775 0.0417903 0.135985 0.219566
104 0.170056 0.0284806 0.141576 0.198537
105 0.176685 0.0358791 0.140806 0.212564
106 0.168346 0.031134 0.137212 0.19948
107 0.169415 0.0338098 0.135605 0.203225
108 0.169671 0.0261917 0.14348 0.195863
109 0.168153 0.0251184 0.143035 0.193272
110 0.168666 0.0299306 0.138736 0.198597
111 0.168046 0.0262972 0.141749 0.194343
112 0.174568 0.029916 0.144652 0.204484
113 0.170762 0.026749 0.144013 0.197511
114 0.169008 0.0260449 0.142963 0.195053
115 0.163812 0.0192441 0.144568 0.183057
116 0.165694 0.0257209 0.139973 0.191415
117 0.169222 0.0220044 0.147218 0.191227
118 0.169244 0.0234648 0.145779 0.192708
119 0.163727 0.00737656 0.15635 0.171103
120 0.159728 0.00416275 0.155566 0.163891
121 0.17337 0.0343092 0.139061 0.20768
122 0.187526 0.0385425 0.148983 0.226068
123 0.18047 0.0352717 0.145198 0.215741
124 0.18697 0.0381917 0.148778 0.225162
125 0.188595 0.0428633 0.145732 0.231458
126 0.183955 0.0344178 0.149537 0.218373
127 0.177647 0.0328554 0.144792 0.210502
128 0.179443 0.027165 0.152278 0.206608
129 0.169436 0.0231046 0.146331 0.192541
130 0.174953 0.0257538 0.149199 0.200707
131 0.172109 0.0180434 0.154065 0.190152
132 0.168752 0.0214153 0.147337 0.190167
133 0.161888 0.00927769 0.15261 0.171166
134 0.17367 0.0205349 0.153135 0.194205
135 0.168324 0.0169582 0.151366 0.185282
136 0.166998 0.0234939 0.143505 0.190492
137 0.164112 0.0160497 0.148062 0.180162
138 0.158445 0.00751928 0.150926 0.165965
139 0.17213 0.0300529 0.142077 0.202183
140 0.169073 0.0244606 0.144612 0.193533
141 0.168752 0.0235339 0.145218 0.192286
142 0.164005 0.0175939 0.146411 0.181599
143 0.164368 0.0198913 0.144477 0.18426
144 0.166806 0.0241438 0.142662 0.19095
145 0.163855 0.0173362 0.146519 0.181191
146 0.167832 0.029449 0.138383 0.197281
147 0.181603 0.0491701 0.132433 0.230773
148 0.177733 0.0340255 0.143707 0.211758
149 0.167939 0.0233802 0.144559 0.191319
150 0.163171 0.0176022 0.145569 0.180773
151 0.159728 0.00521055 0.154518 0.164939
152 0.160862 0.00684681 0.154015 0.167708
153 0.169115 0.0240649 0.14505 0.19318
154 0.168581 0.0249859 0.143595 0.193567
155 0.168944 0.0240527 0.144892 0.192997
156 0.171938 0.0312799 0.140658 0.203218
157 0.171403 0.030955 0.140448 0.202358
158 0.190947 0.0657085 0.125239 0.256655
159 0.179571 0.0342539 0.145318 0.213825
160 0.183741 0.0339994 0.149742 0.21774
161 0.171596 0.0251531 0.146443 0.196749
162 0.1661 0.0221982 0.143902 0.188299
163 0.163363 0.0228988 0.140465 0.186262
164 0.175209 0.0286359 0.146574 0.203845
165 0.174055 0.0270603 0.146994 0.201115
166 0.175616 0.0343856 0.14123 0.210001
167 0.165587 0.0248332 0.140754 0.19042
168 0.157654 0.00637944 0.151275 0.164034
169 0.156778 0.00704836 0.149729 0.163826
170 0.156713 0.00635966 0.150354 0.163073
171 0.156093 0.00719171 0.148902 0.163285
172 0.159792 0.0132781 0.146514 0.173071
173 0.157013 0.00807152 0.148941 0.165084
174 0.161268 0.0190105 0.142257 0.180278
175 0.166015 0.0264041 0.139611 0.192419
176 0.163556 0.0275544 0.136001 0.19111
177 0.163342 0.025236 0.138106 0.188578
178 0.171061 0.0301667 0.140894 0.201228
179 0.168816 0.031098 0.137718 0.199914
180 0.171275 0.0395847 0.13169 0.21086
181 0.169629 0.0346106 0.135018 0.204239
182 0.168196 0.0237812 0.144415 0.191977
183 0.168003 0.0252378 0.142766 0.193241
184 0.16501 0.0265404 0.138469 0.19155
185 0.165438 0.027057 0.13838 0.192495
186 0.170847 0.0265646 0.144283 0.197412
187 0.166165 0.0238596 0.142305 0.190024
188 0.162893 0.023908 0.138985 0.186801
189 0.158766 0.00729759 0.151469 0.166064
190 0.155879 0.00877523 0.147104 0.164655
191 0.161225 0.0183408 0.142884 0.179566
192 0.16377 0.0178703 0.145899 0.18164
193 0.16779 0.025856 0.141934 0.193646
194 0.16424 0.0231733 0.141067 0.187413
195 0.168367 0.0264275 0.141939 0.194794
196 0.16362 0.0204677 0.143152 0.184088
197 0.165651 0.0239853 0.141666 0.189637
198 0.165566 0.023705 0.141861 0.189271
199 0.172387 0.0362691 0.136118 0.208656
200 0.170505 0.0306499 0.139855 0.201155
201 0.171574 0.0302192 0.141355 0.201794
202 0.16516 0.0258578 0.139302 0.191017
203 0.1661 0.0248225 0.141278 0.190923
204 0.16146 0.0180212 0.143439 0.179481
205 0.159985 0.0184744 0.141511 0.178459
206 0.162423 0.0223518 0.140071 0.184774
207 0.160113 0.0189819 0.141131 0.179095
208 0.164112 0.0239179 0.140194 0.18803
209 0.168559 0.0290355 0.139524 0.197595
210 0.170826 0.0288066 0.142019 0.199633
211 0.169308 0.0285613 0.140746 0.197869
212 0.166271 0.0234128 0.142859 0.189684
213 0.164946 0.0240153 0.14093 0.188961
214 0.159707 0.0179163 0.141791 0.177623
215 0.160242 0.0247264 0.135515 0.184968
216 0.169094 0.0351965 0.133897 0.20429
217 0.176706 0.0337839 0.142922 0.21049
218 0.173841 0.0377197 0.136121 0.211561
219 0.163684 0.019561 0.144123 0.183245
220 0.159536 0.0188897 0.140646 0.178426
221 0.156457 0.00732684 0.14913 0.163784
222 0.165715 0.0265932 0.139122 0.192309
223 0.156842 0.00578972 0.151052 0.162631
224 0.162187 0.00838118 0.153806 0.170569
225 0.15945 0.00752265 0.151928 0.166973
226 0.158659 0.0118915 0.146768 0.170551
227 0.165972 0.0272381 0.138734 0.19321
228 0.170997 0.027623 0.143374 0.19862
229 0.166549 0.026027 0.140522 0.192576
230 0.166442 0.0182926 0.14815 0.184735
231 0.160284 0.0160803 0.144204 0.176365
232 0.16238 0.0175796 0.1448 0.179959
233 0.162936 0.0188701 0.144066 0.181806
234 0.166549 0.0224363 0.144113 0.188986
235 0.167298 0.0262119 0.141086 0.19351
236 0.166785 0.0251382 0.141646 0.191923
237 0.168709 0.0304801 0.138229 0.199189
238 0.165673 0.0234825 0.14219 0.189155
239 0.16749 0.030374 0.137116 0.197864
240 0.167063 0.0283941 0.138668 0.195457
241 0.165331 0.0284951 0.136835 0.193826
242 0.167234 0.0310988 0.136135 0.198332
243 0.163085 0.0222734 0.140812 0.185359
244 0.172708 0.026746 0.145962 0.199454
245 0.174675 0.0287555 0.145919 0.20343
246 0.174375 0.0288112 0.145564 0.203187
247 0.179721 0.0392428 0.140478 0.218964
248 0.191482 0.0427191 0.148763 0.234201
249 0.186863 0.040023 0.14684 0.226886
250 0.185195 0.0395905 0.145605 0.224786
251 0.185131 0.0372443 0.147887 0.222375
252 0.172472 0.0212213 0.151251 0.193694
253 0.16811 0.0192225 0.148888 0.187333
254 0.16377 0.00573355 0.158036 0.169503
255 0.168046 0.0136223 0.154424 0.181668
256 0.173926 0.0227787 0.151148 0.196705
257 0.168196 0.0188348 0.149361 0.187031
258 0.166849 0.019225 0.147624 0.186074
259 0.16841 0.0196104 0.148799 0.18802
260 0.170484 0.0196238 0.15086 0.190108
261 0.170184 0.0191321 0.151052 0.189317
262 0.174247 0.0234869 0.15076 0.197734
263 0.169864 0.0237748 0.146089 0.193639
264 0.170783 0.0200296 0.150754 0.190813
265 0.169372 0.026769 0.142603 0.196141
266 0.165651 0.0185585 0.147093 0.18421
267 0.163663 0.0175989 0.146064 0.181262
268 0.162594 0.0202897 0.142304 0.182883
269 0.161247 0.0111743 0.150072 0.172421
270 0.166635 0.0322256 0.134409 0.198861
271 0.164817 0.0215026 0.143315 0.18632
272 0.163428 0.020258 0.14317 0.183685
273 0.16563 0.0277303 0.1379 0.19336
274 0.165566 0.0207803 0.144786 0.186346
275 0.168431 0.0294371 0.138994 0.197868
276 0.175316 0.034678 0.140638 0.209994
277 0.171938 0.0333702 0.138568 0.205308
278 0.17213 0.0282579 0.143872 0.200388
279 0.170163 0.0254774 0.144686 0.195641
280 0.172986 0.0298833 0.143102 0.202869
281 0.167854 0.0198444 0.148009 0.187698
282 0.167405 0.0213567 0.146048 0.188761
283 0.168003 0.0241672 0.143836 0.192171
284 0.16486 0.016524 0.148336 0.181384
285 0.158574 0.00424346 0.15433 0.162817
286 0.164646 0.0176191 0.147027 0.182265
287 0.169522 0.0288003 0.140721 0.198322
288 0.174397 0.0283291 0.146068 0.202726
289 0.172066 0.0305019 0.141564 0.202568
290 0.166656 0.0187939 0.147862 0.18545
291 0.168239 0.0209132 0.147325 0.189152
292 0.171874 0.0219469 0.149927 0.193821
293 0.163128 0.00918953 0.153939 0.172318
294 0.158467 0.0125314 0.145935 0.170998
295 0.160327 0.0213479 0.138979 0.181675
296 0.160562 0.019765 0.140797 0.180327
297 0.162102 0.0178514 0.14425 0.179953
298 0.159151 0.016992 0.142159 0.176143
299 0.153784 0.00699629 0.146788 0.16078
300 0.158488 0.0145404 0.143948 0.173029
301 0.153656 0.00509447 0.148561 0.15875
302 0.154832 0.00655367 0.148278 0.161385
303 0.152651 0.00481651 0.147834 0.157467
304 0.152266 0.00548408 0.146782 0.15775
305 0.157911 0.0270211 0.13089 0.184932
306 0.164368 0.0303418 0.134027 0.19471
307 0.164924 0.0294954 0.135429 0.19442
308 0.163449 0.0269993 0.13645 0.190448
309 0.161888 0.0231105 0.138778 0.184998
310 0.162423 0.0308624 0.13156 0.193285
311 0.166271 0.0355885 0.130683 0.20186
312 0.163 0.0294411 0.133559 0.192441
313 0.163192 0.0279315 0.135261 0.191124
314 0.166015 0.0303563 0.135659 0.196371
315 0.161589 0.0240933 0.137495 0.185682
316 0.159237 0.0240089 0.135228 0.183245
317 0.165865 0.029817 0.136048 0.195682
318 0.158531 0.0282199 0.130311 0.186751
319 0.1596 0.0304942 0.129106 0.190094
320 0.159728 0.0307522 0.128976 0.190481
321 0.159792 0.0308552 0.128937 0.190648
322 0.164604 0.0342322 0.130371 0.198836
323 0.174525 0.0361041 0.138421 0.210629
324 0.164582 0.0293907 0.135191 0.193973
325 0.168217 0.0335129 0.134704 0.20173
326 0.156735 0.0122091 0.144526 0.168944
327 0.162551 0.0303642 0.132187 0.192915
328 0.159686 0.00542701 0.154259 0.165113
329 0.16099 0.00782671 0.153163 0.168817
330 0.163021 0.0143462 0.148675 0.177368
331 0.158552 0.00654864 0.152004 0.165101
332 0.169115 0.0382914 0.130824 0.207407
333 0.166934 0.0288969 0.138037 0.195831
334 0.161589 0.0256514 0.135937 0.18724
335 0.157098 0.027624 0.129474 0.184722
336 0.16022 0.0303737 0.129846 0.190594
337 0.157975 0.0240387 0.133936 0.182014
338 0.155623 0.0372446 0.118378 0.192867
339 0.157034 0.02763 0.129404 0.184664
340 0.14893 0.024657 0.124273 0.173587
341 0.147968 0.0244796 0.123488 0.172447
342 0.149165 0.0249907 0.124175 0.174156
343 0.146193 0.0190353 0.127158 0.165228
344 0.143242 0.0050537 0.138189 0.148296
345 0.145701 0.0248871 0.120814 0.170588
346 0.141959 0.00833151 0.133628 0.150291
347 0.140976 0.0071653 0.13381 0.148141
348 0.150833 0.0259491 0.124884 0.176782
349 0.151624 0.0240953 0.127529 0.17572
350 0.160413 0.0344832 0.125929 0.194896
351 0.154233 0.0290506 0.125182 0.183284
352 0.152244 0.0251677 0.127077 0.177412
353 0.149315 0.0171266 0.132188 0.166442
354 0.144055 0.0169019 0.127153 0.160957
355 0.145659 0.0178129 0.127846 0.163471
356 0.151881 0.0169435 0.134937 0.168824
357 0.157697 0.0186497 0.139047 0.176347
358 0.163321 0.029436 0.133885 0.192757
359 0.151389 0.00696561 0.144423 0.158355
360 0.149486 0.00733082 0.142155 0.156817
361 0.14831 0.00427568 0.144034 0.152586
362 0.148695 0.00707388 0.141621 0.155769
363 0.153784 0.00876573 0.145018 0.16255
364 0.155516 0.0216357 0.13388 0.177152
365 0.154511 0.0224035 0.132108 0.176915
366 0.155815 0.0203637 0.135452 0.176179
367 0.159301 0.0258015 0.133499 0.185102
368 0.166742 0.0386729 0.128069 0.205415
369 0.165737 0.032053 0.133684 0.19779
370 0.161524 0.0287569 0.132768 0.190281
371 0.16161 0.0274808 0.134129 0.189091
372 0.162701 0.0310535 0.131647 0.193754
373 0.172002 0.0356637 0.136338 0.207666
374 0.164903 0.0316013 0.133302 0.196504
375 0.162658 0.0268565 0.135801 0.189514
376 0.153314 0.018145 0.135169 0.171459
377 0.156115 0.0182531 0.137862 0.174368
378 0.155815 0.0176959 0.138119 0.173511
379 0.1562 0.0241231 0.132077 0.180323
380 0.157975 0.0232988 0.134676 0.181274
381 0.150406 0.022511 0.127894 0.172917
382 0.150299 0.0172182 0.13308 0.167517
383 0.146728 0.0165103 0.130217 0.163238
384 0.150748 0.0187844 0.131963 0.169532
385 0.151304 0.032848 0.118456 0.184152
386 0.152373 0.0276394 0.124733 0.180012
387 0.152159 0.0248358 0.127323 0.176995
388 0.145038 0.00781361 0.137225 0.152852
389 0.144568 0.0066671 0.137901 0.151235
390 0.147091 0.0109928 0.136098 0.158084
391 0.153185 0.0218842 0.131301 0.175069
392 0.142408 0.00556279 0.136846 0.147971
393 0.154019 0.0307649 0.123254 0.184784
394 0.152865 0.028174 0.124691 0.181039
395 0.152458 0.0247387 0.12772 0.177197
396 0.146942 0.00793109 0.13901 0.154873
397 0.152822 0.0225444 0.130277 0.175366
398 0.154297 0.0304814 0.123816 0.184779
399 0.155174 0.0290377 0.126136 0.184212
400 0.159258 0.0324477 0.12681 0.191706
401 0.165074 0.0368398 0.128234 0.201914
402 0.166892 0.0350591 0.131832 0.201951
403 0.154019 0.0255722 0.128447 0.179591
404 0.149892 0.0175199 0.132372 0.167412
405 0.146599 0.0175263 0.129073 0.164126
406 0.154425 0.03434 0.120085 0.188765
407 0.155516 0.0189326 0.136583 0.174449
408 0.160904 0.0278437 0.133061 0.188748
409 0.159108 0.0306885 0.12842 0.189797
410 0.156072 0.0267714 0.129301 0.182843
411 0.159707 0.0346864 0.125021 0.194393
412 0.163877 0.0208037 0.143073 0.18468
413 0.159386 0.0192653 0.140121 0.178652
414 0.1596 0.0195758 0.140024 0.179176
415 0.155345 0.00512449 0.15022 0.160469
416 0.168859 0.024347 0.144512 0.193206
417 0.164539 0.0203168 0.144223 0.184856
418 0.161995 0.0191637 0.142831 0.181159
419 0.159921 0.0207292 0.139192 0.18065
420 0.161888 0.018261 0.143627 0.180149
421 0.168581 0.0329669 0.135614 0.201548
422 0.163706 0.0232863 0.140419 0.186992
423 0.167127 0.0304156 0.136711 0.197542
424 0.161931 0.0196149 0.142316 0.181546
425 0.15821 0.00686045 0.15135 0.165071
426 0.162252 0.0122986 0.149953 0.17455
427 0.157676 0.00479104 0.152885 0.162467
428 0.161375 0.021132 0.140243 0.182507
429 0.169864 0.0273215 0.142542 0.197185
430 0.177818 0.0321257 0.145692 0.209944
431 0.178224 0.0310883 0.147136 0.209313
432 0.172943 0.0292439 0.143699 0.202187
433 0.163363 0.0186983 0.144665 0.182062
434 0.164155 0.0177871 0.146367 0.181942
435 0.166592 0.0238308 0.142761 0.190423
436 0.166614 0.0237324 0.142881 0.190346
437 0.166635 0.0242839 0.142351 0.190919
438 0.171189 0.0307295 0.14046 0.201919
439 0.166592 0.0252835 0.141309 0.191876
440 0.173884 0.0368215 0.137062 0.210705
441 0.172173 0.0319661 0.140207 0.204139
442 0.166699 0.024439 0.14226 0.191138
443 0.17089 0.0327417 0.138148 0.203632
444 0.169586 0.0298511 0.139735 0.199437
445 0.179593 0.0497433 0.12985 0.229336
446 0.166742 0.0293838 0.137358 0.196126
447 0.164026 0.0291622 0.134864 0.193188
448 0.174397 0.0351609 0.139236 0.209558
449 0.160327 0.0211746 0.139152 0.181502
450 0.167212 0.0247123 0.1425 0.191925
451 0.156799 0.0179768 0.138822 0.174776
452 0.15913 0.0179262 0.141203 0.177056
453 0.163171 0.0312282 0.131943 0.194399
454 0.175509 0.0372948 0.138214 0.212804
455 0.164347 0.0340056 0.130341 0.198353
456 0.171638 0.0394521 0.132186 0.211091
457 0.153506 0.0204758 0.13303 0.173982
458 0.156927 0.0279743 0.128953 0.184902
459 0.154725 0.0284589 0.126266 0.183184
460 0.162936 0.0318054 0.13113 0.194741
461 0.16099 0.0336904 0.1273 0.19468
462 0.160541 0.0354109 0.12513 0.195952
463 0.158061 0.0276511 0.130409 0.185712
464 0.159237 0.0270164 0.13222 0.186253
465 0.154939 0.0250949 0.129844 0.180034
466 0.150555 0.0176142 0.132941 0.168169
467 0.146514 0.00644525 0.140069 0.152959
468 0.151902 0.0189555 0.132947 0.170858
469 0.149956 0.0164295 0.133527 0.166386
470 0.154383 0.0279212 0.126462 0.182304
471 0.155986 0.0333039 0.122682 0.18929
472 0.162551 0.0337927 0.128758 0.196344
473 0.181859 0.0559809 0.125879 0.23784
474 0.163684 0.0311676 0.132517 0.194852
475 0.155324 0.0282123 0.127111 0.183536
476 0.148438 0.0072926 0.141146 0.155731
477 0.146621 0.00805109 0.13857 0.154672
478 0.14367 0.00435592 0.139314 0.148026
479 0.147433 0.0190322 0.128401 0.166466
480 0.165758 0.0324857 0.133273 0.198244
481 0.162679 0.0351809 0.127498 0.19786
482 0.155238 0.0263713 0.128867 0.181609
483 0.149486 0.0257255 0.123761 0.175212
484 0.161717 0.0376386 0.124078 0.199356
485 0.156029 0.0288443 0.127185 0.184873
486 0.165053 0.0334433 0.131609 0.198496
487 0.155152 0.0262823 0.12887 0.181435
488 0.163727 0.033481 0.130246 0.197208
489 0.164026 0.0353047 0.128722 0.199331
490 0.166614 0.0336809 0.132933 0.200294
491 0.160413 0.0287769 0.131636 0.18919
492 0.160284 0.0238309 0.136453 0.184115
493 0.167725 0.0368573 0.130868 0.204583
494 0.166549 0.0314642 0.135085 0.198014
495 0.172686 0.0326178 0.140068 0.205304
496 0.175188 0.0343819 0.140806 0.20957
497 0.158659 0.00584961 0.15281 0.164509
498 0.157162 0.00537466 0.151788 0.162537
499 0.159878 0.005738 0.15414 0.165616
500 0.157783 0.00572716 0.152055 0.16351
501 0.157889 0.0203693 0.13752 0.178259
502 0.154425 0.0207735 0.133652 0.175199
503 0.162487 0.0299426 0.132544 0.192429
504 0.161867 0.0292308 0.132636 0.191097
505 0.166827 0.0335807 0.133247 0.200408
506 0.166186 0.0312039 0.134982 0.19739
507 0.15697 0.0222866 0.134683 0.179257
508 0.160819 0.0259855 0.134833 0.186804
509 0.163748 0.0316957 0.132053 0.195444
510 0.16146 0.028399 0.133061 0.189859
511 0.151881 0.0170881 0.134793 0.168969
512 0.155302 0.0266762 0.128626 0.181978
513 0.151945 0.00954738 0.142398 0.161492
514 0.154147 0.00994831 0.144199 0.164096
515 0.157611 0.0206311 0.13698 0.178243
516 0.151411 0.00678402 0.144627 0.158195
517 0.149679 0.00567991 0.143999 0.155358
518 0.155131 0.0149586 0.140172 0.17009
519 0.154597 0.0204289 0.134168 0.175025
520 0.154661 0.0192521 0.135409 0.173913
521 0.160242 0.034247 0.125995 0.194489
522 0.160135 0.0319295 0.128205 0.192064
523 0.155922 0.0233639 0.132558 0.179286
524 0.165309 0.0322923 0.133017 0.197602
525 0.168624 0.0310642 0.137559 0.199688
526 0.163599 0.0255526 0.138046 0.189151
527 0.169329 0.0311422 0.138187 0.200471
528 0.172173 0.0340446 0.138128 0.206218
529 0.176001 0.0381548 0.137846 0.214155
530 0.177262 0.0368659 0.140396 0.214128
531 0.170569 0.0292704 0.141299 0.19984
532 0.177968 0.0399257 0.138042 0.217894
533 0.164219 0.0212647 0.142954 0.185483
534 0.165181 0.0270738 0.138107 0.192255
535 0.164689 0.0296579 0.135031 0.194347
536 0.172622 0.0429305 0.129692 0.215553
537 0.169265 0.0253467 0.143918 0.194612
538 0.170441 0.0313905 0.139051 0.201832
539 0.166464 0.0267144 0.139749 0.193178
540 0.166442 0.0266094 0.139833 0.193052
541 0.168666 0.0290805 0.139586 0.197747
542 0.161952 0.0184947 0.143457 0.180447
543 0.164539 0.0249556 0.139584 0.189495
544 0.158403 0.0065298 0.151873 0.164932
545 0.161225 0.0199082 0.141317 0.181133
546 0.161653 0.0176388 0.144014 0.179292
547 0.170826 0.0342372 0.136589 0.205063
548 0.16687 0.0268038 0.140066 0.193674
549 0.181453 0.0403595 0.141094 0.221813
550 0.163791 0.0259596 0.137831 0.189751
551 0.156157 0.0181444 0.138013 0.174302
552 0.15017 0.00596307 0.144207 0.156133
553 0.151496 0.0127859 0.13871 0.164282
554 0.156307 0.0199318 0.136375 0.176239
555 0.14754 0.0176621 0.129878 0.165202
556 0.146557 0.0190817 0.127475 0.165638
557 0.152116 0.0249249 0.127191 0.177041
558 0.154981 0.0279975 0.126984 0.182979
559 0.152608 0.0298428 0.122765 0.182451
560 0.15573 0.0357607 0.119969 0.19149
561 0.147198 0.018495 0.128703 0.165693
562 0.155794 0.0300638 0.12573 0.185858
563 0.147989 0.0181137 0.129876 0.166103
564 0.151111 0.0240573 0.127054 0.175168
565 0.15094 0.0243257 0.126614 0.175266
566 0.151795 0.0244146 0.127381 0.17621
567 0.153741 0.0193578 0.134383 0.173099
568 0.145274 0.00570255 0.139571 0.150976
569 0.148331 0.0197297 0.128602 0.168061
570 0.146407 0.0187155 0.127691 0.165122
571 0.156799 0.0300957 0.126703 0.186895
572 0.166635 0.0372837 0.129351 0.203919
573 0.167405 0.0310172 0.136387 0.198422
574 0.165331 0.0252614 0.140069 0.190592
575 0.168474 0.0351965 0.133277 0.20367
576 0.163577 0.0195056 0.144072 0.183083
577 0.164176 0.0279732 0.136203 0.192149
578 0.160797 0.0208526 0.139945 0.18165
579 0.171168 0.0344277 0.13674 0.205596
580 0.170056 0.0312802 0.138776 0.201336
581 0.178716 0.0367908 0.141925 0.215507
582 0.175723 0.038291 0.137432 0.214014
583 0.163941 0.0265621 0.137379 0.190503
584 0.168153 0.0263174 0.141836 0.19447
585 0.156991 0.00772253 0.149269 0.164714
586 0.160434 0.00967882 0.150755 0.170113
587 0.168538 0.0317011 0.136837 0.200239
588 0.167576 0.0298795 0.137696 0.197455
589 0.183271 0.0547407 0.12853 0.238011
590 0.169115 0.0303337 0.138782 0.199449
591 0.166143 0.0183216 0.147822 0.184465
592 0.162294 0.00663827 0.155656 0.168933
593 0.183698 0.0584527 0.125246 0.242151
594 0.177668 0.0303409 0.147327 0.208009
595 0.171596 0.0255456 0.14605 0.197141
596 0.166036 0.0188361 0.1472 0.184872
597 0.163492 0.00774996 0.155742 0.171242
598 0.169735 0.0212302 0.148505 0.190966
599 0.169351 0.0266205 0.14273 0.195971
600 0.168089 0.0236711 0.144418 0.19176
601 0.180555 0.0424195 0.138136 0.222975
602 0.172301 0.029512 0.142789 0.201813
603 0.173071 0.0278671 0.145204 0.200938
604 0.165138 0.0183733 0.146765 0.183511
605 0.164048 0.0180955 0.145952 0.182143
606 0.169329 0.0225606 0.146769 0.19189
607 0.172558 0.0411689 0.131389 0.213727
608 0.184425 0.0349952 0.14943 0.219421
609 0.178224 0.0347679 0.143456 0.212992
610 0.188146 0.0426991 0.145447 0.230845
611 0.192102 0.0509145 0.141187 0.243016
612 0.190391 0.03864 0.151751 0.229031
613 0.172451 0.0245917 0.147859 0.197043
614 0.167725 0.0158004 0.151925 0.183526
615 0.16022 0.00572205 0.154498 0.165942
616 0.159899 0.00587753 0.154022 0.165777
617 0.165694 0.0193507 0.146343 0.185045
618 0.168025 0.020546 0.147479 0.188571
619 0.163534 0.022942 0.140592 0.186477
620 0.164967 0.0262604 0.138707 0.191228
621 0.159343 0.0193233 0.14002 0.178667
622 0.158167 0.0176959 0.140472 0.175863
623 0.156713 0.0180764 0.138637 0.17479
624 0.159985 0.0239149 0.13607 0.1839
625 0.155324 0.0176609 0.137663 0.172984
626 0.16424 0.027199 0.137041 0.191439
627 0.160605 0.0239411 0.136664 0.184546
628 0.165566 0.0250782 0.140488 0.190644
629 0.157569 0.0175648 0.140004 0.175133
630 0.160049 0.0266921 0.133357 0.186741
631 0.163898 0.0290152 0.134883 0.192913
632 0.166913 0.0325621 0.134351 0.199475
633 0.165758 0.0351143 0.130644 0.200873
634 0.161268 0.0241334 0.137135 0.185401
635 0.159023 0.0168428 0.14218 0.175866
636 0.158745 0.0187235 0.140021 0.177468
637 0.155879 0.0176334 0.138246 0.173513
638 0.156628 0.0175832 0.139045 0.174211
639 0.156863 0.0183988 0.138464 0.175262
640 0.162123 0.0186987 0.143424 0.180822
641 0.16161 0.029184 0.132426 0.190794
642 0.154297 0.026127 0.12817 0.180424
643 0.152715 0.0246837 0.128031 0.177399
644 0.157483 0.0239558 0.133527 0.181439
645 0.156564 0.032221 0.124343 0.188785
646 0.149507 0.0194229 0.130085 0.16893
647 0.161524 0.0346542 0.12687 0.196179
648 0.163599 0.0362443 0.127354 0.199843
649 0.15481 0.0247636 0.130047 0.179574
650 0.150277 0.0187234 0.131554 0.169001
651 0.147284 0.00715525 0.140128 0.154439
652 0.14908 0.00964204 0.139438 0.158722
653 0.15357 0.0185307 0.135039 0.172101
654 0.150812 0.0175391 0.133273 0.168351
655 0.157611 0.0282524 0.129359 0.185864
656 0.152672 0.0189074 0.133765 0.171579
657 0.149016 0.0167411 0.132275 0.165757
658 0.149016 0.00811241 0.140903 0.157128
659 0.144718 0.00481636 0.139901 0.149534
660 0.146407 0.00629721 0.14011 0.152704
661 0.149743 0.0179616 0.131781 0.167704
662 0.160733 0.023129 0.137604 0.183862
663 0.164732 0.0321345 0.132597 0.196866
664 0.163641 0.027243 0.136398 0.190884
665 0.173862 0.0333252 0.140537 0.207188
666 0.168196 0.0268211 0.141375 0.195017
667 0.164283 0.0195916 0.144691 0.183874
668 0.149016 0.00677593 0.14224 0.155792
669 0.150769 0.0104836 0.140285 0.161253
670 0.149486 0.0061461 0.14334 0.155632
671 0.166571 0.0314912 0.13508 0.198062
672 0.163834 0.0308408 0.132993 0.194675
673 0.155131 0.0305656 0.124565 0.185697
674 0.158937 0.0327548 0.126182 0.191692
675 0.15186 0.027117 0.124743 0.178977
676 0.156756 0.0292064 0.12755 0.185963
677 0.150855 0.0249527 0.125902 0.175807
678 0.150748 0.023467 0.127281 0.174215
679 0.149507 0.0180621 0.131445 0.16757
680 0.149101 0.0180027 0.131098 0.167104
681 0.147177 0.0156431 0.131534 0.16282
682 0.150149 0.0214317 0.128717 0.171581
683 0.147904 0.019505 0.128399 0.167409
684 0.15109 0.0247552 0.126335 0.175845
685 0.14645 0.0178601 0.12859 0.16431
686 0.144932 0.0176087 0.127323 0.16254
687 0.146813 0.0182057 0.128608 0.165019
688 0.155174 0.0344353 0.120739 0.189609
689 0.150149 0.0228104 0.127339 0.172959
690 0.155623 0.0305198 0.125103 0.186143
691 0.1596 0.0274577 0.132142 0.187058
692 0.16285 0.0242225 0.138628 0.187073
693 0.152693 0.00668627 0.146007 0.15938
694 0.156072 0.0205186 0.135553 0.176591
695 0.155259 0.0222061 0.133053 0.177465
696 0.1664 0.0360456 0.130354 0.202445
697 0.161546 0.0269315 0.134614 0.188477
698 0.158531 0.0243669 0.134164 0.182898
699 0.159237 0.0232249 0.136012 0.182461
700 0.158082 0.0253351 0.132747 0.183417
701 0.158296 0.0349035 0.123392 0.193199
702 0.166293 0.0316398 0.134653 0.197933
703 0.16223 0.0282547 0.133975 0.190485
704 0.162016 0.0306574 0.131359 0.192674
705 0.156884 0.0218167 0.135068 0.178701
706 0.155024 0.0205378 0.134486 0.175562
707 0.155302 0.0198945 0.135408 0.175197
708 0.152929 0.00936785 0.143561 0.162297
709 0.153976 0.0215838 0.132393 0.17556
710 0.151774 0.00873073 0.143043 0.160505
711 0.154532 0.0209556 0.133577 0.175488
712 0.155965 0.0289714 0.126994 0.184936
713 0.149315 0.0196303 0.129685 0.168945
714 0.146492 0.0110955 0.135397 0.157588
715 0.144076 0.00882447 0.135252 0.152901
716 0.145552 0.023889 0.121663 0.169441
717 0.143349 0.00647099 0.136878 0.14982
718 0.158232 0.0381585 0.120073 0.19639
719 0.153356 0.0288491 0.124507 0.182205
720 0.159985 0.0324915 0.127493 0.192476
721 0.154618 0.0236545 0.130963 0.178272
722 0.147433 0.0175217 0.129912 0.164955
723 0.144397 0.0063536 0.138043 0.150751
724 0.146664 0.0180667 0.128597 0.16473
725 0.158296 0.0344547 0.123841 0.19275
726 0.156393 0.0296244 0.126768 0.186017
727 0.15975 0.0325919 0.127158 0.192342
728 0.154746 0.0310003 0.123746 0.185747
729 0.1596 0.0337243 0.125876 0.193324
730 0.151197 0.0234814 0.127715 0.174678
731 0.156179 0.0276942 0.128485 0.183873
732 0.151881 0.0247305 0.12715 0.176611
733 0.152501 0.0262167 0.126284 0.178718
734 0.149721 0.0240019 0.125719 0.173723
735 0.147904 0.0194482 0.128456 0.167352
736 0.151239 0.0209983 0.130241 0.172238
737 0.151667 0.0109376 0.140729 0.162605
738 0.146215 0.00569422 0.14052 0.151909
739 0.149593 0.0132404 0.136353 0.162833
740 0.14846 0.00842406 0.140036 0.156884
741 0.159899 0.0205349 0.139365 0.180434
742 0.157077 0.0193212 0.137756 0.176398
743 0.158317 0.0274973 0.13082 0.185814
744 0.156521 0.0199008 0.13662 0.176422
745 0.161311 0.0217845 0.139526 0.183095
746 0.152052 0.00803085 0.144021 0.160083
747 0.150234 0.0106417 0.139593 0.160876
748 0.161375 0.0307456 0.130629 0.19212
749 0.156713 0.0274233 0.12929 0.184137
750 0.159985 0.0277134 0.132272 0.187698
751 0.153399 0.0204367 0.132962 0.173836
752 0.14955 0.00765856 0.141892 0.157209
753 0.155302 0.0214749 0.133827 0.176777
754 0.151453 0.0068535 0.1446 0.158307
755 0.149272 0.00708083 0.142191 0.156353
756 0.160776 0.0314985 0.129278 0.192275
757 0.153164 0.0195612 0.133603 0.172725
758 0.15171 0.0188642 0.132846 0.170574
759 0.154383 0.0201873 0.134195 0.17457
760 0.152415 0.0196252 0.13279 0.172041
761 0.15945 0.0281178 0.131333 0.187568
762 0.163898 0.0305207 0.133377 0.194419
763 0.162358 0.0260922 0.136266 0.188451
764 0.154126 0.0192565 0.13487 0.173383
765 0.151346 0.0192481 0.132098 0.170594
766 0.152779 0.0274372 0.125342 0.180216
767 0.14831 0.0203235 0.127987 0.168633
768 0.154105 0.0203319 0.133773 0.174437
769 0.145573 0.00708071 0.138492 0.152654
770 0.146236 0.00660093 0.139635 0.152837
771 0.151517 0.0132407 0.138277 0.164758
772 0.153677 0.0204704 0.133207 0.174147
773 0.154597 0.0246951 0.129901 0.179292
774 0.153677 0.0244938 0.129183 0.178171
775 0.154832 0.0253925 0.129439 0.180224
776 0.163363 0.0404942 0.122869 0.203858
777 0.151453 0.0181973 0.133256 0.169651
778 0.151475 0.0221822 0.129292 0.173657
779 0.145423 0.00588311 0.13954 0.151306
780 0.147497 0.0151879 0.13231 0.162685
781 0.154297 0.0214815 0.132816 0.175779
782 0.148139 0.0176359 0.130503 0.165775
783 0.147262 0.0170811 0.130181 0.164343
784 0.14893 0.0173597 0.13157 0.16629
785 0.157333 0.0290445 0.128289 0.186378
786 0.159172 0.0325268 0.126646 0.191699
787 0.15295 0.0241812 0.128769 0.177131
788 0.156307 0.0256447 0.130662 0.181952
789 0.1664 0.0370743 0.129325 0.203474
790 0.163706 0.0336725 0.130033 0.197378
791 0.159408 0.0306386 0.128769 0.190046
792 0.157398 0.0283707 0.129027 0.185768
793 0.152608 0.018977 0.133631 0.171585
794 0.154062 0.0197805 0.134282 0.173842
795 0.149465 0.018431 0.131034 0.167896
796 0.147262 0.00668874 0.140574 0.153951
797 0.155174 0.0234463 0.131728 0.17862
798 0.156521 0.0265331 0.129988 0.183054
799 0.155751 0.0245126 0.131239 0.180264
