# ../output/graphs/perf_parallel14BIPED_thread4
# step - mean (0.0221282) - standard deviation (0.00871143) r=5 - ylow - yhigh
0 0.0831357 0.0700216 0.0131141 0.153157
1 0.0342122 0.0151874 0.0190248 0.0493996
2 0.0236064 0.000498711 0.0231077 0.0241052
3 0.023863 0.000498683 0.0233643 0.0243617
4 0.023692 0.000209533 0.0234825 0.0239015
5 0.0237776 0.000580095 0.0231975 0.0243576
6 0.0243762 0.00089705 0.0234792 0.0252733
7 0.0239485 0.000468448 0.0234801 0.024417
8 0.0245473 0.00188558 0.0226617 0.0264329
9 0.0236064 0.000320044 0.0232864 0.0239265
10 0.0240341 0.000628513 0.0234056 0.0246626
11 0.0227512 0.00156311 0.0211881 0.0243143
12 0.0225801 0.00174029 0.0208398 0.0243204
13 0.0213827 0.00293807 0.0184446 0.0243207
14 0.0221524 0.00275031 0.0194021 0.0249027
15 0.0213826 0.00336735 0.0180153 0.02475
16 0.020955 0.00386312 0.0170918 0.0248181
17 0.0228366 0.00340623 0.0194304 0.0262429
18 0.0211261 0.00337389 0.0177522 0.0244999
19 0.0246328 0.00694114 0.0176917 0.0315739
20 0.020955 0.00394738 0.0170076 0.0249024
21 0.020955 0.003738 0.017217 0.024693
22 0.0207839 0.0039437 0.0168402 0.0247276
23 0.020955 0.00373799 0.017217 0.024693
24 0.0284817 0.018145 0.0103367 0.0466267
25 0.0206984 0.00400812 0.0166903 0.0247065
26 0.0226656 0.00334556 0.01932 0.0260111
27 0.0204418 0.00378079 0.016661 0.0242226
28 0.020955 0.00405704 0.016898 0.025012
29 0.020784 0.00394367 0.0168403 0.0247276
30 0.0204418 0.00360244 0.0168394 0.0240443
31 0.0206984 0.00347005 0.0172284 0.0241685
32 0.0218958 0.0031239 0.0187719 0.0250197
33 0.0211261 0.00398979 0.0171363 0.0251158
34 0.0192444 0.00369865 0.0155457 0.022943
35 0.0201852 0.00366285 0.0165223 0.023848
36 0.0195009 0.00398981 0.0155111 0.0234908
37 0.020955 0.00405705 0.016898 0.0250121
38 0.0207839 0.00371447 0.0170695 0.0244984
39 0.0212116 0.00394365 0.0172679 0.0251552
40 0.0213827 0.00430211 0.0170805 0.0256848
41 0.0223235 0.00186214 0.0204614 0.0241856
42 0.0213827 0.0030957 0.018287 0.0244784
43 0.0210405 0.00331698 0.0177235 0.0243575
44 0.0212116 0.00307908 0.0181325 0.0242907
45 0.022238 0.00205985 0.0201781 0.0242978
46 0.0213827 0.00302393 0.0183587 0.0244066
47 0.0227511 0.00372232 0.0190288 0.0264735
48 0.0252315 0.00878514 0.0164464 0.0340167
49 0.0215537 0.00359433 0.0179594 0.025148
50 0.0222379 0.00314256 0.0190954 0.0253805
51 0.0199286 0.00316118 0.0167674 0.0230898
52 0.0205274 0.00375749 0.0167699 0.0242848
53 0.0192444 0.00309568 0.0161487 0.0223401
54 0.0198431 0.00325243 0.0165906 0.0230955
55 0.0201852 0.00481864 0.0153665 0.0250038
56 0.0213827 0.0038536 0.0175291 0.0252363
57 0.0174482 0.00277679 0.0146714 0.020225
58 0.018218 0.00275293 0.0154651 0.020971
59 0.0175338 0.0027182 0.0148156 0.020252
60 0.0184746 0.00262791 0.0158467 0.0211025
61 0.0183036 0.00266929 0.0156343 0.0209729
62 0.0193299 0.00352027 0.0158097 0.0228502
63 0.0193299 0.00392326 0.0154066 0.0232531
64 0.0200142 0.00293062 0.0170835 0.0229448
65 0.0198431 0.00289541 0.0169477 0.0227385
66 0.0203563 0.00347007 0.0168862 0.0238264
67 0.019501 0.00370462 0.0157963 0.0232056
68 0.0203562 0.00306721 0.017289 0.0234234
69 0.0195009 0.00322984 0.0162711 0.0227308
70 0.0207839 0.00260275 0.0181812 0.0233867
71 0.0200142 0.00271009 0.0173041 0.0227243
72 0.0202708 0.00364486 0.0166259 0.0239156
73 0.0215537 0.00367483 0.0178789 0.0252285
74 0.0229222 0.00399897 0.0189233 0.0269212
75 0.0218958 0.00304083 0.018855 0.0249366
76 0.0229222 0.00520689 0.0177153 0.0281291
77 0.0232643 0.00254584 0.0207185 0.0258101
78 0.0206984 0.00367485 0.0170235 0.0243732
79 0.0207839 0.00377303 0.0170109 0.024557
80 0.0206129 0.00370261 0.0169103 0.0243155
81 0.0206128 0.00372228 0.0168906 0.0243351
82 0.0206129 0.0035099 0.017103 0.0241228
83 0.0195865 0.00305286 0.0165337 0.0226394
84 0.0195009 0.00312629 0.0163746 0.0226272
85 0.0244617 0.00354101 0.0209207 0.0280028
86 0.022238 0.00480796 0.01743 0.0270459
87 0.0223235 0.00513468 0.0171888 0.0274582
88 0.022238 0.00389136 0.0183466 0.0261293
89 0.021126 0.00417789 0.0169481 0.0253039
90 0.0218958 0.00453721 0.0173586 0.026433
91 0.0215537 0.00438295 0.0171707 0.0259366
92 0.0213827 0.00458207 0.0168006 0.0259647
93 0.020955 0.00429359 0.0166614 0.0252486
94 0.0230932 0.00421623 0.018877 0.0273095
95 0.0210405 0.00375168 0.0172888 0.0247922
96 0.0220669 0.00438299 0.0176839 0.0264499
97 0.0218103 0.00617953 0.0156307 0.0279898
98 0.0205274 0.00443606 0.0160913 0.0249634
99 0.0205273 0.00429361 0.0162337 0.0248209
100 0.0185601 0.00383076 0.0147294 0.0223909
101 0.0185601 0.00326367 0.0152965 0.0218238
102 0.0186456 0.00364488 0.0150008 0.0222905
103 0.0185601 0.00348058 0.0150796 0.0220407
104 0.0230932 0.00363883 0.0194544 0.026732
105 0.0201852 0.0038479 0.0163373 0.0240331
106 0.0225801 0.00348898 0.0190911 0.0260691
107 0.0214681 0.00427141 0.0171967 0.0257396
108 0.0203562 0.00403537 0.0163209 0.0243916
109 0.023863 0.00277678 0.0210863 0.0266398
110 0.0220669 0.00327485 0.018792 0.0253417
111 0.0262579 0.0107292 0.0155287 0.0369871
112 0.0220669 0.00334119 0.0187257 0.0254081
113 0.0239485 0.00654741 0.0174011 0.030496
114 0.0226656 0.00435281 0.0183128 0.0270184
115 0.0215537 0.00327486 0.0182789 0.0248286
116 0.0232643 0.00333021 0.0199341 0.0265945
117 0.0229222 0.00319568 0.0197265 0.0261179
118 0.0226656 0.00309569 0.0195699 0.0257613
119 0.0249749 0.00159096 0.023384 0.0265659
120 0.022409 0.00271279 0.0196962 0.0251218
121 0.0220669 0.0030312 0.0190357 0.0250981
122 0.0249749 0.00590471 0.0190702 0.0308796
123 0.0229222 0.00638106 0.0165411 0.0293032
124 0.0220669 0.00371443 0.0183524 0.0257813
125 0.0233499 0.00370461 0.0196453 0.0270545
126 0.0292515 0.0137425 0.015509 0.042994
127 0.0241196 0.00174449 0.0223751 0.0258641
128 0.0258303 0.00213996 0.0236903 0.0279702
129 0.0233499 0.00277939 0.0205705 0.0261293
130 0.0228367 0.00337381 0.0194628 0.0262105
131 0.0226656 0.0032457 0.0194199 0.0259113
132 0.0264289 0.00799334 0.0184356 0.0344223
133 0.0231788 0.0038097 0.0193691 0.0269885
134 0.0230077 0.00326139 0.0197463 0.0262691
135 0.0224945 0.00292057 0.0195739 0.0254151
136 0.024975 0.00184633 0.0231286 0.0268213
137 0.0233499 0.00184633 0.0215035 0.0251962
138 0.0230933 0.00193155 0.0211617 0.0250248
139 0.0225801 0.00317039 0.0194097 0.0257505
140 0.0230933 0.00330152 0.0197917 0.0263948
141 0.0212972 0.003317 0.0179802 0.0246142
142 0.020955 0.00349527 0.0174597 0.0244503
143 0.0208695 0.0037808 0.0170887 0.0246503
144 0.0208694 0.00360246 0.017267 0.0244719
145 0.0222379 0.00495042 0.0172875 0.0271884
146 0.0214682 0.00379048 0.0176777 0.0252587
147 0.0216392 0.0030791 0.0185601 0.0247183
148 0.0208695 0.00377111 0.0170984 0.0246406
149 0.0200997 0.00335646 0.0167432 0.0234562
150 0.0200141 0.00344678 0.0165674 0.0234609
151 0.0203563 0.00318419 0.0171721 0.0235405
152 0.0205273 0.00351614 0.0170112 0.0240434
153 0.0202707 0.00319568 0.0170751 0.0234664
154 0.023692 0.00812137 0.0155706 0.0318133
155 0.0198431 0.003363 0.0164801 0.0232061
156 0.019501 0.00347004 0.016031 0.022971
157 0.0195865 0.0035719 0.0160146 0.0231584
158 0.019501 0.00364485 0.0158561 0.0231458
159 0.0191588 0.00374189 0.0154169 0.0229007
160 0.0224945 0.00410726 0.0183873 0.0266018
161 0.0216393 0.00372427 0.017915 0.0253635
162 0.0292514 0.0180135 0.011238 0.0472649
163 0.0224089 0.00510753 0.0173014 0.0275165
164 0.0224945 0.00426453 0.01823 0.026759
165 0.0230933 0.00396588 0.0191274 0.0270592
166 0.0230077 0.00388573 0.0191219 0.0268934
167 0.0235209 0.00395667 0.0195642 0.0274776
168 0.0228367 0.00356366 0.019273 0.0264003
169 0.0227511 0.00332798 0.0194232 0.0260791
170 0.0231788 0.00208456 0.0210942 0.0252633
171 0.0248038 0.00179409 0.0230098 0.0265979
172 0.0244617 0.00091321 0.0235485 0.0253749
173 0.0242907 0.000829221 0.0234615 0.0251199
174 0.0243762 0.00046849 0.0239077 0.0248447
175 0.0241196 0.000694907 0.0234247 0.0248145
176 0.0241196 0.000580126 0.0235395 0.0246998
177 0.0242051 0.000513182 0.023692 0.0247183
178 0.0248038 0.000811412 0.0239924 0.0256153
179 0.0245473 0.000580106 0.0239672 0.0251274
180 0.0244617 0.000498731 0.023963 0.0249605
181 0.0247184 0.000320006 0.0243984 0.0250384
182 0.0260868 0.0027978 0.023289 0.0288846
183 0.0242052 0.00149616 0.022709 0.0257014
184 0.023863 0.00241008 0.021453 0.0262731
185 0.0260013 0.00285473 0.0231466 0.028856
186 0.0324161 0.0165085 0.0159076 0.0489247
187 0.0250605 0.0011974 0.0238631 0.0262579
188 0.0265145 0.00430211 0.0222124 0.0308166
189 0.0249749 0.00074562 0.0242293 0.0257205
190 0.0245473 0.000640076 0.0239072 0.0251874
191 0.0248894 0.000913225 0.0239762 0.0258026
192 0.0246328 0.00284447 0.0217884 0.0274773
193 0.0213826 0.00405708 0.0173256 0.0254397
194 0.0262579 0.0118626 0.0143953 0.0381205
195 0.0223235 0.00376142 0.0185621 0.0260849
196 0.0219814 0.00388763 0.0180938 0.025869
197 0.0226656 0.00316577 0.0194998 0.0258313
198 0.0232643 0.00245814 0.0208061 0.0257224
199 0.0219814 0.00374387 0.0182375 0.0257253
200 0.0231788 0.00368275 0.019496 0.0268615
201 0.0230933 0.00352648 0.0195668 0.0266197
202 0.0250604 0.0008806 0.0241798 0.025941
203 0.0236064 0.00201317 0.0215933 0.0256196
204 0.024975 0.000640087 0.0243349 0.025615
205 0.0234354 0.00239483 0.0210406 0.0258302
206 0.0246328 0.000513194 0.0241196 0.025146
207 0.0247183 0.00082925 0.0238891 0.0255476
208 0.0249749 0.000921181 0.0240537 0.0258961
209 0.0232643 0.00230454 0.0209598 0.0255689
210 0.0254881 0.00573498 0.0197531 0.0312231
211 0.0246328 0.000921175 0.0237117 0.025554
212 0.0242051 0.000640035 0.0235651 0.0248452
213 0.0242907 0.000567351 0.0237233 0.024858
214 0.0242051 0.00064005 0.0235651 0.0248452
215 0.0240341 0.000628516 0.0234056 0.0246626
216 0.0256592 0.00406611 0.0215931 0.0297253
217 0.0245473 0.00122758 0.0233197 0.0257749
218 0.0260869 0.00346375 0.0226231 0.0295506
219 0.0245473 0.000640097 0.0239072 0.0251874
220 0.0305344 0.0123283 0.0182061 0.0428627
221 0.0242051 0.000580095 0.023625 0.0247852
222 0.0247183 0.000735746 0.0239826 0.0254541
223 0.025146 0.00106141 0.0240846 0.0262074
224 0.0247183 0.000735776 0.0239826 0.0254541
225 0.0244617 0.000567351 0.0238944 0.0250291
226 0.0252315 0.00216377 0.0230677 0.0273953
227 0.0245473 0.000880623 0.0236666 0.0254279
228 0.0242052 0.000745655 0.0234595 0.0249508
229 0.0245473 0.000793203 0.0237541 0.0253405
230 0.0230077 0.00211939 0.0208883 0.0251271
231 0.0237775 0.00294554 0.020832 0.0267231
232 0.0233499 0.00465805 0.0186918 0.0280079
233 0.0220669 0.00467374 0.0173931 0.0267406
234 0.0217248 0.00396033 0.0177644 0.0256851
235 0.0202707 0.0036247 0.016646 0.0238954
236 0.0201852 0.00352031 0.0166649 0.0237055
237 0.0200997 0.00342121 0.0166785 0.0235209
238 0.0215537 0.002517 0.0190367 0.0240707
239 0.0216392 0.00361462 0.0180246 0.0252538
240 0.0224946 0.00383079 0.0186638 0.0263253
241 0.0218958 0.00345738 0.0184384 0.0253532
242 0.022238 0.0034212 0.0188168 0.0256592
243 0.0220669 0.0033302 0.0187367 0.0253971
244 0.0231788 0.00425422 0.0189246 0.027433
245 0.0225801 0.0037419 0.0188382 0.026322
246 0.0234354 0.00424562 0.0191897 0.027681
247 0.0230932 0.00394738 0.0191459 0.0270406
248 0.0246328 0.00280559 0.0218272 0.0274384
249 0.0234354 0.00347845 0.019957 0.0269139
250 0.0226656 0.00376727 0.0188984 0.0264329
251 0.0226656 0.00394741 0.0187182 0.026613
252 0.0228367 0.00394368 0.018893 0.0267804
253 0.023692 0.00337388 0.0203181 0.0270659
254 0.0242907 0.00378078 0.0205099 0.0280715
255 0.0230077 0.00408758 0.0189202 0.0270953
256 0.0229222 0.00343826 0.019484 0.0263605
257 0.0226656 0.00359837 0.0190672 0.026264
258 0.0233498 0.00292061 0.0204292 0.0262704
259 0.0260012 0.00261394 0.0233873 0.0286152
260 0.0247183 0.00360241 0.0211159 0.0283207
261 0.0222379 0.00371837 0.0185196 0.0259563
262 0.0221525 0.00396958 0.0181829 0.026122
263 0.0221524 0.0043562 0.0177962 0.0265086
264 0.0219813 0.00401722 0.0179641 0.0259986
265 0.0232643 0.00345949 0.0198048 0.0267238
266 0.025146 0.00328375 0.0218623 0.0284298
267 0.0230077 0.0032614 0.0197463 0.0262691
268 0.0218103 0.00327931 0.018531 0.0250896
269 0.0210405 0.00357187 0.0174686 0.0246124
270 0.0208695 0.00360245 0.017267 0.0244719
271 0.020955 0.00367877 0.0172762 0.0246338
272 0.0210406 0.00393256 0.017108 0.0249731
273 0.0213827 0.00325696 0.0181257 0.0246396
274 0.0206128 0.00357188 0.017041 0.0241847
275 0.0208694 0.00378078 0.0170887 0.0246502
276 0.0213827 0.0031192 0.0182635 0.0245019
277 0.0206128 0.00374195 0.0168709 0.0243548
278 0.0216393 0.00299478 0.0186445 0.024634
279 0.0208695 0.00360249 0.017267 0.024472
280 0.0212115 0.00388766 0.0173239 0.0250992
281 0.0210405 0.00356161 0.0174789 0.0246021
282 0.0213827 0.00409295 0.0172897 0.0254756
283 0.0212116 0.0041427 0.0170689 0.0253543
284 0.0218959 0.00344678 0.0184491 0.0253427
285 0.0213827 0.00393812 0.0174445 0.0253208
286 0.0213827 0.00425079 0.0171319 0.0256334
287 0.0213827 0.00409295 0.0172897 0.0254756
288 0.0245472 0.00562554 0.0189217 0.0301728
289 0.0235209 0.00321173 0.0203092 0.0267326
290 0.0481537 0.0510866 -0.00293286 0.0992403
291 0.0231788 0.00326139 0.0199174 0.0264402
292 0.0232643 0.00337387 0.0198905 0.0266382
293 0.023863 0.00397882 0.0198842 0.0278419
294 0.0229222 0.00342761 0.0194946 0.0263498
295 0.022238 0.0029997 0.0192383 0.0252377
296 0.0218958 0.00326142 0.0186344 0.0251573
297 0.0215537 0.0038212 0.0177325 0.0253749
298 0.0213826 0.00366883 0.0177138 0.0250515
299 0.0215537 0.00398062 0.0175731 0.0255343
300 0.0244617 0.00125124 0.0232105 0.025713
301 0.0234354 0.00197646 0.0214589 0.0254119
302 0.0228367 0.00254586 0.0202908 0.0253826
303 0.0230077 0.0024101 0.0205976 0.0254178
304 0.0228367 0.00184635 0.0209903 0.024683
305 0.0242907 0.00106142 0.0232293 0.0253521
306 0.0232643 0.000921227 0.0223431 0.0241856
307 0.0235209 0.000855327 0.0226656 0.0243762
308 0.0227512 0.00245518 0.020296 0.0252064
309 0.0225801 0.00234856 0.0202315 0.0249286
310 0.0285672 0.0128621 0.0157052 0.0414293
311 0.0226656 0.0024192 0.0202464 0.0250848
312 0.0270277 0.00983935 0.0171883 0.036867
313 0.0225801 0.00237952 0.0202006 0.0249596
314 0.0212971 0.00258576 0.0187113 0.0238829
315 0.0213826 0.00281081 0.0185718 0.0241934
316 0.0224946 0.00309094 0.0194036 0.0255855
317 0.0203562 0.00258865 0.0177676 0.0229449
318 0.0200141 0.00307675 0.0169374 0.0230909
319 0.019501 0.00241312 0.0170879 0.0219141
320 0.0217248 0.0034574 0.0182674 0.0251821
321 0.0200141 0.00291808 0.0170961 0.0229322
322 0.0219813 0.00599083 0.0159905 0.0279722
323 0.0210405 0.00281603 0.0182245 0.0238565
324 0.022238 0.00345316 0.0187848 0.0256911
325 0.0204418 0.00223695 0.0182049 0.0226788
326 0.0203563 0.00241313 0.0179432 0.0227694
327 0.0210405 0.00230139 0.0187391 0.0233419
328 0.0219814 0.0025459 0.0194355 0.0245273
329 0.0214681 0.00273699 0.0187312 0.0242051
330 0.0212971 0.00271012 0.0185869 0.0240072
331 0.0208694 0.003328 0.0175414 0.0241975
332 0.0206984 0.00334117 0.0173572 0.0240396
333 0.0222379 0.00279779 0.0194401 0.0250357
334 0.0220669 0.00306723 0.0189996 0.0251341
335 0.0225801 0.00356164 0.0190184 0.0261417
336 0.0200142 0.00269659 0.0173176 0.0227108
337 0.0905769 0.143323 -0.0527466 0.2339
338 0.0363505 0.0319855 0.004365 0.068336
339 0.0198431 0.00224021 0.0176029 0.0220833
340 0.0174483 0.00261394 0.0148343 0.0200622
341 0.0177048 0.00284443 0.0148604 0.0205492
342 0.0172771 0.00273965 0.0145375 0.0200168
343 0.0178759 0.00237955 0.0154964 0.0202555
344 0.0193299 0.00474213 0.0145878 0.024072
345 0.0183035 0.00356161 0.0147419 0.0218651
346 0.0181325 0.00348054 0.0146519 0.021613
347 0.0198431 0.00627708 0.013566 0.0261202
348 0.019501 0.00407147 0.0154295 0.0235725
349 0.0192444 0.00390079 0.0153436 0.0231452
350 0.0194154 0.00389704 0.0155184 0.0233125
351 0.0175338 0.00349527 0.0140385 0.021029
352 0.0197575 0.00327262 0.0164849 0.0230302
353 0.0179614 0.0033346 0.0146268 0.021296
354 0.0206984 0.00515034 0.0155481 0.0258488
355 0.0176193 0.00360245 0.0140169 0.0212218
356 0.0206129 0.00433092 0.016282 0.0249438
357 0.0190733 0.00358415 0.0154892 0.0226575
358 0.0218103 0.00522368 0.0165866 0.027034
359 0.0193299 0.00371246 0.0156174 0.0230423
360 0.020955 0.00347427 0.0174807 0.0244293
361 0.0203563 0.00325244 0.0171038 0.0236087
362 0.0205273 0.00293806 0.0175893 0.0234654
363 0.0204418 0.00332803 0.0171138 0.0237698
364 0.0202707 0.00305525 0.0172155 0.023326
365 0.0202708 0.0029948 0.017276 0.0232656
366 0.0201853 0.0031934 0.0169919 0.0233787
367 0.0222379 0.0022139 0.020024 0.0244518
368 0.022409 0.00196165 0.0204474 0.0243707
369 0.0227512 0.00141577 0.0213354 0.0241669
370 0.0237775 0.00424738 0.0195301 0.0280249
371 0.0220669 0.00215702 0.0199099 0.0242239
372 0.0219814 0.00213995 0.0198414 0.0241213
373 0.0220669 0.00232039 0.0197465 0.0243873
374 0.0219814 0.00208808 0.0198933 0.0240694
375 0.0237775 0.00416036 0.0196171 0.0279378
376 0.0221524 0.00222052 0.0199319 0.024373
377 0.022409 0.0023361 0.0200729 0.0247451
378 0.0224946 0.00233607 0.0201585 0.0248306
379 0.022409 0.00233612 0.0200729 0.0247451
380 0.0224945 0.00174448 0.0207501 0.024239
381 0.0220669 0.000997429 0.0210695 0.0230643
382 0.0216392 0.00219065 0.0194486 0.0238299
383 0.0214682 0.00206693 0.0194012 0.0235351
384 0.0218103 0.00231091 0.0194994 0.0241212
385 0.0217248 0.00217051 0.0195542 0.0238953
386 0.0213826 0.00218057 0.0192021 0.0235632
387 0.0216393 0.00213998 0.0194993 0.0237792
388 0.0214682 0.00206693 0.0194012 0.0235351
389 0.0233499 0.00156784 0.021782 0.0249177
390 0.0234354 0.00102638 0.022409 0.0244617
391 0.0227512 0.000498707 0.0222525 0.0232499
392 0.0229222 0.000745621 0.0221766 0.0236678
393 0.0232643 0.00188555 0.0213788 0.0251499
394 0.0210405 0.00241009 0.0186304 0.0234506
395 0.0212116 0.0029455 0.0182661 0.0241571
396 0.0211261 0.00316117 0.0179649 0.0242872
397 0.020955 0.00281083 0.0181441 0.0237658
398 0.0213826 0.00344258 0.0179401 0.0248252
399 0.0211261 0.00290807 0.018218 0.0240341
400 0.0217248 0.00380009 0.0179247 0.0255249
401 0.0215537 0.00329709 0.0182566 0.0248508
402 0.0202708 0.00293309 0.0173377 0.0232039
403 0.0205274 0.00281078 0.0177166 0.0233381
404 0.0200997 0.00293809 0.0171616 0.0230378
405 0.0200997 0.00306 0.0170397 0.0231597
406 0.0200142 0.00298007 0.0170341 0.0229942
407 0.0210405 0.003317 0.0177235 0.0243575
408 0.0218103 0.00431908 0.0174912 0.0261294
409 0.0211261 0.00343828 0.0176878 0.0245643
410 0.0212116 0.00349109 0.0177205 0.0247027
411 0.0225801 0.00215361 0.0204265 0.0247337
412 0.0219814 0.00299478 0.0189866 0.0249761
413 0.0215537 0.00340621 0.0181475 0.0249599
414 0.0214682 0.0034148 0.0180534 0.024883
415 0.0217247 0.00334992 0.0183748 0.0250746
416 0.0220669 0.00287008 0.0191968 0.024937
417 0.0220669 0.00301913 0.0190477 0.025086
418 0.0231788 0.00362272 0.0195561 0.0268015
419 0.0232643 0.00361464 0.0196497 0.026879
420 0.0230077 0.00319338 0.0198143 0.0262011
421 0.0228367 0.00334113 0.0194955 0.0261778
422 0.0230077 0.00340404 0.0196037 0.0264118
423 0.0230077 0.00344682 0.0195609 0.0264546
424 0.023863 0.004211 0.019652 0.028074
425 0.023692 0.00371443 0.0199776 0.0274064
426 0.0292515 0.0135846 0.0156669 0.0428361
427 0.0230932 0.00370855 0.0193847 0.0268018
428 0.0218958 0.00368279 0.018213 0.0255786
429 0.0266 0.00662183 0.0199782 0.0332218
430 0.0250604 0.00273962 0.0223208 0.0278001
431 0.0239485 0.00399344 0.0199551 0.027942
432 0.0242052 0.00505716 0.019148 0.0292623
433 0.022238 0.0028496 0.0193884 0.0250876
434 0.0221524 0.00275031 0.0194021 0.0249027
435 0.0221524 0.00258584 0.0195665 0.0247382
436 0.022409 0.00294553 0.0194635 0.0253546
437 0.0221524 0.00245518 0.0196972 0.0246076
438 0.0237775 0.00220727 0.0215703 0.0259848
439 0.0223235 0.0023486 0.0199749 0.0246721
440 0.0219813 0.00261673 0.0193646 0.024598
441 0.0218958 0.00252857 0.0193672 0.0244244
442 0.0218103 0.00281081 0.0189995 0.0246211
443 0.0222379 0.00287513 0.0193628 0.0251131
444 0.022409 0.00316118 0.0192478 0.0255702
445 0.022238 0.0028496 0.0193884 0.0250876
446 0.0215537 0.00283154 0.0187222 0.0243853
447 0.0230933 0.00519557 0.0178977 0.0282888
448 0.0237775 0.00597858 0.0177989 0.0297561
449 0.0298502 0.0147485 0.0151017 0.0445987
450 0.0229222 0.0025459 0.0203763 0.0254681
451 0.0230077 0.0028675 0.0201402 0.0258752
452 0.0227511 0.00228543 0.0204657 0.0250365
453 0.0226656 0.00227904 0.0203866 0.0249446
454 0.0229222 0.0025602 0.020362 0.0254824
455 0.0247183 0.00160924 0.0231091 0.0263276
456 0.0231788 0.000872225 0.0223066 0.0240511
457 0.0233498 0.00154428 0.0218056 0.0248941
458 0.0230932 0.000715584 0.0223776 0.0238088
459 0.0239486 0.0018144 0.0221342 0.025763
460 0.0235209 0.00104754 0.0224733 0.0245684
461 0.0245473 0.00277943 0.0217679 0.0273267
462 0.0231788 0.000783875 0.0223949 0.0239626
463 0.0230933 0.000540941 0.0225523 0.0236342
464 0.0245473 0.0026027 0.0219446 0.02715
465 0.0227511 0.000735755 0.0220154 0.0234869
466 0.0221525 0.00328377 0.0188687 0.0254362
467 0.0218103 0.00283669 0.0189736 0.024647
468 0.0229222 0.00405342 0.0188688 0.0269756
469 0.0225801 0.00389517 0.0186849 0.0264752
470 0.0218959 0.00366288 0.018233 0.0255587
471 0.0219814 0.00316115 0.0188202 0.0251425
472 0.0204418 0.00339332 0.0170485 0.0238351
473 0.0206128 0.00350988 0.017103 0.0241227
474 0.0219814 0.00356365 0.0184177 0.025545
475 0.0213826 0.00327929 0.0181033 0.0246619
476 0.0232643 0.000880597 0.0223837 0.0241449
477 0.0228367 0.000436098 0.0224006 0.0232728
478 0.0228367 0.000580095 0.0222566 0.0234168
479 0.0230077 0.00062852 0.0223792 0.0236363
480 0.0232643 0.000921203 0.0223431 0.0241855
481 0.0234354 0.0011602 0.0222752 0.0245956
482 0.0221524 0.00165409 0.0204983 0.0238065
483 0.0232643 0.00116646 0.0220979 0.0244308
484 0.0221524 0.00261394 0.0195385 0.0247664
485 0.0219814 0.00230457 0.0196768 0.024286
486 0.0211261 0.00220732 0.0189187 0.0233334
487 0.0219813 0.00163631 0.020345 0.0236176
488 0.0216392 0.0016804 0.0199588 0.0233196
489 0.0223235 0.00199494 0.0203286 0.0243184
490 0.0376335 0.0337103 0.00392317 0.0713438
491 0.0230077 0.000913182 0.0220945 0.0239209
492 0.0229222 0.00260271 0.0203194 0.0255249
493 0.0221524 0.00327258 0.0188798 0.025425
494 0.0221524 0.00307674 0.0190757 0.0252292
495 0.0236064 0.00354106 0.0200654 0.0271475
496 0.0229222 0.00335211 0.0195701 0.0262743
497 0.0232643 0.00337385 0.0198905 0.0266382
498 0.0231788 0.00328379 0.019895 0.0264625
499 0.0233499 0.00368474 0.0196651 0.0270346
500 0.0230077 0.00319339 0.0198143 0.0262011
501 0.0228367 0.00333023 0.0195064 0.0261669
502 0.0218103 0.00302395 0.0187863 0.0248342
503 0.0218103 0.00304804 0.0187622 0.0248583
504 0.0234354 0.000684225 0.0227512 0.0241196
505 0.0220669 0.00210552 0.0199614 0.0241724
506 0.0217248 0.00319337 0.0185314 0.0249182
507 0.0237775 0.000793171 0.0229844 0.0245707
508 0.022409 0.00254593 0.0198631 0.024955
509 0.0222379 0.00283671 0.0194012 0.0250746
510 0.0233499 0.000793193 0.0225567 0.0241431
511 0.0220669 0.00273964 0.0193272 0.0248065
512 0.0224945 0.00371444 0.0187801 0.026209
513 0.0210405 0.00300451 0.018036 0.024045
514 0.0215537 0.00367485 0.0178789 0.0252286
515 0.0212116 0.00407149 0.0171401 0.0252831
516 0.0319885 0.02434 0.00764844 0.0563285
517 0.0212116 0.00253146 0.0186801 0.023743
518 0.0205273 0.00325692 0.0172704 0.0237842
519 0.0205273 0.00304806 0.0174793 0.0235754
520 0.0205273 0.0032793 0.017248 0.0238066
521 0.0205273 0.00327927 0.0172481 0.0238066
522 0.0205273 0.00325693 0.0172704 0.0237843
523 0.0206128 0.00332803 0.0172848 0.0239409
524 0.0206984 0.00319571 0.0175027 0.0238941
525 0.0216393 0.0035943 0.018045 0.0252336
526 0.0225801 0.00321624 0.0193638 0.0257963
527 0.0221524 0.00305287 0.0190995 0.0252053
528 0.0213827 0.00327928 0.0181034 0.0246619
529 0.0213827 0.00341054 0.0179721 0.0247932
530 0.0214682 0.00331698 0.0181512 0.0247852
531 0.0215537 0.00242825 0.0191255 0.023982
532 0.0311331 0.019059 0.0120742 0.0501921
533 0.0210405 0.00392325 0.0171173 0.0249638
534 0.0200142 0.00278992 0.0172243 0.0228041
535 0.0195865 0.00269659 0.0168899 0.0222831
536 0.0193299 0.00262791 0.016702 0.0219578
537 0.0194155 0.0026027 0.0168128 0.0220182
538 0.0192444 0.00246408 0.0167803 0.0217085
539 0.0192444 0.00271819 0.0165262 0.0219626
540 0.0197575 0.00306479 0.0166927 0.0228223
541 0.0221524 0.00863563 0.0135168 0.030788
542 0.0183035 0.00125123 0.0170523 0.0195548
543 0.0181325 0.00103348 0.017099 0.0191659
544 0.0198431 0.00295795 0.0168851 0.022801
545 0.025317 0.0160137 0.00930337 0.0413307
546 0.0438772 0.0484836 -0.00460639 0.0923607
547 0.0200141 0.00381928 0.0161949 0.0238334
548 0.0190733 0.00303126 0.0160421 0.0221046
549 0.018218 0.00314961 0.0150684 0.0213677
550 0.0200997 0.0048232 0.0152765 0.0249229
551 0.0294225 0.02268 0.00674253 0.0521025
552 0.0198431 0.00388764 0.0159554 0.0237307
553 0.0193299 0.00372226 0.0156077 0.0230522
554 0.0195865 0.00343617 0.0161503 0.0230227
555 0.0184746 0.00315884 0.0153158 0.0216334
556 0.0183891 0.00330149 0.0150876 0.0216906
557 0.020784 0.00292062 0.0178633 0.0237046
558 0.0186456 0.00457087 0.0140748 0.0232165
559 0.0172772 0.00273963 0.0145375 0.0200168
560 0.0171061 0.00288784 0.0142183 0.019994
561 0.0189023 0.00508455 0.0138177 0.0239868
562 0.0212115 0.00329711 0.0179144 0.0245087
563 0.0204418 0.00452911 0.0159127 0.0249709
564 0.018218 0.00334121 0.0148768 0.0215592
565 0.0188167 0.00307201 0.0157447 0.0218887
566 0.0181325 0.00357394 0.0145585 0.0217064
567 0.0186457 0.00297027 0.0156754 0.021616
568 0.0177048 0.00353274 0.0141721 0.0212375
569 0.0181325 0.00371443 0.014418 0.0218469
570 0.0171916 0.00305286 0.0141388 0.0202445
571 0.0183891 0.00327933 0.0151097 0.0216684
572 0.0188167 0.00316579 0.0156509 0.0219825
573 0.018218 0.0028573 0.0153607 0.0210753
574 0.0186457 0.00292062 0.0157251 0.0215663
575 0.0208694 0.004946 0.0159234 0.0258155
576 0.0210405 0.00334992 0.0176906 0.0243905
577 0.0220669 0.00345951 0.0186074 0.0255264
578 0.0216392 0.00414271 0.0174965 0.0257819
579 0.0213827 0.0035575 0.0178252 0.0249402
580 0.0211261 0.00398974 0.0171363 0.0251158
581 0.0215537 0.00335215 0.0182015 0.0249058
582 0.0216392 0.00337385 0.0182654 0.0250131
583 0.0212971 0.00360246 0.0176946 0.0248996
584 0.0212116 0.00408044 0.0171312 0.025292
585 0.0210405 0.00374191 0.0172986 0.0247824
586 0.0218958 0.0030648 0.018831 0.0249606
587 0.0230077 0.00627 0.0167377 0.0292777
588 0.0231788 0.00605038 0.0171284 0.0292292
589 0.0218959 0.00448853 0.0174074 0.0263844
590 0.0220669 0.00319567 0.0188712 0.0252625
591 0.0218958 0.00393252 0.0179633 0.0258283
592 0.023863 0.00318192 0.0206811 0.027045
593 0.0236065 0.00306482 0.0205416 0.0266713
594 0.0235209 0.00322305 0.0202978 0.0267439
595 0.0233498 0.00316117 0.0201886 0.026511
596 0.0235209 0.00299966 0.0205212 0.0265206
597 0.0246328 0.000960057 0.0236728 0.0255929
598 0.0240341 0.00151558 0.0225185 0.0255496
599 0.0215537 0.00349107 0.0180627 0.0250448
600 0.0210405 0.00375167 0.0172888 0.0247922
601 0.0212971 0.00412324 0.0171739 0.0254203
602 0.020955 0.00385361 0.0171014 0.0248086
603 0.0218103 0.00313096 0.0186794 0.0249413
604 0.0221524 0.00510606 0.0170464 0.0272585
605 0.0220669 0.00342765 0.0186392 0.0254945
606 0.0216392 0.00299478 0.0186444 0.024634
607 0.0220669 0.0026993 0.0193676 0.0247662
608 0.0230933 0.00189333 0.0211999 0.0249866
609 0.0231788 0.00251404 0.0206648 0.0256928
610 0.0213826 0.00341052 0.0179721 0.0247932
611 0.0215537 0.00337389 0.0181798 0.0249276
612 0.0216392 0.0032971 0.0183421 0.0249363
613 0.0223235 0.00420231 0.0181212 0.0265258
614 0.0218958 0.00354099 0.0183548 0.0254368
615 0.0216392 0.00329706 0.0183422 0.0249363
616 0.0218103 0.00349527 0.018315 0.0253056
617 0.0216393 0.00325245 0.0183868 0.0248917
618 0.0212116 0.0023204 0.0188912 0.023532
619 0.0198431 0.00347008 0.016373 0.0233132
620 0.0212971 0.00383845 0.0174587 0.0251356
621 0.019672 0.00307194 0.0166001 0.022744
622 0.0197575 0.00296782 0.0167897 0.0227254
623 0.0195865 0.00387633 0.0157102 0.0234629
624 0.0211261 0.00444924 0.0166768 0.0255753
625 0.0192444 0.00341052 0.0158339 0.0226549
626 0.0194154 0.00356364 0.0158518 0.0229791
627 0.0193299 0.00339332 0.0159366 0.0227232
628 0.0235209 0.00614992 0.017371 0.0296708
629 0.0211261 0.00361459 0.0175115 0.0247406
630 0.0210405 0.00312392 0.0179166 0.0241644
631 0.0218103 0.00401173 0.0177986 0.025822
632 0.019672 0.00341052 0.0162615 0.0230826
633 0.0200142 0.00346795 0.0165462 0.0234821
634 0.0215537 0.00352236 0.0180313 0.0250761
635 0.0269421 0.014925 0.0120171 0.0418671
636 0.0190733 0.00272628 0.016347 0.0217996
637 0.0184746 0.00296781 0.0155068 0.0214424
638 0.0200142 0.00354099 0.0164732 0.0235552
639 0.0199286 0.00317275 0.0167559 0.0231013
640 0.0194155 0.0026307 0.0167848 0.0220462
641 0.0194154 0.00367484 0.0157406 0.0230903
642 0.0175338 0.0028878 0.014646 0.0204216
643 0.0189023 0.00354104 0.0153612 0.0224433
644 0.0208694 0.00285475 0.0180147 0.0237242
645 0.0185602 0.00349109 0.0150691 0.0220513
646 0.0307055 0.0238374 0.00686808 0.0545429
647 0.019672 0.0049946 0.0146774 0.0246666
648 0.0183891 0.00329042 0.0150987 0.0216795
649 0.0184746 0.00319338 0.0152812 0.021668
650 0.0194155 0.00287005 0.0165454 0.0222855
651 0.0203563 0.00340619 0.0169501 0.0237625
652 0.0186457 0.00284443 0.0158012 0.0214901
653 0.0188167 0.00265006 0.0161667 0.0214668
654 0.0185601 0.00310276 0.0154574 0.0216629
655 0.0184746 0.00355132 0.0149233 0.0220259
656 0.0185602 0.00384032 0.0147198 0.0224005
657 0.0183891 0.00329042 0.0150986 0.0216795
658 0.0186457 0.00339547 0.0152502 0.0220411
659 0.0201852 0.00333896 0.0168462 0.0235242
660 0.0204418 0.00275032 0.0176915 0.0231922
661 0.0191588 0.00310039 0.0160585 0.0222592
662 0.0331003 0.0176047 0.0154956 0.0507051
663 0.0195866 0.0030167 0.0165698 0.0226033
664 0.0219814 0.00331921 0.0186622 0.0253006
665 0.0217248 0.0031704 0.0185544 0.0248952
666 0.0219813 0.00395296 0.0180284 0.0259343
667 0.0319884 0.0192157 0.0127728 0.0512041
668 0.0229222 0.00329708 0.0196251 0.0262193
669 0.0261724 0.0102722 0.0159002 0.0364445
670 0.0217248 0.00301669 0.0187081 0.0247415
671 0.0201852 0.00277678 0.0174084 0.022962
672 0.0221524 0.00244029 0.0197121 0.0245927
673 0.0212116 0.00186606 0.0193455 0.0230777
674 0.0208694 0.00190104 0.0189684 0.0227705
675 0.0210406 0.00199489 0.0190457 0.0230354
676 0.0214682 0.00206693 0.0194012 0.0235351
677 0.0221524 0.00293058 0.0192219 0.025083
678 0.0218103 0.0022139 0.0195964 0.0240242
679 0.0215537 0.00239792 0.0191558 0.0239516
680 0.0212116 0.00224017 0.0189714 0.0234518
681 0.0216393 0.00149619 0.0201431 0.0231354
682 0.0216393 0.00242823 0.0192111 0.0240675
683 0.0219813 0.00276623 0.0192151 0.0247476
684 0.0217247 0.00244025 0.0192845 0.024165
685 0.0220669 0.00239792 0.019669 0.0244648
686 0.0214682 0.00204917 0.019419 0.0235174
687 0.0214682 0.00223689 0.0192313 0.0237051
688 0.0212116 0.00215702 0.0190546 0.0233686
689 0.0212971 0.00193916 0.0193579 0.0232362
690 0.0214682 0.00225318 0.019215 0.0237214
691 0.0258302 0.0086745 0.0171557 0.0345047
692 0.0223235 0.00230137 0.0200221 0.0246248
693 0.0222379 0.00221392 0.020024 0.0244519
694 0.0223235 0.00230138 0.0200221 0.0246249
695 0.0225801 0.00237953 0.0202006 0.0249597
696 0.0230077 0.00319337 0.0198143 0.0262011
697 0.0213827 0.00316575 0.0182169 0.0245484
698 0.0216392 0.0033847 0.0182545 0.0250239
699 0.022238 0.00342122 0.0188168 0.0256592
700 0.0206984 0.0028573 0.0178411 0.0235557
701 0.022409 0.00208807 0.020321 0.0244971
702 0.0218103 0.00234235 0.0194679 0.0241526
703 0.0206129 0.00319339 0.0174195 0.0238063
704 0.0222379 0.00459801 0.0176399 0.0268359
705 0.0206984 0.00326367 0.0174347 0.0239621
706 0.0205273 0.0032569 0.0172704 0.0237842
707 0.0210405 0.00356163 0.0174789 0.0246022
708 0.0210405 0.00350988 0.0175306 0.0245504
709 0.0200997 0.00330151 0.0167982 0.0234012
710 0.0195865 0.00312392 0.0164626 0.0227104
711 0.019501 0.00322981 0.0162712 0.0227308
712 0.0189022 0.0031004 0.0158018 0.0220026
713 0.0192444 0.0033565 0.0158879 0.0226009
714 0.018389 0.00341052 0.0149785 0.0217996
715 0.0195865 0.00330593 0.0162806 0.0228924
716 0.018389 0.00366884 0.0147202 0.0220579
717 0.0185601 0.00361464 0.0149455 0.0221748
718 0.0186457 0.00372426 0.0149214 0.0223699
719 0.0200997 0.00445252 0.0156471 0.0245522
720 0.0184746 0.00338249 0.0150921 0.0218571
721 0.0191588 0.00291806 0.0162408 0.0220769
722 0.0190733 0.00293312 0.0161402 0.0220064
723 0.0200142 0.003541 0.0164732 0.0235552
724 0.0200141 0.00353067 0.0164835 0.0235448
725 0.0200141 0.0031819 0.0168322 0.023196
726 0.0201852 0.00337169 0.0168135 0.0235569
727 0.0231788 0.00347846 0.0197003 0.0266572
728 0.0219814 0.00233609 0.0196453 0.0243174
729 0.0217248 0.00222049 0.0195043 0.0239453
730 0.0236064 0.00125117 0.0223552 0.0248576
731 0.0214682 0.00328374 0.0181844 0.0247519
732 0.0224946 0.000997471 0.0214971 0.023492
733 0.0199287 0.00311454 0.0168141 0.0230432
734 0.0202708 0.00301911 0.0172517 0.0232899
735 0.0249749 0.00909849 0.0158764 0.0340734
736 0.0208694 0.00403359 0.0168358 0.024903
737 0.019501 0.0037046 0.0157964 0.0232056
738 0.0199286 0.00394372 0.0159849 0.0238723
739 0.0199286 0.0039437 0.0159849 0.0238723
740 0.0205273 0.00355752 0.0169698 0.0240849
741 0.0216393 0.00283159 0.0188077 0.0244709
742 0.0203563 0.00372427 0.016632 0.0240806
743 0.0200997 0.00350572 0.016594 0.0236054
744 0.0200997 0.0036788 0.0164209 0.0237785
745 0.0200997 0.00386309 0.0162366 0.0239628
746 0.0202707 0.0039898 0.0162809 0.0242605
747 0.0201852 0.00376137 0.0164239 0.0239466
748 0.0205274 0.0036788 0.0168486 0.0242062
749 0.0207839 0.00299482 0.0177891 0.0237787
750 0.0201852 0.00374189 0.0164433 0.0239271
751 0.0202708 0.00382125 0.0164495 0.024092
752 0.019672 0.00351616 0.0161559 0.0231882
753 0.0200142 0.00277677 0.0172374 0.022791
754 0.0192444 0.00345317 0.0157912 0.0226976
755 0.0199287 0.00369473 0.0162339 0.0236234
756 0.0195865 0.00339331 0.0161932 0.0229798
757 0.0192444 0.0035472 0.0156972 0.0227916
758 0.0216392 0.00301911 0.0186201 0.0246583
759 0.0203562 0.00374386 0.0166124 0.0241001
760 0.0220669 0.00339548 0.0186714 0.0254624
761 0.0224946 0.0033521 0.0191425 0.0258467
762 0.0224945 0.00317271 0.0193218 0.0256672
763 0.0220669 0.00320712 0.0188598 0.025274
764 0.0220668 0.00293309 0.0191338 0.0249999
765 0.0219814 0.00310276 0.0188786 0.0250841
766 0.0211261 0.00288276 0.0182433 0.0240089
767 0.0210405 0.00307676 0.0179637 0.0241172
768 0.0213826 0.00322308 0.0181595 0.0246057
769 0.0217248 0.00201318 0.0197116 0.023738
770 0.0214681 0.00220392 0.0192642 0.0236721
771 0.020955 0.00260832 0.0183467 0.0235633
772 0.0211261 0.00355334 0.0175727 0.0246794
773 0.0200997 0.00338904 0.0167107 0.0234888
774 0.0206984 0.00317269 0.0175257 0.0238711
775 0.0204418 0.00305287 0.0173889 0.0234946
776 0.0206984 0.00245814 0.0182403 0.0231566
777 0.0200997 0.00324565 0.016854 0.0233453
778 0.0204418 0.0037026 0.0167392 0.0241444
779 0.0201852 0.00331704 0.0168682 0.0235022
780 0.0203563 0.00319568 0.0171606 0.023552
781 0.0201852 0.003317 0.0168682 0.0235022
782 0.0205274 0.00325686 0.0172705 0.0237842
783 0.0201852 0.00346798 0.0167172 0.0236532
784 0.0229222 0.00339548 0.0195267 0.0263177
785 0.0216392 0.00184632 0.0197929 0.0234856
786 0.0215537 0.00201678 0.0195369 0.0235705
787 0.0216392 0.00228861 0.0193506 0.0239278
788 0.0217248 0.00213654 0.0195882 0.0238613
789 0.0225801 0.00106138 0.0215187 0.0236415
790 0.0214682 0.00201316 0.019455 0.0234814
791 0.0283962 0.0137665 0.0146297 0.0421626
792 0.0220669 0.00217391 0.019893 0.0242408
793 0.0221524 0.00273698 0.0194155 0.0248894
794 0.0226656 0.00027047 0.0223952 0.0229361
795 0.0217248 0.00210204 0.0196227 0.0238268
796 0.0223235 0.00312389 0.0191996 0.0254474
797 0.0218958 0.00201316 0.0198827 0.023909
798 0.0217248 0.00215361 0.0195712 0.0238784
799 0.0221524 0.00208454 0.0200679 0.024237
