# ../output/graphs/perf_serial61BIPED
# step - mean (0.21948) - standard deviation (0.034224) r=20 - ylow - yhigh
0 0.237241 0.03149 0.205751 0.268731
1 0.245944 0.046539 0.199405 0.292483
2 0.252102 0.0543784 0.197724 0.306481
3 0.250221 0.0550225 0.195198 0.305243
4 0.251803 0.0487942 0.203009 0.300597
5 0.236258 0.039031 0.197227 0.275289
6 0.23382 0.0308605 0.20296 0.264681
7 0.219964 0.0231129 0.196851 0.243077
8 0.217954 0.0232005 0.194754 0.241155
9 0.215837 0.0257134 0.190124 0.241551
10 0.223343 0.0363753 0.186967 0.259718
11 0.235125 0.0534797 0.181645 0.288604
12 0.233072 0.0434538 0.189618 0.276526
13 0.226507 0.0457163 0.180791 0.272224
14 0.233713 0.0453043 0.188409 0.279018
15 0.230741 0.0371387 0.193602 0.26788
16 0.223321 0.0378786 0.185443 0.2612
17 0.224219 0.0381141 0.186105 0.262333
18 0.219066 0.0244497 0.194616 0.243516
19 0.227683 0.0339964 0.193687 0.26168
20 0.223984 0.0306476 0.193337 0.254632
21 0.229266 0.0304735 0.198792 0.259739
22 0.228945 0.0373363 0.191609 0.266281
23 0.218339 0.0329678 0.185371 0.251307
24 0.226443 0.0341261 0.192317 0.260569
25 0.217078 0.0329367 0.184141 0.250014
26 0.209145 0.0159065 0.193238 0.225051
27 0.217762 0.039507 0.178255 0.257269
28 0.215987 0.0215499 0.194437 0.237537
29 0.209401 0.0137112 0.19569 0.223112
30 0.221996 0.0298514 0.192144 0.251847
31 0.215752 0.0149591 0.200793 0.230711
32 0.229244 0.033748 0.195496 0.262992
33 0.217249 0.0448911 0.172357 0.26214
34 0.232003 0.0340139 0.197989 0.266017
35 0.239508 0.034627 0.204881 0.274135
36 0.23459 0.0156935 0.218896 0.250284
37 0.234333 0.0362296 0.198104 0.270563
38 0.237006 0.03506 0.201946 0.272066
39 0.241176 0.0409602 0.200216 0.282136
40 0.233371 0.0379125 0.195459 0.271284
41 0.234013 0.0269496 0.207063 0.260962
42 0.224754 0.0140954 0.210659 0.238849
43 0.224198 0.0122997 0.211898 0.236498
44 0.230121 0.0317243 0.198397 0.261845
45 0.236792 0.0305188 0.206274 0.267311
46 0.234611 0.0291986 0.205413 0.26381
47 0.231254 0.031338 0.199916 0.262592
48 0.22841 0.0130086 0.215402 0.241419
49 0.232559 0.0188811 0.213677 0.25144
50 0.228004 0.0147459 0.213258 0.24275
51 0.227405 0.0164098 0.210996 0.243815
52 0.232473 0.0290715 0.203402 0.261545
53 0.236899 0.0335177 0.203382 0.270417
54 0.231318 0.0346099 0.196709 0.265928
55 0.229266 0.0273635 0.201902 0.256629
56 0.225481 0.0130486 0.212432 0.23853
57 0.233521 0.028995 0.204526 0.262516
58 0.237541 0.028393 0.209148 0.265934
59 0.226657 0.0125901 0.214067 0.239247
60 0.224839 0.0123198 0.21252 0.237159
61 0.236258 0.032357 0.203901 0.268615
62 0.233671 0.0343991 0.199271 0.26807
63 0.233264 0.0303718 0.202893 0.263636
64 0.227234 0.0163117 0.210923 0.243546
65 0.235937 0.0331633 0.202774 0.2691
66 0.221375 0.0103465 0.211029 0.231722
67 0.22871 0.0192998 0.20941 0.24801
68 0.235531 0.023991 0.21154 0.259522
69 0.22794 0.0135648 0.214375 0.241505
70 0.224027 0.0126908 0.211336 0.236718
71 0.221012 0.00719376 0.213818 0.228206
72 0.22747 0.0154299 0.21204 0.242899
73 0.23598 0.0227469 0.213233 0.258727
74 0.237434 0.0387361 0.198698 0.27617
75 0.234654 0.0345571 0.200097 0.269211
76 0.232388 0.0302888 0.202099 0.262676
77 0.237006 0.0347596 0.202247 0.271766
78 0.224797 0.0124962 0.2123 0.237293
79 0.225395 0.0104233 0.214972 0.235819
80 0.222958 0.0129688 0.209989 0.235927
81 0.228795 0.015235 0.21356 0.24403
82 0.228004 0.017411 0.210593 0.245415
83 0.229715 0.0306045 0.19911 0.260319
84 0.236386 0.0302255 0.206161 0.266612
85 0.237391 0.0369343 0.200457 0.274325
86 0.234782 0.0340833 0.200699 0.268866
87 0.231682 0.0291489 0.202533 0.260831
88 0.23335 0.0331067 0.200243 0.266457
89 0.238396 0.0451587 0.193237 0.283555
90 0.244255 0.0453647 0.19889 0.28962
91 0.241668 0.0422045 0.199463 0.283872
92 0.239422 0.043559 0.195864 0.282981
93 0.236279 0.0335845 0.202695 0.269864
94 0.233628 0.0354577 0.19817 0.269086
95 0.23444 0.0347201 0.19972 0.26916
96 0.242437 0.0373107 0.205127 0.279748
97 0.245859 0.039476 0.206383 0.285335
98 0.219708 0.0146991 0.205009 0.234407
99 0.226999 0.0330477 0.193951 0.260047
100 0.225395 0.0268564 0.198539 0.252252
101 0.230912 0.0347832 0.196129 0.265695
102 0.23119 0.0406509 0.190539 0.271841
103 0.233157 0.0432442 0.189913 0.276402
104 0.240449 0.042255 0.198194 0.282704
105 0.239936 0.0396931 0.200243 0.279629
106 0.237605 0.0466358 0.190969 0.284241
107 0.246244 0.0597253 0.186518 0.305969
108 0.235231 0.0456024 0.189629 0.280834
109 0.227405 0.0369927 0.190413 0.264398
110 0.215966 0.0110307 0.204935 0.226996
111 0.216393 0.0109132 0.20548 0.227306
112 0.228368 0.0108493 0.217518 0.239217
113 0.239038 0.0440336 0.195004 0.283071
114 0.224091 0.0163076 0.207783 0.240399
115 0.227384 0.0186764 0.208708 0.24606
116 0.233991 0.0422665 0.191725 0.276258
117 0.235445 0.051609 0.183836 0.287054
118 0.236408 0.0464671 0.18994 0.282875
119 0.233157 0.0379483 0.195209 0.271106
120 0.235231 0.038059 0.197172 0.27329
121 0.232687 0.0351117 0.197575 0.267799
122 0.24077 0.0515733 0.189196 0.292343
123 0.228453 0.0339558 0.194497 0.262409
124 0.223043 0.0114955 0.211548 0.234539
125 0.224775 0.0121241 0.212651 0.236899
126 0.224412 0.0118174 0.212594 0.236229
127 0.233585 0.0313397 0.202245 0.264925
128 0.231596 0.0196454 0.211951 0.251242
129 0.235809 0.0328177 0.202991 0.268627
130 0.236065 0.0274036 0.208662 0.263469
131 0.235146 0.0320174 0.203129 0.267163
132 0.237263 0.028046 0.209217 0.265309
133 0.235766 0.0289861 0.20678 0.264752
134 0.246607 0.0593638 0.187243 0.305971
135 0.249344 0.0420445 0.2073 0.291389
136 0.237541 0.0404484 0.197092 0.277989
137 0.224754 0.0158299 0.208924 0.240584
138 0.228368 0.0174418 0.210926 0.245809
139 0.224861 0.0127915 0.212069 0.237652
140 0.224946 0.0142609 0.210686 0.239207
141 0.226379 0.0147068 0.211672 0.241086
142 0.220798 0.0130025 0.207796 0.233801
143 0.226657 0.0145163 0.212141 0.241173
144 0.223642 0.0125446 0.211097 0.236187
145 0.224882 0.0131571 0.211725 0.238039
146 0.223407 0.0138664 0.20954 0.237273
147 0.22794 0.0220311 0.205909 0.249971
148 0.233435 0.0213208 0.212115 0.254756
149 0.225289 0.021374 0.203914 0.246663
150 0.224219 0.0150769 0.209142 0.239296
151 0.240021 0.0431049 0.196916 0.283126
152 0.227705 0.0269682 0.200737 0.254673
153 0.227748 0.028014 0.199734 0.255762
154 0.234034 0.0280982 0.205936 0.262132
155 0.221739 0.0106738 0.211065 0.232413
156 0.221204 0.0131839 0.208021 0.234388
157 0.225566 0.0138255 0.211741 0.239392
158 0.232965 0.0253556 0.207609 0.25832
159 0.225331 0.0267791 0.198552 0.25211
160 0.226636 0.0271981 0.199437 0.253834
161 0.232623 0.0330283 0.199595 0.265651
162 0.229244 0.0242426 0.205002 0.253487
163 0.232858 0.0212603 0.211598 0.254118
164 0.227726 0.0169798 0.210746 0.244706
165 0.228389 0.0133689 0.21502 0.241758
166 0.227192 0.0143158 0.212876 0.241507
167 0.229993 0.021633 0.20836 0.251626
168 0.227983 0.0188012 0.209182 0.246784
169 0.237926 0.0302978 0.207628 0.268224
170 0.226507 0.017257 0.20925 0.243764
171 0.225032 0.0161241 0.208908 0.241156
172 0.223813 0.0132857 0.210527 0.237099
173 0.225075 0.0134695 0.211605 0.238544
174 0.221525 0.0134375 0.208088 0.234963
175 0.225139 0.0128164 0.212322 0.237955
176 0.228603 0.0158044 0.212798 0.244407
177 0.228817 0.0159088 0.212908 0.244725
178 0.226657 0.0134368 0.21322 0.240094
179 0.221653 0.0112385 0.210415 0.232892
180 0.223428 0.0117566 0.211672 0.235185
181 0.222359 0.0128171 0.209542 0.235176
182 0.229693 0.0249729 0.20472 0.254666
183 0.236621 0.0369544 0.199667 0.273576
184 0.233799 0.0314828 0.202316 0.265282
185 0.230185 0.0368525 0.193333 0.267038
186 0.231661 0.0284974 0.203163 0.260158
187 0.227021 0.0164862 0.210534 0.243507
188 0.226807 0.0260211 0.200786 0.252828
189 0.230784 0.0280742 0.20271 0.258858
190 0.226828 0.0243277 0.2025 0.251156
191 0.232024 0.0241129 0.207911 0.256137
192 0.230591 0.0233402 0.207251 0.253932
193 0.231254 0.0270678 0.204186 0.258322
194 0.232409 0.0308468 0.201562 0.263256
195 0.233393 0.0264112 0.206981 0.259804
196 0.231767 0.0249519 0.206816 0.256719
197 0.230335 0.0185325 0.211802 0.248867
198 0.230142 0.0335948 0.196548 0.263737
199 0.225182 0.0468978 0.178284 0.272079
200 0.222038 0.0345347 0.187504 0.256573
201 0.22407 0.0458809 0.178189 0.269951
202 0.225909 0.0428844 0.183024 0.268793
203 0.23149 0.060099 0.171391 0.291588
204 0.219729 0.0392226 0.180506 0.258952
205 0.219558 0.0464374 0.173121 0.265995
206 0.210214 0.011831 0.198383 0.222045
207 0.208375 0.00949728 0.198877 0.217872
208 0.214212 0.0169169 0.197295 0.231129
209 0.217911 0.0221682 0.195743 0.24008
210 0.21479 0.0130934 0.201696 0.227883
211 0.213998 0.0152789 0.198719 0.229277
212 0.215089 0.0151902 0.199899 0.230279
213 0.214832 0.0148065 0.200026 0.229639
214 0.214127 0.0146275 0.199499 0.228754
215 0.209465 0.0101981 0.199267 0.219663
216 0.211646 0.0118892 0.199757 0.223536
217 0.213934 0.0145534 0.199381 0.228488
218 0.220328 0.0316694 0.188658 0.251997
219 0.218767 0.0349707 0.183796 0.253737
220 0.211561 0.0288685 0.182692 0.240429
221 0.218211 0.0460491 0.172162 0.26426
222 0.228603 0.0621586 0.166444 0.290761
223 0.223685 0.0491917 0.174493 0.272877
224 0.221846 0.0467423 0.175104 0.268588
225 0.216351 0.0330655 0.183285 0.249416
226 0.214619 0.0366319 0.177987 0.25125
227 0.217847 0.0322468 0.185601 0.250094
228 0.214832 0.0330276 0.181805 0.24786
229 0.226058 0.0425695 0.183489 0.268628
230 0.215281 0.0245108 0.190771 0.239792
231 0.224155 0.0274704 0.196685 0.251626
232 0.221953 0.0238867 0.198066 0.24584
233 0.224647 0.0251638 0.199483 0.249811
234 0.222274 0.0278898 0.194384 0.250163
235 0.221953 0.0272245 0.194728 0.249177
236 0.219194 0.0286134 0.190581 0.247808
237 0.220477 0.0300771 0.1904 0.250554
238 0.215559 0.0168273 0.198732 0.232387
239 0.220435 0.0143952 0.206039 0.23483
240 0.221482 0.0168036 0.204679 0.238286
241 0.218254 0.026375 0.191879 0.244629
242 0.22377 0.0300523 0.193718 0.253823
243 0.221653 0.0307603 0.190893 0.252414
244 0.216586 0.0249226 0.191663 0.241508
245 0.221739 0.026134 0.195605 0.247873
246 0.225994 0.0379078 0.188086 0.263902
247 0.221482 0.0272312 0.194251 0.248714
248 0.229757 0.035436 0.194321 0.265194
249 0.224861 0.0399496 0.184911 0.26481
250 0.226636 0.0352421 0.191394 0.261878
251 0.224968 0.0328213 0.192146 0.257789
252 0.227705 0.03995 0.187755 0.267655
253 0.231682 0.0498565 0.181825 0.281538
254 0.237947 0.0557538 0.182193 0.293701
255 0.225695 0.0422242 0.183471 0.267919
256 0.232559 0.0509829 0.181576 0.283542
257 0.231832 0.0425335 0.189298 0.274365
258 0.229779 0.0473924 0.182387 0.277171
259 0.251718 0.065342 0.186376 0.31706
260 0.246778 0.0616767 0.185101 0.308455
261 0.234184 0.0604788 0.173705 0.294663
262 0.242074 0.0556125 0.186461 0.297686
263 0.23536 0.0566816 0.178678 0.292041
264 0.229736 0.0484949 0.181241 0.278231
265 0.231682 0.0504018 0.18128 0.282084
266 0.22191 0.0331839 0.188726 0.255094
267 0.220606 0.0261389 0.194467 0.246745
268 0.220563 0.0330101 0.187553 0.253573
269 0.217655 0.0133709 0.204284 0.231026
270 0.215966 0.0137503 0.202215 0.229716
271 0.218403 0.0171057 0.201298 0.235509
272 0.222915 0.0317327 0.191182 0.254648
273 0.227598 0.031726 0.195872 0.259324
274 0.223428 0.0324106 0.191018 0.255839
275 0.22206 0.0327528 0.189307 0.254813
276 0.213742 0.0122227 0.201519 0.225965
277 0.212117 0.00996903 0.202148 0.222086
278 0.207733 0.0150391 0.192694 0.222772
279 0.219964 0.036175 0.183789 0.256139
280 0.218232 0.039597 0.178635 0.257829
281 0.219879 0.0421613 0.177717 0.26204
282 0.224497 0.056233 0.168264 0.28073
283 0.21387 0.0282521 0.185618 0.242122
284 0.206621 0.0290391 0.177582 0.23566
285 0.209658 0.0316218 0.178036 0.24128
286 0.203863 0.0099902 0.193873 0.213853
287 0.205745 0.0105942 0.19515 0.216339
288 0.206707 0.013316 0.193391 0.220023
289 0.205018 0.0133989 0.191619 0.218417
290 0.202409 0.00866684 0.193742 0.211076
291 0.208439 0.0160341 0.192405 0.224473
292 0.200677 0.00813655 0.19254 0.208814
293 0.202152 0.00995352 0.192199 0.212106
294 0.210107 0.0290548 0.181052 0.239162
295 0.204996 0.0312754 0.173721 0.236272
296 0.203863 0.0288006 0.175062 0.232664
297 0.213998 0.030945 0.183053 0.244943
298 0.207348 0.0106178 0.196731 0.217966
299 0.204141 0.00839367 0.195747 0.212535
300 0.207455 0.0132206 0.194235 0.220676
301 0.20444 0.00892198 0.195518 0.213362
302 0.209722 0.0137139 0.196008 0.223436
303 0.211261 0.0130914 0.19817 0.224353
304 0.206343 0.00810685 0.198237 0.21445
305 0.208589 0.0130458 0.195543 0.221634
306 0.211604 0.0205833 0.19102 0.232187
307 0.222744 0.0373358 0.185408 0.26008
308 0.21742 0.0105955 0.206824 0.228015
309 0.216971 0.0144445 0.202526 0.231415
310 0.217462 0.0150486 0.202414 0.232511
311 0.219088 0.0314235 0.187664 0.250511
312 0.224433 0.0335769 0.190856 0.25801
313 0.228945 0.0359742 0.192971 0.264919
314 0.223813 0.0319745 0.191839 0.255788
315 0.217527 0.0155858 0.201941 0.233112
316 0.213293 0.0119383 0.201355 0.225231
317 0.212266 0.012599 0.199667 0.224865
318 0.211582 0.0112854 0.200297 0.222868
319 0.212074 0.010309 0.201765 0.222383
320 0.207413 0.012804 0.194609 0.220216
321 0.21015 0.03089 0.17926 0.24104
322 0.210428 0.032068 0.17836 0.242495
323 0.220157 0.0466488 0.173508 0.266805
324 0.215452 0.0332752 0.182177 0.248728
325 0.23181 0.0611847 0.170625 0.292995
326 0.224412 0.0443463 0.180065 0.268758
327 0.216073 0.0413858 0.174687 0.257458
328 0.214341 0.0411753 0.173165 0.255516
329 0.206023 0.0247349 0.181288 0.230758
330 0.205787 0.0252749 0.180513 0.231062
331 0.208631 0.0250133 0.183618 0.233645
332 0.204825 0.0256641 0.179161 0.230489
333 0.204718 0.0267225 0.177996 0.231441
334 0.205723 0.0264263 0.179297 0.23215
335 0.208439 0.0272404 0.181198 0.235679
336 0.20675 0.0232093 0.18354 0.229959
337 0.208375 0.0165922 0.191783 0.224967
338 0.208995 0.0366199 0.172375 0.245615
339 0.211197 0.032024 0.179173 0.243221
340 0.209893 0.0322942 0.177599 0.242187
341 0.208973 0.0344609 0.174513 0.243434
342 0.210599 0.0343075 0.176291 0.244906
343 0.209187 0.0345023 0.174685 0.24369
344 0.215517 0.031262 0.184255 0.246779
345 0.211582 0.0285156 0.183067 0.240098
346 0.214918 0.0302218 0.184696 0.24514
347 0.213656 0.0173089 0.196347 0.230965
348 0.207904 0.0163766 0.191528 0.224281
349 0.203478 0.0118951 0.191583 0.215373
350 0.211604 0.0277091 0.183894 0.239313
351 0.214276 0.0367528 0.177524 0.251029
352 0.223663 0.0558118 0.167852 0.279475
353 0.21712 0.0423868 0.174733 0.259507
354 0.215752 0.036848 0.178904 0.2526
355 0.20985 0.0381501 0.1717 0.248
356 0.207819 0.0279611 0.179858 0.23578
357 0.214405 0.0300804 0.184324 0.244485
358 0.204205 0.0151105 0.189095 0.219316
359 0.207498 0.0318491 0.175649 0.239347
360 0.20072 0.0133112 0.187409 0.214031
361 0.202366 0.0151021 0.187264 0.217468
362 0.202388 0.0189861 0.183402 0.221374
363 0.203393 0.0131732 0.190219 0.216566
364 0.199137 0.00920231 0.189935 0.20834
365 0.204504 0.0145274 0.189977 0.219032
366 0.202986 0.0125306 0.190456 0.215517
367 0.203799 0.0117215 0.192077 0.21552
368 0.206001 0.0152428 0.190758 0.221244
369 0.205531 0.0367685 0.168762 0.242299
370 0.207819 0.0376869 0.170132 0.245506
371 0.217078 0.0498997 0.167178 0.266977
372 0.21881 0.0441201 0.174689 0.26293
373 0.223236 0.0448085 0.178427 0.268044
374 0.220734 0.048876 0.171858 0.26961
375 0.220221 0.0461545 0.174066 0.266375
376 0.220691 0.044292 0.176399 0.264983
377 0.220178 0.0446637 0.175514 0.264842
378 0.222081 0.0474524 0.174629 0.269533
379 0.213485 0.0355094 0.177976 0.248995
380 0.209936 0.0329566 0.176979 0.242892
381 0.202666 0.0096974 0.192968 0.212363
382 0.198624 0.00807064 0.190554 0.206695
383 0.203072 0.0124434 0.190628 0.215515
384 0.211582 0.0199242 0.191658 0.231506
385 0.216329 0.0328575 0.183472 0.249187
386 0.203328 0.0146527 0.188676 0.217981
387 0.202003 0.0122202 0.189782 0.214223
388 0.199287 0.00954542 0.189742 0.208833
389 0.201575 0.0104564 0.191119 0.212031
390 0.204034 0.0155138 0.18852 0.219548
391 0.211903 0.0300521 0.181851 0.241955
392 0.216222 0.0256954 0.190527 0.241918
393 0.222509 0.0385552 0.183954 0.261064
394 0.207049 0.0241658 0.182883 0.231215
395 0.212694 0.0358497 0.176844 0.248544
396 0.223236 0.0371506 0.186085 0.260386
397 0.224604 0.0415615 0.183043 0.266166
398 0.219173 0.0267435 0.19243 0.245917
399 0.211668 0.0135469 0.198121 0.225215
400 0.212865 0.0131665 0.199699 0.226032
401 0.211539 0.0133112 0.198228 0.224851
402 0.21464 0.0148667 0.199773 0.229507
403 0.213314 0.0131608 0.200153 0.226475
404 0.21372 0.0139056 0.199815 0.227626
405 0.22454 0.0338786 0.190661 0.258419
406 0.213421 0.0158529 0.197568 0.229274
407 0.215346 0.0255734 0.189772 0.240919
408 0.214811 0.0156127 0.199198 0.230424
409 0.221931 0.0269105 0.195021 0.248842
410 0.200527 0.0126125 0.187915 0.21314
411 0.202045 0.0128478 0.189198 0.214893
412 0.20536 0.016346 0.189014 0.221706
413 0.199736 0.0114476 0.188289 0.211184
414 0.205638 0.0179565 0.187681 0.223594
415 0.202516 0.0127492 0.189767 0.215265
416 0.20861 0.031243 0.177367 0.239853
417 0.197405 0.0133442 0.184061 0.21075
418 0.207348 0.0353066 0.172042 0.242655
419 0.204376 0.0408613 0.163515 0.245237
420 0.201917 0.0314762 0.170441 0.233393
421 0.202281 0.03624 0.166041 0.238521
422 0.203157 0.0332179 0.169939 0.236375
423 0.195267 0.0117837 0.183483 0.207051
424 0.197705 0.0217974 0.175907 0.219502
425 0.206258 0.0236471 0.182611 0.229905
426 0.199095 0.0210888 0.178006 0.220183
427 0.209508 0.0244669 0.185041 0.233975
428 0.216906 0.0385579 0.178349 0.255464
429 0.22238 0.0394132 0.182967 0.261794
430 0.217377 0.0399364 0.17744 0.257313
431 0.218083 0.0422884 0.175794 0.260371
432 0.216992 0.0422802 0.174712 0.259272
433 0.227213 0.04516 0.182053 0.272373
434 0.22469 0.0478634 0.176826 0.272553
435 0.228303 0.0452325 0.183071 0.273536
436 0.226507 0.0441045 0.182403 0.270612
437 0.224754 0.0451725 0.179581 0.269926
438 0.223129 0.0421725 0.180956 0.265301
439 0.213827 0.0393552 0.174472 0.253183
440 0.209743 0.0262896 0.183454 0.236033
441 0.211882 0.0303437 0.181538 0.242225
442 0.209294 0.0277918 0.181502 0.237086
443 0.210021 0.0254553 0.184566 0.235477
444 0.214918 0.0261826 0.188735 0.241101
445 0.209743 0.0272311 0.182512 0.236974
446 0.205189 0.0116103 0.193578 0.216799
447 0.208824 0.0165376 0.192286 0.225361
448 0.223385 0.050999 0.172386 0.274384
449 0.221504 0.0481759 0.173328 0.26968
450 0.222167 0.0314428 0.190724 0.253609
451 0.22206 0.0225941 0.199466 0.244654
452 0.222787 0.031946 0.190841 0.254733
453 0.228453 0.0440687 0.184384 0.272522
454 0.233478 0.0442486 0.189229 0.277727
455 0.229202 0.04096 0.188242 0.270162
456 0.2267 0.0395644 0.187135 0.266264
457 0.221867 0.0360098 0.185857 0.257877
458 0.210919 0.0355297 0.17539 0.246449
459 0.202879 0.012053 0.190826 0.214932
460 0.208204 0.0195468 0.188657 0.227751
461 0.208995 0.0158135 0.193181 0.224808
462 0.205467 0.0120819 0.193385 0.217549
463 0.214447 0.0240939 0.190354 0.238541
464 0.20938 0.029019 0.180361 0.238399
465 0.220242 0.0429074 0.177335 0.26315
466 0.22454 0.0443083 0.180232 0.268848
467 0.224561 0.0444526 0.180109 0.269014
468 0.221675 0.0540689 0.167606 0.275744
469 0.224112 0.0543107 0.169802 0.278423
470 0.227042 0.0469609 0.180081 0.274003
471 0.222958 0.0505956 0.172362 0.273553
472 0.223428 0.0499411 0.173487 0.273369
473 0.214084 0.0349461 0.179138 0.24903
474 0.217911 0.0465143 0.171397 0.264426
475 0.223022 0.0656249 0.157397 0.288647
476 0.215431 0.0381349 0.177296 0.253566
477 0.210321 0.0264782 0.183842 0.236799
478 0.21541 0.0343769 0.181033 0.249787
479 0.219344 0.0362117 0.183132 0.255556
480 0.2267 0.0446937 0.182006 0.271393
481 0.215688 0.02491 0.190778 0.240598
482 0.213164 0.0247606 0.188404 0.237925
483 0.222124 0.0308046 0.191319 0.252928
484 0.217954 0.0299145 0.18804 0.247869
485 0.219194 0.0414711 0.177723 0.260666
486 0.217954 0.0391673 0.178787 0.257121
487 0.237135 0.0531557 0.183979 0.29029
488 0.213571 0.0344073 0.179163 0.247978
489 0.216222 0.0337935 0.182429 0.250016
490 0.219344 0.0348495 0.184495 0.254194
491 0.203072 0.0298686 0.173203 0.23294
492 0.209508 0.0445656 0.164942 0.254074
493 0.221696 0.0345868 0.187109 0.256283
494 0.226122 0.0458373 0.180285 0.27196
495 0.225438 0.0512389 0.174199 0.276677
496 0.226849 0.0509962 0.175853 0.277846
497 0.222723 0.0407276 0.181995 0.26345
498 0.227042 0.0484227 0.178619 0.275465
499 0.226379 0.0410282 0.185351 0.267407
500 0.225609 0.0400131 0.185596 0.265622
501 0.216971 0.0343299 0.182641 0.2513
502 0.213699 0.0342359 0.179463 0.247935
503 0.21464 0.0182774 0.196363 0.232917
504 0.219301 0.0225231 0.196778 0.241824
505 0.224112 0.0152802 0.208832 0.239393
506 0.216735 0.0116724 0.205063 0.228408
507 0.214169 0.0119763 0.202193 0.226146
508 0.216628 0.015827 0.200802 0.232455
509 0.221525 0.0161255 0.2054 0.237651
510 0.216693 0.0149484 0.201744 0.231641
511 0.214725 0.0112692 0.203456 0.225995
512 0.232751 0.0326141 0.200137 0.265365
513 0.22516 0.0284779 0.196682 0.253638
514 0.225524 0.02985 0.195674 0.255374
515 0.225096 0.0301741 0.194922 0.25527
516 0.206728 0.0336128 0.173115 0.240341
517 0.214148 0.0464874 0.167661 0.260636
518 0.215966 0.0312361 0.18473 0.247202
519 0.216778 0.0286611 0.188117 0.245439
520 0.207691 0.0147415 0.192949 0.222432
521 0.205531 0.0133764 0.192154 0.218907
522 0.208204 0.0159317 0.192272 0.224135
523 0.21402 0.0234932 0.190527 0.237513
524 0.206408 0.0129059 0.193502 0.219313
525 0.2165 0.0412701 0.17523 0.25777
526 0.211817 0.0413414 0.170476 0.253159
527 0.211497 0.0407612 0.170735 0.252258
528 0.212331 0.0443591 0.167972 0.25669
529 0.213614 0.0371938 0.17642 0.250807
530 0.203927 0.011381 0.192546 0.215308
531 0.21526 0.0339934 0.181267 0.249253
532 0.221055 0.0395692 0.181485 0.260624
533 0.217163 0.0341489 0.183014 0.251312
534 0.209658 0.0331384 0.176519 0.242796
535 0.206792 0.0161829 0.19061 0.222975
536 0.206001 0.0156015 0.1904 0.221603
537 0.2066 0.0158653 0.190735 0.222465
538 0.204419 0.0145591 0.18986 0.218978
539 0.209423 0.0351737 0.174249 0.244596
540 0.211347 0.0335606 0.177786 0.244908
541 0.213635 0.0324783 0.181157 0.246113
542 0.212951 0.0411813 0.171769 0.254132
543 0.216864 0.0431649 0.173699 0.260029
544 0.220713 0.0474452 0.173267 0.268158
545 0.216928 0.0394725 0.177455 0.2564
546 0.214854 0.0410362 0.173818 0.25589
547 0.213357 0.0312363 0.182121 0.244593
548 0.216201 0.0362906 0.17991 0.252491
549 0.225117 0.0476033 0.177514 0.272721
550 0.224626 0.0459889 0.178637 0.270615
551 0.225738 0.0546939 0.171044 0.280431
552 0.224797 0.0515937 0.173203 0.27639
553 0.230506 0.0480323 0.182474 0.278538
554 0.229757 0.0491308 0.180627 0.278888
555 0.222188 0.0428521 0.179336 0.26504
556 0.222209 0.0518762 0.170333 0.274086
557 0.214619 0.0301417 0.184477 0.24476
558 0.204825 0.0125773 0.192248 0.217403
559 0.218745 0.0343438 0.184402 0.253089
560 0.201725 0.0109934 0.190731 0.212718
561 0.208268 0.0291255 0.179142 0.237393
562 0.216222 0.0455964 0.170626 0.261819
563 0.209059 0.0298214 0.179238 0.23888
564 0.209102 0.0315624 0.177539 0.240664
565 0.208524 0.031199 0.177325 0.239723
566 0.213763 0.0425006 0.171263 0.256264
567 0.213678 0.0314901 0.182188 0.245168
568 0.217783 0.0381802 0.179603 0.255963
569 0.218211 0.043439 0.174772 0.26165
570 0.212844 0.0341576 0.178686 0.247001
571 0.218254 0.046767 0.171487 0.265021
572 0.220349 0.0526352 0.167714 0.272984
573 0.222295 0.0453132 0.176982 0.267608
574 0.218788 0.0457015 0.173087 0.26449
575 0.215196 0.0420362 0.17316 0.257232
576 0.214362 0.0406321 0.17373 0.254994
577 0.20149 0.0135022 0.187987 0.214992
578 0.206686 0.0133296 0.193356 0.220015
579 0.20258 0.0131145 0.189466 0.215695
580 0.208909 0.0155865 0.193323 0.224496
581 0.212609 0.0303045 0.182304 0.242913
582 0.205702 0.0254546 0.180247 0.231157
583 0.209551 0.0247674 0.184783 0.234318
584 0.212031 0.0264111 0.18562 0.238442
585 0.202687 0.00863235 0.194055 0.211319
586 0.203264 0.0114137 0.191851 0.214678
587 0.20243 0.0086881 0.193742 0.211118
588 0.205873 0.0150413 0.190832 0.220914
589 0.21712 0.0316179 0.185502 0.248738
590 0.222466 0.048936 0.17353 0.271402
591 0.223963 0.0476435 0.176319 0.271606
592 0.217142 0.0437257 0.173416 0.260867
593 0.218895 0.0243092 0.194586 0.243204
594 0.216992 0.0268867 0.190105 0.243879
595 0.223749 0.0376398 0.186109 0.261389
596 0.219836 0.0292328 0.190603 0.249069
597 0.21866 0.0251591 0.193501 0.243819
598 0.223407 0.0403502 0.183057 0.263757
599 0.222701 0.0467248 0.175976 0.269426
600 0.215944 0.0346293 0.181315 0.250574
601 0.213806 0.0167821 0.197024 0.230588
602 0.221675 0.0326666 0.189008 0.254341
603 0.217184 0.0304295 0.186755 0.247614
604 0.219408 0.0288718 0.190537 0.24828
605 0.22129 0.0292868 0.192003 0.250577
606 0.221204 0.0366398 0.184565 0.257844
607 0.220606 0.042313 0.178293 0.262919
608 0.224497 0.0445313 0.179966 0.269029
609 0.219002 0.0431575 0.175844 0.26216
610 0.22546 0.0500421 0.175417 0.275502
611 0.220328 0.04901 0.171318 0.269338
612 0.210962 0.0458481 0.165114 0.25681
613 0.223834 0.0608002 0.163034 0.284635
614 0.215901 0.0505607 0.165341 0.266462
615 0.211026 0.0400899 0.170936 0.251116
616 0.216094 0.0398489 0.176245 0.255943
617 0.22377 0.0519411 0.171829 0.275711
618 0.208717 0.0392771 0.16944 0.247994
619 0.215046 0.0397625 0.175284 0.254809
620 0.203628 0.033302 0.170326 0.23693
621 0.211903 0.0311597 0.180743 0.243063
622 0.197897 0.0132379 0.184659 0.211135
623 0.207862 0.0099557 0.197906 0.217817
624 0.208332 0.0140739 0.194258 0.222406
625 0.202965 0.00885297 0.194112 0.211818
626 0.212523 0.0277543 0.184769 0.240277
627 0.207241 0.0269794 0.180262 0.234221
628 0.220242 0.0340237 0.186218 0.254266
629 0.218189 0.039339 0.17885 0.257528
630 0.218425 0.0409596 0.177465 0.259384
631 0.221333 0.036444 0.184889 0.257777
632 0.218446 0.0386969 0.179749 0.257143
633 0.205167 0.023452 0.181715 0.228619
634 0.212737 0.0236592 0.189078 0.236396
635 0.210599 0.0233554 0.187243 0.233954
636 0.210577 0.0256527 0.184925 0.23623
637 0.213998 0.0248568 0.189142 0.238855
638 0.206557 0.0123117 0.194246 0.218869
639 0.210898 0.0273014 0.183597 0.238199
640 0.226315 0.0477393 0.178576 0.274054
641 0.22345 0.0435991 0.179851 0.267049
642 0.225909 0.043808 0.182101 0.269717
643 0.229073 0.0385298 0.190543 0.267603
644 0.220093 0.0420381 0.178054 0.262131
645 0.221162 0.0387525 0.182409 0.259914
646 0.221418 0.037312 0.184106 0.25873
647 0.240684 0.0513846 0.1893 0.292069
648 0.242993 0.0569688 0.186025 0.299962
649 0.234269 0.0326485 0.201621 0.266918
650 0.227042 0.0306217 0.19642 0.257664
651 0.220542 0.0251078 0.195434 0.245649
652 0.225545 0.0357759 0.189769 0.261321
653 0.23814 0.0505564 0.187583 0.288696
654 0.229095 0.0382243 0.19087 0.267319
655 0.230955 0.0388398 0.192115 0.269795
656 0.239978 0.0533463 0.186632 0.293325
657 0.220627 0.0441863 0.176441 0.264813
658 0.223792 0.0450743 0.178717 0.268866
659 0.215367 0.0326529 0.182714 0.24802
660 0.211219 0.0308969 0.180322 0.242116
661 0.221996 0.0355771 0.186418 0.257573
662 0.219002 0.0398139 0.179188 0.258816
663 0.212972 0.0331635 0.179809 0.246136
664 0.215281 0.0326109 0.182671 0.247892
665 0.217484 0.0427134 0.17477 0.260197
666 0.225844 0.0506239 0.175221 0.276468
667 0.218232 0.0388475 0.179385 0.25708
668 0.22593 0.0448457 0.181084 0.270776
669 0.226721 0.0526586 0.174063 0.27938
670 0.22191 0.0406116 0.181298 0.262522
671 0.22082 0.0400672 0.180752 0.260887
672 0.224711 0.0385887 0.186122 0.2633
673 0.216714 0.0313646 0.185349 0.248079
674 0.215239 0.0181045 0.197134 0.233343
675 0.21511 0.0221891 0.192921 0.237299
676 0.208696 0.0144962 0.194199 0.223192
677 0.214747 0.0251257 0.189621 0.239872
678 0.211646 0.0132607 0.198386 0.224907
679 0.207263 0.0152687 0.191994 0.222532
680 0.210064 0.0135315 0.196533 0.223595
681 0.218125 0.0248649 0.19326 0.24299
682 0.213229 0.0136531 0.199576 0.226882
683 0.218574 0.0376479 0.180926 0.256222
684 0.222316 0.0408002 0.181516 0.263117
685 0.218275 0.0450559 0.173219 0.263331
686 0.224177 0.0404602 0.183716 0.264637
687 0.206878 0.0280216 0.178856 0.2349
688 0.210128 0.0324951 0.177633 0.242623
689 0.21913 0.029968 0.189162 0.249098
690 0.224626 0.037369 0.187257 0.261995
691 0.227405 0.0489553 0.17845 0.276361
692 0.219537 0.0435535 0.175983 0.26309
693 0.225652 0.0440454 0.181607 0.269697
694 0.213528 0.0221045 0.191424 0.235632
695 0.211839 0.0126178 0.199221 0.224457
696 0.21804 0.0319605 0.186079 0.25
697 0.229458 0.040191 0.189267 0.269649
698 0.232537 0.0466728 0.185864 0.27921
699 0.236579 0.0476404 0.188938 0.284219
700 0.238418 0.0463757 0.192042 0.284793
701 0.238204 0.0407279 0.197476 0.278932
702 0.231489 0.0381074 0.193382 0.269597
703 0.230827 0.0357643 0.195062 0.266591
704 0.239016 0.0459101 0.193106 0.284926
705 0.23799 0.0516618 0.186328 0.289652
706 0.228282 0.0391536 0.189129 0.267436
707 0.241903 0.0916259 0.150277 0.333529
708 0.233093 0.0455038 0.187589 0.278597
709 0.228539 0.0410039 0.187535 0.269543
710 0.228688 0.0435528 0.185136 0.272241
711 0.223471 0.0380609 0.18541 0.261532
712 0.231233 0.0422775 0.188955 0.27351
713 0.227042 0.0204613 0.206581 0.247503
714 0.219879 0.0133694 0.206509 0.233248
715 0.221119 0.0168707 0.204248 0.23799
716 0.218425 0.0173677 0.201057 0.235792
717 0.220178 0.0434694 0.176709 0.263647
718 0.211817 0.0326279 0.17919 0.244445
719 0.212502 0.0266219 0.18588 0.239124
720 0.209765 0.0250328 0.184732 0.234797
721 0.206065 0.0150746 0.190991 0.22114
722 0.203756 0.0120288 0.191727 0.215785
723 0.217291 0.0323808 0.184911 0.249672
724 0.217334 0.0395243 0.17781 0.256858
725 0.216607 0.0485151 0.168092 0.265122
726 0.218596 0.0401005 0.178495 0.258696
727 0.218617 0.0472007 0.171416 0.265818
728 0.216393 0.0440872 0.172306 0.260481
729 0.223963 0.0476045 0.176358 0.271567
730 0.221547 0.0474649 0.174082 0.269011
731 0.213207 0.0290753 0.184132 0.242283
732 0.208589 0.0132081 0.19538 0.221797
733 0.207733 0.0117725 0.195961 0.219506
734 0.205338 0.0139891 0.191349 0.219328
735 0.204911 0.0155382 0.189373 0.220449
736 0.207028 0.0171376 0.18989 0.224165
737 0.210855 0.0183396 0.192516 0.229195
738 0.208482 0.0264889 0.181993 0.234971
739 0.204333 0.0132259 0.191107 0.217559
740 0.211026 0.0285901 0.182436 0.239616
741 0.200634 0.00734555 0.193289 0.20798
742 0.206215 0.0165351 0.18968 0.22275
743 0.204398 0.0120546 0.192343 0.216452
744 0.219045 0.0402672 0.178778 0.259312
745 0.206514 0.0311137 0.175401 0.237628
746 0.212202 0.032465 0.179737 0.244667
747 0.207776 0.0112582 0.196518 0.219034
748 0.208375 0.0111477 0.197227 0.219522
749 0.210663 0.0218617 0.188801 0.232524
750 0.222359 0.0508813 0.171478 0.27324
751 0.215495 0.0304483 0.185047 0.245943
752 0.211283 0.0264923 0.18479 0.237775
753 0.216436 0.0252656 0.19117 0.241702
754 0.21387 0.025655 0.188215 0.239525
755 0.208824 0.011867 0.196957 0.220691
756 0.20737 0.0144145 0.192955 0.221784
757 0.207519 0.0135897 0.19393 0.221109
758 0.213314 0.0297973 0.183517 0.243111
759 0.207733 0.0150197 0.192714 0.222753
760 0.214341 0.0374467 0.176894 0.251787
761 0.210983 0.0310137 0.17997 0.241997
762 0.219601 0.0369706 0.18263 0.256571
763 0.213614 0.0315151 0.182098 0.245129
764 0.210534 0.0359602 0.174574 0.246495
765 0.208931 0.0271473 0.181783 0.236078
766 0.215046 0.0360456 0.179001 0.251092
767 0.213806 0.0313653 0.182441 0.245171
768 0.220627 0.0368421 0.183785 0.257469
769 0.214939 0.0335602 0.181379 0.2485
770 0.208418 0.0252632 0.183154 0.233681
771 0.216671 0.0272994 0.189372 0.243971
772 0.216885 0.0373478 0.179537 0.254233
773 0.21139 0.0366728 0.174717 0.248062
774 0.209059 0.0370694 0.17199 0.246128
775 0.214683 0.0383048 0.176378 0.252987
776 0.212095 0.0345249 0.17757 0.24662
777 0.214234 0.0323363 0.181897 0.24657
778 0.202858 0.0105911 0.192267 0.213449
779 0.204205 0.0133621 0.190843 0.217567
780 0.208246 0.0158927 0.192354 0.224139
781 0.211924 0.0276599 0.184264 0.239584
782 0.203649 0.0145927 0.189056 0.218242
783 0.214597 0.0208003 0.193797 0.235397
784 0.205809 0.0148698 0.190939 0.220679
785 0.207926 0.0160844 0.191841 0.22401
786 0.214383 0.0173499 0.197033 0.231733
787 0.207135 0.0133167 0.193818 0.220451
788 0.206536 0.018724 0.187812 0.22526
789 0.209679 0.00912529 0.200554 0.218804
790 0.210192 0.00974405 0.200448 0.219936
791 0.21325 0.0113617 0.201888 0.224612
792 0.209102 0.0102819 0.19882 0.219384
793 0.211304 0.0112392 0.200065 0.222543
794 0.219537 0.0328355 0.186701 0.252372
795 0.216008 0.0116773 0.204331 0.227686
796 0.212993 0.0121911 0.200802 0.225185
797 0.200698 0.0131563 0.187542 0.213855
798 0.200827 0.0115676 0.189259 0.212394
799 0.202687 0.0154255 0.187261 0.218112
