# ../output/graphs/perf_parallel86BIPED_thread4
# step - mean (0.0859814) - standard deviation (0.0607293) r=20 - ylow - yhigh
0 0.533899 0.240754 0.293145 0.774653
1 0.1148 0.131069 -0.0162685 0.245869
2 0.108254 0.113481 -0.00522699 0.221735
3 0.0871889 0.0224099 0.064779 0.109599
4 0.0893209 0.0325132 0.0568078 0.121834
5 0.0846815 0.0116696 0.0730119 0.0963511
6 0.111032 0.142154 -0.031122 0.253186
7 0.13016 0.161378 -0.031218 0.291539
8 0.0759731 0.0025124 0.0734607 0.0784855
9 0.0763485 0.00305775 0.0732907 0.0794062
10 0.0764385 0.00242933 0.0740092 0.0788679
11 0.0773244 0.00706828 0.0702561 0.0843927
12 0.122848 0.146272 -0.0234241 0.269121
13 0.076889 0.00329426 0.0735947 0.0801832
14 0.0765587 0.00335797 0.0732007 0.0799166
15 0.0869487 0.0351407 0.051808 0.122089
16 0.0782553 0.00768962 0.0705657 0.0859449
17 0.0753725 0.000910822 0.0744617 0.0762833
18 0.0926692 0.0620267 0.0306424 0.154696
19 0.0952667 0.0592561 0.0360106 0.154523
20 0.0976089 0.0639654 0.0336435 0.161574
21 0.0764986 0.00250138 0.0739972 0.079
22 0.0771292 0.0067088 0.0704204 0.083838
23 0.0890207 0.0569371 0.0320835 0.145958
24 0.121347 0.134717 -0.0133704 0.256064
25 0.0736909 0.00147233 0.0722186 0.0751632
26 0.0732855 0.00070087 0.0725846 0.0739864
27 0.0764235 0.00917406 0.0672495 0.0855976
28 0.0755677 0.00963468 0.065933 0.0852024
29 0.0729102 0.000589973 0.0723202 0.0735001
30 0.107864 0.097616 0.0102478 0.20548
31 0.0956871 0.0964232 -0.000736134 0.19211
32 0.082144 0.0210705 0.0610736 0.103214
33 0.0879847 0.0534216 0.034563 0.141406
34 0.0908524 0.05192 0.0389324 0.142772
35 0.0826545 0.0103357 0.0723188 0.0929903
36 0.080027 0.00165159 0.0783754 0.0816786
37 0.0829398 0.0152157 0.0677241 0.0981555
38 0.0813783 0.00749219 0.0738861 0.0888705
39 0.101333 0.0744501 0.0268824 0.175783
40 0.0993506 0.0500122 0.0493383 0.149363
41 0.0799069 0.00358075 0.0763261 0.0834876
42 0.0853872 0.0216919 0.0636953 0.107079
43 0.104185 0.0866258 0.0175595 0.190811
44 0.0797567 0.00140656 0.0783502 0.0811633
45 0.0993056 0.0596544 0.0396511 0.15896
46 0.10372 0.0711159 0.0326039 0.174836
47 0.10929 0.105774 0.00351608 0.215064
48 0.0789009 0.000568768 0.0783322 0.0794697
49 0.102173 0.0868078 0.0153655 0.188981
50 0.0902669 0.0326482 0.0576186 0.122915
51 0.085177 0.0107771 0.0743999 0.0959541
52 0.0812732 0.00824088 0.0730323 0.0895141
53 0.0833452 0.0129021 0.0704431 0.0962473
54 0.0796667 0.00247461 0.077192 0.0821413
55 0.0857925 0.0282794 0.0575132 0.114072
56 0.0808678 0.00853534 0.0723325 0.0894032
57 0.0813933 0.00628923 0.0751041 0.0876825
58 0.0795315 0.000699583 0.0788319 0.0802311
59 0.0794565 0.000824565 0.0786319 0.080281
60 0.118494 0.119061 -0.000566533 0.237555
61 0.0832851 0.00777643 0.0755087 0.0910616
62 0.0923388 0.0548591 0.0374798 0.147198
63 0.0791862 0.000698455 0.0784877 0.0798846
64 0.0860778 0.0178961 0.0681817 0.103974
65 0.0829098 0.0153324 0.0675774 0.0982421
66 0.0881048 0.0185348 0.06957 0.10664
67 0.132277 0.122763 0.00951416 0.25504
68 0.0818888 0.00865077 0.073238 0.0905396
69 0.100762 0.0792688 0.0214932 0.180031
70 0.0950264 0.065814 0.0292125 0.16084
71 0.0864532 0.027606 0.0588472 0.114059
72 0.107128 0.099193 0.0079351 0.206321
73 0.08312 0.00883156 0.0742884 0.0919515
74 0.0806726 0.00212182 0.0785508 0.0827944
75 0.0817086 0.00622178 0.0754868 0.0879304
76 0.0856574 0.0264036 0.0592539 0.112061
77 0.110431 0.130599 -0.0201676 0.24103
78 0.0825344 0.00789953 0.0746349 0.0904339
79 0.080012 0.00189081 0.0781212 0.0819028
80 0.0811681 0.00624724 0.0749209 0.0874153
81 0.0926542 0.0587981 0.033856 0.151452
82 0.0918584 0.0498041 0.0420543 0.141662
83 0.0792312 0.000902242 0.078329 0.0801335
84 0.0816786 0.00600052 0.0756781 0.0876791
85 0.0860178 0.0207514 0.0652664 0.106769
86 0.0798318 0.00169942 0.0781324 0.0815312
87 0.0791562 0.000469065 0.0786871 0.0796252
88 0.0797117 0.00188842 0.0778233 0.0816001
89 0.081078 0.00671064 0.0743674 0.0877886
90 0.0833002 0.010095 0.0732052 0.0933951
91 0.0878796 0.0376439 0.0502357 0.125523
92 0.0840959 0.0158388 0.0682571 0.0999347
93 0.0803423 0.00282571 0.0775166 0.083168
94 0.0888705 0.0268608 0.0620098 0.115731
95 0.0819188 0.00484723 0.0770716 0.086766
96 0.086228 0.021226 0.0650019 0.107454
97 0.0802072 0.00263143 0.0775757 0.0828386
98 0.0825194 0.0199315 0.0625879 0.102451
99 0.0795315 0.00787151 0.07166 0.087403
100 0.0797567 0.00855186 0.0712049 0.0883086
101 0.0797417 0.0070395 0.0727022 0.0867812
102 0.0819338 0.0157494 0.0661845 0.0976832
103 0.0772944 0.00244214 0.0748522 0.0797365
104 0.078961 0.000918094 0.0780429 0.0798791
105 0.0801171 0.00622808 0.073889 0.0863452
106 0.0902368 0.040575 0.0496619 0.130812
107 0.0874291 0.0221344 0.0652947 0.109564
108 0.127503 0.212924 -0.0854218 0.340427
109 0.0777598 0.00320547 0.0745543 0.0809653
110 0.0875943 0.027287 0.0603073 0.114881
111 0.132217 0.230392 -0.0981743 0.362609
112 0.0907623 0.0430423 0.04772 0.133805
113 0.0807927 0.00161285 0.0791799 0.0824056
114 0.0794414 0.00205314 0.0773883 0.0814946
115 0.079006 0.00108229 0.0779237 0.0800883
116 0.0784054 0.000629175 0.0777763 0.0790346
117 0.0793363 0.000582282 0.0787541 0.0799186
118 0.0817987 0.00681226 0.0749864 0.088611
119 0.0921437 0.040334 0.0518097 0.132478
120 0.0803123 0.00322091 0.0770914 0.0835332
121 0.0851469 0.0204244 0.0647225 0.105571
122 0.0955219 0.0504262 0.0450957 0.145948
123 0.0788859 0.000748316 0.0781376 0.0796342
124 0.0791562 0.000856745 0.0782994 0.0800129
125 0.0788108 0.000640361 0.0781705 0.0794512
126 0.0882699 0.026644 0.0616259 0.114914
127 0.081048 0.00790388 0.0731441 0.0889519
128 0.087279 0.0263162 0.0609628 0.113595
129 0.0797567 0.00129299 0.0784638 0.0810497
130 0.103314 0.0707282 0.0325862 0.174043
131 0.0815134 0.0143208 0.0671926 0.0958342
132 0.103915 0.102604 0.00131093 0.206519
133 0.0983897 0.0634766 0.0349131 0.161866
134 0.106317 0.0827839 0.0235334 0.189101
135 0.0920536 0.031148 0.0609056 0.123202
136 0.111452 0.0903786 0.0210736 0.201831
137 0.0799369 0.00847358 0.0714633 0.0884105
138 0.0860328 0.0266677 0.0593651 0.1127
139 0.0986749 0.0712727 0.0274022 0.169948
140 0.0792012 0.00618688 0.0730143 0.0853881
141 0.0780901 0.00132084 0.0767693 0.079411
142 0.0782853 0.0022891 0.0759962 0.0805744
143 0.0946511 0.0466301 0.048021 0.141281
144 0.096618 0.078777 0.017841 0.175395
145 0.0881949 0.0375052 0.0506896 0.1257
146 0.0826846 0.0114883 0.0711963 0.0941728
147 0.0832851 0.0134717 0.0698135 0.0967568
148 0.0787207 0.00123912 0.0774816 0.0799599
149 0.0811231 0.00593424 0.0751888 0.0870573
150 0.0798919 0.00335797 0.0765339 0.0832498
151 0.115041 0.102978 0.0120625 0.218019
152 0.0784955 0.00054052 0.077955 0.079036
153 0.0808528 0.0100068 0.070846 0.0908596
154 0.0857325 0.0235457 0.0621868 0.109278
155 0.0804324 0.0063291 0.0741033 0.0867615
156 0.109756 0.137886 -0.0281307 0.247642
157 0.0785406 0.00115709 0.0773835 0.0796977
158 0.0804024 0.00732845 0.0730739 0.0877308
159 0.0781652 0.000538011 0.0776272 0.0787032
160 0.0814384 0.00268015 0.0787582 0.0841185
161 0.0801471 0.00625863 0.0738885 0.0864057
162 0.0797868 0.00589294 0.0738938 0.0856797
163 0.110146 0.125262 -0.0151159 0.235408
164 0.129455 0.205348 -0.0758938 0.334803
165 0.0813333 0.0073863 0.073947 0.0887196
166 0.0817837 0.0089561 0.0728276 0.0907398
167 0.0793363 0.00135496 0.0779814 0.0806913
168 0.078946 0.00161683 0.0773291 0.0805628
169 0.0955519 0.0566116 0.0389403 0.152164
170 0.0817987 0.00721031 0.0745884 0.089009
171 0.0792913 0.00279362 0.0764977 0.0820849
172 0.0988101 0.0787753 0.0200348 0.177585
173 0.0962126 0.0676339 0.0285787 0.163846
174 0.0798618 0.00429893 0.0755629 0.0841608
175 0.110762 0.0918177 0.0189438 0.202579
176 0.0937202 0.0530038 0.0407164 0.146724
177 0.0827897 0.0136891 0.0691006 0.0964787
178 0.0896813 0.0458558 0.0438255 0.135537
179 0.0791712 0.00270306 0.0764681 0.0818742
180 0.0901467 0.0430483 0.0470984 0.133195
181 0.0781352 0.000386895 0.0777483 0.0785221
182 0.0829548 0.0185429 0.0644119 0.101498
183 0.0811231 0.00759931 0.0735237 0.0887224
184 0.10444 0.0727926 0.0316479 0.177233
185 0.11402 0.106862 0.00715801 0.220881
186 0.0812131 0.0117145 0.0694986 0.0929277
187 0.0901467 0.0466124 0.0435343 0.136759
188 0.0785406 0.000993566 0.077547 0.0795341
189 0.136616 0.237365 -0.100748 0.373981
190 0.0785105 0.000951849 0.0775587 0.0794624
191 0.0962576 0.0675921 0.0286656 0.16385
192 0.113554 0.0709403 0.042614 0.184495
193 0.0878195 0.0230205 0.064799 0.11084
194 0.093555 0.0316398 0.0619153 0.125195
195 0.0877594 0.0235105 0.0642489 0.11127
196 0.0805075 0.00113118 0.0793763 0.0816386
197 0.144934 0.177555 -0.0326201 0.322489
198 0.0801621 0.00419597 0.0759662 0.0843581
199 0.077985 0.00933657 0.0686485 0.0873216
200 0.076859 0.00708419 0.0697748 0.0839431
201 0.0923238 0.0578794 0.0344444 0.150203
202 0.0906422 0.0608162 0.029826 0.151458
203 0.0749521 0.000807994 0.0741441 0.0757601
204 0.100071 0.0997819 0.000289389 0.199853
205 0.0780151 0.0096978 0.0683173 0.0877129
206 0.0744867 0.000654292 0.0738324 0.075141
207 0.0760932 0.00316146 0.0729318 0.0792547
208 0.0750873 0.00125071 0.0738365 0.076338
209 0.0798168 0.0102074 0.0696094 0.0900242
210 0.0752824 0.00344365 0.0718388 0.0787261
211 0.10387 0.104099 -0.000228884 0.207969
212 0.113029 0.113293 -0.000264029 0.226322
213 0.0772493 0.00720373 0.0700456 0.0844531
214 0.109245 0.10234 0.00690536 0.211585
215 0.112473 0.152442 -0.0399692 0.264916
216 0.0753875 0.0032279 0.0721596 0.0786154
217 0.0763785 0.00622133 0.0701572 0.0825998
218 0.0857475 0.0477913 0.0379562 0.133539
219 0.0736459 0.0018114 0.0718345 0.0754573
220 0.101828 0.111877 -0.0100489 0.213705
221 0.106543 0.0911593 0.0153833 0.197702
222 0.0795015 0.0227092 0.0567922 0.102211
223 0.0726249 0.000834755 0.0717901 0.0734596
224 0.0802222 0.017756 0.0624662 0.0979782
225 0.104666 0.103161 0.00150488 0.207827
226 0.0874441 0.0606343 0.0268098 0.148078
227 0.0815585 0.036425 0.0451335 0.117983
228 0.0738861 0.00492279 0.0689633 0.0788089
229 0.0930746 0.0849402 0.00813437 0.178015
230 0.0817837 0.0235644 0.0582193 0.105348
231 0.0948312 0.0713295 0.0235017 0.166161
232 0.1039 0.111847 -0.00794659 0.215747
233 0.090432 0.0388807 0.0515513 0.129313
234 0.0774896 0.00483127 0.0726583 0.0823208
235 0.104711 0.107632 -0.00292079 0.212342
236 0.105416 0.124375 -0.0189589 0.229792
237 0.076889 0.00216848 0.0747205 0.0790575
238 0.0783904 0.00876436 0.0696261 0.0871548
239 0.0791261 0.00798255 0.0711436 0.0871087
240 0.0783154 0.00737917 0.0709362 0.0856945
241 0.0863631 0.0365759 0.0497872 0.122939
242 0.0930896 0.0501351 0.0429544 0.143225
243 0.0765286 0.00270806 0.0738206 0.0792367
244 0.0878946 0.0449975 0.0428971 0.132892
245 0.0759881 0.000877927 0.0751102 0.076866
246 0.0818738 0.0193481 0.0625257 0.101222
247 0.087264 0.0473106 0.0399534 0.134575
248 0.106768 0.0861933 0.0205744 0.192961
249 0.102384 0.0802155 0.022168 0.182599
250 0.0899966 0.0577264 0.0322702 0.147723
251 0.0836755 0.0263359 0.0573396 0.110011
252 0.0838407 0.0154176 0.0684231 0.0992583
253 0.0819038 0.0258629 0.0560409 0.107767
254 0.0767539 0.00296876 0.0737851 0.0797226
255 0.0787658 0.00901672 0.0697491 0.0877825
256 0.13495 0.209209 -0.0742592 0.344159
257 0.0763485 0.00247602 0.0738724 0.0788245
258 0.0842611 0.0341642 0.0500969 0.118425
259 0.0818588 0.0189756 0.0628831 0.100834
260 0.0871138 0.0398931 0.0472207 0.127007
261 0.0756728 0.00113157 0.0745412 0.0768044
262 0.0837656 0.0272524 0.0565132 0.111018
263 0.0785105 0.00853025 0.0699803 0.0870408
264 0.0780601 0.00720911 0.070851 0.0852692
265 0.0786607 0.00776726 0.0708934 0.0864279
266 0.0770091 0.00338472 0.0736244 0.0803938
267 0.0795616 0.0126982 0.0668634 0.0922597
268 0.0793363 0.0104112 0.0689251 0.0897476
269 0.0768139 0.00360422 0.0732097 0.0804181
270 0.0793664 0.00558497 0.0737814 0.0849513
271 0.0908975 0.0651953 0.0257022 0.156093
272 0.0766488 0.00158863 0.0750601 0.0782374
273 0.10441 0.0694278 0.0349827 0.173838
274 0.0767689 0.00173357 0.0750353 0.0785024
275 0.0793063 0.00573772 0.0735686 0.085044
276 0.0775496 0.00514352 0.0724061 0.0826931
277 0.0883 0.0535962 0.0347038 0.141896
278 0.104335 0.0774223 0.0269131 0.181758
279 0.0765887 0.00980639 0.0667823 0.0863951
280 0.124169 0.121315 0.00285428 0.245485
281 0.0768139 0.010108 0.0667059 0.0869219
282 0.0786907 0.0163644 0.0623264 0.0950551
283 0.122803 0.148926 -0.0261227 0.271729
284 0.0730153 0.000941371 0.0720739 0.0739566
285 0.074877 0.00865451 0.0662225 0.0835316
286 0.0771592 0.0121602 0.064999 0.0893195
287 0.0817086 0.0347777 0.0469309 0.116486
288 0.104786 0.0608642 0.0439217 0.16565
289 0.0774745 0.0107594 0.0667151 0.0882339
290 0.0761082 0.00770665 0.0684016 0.0838149
291 0.107864 0.133915 -0.0260511 0.241779
292 0.0959423 0.084476 0.0114664 0.180418
293 0.0750572 0.00725089 0.0678063 0.0823081
294 0.084141 0.0311768 0.0529641 0.115318
295 0.0905822 0.0793922 0.0111899 0.169974
296 0.0712736 0.000876901 0.0703967 0.0721505
297 0.0823242 0.0214864 0.0608379 0.103811
298 0.079997 0.0200156 0.0599813 0.100013
299 0.0989602 0.107172 -0.00821153 0.206132
300 0.0772944 0.00674307 0.0705513 0.0840374
301 0.0883 0.0495415 0.0387584 0.137841
302 0.0745317 0.000695219 0.0738365 0.0752269
303 0.0762584 0.00734664 0.0689117 0.083605
304 0.0790961 0.0201138 0.0589823 0.09921
305 0.0755527 0.00448769 0.071065 0.0800404
306 0.0981795 0.0885389 0.00964059 0.186718
307 0.0750722 0.00249439 0.0725778 0.0775666
308 0.102278 0.0488682 0.0534102 0.151147
309 0.0855974 0.0264572 0.0591401 0.112055
310 0.0780751 0.00144326 0.0766319 0.0795184
311 0.0889606 0.0496468 0.0393138 0.138607
312 0.0793664 0.00852583 0.0708405 0.0878922
313 0.091453 0.0680994 0.0233536 0.159552
314 0.0830449 0.0241787 0.0588662 0.107224
315 0.0996809 0.0980116 0.00166927 0.197693
316 0.0771893 0.00453374 0.0726555 0.081723
317 0.0981044 0.0831091 0.0149953 0.181213
318 0.0768289 0.00356987 0.0732591 0.0803988
319 0.0774745 0.00744208 0.0700325 0.0849166
320 0.0785406 0.0147727 0.0637679 0.0933133
321 0.0854322 0.0515905 0.0338417 0.137023
322 0.0780301 0.019648 0.0583821 0.0976781
323 0.0757028 0.00821711 0.0674857 0.08392
324 0.0806126 0.0211348 0.0594778 0.101747
325 0.0846064 0.0514179 0.0331885 0.136024
326 0.0742464 0.00568163 0.0685648 0.0799281
327 0.0798168 0.0161235 0.0636933 0.0959403
328 0.0873541 0.0631889 0.0241652 0.150543
329 0.0745617 0.00580195 0.0687598 0.0803637
330 0.0936751 0.0692575 0.0244176 0.162933
331 0.0895161 0.0668737 0.0226424 0.15639
332 0.0793814 0.0219302 0.0574512 0.101312
333 0.091453 0.0707291 0.0207239 0.162182
334 0.0732555 0.00251325 0.0707422 0.0757687
335 0.0722495 0.000439285 0.0718102 0.0726888
336 0.101002 0.0947837 0.0062185 0.195786
337 0.117848 0.190757 -0.072909 0.308606
338 0.0723246 0.00106708 0.0712575 0.0733917
339 0.0736759 0.00698085 0.066695 0.0806567
340 0.0735858 0.00807128 0.0655145 0.0816571
341 0.0842611 0.0525474 0.0317137 0.136809
342 0.0730153 0.00216599 0.0708493 0.0751812
343 0.157231 0.16939 -0.0121588 0.326621
344 0.0736308 0.00335007 0.0702808 0.0769809
345 0.0972336 0.107923 -0.0106897 0.205157
346 0.0735107 0.00699718 0.0665135 0.0805079
347 0.0721594 0.000849877 0.0713096 0.0730093
348 0.0722645 0.00112468 0.0711399 0.0733892
349 0.0724297 0.00279059 0.0696391 0.0752203
350 0.0986299 0.114682 -0.0160519 0.213312
351 0.0832251 0.0373829 0.0458421 0.120608
352 0.0776847 0.0153109 0.0623738 0.0929957
353 0.0984798 0.0967362 0.00174353 0.195216
354 0.0902218 0.0560726 0.0341492 0.146294
355 0.0786156 0.0192365 0.0593792 0.0978521
356 0.0748921 0.00613016 0.0687619 0.0810222
357 0.0814984 0.0265368 0.0549616 0.108035
358 0.0768139 0.0207599 0.0560541 0.0975738
359 0.097714 0.0781341 0.0195799 0.175848
360 0.073781 0.00349434 0.0702867 0.0772753
361 0.077955 0.0179718 0.0599832 0.0959268
362 0.118854 0.126682 -0.00782781 0.245537
363 0.0752224 0.00672909 0.0684933 0.0819515
364 0.0981494 0.0939058 0.0042436 0.192055
365 0.0731204 0.00205758 0.0710628 0.0751779
366 0.0952216 0.0885407 0.00668093 0.183762
367 0.0739011 0.00609808 0.067803 0.0799992
368 0.0981795 0.0973035 0.000875956 0.195483
369 0.0739311 0.00481737 0.0691138 0.0787485
370 0.0878345 0.0449667 0.0428679 0.132801
371 0.073841 0.00314071 0.0707003 0.0769818
372 0.103284 0.0899072 0.0133772 0.193192
373 0.0911377 0.0807131 0.0104246 0.171851
374 0.072715 0.000784641 0.0719303 0.0734996
375 0.075823 0.00879519 0.0670278 0.0846181
376 0.0754476 0.00851671 0.0669309 0.0839643
377 0.105792 0.122403 -0.0166107 0.228194
378 0.0806126 0.0335981 0.0470145 0.114211
379 0.0743966 0.00710605 0.0672905 0.0815026
380 0.0938703 0.0879238 0.00594649 0.181794
381 0.0985698 0.104554 -0.00598445 0.203124
382 0.0735708 0.00499419 0.0685766 0.078565
383 0.0869336 0.0602715 0.0266622 0.147205
384 0.0775796 0.0151348 0.0624449 0.0927144
385 0.0769941 0.00978933 0.0672048 0.0867834
386 0.0728651 0.00150227 0.0713628 0.0743674
387 0.0782403 0.0209729 0.0572674 0.0992132
388 0.0796366 0.0208465 0.0587901 0.100483
389 0.106062 0.138569 -0.0325072 0.244631
390 0.0751173 0.0048525 0.0702648 0.0799698
391 0.0971435 0.0595347 0.0376088 0.156678
392 0.0866334 0.0360274 0.050606 0.122661
393 0.140836 0.166626 -0.0257909 0.307462
394 0.0730153 0.00340834 0.0696069 0.0764236
395 0.0900867 0.0503916 0.0396951 0.140478
396 0.0796667 0.0114619 0.0682048 0.0911285
397 0.0964528 0.0927873 0.00366549 0.18924
398 0.0814834 0.0188911 0.0625923 0.100374
399 0.0754026 0.00180148 0.0736011 0.077204
400 0.120836 0.120004 0.000832555 0.24084
401 0.0843512 0.0204565 0.0638947 0.104808
402 0.0777448 0.00657002 0.0711748 0.0843148
403 0.0767238 0.00717904 0.0695448 0.0839029
404 0.0932697 0.080289 0.0129807 0.173559
405 0.0796817 0.0195327 0.060149 0.0992144
406 0.0856724 0.0321734 0.053499 0.117846
407 0.121092 0.117861 0.00323043 0.238953
408 0.0746668 0.00127145 0.0733954 0.0759383
409 0.103945 0.114235 -0.0102898 0.21818
410 0.0750272 0.00899679 0.0660304 0.084024
411 0.0773394 0.0160078 0.0613316 0.0933472
412 0.0725348 0.00326401 0.0692708 0.0757988
413 0.0871288 0.0571521 0.0299767 0.144281
414 0.0893209 0.06434 0.024981 0.153661
415 0.0732555 0.00622292 0.0670326 0.0794784
416 0.0764385 0.0157004 0.0607382 0.0921389
417 0.0818588 0.0321002 0.0497585 0.113959
418 0.0941406 0.075133 0.0190076 0.169274
419 0.0730153 0.00683662 0.0661786 0.0798519
420 0.0922788 0.0679136 0.0243652 0.160192
421 0.11938 0.136721 -0.0173413 0.256101
422 0.0792312 0.0416485 0.0375827 0.12088
423 0.0701775 0.0029607 0.0672168 0.0731382
424 0.0730753 0.00997993 0.0630954 0.0830552
425 0.0920085 0.088859 0.00314952 0.180868
426 0.0721895 0.00868318 0.0635063 0.0808726
427 0.0826545 0.0311156 0.0515389 0.11377
428 0.0938403 0.087364 0.00647626 0.181204
429 0.0783454 0.0209207 0.0574247 0.099266
430 0.0765737 0.00892874 0.0676449 0.0855024
431 0.09875 0.105306 -0.00655568 0.204056
432 0.0823843 0.023234 0.0591503 0.105618
433 0.0754176 0.00595699 0.0694606 0.0813746
434 0.0750272 0.0081711 0.0668561 0.0831983
435 0.0773094 0.01007 0.0672394 0.0873794
436 0.0770842 0.0195366 0.0575476 0.0966208
437 0.0969183 0.107291 -0.0103725 0.204209
438 0.0775796 0.00901831 0.0685613 0.086598
439 0.108975 0.10788 0.00109517 0.216855
440 0.0808078 0.0342553 0.0465524 0.115063
441 0.0740663 0.00497364 0.0690926 0.0790399
442 0.0794715 0.0218857 0.0575857 0.101357
443 0.0926542 0.0829416 0.00971255 0.175596
444 0.0730603 0.00172005 0.0713402 0.0747804
445 0.0756428 0.0105135 0.0651293 0.0861563
446 0.0892459 0.0418893 0.0473565 0.131135
447 0.0843812 0.0457373 0.0386439 0.130118
448 0.100101 0.0597327 0.0403686 0.159834
449 0.072715 0.0010017 0.0717133 0.0737167
450 0.0763935 0.00347402 0.0729195 0.0798675
451 0.0784505 0.00596879 0.0724817 0.0844193
452 0.107624 0.126907 -0.0192832 0.23453
453 0.0787958 0.00684066 0.0719552 0.0856365
454 0.0839758 0.0171023 0.0668735 0.101078
455 0.0782553 0.00722406 0.0710312 0.0854794
456 0.0802222 0.00886706 0.0713551 0.0890892
457 0.0863331 0.0358691 0.050464 0.122202
458 0.102023 0.082646 0.0193772 0.184669
459 0.0870087 0.0466876 0.0403211 0.133696
460 0.0817537 0.0387019 0.0430518 0.120456
461 0.0795315 0.015004 0.0645275 0.0945355
462 0.0743515 0.00277081 0.0715807 0.0771223
463 0.0754476 0.00707235 0.0683752 0.0825199
464 0.0733306 0.00178565 0.0715449 0.0751162
465 0.0744116 0.0027695 0.0716421 0.0771811
466 0.0781802 0.0197932 0.058387 0.0979734
467 0.0761082 0.00744418 0.068664 0.0835524
468 0.0972636 0.071516 0.0257476 0.16878
469 0.073826 0.00208971 0.0717363 0.0759157
470 0.0744116 0.00425691 0.0701547 0.0786685
471 0.0790661 0.0243344 0.0547317 0.1034
472 0.0851169 0.0424394 0.0426775 0.127556
473 0.0760332 0.00790884 0.0681243 0.083942
474 0.073781 0.00202133 0.0717597 0.0758023
475 0.0735107 0.00111391 0.0723968 0.0746246
476 0.0753275 0.00717262 0.0681549 0.0825001
477 0.075868 0.00755826 0.0683097 0.0834263
478 0.0738861 0.00182282 0.0720633 0.0757089
479 0.138298 0.149534 -0.0112359 0.287832
480 0.0814684 0.0276804 0.053788 0.109149
481 0.139124 0.135039 0.00408526 0.274162
482 0.0777898 0.0174735 0.0603164 0.0952633
483 0.0739612 0.00207634 0.0718848 0.0760375
484 0.0774745 0.0185468 0.0589277 0.0960214
485 0.0741263 0.00176706 0.0723593 0.0758934
486 0.0743666 0.00192578 0.0724408 0.0762923
487 0.0967981 0.0860822 0.010716 0.18288
488 0.0757479 0.0072006 0.0685473 0.0829485
489 0.079997 0.020727 0.05927 0.100724
490 0.0982846 0.0958478 0.00243678 0.194132
491 0.0735107 0.00612369 0.067387 0.0796344
492 0.0711384 0.0019389 0.0691995 0.0730773
493 0.14522 0.166888 -0.0216687 0.312108
494 0.0740813 0.000616142 0.0734651 0.0746974
495 0.0919635 0.0544332 0.0375303 0.146397
496 0.0827296 0.0253954 0.0573342 0.108125
497 0.0873991 0.0533289 0.0340702 0.140728
498 0.0762884 0.00754107 0.0687473 0.0838295
499 0.0904921 0.0685276 0.0219645 0.15902
500 0.0774295 0.00809404 0.0693355 0.0855235
501 0.0770091 0.00537381 0.0716353 0.0823829
502 0.087339 0.055428 0.031911 0.142767
503 0.0826245 0.032679 0.0499455 0.115304
504 0.0970384 0.0880423 0.00899612 0.185081
505 0.0853421 0.0213606 0.0639815 0.106703
506 0.10342 0.0939884 0.00943107 0.197408
507 0.0931196 0.0601306 0.032989 0.15325
508 0.0772193 0.00393628 0.073283 0.0811556
509 0.0957772 0.0867426 0.00903453 0.18252
510 0.0782403 0.00477495 0.0734653 0.0830152
511 0.0756278 0.000495931 0.0751318 0.0761237
512 0.0851619 0.0228751 0.0622868 0.108037
513 0.0796216 0.0127753 0.0668463 0.0923969
514 0.0954619 0.0779129 0.017549 0.173375
515 0.0757028 0.000963267 0.0747396 0.0766661
516 0.0730753 0.00185907 0.0712162 0.0749344
517 0.0753425 0.00803906 0.0673034 0.0833816
518 0.0749821 0.00596442 0.0690177 0.0809466
519 0.0863631 0.0536969 0.0326662 0.14006
520 0.0873541 0.053093 0.0342611 0.140447
521 0.0795465 0.0259848 0.0535618 0.105531
522 0.0808528 0.0289068 0.051946 0.10976
523 0.0782103 0.0180782 0.0601321 0.0962884
524 0.0741564 0.00595866 0.0681977 0.080115
525 0.0720543 0.000694407 0.0713599 0.0727487
526 0.0783304 0.026249 0.0520814 0.104579
527 0.0786607 0.0240564 0.0546043 0.102717
528 0.076919 0.0102179 0.0667011 0.0871369
529 0.0721744 0.000818392 0.0713561 0.0729928
530 0.0741564 0.00773993 0.0664164 0.0818963
531 0.0720543 0.000640362 0.071414 0.0726947
532 0.0761383 0.0102563 0.065882 0.0863946
533 0.106783 0.102769 0.00401356 0.209552
534 0.0733456 0.00561217 0.0677334 0.0789577
535 0.086243 0.0566836 0.0295594 0.142927
536 0.0730753 0.00218258 0.0708927 0.0752579
537 0.0719943 0.000433863 0.0715604 0.0724281
538 0.0729402 0.00189182 0.0710484 0.074832
539 0.07276 0.00162017 0.0711398 0.0743802
540 0.0766638 0.0171665 0.0594973 0.0938302
541 0.072745 0.00217968 0.0705653 0.0749247
542 0.0731053 0.00302901 0.0700763 0.0761344
543 0.0719943 0.00111502 0.0708793 0.0731093
544 0.0791862 0.0165552 0.062631 0.0957414
545 0.0725048 0.00139068 0.0711141 0.0738954
546 0.0728351 0.00284954 0.0699855 0.0756846
547 0.0801771 0.0283232 0.051854 0.1085
548 0.10932 0.146738 -0.0374178 0.256058
549 0.0786757 0.0226733 0.0560024 0.101349
550 0.074862 0.00693472 0.0679273 0.0817968
551 0.0911978 0.0495144 0.0416834 0.140712
552 0.0728201 0.00339008 0.06943 0.0762101
553 0.0957922 0.0655126 0.0302796 0.161305
554 0.0762434 0.0104684 0.065775 0.0867117
555 0.0730002 0.00215895 0.0708413 0.0751592
556 0.105987 0.0986703 0.0073167 0.204657
557 0.0787358 0.0130491 0.0656866 0.0917849
558 0.0723396 0.000821827 0.0715178 0.0731614
559 0.0732255 0.00339509 0.0698304 0.0766205
560 0.0916632 0.0547546 0.0369086 0.146418
561 0.0795766 0.0228417 0.0567349 0.102418
562 0.0979092 0.0987354 -0.000826211 0.196645
563 0.094576 0.0964741 -0.00189807 0.19105
564 0.081048 0.0387321 0.0423158 0.11978
565 0.0964678 0.0919976 0.00447025 0.188465
566 0.0939304 0.0896586 0.0042718 0.183589
567 0.0745768 0.00915329 0.0654235 0.08373
568 0.0740362 0.00721598 0.0668203 0.0812522
569 0.0761232 0.00909509 0.0670282 0.0852183
570 0.0921737 0.0704099 0.0217638 0.162584
571 0.0723396 0.000650317 0.0716893 0.0729899
572 0.0815284 0.022034 0.0594944 0.103562
573 0.0864232 0.055141 0.0312822 0.141564
574 0.0741263 0.00755349 0.0665728 0.0816798
575 0.0760181 0.0103009 0.0657172 0.0863191
576 0.0815134 0.0176189 0.0638945 0.0991324
577 0.0800871 0.0222915 0.0577956 0.102379
578 0.0954018 0.0573184 0.0380834 0.15272
579 0.0760332 0.00841752 0.0676156 0.0844507
580 0.0724597 0.000546327 0.0719134 0.073006
581 0.0957321 0.0591622 0.0365699 0.154894
582 0.0857775 0.0278493 0.0579282 0.113627
583 0.0742314 0.00325312 0.0709783 0.0774845
584 0.0749671 0.0106817 0.0642854 0.0856488
585 0.0734657 0.00249127 0.0709744 0.075957
586 0.0742615 0.00758198 0.0666795 0.0818434
587 0.128404 0.149768 -0.0213648 0.278172
588 0.0746218 0.00617421 0.0684476 0.080796
589 0.0916932 0.0723447 0.0193485 0.164038
590 0.089381 0.0550816 0.0342994 0.144463
591 0.0736308 0.00254733 0.0710835 0.0761782
592 0.0717991 0.000544675 0.0712544 0.0723438
593 0.0756278 0.00237262 0.0732552 0.0780004
594 0.0877444 0.0523395 0.035405 0.140084
595 0.0829398 0.0199344 0.0630054 0.102874
596 0.0802222 0.0200066 0.0602156 0.100229
597 0.0749371 0.00164879 0.0732883 0.0765859
598 0.0982395 0.0764183 0.0218213 0.174658
599 0.0756878 0.00293835 0.0727495 0.0786262
600 0.0943358 0.0454652 0.0488706 0.139801
601 0.0774445 0.0083001 0.0691444 0.0857446
602 0.0748921 0.00309225 0.0717998 0.0779843
603 0.087339 0.0342451 0.0530939 0.121584
604 0.0763485 0.00615766 0.0701908 0.0825061
605 0.0765887 0.00565826 0.0709304 0.082247
606 0.0752824 0.00203023 0.0732522 0.0773127
607 0.0915581 0.0524698 0.0390883 0.144028
608 0.0973987 0.048716 0.0486827 0.146115
609 0.0897564 0.0711205 0.0186359 0.160877
610 0.0814384 0.0240272 0.0574112 0.105466
611 0.0878045 0.0564481 0.0313564 0.144253
612 0.0958672 0.0746659 0.0212014 0.170533
613 0.0724447 0.00697154 0.0654732 0.0794162
614 0.0794264 0.0361296 0.0432968 0.115556
615 0.0690665 0.000484202 0.0685823 0.0695507
616 0.0714387 0.00718557 0.0642532 0.0786243
617 0.0955069 0.0517355 0.0437714 0.147242
618 0.0733756 0.00927464 0.064101 0.0826502
619 0.0941406 0.0796524 0.0144882 0.173793
620 0.0762884 0.0196611 0.0566273 0.0959495
621 0.0767088 0.0310777 0.0456311 0.107787
622 0.0732705 0.00772566 0.0655448 0.0809962
623 0.0747719 0.00576054 0.0690114 0.0805325
624 0.0730603 0.00272602 0.0703343 0.0757863
625 0.0725498 0.00139044 0.0711594 0.0739402
626 0.0780451 0.020573 0.0574721 0.098618
627 0.0724447 0.00106115 0.0713836 0.0735059
628 0.0838557 0.0456732 0.0381825 0.129529
629 0.0791111 0.0256084 0.0535027 0.10472
630 0.0756128 0.00843571 0.067177 0.0840485
631 0.0731053 0.00531899 0.0677863 0.0784243
632 0.0968882 0.0832909 0.0135973 0.180179
633 0.0784955 0.0209533 0.0575422 0.0994488
634 0.0755077 0.00756554 0.0679421 0.0830732
635 0.0786757 0.0258179 0.0528578 0.104494
636 0.081063 0.0371078 0.0439552 0.118171
637 0.0742014 0.00723123 0.0669702 0.0814326
638 0.0737209 0.00696094 0.06676 0.0806819
639 0.0733756 0.0050706 0.068305 0.0784462
640 0.0908224 0.0616846 0.0291378 0.152507
641 0.0784205 0.0251592 0.0532613 0.10358
642 0.074862 0.00750007 0.067362 0.0823621
643 0.076904 0.00448618 0.0724178 0.0813902
644 0.0791712 0.00736613 0.0718051 0.0865373
645 0.0782553 0.00765083 0.0706045 0.0859061
646 0.0789159 0.00867289 0.070243 0.0875888
647 0.0817236 0.0186206 0.063103 0.100344
648 0.138884 0.125067 0.0138168 0.26395
649 0.089396 0.0514215 0.0379745 0.140818
650 0.0857475 0.0378255 0.047922 0.123573
651 0.0812131 0.00993111 0.071282 0.0911443
652 0.0843361 0.0203516 0.0639846 0.104688
653 0.108645 0.111923 -0.00327858 0.220568
654 0.0760332 0.000803518 0.0752296 0.0768367
655 0.0889005 0.046085 0.0428156 0.134986
656 0.103675 0.0930355 0.0106393 0.19671
657 0.0796066 0.0148146 0.064792 0.0944212
658 0.0771142 0.0110016 0.0661126 0.0881158
659 0.0745768 0.00462023 0.0699565 0.079197
660 0.0930145 0.0845799 0.00843462 0.177594
661 0.127608 0.157808 -0.0302006 0.285416
662 0.0815435 0.0283908 0.0531527 0.109934
663 0.0793814 0.015675 0.0637063 0.0950564
664 0.0913629 0.0561474 0.0352156 0.14751
665 0.0960925 0.0914703 0.00462221 0.187563
666 0.0863631 0.0580364 0.0283267 0.1444
667 0.0802522 0.0171843 0.063068 0.0974365
668 0.0760932 0.00975426 0.066339 0.0858475
669 0.0937652 0.0816026 0.0121626 0.175368
670 0.0825795 0.0412698 0.0413097 0.123849
671 0.0736158 0.00252542 0.0710904 0.0761413
672 0.112879 0.166865 -0.0539867 0.279744
673 0.0738561 0.0020966 0.0717595 0.0759527
674 0.0749972 0.00491124 0.0700859 0.0799084
675 0.0899065 0.0525466 0.0373599 0.142453
676 0.0849217 0.0426452 0.0422765 0.127567
677 0.0869787 0.0417105 0.0452682 0.128689
678 0.0743215 0.0045714 0.0697501 0.0788929
679 0.0969333 0.0983456 -0.00141228 0.195279
680 0.0736609 0.00269441 0.0709665 0.0763553
681 0.0740513 0.00190725 0.072144 0.0759585
682 0.0773845 0.0126945 0.06469 0.0900789
683 0.0844412 0.0292535 0.0551877 0.113695
684 0.0734357 0.00189319 0.0715425 0.0753289
685 0.0805976 0.0261611 0.0544365 0.106759
686 0.105236 0.118135 -0.0128984 0.223371
687 0.102849 0.087011 0.015838 0.18986
688 0.125581 0.159567 -0.0339858 0.285148
689 0.0778199 0.00792687 0.069893 0.0857468
690 0.0957922 0.0837912 0.012001 0.179583
691 0.0745768 0.00127852 0.0732982 0.0758553
692 0.0793063 0.0215093 0.057797 0.100816
693 0.0754626 0.00316958 0.072293 0.0786322
694 0.110536 0.143892 -0.033356 0.254429
695 0.0749221 0.000732484 0.0741896 0.0756546
696 0.100987 0.110498 -0.00951129 0.211486
697 0.0755527 0.00234802 0.0732047 0.0779007
698 0.0887204 0.0527524 0.0359679 0.141473
699 0.0749221 0.00116495 0.0737571 0.076087
700 0.10929 0.125062 -0.0157718 0.234352
701 0.115776 0.152012 -0.0362353 0.267788
702 0.0866784 0.0347463 0.0519321 0.121425
703 0.0784355 0.00489904 0.0735364 0.0833345
704 0.108194 0.0530106 0.0551835 0.161205
705 0.0767388 0.0011134 0.0756254 0.0778522
706 0.0760932 0.000802395 0.0752908 0.0768956
707 0.0772343 0.00325865 0.0739757 0.080493
708 0.0793363 0.00880548 0.0705309 0.0881418
709 0.103945 0.0930143 0.0109307 0.196959
710 0.0757329 0.000533804 0.0751991 0.0762667
711 0.0884501 0.031765 0.0566851 0.120215
712 0.0792613 0.0123135 0.0669478 0.0915748
713 0.0903419 0.0343566 0.0559854 0.124698
714 0.0892309 0.0411612 0.0480697 0.130392
715 0.107594 0.137089 -0.0294957 0.244683
716 0.0849367 0.0381856 0.0467511 0.123122
717 0.0887054 0.0679101 0.0207953 0.156615
718 0.0746068 0.00444537 0.0701614 0.0790522
719 0.0728501 0.00209213 0.070758 0.0749422
720 0.0910776 0.0829946 0.00808307 0.174072
721 0.0730603 0.00220073 0.0708596 0.075261
722 0.0733155 0.00259585 0.0707197 0.0759114
723 0.0773244 0.0216349 0.0556895 0.0989593
724 0.108539 0.12172 -0.0131811 0.23026
725 0.0723096 0.0023599 0.0699497 0.0746695
726 0.0721744 0.00057193 0.0716025 0.0727464
727 0.0741864 0.00714756 0.0670388 0.0813339
728 0.0740513 0.00614559 0.0679057 0.0801968
729 0.0734957 0.00384426 0.0696515 0.07734
730 0.0725949 0.00271737 0.0698775 0.0753122
731 0.0997109 0.104327 -0.0046157 0.204038
732 0.0895011 0.0692257 0.0202754 0.158727
733 0.0742314 0.00925436 0.0649771 0.0834858
734 0.0721144 0.00067331 0.0714411 0.0727877
735 0.0781352 0.0248632 0.0532719 0.102998
736 0.101047 0.065432 0.0356153 0.166479
737 0.0732255 0.00516049 0.068065 0.078386
738 0.0756578 0.00924406 0.0664137 0.0849019
739 0.169994 0.264747 -0.0947533 0.43474
740 0.0749521 0.0102056 0.0647465 0.0851577
741 0.0807777 0.0383808 0.042397 0.119158
742 0.0834653 0.029619 0.0538463 0.113084
743 0.115536 0.134843 -0.0193065 0.250379
744 0.0725498 0.00200857 0.0705412 0.0745584
745 0.0740813 0.00388651 0.0701948 0.0779678
746 0.0791712 0.0269474 0.0522238 0.106119
747 0.0753725 0.00827622 0.0670963 0.0836487
748 0.0725498 0.00122862 0.0713212 0.0737784
749 0.120296 0.163813 -0.0435174 0.284109
750 0.0928944 0.0903633 0.00253105 0.183258
751 0.0908074 0.0748633 0.0159441 0.165671
752 0.0785856 0.0173223 0.0612633 0.0959079
753 0.0744416 0.00754491 0.0668967 0.0819865
754 0.0911077 0.0801379 0.0109698 0.171246
755 0.084231 0.0450467 0.0391844 0.129278
756 0.0741263 0.00485436 0.069272 0.0789807
757 0.0968582 0.100135 -0.00327632 0.196993
758 0.0736308 0.0045259 0.0691049 0.0781568
759 0.0971285 0.0985598 -0.00143137 0.195688
760 0.072775 0.00111663 0.0716584 0.0738917
761 0.0725198 0.00122899 0.0712908 0.0737488
762 0.074847 0.00599968 0.0688473 0.0808467
763 0.0780151 0.0248186 0.0531965 0.102834
764 0.0738561 0.00330383 0.0705522 0.0771599
765 0.0739311 0.00317455 0.0707566 0.0771057
766 0.106708 0.108484 -0.0017763 0.215192
767 0.073826 0.00314412 0.0706819 0.0769702
768 0.0926391 0.0401701 0.052469 0.132809
769 0.0774745 0.014963 0.0625115 0.0924376
770 0.0778649 0.0199422 0.0579227 0.0978072
771 0.105792 0.134885 -0.0290929 0.240676
772 0.0772043 0.0171501 0.0600542 0.0943544
773 0.0735107 0.00245907 0.0710517 0.0759698
774 0.0727 0.000821827 0.0718781 0.0735218
775 0.0792012 0.0225323 0.056669 0.101733
776 0.0856124 0.0549753 0.0306371 0.140588
777 0.0734807 0.00181197 0.0716687 0.0752927
778 0.0768439 0.0088363 0.0680076 0.0856802
779 0.0896212 0.0422191 0.0474021 0.13184
780 0.0873691 0.0621077 0.0252613 0.149477
781 0.0745467 0.00752514 0.0670216 0.0820719
782 0.0836155 0.0466219 0.0369936 0.130237
783 0.0861229 0.0407394 0.0453834 0.126862
784 0.0745467 0.00641865 0.0681281 0.0809654
785 0.0749221 0.00220973 0.0727124 0.0771318
786 0.0815735 0.0316453 0.0499282 0.113219
787 0.0991704 0.0864014 0.012769 0.185572
788 0.108029 0.153524 -0.0454952 0.261553
789 0.0887954 0.0592724 0.029523 0.148068
790 0.0762133 0.00600323 0.0702101 0.0822166
791 0.0861979 0.0291095 0.0570884 0.115307
792 0.0806576 0.0248556 0.055802 0.105513
793 0.0757028 0.00311187 0.072591 0.0788147
794 0.0824293 0.0269454 0.0554839 0.109375
795 0.0797567 0.0141258 0.0656309 0.0938826
796 0.0791562 0.00926205 0.0698941 0.0884182
797 0.0740663 0.00605309 0.0680132 0.0801194
798 0.0936151 0.0782663 0.0153488 0.171881
799 0.0725048 0.00358902 0.0689157 0.0760938
