# ../output/graphs/perf_parallel87QUADRUPED_thread2
# step - mean (0.468859) - standard deviation (0.0745506) r=20 - ylow - yhigh
0 0.440099 0.0734689 0.366631 0.513568
1 0.455752 0.0703241 0.385428 0.526076
2 0.451561 0.0803984 0.371162 0.531959
3 0.445659 0.0534116 0.392247 0.499071
4 0.45866 0.0738119 0.384848 0.532472
5 0.474889 0.0894425 0.385447 0.564332
6 0.45836 0.0758669 0.382493 0.534227
7 0.483314 0.0995375 0.383776 0.582852
8 0.449722 0.0561402 0.393581 0.505862
9 0.436165 0.0157386 0.420426 0.451904
10 0.454875 0.0552291 0.399646 0.510104
11 0.447947 0.0526562 0.395291 0.500603
12 0.440955 0.0137628 0.427192 0.454718
13 0.431439 0.00783002 0.423609 0.439269
14 0.432594 0.0101188 0.422475 0.442713
15 0.457548 0.083132 0.374416 0.54068
16 0.469736 0.102714 0.367022 0.57245
17 0.449572 0.0572897 0.392282 0.506862
18 0.460926 0.0817368 0.379189 0.542663
19 0.446493 0.0397384 0.406754 0.486231
20 0.436635 0.0143815 0.422254 0.451017
21 0.439693 0.0153398 0.424353 0.455033
22 0.502302 0.102136 0.400166 0.604438
23 0.440377 0.0129586 0.427419 0.453336
24 0.438261 0.0130751 0.425186 0.451336
25 0.452737 0.0666693 0.386067 0.519406
26 0.471211 0.0830907 0.388121 0.554302
27 0.509914 0.119429 0.390485 0.629343
28 0.49114 0.108199 0.382941 0.599339
29 0.46933 0.0892233 0.380106 0.558553
30 0.451475 0.0656415 0.385834 0.517117
31 0.471254 0.0848687 0.386385 0.556123
32 0.47196 0.0916423 0.380317 0.563602
33 0.484918 0.100349 0.384569 0.585266
34 0.462402 0.0612604 0.401141 0.523662
35 0.472794 0.0754997 0.397294 0.548293
36 0.463428 0.0620851 0.401343 0.525513
37 0.464241 0.0905698 0.373671 0.55481
38 0.44645 0.0133703 0.43308 0.45982
39 0.448824 0.0198763 0.428947 0.4687
40 0.446001 0.0153896 0.430612 0.461391
41 0.471254 0.080428 0.390826 0.551682
42 0.484789 0.0944817 0.390308 0.579271
43 0.461717 0.0710265 0.390691 0.532744
44 0.453143 0.0569758 0.396167 0.510119
45 0.459579 0.0622675 0.397312 0.521847
46 0.443799 0.0143241 0.429475 0.458123
47 0.446172 0.0556836 0.390489 0.501856
48 0.476365 0.0834663 0.392898 0.559831
49 0.444846 0.0234823 0.421364 0.468329
50 0.480278 0.0928206 0.387457 0.573098
51 0.443392 0.0157999 0.427593 0.459192
52 0.447926 0.0550861 0.392839 0.503012
53 0.448802 0.055965 0.392837 0.504767
54 0.461717 0.0817546 0.379963 0.543472
55 0.463514 0.0767411 0.386772 0.540255
56 0.461439 0.0752175 0.386222 0.536657
57 0.460092 0.0672807 0.392812 0.527373
58 0.449914 0.0520882 0.397826 0.502002
59 0.449893 0.0586829 0.39121 0.508576
60 0.438496 0.01401 0.424486 0.452506
61 0.447498 0.0548518 0.392646 0.50235
62 0.447733 0.0561979 0.391535 0.503931
63 0.435908 0.00888153 0.427027 0.44479
64 0.44598 0.0196155 0.426364 0.465595
65 0.453293 0.0628844 0.390408 0.516177
66 0.465502 0.0777889 0.387713 0.543291
67 0.464925 0.0594214 0.405503 0.524346
68 0.443841 0.00889612 0.434945 0.452738
69 0.459087 0.0608764 0.398211 0.519964
70 0.457013 0.0664685 0.390545 0.523482
71 0.440677 0.0122219 0.428455 0.452899
72 0.481539 0.0751268 0.406412 0.556666
73 0.499543 0.101213 0.398331 0.600756
74 0.50119 0.103992 0.397198 0.605182
75 0.4964 0.0959774 0.400423 0.592378
76 0.498731 0.0956114 0.403119 0.594342
77 0.472259 0.0585136 0.413746 0.530773
78 0.459323 0.0116346 0.447688 0.470957
79 0.462188 0.0125091 0.449679 0.474697
80 0.474568 0.0612476 0.413321 0.535816
81 0.49965 0.103258 0.396392 0.602909
82 0.472045 0.0553347 0.416711 0.52738
83 0.486735 0.0810921 0.405643 0.567827
84 0.470826 0.0737517 0.397075 0.544578
85 0.467405 0.0568921 0.410513 0.524297
86 0.45464 0.00696421 0.447676 0.461604
87 0.486308 0.0824432 0.403864 0.568751
88 0.46779 0.0599708 0.407819 0.527761
89 0.457206 0.00944129 0.447764 0.466647
90 0.476707 0.0668025 0.409904 0.543509
91 0.488211 0.0787418 0.409469 0.566952
92 0.512929 0.114151 0.398778 0.62708
93 0.504312 0.100768 0.403544 0.605079
94 0.486393 0.0819657 0.404427 0.568359
95 0.483357 0.0814367 0.40192 0.564793
96 0.502002 0.108806 0.393196 0.610809
97 0.47583 0.0649078 0.410922 0.540738
98 0.489408 0.080855 0.408553 0.570263
99 0.497747 0.0894649 0.408282 0.587212
100 0.458318 0.0113897 0.446928 0.469707
101 0.466764 0.0624759 0.404288 0.52924
102 0.474547 0.0621668 0.41238 0.536714
103 0.485666 0.0820721 0.403594 0.567738
104 0.486928 0.0879351 0.398993 0.574863
105 0.479936 0.0783868 0.401549 0.558322
106 0.466635 0.056013 0.410622 0.522648
107 0.4667 0.0548916 0.411808 0.521591
108 0.468816 0.0607282 0.408088 0.529545
109 0.456457 0.013223 0.443234 0.46968
110 0.451154 0.00785708 0.443297 0.459011
111 0.457355 0.0156053 0.44175 0.472961
112 0.476108 0.0639489 0.412159 0.540057
113 0.46176 0.0260083 0.435752 0.487768
114 0.459109 0.0133621 0.445747 0.472471
115 0.452266 0.00987732 0.442389 0.462144
116 0.451732 0.013853 0.437879 0.465585
117 0.444846 0.0102339 0.434613 0.45508
118 0.445552 0.00821974 0.437332 0.453772
119 0.447776 0.00886337 0.438913 0.456639
120 0.460285 0.066471 0.393814 0.526756
121 0.475894 0.0881234 0.387771 0.564018
122 0.487398 0.0835781 0.40382 0.570976
123 0.507648 0.108166 0.399482 0.615813
124 0.521332 0.129362 0.391971 0.650694
125 0.49764 0.0999753 0.397665 0.597616
126 0.461311 0.0551981 0.406113 0.516509
127 0.448289 0.0127545 0.435535 0.461044
128 0.507434 0.114618 0.392815 0.622052
129 0.508973 0.103301 0.405672 0.612274
130 0.484233 0.0881289 0.396105 0.572362
131 0.486714 0.0798936 0.40682 0.566607
132 0.48511 0.0824557 0.402654 0.567566
133 0.445616 0.00734272 0.438273 0.452959
134 0.45295 0.0146632 0.438287 0.467614
135 0.448952 0.0127019 0.43625 0.461654
136 0.467084 0.0603368 0.406748 0.527421
137 0.485923 0.0972511 0.388672 0.583174
138 0.463278 0.0534861 0.409792 0.516764
139 0.447583 0.00783017 0.439753 0.455414
140 0.462295 0.0580277 0.404267 0.520322
141 0.479273 0.0858656 0.393407 0.565138
142 0.49005 0.0955768 0.394473 0.585626
143 0.48712 0.0953046 0.391816 0.582425
144 0.492594 0.0951865 0.397408 0.587781
145 0.479957 0.0794933 0.400464 0.55945
146 0.462231 0.0573747 0.404856 0.519605
147 0.448182 0.0114441 0.436738 0.459626
148 0.454469 0.0558623 0.398606 0.510331
149 0.454084 0.0583475 0.395736 0.512431
150 0.456243 0.0577835 0.39846 0.514027
151 0.474953 0.0867996 0.388154 0.561753
152 0.492615 0.0983954 0.39422 0.591011
153 0.468539 0.0786942 0.389844 0.547233
154 0.456329 0.0637834 0.392546 0.520112
155 0.449572 0.0572484 0.392324 0.50682
156 0.469736 0.0846401 0.385096 0.554376
157 0.5066 0.120552 0.386048 0.627151
158 0.480577 0.0994831 0.381094 0.58006
159 0.455538 0.065529 0.390009 0.521067
160 0.457227 0.057509 0.399718 0.514736
161 0.469458 0.0636641 0.405794 0.533122
162 0.470463 0.0825505 0.387912 0.553013
163 0.465802 0.0898635 0.375938 0.555665
164 0.461012 0.0722748 0.388737 0.533287
165 0.4766 0.0868033 0.389796 0.563403
166 0.440698 0.00728458 0.433414 0.447983
167 0.474932 0.0849344 0.389998 0.559866
168 0.455452 0.0574369 0.398015 0.512889
169 0.477648 0.103319 0.374328 0.580967
170 0.453763 0.0582186 0.395544 0.511982
171 0.458553 0.0617008 0.396852 0.520254
172 0.458745 0.0574046 0.401341 0.51615
173 0.511176 0.112959 0.398216 0.624135
174 0.480021 0.097688 0.382333 0.577709
175 0.450556 0.0624135 0.388142 0.512969
176 0.480705 0.089956 0.390749 0.570661
177 0.476792 0.095244 0.381548 0.572036
178 0.471211 0.0857594 0.385452 0.556971
179 0.480855 0.088414 0.392441 0.569269
180 0.45541 0.0590321 0.396377 0.514442
181 0.47568 0.0885087 0.387172 0.564189
182 0.450791 0.064057 0.386734 0.514848
183 0.452715 0.055797 0.396918 0.508512
184 0.458403 0.0748806 0.383522 0.533284
185 0.497897 0.105972 0.391925 0.603869
186 0.485602 0.104005 0.381596 0.589607
187 0.471062 0.092802 0.37826 0.563864
188 0.446963 0.0698255 0.377138 0.516789
189 0.471318 0.0908379 0.38048 0.562156
190 0.468325 0.0813713 0.386953 0.549696
191 0.462958 0.0789244 0.384033 0.541882
192 0.523278 0.122948 0.40033 0.646226
193 0.486308 0.0966784 0.389629 0.582986
194 0.502836 0.108031 0.394805 0.610867
195 0.45464 0.05825 0.39639 0.51289
196 0.45124 0.0559047 0.395335 0.507145
197 0.450406 0.0179501 0.432456 0.468356
198 0.43779 0.00904477 0.428745 0.446835
199 0.481924 0.0939608 0.387963 0.575885
200 0.453122 0.01139 0.441732 0.464512
201 0.459943 0.0338116 0.426131 0.493754
202 0.478097 0.0825379 0.395559 0.560634
203 0.509465 0.114276 0.395189 0.623741
204 0.481347 0.0827581 0.398589 0.564105
205 0.492765 0.0971371 0.395628 0.589902
206 0.465887 0.0638558 0.402031 0.529743
207 0.452223 0.0102935 0.44193 0.462517
208 0.461739 0.062391 0.399348 0.52413
209 0.481668 0.0865342 0.395133 0.568202
210 0.469201 0.0687294 0.400472 0.537931
211 0.480898 0.0881475 0.39275 0.569045
212 0.490156 0.0982638 0.391893 0.58842
213 0.472452 0.0791307 0.393321 0.551582
214 0.460969 0.0623592 0.39861 0.523328
215 0.453998 0.0594825 0.394516 0.513481
216 0.478097 0.0786775 0.399419 0.556774
217 0.509144 0.118425 0.390719 0.62757
218 0.487911 0.0981865 0.389725 0.586098
219 0.514362 0.11733 0.397032 0.631691
220 0.511283 0.120716 0.390567 0.631998
221 0.501917 0.110725 0.391192 0.612642
222 0.535017 0.130204 0.404814 0.665221
223 0.533991 0.162442 0.371549 0.696433
224 0.514319 0.112346 0.401973 0.626664
225 0.479679 0.0810304 0.398649 0.560709
226 0.462765 0.0588127 0.403952 0.521578
227 0.470869 0.0792415 0.391628 0.550111
228 0.464946 0.0610116 0.403935 0.525958
229 0.478546 0.0817464 0.396799 0.560292
230 0.475531 0.0912336 0.384297 0.566764
231 0.486735 0.0935847 0.393151 0.58032
232 0.479936 0.0784579 0.401478 0.558393
233 0.458809 0.0593554 0.399454 0.518165
234 0.459408 0.0573588 0.402049 0.516767
235 0.497234 0.0962372 0.400997 0.593471
236 0.493236 0.0977444 0.395491 0.59098
237 0.476899 0.0766912 0.400208 0.55359
238 0.472088 0.0551857 0.416902 0.527274
239 0.471211 0.0590217 0.41219 0.530233
240 0.482865 0.0824838 0.400381 0.565349
241 0.465224 0.0600425 0.405182 0.525267
242 0.452737 0.0088425 0.443894 0.461579
243 0.496422 0.107608 0.388813 0.60403
244 0.482587 0.0917286 0.390858 0.574316
245 0.460306 0.0543565 0.40595 0.514663
246 0.446814 0.0168333 0.42998 0.463647
247 0.458147 0.0545988 0.403548 0.512745
248 0.468367 0.0765273 0.39184 0.544895
249 0.481304 0.0804289 0.400875 0.561733
250 0.45866 0.0629569 0.395703 0.521617
251 0.452844 0.0609956 0.391848 0.513839
252 0.468004 0.080825 0.387179 0.548829
253 0.459237 0.0748745 0.384362 0.534112
254 0.471297 0.0900989 0.381198 0.561396
255 0.474312 0.0917368 0.382575 0.566049
256 0.460926 0.0738975 0.387029 0.534824
257 0.476194 0.0871099 0.389084 0.563303
258 0.452801 0.0182025 0.434598 0.471003
259 0.459665 0.0496541 0.410011 0.509319
260 0.457847 0.0550186 0.402828 0.512866
261 0.458617 0.0595119 0.399105 0.518129
262 0.482159 0.0934924 0.388667 0.575652
263 0.483122 0.0933068 0.389815 0.576428
264 0.452437 0.0605047 0.391933 0.512942
265 0.441211 0.0564668 0.384745 0.497678
266 0.453079 0.0614804 0.391598 0.514559
267 0.458082 0.074752 0.38333 0.532834
268 0.439372 0.0153494 0.424023 0.454722
269 0.448289 0.0605952 0.387694 0.508884
270 0.458275 0.080238 0.378037 0.538513
271 0.444718 0.059218 0.3855 0.503936
272 0.463792 0.0884088 0.375383 0.5522
273 0.44273 0.05635 0.38638 0.49908
274 0.445338 0.0579257 0.387413 0.503264
275 0.475616 0.0946497 0.380967 0.570266
276 0.435075 0.0105087 0.424566 0.445583
277 0.433449 0.0113683 0.422081 0.444818
278 0.435887 0.0158993 0.419988 0.451786
279 0.45774 0.0647929 0.392947 0.522533
280 0.445189 0.0570271 0.388161 0.502216
281 0.452395 0.0585873 0.393807 0.510982
282 0.438539 0.0118812 0.426657 0.45042
283 0.434946 0.00797375 0.426972 0.44292
284 0.439266 0.0124236 0.426842 0.451689
285 0.447648 0.055491 0.392157 0.503139
286 0.47196 0.083774 0.388186 0.555734
287 0.49238 0.106405 0.385975 0.598786
288 0.503371 0.109438 0.393933 0.612809
289 0.491803 0.100968 0.390835 0.592771
290 0.478995 0.0805061 0.398489 0.559501
291 0.464925 0.0594533 0.405472 0.524378
292 0.477861 0.0844624 0.393399 0.562324
293 0.502109 0.108036 0.394073 0.610146
294 0.45975 0.0633074 0.396443 0.523058
295 0.461311 0.0661646 0.395147 0.527476
296 0.509572 0.108814 0.400758 0.618386
297 0.500313 0.114602 0.385711 0.614915
298 0.466892 0.0619019 0.40499 0.528794
299 0.461995 0.054261 0.407734 0.516256
300 0.474846 0.0812929 0.393554 0.556139
301 0.476514 0.0828668 0.393647 0.559381
302 0.45697 0.0608196 0.396151 0.51779
303 0.454939 0.0581704 0.396769 0.51311
304 0.502644 0.125441 0.377203 0.628085
305 0.472088 0.0738911 0.398197 0.545979
306 0.48496 0.0964074 0.388553 0.581368
307 0.470891 0.0733871 0.397504 0.544278
308 0.444013 0.00931843 0.434694 0.453331
309 0.444077 0.0101701 0.433907 0.454247
310 0.442965 0.0104584 0.432506 0.453423
311 0.467191 0.0797656 0.387426 0.546957
312 0.496721 0.09975 0.396971 0.596471
313 0.442152 0.0106904 0.431462 0.452843
314 0.452908 0.0554382 0.39747 0.508346
315 0.441361 0.00942052 0.431941 0.450782
316 0.443841 0.0109669 0.432875 0.454808
317 0.472558 0.0881781 0.38438 0.560737
318 0.467042 0.0745127 0.392529 0.541554
319 0.459943 0.0545526 0.40539 0.514495
320 0.462295 0.0606744 0.40162 0.522969
321 0.464412 0.060828 0.403584 0.52524
322 0.451218 0.0162885 0.43493 0.467507
323 0.481005 0.0829572 0.398047 0.563962
324 0.48774 0.0802172 0.407523 0.567957
325 0.475381 0.0860146 0.389366 0.561396
326 0.46191 0.0661108 0.395799 0.528021
327 0.485303 0.0807076 0.404595 0.56601
328 0.459601 0.0102504 0.44935 0.469851
329 0.464155 0.0151297 0.449025 0.479285
330 0.471019 0.0711698 0.399849 0.542189
331 0.488211 0.0887917 0.399419 0.577002
332 0.500912 0.101296 0.399616 0.602208
333 0.51434 0.11466 0.39968 0.629
334 0.511988 0.11265 0.399339 0.624638
335 0.515645 0.125145 0.3905 0.64079
336 0.469415 0.0367955 0.43262 0.506211
337 0.457783 0.00966015 0.448123 0.467443
338 0.460777 0.0140265 0.44675 0.474803
339 0.451817 0.00820329 0.443614 0.46002
340 0.468089 0.0575186 0.410571 0.525608
341 0.488403 0.0848146 0.403589 0.573218
342 0.469351 0.0545684 0.414783 0.523919
343 0.455281 0.00727189 0.448009 0.462553
344 0.464198 0.0386323 0.425566 0.50283
345 0.458745 0.0117236 0.447022 0.470469
346 0.455645 0.00871039 0.446934 0.464355
347 0.467405 0.0624261 0.404979 0.529831
348 0.511154 0.106162 0.404992 0.617316
349 0.513891 0.109174 0.404717 0.623066
350 0.487783 0.0822563 0.405527 0.570039
351 0.455474 0.0166848 0.438789 0.472158
352 0.468004 0.0256644 0.44234 0.493668
353 0.505894 0.0914065 0.414488 0.597301
354 0.479144 0.0628326 0.416312 0.541977
355 0.487077 0.081517 0.40556 0.568594
356 0.503114 0.103385 0.399729 0.606499
357 0.467705 0.0625782 0.405126 0.530283
358 0.487526 0.0844944 0.403032 0.572021
359 0.492979 0.0882201 0.404759 0.581199
360 0.465994 0.0583208 0.407673 0.524315
361 0.474889 0.0821711 0.392718 0.55706
362 0.505231 0.0922804 0.412951 0.597512
363 0.466849 0.0570135 0.409836 0.523863
364 0.455046 0.00868094 0.446365 0.463727
365 0.453977 0.00675704 0.44722 0.460734
366 0.448054 0.00834431 0.43971 0.456398
367 0.453827 0.0106387 0.443188 0.464466
368 0.468196 0.0609906 0.407206 0.529187
369 0.472045 0.0601111 0.411934 0.532156
370 0.484062 0.0818395 0.402223 0.565902
371 0.463471 0.0591939 0.404277 0.522665
372 0.460028 0.0577687 0.402259 0.517797
373 0.458531 0.0673521 0.391179 0.525883
374 0.461418 0.0624645 0.398954 0.523883
375 0.449102 0.0132464 0.435855 0.462348
376 0.446087 0.0165823 0.429504 0.462669
377 0.44506 0.00971925 0.435341 0.45478
378 0.455067 0.0534 0.401667 0.508467
379 0.473991 0.0788021 0.395189 0.552793
380 0.473093 0.0799373 0.393156 0.55303
381 0.473478 0.0824099 0.391068 0.555888
382 0.45851 0.0591438 0.399366 0.517654
383 0.469821 0.0832114 0.38661 0.553033
384 0.471682 0.0805764 0.391105 0.552258
385 0.451603 0.0104009 0.441202 0.462004
386 0.472067 0.0621402 0.409926 0.534207
387 0.496913 0.092534 0.404379 0.589447
388 0.492295 0.093869 0.398426 0.586164
389 0.490199 0.100138 0.390061 0.590338
390 0.47228 0.0722838 0.399997 0.544564
391 0.466999 0.0598749 0.407124 0.526874
392 0.46965 0.0773162 0.392334 0.546967
393 0.455666 0.0542474 0.401419 0.509913
394 0.470099 0.0770314 0.393068 0.547131
395 0.483186 0.0915924 0.391593 0.574778
396 0.451946 0.0564035 0.395542 0.508349
397 0.445039 0.0232308 0.421808 0.46827
398 0.457505 0.0586926 0.398812 0.516198
399 0.477562 0.0906018 0.38696 0.568164
400 0.477754 0.0985154 0.379239 0.57627
401 0.458895 0.0573745 0.40152 0.516269
402 0.470912 0.0797815 0.39113 0.550694
403 0.468966 0.0781922 0.390774 0.547158
404 0.469201 0.0752421 0.393959 0.544443
405 0.450962 0.0571938 0.393768 0.508156
406 0.463407 0.0841231 0.379284 0.54753
407 0.480235 0.0924681 0.387767 0.572703
408 0.476343 0.0942263 0.382117 0.57057
409 0.454597 0.0584305 0.396166 0.513027
410 0.470933 0.0836142 0.387319 0.554548
411 0.475787 0.0818101 0.393977 0.557597
412 0.490734 0.0932396 0.397494 0.583973
413 0.476215 0.0791936 0.397021 0.555408
414 0.488168 0.0916036 0.396564 0.579771
415 0.448888 0.00915848 0.439729 0.458046
416 0.48603 0.0793592 0.40667 0.565389
417 0.482737 0.0791306 0.403606 0.561867
418 0.478888 0.0786439 0.400244 0.557532
419 0.458767 0.0123205 0.446446 0.471087
420 0.455067 0.0155838 0.439484 0.470651
421 0.45573 0.0148927 0.440838 0.470623
422 0.463578 0.0583434 0.405234 0.521921
423 0.452715 0.0154976 0.437218 0.468213
424 0.448995 0.0132758 0.435719 0.462271
425 0.480449 0.0887228 0.391726 0.569171
426 0.495951 0.109568 0.386383 0.60552
427 0.49392 0.100603 0.393317 0.594523
428 0.45665 0.0557658 0.400884 0.512416
429 0.482544 0.0899819 0.392562 0.572526
430 0.481817 0.088761 0.393056 0.570578
431 0.472345 0.0788326 0.393512 0.551177
432 0.460777 0.0537263 0.40705 0.514503
433 0.459472 0.0648702 0.394602 0.524342
434 0.472858 0.0751347 0.397723 0.547993
435 0.453164 0.0437813 0.409383 0.496946
436 0.470741 0.0781455 0.392595 0.548886
437 0.482608 0.092808 0.3898 0.575416
438 0.447134 0.0144895 0.432645 0.461624
439 0.439266 0.00937751 0.429888 0.448643
440 0.446044 0.0147364 0.431307 0.46078
441 0.445103 0.0128699 0.432233 0.457973
442 0.456992 0.0561917 0.4008 0.513184
443 0.445595 0.0146882 0.430907 0.460283
444 0.466101 0.0743535 0.391747 0.540454
445 0.500164 0.100857 0.399307 0.60102
446 0.460862 0.0566258 0.404236 0.517488
447 0.446129 0.0143112 0.431818 0.460441
448 0.485859 0.094872 0.390987 0.580731
449 0.462102 0.0584287 0.403674 0.520531
450 0.464711 0.0619448 0.402766 0.526656
451 0.463685 0.0611207 0.402564 0.524805
452 0.483271 0.0853412 0.39793 0.568612
453 0.459494 0.0631634 0.39633 0.522657
454 0.450299 0.0148246 0.435474 0.465124
455 0.455431 0.00557507 0.449856 0.461006
456 0.461888 0.0129018 0.448987 0.47479
457 0.458061 0.0120207 0.44604 0.470082
458 0.474141 0.0644113 0.40973 0.538552
459 0.493086 0.0831066 0.409979 0.576193
460 0.474397 0.0596283 0.414769 0.534026
461 0.467469 0.0304366 0.437033 0.497906
462 0.475146 0.0623157 0.41283 0.537461
463 0.475103 0.0588752 0.416228 0.533978
464 0.481411 0.0874698 0.393941 0.568881
465 0.472858 0.0661621 0.406696 0.53902
466 0.496122 0.117558 0.378564 0.61368
467 0.479615 0.0811872 0.398428 0.560802
468 0.456115 0.0133443 0.442771 0.469459
469 0.480064 0.0695202 0.410544 0.549584
470 0.477947 0.0767506 0.401196 0.554697
471 0.47119 0.0649776 0.406212 0.536168
472 0.4964 0.0959951 0.400405 0.592395
473 0.515452 0.119972 0.395481 0.635424
474 0.484383 0.0901101 0.394273 0.574493
475 0.456414 0.0135816 0.442833 0.469996
476 0.479273 0.0802453 0.399027 0.559518
477 0.457419 0.012403 0.445016 0.469823
478 0.492808 0.0810216 0.411786 0.57383
479 0.498047 0.0865795 0.411467 0.584626
480 0.491076 0.0789137 0.412162 0.56999
481 0.481112 0.0650346 0.416077 0.546146
482 0.47119 0.0567665 0.414423 0.527956
483 0.479037 0.0608302 0.418207 0.539868
484 0.474804 0.0579591 0.416845 0.532763
485 0.453228 0.00993099 0.443297 0.463159
486 0.459964 0.0180471 0.441917 0.478011
487 0.466721 0.0593452 0.407376 0.526066
488 0.468774 0.0568903 0.411883 0.525664
489 0.470035 0.0600534 0.409982 0.530089
490 0.455987 0.0101453 0.445842 0.466132
491 0.465096 0.0566601 0.408436 0.521756
492 0.511197 0.102916 0.408281 0.614113
493 0.469779 0.0614029 0.408376 0.531182
494 0.464925 0.0600069 0.404918 0.524932
495 0.492744 0.0957612 0.396983 0.588505
496 0.479337 0.0791794 0.400157 0.558516
497 0.509059 0.109051 0.400007 0.61811
498 0.46253 0.0548789 0.407651 0.517409
499 0.501767 0.108313 0.393454 0.61008
500 0.503435 0.114633 0.388802 0.618068
501 0.510171 0.116431 0.39374 0.626602
502 0.486799 0.0920041 0.394795 0.578804
503 0.488104 0.0928851 0.395219 0.580989
504 0.497191 0.10163 0.395562 0.598821
505 0.489173 0.092444 0.396729 0.581617
506 0.499629 0.0971323 0.402497 0.596761
507 0.506878 0.119787 0.38709 0.626665
508 0.473371 0.0832562 0.390115 0.556627
509 0.459023 0.0581691 0.400854 0.517192
510 0.454276 0.0541369 0.400139 0.508413
511 0.47196 0.0771202 0.39484 0.54908
512 0.481817 0.0763269 0.40549 0.558144
513 0.503927 0.153611 0.350316 0.657538
514 0.474718 0.0786653 0.396053 0.553383
515 0.471297 0.0686057 0.402691 0.539903
516 0.481261 0.093386 0.387875 0.574647
517 0.471596 0.0799289 0.391667 0.551525
518 0.45588 0.0545586 0.401321 0.510439
519 0.456671 0.0613496 0.395321 0.518021
520 0.46454 0.0757323 0.388808 0.540272
521 0.480385 0.0954039 0.384981 0.575788
522 0.453913 0.0591659 0.394747 0.513079
523 0.43841 0.0156917 0.422719 0.454102
524 0.456051 0.0557519 0.400299 0.511803
525 0.455901 0.0555743 0.400327 0.511476
526 0.452865 0.0570724 0.395793 0.509937
527 0.457206 0.0589078 0.398298 0.516113
528 0.541347 0.126188 0.415159 0.667535
529 0.503906 0.109624 0.394282 0.613529
530 0.47583 0.0880941 0.387736 0.563924
531 0.442494 0.00979143 0.432703 0.452286
532 0.442366 0.00954868 0.432817 0.451915
533 0.465545 0.0783532 0.387192 0.543898
534 0.470762 0.0754824 0.39528 0.546245
535 0.457997 0.0566501 0.401347 0.514647
536 0.463556 0.0776324 0.385924 0.541189
537 0.4599 0.0584589 0.401441 0.518359
538 0.465352 0.0781358 0.387217 0.543488
539 0.468795 0.0803972 0.388398 0.549192
540 0.458339 0.0544836 0.403855 0.512823
541 0.445103 0.0109513 0.434152 0.456054
542 0.446279 0.0133106 0.432968 0.45959
543 0.443542 0.00546541 0.438077 0.449008
544 0.455816 0.0089105 0.446905 0.464726
545 0.456008 0.0252215 0.430787 0.48123
546 0.473072 0.0748541 0.398218 0.547926
547 0.466208 0.0566789 0.409529 0.522887
548 0.462936 0.0638399 0.399096 0.526776
549 0.453528 0.0193286 0.434199 0.472856
550 0.47846 0.0789105 0.39955 0.557371
551 0.4933 0.0965244 0.396775 0.589824
552 0.450406 0.0105567 0.439849 0.460963
553 0.509935 0.112481 0.397454 0.622417
554 0.482352 0.0864349 0.395917 0.568787
555 0.485837 0.0852458 0.400591 0.571083
556 0.500634 0.108726 0.391908 0.60936
557 0.491803 0.111796 0.380007 0.603599
558 0.484597 0.0925986 0.391998 0.577196
559 0.496571 0.100973 0.395599 0.597544
560 0.503521 0.11357 0.38995 0.617091
561 0.48 0.0932016 0.386798 0.573201
562 0.459921 0.0536811 0.40624 0.513602
563 0.502858 0.106045 0.396812 0.608903
564 0.509935 0.118659 0.391277 0.628594
565 0.47908 0.0866381 0.392442 0.565718
566 0.503029 0.104708 0.398321 0.607736
567 0.470527 0.07136 0.399167 0.541887
568 0.47042 0.0781815 0.392239 0.548602
569 0.464476 0.075197 0.389279 0.539673
570 0.457355 0.0536096 0.403746 0.510965
571 0.453314 0.055849 0.397465 0.509163
572 0.455324 0.0581927 0.397131 0.513517
573 0.444697 0.0089105 0.435786 0.453607
574 0.470356 0.0820274 0.388329 0.552383
575 0.455281 0.0580136 0.397268 0.513295
576 0.458147 0.055865 0.402281 0.514012
577 0.478481 0.109729 0.368752 0.588211
578 0.529971 0.118318 0.411653 0.648289
579 0.460926 0.0591806 0.401746 0.520107
580 0.453485 0.0589429 0.394542 0.512428
581 0.44568 0.0339907 0.41169 0.479671
582 0.447648 0.00649961 0.441148 0.454147
583 0.466144 0.0564914 0.409652 0.522635
584 0.482074 0.0780733 0.404001 0.560147
585 0.482694 0.0772095 0.405484 0.559903
586 0.458681 0.0117286 0.446953 0.47041
587 0.511069 0.107426 0.403643 0.618495
588 0.484469 0.0771185 0.40735 0.561587
589 0.476899 0.0636561 0.413243 0.540555
590 0.470677 0.0606769 0.41 0.531354
591 0.456479 0.00829738 0.448181 0.464776
592 0.506985 0.090498 0.416487 0.597483
593 0.474782 0.0580319 0.41675 0.532814
594 0.484747 0.0802783 0.404468 0.565025
595 0.484939 0.0792228 0.405716 0.564162
596 0.481154 0.0778424 0.403312 0.558997
597 0.48665 0.0842444 0.402405 0.570894
598 0.461012 0.0632945 0.397717 0.524306
599 0.45541 0.0400893 0.41532 0.495499
600 0.468752 0.0648634 0.403889 0.533616
601 0.459943 0.0585086 0.401434 0.518451
602 0.465759 0.0556659 0.410093 0.521425
603 0.460114 0.05478 0.405334 0.514894
604 0.470955 0.0620348 0.40892 0.53299
605 0.47799 0.0811133 0.396876 0.559103
606 0.466978 0.064161 0.402817 0.531139
607 0.449893 0.0125821 0.437311 0.462475
608 0.455196 0.0109018 0.444294 0.466097
609 0.460306 0.0143824 0.445924 0.474689
610 0.479016 0.0794113 0.399605 0.558427
611 0.517484 0.107115 0.410369 0.624598
612 0.449615 0.00725159 0.442363 0.456866
613 0.471874 0.076143 0.395731 0.548017
614 0.463898 0.0643709 0.399528 0.528269
615 0.452886 0.0173998 0.435487 0.470286
616 0.464775 0.0589074 0.405868 0.523683
617 0.446771 0.00779001 0.438981 0.454561
618 0.448717 0.0149213 0.433795 0.463638
619 0.473563 0.0800358 0.393528 0.553599
620 0.474397 0.0800088 0.394389 0.554406
621 0.449786 0.0145697 0.435216 0.464356
622 0.457077 0.0603974 0.39668 0.517475
623 0.456072 0.0356571 0.420415 0.49173
624 0.491675 0.101767 0.389907 0.593442
625 0.453678 0.0182871 0.43539 0.471965
626 0.44444 0.0196269 0.424813 0.464067
627 0.460221 0.0725787 0.387642 0.532799
628 0.437961 0.00804843 0.429913 0.44601
629 0.454084 0.0690538 0.38503 0.523138
630 0.480641 0.0962114 0.38443 0.576853
631 0.471682 0.0759169 0.395765 0.547599
632 0.46871 0.125167 0.343542 0.593877
633 0.483271 0.09317 0.390101 0.576441
634 0.45124 0.0574229 0.393817 0.508663
635 0.451112 0.0718856 0.379226 0.522997
636 0.430627 0.0106618 0.419965 0.441289
637 0.452715 0.0684968 0.384218 0.521212
638 0.451218 0.0601662 0.391052 0.511385
639 0.456928 0.0701541 0.386774 0.527082
640 0.46764 0.0647694 0.402871 0.53241
641 0.445531 0.0131622 0.432369 0.458693
642 0.443563 0.00875868 0.434805 0.452322
643 0.449123 0.0146153 0.434508 0.463738
644 0.457633 0.0604685 0.397165 0.518102
645 0.440826 0.00596053 0.434866 0.446787
646 0.473221 0.084069 0.389152 0.55729
647 0.471083 0.075051 0.396032 0.546134
648 0.496999 0.108846 0.388153 0.605845
649 0.457548 0.0579711 0.399577 0.515519
650 0.452844 0.0601006 0.392743 0.512944
651 0.468047 0.0920587 0.375988 0.560105
652 0.432829 0.00687434 0.425955 0.439704
653 0.46253 0.0829417 0.379588 0.545472
654 0.462744 0.0750104 0.387733 0.537754
655 0.442088 0.0513743 0.390714 0.493462
656 0.429985 0.0106807 0.419305 0.440666
657 0.446365 0.0618754 0.384489 0.50824
658 0.435973 0.0172555 0.418717 0.453228
659 0.43392 0.014647 0.419273 0.448567
660 0.436635 0.0146474 0.421988 0.451283
661 0.430242 0.00757018 0.422672 0.437812
662 0.431097 0.0068937 0.424204 0.437991
663 0.436913 0.0195398 0.417374 0.456453
664 0.44722 0.0592318 0.387988 0.506452
665 0.438752 0.0194178 0.419335 0.45817
666 0.444932 0.0553006 0.389631 0.500233
667 0.456757 0.0770385 0.379718 0.533795
668 0.466058 0.0857206 0.380338 0.551779
669 0.448995 0.0597911 0.389204 0.508786
670 0.451903 0.0614411 0.390462 0.513344
671 0.467191 0.0739769 0.393214 0.541168
672 0.463086 0.0634329 0.399653 0.526519
673 0.462252 0.0466669 0.415585 0.508919
674 0.460648 0.0627167 0.397932 0.523365
675 0.479551 0.085478 0.394073 0.565029
676 0.460434 0.0607836 0.399651 0.521218
677 0.449251 0.0220914 0.42716 0.471343
678 0.443307 0.00695041 0.436356 0.450257
679 0.457462 0.0579669 0.399495 0.515429
680 0.48171 0.0977132 0.383997 0.579423
681 0.465438 0.0667986 0.398639 0.532237
682 0.445146 0.0187144 0.426431 0.46386
683 0.459793 0.0602167 0.399576 0.52001
684 0.455345 0.061359 0.393986 0.516704
685 0.450556 0.0584273 0.392128 0.508983
686 0.436956 0.00694709 0.430009 0.443903
687 0.440527 0.015995 0.424532 0.456522
688 0.445039 0.0177244 0.427315 0.462763
689 0.438154 0.00751441 0.430639 0.445668
690 0.438453 0.0109649 0.427488 0.449418
691 0.452416 0.0531836 0.399232 0.5056
692 0.453357 0.0515129 0.401844 0.50487
693 0.46578 0.0752479 0.390532 0.541028
694 0.486949 0.101374 0.385575 0.588323
695 0.459344 0.0730707 0.386273 0.532415
696 0.451924 0.055519 0.396405 0.507443
697 0.439779 0.0160158 0.423763 0.455795
698 0.451817 0.054032 0.397785 0.505849
699 0.489194 0.102111 0.387083 0.591305
700 0.490263 0.111477 0.378787 0.60174
701 0.45464 0.0632142 0.391425 0.517854
702 0.437983 0.0102166 0.427766 0.448199
703 0.46856 0.0806878 0.387872 0.549248
704 0.458232 0.0659562 0.392276 0.524188
705 0.468752 0.0657677 0.402985 0.53452
706 0.480278 0.0809219 0.399356 0.5612
707 0.467534 0.0624761 0.405057 0.53001
708 0.48603 0.0880716 0.397958 0.574101
709 0.484832 0.118711 0.366121 0.603543
710 0.471789 0.0605493 0.411239 0.532338
711 0.468025 0.0599068 0.408118 0.527932
712 0.484597 0.0670279 0.417569 0.551625
713 0.486671 0.0875103 0.399161 0.574181
714 0.485132 0.082052 0.403079 0.567184
715 0.499223 0.10131 0.397912 0.600533
716 0.477027 0.0689033 0.408124 0.545931
717 0.467555 0.04795 0.419605 0.515505
718 0.458446 0.013152 0.445294 0.471598
719 0.509978 0.107451 0.402527 0.617429
720 0.514725 0.10705 0.407675 0.621776
721 0.484426 0.078627 0.405799 0.563053
722 0.457505 0.0107745 0.44673 0.46828
723 0.455901 0.0101836 0.445718 0.466085
724 0.51727 0.123303 0.393967 0.640572
725 0.472623 0.0590607 0.413562 0.531683
726 0.467427 0.0570909 0.410336 0.524517
727 0.471318 0.0600996 0.411219 0.531418
728 0.459451 0.0152453 0.444206 0.474696
729 0.478995 0.0617893 0.417205 0.540784
730 0.465566 0.0561954 0.409371 0.521762
731 0.474526 0.0728506 0.401675 0.547376
732 0.487719 0.0786583 0.409061 0.566377
733 0.514404 0.113444 0.400961 0.627848
734 0.464754 0.0547869 0.409967 0.519541
735 0.481881 0.0820314 0.39985 0.563913
736 0.521546 0.120482 0.401065 0.642028
737 0.529116 0.126445 0.402671 0.65556
738 0.504012 0.0987945 0.405218 0.602807
739 0.461546 0.00867293 0.452873 0.470219
740 0.468496 0.0634064 0.405089 0.531902
741 0.47568 0.0597888 0.415892 0.535469
742 0.45402 0.00856728 0.445452 0.462587
743 0.48094 0.0835771 0.397363 0.564518
744 0.501853 0.0952995 0.406553 0.597152
745 0.459151 0.0182204 0.440931 0.477372
746 0.470078 0.0600284 0.41005 0.530106
747 0.50228 0.089903 0.412377 0.592183
748 0.497042 0.0929009 0.404141 0.589943
749 0.482373 0.0840855 0.398288 0.566459
750 0.506621 0.105216 0.401405 0.611838
751 0.52005 0.142442 0.377608 0.662491
752 0.510577 0.107753 0.402824 0.61833
753 0.47134 0.0599663 0.411373 0.531306
754 0.460413 0.0593212 0.401092 0.519734
755 0.504889 0.121619 0.38327 0.626508
756 0.472131 0.0749572 0.397174 0.547088
757 0.433257 0.0074046 0.425852 0.440662
758 0.463834 0.0836343 0.3802 0.547469
759 0.467876 0.0729141 0.394962 0.54079
760 0.454041 0.0546985 0.399342 0.50874
761 0.439522 0.013348 0.426174 0.45287
762 0.442152 0.0137755 0.428377 0.455928
763 0.454233 0.0624168 0.391817 0.51665
764 0.472216 0.0951501 0.377066 0.567366
765 0.473756 0.0936902 0.380066 0.567446
766 0.450983 0.0591823 0.391801 0.510166
767 0.453036 0.05641 0.396626 0.509446
768 0.458531 0.067467 0.391064 0.525998
769 0.467705 0.0613964 0.406308 0.529101
770 0.444911 0.0108916 0.434019 0.455802
771 0.473606 0.0913208 0.382285 0.564927
772 0.473136 0.0805204 0.392615 0.553656
773 0.440292 0.00722531 0.433067 0.447517
774 0.445124 0.010585 0.434539 0.455709
775 0.452416 0.056939 0.395477 0.509355
776 0.453485 0.0586246 0.39486 0.51211
777 0.464625 0.0801045 0.384521 0.54473
778 0.451924 0.0556663 0.396258 0.50759
779 0.471618 0.085382 0.386236 0.557
780 0.468645 0.0825808 0.386065 0.551226
781 0.488446 0.0969676 0.391478 0.585413
782 0.479251 0.08919 0.390061 0.568441
783 0.462722 0.0715643 0.391158 0.534287
784 0.451732 0.0515729 0.400159 0.503305
785 0.454811 0.067119 0.387692 0.52193
786 0.450171 0.0560597 0.394111 0.50623
787 0.464241 0.0782204 0.38602 0.542461
788 0.485281 0.0970292 0.388252 0.58231
789 0.492509 0.107218 0.385291 0.599727
790 0.505445 0.139386 0.366059 0.644831
791 0.479358 0.0925616 0.386797 0.57192
792 0.447904 0.012209 0.435695 0.460113
793 0.474333 0.082708 0.391625 0.557041
794 0.459879 0.0607797 0.399099 0.520658
795 0.452587 0.0649503 0.387637 0.517537
796 0.468367 0.0781672 0.3902 0.546535
797 0.45171 0.0713127 0.380398 0.523023
798 0.471468 0.0850939 0.386374 0.556562
799 0.493043 0.106371 0.386672 0.599414
