# ../output/graphs/perf_parallel22QUADRUPED_thread4
# step - mean (0.0881779) - standard deviation (0.0138573) r=20 - ylow - yhigh
0 0.0872843 0.0331742 0.0541101 0.120459
1 0.0801639 0.0178525 0.0623114 0.0980163
2 0.0802066 0.0139906 0.0662161 0.0941972
3 0.0841625 0.014669 0.0694935 0.0988314
4 0.0806557 0.0149675 0.0656881 0.0956232
5 0.0832216 0.0141975 0.0690241 0.0974191
6 0.0824304 0.013981 0.0684494 0.0964115
7 0.0839272 0.0131707 0.0707565 0.0970979
8 0.0832002 0.0143965 0.0688038 0.0975967
9 0.0830292 0.014218 0.0688112 0.0972472
10 0.0851888 0.0140467 0.0711421 0.0992356
11 0.0853385 0.013726 0.0716125 0.0990645
12 0.0881824 0.01149 0.0766924 0.0996724
13 0.0874126 0.0126121 0.0748005 0.100025
14 0.0860014 0.0142569 0.0717444 0.100258
15 0.0874126 0.0124648 0.0749478 0.0998774
16 0.0886314 0.0112155 0.0774159 0.099847
17 0.0884604 0.0113994 0.0770609 0.0998598
18 0.0876051 0.0110632 0.0765419 0.0986683
19 0.086985 0.0111078 0.0758771 0.0980928
20 0.0872629 0.011838 0.075425 0.0991009
21 0.088888 0.00986509 0.0790229 0.0987531
22 0.0883962 0.00963609 0.0787601 0.0980323
23 0.0865573 0.0109953 0.075562 0.0975526
24 0.0872843 0.0115157 0.0757687 0.0988
25 0.0867284 0.0125847 0.0741437 0.0993131
26 0.0879258 0.0137519 0.0741739 0.101678
27 0.0886742 0.0129744 0.0756998 0.101649
28 0.0882679 0.0131008 0.0751672 0.101369
29 0.088161 0.0129123 0.0752488 0.101073
30 0.0895937 0.0113102 0.0782834 0.100904
31 0.0913898 0.0093793 0.0820105 0.100769
32 0.0882466 0.011508 0.0767385 0.0997546
33 0.0885459 0.011007 0.0775389 0.0995529
34 0.0882252 0.0119942 0.0762309 0.100219
35 0.0872629 0.0137213 0.0735416 0.100984
36 0.0870277 0.0140493 0.0729784 0.101077
37 0.0864932 0.0136996 0.0727936 0.100193
38 0.0862366 0.0143868 0.0718498 0.100623
39 0.0859158 0.0149813 0.0709345 0.100897
40 0.0868567 0.0160942 0.0707625 0.102951
41 0.0880541 0.0143726 0.0736815 0.102427
42 0.0882252 0.0129701 0.0752551 0.101195
43 0.0877547 0.0138778 0.073877 0.101633
44 0.087712 0.0140157 0.0736963 0.101728
45 0.0873271 0.013736 0.0735911 0.101063
46 0.0859372 0.0133675 0.0725697 0.0993047
47 0.0825801 0.0135351 0.0690451 0.0961152
48 0.0824732 0.0140081 0.0684651 0.0964813
49 0.0806129 0.0141731 0.0664399 0.094786
50 0.080506 0.0143171 0.0661889 0.0948231
51 0.0827084 0.0134269 0.0692816 0.0961353
52 0.082516 0.0137977 0.0687182 0.0963137
53 0.0822594 0.0137325 0.0685269 0.0959919
54 0.083243 0.0144844 0.0687586 0.0977273
55 0.0838417 0.0138057 0.070036 0.0976474
56 0.0848681 0.0132487 0.0716194 0.0981167
57 0.0836493 0.0126295 0.0710198 0.0962788
58 0.0830719 0.0128538 0.0702182 0.0959257
59 0.0847398 0.0114275 0.0733123 0.0961673
60 0.0846543 0.0118634 0.0727908 0.0965177
61 0.0846543 0.0118973 0.0727569 0.0965516
62 0.0866428 0.0109578 0.075685 0.0976007
63 0.0882466 0.0092281 0.0790184 0.0974747
64 0.0866428 0.0107404 0.0759025 0.0973832
65 0.0879044 0.00920847 0.078696 0.0971129
66 0.0880969 0.00953392 0.078563 0.0976308
67 0.0878617 0.00926983 0.0785918 0.0971315
68 0.0899572 0.00958584 0.0803713 0.099543
69 0.0891874 0.00955258 0.0796348 0.09874
70 0.0889094 0.00941996 0.0794895 0.0983294
71 0.0915823 0.00955909 0.0820232 0.101141
72 0.0954953 0.00918423 0.0863111 0.10468
73 0.0928011 0.0117453 0.0810557 0.104546
74 0.091454 0.0120469 0.0794071 0.103501
75 0.0907697 0.0131471 0.0776226 0.103917
76 0.0914326 0.0133526 0.07808 0.104785
77 0.0911546 0.013274 0.0778806 0.104429
78 0.0911332 0.0129466 0.0781866 0.10408
79 0.091903 0.0130857 0.0788173 0.104989
80 0.0928652 0.0140459 0.0788193 0.106911
81 0.0919458 0.0142935 0.0776522 0.106239
82 0.0911546 0.0153344 0.0758202 0.106489
83 0.0887597 0.0161348 0.0726249 0.104895
84 0.0879258 0.0161433 0.0717825 0.104069
85 0.0879258 0.0163275 0.0715984 0.104253
86 0.0877334 0.0164618 0.0712716 0.104195
87 0.0876051 0.015733 0.0718721 0.103338
88 0.0909408 0.0146051 0.0763357 0.105546
89 0.0903207 0.0143991 0.0759216 0.10472
90 0.0922451 0.0130439 0.0792012 0.105289
91 0.0952387 0.00940461 0.0858341 0.104643
92 0.0922024 0.0114124 0.08079 0.103615
93 0.0918816 0.0117697 0.080112 0.103651
94 0.0899786 0.0122457 0.0777328 0.102224
95 0.0911332 0.0114934 0.0796398 0.102627
96 0.0897861 0.0121641 0.077622 0.10195
97 0.0891446 0.01294 0.0762046 0.102085
98 0.0879044 0.0127212 0.0751832 0.100626
99 0.0898716 0.0127455 0.0771262 0.102617
100 0.091625 0.0115442 0.0800808 0.103169
101 0.0914326 0.0116056 0.079827 0.103038
102 0.0932501 0.00973276 0.0835173 0.102983
103 0.0944475 0.00985953 0.084588 0.104307
104 0.0966286 0.0066424 0.0899862 0.103271
105 0.0943192 0.0107676 0.0835516 0.105087
106 0.0926942 0.0126732 0.0800209 0.105367
107 0.0926086 0.0130973 0.0795113 0.105706
108 0.0924589 0.013288 0.0791709 0.105747
109 0.0913898 0.0131215 0.0782683 0.104511
110 0.0911332 0.0128822 0.078251 0.104015
111 0.0903421 0.0128552 0.0774869 0.103197
112 0.0899786 0.0126512 0.0773273 0.10263
113 0.0906842 0.0123009 0.0783833 0.102985
114 0.0908766 0.0125773 0.0782993 0.103454
115 0.091903 0.0106613 0.0812417 0.102564
116 0.0923734 0.0108307 0.0815427 0.103204
117 0.0902138 0.0122637 0.0779501 0.102477
118 0.0903207 0.0125789 0.0777418 0.1029
119 0.0911974 0.0125383 0.0786591 0.103736
120 0.0928866 0.0107167 0.08217 0.103603
121 0.0917961 0.0107768 0.0810193 0.102573
122 0.0934426 0.0114229 0.0820197 0.104865
123 0.0915823 0.0108958 0.0806865 0.102478
124 0.0898289 0.0123935 0.0774354 0.102222
125 0.0900855 0.0109084 0.0791771 0.100994
126 0.0915823 0.0117175 0.0798648 0.1033
127 0.0908766 0.0112055 0.0796712 0.102082
128 0.0898289 0.012338 0.0774908 0.102167
129 0.0866856 0.0135716 0.073114 0.100257
130 0.0871988 0.0152637 0.0719351 0.102462
131 0.0876265 0.013792 0.0738344 0.101419
132 0.0864076 0.014634 0.0717737 0.101042
133 0.0858517 0.0146885 0.0711632 0.10054
134 0.0854454 0.0141647 0.0712807 0.0996101
135 0.0881396 0.0245024 0.0636373 0.112642
136 0.0841624 0.0138633 0.0702992 0.0980257
137 0.0860014 0.0132089 0.0727925 0.0992102
138 0.0876265 0.0151277 0.0724988 0.102754
139 0.0880541 0.0144475 0.0736067 0.102502
140 0.0874126 0.0152772 0.0721355 0.10269
141 0.0859372 0.0159042 0.070033 0.101841
142 0.0848467 0.0160786 0.0687681 0.100925
143 0.0847612 0.0168121 0.0679491 0.101573
144 0.0844832 0.0162382 0.068245 0.100721
145 0.0844618 0.0162871 0.0681747 0.100749
146 0.0866215 0.014624 0.0719975 0.101245
147 0.0875837 0.0137925 0.0737912 0.101376
148 0.0854026 0.0147303 0.0706724 0.100133
149 0.0870919 0.0139243 0.0731676 0.101016
150 0.0871774 0.0137025 0.0734749 0.10088
151 0.0870491 0.013738 0.0733112 0.100787
152 0.0853813 0.0147471 0.0706341 0.100128
153 0.0848681 0.0144845 0.0703836 0.0993526
154 0.0884604 0.0141095 0.0743508 0.10257
155 0.0878403 0.0140134 0.0738269 0.101854
156 0.0886528 0.0128475 0.0758053 0.1015
157 0.088888 0.0130615 0.0758265 0.10195
158 0.0869208 0.0139601 0.0729607 0.100881
159 0.086429 0.0141294 0.0722996 0.100558
160 0.0881183 0.0122793 0.0758389 0.100398
161 0.0892943 0.0113828 0.0779115 0.100677
162 0.088717 0.0129463 0.0757706 0.101663
163 0.0866642 0.0140094 0.0726548 0.100674
164 0.0870919 0.0140224 0.0730695 0.101114
165 0.0863007 0.0138382 0.0724625 0.100139
166 0.0870919 0.0137823 0.0733095 0.100874
167 0.0870491 0.0136035 0.0734456 0.100653
168 0.0860441 0.0147151 0.0713291 0.100759
169 0.0861938 0.0151353 0.0710585 0.101329
170 0.0857234 0.0136243 0.0720991 0.0993477
171 0.0862152 0.01342 0.0727951 0.0996352
172 0.0848681 0.0145726 0.0702955 0.0994407
173 0.0840555 0.0143315 0.069724 0.0983871
174 0.0842266 0.0125606 0.071666 0.0967872
175 0.0842052 0.0131053 0.0710999 0.0973105
176 0.08196 0.0132057 0.0687544 0.0951657
177 0.0820028 0.0137575 0.0682453 0.0957603
178 0.082238 0.013911 0.068327 0.096149
179 0.0837348 0.0143565 0.0693783 0.0980913
180 0.0859372 0.0134473 0.0724899 0.0993845
181 0.0876906 0.0130203 0.0746703 0.100711
182 0.087712 0.0128139 0.0748981 0.100526
183 0.0878403 0.0123046 0.0755357 0.100145
184 0.0870064 0.0118557 0.0751506 0.0988621
185 0.0867711 0.0123746 0.0743965 0.0991457
186 0.0860655 0.0138971 0.0721685 0.0999626
187 0.0863863 0.0136099 0.0727763 0.0999962
188 0.0847825 0.0139738 0.0708087 0.0987564
189 0.0846756 0.0141611 0.0705145 0.0988368
190 0.0842266 0.0141343 0.0700923 0.0983609
191 0.08397 0.0141406 0.0698294 0.0981106
192 0.0856379 0.0124783 0.0731595 0.0981162
193 0.0839914 0.0143366 0.0696548 0.098328
194 0.0846329 0.0132545 0.0713784 0.0978873
195 0.0861724 0.0135557 0.0726167 0.0997281
196 0.0856806 0.0133742 0.0723064 0.0990549
197 0.0867498 0.0139328 0.072817 0.100683
198 0.086985 0.0138129 0.0731721 0.100798
199 0.0869636 0.0136202 0.0733434 0.100584
200 0.0918602 0.0121454 0.0797148 0.104006
201 0.0910905 0.0128339 0.0782565 0.103924
202 0.0908125 0.0136591 0.0771534 0.104472
203 0.0904062 0.0143589 0.0760473 0.104765
204 0.0904276 0.013846 0.0765816 0.104274
205 0.0892943 0.0150189 0.0742754 0.104313
206 0.0874554 0.0158397 0.0716157 0.103295
207 0.0870491 0.01609 0.0709591 0.103139
208 0.088161 0.0158193 0.0723417 0.10398
209 0.0893371 0.0154926 0.0738445 0.10483
210 0.0901496 0.0151347 0.0750149 0.105284
211 0.0896578 0.0154627 0.0741951 0.105121
212 0.0892302 0.0151985 0.0740317 0.104429
213 0.0904062 0.0145248 0.0758814 0.104931
214 0.0921382 0.0129633 0.0791749 0.105101
215 0.0887811 0.014044 0.0747371 0.102825
216 0.090171 0.0126432 0.0775278 0.102814
217 0.0902138 0.0129138 0.0773 0.103128
218 0.0899144 0.0127531 0.0771613 0.102667
219 0.0903848 0.0132388 0.077146 0.103624
220 0.0894012 0.0134528 0.0759485 0.102854
221 0.0890377 0.013738 0.0752997 0.102776
222 0.0857875 0.01557 0.0702175 0.101358
223 0.0867498 0.0150564 0.0716934 0.101806
224 0.0890805 0.0148188 0.0742617 0.103899
225 0.0883748 0.0152405 0.0731343 0.103615
226 0.0883962 0.014507 0.0738893 0.102903
227 0.0880755 0.014948 0.0731275 0.103024
228 0.0903634 0.0126878 0.0776756 0.103051
229 0.0922879 0.0111998 0.0810881 0.103488
230 0.0934639 0.00939914 0.0840648 0.102863
231 0.0940627 0.00882201 0.0852407 0.102885
232 0.0942337 0.00961061 0.0846231 0.103844
233 0.0904917 0.0127849 0.0777068 0.103277
234 0.0911546 0.0114937 0.0796609 0.102648
235 0.0925659 0.0141297 0.0784361 0.106696
236 0.0888453 0.0150215 0.0738238 0.103867
237 0.0871988 0.0161583 0.0710405 0.103357
238 0.0874982 0.0163196 0.0711785 0.103818
239 0.0854668 0.0163967 0.0690701 0.101863
240 0.0851247 0.0158299 0.0692948 0.100955
241 0.0864718 0.0162467 0.0702251 0.102718
242 0.08598 0.0157505 0.0702295 0.10173
243 0.086258 0.0160636 0.0701944 0.102322
244 0.0855951 0.0153153 0.0702798 0.10091
245 0.0848467 0.014867 0.0699797 0.0997137
246 0.0829864 0.0159283 0.0670581 0.0989147
247 0.0845687 0.0155138 0.0690549 0.100083
248 0.085253 0.0155076 0.0697454 0.100761
249 0.0860227 0.0144433 0.0715795 0.100466
250 0.0867498 0.0149724 0.0717774 0.101722
251 0.0868567 0.0137848 0.0730719 0.100641
252 0.0873912 0.0136524 0.0737389 0.101044
253 0.0862366 0.0131411 0.0730955 0.0993777
254 0.0900641 0.0109386 0.0791255 0.101003
255 0.0889308 0.0104162 0.0785146 0.099347
256 0.0884818 0.0123309 0.0761508 0.100813
257 0.0888239 0.0145887 0.0742352 0.103413
258 0.0888239 0.0140555 0.0747683 0.102879
259 0.0884176 0.0141965 0.0742211 0.102614
260 0.086258 0.0152212 0.0710368 0.101479
261 0.0893157 0.0149779 0.0743378 0.104294
262 0.0872843 0.0137495 0.0735348 0.101034
263 0.0858731 0.0143546 0.0715185 0.100228
264 0.0856165 0.0146565 0.07096 0.100273
265 0.0841411 0.0146398 0.0695012 0.0987809
266 0.0826229 0.0147343 0.0678886 0.0973572
267 0.0823877 0.0151822 0.0672055 0.0975699
268 0.0823449 0.0147566 0.0675884 0.0971015
269 0.0837134 0.0142608 0.0694526 0.0979742
270 0.0841411 0.0147624 0.0693787 0.0989034
271 0.0837134 0.0143458 0.0693676 0.0980592
272 0.0849964 0.0133979 0.0715985 0.0983942
273 0.086707 0.0122132 0.0744938 0.0989202
274 0.0886314 0.0104944 0.078137 0.0991259
275 0.0878189 0.01054 0.0772789 0.0983589
276 0.088161 0.0106959 0.0774651 0.0988569
277 0.0878189 0.0104284 0.0773905 0.0982473
278 0.0858731 0.0118628 0.0740103 0.0977358
279 0.0865146 0.0122947 0.0742199 0.0988092
280 0.0871347 0.0125529 0.0745818 0.0996875
281 0.0869636 0.0124904 0.0744732 0.0994539
282 0.0904917 0.0115153 0.0789765 0.102007
283 0.0903207 0.0119074 0.0784133 0.102228
284 0.0895295 0.0113552 0.0781743 0.100885
285 0.0917747 0.00926186 0.0825128 0.101037
286 0.0925445 0.00931699 0.0832275 0.101861
287 0.0937847 0.006362 0.0874227 0.100147
288 0.0937205 0.00689742 0.0868231 0.100618
289 0.0931432 0.00658172 0.0865615 0.0997249
290 0.0934426 0.00665618 0.0867864 0.100099
291 0.0925017 0.00932846 0.0831733 0.10183
292 0.0910477 0.00925346 0.0817942 0.100301
293 0.0913684 0.00957534 0.0817931 0.100944
294 0.0917106 0.00935037 0.0823602 0.101061
295 0.0927155 0.00950568 0.0832099 0.102221
296 0.0890591 0.0119168 0.0771423 0.100976
297 0.0883962 0.0131625 0.0752337 0.101559
298 0.0893798 0.0130627 0.0763171 0.102443
299 0.0944262 0.0166047 0.0778215 0.111031
300 0.0899786 0.0129611 0.0770174 0.10294
301 0.087156 0.0140031 0.073153 0.101159
302 0.0850391 0.0146094 0.0704297 0.0996486
303 0.0863221 0.0156426 0.0706795 0.101965
304 0.0871133 0.0136516 0.0734617 0.100765
305 0.087883 0.0138942 0.0739889 0.101777
306 0.0897433 0.0128718 0.0768715 0.102615
307 0.0894654 0.0124972 0.0769682 0.101963
308 0.0907483 0.0126405 0.0781078 0.103389
309 0.0897433 0.0124669 0.0772764 0.10221
310 0.0917319 0.0109035 0.0808284 0.102635
311 0.0847398 0.0134485 0.0712912 0.0981883
312 0.0847398 0.0132671 0.0714726 0.0980069
313 0.0838417 0.0143774 0.0694643 0.0982191
314 0.0822166 0.0145081 0.0677085 0.0967247
315 0.0788595 0.0149364 0.0639232 0.0937959
316 0.0803777 0.0152142 0.0651635 0.0955919
317 0.0811902 0.0154171 0.0657731 0.0966073
318 0.0817248 0.0153366 0.0663882 0.0970614
319 0.0842266 0.0150881 0.0691385 0.0993147
320 0.086429 0.0139286 0.0725004 0.100358
321 0.0851888 0.0139782 0.0712106 0.099167
322 0.0861297 0.0129223 0.0732074 0.0990519
323 0.0898716 0.0121805 0.0776912 0.102052
324 0.0895509 0.0125095 0.0770414 0.10206
325 0.089166 0.0124245 0.0767416 0.10159
326 0.0886956 0.0123794 0.0763162 0.101075
327 0.0918175 0.0127504 0.0790671 0.104568
328 0.0911546 0.0132001 0.0779545 0.104355
329 0.0904062 0.0129152 0.077491 0.103321
330 0.090171 0.0126894 0.0774816 0.10286
331 0.089893 0.0126838 0.0772092 0.102577
332 0.0893157 0.0136644 0.0756513 0.10298
333 0.0890377 0.0139094 0.0751283 0.102947
334 0.089893 0.0138685 0.0760245 0.103762
335 0.0903848 0.0137764 0.0766085 0.104161
336 0.0887811 0.0150989 0.0736822 0.10388
337 0.0895723 0.0157656 0.0738067 0.105338
338 0.0887384 0.0153875 0.0733508 0.104126
339 0.0920099 0.0171213 0.0748886 0.109131
340 0.0884176 0.015078 0.0733396 0.103496
341 0.0885031 0.0144876 0.0740155 0.102991
342 0.0890163 0.0157196 0.0732967 0.104736
343 0.0910049 0.0129026 0.0781024 0.103907
344 0.0909835 0.0125572 0.0784263 0.103541
345 0.0910477 0.0129459 0.0781018 0.103994
346 0.0921596 0.0134235 0.0787361 0.105583
347 0.0912829 0.0144756 0.0768073 0.105759
348 0.0893798 0.0138358 0.075544 0.103216
349 0.0886101 0.0154942 0.0731158 0.104104
350 0.0876692 0.0148723 0.0727969 0.102542
351 0.0873485 0.014977 0.0723715 0.102325
352 0.0879472 0.0158164 0.0721307 0.103764
353 0.0873485 0.0160532 0.0712953 0.103402
354 0.0869422 0.0156571 0.0712851 0.102599
355 0.0860014 0.0153259 0.0706755 0.101327
356 0.086707 0.0154441 0.0712629 0.102151
357 0.0872843 0.0147735 0.0725108 0.102058
358 0.0866856 0.014512 0.0721736 0.101198
359 0.086707 0.0142723 0.0724347 0.100979
360 0.0883107 0.013803 0.0745077 0.102114
361 0.0876265 0.013324 0.0743025 0.10095
362 0.0885887 0.0136423 0.0749464 0.102231
363 0.090171 0.0126973 0.0774737 0.102868
364 0.0897647 0.012582 0.0771827 0.102347
365 0.0889308 0.0138652 0.0750656 0.102796
366 0.0895081 0.0144666 0.0750416 0.103975
367 0.0902993 0.0128924 0.0774069 0.103192
368 0.0888239 0.0136703 0.0751536 0.102494
369 0.0889949 0.0140821 0.0749129 0.103077
370 0.0901924 0.0129509 0.0772415 0.103143
371 0.0851461 0.0138661 0.0712799 0.0990122
372 0.0849536 0.0142122 0.0707414 0.0991658
373 0.0866428 0.0135475 0.0730953 0.10019
374 0.0872629 0.0136257 0.0736373 0.100889
375 0.0859586 0.0145541 0.0714045 0.100513
376 0.0870919 0.0136958 0.0733961 0.100788
377 0.0864076 0.0149841 0.0714236 0.101392
378 0.0841838 0.0141678 0.0700161 0.0983516
379 0.0851247 0.0136966 0.071428 0.0988213
380 0.0871988 0.0135438 0.073655 0.100743
381 0.0866215 0.0138909 0.0727306 0.100512
382 0.0855523 0.0132645 0.0722878 0.0988168
383 0.0830933 0.0134008 0.0696926 0.0964941
384 0.0829222 0.0134442 0.069478 0.0963665
385 0.0851461 0.0144056 0.0707404 0.0995517
386 0.0855951 0.0146856 0.0709095 0.100281
387 0.0873057 0.0137098 0.0735959 0.101016
388 0.0860227 0.0148214 0.0712014 0.100844
389 0.0856165 0.0151511 0.0704654 0.100768
390 0.0845901 0.014413 0.0701771 0.0990031
391 0.0860869 0.0151441 0.0709428 0.101231
392 0.0866428 0.0120939 0.0745489 0.0987368
393 0.0865787 0.0122368 0.0743419 0.0988155
394 0.0865145 0.0125523 0.0739622 0.0990669
395 0.0882893 0.0104958 0.0777935 0.0987851
396 0.089615 0.00916367 0.0804514 0.0987787
397 0.0890591 0.00930075 0.0797583 0.0983598
398 0.0902993 0.00962012 0.0806792 0.0999194
399 0.0903207 0.00703567 0.083285 0.0973563
400 0.0919244 0.00684845 0.0850759 0.0987728
401 0.091625 0.00681418 0.0848108 0.0984392
402 0.0892302 0.00903078 0.0801994 0.0982609
403 0.0892515 0.00957517 0.0796764 0.0988267
404 0.0900213 0.00886443 0.0811569 0.0988857
405 0.0890163 0.00914349 0.0798728 0.0981598
406 0.0885887 0.0094755 0.0791132 0.0980642
407 0.0890805 0.00931571 0.0797648 0.0983962
408 0.0895081 0.0089021 0.080606 0.0984102
409 0.0917319 0.00939333 0.0823386 0.101125
410 0.0905559 0.0112033 0.0793526 0.101759
411 0.0927155 0.0089783 0.0837372 0.101694
412 0.0942765 0.00933765 0.0849388 0.103614
413 0.0943406 0.00904103 0.0852996 0.103382
414 0.0945545 0.00906477 0.0854897 0.103619
415 0.0944903 0.00901274 0.0854776 0.103503
416 0.0946186 0.00917603 0.0854426 0.103795
417 0.0947255 0.00963648 0.085089 0.104362
418 0.0927583 0.0101155 0.0826428 0.102874
419 0.0904917 0.0124589 0.0780328 0.102951
420 0.0910477 0.0128046 0.0782431 0.103852
421 0.0914112 0.0124211 0.0789901 0.103832
422 0.0919244 0.0129039 0.0790205 0.104828
423 0.0886956 0.0144933 0.0742023 0.103189
424 0.0879686 0.0148674 0.0731011 0.102836
425 0.0846329 0.0159509 0.0686819 0.100584
426 0.0831147 0.0153517 0.067763 0.0984664
427 0.0846329 0.01533 0.0693028 0.0999629
428 0.0824091 0.0151224 0.0672867 0.0975314
429 0.0806984 0.0144298 0.0662686 0.0951283
430 0.0798645 0.0144164 0.0654481 0.0942809
431 0.0821952 0.0131782 0.0690171 0.0953734
432 0.0833071 0.0137467 0.0695605 0.0970538
433 0.0838203 0.0124145 0.0714058 0.0962348
434 0.085253 0.0115754 0.0736776 0.0968283
435 0.0861083 0.0119791 0.0741292 0.0980874
436 0.0870064 0.0106567 0.0763497 0.097663
437 0.0860441 0.0118373 0.0742068 0.0978814
438 0.0858303 0.0136449 0.0721854 0.0994752
439 0.0839059 0.0141214 0.0697844 0.0980273
440 0.0844404 0.0146739 0.0697665 0.0991143
441 0.0843549 0.0142313 0.0701236 0.0985861
442 0.0863435 0.0136501 0.0726934 0.0999936
443 0.0889736 0.0126527 0.0763209 0.101626
444 0.088717 0.0125453 0.0761717 0.101262
445 0.0882679 0.0125933 0.0756747 0.100861
446 0.0872202 0.013239 0.0739812 0.100459
447 0.0902779 0.0129431 0.0773348 0.103221
448 0.0882893 0.0133723 0.074917 0.101662
449 0.0884818 0.0146249 0.0738569 0.103107
450 0.0866642 0.0157394 0.0709249 0.102404
451 0.0858089 0.0159621 0.0698469 0.101771
452 0.0835637 0.0162083 0.0673554 0.099772
453 0.0836706 0.0161783 0.0674924 0.0998489
454 0.0823235 0.0156141 0.0667095 0.0979376
455 0.0845901 0.0159089 0.0686812 0.100499
456 0.0842694 0.0161405 0.0681289 0.10041
457 0.0833071 0.0164119 0.0668952 0.0997191
458 0.0854026 0.0156647 0.0697379 0.101067
459 0.084975 0.0162689 0.0687061 0.101244
460 0.084697 0.0159163 0.0687807 0.100613
461 0.0850605 0.0155044 0.0695561 0.100565
462 0.0863435 0.015643 0.0707005 0.101986
463 0.0853599 0.0158644 0.0694954 0.101224
464 0.0819173 0.0162466 0.0656706 0.0981639
465 0.0816179 0.0167553 0.0648626 0.0983732
466 0.0817676 0.0167805 0.0649871 0.0985481
467 0.0840342 0.0175331 0.0665011 0.101567
468 0.0834996 0.0171552 0.0663444 0.100655
469 0.0869422 0.0151652 0.071777 0.102107
470 0.0867498 0.0152249 0.0715248 0.101975
471 0.086429 0.0149158 0.0715132 0.101345
472 0.0857234 0.0143831 0.0713403 0.100107
473 0.0907483 0.0144662 0.0762821 0.105215
474 0.0900855 0.0137691 0.0763164 0.103855
475 0.0874768 0.0150188 0.0724579 0.102496
476 0.0873057 0.0154408 0.0718649 0.102747
477 0.0882252 0.016649 0.0715762 0.104874
478 0.087712 0.0161577 0.0715543 0.10387
479 0.0877975 0.016256 0.0715415 0.104054
480 0.0902779 0.0182704 0.0720075 0.108548
481 0.0845901 0.0177276 0.0668625 0.102318
482 0.0895937 0.0258165 0.0637772 0.11541
483 0.0844618 0.0178171 0.0666447 0.102279
484 0.086258 0.0187082 0.0675498 0.104966
485 0.0834782 0.0195287 0.0639495 0.103007
486 0.0835423 0.0188145 0.0647278 0.102357
487 0.0832644 0.0196554 0.063609 0.10292
488 0.0860227 0.0170641 0.0689587 0.103087
489 0.0883748 0.0155105 0.0728643 0.103885
490 0.0865145 0.0160636 0.0704509 0.102578
491 0.0875409 0.0150107 0.0725302 0.102552
492 0.0873271 0.0151003 0.0722268 0.102427
493 0.0888025 0.0141458 0.0746567 0.102948
494 0.0889308 0.0129195 0.0760113 0.10185
495 0.0893371 0.0127143 0.0766228 0.102051
496 0.0892943 0.0128657 0.0764286 0.10216
497 0.0882679 0.0137891 0.0744789 0.102057
498 0.0868781 0.0134424 0.0734356 0.10032
499 0.0850178 0.0133286 0.0716892 0.0983463
500 0.0859372 0.0136953 0.0722419 0.0996325
501 0.0866215 0.0138467 0.0727748 0.100468
502 0.0885673 0.0128003 0.075767 0.101368
503 0.0870705 0.0148072 0.0722633 0.101878
504 0.0849536 0.0146063 0.0703473 0.0995599
505 0.0857234 0.0146377 0.0710857 0.100361
506 0.085253 0.0141897 0.0710633 0.0994426
507 0.0899572 0.0135542 0.076403 0.103511
508 0.088888 0.0141852 0.0747029 0.103073
509 0.0871774 0.0138022 0.0733752 0.10098
510 0.0858945 0.0145693 0.0713251 0.100464
511 0.0854668 0.0141471 0.0713197 0.0996139
512 0.0894868 0.0137655 0.0757213 0.103252
513 0.0881183 0.0148714 0.0732469 0.10299
514 0.0881824 0.0151752 0.0730072 0.103358
515 0.0855309 0.0148212 0.0707098 0.100352
516 0.0852316 0.0154756 0.069756 0.100707
517 0.0851674 0.0145228 0.0706446 0.0996903
518 0.0844832 0.0155889 0.0688943 0.100072
519 0.0866001 0.0136237 0.0729764 0.100224
520 0.0857875 0.0146414 0.0711461 0.100429
521 0.0870705 0.0136832 0.0733873 0.100754
522 0.0861938 0.0136779 0.0725159 0.0998717
523 0.0873057 0.011924 0.0753817 0.0992297
524 0.0877547 0.0110742 0.0766806 0.0988289
525 0.088888 0.011385 0.077503 0.100273
526 0.0901924 0.00937228 0.0808201 0.0995647
527 0.0889522 0.0104692 0.0784829 0.0994214
528 0.0855523 0.0133579 0.0721944 0.0989103
529 0.0853599 0.0134269 0.071933 0.0987867
530 0.0850819 0.013082 0.072 0.0981639
531 0.087156 0.013823 0.0733331 0.100979
532 0.0863435 0.0133678 0.0729757 0.0997113
533 0.0862366 0.0135299 0.0727067 0.0997665
534 0.0836706 0.0136891 0.0699815 0.0973598
535 0.0838417 0.0141369 0.0697048 0.0979786
536 0.08196 0.0142283 0.0677317 0.0961883
537 0.0834568 0.0153118 0.0681451 0.0987686
538 0.086151 0.0150401 0.0711109 0.101191
539 0.0857875 0.0152046 0.070583 0.100992
540 0.0858089 0.0152279 0.070581 0.101037
541 0.086429 0.0150452 0.0713838 0.101474
542 0.0891446 0.014432 0.0747126 0.103577
543 0.0899572 0.013944 0.0760132 0.103901
544 0.0918816 0.0125546 0.079327 0.104436
545 0.0891874 0.0139585 0.0752289 0.103146
546 0.088717 0.014249 0.074468 0.102966
547 0.0892088 0.014463 0.0747458 0.103672
548 0.0894226 0.0147053 0.0747173 0.104128
549 0.0880541 0.0136581 0.074396 0.101712
550 0.0900213 0.0158547 0.0741666 0.105876
551 0.0887384 0.0124832 0.0762552 0.101222
552 0.0913898 0.0110291 0.0803607 0.102419
553 0.0935495 0.00952516 0.0840243 0.103075
554 0.0930791 0.00923009 0.083849 0.102309
555 0.0931432 0.00940024 0.083743 0.102543
556 0.0941482 0.00942421 0.084724 0.103572
557 0.0915823 0.0109184 0.0806638 0.102501
558 0.0914326 0.0122779 0.0791546 0.103711
559 0.0902138 0.0123106 0.0779032 0.102524
560 0.0918602 0.0106336 0.0812267 0.102494
561 0.0903207 0.0119694 0.0783512 0.10229
562 0.0901496 0.0125155 0.0776342 0.102665
563 0.0896578 0.0123549 0.0773029 0.102013
564 0.0875837 0.0134936 0.0740901 0.101077
565 0.0871346 0.0134496 0.073685 0.100584
566 0.0879686 0.0123666 0.075602 0.100335
567 0.0873912 0.0134261 0.0739651 0.100817
568 0.0844404 0.0140213 0.0704192 0.0984617
569 0.0859158 0.0132586 0.0726572 0.0991744
570 0.0843763 0.013767 0.0706093 0.0981432
571 0.0841624 0.0141156 0.0700469 0.098278
572 0.0850605 0.0139529 0.0711076 0.0990134
573 0.0851247 0.0145141 0.0706106 0.0996388
574 0.0870705 0.0136229 0.0734476 0.100693
575 0.0890377 0.0127729 0.0762648 0.101811
576 0.089166 0.0121461 0.0770199 0.101312
577 0.0874982 0.0121693 0.0753288 0.0996675
578 0.0912829 0.0108261 0.0804568 0.102109
579 0.0917106 0.00858668 0.0831239 0.100297
580 0.0905345 0.0107631 0.0797714 0.101298
581 0.0899144 0.0112611 0.0786533 0.101176
582 0.093635 0.0119525 0.0816825 0.105588
583 0.0939771 0.011342 0.0826351 0.105319
584 0.0937847 0.0112125 0.0825722 0.104997
585 0.0947683 0.0114755 0.0832928 0.106244
586 0.0947897 0.0113914 0.0833982 0.106181
587 0.0931432 0.0128486 0.0802946 0.105992
588 0.0941696 0.0130428 0.0811267 0.107212
589 0.0933143 0.0129803 0.080334 0.106295
590 0.0915823 0.0146332 0.076949 0.106215
591 0.0895295 0.0145957 0.0749338 0.104125
592 0.0902565 0.0141898 0.0760667 0.104446
593 0.0901924 0.014264 0.0759284 0.104456
594 0.0902993 0.0141173 0.076182 0.104417
595 0.0897647 0.0142986 0.0754661 0.104063
596 0.0898289 0.0140558 0.0757731 0.103885
597 0.0893371 0.0142928 0.0750443 0.10363
598 0.0882252 0.0143275 0.0738977 0.102553
599 0.0902138 0.0128563 0.0773574 0.10307
600 0.089166 0.01304 0.076126 0.102206
601 0.0892088 0.0131056 0.0761031 0.102314
602 0.0872202 0.0136578 0.0735623 0.100878
603 0.0876265 0.0138753 0.0737511 0.101502
604 0.0917961 0.0121579 0.0796381 0.103954
605 0.0897433 0.0132967 0.0764466 0.10304
606 0.0902993 0.0134594 0.0768399 0.103759
607 0.0906414 0.0130889 0.0775525 0.10373
608 0.0893798 0.0136976 0.0756822 0.103077
609 0.0882252 0.0141379 0.0740873 0.102363
610 0.0857875 0.0156731 0.0701145 0.101461
611 0.0865787 0.0165129 0.0700658 0.103092
612 0.086258 0.015939 0.0703189 0.102197
613 0.0864504 0.0161443 0.0703061 0.102595
614 0.0840128 0.0161524 0.0678604 0.100165
615 0.085253 0.0165654 0.0686876 0.101818
616 0.0853813 0.0167165 0.0686648 0.102098
617 0.0840342 0.0164653 0.0675689 0.100499
618 0.0885887 0.0154301 0.0731585 0.104019
619 0.0874982 0.0150832 0.072415 0.102581
620 0.088439 0.0151281 0.0733109 0.103567
621 0.0882679 0.0152628 0.0730052 0.103531
622 0.0897433 0.0142911 0.0754522 0.104034
623 0.0897647 0.0141694 0.0755953 0.103934
624 0.0944048 0.0113654 0.0830394 0.10577
625 0.0937847 0.0109676 0.0828171 0.104752
626 0.0927583 0.010576 0.0821823 0.103334
627 0.0925017 0.0111839 0.0813178 0.103686
628 0.0939985 0.00847965 0.0855189 0.102478
629 0.0937419 0.00829209 0.0854498 0.102034
630 0.0923093 0.0105305 0.0817788 0.10284
631 0.0901282 0.0125076 0.0776206 0.102636
632 0.0848467 0.0152484 0.0695983 0.100095
633 0.0859158 0.0160504 0.0698654 0.101966
634 0.0840555 0.0156445 0.068411 0.0997
635 0.0844618 0.014811 0.0696508 0.0992728
636 0.0842266 0.0149914 0.0692352 0.099218
637 0.084697 0.0147918 0.0699052 0.0994888
638 0.0855309 0.0136166 0.0719143 0.0991476
639 0.0867925 0.014872 0.0719205 0.101665
640 0.0902565 0.0124553 0.0778012 0.102712
641 0.0888667 0.0128222 0.0760444 0.101689
642 0.0892729 0.0125987 0.0766742 0.101872
643 0.0881824 0.0136412 0.0745412 0.101824
644 0.0862366 0.0145241 0.0717125 0.100761
645 0.0860441 0.0145927 0.0714514 0.100637
646 0.0860655 0.0148747 0.0711908 0.10094
647 0.0875837 0.0136258 0.0739579 0.101209
648 0.0958588 0.0265202 0.0693386 0.122379
649 0.0905559 0.0124159 0.07814 0.102972
650 0.0899144 0.0123908 0.0775236 0.102305
651 0.0904917 0.0107352 0.0797565 0.101227
652 0.0923093 0.00819969 0.0841096 0.100509
653 0.0919458 0.00800983 0.0839359 0.0999556
654 0.0914967 0.00853005 0.0829667 0.100027
655 0.0913043 0.00868624 0.082618 0.0999905
656 0.0924376 0.00565455 0.086783 0.0980921
657 0.0919458 0.00647441 0.0854714 0.0984202
658 0.0925659 0.00572558 0.0868403 0.0982914
659 0.0925872 0.00566299 0.0869243 0.0982502
660 0.091176 0.0090685 0.0821075 0.100244
661 0.0904704 0.00905222 0.0814181 0.0995226
662 0.0902138 0.00843844 0.0817753 0.0986522
663 0.090449 0.0104898 0.0799592 0.100939
664 0.0912829 0.0113191 0.0799638 0.102602
665 0.093357 0.0110837 0.0822733 0.104441
666 0.093079 0.0104117 0.0826674 0.103491
667 0.0924162 0.0112099 0.0812063 0.103626
668 0.0922665 0.0113428 0.0809237 0.103609
669 0.0908552 0.0126765 0.0781787 0.103532
670 0.0902779 0.0132151 0.0770628 0.103493
671 0.090171 0.0122792 0.0778918 0.10245
672 0.0891232 0.0128028 0.0763204 0.101926
673 0.0858517 0.0137249 0.0721268 0.0995766
674 0.0857234 0.0138928 0.0718305 0.0996162
675 0.0855951 0.0134642 0.0721309 0.0990593
676 0.0849322 0.0131091 0.0718231 0.0980414
677 0.083692 0.0136843 0.0700077 0.0973764
678 0.0830933 0.0136757 0.0694177 0.096769
679 0.086258 0.0153564 0.0709016 0.101614
680 0.08598 0.0150687 0.0709113 0.101049
681 0.0891019 0.0146769 0.074425 0.103779
682 0.0886314 0.0140437 0.0745878 0.102675
683 0.0870491 0.014981 0.0720681 0.10203
684 0.0853171 0.0146496 0.0706675 0.0999667
685 0.0853385 0.0129025 0.072436 0.098241
686 0.0841624 0.0141892 0.0699732 0.0983517
687 0.0919671 0.0305615 0.0614057 0.122529
688 0.0842694 0.0143831 0.0698862 0.0986525
689 0.084526 0.0147099 0.0698161 0.0992358
690 0.0844832 0.0144782 0.070005 0.0989614
691 0.0852957 0.0150133 0.0702824 0.100309
692 0.0865145 0.0139864 0.0725281 0.100501
693 0.0856165 0.0142664 0.0713501 0.0998828
694 0.0852102 0.0143598 0.0708504 0.09957
695 0.0850178 0.0147269 0.0702909 0.0997446
696 0.086429 0.0134748 0.0729542 0.0999038
697 0.085424 0.012948 0.072476 0.0983721
698 0.085424 0.0134456 0.0719785 0.0988696
699 0.0839272 0.0139437 0.0699835 0.0978709
700 0.0847398 0.0144667 0.0702731 0.0992064
701 0.0845901 0.0138157 0.0707744 0.0984058
702 0.088439 0.0120327 0.0764063 0.100472
703 0.0884176 0.0122901 0.0761276 0.100708
704 0.0887811 0.0118873 0.0768939 0.100668
705 0.0942979 0.0166371 0.0776608 0.110935
706 0.0905131 0.0124471 0.078066 0.10296
707 0.0902351 0.0123865 0.0778487 0.102622
708 0.0897861 0.0124861 0.0773 0.102272
709 0.0925445 0.00858873 0.0839558 0.101133
710 0.0957519 0.00913911 0.0866128 0.104891
711 0.0938061 0.0111554 0.0826507 0.104961
712 0.0935709 0.0113144 0.0822565 0.104885
713 0.0914326 0.0123729 0.0790597 0.103805
714 0.0923948 0.0129548 0.07944 0.10535
715 0.0924803 0.0133267 0.0791536 0.105807
716 0.0927369 0.0114563 0.0812807 0.104193
717 0.0936992 0.0134592 0.08024 0.107158
718 0.0927797 0.0113972 0.0813825 0.104177
719 0.0932501 0.0112575 0.0819926 0.104508
720 0.0912188 0.0113865 0.0798323 0.102605
721 0.0914967 0.0111744 0.0803223 0.102671
722 0.0927155 0.0119893 0.0807263 0.104705
723 0.0904062 0.012901 0.0775052 0.103307
724 0.0893157 0.0142232 0.0750925 0.103539
725 0.0892088 0.0141523 0.0750564 0.103361
726 0.0899999 0.0143678 0.0756321 0.104368
727 0.090171 0.0135421 0.0766289 0.103713
728 0.0905987 0.0126432 0.0779555 0.103242
729 0.0914326 0.0114916 0.079941 0.102924
730 0.0901924 0.0128217 0.0773707 0.103014
731 0.0901496 0.0128443 0.0773053 0.102994
732 0.090449 0.0131836 0.0772653 0.103633
733 0.0902779 0.0132937 0.0769842 0.103572
734 0.0891874 0.012884 0.0763034 0.102071
735 0.0892515 0.0126322 0.0766194 0.101884
736 0.0915609 0.012821 0.0787399 0.104382
737 0.0948752 0.0149901 0.0798851 0.109865
738 0.0944048 0.0114751 0.0829297 0.10588
739 0.0956236 0.00930422 0.0863194 0.104928
740 0.0950676 0.00946664 0.085601 0.104534
741 0.0944903 0.00942828 0.085062 0.103919
742 0.0943192 0.0096592 0.08466 0.103978
743 0.0925445 0.0114084 0.0811361 0.103953
744 0.0914112 0.0128829 0.0785283 0.104294
745 0.09062 0.0129106 0.0777095 0.103531
746 0.0888239 0.0134123 0.0754115 0.102236
747 0.0892729 0.0147314 0.0745416 0.104004
748 0.0875195 0.0148657 0.0726538 0.102385
749 0.0890591 0.0154849 0.0735742 0.104544
750 0.0885459 0.0150747 0.0734712 0.103621
751 0.0877334 0.0147849 0.0729485 0.102518
752 0.0893798 0.0140196 0.0753602 0.103399
753 0.0873057 0.013405 0.0739007 0.100711
754 0.0885887 0.0123497 0.0762389 0.100938
755 0.0891446 0.0107753 0.0783694 0.0999199
756 0.0907483 0.00913681 0.0816115 0.0998851
757 0.0887811 0.00913661 0.0796445 0.0979177
758 0.0890591 0.00928599 0.0797731 0.0983451
759 0.0907269 0.00922315 0.0815038 0.0999501
760 0.091176 0.00724947 0.0839265 0.0984255
761 0.0916892 0.0068028 0.0848864 0.098492
762 0.0923307 0.00630105 0.0860296 0.0986317
763 0.0923734 0.0063676 0.0860058 0.098741
764 0.0885673 0.0113541 0.0772132 0.0999214
765 0.0875623 0.0123827 0.0751796 0.099945
766 0.084248 0.0140646 0.0701834 0.0983126
767 0.0840342 0.0152034 0.0688307 0.0992376
768 0.0849964 0.0151771 0.0698192 0.100174
769 0.0842266 0.0154214 0.0688052 0.099648
770 0.0839272 0.0153967 0.0685306 0.0993239
771 0.0866856 0.0137909 0.0728948 0.100476
772 0.0877547 0.014022 0.0737328 0.101777
773 0.0900427 0.0243025 0.0657402 0.114345
774 0.0875409 0.0136616 0.0738793 0.101203
775 0.0893585 0.012538 0.0768205 0.101896
776 0.0895937 0.0126679 0.0769258 0.102262
777 0.0891874 0.0125022 0.0766852 0.10169
778 0.0884176 0.0123679 0.0760497 0.100786
779 0.0885245 0.0128681 0.0756565 0.101393
780 0.0889308 0.0124722 0.0764586 0.101403
781 0.0871346 0.0136112 0.0735235 0.100746
782 0.0880969 0.0128325 0.0752644 0.100929
783 0.0874982 0.0129378 0.0745603 0.100436
784 0.0854454 0.0145243 0.0709211 0.0999697
785 0.0849964 0.0146604 0.0703359 0.0996568
786 0.0857662 0.014891 0.0708751 0.100657
787 0.0850178 0.014408 0.0706098 0.0994257
788 0.086985 0.0139447 0.0730403 0.10093
789 0.0883107 0.0128798 0.0754309 0.10119
790 0.0905773 0.0110742 0.0795031 0.101651
791 0.0899358 0.0115103 0.0784255 0.101446
792 0.0938061 0.00979906 0.084007 0.103605
793 0.0930363 0.0094699 0.0835664 0.102506
794 0.0932929 0.00994449 0.0833484 0.103237
795 0.0920099 0.00933549 0.0826744 0.101345
796 0.0903207 0.0114413 0.0788793 0.101762
797 0.0879686 0.0126986 0.07527 0.100667
798 0.0879258 0.0149816 0.0729442 0.102907
799 0.0869636 0.0151744 0.0717892 0.102138
