# ../output/graphs/perf_parallel61BIPED_thread3
# step - mean (0.0965542) - standard deviation (0.0194409) r=20 - ylow - yhigh
0 0.114505 0.0321947 0.0823098 0.146699
1 0.105567 0.017381 0.0881855 0.122948
2 0.103386 0.0174883 0.0858972 0.120874
3 0.103984 0.0176841 0.0863002 0.121668
4 0.103471 0.0176557 0.0858154 0.121127
5 0.108175 0.019158 0.0890172 0.127333
6 0.105396 0.0185054 0.0868901 0.123901
7 0.09928 0.0191913 0.0800887 0.118471
8 0.0994297 0.0195661 0.0798636 0.118996
9 0.0995366 0.0195396 0.079997 0.119076
10 0.0944262 0.0181215 0.0763047 0.112548
11 0.0948966 0.0190716 0.075825 0.113968
12 0.093913 0.0182771 0.0756359 0.11219
13 0.0935067 0.0179789 0.0755278 0.111486
14 0.0936778 0.0180941 0.0755836 0.111772
15 0.0917747 0.0178155 0.0739592 0.10959
16 0.09464 0.0178963 0.0767437 0.112536
17 0.0971845 0.0186415 0.0785431 0.115826
18 0.0946186 0.017718 0.0769007 0.112337
19 0.0944689 0.0179125 0.0765564 0.112381
20 0.0926942 0.0160281 0.076666 0.108722
21 0.0926514 0.0163257 0.0763257 0.108977
22 0.0942765 0.016433 0.0778435 0.110709
23 0.0918175 0.0160511 0.0757664 0.107869
24 0.0895081 0.0156302 0.0738779 0.105138
25 0.0880327 0.01568 0.0723527 0.103713
26 0.0892515 0.0168026 0.072449 0.106054
27 0.0894012 0.016277 0.0731242 0.105678
28 0.0876478 0.0161303 0.0715176 0.103778
29 0.0887597 0.0165892 0.0721706 0.105349
30 0.0885031 0.0193329 0.0691703 0.107836
31 0.0891874 0.0182175 0.0709699 0.107405
32 0.0886314 0.0170697 0.0715617 0.105701
33 0.08799 0.016945 0.071045 0.104935
34 0.0973984 0.0194834 0.077915 0.116882
35 0.102466 0.0200489 0.0824171 0.122515
36 0.0997077 0.0180996 0.0816081 0.117807
37 0.101055 0.0179641 0.0830907 0.119019
38 0.100606 0.0178373 0.0827685 0.118443
39 0.101098 0.0183336 0.082764 0.119431
40 0.102359 0.0194901 0.082869 0.121849
41 0.103685 0.0220777 0.0816072 0.125763
42 0.103813 0.01957 0.0842432 0.123383
43 0.103642 0.018954 0.0846881 0.122596
44 0.103621 0.0199926 0.0836281 0.123613
45 0.104476 0.0192711 0.0852049 0.123747
46 0.103664 0.0204271 0.0832364 0.124091
47 0.10114 0.0199621 0.0811782 0.121102
48 0.10114 0.0198067 0.0813336 0.120947
49 0.102081 0.0197028 0.0823784 0.121784
50 0.102381 0.0200334 0.0823471 0.122414
51 0.0996863 0.0178859 0.0818004 0.117572
52 0.100007 0.0171959 0.0828111 0.117203
53 0.0990662 0.0178795 0.0811867 0.116946
54 0.101611 0.0182661 0.0833446 0.119877
55 0.101119 0.0170454 0.0840736 0.118164
56 0.102145 0.0188553 0.08329 0.121001
57 0.0980398 0.0185579 0.079482 0.116598
58 0.104797 0.0205712 0.0842255 0.125368
59 0.0995794 0.018237 0.0813424 0.117816
60 0.100285 0.0178873 0.0823978 0.118172
61 0.101568 0.0217076 0.0798604 0.123276
62 0.0991731 0.0175395 0.0816336 0.116713
63 0.0963506 0.0177248 0.0786258 0.114075
64 0.101226 0.0180007 0.0832252 0.119227
65 0.102466 0.0177821 0.084684 0.120248
66 0.100841 0.0183481 0.0824929 0.119189
67 0.102509 0.0179753 0.0845335 0.120484
68 0.104519 0.017609 0.0869098 0.122128
69 0.106336 0.0192878 0.0870486 0.125624
70 0.106999 0.0190907 0.0879086 0.12609
71 0.106486 0.0210613 0.0854247 0.127547
72 0.104754 0.0216861 0.0830679 0.12644
73 0.106935 0.0207262 0.0862088 0.127661
74 0.102509 0.0208558 0.081653 0.123365
75 0.0979329 0.0201702 0.0777628 0.118103
76 0.0999643 0.0199623 0.080002 0.119927
77 0.100093 0.0199992 0.0800934 0.120092
78 0.0997718 0.0197204 0.0800514 0.119492
79 0.102445 0.0211637 0.081281 0.123608
80 0.10315 0.021178 0.0819723 0.124328
81 0.102808 0.0212327 0.0815755 0.124041
82 0.104091 0.0195085 0.0845827 0.1236
83 0.102445 0.0191169 0.0833278 0.121562
84 0.100563 0.0178994 0.0826636 0.118462
85 0.100221 0.0168445 0.0833763 0.117065
86 0.0986172 0.0175648 0.0810524 0.116182
87 0.0991731 0.0190999 0.0800732 0.118273
88 0.100028 0.0189142 0.0811143 0.118943
89 0.0990876 0.0190319 0.0800557 0.118119
90 0.0996222 0.0193943 0.0802279 0.119016
91 0.0971418 0.0187063 0.0784355 0.115848
92 0.0970349 0.0189268 0.0781081 0.115962
93 0.101397 0.0193463 0.0820506 0.120743
94 0.101033 0.0191051 0.0819283 0.120139
95 0.1033 0.0191489 0.0841511 0.122449
96 0.110677 0.0200207 0.0906563 0.130698
97 0.10779 0.0195534 0.0882369 0.127344
98 0.104006 0.0190657 0.0849399 0.123071
99 0.10809 0.0171264 0.0909633 0.125216
100 0.107042 0.017079 0.089963 0.124121
101 0.106914 0.0169413 0.0899724 0.123855
102 0.108047 0.0169716 0.0910753 0.125019
103 0.105502 0.0174267 0.0880758 0.122929
104 0.108966 0.0195236 0.0894429 0.12849
105 0.106743 0.0194869 0.0872557 0.12623
106 0.108282 0.0193377 0.0889445 0.12762
107 0.10407 0.0184598 0.08561 0.12253
108 0.0997718 0.0178225 0.0819493 0.117594
109 0.0975694 0.0177244 0.0798451 0.115294
110 0.0967783 0.0176436 0.0791347 0.114422
111 0.0975694 0.0170994 0.08047 0.114669
112 0.102445 0.0185355 0.0839092 0.12098
113 0.105951 0.0190755 0.086876 0.125027
114 0.100071 0.0180428 0.0820284 0.118114
115 0.100114 0.0177097 0.0824043 0.117824
116 0.100028 0.0180275 0.0820009 0.118056
117 0.097548 0.017719 0.079829 0.115267
118 0.0997505 0.0181816 0.0815689 0.117932
119 0.0993228 0.0181524 0.0811705 0.117475
120 0.097826 0.0170118 0.0808142 0.114838
121 0.0981895 0.0172231 0.0809664 0.115413
122 0.0977833 0.0172405 0.0805427 0.115024
123 0.0979329 0.0176244 0.0803086 0.115557
124 0.0977833 0.016963 0.0808202 0.114746
125 0.0955594 0.0166222 0.0789372 0.112182
126 0.0938061 0.0172182 0.0765878 0.111024
127 0.094918 0.0181012 0.0768168 0.113019
128 0.103343 0.0201531 0.0831897 0.123496
129 0.0997718 0.019634 0.0801378 0.119406
130 0.0994083 0.0198053 0.079603 0.119214
131 0.0986386 0.0195865 0.079052 0.118225
132 0.0971845 0.0182538 0.0789307 0.115438
133 0.0934853 0.0162196 0.0772658 0.109705
134 0.0915609 0.0150495 0.0765114 0.10661
135 0.0916678 0.0150096 0.0766582 0.106677
136 0.0937633 0.0160589 0.0777044 0.109822
137 0.0937419 0.0165224 0.0772195 0.110264
138 0.0991945 0.02031 0.0788845 0.119504
139 0.104968 0.0205357 0.0844322 0.125504
140 0.104369 0.021028 0.0833411 0.125397
141 0.104134 0.0211421 0.0829918 0.125276
142 0.104861 0.0211772 0.0836838 0.126038
143 0.106956 0.0219645 0.0849919 0.128921
144 0.101846 0.0206018 0.0812442 0.122448
145 0.101098 0.0230082 0.0780894 0.124106
146 0.0996649 0.0209238 0.0787411 0.120589
147 0.0982964 0.0203935 0.077903 0.11869
148 0.100606 0.0222384 0.0783674 0.122844
149 0.10268 0.0194721 0.0832078 0.122152
150 0.100499 0.0192919 0.0812069 0.119791
151 0.102316 0.0192824 0.083034 0.121599
152 0.104219 0.0192844 0.0849351 0.123504
153 0.106486 0.0206004 0.0858857 0.127086
154 0.103343 0.0193706 0.0839722 0.122713
155 0.100477 0.0194461 0.0810314 0.119924
156 0.102851 0.0195127 0.0833382 0.122364
157 0.102915 0.0196611 0.083254 0.122576
158 0.103835 0.0192386 0.084596 0.123073
159 0.103535 0.0191802 0.084355 0.122715
160 0.106422 0.0195075 0.0869144 0.125929
161 0.106165 0.0193477 0.0868176 0.125513
162 0.105417 0.018364 0.0870529 0.123781
163 0.102466 0.0198472 0.0826188 0.122313
164 0.101932 0.0195079 0.0824236 0.121439
165 0.102338 0.0234045 0.0789333 0.125742
166 0.0982109 0.0224302 0.0757807 0.120641
167 0.0953884 0.0211965 0.0741919 0.116585
168 0.10129 0.0331012 0.0681888 0.134391
169 0.102466 0.0233636 0.0791025 0.12583
170 0.0994725 0.0217602 0.0777123 0.121233
171 0.101076 0.0215677 0.0795085 0.122644
172 0.0993014 0.0213599 0.0779415 0.120661
173 0.100798 0.0194445 0.0813537 0.120243
174 0.0992159 0.0191401 0.0800758 0.118356
175 0.100969 0.0195705 0.0813988 0.12054
176 0.0959871 0.0165439 0.0794432 0.112531
177 0.0973128 0.0175841 0.0797287 0.114897
178 0.101482 0.0175135 0.0839689 0.118996
179 0.103664 0.0191255 0.084538 0.122789
180 0.102359 0.0198186 0.0825406 0.122178
181 0.103963 0.0195124 0.0844504 0.123475
182 0.1067 0.0204518 0.0862481 0.127152
183 0.10407 0.0190637 0.0850061 0.123133
184 0.103877 0.0191911 0.0846862 0.123068
185 0.101354 0.0192378 0.0821164 0.120592
186 0.100905 0.0193059 0.0815992 0.120211
187 0.1033 0.0195866 0.0837134 0.122887
188 0.0989593 0.0196108 0.0793485 0.11857
189 0.0934639 0.0166717 0.0767923 0.110136
190 0.0947683 0.0181753 0.076593 0.112944
191 0.0966286 0.0199804 0.0766481 0.116609
192 0.0977833 0.0203229 0.0774603 0.118106
193 0.0956236 0.0197674 0.0758562 0.115391
194 0.097377 0.0197714 0.0776056 0.117148
195 0.0977191 0.0195955 0.0781236 0.117315
196 0.101932 0.0201703 0.0817612 0.122102
197 0.101119 0.0200622 0.0810568 0.121181
198 0.0996222 0.0182732 0.081349 0.117895
199 0.0920741 0.0176959 0.0743782 0.10977
200 0.0894868 0.0185978 0.070889 0.108085
201 0.093357 0.019078 0.0742791 0.112435
202 0.0926942 0.0202073 0.0724869 0.112901
203 0.0909622 0.0184131 0.0725491 0.109375
204 0.0907056 0.0181866 0.072519 0.108892
205 0.0905773 0.0159771 0.0746001 0.106554
206 0.0922451 0.0161996 0.0760455 0.108445
207 0.0950463 0.0152385 0.0798078 0.110285
208 0.0981468 0.0170615 0.0810853 0.115208
209 0.101589 0.0175534 0.084036 0.119143
210 0.098831 0.0194716 0.0793594 0.118303
211 0.0986172 0.0192665 0.0793507 0.117884
212 0.0986386 0.0193616 0.079277 0.118
213 0.0989379 0.0206488 0.0782891 0.119587
214 0.0968852 0.0208077 0.0760775 0.117693
215 0.101611 0.0193115 0.0822992 0.120922
216 0.101654 0.0195406 0.0821129 0.121194
217 0.100371 0.019412 0.0809586 0.119783
218 0.096372 0.0201567 0.0762153 0.116529
219 0.0988952 0.0210851 0.0778101 0.11998
220 0.101226 0.0207005 0.0805254 0.121926
221 0.0985316 0.0206524 0.0778792 0.119184
222 0.0993442 0.0217247 0.0776195 0.121069
223 0.101718 0.0211299 0.0805878 0.122848
224 0.100905 0.0187128 0.0821924 0.119618
225 0.100392 0.0181986 0.0821933 0.118591
226 0.102038 0.0180855 0.0839529 0.120124
227 0.100221 0.0168987 0.0833222 0.11712
228 0.0990021 0.0165262 0.0824758 0.115528
229 0.0973984 0.0170295 0.0803689 0.114428
230 0.0976977 0.0218634 0.0758344 0.119561
231 0.10377 0.0203288 0.0834416 0.124099
232 0.102338 0.0192421 0.0830956 0.12158
233 0.0964148 0.0203451 0.0760697 0.11676
234 0.0959657 0.0211248 0.074841 0.11709
235 0.0938061 0.020336 0.0734701 0.114142
236 0.0924803 0.0205452 0.0719352 0.113026
237 0.0952173 0.0209931 0.0742242 0.11621
238 0.0941268 0.0209568 0.07317 0.115084
239 0.0926942 0.0198939 0.0728002 0.112588
240 0.0925872 0.0197308 0.0728564 0.112318
241 0.0923093 0.0202869 0.0720224 0.112596
242 0.0936778 0.0201114 0.0735664 0.113789
243 0.0951746 0.0195955 0.0755791 0.11477
244 0.0939771 0.0189952 0.0749819 0.112972
245 0.0942123 0.0190645 0.0751478 0.113277
246 0.0938916 0.0166739 0.0772177 0.110565
247 0.0920954 0.0169829 0.0751125 0.109078
248 0.0920099 0.0165769 0.075433 0.108587
249 0.0926086 0.0180151 0.0745935 0.110624
250 0.0944475 0.020154 0.0742936 0.114602
251 0.0954739 0.0205545 0.0749194 0.116028
252 0.0957947 0.0196489 0.0761458 0.115444
253 0.0976122 0.0195429 0.0780693 0.117155
254 0.0990021 0.0201045 0.0788975 0.119107
255 0.100542 0.0192149 0.0813267 0.119757
256 0.102295 0.0183606 0.0839344 0.120656
257 0.101311 0.0184403 0.0828712 0.119752
258 0.099558 0.0191442 0.0804138 0.118702
259 0.100221 0.0196071 0.0806138 0.119828
260 0.0972701 0.0190949 0.0781752 0.116365
261 0.0969707 0.0194758 0.0774949 0.116447
262 0.0987669 0.0193466 0.0794203 0.118113
263 0.0983178 0.0193973 0.0789205 0.117715
264 0.0986813 0.0196544 0.0790269 0.118336
265 0.0970135 0.0188082 0.0782053 0.115822
266 0.0943406 0.0172809 0.0770598 0.111621
267 0.0960299 0.0184425 0.0775873 0.114472
268 0.0934853 0.0174342 0.0760512 0.110919
269 0.0931218 0.0169924 0.0761294 0.110114
270 0.0928438 0.0174894 0.0753544 0.110333
271 0.0944048 0.0182929 0.0761119 0.112698
272 0.0970349 0.0193269 0.0777079 0.116362
273 0.101247 0.0183288 0.0829184 0.119576
274 0.0998146 0.0182366 0.0815781 0.118051
275 0.0996008 0.0185342 0.0810666 0.118135
276 0.101953 0.0181647 0.0837882 0.120118
277 0.101589 0.0181788 0.0834105 0.119768
278 0.0985316 0.0170389 0.0814927 0.115571
279 0.0984461 0.0170578 0.0813883 0.115504
280 0.0983606 0.0168986 0.081462 0.115259
281 0.0979329 0.0193912 0.0785417 0.117324
282 0.0973984 0.0191042 0.0782942 0.116503
283 0.0971845 0.0185569 0.0786276 0.115741
284 0.0970135 0.0187571 0.0782564 0.115771
285 0.0953456 0.01933 0.0760156 0.114676
286 0.0943192 0.0194173 0.0749019 0.113737
287 0.0951104 0.0195342 0.0755762 0.114645
288 0.0932715 0.0196934 0.0735781 0.112965
289 0.0926086 0.0195806 0.0730281 0.112189
290 0.0899999 0.016908 0.0730919 0.106908
291 0.0926086 0.0172136 0.0753951 0.109822
292 0.0913043 0.0180212 0.0732831 0.109326
293 0.0960726 0.0194521 0.0766206 0.115525
294 0.094084 0.0163418 0.0777423 0.110426
295 0.0885887 0.0159328 0.0726559 0.104521
296 0.0900213 0.0160974 0.0739239 0.106119
297 0.0931218 0.0165447 0.0765771 0.109667
298 0.0932715 0.0164344 0.0768371 0.109706
299 0.0932715 0.0167174 0.0765541 0.109989
300 0.0957519 0.0167452 0.0790067 0.112497
301 0.096094 0.0168878 0.0792062 0.112982
302 0.0965003 0.0170388 0.0794614 0.113539
303 0.100328 0.0161959 0.0841319 0.116524
304 0.100606 0.0165298 0.084076 0.117136
305 0.106272 0.0215406 0.0847316 0.127813
306 0.101654 0.0164678 0.0851857 0.118121
307 0.102188 0.0161931 0.085995 0.118381
308 0.107213 0.0174135 0.0897995 0.124627
309 0.106336 0.0172824 0.089054 0.123619
310 0.10794 0.0201268 0.0878133 0.128067
311 0.105096 0.0190989 0.0859972 0.124195
312 0.105951 0.0197036 0.0862478 0.125655
313 0.105139 0.0194845 0.0856544 0.124623
314 0.103321 0.020129 0.0831923 0.12345
315 0.102787 0.0180961 0.0846908 0.120883
316 0.102103 0.0160913 0.0860112 0.118194
317 0.103343 0.0149528 0.08839 0.118296
318 0.104797 0.0161427 0.088654 0.12094
319 0.105631 0.0177268 0.0879039 0.123358
320 0.102231 0.0171992 0.0850317 0.11943
321 0.100007 0.0153636 0.0846434 0.115371
322 0.105032 0.0194277 0.0856043 0.12446
323 0.101504 0.0193574 0.0821465 0.120861
324 0.10114 0.0190604 0.0820799 0.120201
325 0.0996222 0.0201672 0.079455 0.119789
326 0.0960513 0.0215541 0.0744971 0.117605
327 0.0947683 0.0204638 0.0743045 0.115232
328 0.0951959 0.0186907 0.0765052 0.113887
329 0.0939557 0.0194736 0.0744821 0.113429
330 0.0937419 0.0193329 0.074409 0.113075
331 0.0957091 0.0204214 0.0752877 0.116131
332 0.0991304 0.0182672 0.0808631 0.117398
333 0.0973984 0.0182739 0.0791245 0.115672
334 0.100713 0.0187908 0.0819219 0.119503
335 0.102338 0.0171953 0.0851425 0.119533
336 0.100499 0.0182734 0.0822254 0.118772
337 0.100264 0.0183491 0.0819146 0.118613
338 0.0951318 0.0184276 0.0767042 0.113559
339 0.090898 0.0179521 0.0729459 0.10885
340 0.0904917 0.0180049 0.0724868 0.108497
341 0.0902993 0.0179815 0.0723178 0.108281
342 0.0944475 0.0188461 0.0756015 0.113294
343 0.0913043 0.0174573 0.073847 0.108762
344 0.0912615 0.0183141 0.0729474 0.109576
345 0.0939344 0.0184712 0.0754632 0.112406
346 0.0936136 0.0179156 0.075698 0.111529
347 0.0956877 0.0196795 0.0760082 0.115367
348 0.0957305 0.0195248 0.0762057 0.115255
349 0.0947897 0.0202043 0.0745854 0.114994
350 0.0922879 0.019258 0.0730298 0.111546
351 0.0925872 0.0196877 0.0728996 0.112275
352 0.0934639 0.0195216 0.0739423 0.112986
353 0.0942551 0.0189805 0.0752746 0.113236
354 0.0943834 0.0189476 0.0754358 0.113331
355 0.0959016 0.0195924 0.0763092 0.115494
356 0.0991304 0.0204187 0.0787117 0.119549
357 0.10253 0.0171334 0.0853969 0.119664
358 0.100542 0.0157629 0.0847787 0.116305
359 0.101119 0.015151 0.085968 0.11627
360 0.0977191 0.0168235 0.0808956 0.114543
361 0.0967141 0.0166271 0.080087 0.113341
362 0.0931218 0.0174857 0.0756361 0.110608
363 0.0921382 0.0175017 0.0746365 0.10964
364 0.0930149 0.0193518 0.0736631 0.112367
365 0.0896792 0.0172886 0.0723906 0.106968
366 0.0932501 0.01897 0.0742801 0.11222
367 0.0907483 0.0184024 0.072346 0.109151
368 0.0907483 0.0183765 0.0723718 0.109125
369 0.0930149 0.0185616 0.0744533 0.111577
370 0.0943192 0.0206196 0.0736996 0.114939
371 0.0946828 0.0191068 0.0755759 0.11379
372 0.0947041 0.0186898 0.0760144 0.113394
373 0.0962651 0.0183981 0.077867 0.114663
374 0.0983606 0.0201307 0.0782299 0.118491
375 0.0960299 0.0207068 0.075323 0.116737
376 0.0951318 0.019312 0.0758197 0.114444
377 0.094084 0.0200529 0.0740312 0.114137
378 0.0899999 0.0202464 0.0697535 0.110246
379 0.0893371 0.019712 0.0696251 0.109049
380 0.0872843 0.0190169 0.0682674 0.106301
381 0.0892729 0.0195915 0.0696814 0.108864
382 0.0935067 0.0242794 0.0692273 0.117786
383 0.087712 0.0169876 0.0707244 0.1047
384 0.0928011 0.0204086 0.0723925 0.11321
385 0.0946614 0.0207984 0.073863 0.11546
386 0.0974197 0.0198533 0.0775664 0.117273
387 0.0929294 0.0203934 0.072536 0.113323
388 0.0905345 0.0207226 0.069812 0.111257
389 0.0890377 0.0194212 0.0696165 0.108459
390 0.0913257 0.019258 0.0720677 0.110584
391 0.0907911 0.0194961 0.071295 0.110287
392 0.0917533 0.0191265 0.0726268 0.11088
393 0.0968638 0.0182471 0.0786167 0.115111
394 0.094362 0.0160403 0.0783217 0.110402
395 0.0932929 0.0162167 0.0770762 0.10951
396 0.0978688 0.0178948 0.079974 0.115764
397 0.0974839 0.0176215 0.0798624 0.115105
398 0.100306 0.0170486 0.0832578 0.117355
399 0.100991 0.0175954 0.0833952 0.118586
400 0.104497 0.020852 0.0836455 0.125349
401 0.102316 0.0172875 0.0850289 0.119604
402 0.104348 0.0163552 0.0879925 0.120703
403 0.104369 0.016603 0.0877662 0.120972
404 0.100306 0.0167335 0.0835729 0.11704
405 0.0992373 0.0160005 0.0832368 0.115238
406 0.100028 0.0157316 0.0842968 0.11576
407 0.0996222 0.0157505 0.0838717 0.115373
408 0.0996008 0.0155303 0.0840704 0.115131
409 0.1002 0.0162532 0.0839463 0.116453
410 0.0981681 0.0150377 0.0831305 0.113206
411 0.100392 0.019932 0.0804599 0.120324
412 0.0965431 0.0161447 0.0803984 0.112688
413 0.0989807 0.0172809 0.0816998 0.116262
414 0.0963506 0.016884 0.0794666 0.113235
415 0.0958802 0.0170342 0.078846 0.112914
416 0.0928011 0.0172451 0.0755559 0.110046
417 0.0920527 0.0175004 0.0745523 0.109553
418 0.0886314 0.0175817 0.0710497 0.106213
419 0.0872416 0.0175156 0.069726 0.104757
420 0.0890377 0.0185425 0.0704952 0.10758
421 0.0883321 0.0179133 0.0704188 0.106245
422 0.0875837 0.0163544 0.0712293 0.103938
423 0.0855737 0.0160595 0.0695142 0.101633
424 0.0856592 0.0160317 0.0696276 0.101691
425 0.0897861 0.0163342 0.0734519 0.10612
426 0.0894012 0.0163661 0.0730351 0.105767
427 0.0941054 0.0190412 0.0750642 0.113147
428 0.0944475 0.018016 0.0764315 0.112464
429 0.093635 0.0177765 0.0758585 0.111411
430 0.0929508 0.0174943 0.0754564 0.110445
431 0.0915823 0.0170544 0.0745279 0.108637
432 0.0938916 0.0172904 0.0766012 0.111182
433 0.0982964 0.0354802 0.0628162 0.133777
434 0.0911118 0.0175877 0.0735241 0.1087
435 0.0900427 0.0171171 0.0729256 0.10716
436 0.0898075 0.0170875 0.07272 0.106895
437 0.0914112 0.0174904 0.0739208 0.108902
438 0.0889094 0.0168411 0.0720683 0.10575
439 0.0912615 0.0178406 0.0734209 0.109102
440 0.0942337 0.0191861 0.0750477 0.11342
441 0.0927155 0.0185277 0.0741879 0.111243
442 0.0921596 0.0189946 0.073165 0.111154
443 0.0948111 0.0183962 0.0764149 0.113207
444 0.0942551 0.018651 0.0756041 0.112906
445 0.0971632 0.019011 0.0781522 0.116174
446 0.0981895 0.0175898 0.0805998 0.115779
447 0.0999429 0.016142 0.0838009 0.116085
448 0.0991517 0.0171474 0.0820043 0.116299
449 0.0999215 0.0160044 0.0839171 0.115926
450 0.10129 0.0166062 0.0846839 0.117896
451 0.0996435 0.0167371 0.0829065 0.116381
452 0.0969921 0.0179118 0.0790802 0.114904
453 0.0947041 0.0180982 0.076606 0.112802
454 0.0936991 0.0176942 0.0760049 0.111393
455 0.0951959 0.0178964 0.0772995 0.113092
456 0.0967355 0.0190614 0.0776741 0.115797
457 0.0941054 0.0180582 0.0760472 0.112164
458 0.0934639 0.0182877 0.0751763 0.111752
459 0.0928438 0.0176859 0.0751579 0.11053
460 0.0951318 0.0176899 0.0774419 0.112822
461 0.0993442 0.0166605 0.0826837 0.116005
462 0.0989379 0.0164568 0.0824811 0.115395
463 0.0982964 0.0165029 0.0817936 0.114799
464 0.0955594 0.0171422 0.0784172 0.112702
465 0.0959443 0.0184226 0.0775218 0.114367
466 0.0973556 0.0172182 0.0801374 0.114574
467 0.0982109 0.016889 0.0813219 0.1151
468 0.0974197 0.0172555 0.0801642 0.114675
469 0.0954098 0.0173171 0.0780927 0.112727
470 0.0965858 0.0175418 0.079044 0.114128
471 0.0961795 0.0182749 0.0779047 0.114454
472 0.0939985 0.018457 0.0755416 0.112455
473 0.0940627 0.0184802 0.0755825 0.112543
474 0.0960513 0.020139 0.0759122 0.11619
475 0.0987455 0.0195976 0.0791479 0.118343
476 0.0990662 0.0198642 0.079202 0.11893
477 0.0998574 0.019735 0.0801224 0.119592
478 0.100884 0.0203987 0.0804851 0.121282
479 0.0981468 0.0194832 0.0786636 0.11763
480 0.0925445 0.0190815 0.073463 0.111626
481 0.0937847 0.0193889 0.0743958 0.113174
482 0.0926942 0.0186253 0.0740689 0.111319
483 0.0957091 0.0200472 0.0756619 0.115756
484 0.0966713 0.019092 0.0775793 0.115763
485 0.100584 0.0193636 0.0812207 0.119948
486 0.102701 0.0181092 0.0845921 0.12081
487 0.0990021 0.0192195 0.0797826 0.118222
488 0.0996222 0.0193419 0.0802803 0.118964
489 0.0919885 0.01892 0.0730685 0.110909
490 0.0874554 0.0177811 0.0696743 0.105237
491 0.0845901 0.0169049 0.0676852 0.101495
492 0.0857234 0.0177873 0.0679361 0.103511
493 0.0897433 0.0182129 0.0715304 0.107956
494 0.0877334 0.01697 0.0707634 0.104703
495 0.0937633 0.0194284 0.0743349 0.113192
496 0.0994725 0.0180085 0.081464 0.117481
497 0.0990876 0.0180185 0.0810691 0.117106
498 0.101376 0.0164775 0.0848981 0.117853
499 0.0988524 0.0156444 0.083208 0.114497
500 0.0997932 0.0153969 0.0843963 0.11519
501 0.100135 0.0157173 0.0844181 0.115853
502 0.0961582 0.0166326 0.0795256 0.112791
503 0.0953884 0.0163979 0.0789905 0.111786
504 0.0956877 0.0165187 0.079169 0.112206
505 0.103236 0.0189458 0.08429 0.122182
506 0.0999857 0.0189208 0.0810649 0.118906
507 0.0991517 0.0178144 0.0813373 0.116966
508 0.0979329 0.0176912 0.0802418 0.115624
509 0.0974839 0.0176702 0.0798137 0.115154
510 0.0978046 0.0182469 0.0795577 0.116052
511 0.0969066 0.0197979 0.0771087 0.116704
512 0.0944262 0.0170294 0.0773968 0.111456
513 0.093635 0.0170925 0.0765425 0.110728
514 0.0959016 0.0176051 0.0782965 0.113507
515 0.0938274 0.0170228 0.0768046 0.11085
516 0.0883535 0.0164913 0.0718622 0.104845
517 0.0873912 0.0189332 0.068458 0.106324
518 0.0902565 0.0196258 0.0706307 0.109882
519 0.0889736 0.019046 0.0699276 0.10802
520 0.0880755 0.0206861 0.0673894 0.108762
521 0.0912829 0.020314 0.0709689 0.111597
522 0.0899572 0.0205529 0.0694042 0.11051
523 0.089444 0.0205324 0.0689115 0.109976
524 0.0891874 0.0203783 0.0688091 0.109566
525 0.0915395 0.0212985 0.070241 0.112838
526 0.0909835 0.019921 0.0710625 0.110905
527 0.0915395 0.0203275 0.071212 0.111867
528 0.0954312 0.0199258 0.0755053 0.115357
529 0.0932073 0.0197443 0.0734631 0.112952
530 0.0931004 0.0198406 0.0732598 0.112941
531 0.0954739 0.0194095 0.0760644 0.114883
532 0.0924803 0.0187076 0.0737728 0.111188
533 0.093913 0.0180247 0.0758883 0.111938
534 0.0940627 0.0196039 0.0744588 0.113667
535 0.0944689 0.0198663 0.0746026 0.114335
536 0.0948538 0.0192818 0.075572 0.114136
537 0.0941482 0.0200206 0.0741276 0.114169
538 0.0923307 0.0197537 0.0725769 0.112084
539 0.0931218 0.0196716 0.0734502 0.112793
540 0.090898 0.0196979 0.0712001 0.110596
541 0.089166 0.0189092 0.0702568 0.108075
542 0.088717 0.0191126 0.0696044 0.10783
543 0.0885031 0.0193447 0.0691585 0.107848
544 0.09263 0.0190484 0.0735817 0.111678
545 0.0923948 0.0189125 0.0734823 0.111307
546 0.0920741 0.0196712 0.0724028 0.111745
547 0.0923093 0.0185994 0.0737098 0.110909
548 0.0933784 0.0184171 0.0749613 0.111796
549 0.0910477 0.0187354 0.0723123 0.109783
550 0.0932287 0.0191821 0.0740466 0.112411
551 0.0924803 0.0178972 0.0745832 0.110378
552 0.0958588 0.0171885 0.0786703 0.113047
553 0.0985103 0.0209063 0.077604 0.119417
554 0.0945545 0.0187681 0.0757864 0.113323
555 0.0942551 0.0191589 0.0750962 0.113414
556 0.094362 0.0183549 0.0760071 0.112717
557 0.095089 0.0186156 0.0764734 0.113705
558 0.0922451 0.0164372 0.0758079 0.108682
559 0.088717 0.0166755 0.0720415 0.105392
560 0.0885887 0.0164301 0.0721586 0.105019
561 0.0915609 0.0194062 0.0721546 0.110967
562 0.0912829 0.018956 0.0723269 0.110239
563 0.0948324 0.0186424 0.07619 0.113475
564 0.0944689 0.0182238 0.0762452 0.112693
565 0.0943406 0.0182411 0.0760996 0.112582
566 0.0954525 0.0168404 0.0786122 0.112293
567 0.0975053 0.0156378 0.0818675 0.113143
568 0.0970135 0.0179178 0.0790957 0.114931
569 0.0969493 0.0176446 0.0793047 0.114594
570 0.0970776 0.0178358 0.0792418 0.114913
571 0.0970776 0.0177685 0.0793091 0.114846
572 0.0982751 0.017813 0.080462 0.116088
573 0.097377 0.0160174 0.0813596 0.113394
574 0.0952601 0.0166356 0.0786244 0.111896
575 0.0994725 0.0168125 0.0826599 0.116285
576 0.0995153 0.0158042 0.0837111 0.115319
577 0.0987027 0.0163857 0.082317 0.115088
578 0.0998574 0.0214836 0.0783737 0.121341
579 0.099109 0.0181981 0.0809108 0.117307
580 0.0963292 0.01896 0.0773692 0.115289
581 0.097377 0.0187697 0.0786073 0.116147
582 0.0956022 0.0195824 0.0760198 0.115185
583 0.0957733 0.0195866 0.0761867 0.11536
584 0.0938488 0.0176075 0.0762414 0.111456
585 0.0931218 0.0192933 0.0738285 0.112415
586 0.0938916 0.0189125 0.0749791 0.112804
587 0.0951746 0.0233722 0.0718023 0.118547
588 0.0979329 0.019467 0.0784659 0.1174
589 0.0998574 0.0197104 0.080147 0.119568
590 0.0982109 0.0181878 0.0800231 0.116399
591 0.0964789 0.017521 0.0789579 0.114
592 0.0923307 0.0178158 0.0745149 0.110146
593 0.0987027 0.01808 0.0806227 0.116783
594 0.0955167 0.0189949 0.0765217 0.114512
595 0.0922237 0.0189419 0.0732818 0.111166
596 0.0915823 0.017763 0.0738193 0.109345
597 0.0913043 0.017473 0.0738313 0.108777
598 0.0893798 0.0164966 0.0728832 0.105876
599 0.0863221 0.0150236 0.0712985 0.101346
600 0.0860441 0.0149567 0.0710875 0.101001
601 0.0863435 0.0152012 0.0711422 0.101545
602 0.0866428 0.0181335 0.0685094 0.104776
603 0.0879686 0.0180352 0.0699334 0.106004
604 0.0895081 0.0184185 0.0710896 0.107927
605 0.0901924 0.0183403 0.0718521 0.108533
606 0.0902993 0.0179896 0.0723097 0.108289
607 0.0901068 0.0183678 0.071739 0.108475
608 0.0911546 0.0175876 0.073567 0.108742
609 0.0927369 0.0211818 0.0715552 0.113919
610 0.0891874 0.0172894 0.071898 0.106477
611 0.08799 0.0174533 0.0705367 0.105443
612 0.0899358 0.0175094 0.0724264 0.107445
613 0.0878189 0.0168836 0.0709353 0.104702
614 0.0865573 0.0171603 0.069397 0.103718
615 0.0878189 0.0179621 0.0698567 0.105781
616 0.0873485 0.016791 0.0705574 0.10414
617 0.088888 0.017026 0.0718621 0.105914
618 0.0871346 0.0178003 0.0693343 0.104935
619 0.086429 0.0170462 0.0693829 0.103475
620 0.0875409 0.0162515 0.0712894 0.103792
621 0.0862152 0.0166749 0.0695403 0.10289
622 0.0866642 0.0183764 0.0682879 0.105041
623 0.0951959 0.0196537 0.0755422 0.11485
624 0.0926086 0.0191828 0.0734258 0.111791
625 0.0932715 0.019377 0.0738945 0.112649
626 0.0915181 0.0186788 0.0728393 0.110197
627 0.0895937 0.017778 0.0718156 0.107372
628 0.0863435 0.0161214 0.070222 0.102465
629 0.0862152 0.0159398 0.0702754 0.102155
630 0.0846543 0.0150292 0.0696251 0.0996834
631 0.0852744 0.016561 0.0687133 0.101835
632 0.0869422 0.0164317 0.0705105 0.103374
633 0.0873057 0.0170104 0.0702953 0.104316
634 0.0956022 0.0192684 0.0763338 0.114871
635 0.0967355 0.0203734 0.0763621 0.117109
636 0.0988738 0.0198021 0.0790716 0.118676
637 0.0992159 0.0198282 0.0793877 0.119044
638 0.10052 0.0189854 0.0815348 0.119506
639 0.100606 0.0189219 0.0816839 0.119528
640 0.0985316 0.0191016 0.0794301 0.117633
641 0.097826 0.018106 0.0797201 0.115932
642 0.0974839 0.0181723 0.0793116 0.115656
643 0.103471 0.0175377 0.0859333 0.121009
644 0.0999429 0.0182504 0.0816925 0.118193
645 0.100649 0.0186186 0.0820299 0.119267
646 0.103108 0.0178982 0.0852093 0.121006
647 0.101632 0.0182811 0.0833511 0.119913
648 0.106165 0.0197842 0.0863811 0.12595
649 0.102295 0.0200404 0.0822547 0.122335
650 0.100563 0.0210449 0.0795181 0.121608
651 0.100435 0.0211152 0.0793195 0.12155
652 0.0987882 0.021664 0.0771242 0.120452
653 0.0947255 0.0215427 0.0731828 0.116268
654 0.0922665 0.0209563 0.0713102 0.113223
655 0.0921382 0.0197452 0.072393 0.111883
656 0.0935067 0.0192018 0.0743049 0.112708
657 0.0919671 0.0172666 0.0747006 0.109234
658 0.091625 0.0171872 0.0744378 0.108812
659 0.0890163 0.0160164 0.0729999 0.105033
660 0.0913898 0.0177181 0.0736717 0.109108
661 0.0916678 0.0170919 0.0745759 0.10876
662 0.0894868 0.0171254 0.0723614 0.106612
663 0.0912615 0.0175194 0.0737421 0.108781
664 0.0927155 0.017973 0.0747425 0.110689
665 0.0922451 0.017525 0.0747201 0.10977
666 0.098553 0.0183251 0.0802279 0.116878
667 0.099387 0.0191154 0.0802715 0.118502
668 0.0975267 0.0195731 0.0779536 0.1171
669 0.095816 0.020504 0.075312 0.11632
670 0.0938061 0.0206621 0.073144 0.114468
671 0.0936778 0.0212181 0.0724597 0.114896
672 0.0948752 0.0224424 0.0724328 0.117318
673 0.0880755 0.0183191 0.0697564 0.106395
674 0.0902565 0.0188888 0.0713677 0.109145
675 0.091347 0.0212684 0.0700786 0.112615
676 0.0895723 0.019996 0.0695763 0.109568
677 0.0907056 0.0229495 0.067756 0.113655
678 0.0897433 0.0194027 0.0703407 0.109146
679 0.0907697 0.0176149 0.0731548 0.108385
680 0.0903421 0.017516 0.072826 0.107858
681 0.0968424 0.0179811 0.0788613 0.114823
682 0.0972273 0.0209063 0.076321 0.118134
683 0.102423 0.0233976 0.0790257 0.125821
684 0.101311 0.0225706 0.0787408 0.123882
685 0.100499 0.0232874 0.0772115 0.123786
686 0.100264 0.0234784 0.0767853 0.123742
687 0.0988096 0.0219772 0.0768324 0.120787
688 0.101632 0.0190074 0.0826247 0.12064
689 0.103043 0.0191274 0.083916 0.122171
690 0.101718 0.0190704 0.0826473 0.120788
691 0.0969493 0.0163435 0.0806058 0.113293
692 0.0979757 0.0152757 0.0827 0.113251
693 0.0977619 0.0152562 0.0825057 0.113018
694 0.0950035 0.0155217 0.0794818 0.110525
695 0.0950035 0.0150564 0.0799471 0.11006
696 0.0948752 0.0160688 0.0788064 0.110944
697 0.100734 0.0163689 0.0843652 0.117103
698 0.0996649 0.0153917 0.0842732 0.115057
699 0.097826 0.0159767 0.0818493 0.113803
700 0.102188 0.0157319 0.0864562 0.11792
701 0.108346 0.0179214 0.0904249 0.126268
702 0.107192 0.0161024 0.0910893 0.123294
703 0.105887 0.0148449 0.0910425 0.120732
704 0.106636 0.017781 0.0888547 0.124417
705 0.105481 0.0176136 0.0878674 0.123095
706 0.105374 0.017927 0.0874471 0.123301
707 0.103214 0.0183355 0.084879 0.12155
708 0.104391 0.0182413 0.0861492 0.122632
709 0.102103 0.0186542 0.0834483 0.120757
710 0.101376 0.0181592 0.0832163 0.119535
711 0.0968424 0.0193045 0.0775379 0.116147
712 0.0962437 0.0186437 0.0776 0.114887
713 0.0936564 0.018614 0.0750423 0.11227
714 0.0945117 0.0183334 0.0761783 0.112845
715 0.0962651 0.0179156 0.0783495 0.114181
716 0.102231 0.0186049 0.0836259 0.120836
717 0.102209 0.0160789 0.0861306 0.118288
718 0.0957091 0.0174741 0.078235 0.113183
719 0.0958802 0.0184049 0.0774753 0.114285
720 0.092908 0.0194824 0.0734256 0.11239
721 0.0926086 0.0195446 0.0730641 0.112153
722 0.0921168 0.0209814 0.0711354 0.113098
723 0.0931004 0.0225249 0.0705755 0.115625
724 0.0911332 0.0222281 0.0689051 0.113361
725 0.0904704 0.0222473 0.0682231 0.112718
726 0.0935067 0.0230237 0.070483 0.11653
727 0.0945117 0.0218861 0.0726255 0.116398
728 0.0919671 0.0203639 0.0716032 0.112331
729 0.0925445 0.0197095 0.072835 0.112254
730 0.0909622 0.020047 0.0709152 0.111009
731 0.0898503 0.020294 0.0695563 0.110144
732 0.0938916 0.0186157 0.0752758 0.112507
733 0.0962437 0.0186981 0.0775456 0.114942
734 0.095816 0.0180141 0.0778019 0.11383
735 0.0973128 0.0208235 0.0764893 0.118136
736 0.0980612 0.0183633 0.0796979 0.116425
737 0.0988096 0.017462 0.0813476 0.116272
738 0.096094 0.0182514 0.0778426 0.114345
739 0.0972914 0.0175419 0.0797495 0.114833
740 0.0946828 0.0187498 0.0759329 0.113433
741 0.0926728 0.0192312 0.0734416 0.111904
742 0.0915395 0.0200995 0.07144 0.111639
743 0.0928866 0.0232251 0.0696615 0.116112
744 0.0896364 0.0203284 0.069308 0.109965
745 0.0955808 0.021293 0.0742879 0.116874
746 0.0954312 0.0216041 0.0738271 0.117035
747 0.0958588 0.0215256 0.0743332 0.117384
748 0.0935709 0.0199218 0.073649 0.113493
749 0.0941482 0.0203733 0.0737749 0.114521
750 0.09928 0.0204342 0.0788458 0.119714
751 0.0949393 0.0185219 0.0764174 0.113461
752 0.0909408 0.0171144 0.0738264 0.108055
753 0.0928011 0.01705 0.0757511 0.109851
754 0.0930149 0.0173416 0.0756733 0.110357
755 0.0915181 0.0173672 0.0741509 0.108885
756 0.0939985 0.0195264 0.0744721 0.113525
757 0.095816 0.0190844 0.0767317 0.1149
758 0.0934212 0.0190681 0.0743531 0.112489
759 0.100028 0.0189981 0.0810303 0.119027
760 0.0988952 0.0181956 0.0806995 0.117091
761 0.100584 0.0172258 0.0833586 0.11781
762 0.104733 0.0142158 0.0905168 0.118948
763 0.10315 0.0147206 0.0884297 0.117871
764 0.101311 0.0160082 0.0853032 0.11732
765 0.097099 0.0200362 0.0770628 0.117135
766 0.0964789 0.0198062 0.0766727 0.116285
767 0.0961582 0.0195107 0.0766474 0.115669
768 0.0955381 0.019958 0.0755801 0.115496
769 0.097826 0.0206911 0.0771349 0.118517
770 0.0929935 0.0189753 0.0740182 0.111969
771 0.0955594 0.0193796 0.0761798 0.114939
772 0.095089 0.0186965 0.0763925 0.113786
773 0.0922665 0.0180036 0.0742629 0.11027
774 0.0960512 0.018354 0.0776972 0.114405
775 0.0945331 0.0170497 0.0774834 0.111583
776 0.0971845 0.0173329 0.0798517 0.114517
777 0.0938916 0.0173606 0.076531 0.111252
778 0.0906414 0.0184306 0.0722108 0.109072
779 0.0908339 0.0186378 0.0721961 0.109472
780 0.0887811 0.0184821 0.070299 0.107263
781 0.0833499 0.014 0.0693499 0.0973499
782 0.0855096 0.0159765 0.0695331 0.101486
783 0.0858089 0.0159058 0.0699031 0.101715
784 0.087434 0.0168712 0.0705628 0.104305
785 0.0889522 0.0165696 0.0723826 0.105522
786 0.0977619 0.0314274 0.0663345 0.129189
787 0.0890163 0.0177465 0.0712698 0.106763
788 0.088717 0.0195656 0.0691514 0.108283
789 0.0944475 0.0203216 0.0741259 0.114769
790 0.0960513 0.0209971 0.0750541 0.117048
791 0.0922451 0.0191764 0.0730687 0.111422
792 0.0982323 0.0210665 0.0771657 0.119299
793 0.0990662 0.0209382 0.078128 0.120004
794 0.0987882 0.0208501 0.0779382 0.119638
795 0.0971632 0.0209278 0.0762353 0.118091
796 0.0968424 0.0212818 0.0755606 0.118124
797 0.090898 0.0191504 0.0717476 0.110048
798 0.0905131 0.0191407 0.0713724 0.109654
799 0.0910049 0.019631 0.0713739 0.110636
