# ../output/graphs/perf_parallel72QUADRUPED_thread2
# step - mean (0.349596) - standard deviation (0.0299418) r=20 - ylow - yhigh
0 0.339822 0.0558908 0.283931 0.395713
1 0.330978 0.0129555 0.318023 0.343934
2 0.335092 0.0223756 0.312717 0.357468
3 0.344837 0.0185016 0.326335 0.363338
4 0.339131 0.0156914 0.32344 0.354823
5 0.345783 0.0163528 0.32943 0.362136
6 0.339522 0.0149357 0.324586 0.354457
7 0.336188 0.012845 0.323343 0.349034
8 0.345377 0.0477367 0.297641 0.393114
9 0.337825 0.013274 0.324551 0.351099
10 0.342014 0.0158291 0.326185 0.357843
11 0.347569 0.0257743 0.321795 0.373344
12 0.337209 0.0147495 0.32246 0.351959
13 0.336113 0.0276848 0.308429 0.363798
14 0.336699 0.0152631 0.321436 0.351962
15 0.3376 0.0147896 0.32281 0.352389
16 0.339387 0.0232745 0.316112 0.362661
17 0.340302 0.0258332 0.314469 0.366136
18 0.333921 0.0132236 0.320698 0.347145
19 0.340167 0.0216663 0.318501 0.361834
20 0.335558 0.0197106 0.315847 0.355268
21 0.33784 0.0133706 0.324469 0.351211
22 0.336414 0.0142693 0.322144 0.350683
23 0.35904 0.0596303 0.29941 0.418671
24 0.344311 0.0321508 0.312161 0.376462
25 0.340588 0.0302788 0.310309 0.370867
26 0.337885 0.0159265 0.321959 0.353812
27 0.349326 0.0283421 0.320984 0.377668
28 0.345843 0.0259581 0.319885 0.371801
29 0.348891 0.0182014 0.330689 0.367092
30 0.349461 0.0256489 0.323812 0.37511
31 0.344071 0.0190691 0.325002 0.36314
32 0.351158 0.0141953 0.336963 0.365353
33 0.341414 0.0120384 0.329375 0.353452
34 0.349777 0.016588 0.333189 0.366365
35 0.34841 0.0135373 0.334873 0.361948
36 0.368004 0.0469935 0.321011 0.414998
37 0.354041 0.0208252 0.333215 0.374866
38 0.347239 0.0138847 0.333354 0.361124
39 0.34841 0.0138472 0.334563 0.362257
40 0.345527 0.0107112 0.334816 0.356239
41 0.34787 0.0193623 0.328507 0.367232
42 0.345017 0.015517 0.3295 0.360534
43 0.347239 0.0203653 0.326874 0.367604
44 0.360167 0.0440726 0.316094 0.404239
45 0.349581 0.0157845 0.333797 0.365366
46 0.345618 0.0128832 0.332734 0.358501
47 0.344672 0.0214795 0.323192 0.366151
48 0.343711 0.0135993 0.330111 0.35731
49 0.339702 0.0162642 0.323438 0.355966
50 0.341864 0.014585 0.327279 0.356449
51 0.336804 0.0142751 0.322529 0.351079
52 0.346984 0.0338758 0.313108 0.38086
53 0.344762 0.0133119 0.33145 0.358074
54 0.340032 0.0166581 0.323374 0.35669
55 0.350497 0.0248741 0.325623 0.375371
56 0.33733 0.0138391 0.32349 0.351169
57 0.335137 0.0141405 0.320997 0.349278
58 0.332135 0.0166593 0.315475 0.348794
59 0.333065 0.0167556 0.31631 0.349821
60 0.342465 0.0287382 0.313726 0.371203
61 0.339206 0.0195073 0.319699 0.358714
62 0.340137 0.0158424 0.324295 0.35598
63 0.333426 0.0127732 0.320653 0.346199
64 0.343996 0.0129652 0.331031 0.356961
65 0.340362 0.0204343 0.319928 0.360797
66 0.346068 0.0212278 0.32484 0.367296
67 0.347014 0.0222426 0.324771 0.369256
68 0.342495 0.0108356 0.331659 0.35333
69 0.345077 0.02097 0.324107 0.366047
70 0.348891 0.0188112 0.33008 0.367702
71 0.337209 0.0125521 0.324657 0.349762
72 0.367869 0.0260448 0.341824 0.393914
73 0.361818 0.0197242 0.342094 0.381542
74 0.361097 0.0209709 0.340127 0.382068
75 0.361638 0.0175976 0.34404 0.379236
76 0.354476 0.0136179 0.340858 0.368094
77 0.360091 0.0121901 0.347901 0.372282
78 0.355047 0.0176117 0.337435 0.372658
79 0.365332 0.022908 0.342424 0.38824
80 0.356383 0.0161391 0.340244 0.372522
81 0.352359 0.010315 0.342044 0.362674
82 0.356668 0.0217582 0.33491 0.378426
83 0.35877 0.0136943 0.345076 0.372464
84 0.373815 0.084157 0.289658 0.457972
85 0.365827 0.0246475 0.34118 0.390474
86 0.35383 0.0197144 0.334116 0.373545
87 0.357464 0.0293092 0.328155 0.386773
88 0.357164 0.0201662 0.336997 0.37733
89 0.355782 0.0139541 0.341828 0.369736
90 0.359971 0.0218601 0.338111 0.381831
91 0.353876 0.0129596 0.340916 0.366835
92 0.353335 0.0118381 0.341497 0.365173
93 0.355017 0.0129647 0.342052 0.367981
94 0.35898 0.0200622 0.338918 0.379043
95 0.355377 0.0182255 0.337151 0.373602
96 0.366563 0.0151876 0.351375 0.38175
97 0.348756 0.0114695 0.337286 0.360225
98 0.361998 0.0283819 0.333616 0.39038
99 0.350497 0.0140882 0.336409 0.364585
100 0.368379 0.0262664 0.342113 0.394646
101 0.357314 0.0214287 0.335885 0.378743
102 0.354266 0.0197338 0.334532 0.374
103 0.35907 0.0243865 0.334684 0.383457
104 0.349161 0.0121644 0.336997 0.361325
105 0.352284 0.0127809 0.339503 0.365065
106 0.359131 0.0215923 0.337538 0.380723
107 0.360587 0.0271054 0.333482 0.387692
108 0.356713 0.018149 0.338564 0.374862
109 0.354881 0.012762 0.34212 0.367643
110 0.36425 0.0185405 0.34571 0.382791
111 0.351548 0.0136045 0.337944 0.365153
112 0.34844 0.0114792 0.336961 0.35992
113 0.3532 0.0120088 0.341191 0.365209
114 0.350587 0.0133274 0.33726 0.363915
115 0.3538 0.00904543 0.344755 0.362846
116 0.355362 0.0178333 0.337529 0.373195
117 0.342645 0.0145959 0.328049 0.357241
118 0.348485 0.0156045 0.332881 0.36409
119 0.35284 0.0172644 0.335575 0.370104
120 0.349551 0.0193075 0.330244 0.368859
121 0.341594 0.0139676 0.327626 0.355561
122 0.35847 0.0310953 0.327375 0.389565
123 0.345768 0.0125873 0.33318 0.358355
124 0.35374 0.0293419 0.324398 0.383082
125 0.34347 0.0179892 0.325481 0.36146
126 0.350888 0.0191519 0.331736 0.370039
127 0.34305 0.0182474 0.324803 0.361298
128 0.352659 0.0155894 0.33707 0.368249
129 0.347089 0.0130639 0.334025 0.360153
130 0.349281 0.00867273 0.340608 0.357954
131 0.350662 0.0164134 0.334249 0.367076
132 0.356203 0.025187 0.331016 0.38139
133 0.354851 0.0239464 0.330905 0.378798
134 0.351939 0.0157947 0.336144 0.367733
135 0.355017 0.0261217 0.328895 0.381138
136 0.348921 0.0146922 0.334229 0.363613
137 0.34796 0.0144423 0.333518 0.362402
138 0.347554 0.016516 0.331038 0.36407
139 0.348771 0.0207357 0.328035 0.369506
140 0.356623 0.0212541 0.335369 0.377877
141 0.34799 0.014287 0.333703 0.362277
142 0.346008 0.0185687 0.327439 0.364577
143 0.346008 0.0115792 0.334429 0.357587
144 0.345077 0.0146319 0.330445 0.359709
145 0.356158 0.0190686 0.337089 0.375226
146 0.358485 0.0341583 0.324327 0.392643
147 0.346984 0.015526 0.331458 0.36251
148 0.339086 0.0185623 0.320524 0.357649
149 0.34832 0.0208964 0.327424 0.369217
150 0.345362 0.0207842 0.324578 0.366147
151 0.343756 0.0139358 0.32982 0.357692
152 0.352254 0.0202339 0.33202 0.372488
153 0.344807 0.0259323 0.318874 0.370739
154 0.361908 0.0576008 0.304307 0.419509
155 0.34796 0.017478 0.330482 0.365438
156 0.385136 0.173698 0.211437 0.558834
157 0.356398 0.0345573 0.321841 0.390955
158 0.335002 0.011049 0.323953 0.346051
159 0.347269 0.0184414 0.328828 0.365711
160 0.351804 0.0165078 0.335296 0.368311
161 0.341999 0.0119468 0.330052 0.353946
162 0.351939 0.0143323 0.337606 0.366271
163 0.34793 0.0149676 0.332962 0.362897
164 0.356983 0.0204903 0.336493 0.377474
165 0.350077 0.0163015 0.333775 0.366378
166 0.349807 0.0217358 0.328071 0.371542
167 0.346428 0.0136924 0.332736 0.360121
168 0.352839 0.0167466 0.336093 0.369586
169 0.345152 0.0226129 0.322539 0.367765
170 0.365452 0.12897 0.236482 0.494421
171 0.342344 0.0145336 0.327811 0.356878
172 0.343365 0.0124098 0.330956 0.355775
173 0.344567 0.0172248 0.327342 0.361791
174 0.345017 0.0120507 0.332966 0.357068
175 0.338996 0.0155127 0.323483 0.354509
176 0.345858 0.0332878 0.31257 0.379146
177 0.338125 0.0113647 0.326761 0.34949
178 0.345377 0.025062 0.320315 0.370439
179 0.335468 0.0139304 0.321537 0.349398
180 0.346203 0.0248763 0.321327 0.371079
181 0.338035 0.0179451 0.32009 0.35598
182 0.335798 0.0133657 0.322432 0.349164
183 0.337119 0.0143949 0.322725 0.351514
184 0.33302 0.0126393 0.320381 0.34566
185 0.331129 0.011682 0.319447 0.342811
186 0.340858 0.027394 0.313464 0.368252
187 0.334807 0.0117315 0.323076 0.346539
188 0.339176 0.0317875 0.307389 0.370964
189 0.336444 0.0169915 0.319452 0.353435
190 0.336384 0.0149906 0.321393 0.351374
191 0.339627 0.0134377 0.326189 0.353065
192 0.343876 0.00917739 0.334698 0.353053
193 0.343561 0.0151808 0.32838 0.358741
194 0.336143 0.011662 0.324481 0.347805
195 0.342705 0.0199408 0.322764 0.362646
196 0.345693 0.0165885 0.329104 0.362281
197 0.345017 0.0177024 0.327315 0.362719
198 0.341429 0.0140312 0.327397 0.35546
199 0.335798 0.0113602 0.324438 0.347158
200 0.350452 0.0142568 0.336195 0.364709
201 0.359071 0.0268052 0.332265 0.385876
202 0.354296 0.0090063 0.34529 0.363302
203 0.350783 0.0157708 0.335012 0.366553
204 0.362584 0.0229947 0.339589 0.385579
205 0.352464 0.0194428 0.333021 0.371907
206 0.3582 0.0269134 0.331286 0.385113
207 0.353725 0.0156446 0.338081 0.36937
208 0.351999 0.0183146 0.333684 0.370313
209 0.347945 0.0155134 0.332431 0.363458
210 0.351608 0.0169959 0.334612 0.368604
211 0.361248 0.0233286 0.337919 0.384576
212 0.344777 0.0135234 0.331253 0.3583
213 0.345663 0.0205332 0.325129 0.366196
214 0.361082 0.048065 0.313017 0.409147
215 0.342329 0.0150774 0.327252 0.357407
216 0.352104 0.0200413 0.332062 0.372145
217 0.352179 0.016483 0.335696 0.368662
218 0.35287 0.0221246 0.330745 0.374994
219 0.364971 0.0407667 0.324204 0.405738
220 0.349656 0.014167 0.335489 0.363823
221 0.348605 0.0133021 0.335303 0.361908
222 0.351473 0.0161614 0.335312 0.367635
223 0.353981 0.0216724 0.332308 0.375653
224 0.36353 0.0130311 0.350499 0.376561
225 0.349371 0.0176082 0.331763 0.366979
226 0.363184 0.028397 0.334787 0.391581
227 0.350137 0.0128659 0.337271 0.363003
228 0.355227 0.019273 0.335954 0.3745
229 0.347029 0.0132145 0.333814 0.360243
230 0.35904 0.0183607 0.34068 0.377401
231 0.347089 0.0130113 0.334078 0.3601
232 0.345678 0.0155769 0.330101 0.361255
233 0.353395 0.0200158 0.333379 0.373411
234 0.349476 0.0156123 0.333864 0.365089
235 0.355227 0.0235265 0.3317 0.378753
236 0.356053 0.0237164 0.332336 0.379769
237 0.364641 0.049687 0.314954 0.414328
238 0.357149 0.0162299 0.340919 0.373379
239 0.359341 0.022232 0.337109 0.381573
240 0.362239 0.0220088 0.34023 0.384247
241 0.350858 0.0145314 0.336326 0.365389
242 0.353005 0.0154535 0.337551 0.368458
243 0.354927 0.0096488 0.345278 0.364575
244 0.341729 0.00860002 0.333129 0.350329
245 0.349176 0.0191173 0.330059 0.368293
246 0.346338 0.0177443 0.328594 0.364083
247 0.353245 0.0300613 0.323184 0.383306
248 0.347104 0.0152817 0.331822 0.362386
249 0.344687 0.00955432 0.335132 0.354241
250 0.346624 0.0149099 0.331714 0.361533
251 0.348665 0.0172422 0.331423 0.365908
252 0.340302 0.0149895 0.325313 0.355292
253 0.3376 0.026706 0.310894 0.364306
254 0.334177 0.0187437 0.315433 0.35292
255 0.342555 0.0349391 0.307616 0.377494
256 0.345227 0.0149175 0.33031 0.360145
257 0.343245 0.0167413 0.326504 0.359987
258 0.347029 0.0165364 0.330492 0.363565
259 0.344461 0.0175475 0.326914 0.362009
260 0.346999 0.011891 0.335108 0.35889
261 0.351038 0.0355154 0.315522 0.386553
262 0.34314 0.0217659 0.321374 0.364906
263 0.35305 0.0183531 0.334697 0.371403
264 0.357959 0.0731713 0.284788 0.431131
265 0.339957 0.0160659 0.323891 0.356023
266 0.336984 0.0186411 0.318343 0.355625
267 0.339041 0.0151726 0.323869 0.354214
268 0.338741 0.0147922 0.323949 0.353533
269 0.335993 0.016471 0.319522 0.352464
270 0.338351 0.0200551 0.318295 0.358406
271 0.344732 0.0231336 0.321598 0.367865
272 0.340227 0.0127614 0.327466 0.352989
273 0.333576 0.0169477 0.316628 0.350524
274 0.340317 0.0171168 0.323201 0.357434
275 0.339552 0.0168124 0.322739 0.356364
276 0.335273 0.0116968 0.323576 0.346969
277 0.345467 0.0397986 0.305669 0.385266
278 0.336954 0.0109903 0.325964 0.347945
279 0.333246 0.0123495 0.320896 0.345595
280 0.337044 0.0197049 0.317339 0.356749
281 0.348245 0.037187 0.311058 0.385432
282 0.340918 0.0140784 0.32684 0.354996
283 0.342419 0.0120007 0.330419 0.35442
284 0.346143 0.0151567 0.330986 0.3613
285 0.356908 0.0298425 0.327066 0.386751
286 0.348786 0.01699 0.331796 0.365776
287 0.349446 0.0170717 0.332375 0.366518
288 0.355482 0.0146015 0.340881 0.370083
289 0.403934 0.234562 0.169371 0.638496
290 0.351038 0.0230916 0.327946 0.374129
291 0.345843 0.02154 0.324303 0.367383
292 0.347044 0.0131813 0.333863 0.360225
293 0.350737 0.0192119 0.331526 0.369949
294 0.365512 0.0452936 0.320218 0.410805
295 0.349867 0.0288858 0.320981 0.378752
296 0.34266 0.0136702 0.328989 0.35633
297 0.347179 0.0170116 0.330167 0.364191
298 0.351248 0.0161412 0.335107 0.367389
299 0.357029 0.0161793 0.340849 0.373208
300 0.351954 0.017632 0.334322 0.369586
301 0.350092 0.0203571 0.329735 0.370449
302 0.350182 0.0265514 0.323631 0.376733
303 0.344386 0.0162426 0.328144 0.360629
304 0.344371 0.0159345 0.328437 0.360306
305 0.346188 0.0157637 0.330424 0.361952
306 0.3482 0.0175371 0.330663 0.365737
307 0.34856 0.0246213 0.323939 0.373182
308 0.34796 0.0211423 0.326817 0.369102
309 0.345257 0.0205738 0.324683 0.365831
310 0.345257 0.020032 0.325225 0.365289
311 0.342104 0.0173612 0.324743 0.359465
312 0.337435 0.0125149 0.32492 0.34995
313 0.340588 0.015922 0.324666 0.35651
314 0.346203 0.0231557 0.323047 0.369359
315 0.344567 0.0245983 0.319968 0.369165
316 0.337855 0.0199252 0.31793 0.35778
317 0.350692 0.028596 0.322096 0.379288
318 0.34284 0.0212154 0.321624 0.364055
319 0.343981 0.0155263 0.328455 0.359507
320 0.346864 0.0165429 0.330321 0.363407
321 0.349071 0.0315088 0.317562 0.38058
322 0.341969 0.0168498 0.325119 0.358819
323 0.356323 0.0255061 0.330817 0.381829
324 0.351728 0.0159572 0.335771 0.367686
325 0.398814 0.218708 0.180106 0.617521
326 0.348786 0.0185785 0.330207 0.367364
327 0.360061 0.0256111 0.33445 0.385673
328 0.356938 0.0145683 0.34237 0.371507
329 0.366082 0.0325634 0.333519 0.398646
330 0.362584 0.0261769 0.336407 0.388761
331 0.365617 0.0236984 0.341918 0.389315
332 0.354836 0.0127417 0.342095 0.367578
333 0.355482 0.0127142 0.342768 0.368196
334 0.355782 0.0117177 0.344065 0.3675
335 0.364296 0.0240344 0.340261 0.38833
336 0.35805 0.014836 0.343214 0.372886
337 0.35305 0.0112157 0.341834 0.364265
338 0.353755 0.0135065 0.340249 0.367262
339 0.359251 0.0163957 0.342855 0.375646
340 0.350197 0.0106818 0.339515 0.360879
341 0.359656 0.0207139 0.338942 0.38037
342 0.354716 0.0169071 0.337809 0.371623
343 0.358725 0.0207568 0.337968 0.379482
344 0.352674 0.0170273 0.335647 0.369702
345 0.355722 0.0174618 0.33826 0.373184
346 0.356443 0.0176231 0.33882 0.374066
347 0.359146 0.0250961 0.334049 0.384242
348 0.360422 0.0161638 0.344258 0.376586
349 0.356983 0.0217583 0.335225 0.378742
350 0.356008 0.0152718 0.340736 0.371279
351 0.355152 0.0124129 0.342739 0.367565
352 0.364986 0.0156711 0.349315 0.380657
353 0.360287 0.0172601 0.343027 0.377547
354 0.353365 0.0114586 0.341906 0.364824
355 0.360902 0.0201284 0.340774 0.381031
356 0.359926 0.0270734 0.332853 0.387
357 0.351383 0.012777 0.338606 0.36416
358 0.358155 0.0195615 0.338593 0.377716
359 0.357584 0.0221894 0.335395 0.379773
360 0.354927 0.0213985 0.333528 0.376325
361 0.352794 0.0112154 0.341579 0.36401
362 0.353155 0.0160075 0.337147 0.369162
363 0.372088 0.0421106 0.329977 0.414199
364 0.357869 0.0205846 0.337285 0.378454
365 0.359611 0.0230581 0.336553 0.382669
366 0.355437 0.0228877 0.332549 0.378325
367 0.355827 0.0200674 0.33576 0.375895
368 0.358815 0.0207775 0.338038 0.379593
369 0.357164 0.0265752 0.330588 0.383739
370 0.353125 0.0143419 0.338783 0.367467
371 0.34278 0.0134362 0.329344 0.356216
372 0.353845 0.0220168 0.331829 0.375862
373 0.345257 0.0195578 0.325699 0.364815
374 0.346428 0.0134207 0.333008 0.359849
375 0.341083 0.0145868 0.326496 0.35567
376 0.344371 0.0176484 0.326723 0.36202
377 0.350227 0.00882006 0.341407 0.359047
378 0.333816 0.0106817 0.323134 0.344498
379 0.353035 0.0199992 0.333036 0.373034
380 0.356938 0.026719 0.330219 0.383657
381 0.347915 0.0147427 0.333172 0.362658
382 0.34311 0.014464 0.328646 0.357574
383 0.347014 0.0193733 0.327641 0.366387
384 0.352554 0.0175165 0.335038 0.370071
385 0.346954 0.0133905 0.333563 0.360344
386 0.354476 0.020435 0.334041 0.374911
387 0.348455 0.0148026 0.333653 0.363258
388 0.378229 0.0968471 0.281382 0.475076
389 0.347509 0.0128438 0.334666 0.360353
390 0.351143 0.0199264 0.331216 0.371069
391 0.348395 0.0170141 0.331381 0.365409
392 0.336939 0.0134861 0.323453 0.350425
393 0.337405 0.014478 0.322927 0.351883
394 0.341684 0.0174812 0.324203 0.359165
395 0.340603 0.0141384 0.326464 0.354741
396 0.345212 0.0253522 0.31986 0.370564
397 0.344597 0.0184223 0.326174 0.363019
398 0.342044 0.0121932 0.329851 0.354237
399 0.350467 0.0159704 0.334497 0.366438
400 0.336939 0.012532 0.324407 0.349471
401 0.349026 0.0231856 0.32584 0.372211
402 0.341008 0.0162665 0.324742 0.357275
403 0.345452 0.019257 0.326195 0.364709
404 0.341083 0.0116659 0.329417 0.352749
405 0.341143 0.017398 0.323745 0.358541
406 0.347524 0.0180359 0.329489 0.36556
407 0.339071 0.0135101 0.325561 0.352581
408 0.345047 0.015713 0.329334 0.36076
409 0.350062 0.0194468 0.330615 0.369509
410 0.345302 0.0136008 0.331701 0.358903
411 0.347885 0.018726 0.329159 0.366611
412 0.356278 0.0220068 0.334271 0.378285
413 0.350017 0.0160151 0.334002 0.366032
414 0.354536 0.0209877 0.333548 0.375524
415 0.351743 0.0191739 0.33257 0.370917
416 0.35362 0.00988284 0.343737 0.363503
417 0.354671 0.0168619 0.337809 0.371533
418 0.349296 0.0132439 0.336052 0.36254
419 0.357464 0.0294037 0.32806 0.386868
420 0.376142 0.0470076 0.329134 0.42315
421 0.37371 0.0427447 0.330965 0.416454
422 0.350032 0.020008 0.330024 0.37004
423 0.354386 0.0199178 0.334468 0.374304
424 0.350888 0.0178768 0.333011 0.368764
425 0.351368 0.0290518 0.322316 0.38042
426 0.348485 0.0107437 0.337742 0.359229
427 0.35326 0.0143839 0.338876 0.367644
428 0.360422 0.0295105 0.330911 0.389932
429 0.352179 0.0324403 0.319739 0.384619
430 0.347434 0.0216531 0.325781 0.369087
431 0.347284 0.0247788 0.322505 0.372063
432 0.351233 0.0267762 0.324457 0.378009
433 0.346789 0.0173281 0.329461 0.364117
434 0.351053 0.0224526 0.3286 0.373505
435 0.346578 0.0207776 0.325801 0.367356
436 0.339026 0.0110717 0.327955 0.350098
437 0.346533 0.0135822 0.332951 0.360116
438 0.350047 0.0145948 0.335452 0.364642
439 0.353665 0.0317373 0.321928 0.385403
440 0.341744 0.0210613 0.320683 0.362805
441 0.345813 0.0286534 0.317159 0.374466
442 0.33748 0.0154709 0.322009 0.352951
443 0.341879 0.0152523 0.326627 0.357131
444 0.342239 0.017366 0.324873 0.359605
445 0.350602 0.0270536 0.323549 0.377656
446 0.339942 0.0155972 0.324345 0.355539
447 0.3426 0.0212726 0.321327 0.363872
448 0.360887 0.0235983 0.337289 0.384486
449 0.353155 0.0256914 0.327463 0.378846
450 0.351443 0.0126479 0.338795 0.364091
451 0.34835 0.0246152 0.323735 0.372965
452 0.351819 0.0221452 0.329673 0.373964
453 0.358605 0.0317639 0.326841 0.390369
454 0.349401 0.0192202 0.330181 0.368621
455 0.362284 0.0169907 0.345293 0.379274
456 0.355452 0.0134052 0.342047 0.368857
457 0.351924 0.00916421 0.342759 0.361088
458 0.361638 0.0136567 0.347981 0.375295
459 0.353365 0.0117343 0.341631 0.365099
460 0.371548 0.0443882 0.327159 0.415936
461 0.355602 0.0164542 0.339148 0.372056
462 0.354476 0.0175656 0.33691 0.372042
463 0.360827 0.0146965 0.346131 0.375524
464 0.355257 0.0127159 0.342541 0.367973
465 0.365647 0.0270097 0.338637 0.392657
466 0.391487 0.143121 0.248366 0.534608
467 0.363485 0.0293042 0.334181 0.392789
468 0.352254 0.0104367 0.341817 0.362691
469 0.351969 0.0106333 0.341335 0.362602
470 0.367404 0.0517646 0.315639 0.419168
471 0.354806 0.0171174 0.337689 0.371924
472 0.351834 0.0189137 0.33292 0.370747
473 0.360497 0.0169384 0.343558 0.377435
474 0.381607 0.0991453 0.282462 0.480752
475 0.360347 0.0139267 0.34642 0.374273
476 0.365872 0.0237573 0.342115 0.389629
477 0.357674 0.0166228 0.341051 0.374297
478 0.366803 0.0264149 0.340388 0.393218
479 0.37431 0.0390005 0.33531 0.413311
480 0.365001 0.0131245 0.351877 0.378126
481 0.368004 0.0236815 0.344323 0.391686
482 0.353605 0.0132867 0.340319 0.366892
483 0.361112 0.0159254 0.345187 0.377038
484 0.361488 0.0186018 0.342886 0.38009
485 0.385511 0.156915 0.228596 0.542426
486 0.356713 0.0111257 0.345588 0.367839
487 0.355527 0.0163277 0.339199 0.371855
488 0.355677 0.0181148 0.337562 0.373792
489 0.357854 0.0210265 0.336828 0.378881
490 0.357359 0.0175772 0.339782 0.374936
491 0.351173 0.012044 0.339129 0.363217
492 0.355842 0.0192675 0.336575 0.37511
493 0.351653 0.0139767 0.337677 0.36563
494 0.357419 0.0206694 0.33675 0.378088
495 0.356173 0.016668 0.339505 0.372841
496 0.350752 0.0148512 0.335901 0.365604
497 0.355602 0.0154015 0.340201 0.371004
498 0.350677 0.0200288 0.330649 0.370706
499 0.350422 0.0207013 0.329721 0.371123
500 0.347599 0.0140115 0.333588 0.361611
501 0.356338 0.0239176 0.33242 0.380256
502 0.346669 0.0203434 0.326325 0.367012
503 0.344612 0.0147733 0.329838 0.359385
504 0.349957 0.0189925 0.330964 0.368949
505 0.341323 0.0137732 0.32755 0.355097
506 0.350047 0.0218571 0.32819 0.371904
507 0.340378 0.0134429 0.326935 0.35382
508 0.351098 0.022561 0.328537 0.373659
509 0.341263 0.0202699 0.320993 0.361533
510 0.341068 0.0212792 0.319789 0.362347
511 0.342224 0.0157768 0.326447 0.358001
512 0.354506 0.00988926 0.344617 0.364395
513 0.358545 0.0236268 0.334918 0.382172
514 0.352269 0.0203453 0.331924 0.372614
515 0.352449 0.0181222 0.334327 0.370571
516 0.346789 0.0132275 0.333561 0.360016
517 0.33811 0.0104987 0.327612 0.348609
518 0.354191 0.0221935 0.331997 0.376384
519 0.341398 0.0140764 0.327322 0.355475
520 0.351473 0.0214204 0.330053 0.372894
521 0.346143 0.019855 0.326288 0.365998
522 0.342915 0.0181145 0.3248 0.361029
523 0.340453 0.0162802 0.324172 0.356733
524 0.344131 0.0174258 0.326705 0.361557
525 0.340738 0.0130828 0.327655 0.353821
526 0.344567 0.0217978 0.322769 0.366364
527 0.341444 0.0206129 0.320831 0.362056
528 0.343125 0.0164856 0.32664 0.359611
529 0.350377 0.0263164 0.324061 0.376694
530 0.353185 0.027226 0.325959 0.380411
531 0.340963 0.0191871 0.321776 0.36015
532 0.356668 0.0310818 0.325586 0.38775
533 0.342329 0.0137357 0.328594 0.356065
534 0.349747 0.0225805 0.327166 0.372327
535 0.346218 0.0150149 0.331203 0.361233
536 0.339146 0.0129349 0.326211 0.352081
537 0.354746 0.0292088 0.325538 0.383955
538 0.347209 0.0227372 0.324472 0.369946
539 0.345573 0.0169395 0.328633 0.362512
540 0.339131 0.0102523 0.328879 0.349384
541 0.343846 0.0142899 0.329556 0.358136
542 0.355827 0.0229434 0.332884 0.378771
543 0.352179 0.0173827 0.334796 0.369562
544 0.363665 0.0202697 0.343395 0.383935
545 0.355767 0.0134216 0.342346 0.369189
546 0.34847 0.0105163 0.337954 0.358987
547 0.357464 0.013641 0.343823 0.371105
548 0.359236 0.0166394 0.342596 0.375875
549 0.34772 0.0190818 0.328638 0.366801
550 0.344071 0.0107718 0.333299 0.354843
551 0.349777 0.0191921 0.330584 0.368969
552 0.351263 0.0203018 0.330961 0.371565
553 0.345918 0.00997415 0.335944 0.355892
554 0.352494 0.0163591 0.336135 0.368853
555 0.357764 0.0236896 0.334075 0.381454
556 0.347945 0.0106597 0.337285 0.358604
557 0.339822 0.0193374 0.320485 0.359159
558 0.351668 0.0286731 0.322995 0.380341
559 0.338951 0.0139571 0.324994 0.352908
560 0.34823 0.0194846 0.328745 0.367715
561 0.342495 0.0150176 0.327477 0.357512
562 0.343215 0.0148087 0.328407 0.358024
563 0.3426 0.0126777 0.329922 0.355277
564 0.339762 0.0132776 0.326484 0.353039
565 0.343906 0.0172805 0.326625 0.361186
566 0.346293 0.0196719 0.326621 0.365965
567 0.340888 0.0138497 0.327038 0.354738
568 0.342525 0.0130639 0.329461 0.355588
569 0.346533 0.0148161 0.331717 0.36135
570 0.340287 0.0138555 0.326432 0.354143
571 0.339101 0.0146376 0.324464 0.353739
572 0.347299 0.0218456 0.325454 0.369145
573 0.344597 0.0166411 0.327955 0.361238
574 0.343005 0.0127755 0.33023 0.355781
575 0.341083 0.0109221 0.330161 0.352005
576 0.345047 0.0113863 0.333661 0.356433
577 0.341248 0.0142308 0.327018 0.355479
578 0.346398 0.0184868 0.327912 0.364885
579 0.34311 0.01711 0.326 0.36022
580 0.347675 0.0272116 0.320463 0.374886
581 0.344777 0.0209763 0.3238 0.365753
582 0.355332 0.0177889 0.337543 0.373121
583 0.360302 0.0235874 0.336714 0.383889
584 0.353455 0.0142226 0.339233 0.367678
585 0.352509 0.011755 0.340754 0.364264
586 0.36404 0.0234733 0.340567 0.387514
587 0.358665 0.0138395 0.344826 0.372505
588 0.364956 0.0282622 0.336694 0.393218
589 0.363305 0.0272272 0.336077 0.390532
590 0.362209 0.0195062 0.342702 0.381715
591 0.357029 0.0165215 0.340507 0.37355
592 0.355032 0.0185342 0.336497 0.373566
593 0.364235 0.0315603 0.332675 0.395796
594 0.361533 0.0304201 0.331113 0.391953
595 0.352599 0.0152999 0.337299 0.367899
596 0.355587 0.0135521 0.342035 0.369139
597 0.353065 0.0130817 0.339983 0.366146
598 0.350212 0.0231117 0.3271 0.373324
599 0.354656 0.0146523 0.340004 0.369309
600 0.350062 0.0138374 0.336224 0.363899
601 0.345948 0.0134117 0.332536 0.35936
602 0.367118 0.0554586 0.31166 0.422577
603 0.341624 0.00957883 0.332045 0.351203
604 0.349401 0.0152263 0.334175 0.364627
605 0.355677 0.0263867 0.32929 0.382064
606 0.349476 0.0151146 0.334362 0.364591
607 0.352239 0.0118897 0.340349 0.364129
608 0.357059 0.0121004 0.344958 0.369159
609 0.358155 0.0305514 0.327603 0.388706
610 0.352524 0.0184022 0.334122 0.370926
611 0.355797 0.0304454 0.325352 0.386243
612 0.357719 0.0195414 0.338178 0.377261
613 0.349296 0.0145724 0.334724 0.363868
614 0.360362 0.0266095 0.333752 0.386971
615 0.350332 0.0195728 0.330759 0.369905
616 0.354716 0.0209669 0.333749 0.375683
617 0.349356 0.0202082 0.329148 0.369564
618 0.347089 0.0156414 0.331448 0.36273
619 0.347389 0.0157788 0.33161 0.363168
620 0.350617 0.0252693 0.325348 0.375887
621 0.34814 0.0156575 0.332482 0.363797
622 0.345783 0.0102475 0.335535 0.35603
623 0.356383 0.0279718 0.328411 0.384355
624 0.360377 0.02224 0.338137 0.382617
625 0.351503 0.0179186 0.333585 0.369422
626 0.340182 0.0142965 0.325886 0.354479
627 0.345137 0.0201295 0.325008 0.365267
628 0.339101 0.0135549 0.325546 0.352656
629 0.340963 0.0128745 0.328089 0.353838
630 0.349762 0.0418966 0.307865 0.391658
631 0.339296 0.00990904 0.329387 0.349206
632 0.348891 0.0204219 0.328469 0.369313
633 0.347164 0.0143828 0.332781 0.361547
634 0.347509 0.0185166 0.328993 0.366026
635 0.333156 0.0115794 0.321576 0.344735
636 0.332675 0.021209 0.311466 0.353884
637 0.339597 0.0131576 0.326439 0.352754
638 0.333861 0.0190563 0.314805 0.352918
639 0.33275 0.0116707 0.321079 0.344421
640 0.345933 0.0166675 0.329265 0.3626
641 0.342284 0.0141612 0.328123 0.356446
642 0.347524 0.0154394 0.332085 0.362964
643 0.348981 0.025646 0.323335 0.374627
644 0.345302 0.0157981 0.329504 0.3611
645 0.347599 0.0198028 0.327797 0.367402
646 0.337119 0.0129679 0.324151 0.350087
647 0.342705 0.0140992 0.328606 0.356804
648 0.350993 0.0223315 0.328661 0.373324
649 0.349521 0.0268342 0.322687 0.376356
650 0.343215 0.0152002 0.328015 0.358415
651 0.335318 0.0156615 0.319656 0.350979
652 0.341804 0.0133721 0.328432 0.355176
653 0.345227 0.0253424 0.319885 0.37057
654 0.336744 0.0208921 0.315852 0.357636
655 0.343786 0.0207682 0.323018 0.364554
656 0.33796 0.0156022 0.322358 0.353562
657 0.341744 0.0200305 0.321713 0.361774
658 0.343606 0.0230519 0.320554 0.366658
659 0.340062 0.0175386 0.322524 0.357601
660 0.334897 0.0122674 0.32263 0.347165
661 0.335002 0.0141488 0.320854 0.349151
662 0.341744 0.0169934 0.32475 0.358737
663 0.336969 0.0169125 0.320057 0.353882
664 0.340648 0.0113763 0.329271 0.352024
665 0.340678 0.0186192 0.322059 0.359297
666 0.390691 0.219068 0.171623 0.609759
667 0.337525 0.0161426 0.321382 0.353667
668 0.34323 0.029758 0.313472 0.372988
669 0.367749 0.0613097 0.306439 0.429059
670 0.346428 0.0447022 0.301726 0.39113
671 0.348515 0.0297546 0.318761 0.37827
672 0.363395 0.0362727 0.327122 0.399667
673 0.345482 0.0127831 0.332699 0.358266
674 0.348395 0.0198656 0.32853 0.368261
675 0.352524 0.0321227 0.320401 0.384647
676 0.354566 0.0166385 0.337928 0.371205
677 0.346714 0.0150275 0.331686 0.361741
678 0.349446 0.0193133 0.330133 0.36876
679 0.349026 0.0291539 0.319872 0.37818
680 0.349581 0.0191344 0.330447 0.368716
681 0.345978 0.0180352 0.327943 0.364013
682 0.346368 0.0154482 0.33092 0.361817
683 0.346969 0.0193127 0.327656 0.366282
684 0.338861 0.0150542 0.323807 0.353915
685 0.343876 0.0266266 0.317249 0.370502
686 0.340317 0.0368281 0.303489 0.377146
687 0.336699 0.0117085 0.32499 0.348407
688 0.357989 0.0771966 0.280793 0.435186
689 0.34847 0.0268804 0.32159 0.375351
690 0.334957 0.0101445 0.324813 0.345102
691 0.340498 0.0309493 0.309548 0.371447
692 0.337945 0.0196173 0.318328 0.357562
693 0.340257 0.0170431 0.323214 0.3573
694 0.334162 0.0222829 0.311879 0.356444
695 0.34278 0.0295435 0.313236 0.372323
696 0.348545 0.0338803 0.314665 0.382426
697 0.331324 0.0101333 0.321191 0.341457
698 0.339131 0.015392 0.323739 0.354523
699 0.338756 0.0180845 0.320671 0.35684
700 0.341699 0.039085 0.302614 0.380784
701 0.341519 0.0191294 0.322389 0.360648
702 0.345512 0.0267512 0.318761 0.372264
703 0.337164 0.0140959 0.323069 0.35126
704 0.344612 0.0148169 0.329795 0.359428
705 0.350602 0.013805 0.336797 0.364407
706 0.355557 0.0296692 0.325888 0.385226
707 0.349161 0.0118063 0.337355 0.360967
708 0.35347 0.018932 0.334538 0.372402
709 0.352299 0.0260598 0.326239 0.378359
710 0.355452 0.0232992 0.332153 0.378751
711 0.366653 0.0298615 0.336791 0.396514
712 0.358575 0.0182416 0.340333 0.376817
713 0.358095 0.013752 0.344343 0.371847
714 0.362013 0.0232408 0.338773 0.385254
715 0.365932 0.0188292 0.347103 0.384761
716 0.356938 0.0118015 0.345137 0.36874
717 0.356038 0.0309158 0.325122 0.386953
718 0.359341 0.0176235 0.341717 0.376964
719 0.359281 0.0166135 0.342667 0.375894
720 0.352554 0.0153692 0.337185 0.367923
721 0.359025 0.0175628 0.341463 0.376588
722 0.355557 0.011449 0.344108 0.367006
723 0.354731 0.0178565 0.336875 0.372588
724 0.357959 0.0155181 0.342441 0.373478
725 0.35901 0.018477 0.340533 0.377487
726 0.356623 0.0163246 0.340299 0.372948
727 0.34787 0.00990474 0.337965 0.357774
728 0.358785 0.023913 0.334872 0.382698
729 0.361233 0.0182924 0.34294 0.379525
730 0.345693 0.00892954 0.336763 0.354622
731 0.347705 0.0119309 0.335774 0.359635
732 0.386982 0.163517 0.223466 0.550499
733 0.352194 0.015459 0.336735 0.367653
734 0.347675 0.0147556 0.332919 0.36243
735 0.359671 0.0158303 0.343841 0.375501
736 0.367689 0.0225126 0.345176 0.390201
737 0.355647 0.0130887 0.342559 0.368736
738 0.36416 0.0238268 0.340334 0.387987
739 0.360377 0.0197047 0.340672 0.380081
740 0.359776 0.0224073 0.337369 0.382183
741 0.361248 0.0187864 0.342461 0.380034
742 0.3535 0.0149288 0.338571 0.368429
743 0.353365 0.0158434 0.337522 0.369208
744 0.362719 0.0191444 0.343575 0.381863
745 0.378064 0.121708 0.256356 0.499772
746 0.352389 0.0216417 0.330747 0.374031
747 0.354101 0.0284275 0.325673 0.382528
748 0.357719 0.0201545 0.337565 0.377874
749 0.351473 0.0161424 0.335331 0.367616
750 0.354401 0.0167863 0.337615 0.371187
751 0.356953 0.0149232 0.34203 0.371877
752 0.359401 0.0170201 0.342381 0.376421
753 0.346263 0.0124838 0.333779 0.358747
754 0.343936 0.0147861 0.32915 0.358722
755 0.349071 0.0210205 0.32805 0.370091
756 0.347645 0.0103258 0.337319 0.35797
757 0.335258 0.0130722 0.322185 0.34833
758 0.342089 0.0185034 0.323586 0.360593
759 0.356728 0.0228102 0.333918 0.379538
760 0.33742 0.0125312 0.324888 0.349951
761 0.340332 0.013579 0.326753 0.353911
762 0.336444 0.013235 0.323209 0.349679
763 0.337179 0.0122738 0.324906 0.349453
764 0.334522 0.0109969 0.323525 0.345519
765 0.346699 0.0310596 0.315639 0.377758
766 0.339942 0.0157732 0.324169 0.355715
767 0.342164 0.0132367 0.328927 0.355401
768 0.345077 0.00896214 0.336115 0.354039
769 0.349927 0.0213235 0.328603 0.37125
770 0.343981 0.0152441 0.328737 0.359225
771 0.33805 0.00960778 0.328442 0.347658
772 0.346578 0.0158578 0.330721 0.362436
773 0.344401 0.0118258 0.332576 0.356227
774 0.34329 0.0181985 0.325092 0.361489
775 0.346894 0.0162138 0.33068 0.363108
776 0.347074 0.020422 0.326652 0.367496
777 0.339417 0.013796 0.325621 0.353213
778 0.339747 0.0123734 0.327374 0.35212
779 0.335888 0.0134124 0.322476 0.349301
780 0.351143 0.0215388 0.329604 0.372682
781 0.340257 0.0137632 0.326494 0.354021
782 0.338411 0.0147614 0.323649 0.353172
783 0.340978 0.0184783 0.3225 0.359456
784 0.335633 0.0113806 0.324252 0.347014
785 0.345197 0.0211471 0.32405 0.366344
786 0.339462 0.0139353 0.325526 0.353397
787 0.341158 0.0246833 0.316475 0.365842
788 0.345738 0.0240586 0.321679 0.369796
789 0.346008 0.0263033 0.319705 0.372311
790 0.335393 0.0132335 0.322159 0.348626
791 0.335828 0.0113282 0.3245 0.347156
792 0.362584 0.0344755 0.328108 0.397059
793 0.348485 0.0225424 0.325943 0.371028
794 0.343936 0.0166587 0.327277 0.360595
795 0.336714 0.0118033 0.324911 0.348517
796 0.345122 0.0192307 0.325891 0.364353
797 0.344657 0.0183891 0.326268 0.363046
798 0.352119 0.021273 0.330846 0.373392
799 0.351353 0.0202096 0.331143 0.371563
