# ../output/graphs/perf_parallel76QUADRUPED_thread3
# step - mean (0.38958) - standard deviation (0.0735319) r=2 - ylow - yhigh
0 0.426798 0.175765 0.251032 0.602563
1 0.466783 0.0365644 0.430219 0.503348
2 0.51468 0.111404 0.403277 0.626084
3 0.431288 0.00149687 0.429791 0.432785
4 0.446256 0.0168923 0.429363 0.463148
5 0.421238 0.000427648 0.42081 0.421666
6 0.456733 0.00812544 0.448608 0.464859
7 0.43086 0.00106916 0.429791 0.431929
8 0.428294 0.023307 0.404987 0.451601
9 0.351744 0.0720595 0.279685 0.423804
10 0.416534 0.142408 0.274125 0.558942
11 0.435137 0.0126158 0.422521 0.447753
12 0.356021 0.0626512 0.29337 0.418672
13 0.377831 0.0310048 0.346826 0.408836
14 0.434923 0.0354952 0.399428 0.470418
15 0.359656 0.0667138 0.292942 0.42637
16 0.354097 0.0654309 0.288666 0.419528
17 0.411188 0.0109051 0.400283 0.422093
18 0.292728 0.014754 0.277974 0.307482
19 0.431502 0.00299355 0.428508 0.434495
20 0.284389 0.00213826 0.282251 0.286527
21 0.42359 0.0173199 0.40627 0.44091
22 0.377831 0.0553811 0.32245 0.433212
23 0.442621 0.0106913 0.431929 0.453312
24 0.370561 0.0716319 0.298929 0.442193
25 0.43086 0.00577326 0.425087 0.436634
26 0.436847 0.0126158 0.424232 0.449463
27 0.471701 0.0218103 0.449891 0.493511
28 0.4392 0.00128296 0.437917 0.440483
29 0.304061 0.0106913 0.29337 0.314752
30 0.450319 0.00299357 0.447325 0.453312
31 0.38446 0.110334 0.274125 0.494794
32 0.435778 0.000427663 0.435351 0.436206
33 0.391089 0.0404132 0.350675 0.431502
34 0.369706 0.0686383 0.301068 0.438344
35 0.363291 0.0660723 0.297219 0.429363
36 0.367995 0.080185 0.28781 0.44818
37 0.379114 0.0686382 0.310476 0.447753
38 0.357945 0.0675692 0.290376 0.425515
39 0.432143 0.0130435 0.4191 0.445187
40 0.436847 0.0263007 0.410547 0.463148
41 0.441338 0.00855303 0.432785 0.449891
42 0.431929 0.0171061 0.414823 0.449036
43 0.423804 0.0119743 0.41183 0.435778
44 0.430005 0.0198859 0.410119 0.449891
45 0.352814 0.0808263 0.271987 0.43364
46 0.412899 0.000213861 0.412685 0.413113
47 0.425728 0.0130435 0.412685 0.438772
48 0.415251 0.011119 0.404132 0.42637
49 0.336349 0.0694936 0.266855 0.405843
50 0.428722 0.00705628 0.421666 0.435778
51 0.281823 0.0111189 0.270704 0.292942
52 0.35538 0.0906624 0.264717 0.446042
53 0.437061 0.00256597 0.434495 0.439627
54 0.422735 0.0104775 0.412257 0.433212
55 0.431288 0.0100498 0.421238 0.441338
56 0.421024 0.00406273 0.416961 0.425087
57 0.420169 0.0100498 0.410119 0.430219
58 0.427439 0.00064145 0.426798 0.428081
59 0.435565 0.00705622 0.428508 0.442621
60 0.434495 0.0235208 0.410975 0.458016
61 0.350675 0.082537 0.268138 0.433212
62 0.352814 0.0756945 0.277119 0.428508
63 0.425301 0.00662862 0.418672 0.431929
64 0.467425 0.0431929 0.424232 0.510618
65 0.443476 0.0111189 0.432357 0.454595
66 0.433426 0.00449038 0.428936 0.437917
67 0.443476 0.00812538 0.435351 0.451601
68 0.441124 0.00620097 0.434923 0.447325
69 0.433212 0.00898068 0.424232 0.442193
70 0.420169 0.038275 0.381894 0.458444
71 0.363933 0.0718457 0.292087 0.435778
72 0.378687 0.0951528 0.283534 0.473839
73 0.372272 0.0836062 0.288666 0.455878
74 0.365002 0.0643617 0.30064 0.429363
75 0.363291 0.0694937 0.293797 0.432785
76 0.376335 0.0731286 0.303206 0.449463
77 0.291018 0.00235204 0.288666 0.29337
78 0.301495 0 0.301495 0.301495
79 0.3727 0.0729148 0.299785 0.445614
80 0.361794 0.0679968 0.293798 0.429791
81 0.442835 0.00876687 0.434068 0.451601
82 0.442193 0.00940838 0.432785 0.451601
83 0.355807 0.0701351 0.285672 0.425942
84 0.362863 0.0712042 0.291659 0.434068
85 0.437489 0.00855304 0.428936 0.446042
86 0.361367 0.062865 0.298502 0.424232
87 0.448822 0.0126157 0.436206 0.461437
88 0.450532 0.013471 0.437061 0.464003
89 0.446256 0.00235204 0.443904 0.448608
90 0.37163 0.0803988 0.291232 0.452029
91 0.447753 0.00384881 0.443904 0.451601
92 0.444331 0.0106913 0.43364 0.455023
93 0.445614 0.0149678 0.430646 0.460582
94 0.375052 0.0744116 0.30064 0.449463
95 0.353027 0.069066 0.283961 0.422093
96 0.464003 0.0192444 0.444759 0.483248
97 0.458444 0.00940834 0.449036 0.467852
98 0.453312 0.00256592 0.450746 0.455878
99 0.364788 0.0718458 0.292942 0.436634
100 0.4392 0.0183891 0.42081 0.457589
101 0.430219 0.00727013 0.422949 0.437489
102 0.360939 0.0602991 0.30064 0.421238
103 0.447753 0.00983599 0.437917 0.457589
104 0.437917 0.00171065 0.436206 0.439627
105 0.374838 0.0793296 0.295508 0.454167
106 0.430219 0 0.430219 0.430219
107 0.446256 0.0023521 0.443904 0.448608
108 0.446683 0.000213802 0.44647 0.446897
109 0.438986 0.00406271 0.434923 0.443048
110 0.439841 0.00406273 0.435778 0.443904
111 0.455237 0.00235212 0.452884 0.457589
112 0.384888 0.0821093 0.302778 0.466997
113 0.371416 0.0836062 0.28781 0.455023
114 0.443476 0.00427657 0.4392 0.447753
115 0.444331 0.00384887 0.440483 0.44818
116 0.440055 0.00299349 0.437061 0.443048
117 0.415465 0.00277971 0.412685 0.418245
118 0.431929 0.00128295 0.430646 0.433212
119 0.441124 0.0117605 0.429363 0.452884
120 0.417389 0.00384887 0.41354 0.421238
121 0.366926 0.0898072 0.277119 0.456733
122 0.366712 0.0925868 0.274125 0.459299
123 0.434281 0.0190306 0.415251 0.453312
124 0.438772 0.0166785 0.422093 0.45545
125 0.378045 0.0923731 0.285672 0.470418
126 0.438772 0.00855303 0.430219 0.447325
127 0.440696 0.00962226 0.431074 0.450319
128 0.445828 0.0237348 0.422093 0.469563
129 0.438986 0.0109051 0.428081 0.449891
130 0.455023 0.00769779 0.447325 0.462721
131 0.457589 0.00812539 0.449463 0.465714
132 0.295936 0.0102637 0.285672 0.3062
133 0.363291 0.0703489 0.292942 0.43364
134 0.461224 0.00534567 0.455878 0.466569
135 0.444118 0.0194582 0.424659 0.463576
136 0.355593 0.0630788 0.292515 0.418672
137 0.353241 0.0786882 0.274553 0.431929
138 0.373127 0.078902 0.294225 0.452029
139 0.361153 0.0810401 0.280113 0.442193
140 0.359442 0.0754807 0.283962 0.434923
141 0.439627 0.0149678 0.424659 0.454595
142 0.442407 0.00449038 0.437917 0.446897
143 0.438558 0.0168923 0.421666 0.45545
144 0.432999 0.0173199 0.415679 0.450318
145 0.44091 0.00684242 0.434068 0.447753
146 0.429791 0.00641479 0.423376 0.436206
147 0.442193 0.00171061 0.440483 0.443904
148 0.349179 0.0665 0.282679 0.415679
149 0.280754 0.0126158 0.268138 0.29337
150 0.276264 0.00213832 0.274125 0.278402
151 0.357518 0.0692797 0.288238 0.426798
152 0.391516 0.0314325 0.360084 0.422949
153 0.355593 0.0836062 0.271987 0.4392
154 0.368423 0.0951528 0.27327 0.463576
155 0.434709 0.0113328 0.423376 0.446042
156 0.441765 0.00555946 0.436206 0.447325
157 0.424446 0.0010691 0.423376 0.425515
158 0.421024 0.00149675 0.419528 0.422521
159 0.354738 0.0682106 0.286527 0.422949
160 0.384246 0.0464004 0.337846 0.430646
161 0.282465 0.00791158 0.274553 0.290376
162 0.366712 0.0789019 0.28781 0.445614
163 0.283534 0.000855312 0.282679 0.284389
164 0.440482 0.0115467 0.428936 0.452029
165 0.44369 0.00791158 0.435778 0.451601
166 0.452671 0.00149681 0.451174 0.454167
167 0.443048 0.000427648 0.442621 0.443476
168 0.445614 0.00342122 0.442193 0.449036
169 0.361581 0.0737701 0.28781 0.435351
170 0.348323 0.069066 0.279257 0.417389
171 0.35538 0.0774052 0.277974 0.432785
172 0.35538 0.0756946 0.279685 0.431074
173 0.375693 0.103706 0.271987 0.479399
174 0.279685 0.0111189 0.268566 0.290804
175 0.368423 0.0789019 0.289521 0.447325
176 0.355166 0.0746254 0.28054 0.429791
177 0.336135 0.0641479 0.271987 0.400283
178 0.276691 0.00427651 0.272415 0.280968
179 0.35987 0.0797572 0.280113 0.439627
180 0.3526 0.077619 0.274981 0.430219
181 0.355593 0.0789019 0.276692 0.434495
182 0.27049 0.00149681 0.268994 0.271987
183 0.434068 0.00555946 0.428508 0.439627
184 0.418458 0.000213861 0.418245 0.418672
185 0.347468 0.0737701 0.273698 0.421238
186 0.358801 0.0953666 0.263434 0.454167
187 0.431288 0.0164647 0.414823 0.447753
188 0.432785 0.00427657 0.428508 0.437061
189 0.435351 0.0119742 0.423376 0.447325
190 0.43364 0.00128296 0.432357 0.434923
191 0.342764 0.0660724 0.276691 0.408836
192 0.435778 0.0260869 0.409691 0.461865
193 0.362863 0.0844615 0.278402 0.447325
194 0.35987 0.070349 0.289521 0.430219
195 0.367995 0.069066 0.298929 0.437061
196 0.357304 0.0673553 0.289949 0.424659
197 0.437917 0.00855303 0.429364 0.44647
198 0.367568 0.091304 0.276264 0.458872
199 0.437061 0.00213826 0.434923 0.4392
200 0.289521 0.000427648 0.289093 0.289949
201 0.374196 0.0756945 0.298502 0.449891
202 0.439199 0.0158232 0.423376 0.455023
203 0.350889 0.0677829 0.283106 0.418672
204 0.359442 0.0746254 0.284817 0.434068
205 0.350034 0.0665001 0.283534 0.416534
206 0.359015 0.0622235 0.296791 0.421238
207 0.365002 0.0724871 0.292515 0.437489
208 0.363077 0.0786881 0.284389 0.441765
209 0.356449 0.0720596 0.284389 0.428508
210 0.436206 0.0175338 0.418672 0.45374
211 0.460796 0.0194582 0.441338 0.480254
212 0.371844 0.0925869 0.279257 0.464431
213 0.363291 0.0913039 0.271987 0.454595
214 0.447111 0.0113327 0.435778 0.458444
215 0.359015 0.0806126 0.278402 0.439627
216 0.370134 0.0673553 0.302778 0.437489
217 0.3526 0.0635065 0.289093 0.416106
218 0.359228 0.0803987 0.27883 0.439627
219 0.286314 0.00919454 0.277119 0.295508
220 0.440483 0.0277974 0.412685 0.46828
221 0.451815 0.00662863 0.445187 0.458444
222 0.442407 0.00876689 0.43364 0.451174
223 0.370561 0.0712042 0.299357 0.441765
224 0.396434 0.0397717 0.356663 0.436206
225 0.374624 0.0799711 0.294653 0.454595
226 0.354952 0.0714181 0.283534 0.42637
227 0.287169 0.00577334 0.281396 0.292942
228 0.28332 0.0044903 0.27883 0.28781
229 0.356021 0.0746255 0.281395 0.430646
230 0.359015 0.0703488 0.288666 0.429363
231 0.359442 0.0549534 0.304489 0.414396
232 0.450105 0.00149681 0.448608 0.451601
233 0.369065 0.0970772 0.271987 0.466142
234 0.282679 0.011119 0.27156 0.293798
235 0.443048 0.00213826 0.44091 0.445187
236 0.450105 0.0130434 0.437061 0.463148
237 0.459941 0.0156093 0.444331 0.47555
238 0.447111 0.00748399 0.439627 0.454595
239 0.285886 0.00277971 0.283106 0.288666
240 0.285458 0.00192447 0.283534 0.287383
241 0.443048 0.00855303 0.434495 0.451601
242 0.447539 0.016037 0.431502 0.463576
243 0.455023 0.023521 0.431502 0.478544
244 0.443262 0.0237347 0.419528 0.466997
245 0.361153 0.067783 0.29337 0.428936
246 0.366285 0.0750531 0.291232 0.441338
247 0.428936 0.00213832 0.426798 0.431074
248 0.438558 0.007484 0.431074 0.446042
249 0.392158 0.0547396 0.337418 0.446897
250 0.28332 0.00192447 0.281396 0.285245
251 0.347468 0.0823232 0.265145 0.429791
252 0.351103 0.0855306 0.265572 0.436634
253 0.350248 0.0714181 0.27883 0.421666
254 0.338915 0.0707766 0.268138 0.409691
255 0.343833 0.0679969 0.275836 0.41183
256 0.269421 0.00555947 0.263862 0.274981
257 0.274553 0.0034212 0.271132 0.277974
258 0.279471 0.0057734 0.273698 0.285245
259 0.282465 0.00662863 0.275836 0.289093
260 0.372272 0.0857444 0.286527 0.458016
261 0.355166 0.076336 0.27883 0.431502
262 0.449891 0.0149679 0.434923 0.464859
263 0.356021 0.067783 0.288238 0.423804
264 0.354524 0.0632926 0.291232 0.417817
265 0.367568 0.0647894 0.302778 0.432357
266 0.418458 0.0143264 0.404132 0.432785
267 0.389592 0.0410547 0.348537 0.430646
268 0.356662 0.0769775 0.279685 0.43364
269 0.282037 0.00577332 0.276264 0.28781
270 0.353669 0.0842476 0.269421 0.437916
271 0.276691 0.00727014 0.269421 0.283962
272 0.384032 0.0851029 0.298929 0.469135
273 0.362863 0.080185 0.282679 0.443048
274 0.283748 0.00449038 0.279257 0.288238
275 0.358587 0.0699212 0.288666 0.428508
276 0.345544 0.0765499 0.268994 0.422093
277 0.264717 0.00555952 0.259158 0.270277
278 0.275622 0.0096222 0.266 0.285245
279 0.359656 0.0581608 0.301495 0.417817
280 0.352172 0.0729149 0.279257 0.425087
281 0.270918 0.00149676 0.269421 0.272415
282 0.360084 0.0645756 0.295508 0.424659
283 0.356021 0.0806125 0.275409 0.436634
284 0.282037 0.0100498 0.271987 0.292087
285 0.354097 0.0799711 0.274125 0.434068
286 0.368423 0.0694936 0.298929 0.437917
287 0.274339 0.00406267 0.270277 0.278402
288 0.449249 0.00534567 0.443904 0.454595
289 0.356235 0.0799711 0.276264 0.436206
290 0.430219 0.0192443 0.410975 0.449463
291 0.432571 0.00320742 0.429363 0.435778
292 0.368209 0.081254 0.286955 0.449463
293 0.363505 0.0778328 0.285672 0.441338
294 0.429791 0.0171062 0.412685 0.446897
295 0.360939 0.0868135 0.274125 0.447753
296 0.416961 0.0106913 0.40627 0.427653
297 0.284175 0.00919454 0.274981 0.29337
298 0.369065 0.0748392 0.294225 0.443904
299 0.371417 0.0677831 0.303634 0.4392
300 0.302351 0.0115467 0.290804 0.313897
301 0.308338 0.020955 0.287383 0.329293
302 0.363077 0.0769775 0.2861 0.440055
303 0.277333 0.00235212 0.274981 0.279685
304 0.336135 0.0449035 0.291232 0.381039
305 0.365643 0.0709904 0.294653 0.436634
306 0.366499 0.0761222 0.290376 0.442621
307 0.437489 0.0149679 0.422521 0.452457
308 0.440055 0.0012829 0.438772 0.441338
309 0.439841 0.00235206 0.437489 0.442193
310 0.425515 0.000855312 0.424659 0.42637
311 0.42637 0.0115466 0.414823 0.437916
312 0.42915 0.014754 0.414396 0.443904
313 0.427439 0.0156094 0.41183 0.443048
314 0.416962 0.00898069 0.407981 0.425942
315 0.403704 0.00213826 0.401566 0.405843
316 0.414182 0.00748399 0.406698 0.421666
317 0.41461 0.014754 0.399856 0.429364
318 0.354524 0.0641479 0.290376 0.418672
319 0.431929 0.00427659 0.427653 0.436206
320 0.366499 0.0923731 0.274125 0.458872
321 0.352172 0.0844614 0.267711 0.436634
322 0.358801 0.0688522 0.289949 0.427653
323 0.358587 0.0784743 0.280113 0.437061
324 0.44647 0.00940834 0.437061 0.455878
325 0.446683 0.0126157 0.434068 0.459299
326 0.44647 0.00256591 0.443904 0.449036
327 0.458658 0.00962219 0.449036 0.46828
328 0.449677 0.00833924 0.441338 0.458016
329 0.437703 0.00620098 0.431502 0.443904
330 0.444759 0.00171061 0.443048 0.44647
331 0.46101 0.00384881 0.457161 0.464859
332 0.511473 0.0564502 0.455023 0.567923
333 0.361367 0.082537 0.27883 0.443904
334 0.377831 0.0523874 0.325444 0.430219
335 0.438772 0.0145402 0.424232 0.453312
336 0.375052 0.0868135 0.288238 0.461865
337 0.381894 0.0684244 0.31347 0.450318
338 0.366712 0.0750531 0.291659 0.441766
339 0.362863 0.0741978 0.288666 0.437061
340 0.377404 0.0789019 0.298502 0.456306
341 0.30064 0.00513183 0.295508 0.305772
342 0.375907 0.0744116 0.301495 0.450319
343 0.283961 0.00641477 0.277547 0.290376
344 0.48282 0.00513181 0.477688 0.487952
345 0.369492 0.0791158 0.290376 0.448608
346 0.371844 0.0861721 0.285672 0.458016
347 0.441124 0.00620097 0.434923 0.447325
348 0.285031 0.0104775 0.274553 0.295508
349 0.290804 0.0128296 0.277974 0.303634
350 0.290376 0.00598712 0.284389 0.296363
351 0.289735 0.00577332 0.283962 0.295508
352 0.295722 0.00363506 0.292087 0.299357
353 0.444545 0.000641435 0.443904 0.445187
354 0.446683 0.00534561 0.441338 0.452029
355 0.334424 0.0466142 0.28781 0.381039
356 0.291018 0.00192441 0.289093 0.292942
357 0.363719 0.078902 0.284817 0.442621
358 0.35987 0.077619 0.282251 0.437489
359 0.366071 0.0769775 0.289093 0.443048
360 0.435564 0.0130434 0.422521 0.448608
361 0.427867 0.00534567 0.422521 0.433212
362 0.453312 0.0106913 0.442621 0.464003
363 0.380611 0.100071 0.28054 0.480682
364 0.425087 0.00171067 0.423376 0.426798
365 0.441338 0.00555947 0.435778 0.446897
366 0.431074 0.0102637 0.42081 0.441338
367 0.350034 0.0694937 0.28054 0.419528
368 0.361794 0.0889518 0.272843 0.450746
369 0.425942 0.00342128 0.422521 0.429364
370 0.452029 0.0128296 0.4392 0.464859
371 0.440055 0.022238 0.417817 0.462293
372 0.365429 0.077619 0.28781 0.443048
373 0.428508 0.00427651 0.424232 0.432785
374 0.450746 0 0.450746 0.450746
375 0.459513 0.00577334 0.45374 0.465286
376 0.459513 0.00962219 0.449891 0.469135
377 0.458872 0.00128302 0.457589 0.460155
378 0.352172 0.0712043 0.280968 0.423376
379 0.36436 0.08382 0.28054 0.44818
380 0.291018 0.014754 0.276264 0.305772
381 0.283534 0.00128295 0.282251 0.284817
382 0.365857 0.0442621 0.321595 0.410119
383 0.433854 0.0211688 0.412685 0.455023
384 0.35709 0.0761222 0.280968 0.433212
385 0.463362 0.0151817 0.44818 0.478544
386 0.44369 0.00192446 0.441765 0.445614
387 0.442193 0.0192444 0.422949 0.461437
388 0.450746 0.012402 0.438344 0.463148
389 0.419955 0.00470422 0.415251 0.424659
390 0.412044 0.0010691 0.410975 0.413113
391 0.43086 0.00192441 0.428936 0.432785
392 0.43642 0.0023521 0.434068 0.438772
393 0.43364 0.0136849 0.419955 0.447325
394 0.361153 0.0964357 0.264717 0.457589
395 0.462293 0.0094084 0.452884 0.471701
396 0.430005 0.00320742 0.426798 0.433212
397 0.326941 0.0451174 0.281823 0.372058
398 0.27605 0.000213802 0.275836 0.276264
399 0.371417 0.098574 0.272843 0.469991
400 0.43086 0.00064151 0.430219 0.431502
401 0.350889 0.080185 0.270704 0.431074
402 0.434068 0.0136849 0.420383 0.447753
403 0.343619 0.0759084 0.267711 0.419528
404 0.346613 0.0789019 0.267711 0.425515
405 0.340839 0.0744116 0.266428 0.415251
406 0.348751 0.0878827 0.260868 0.436634
407 0.347468 0.0741978 0.27327 0.421666
408 0.351531 0.0855306 0.266 0.437061
409 0.427867 0.00064151 0.427225 0.428508
410 0.43086 0.00320743 0.427653 0.434068
411 0.442193 0.0153955 0.426798 0.457589
412 0.403063 0.0712042 0.331859 0.474267
413 0.360511 0.0718457 0.288666 0.432357
414 0.37719 0.0923731 0.284817 0.469563
415 0.419741 0.0168923 0.402849 0.436634
416 0.3325 0.0438344 0.288666 0.376335
417 0.281823 0.00427657 0.277547 0.2861
418 0.276478 0.00363502 0.272843 0.280113
419 0.378473 0.0731287 0.305344 0.451601
420 0.382963 0.0913039 0.291659 0.474267
421 0.292942 0.00983599 0.283106 0.302778
422 0.428508 0.151817 0.276691 0.580325
423 0.370134 0.0767637 0.29337 0.446897
424 0.412257 0.0342122 0.378045 0.44647
425 0.352814 0.0701351 0.282679 0.422949
426 0.370134 0.0891656 0.280968 0.459299
427 0.437275 0.00192441 0.435351 0.4392
428 0.437061 0.0115466 0.425515 0.448608
429 0.374624 0.0975048 0.277119 0.472129
430 0.385101 0.046828 0.338273 0.431929
431 0.357304 0.0754807 0.281823 0.432785
432 0.279899 0.00320742 0.276691 0.283106
433 0.366926 0.094939 0.271987 0.461865
434 0.366499 0.0932284 0.27327 0.459727
435 0.359228 0.0915177 0.267711 0.450746
436 0.357304 0.0669276 0.290376 0.424232
437 0.436634 0.0260869 0.410547 0.46272
438 0.422949 0.000427589 0.422521 0.423376
439 0.423376 0.0119743 0.411402 0.435351
440 0.421238 0.00299357 0.418245 0.424232
441 0.43364 0.0183891 0.415251 0.452029
442 0.415037 0.0121881 0.402849 0.427225
443 0.370347 0.0795434 0.290804 0.449891
444 0.428936 0.00940834 0.419528 0.438344
445 0.433426 0.0297219 0.403704 0.463148
446 0.441979 0.00919448 0.432785 0.451174
447 0.365216 0.0735563 0.291659 0.438772
448 0.441338 0.00727013 0.434068 0.448608
449 0.442407 0.00235206 0.440055 0.444759
450 0.397931 0.104134 0.293798 0.502065
451 0.428936 0.00171061 0.427225 0.430646
452 0.353241 0.0675692 0.285672 0.42081
453 0.357304 0.0673553 0.289949 0.424659
454 0.355807 0.0701351 0.285672 0.425942
455 0.4454 0.00064145 0.444759 0.446042
456 0.365857 0.0793296 0.286527 0.445187
457 0.435565 0.0224518 0.413113 0.458016
458 0.461437 0.00384887 0.457589 0.465286
459 0.290162 0.00064151 0.289521 0.290804
460 0.28781 0.00898074 0.27883 0.296791
461 0.290162 0.00449032 0.285672 0.294653
462 0.358373 0.0821094 0.276264 0.440482
463 0.396648 0.0883104 0.308338 0.484958
464 0.370347 0.094939 0.275409 0.465286
465 0.427439 0.146899 0.28054 0.574338
466 0.422093 0.00171061 0.420383 0.423804
467 0.447111 0.00833924 0.438772 0.45545
468 0.365002 0.0784743 0.286527 0.443476
469 0.458016 0.00384887 0.454167 0.461865
470 0.445187 0.000855371 0.444331 0.446042
471 0.365643 0.0641479 0.301495 0.429791
472 0.369706 0.0759084 0.293798 0.445614
473 0.29337 0.00898068 0.284389 0.30235
474 0.359656 0.0731287 0.286527 0.432785
475 0.438986 0.0151817 0.423804 0.454167
476 0.450532 0.00534563 0.445187 0.455878
477 0.443476 0.00727007 0.436206 0.450746
478 0.449035 0.011119 0.437916 0.460155
479 0.440482 0.00342128 0.437061 0.443904
480 0.367568 0.0806125 0.286955 0.44818
481 0.31069 0.0331431 0.277547 0.343833
482 0.363933 0.0756946 0.288238 0.439627
483 0.378473 0.0846753 0.293798 0.463148
484 0.459085 0.00406273 0.455023 0.463148
485 0.458872 0.0158231 0.443048 0.474695
486 0.437489 0.000855371 0.436634 0.438344
487 0.430433 0.0019244 0.428508 0.432357
488 0.453098 0.00320742 0.449891 0.456306
489 0.433854 0.00449038 0.429364 0.438344
490 0.291446 0.00449038 0.286955 0.295936
491 0.370561 0.0712042 0.299357 0.441765
492 0.441124 0.0130435 0.42808 0.454167
493 0.291873 0.0113327 0.28054 0.303206
494 0.294439 0.0121881 0.282251 0.306627
495 0.442835 0.00192447 0.44091 0.444759
496 0.367354 0.0778328 0.289521 0.445187
497 0.379114 0.0784743 0.30064 0.457589
498 0.442407 0.00277981 0.439627 0.445187
499 0.348323 0.0613682 0.286955 0.409691
500 0.360298 0.0733425 0.286955 0.43364
501 0.343405 0.0658585 0.277547 0.409264
502 0.376548 0.057947 0.318601 0.434495
503 0.351744 0.0729147 0.27883 0.424659
504 0.356663 0.0774052 0.279257 0.434068
505 0.353883 0.0673553 0.286527 0.421238
506 0.357518 0.0564501 0.301068 0.413968
507 0.362436 0.0737701 0.288666 0.436206
508 0.441552 0.00962225 0.431929 0.451174
509 0.347896 0.0682106 0.279685 0.416106
510 0.349392 0.0573055 0.292087 0.406698
511 0.357946 0.0709904 0.286955 0.428936
512 0.440055 0.00812539 0.431929 0.44818
513 0.448608 0.0273698 0.421238 0.475978
514 0.400711 0.0406271 0.360084 0.441338
515 0.431929 0.00513183 0.426798 0.437061
516 0.448822 0.00662869 0.442193 0.45545
517 0.434495 0.00983599 0.424659 0.444331
518 0.430005 0.00064145 0.429363 0.430646
519 0.431502 0.00470418 0.426798 0.436206
520 0.432999 0.0113328 0.421666 0.444331
521 0.351744 0.0827508 0.268994 0.434495
522 0.338701 0.0722733 0.266428 0.410974
523 0.416962 0.0119742 0.404987 0.428936
524 0.276905 0.00491802 0.271987 0.281823
525 0.36436 0.0889518 0.275408 0.453312
526 0.35987 0.0750531 0.284817 0.434923
527 0.275622 0.00320742 0.272415 0.27883
528 0.350248 0.0808264 0.269421 0.431074
529 0.351744 0.0746254 0.277119 0.42637
530 0.436206 0.00384887 0.432357 0.440055
531 0.411188 0.0250177 0.386171 0.436206
532 0.371203 0.0744116 0.296791 0.445614
533 0.368423 0.0806126 0.28781 0.449036
534 0.431929 0.00598706 0.425942 0.437916
535 0.356021 0.0844615 0.27156 0.440483
536 0.43086 0.00449036 0.42637 0.435351
537 0.371844 0.0827509 0.289093 0.454595
538 0.361581 0.0840338 0.277547 0.445614
539 0.425942 0.00727007 0.418672 0.433212
540 0.433426 0.00449032 0.428936 0.437916
541 0.45374 0.00213827 0.451601 0.455878
542 0.445187 0.00641483 0.438772 0.451601
543 0.368423 0.0754808 0.292942 0.443904
544 0.453098 0.00149682 0.451601 0.454595
545 0.379328 0.0953666 0.283962 0.474695
546 0.365429 0.0934422 0.271987 0.458871
547 0.454381 0.00149676 0.452884 0.455878
548 0.365643 0.082537 0.283106 0.44818
549 0.361794 0.060299 0.301495 0.422093
550 0.43813 0.00833924 0.429791 0.44647
551 0.35538 0.0692798 0.2861 0.424659
552 0.466569 0.00470422 0.461865 0.471274
553 0.363291 0.0519598 0.311331 0.415251
554 0.358159 0.0635064 0.294653 0.421666
555 0.367995 0.0818955 0.2861 0.449891
556 0.365857 0.0622234 0.303634 0.42808
557 0.422093 0.0119743 0.410119 0.434068
558 0.419528 0.0106913 0.408836 0.430219
559 0.340839 0.0607267 0.280113 0.401566
560 0.416962 0.00171061 0.415251 0.418672
561 0.416534 0.0115467 0.404987 0.428081
562 0.344047 0.0613682 0.282679 0.405415
563 0.362863 0.0904486 0.272415 0.453312
564 0.446042 0.0094084 0.436634 0.45545
565 0.441124 0.00406265 0.437061 0.445187
566 0.428294 0.00277971 0.425515 0.431074
567 0.430646 0.00427651 0.42637 0.434923
568 0.277974 0.00727008 0.270704 0.285244
569 0.292301 0.00662863 0.285672 0.298929
570 0.437275 0.0100498 0.427225 0.447325
571 0.434068 0.0111189 0.422949 0.445187
572 0.415465 0.00491802 0.410547 0.420383
573 0.423804 0.00427651 0.419528 0.428081
574 0.35987 0.077619 0.282251 0.437489
575 0.424018 0.00235206 0.421666 0.42637
576 0.421452 0.00491802 0.416534 0.42637
577 0.351317 0.0707766 0.28054 0.422093
578 0.353883 0.0844614 0.269421 0.438344
579 0.385315 0.0496077 0.335708 0.434923
580 0.431288 0.00064145 0.430646 0.431929
581 0.383391 0.0498216 0.333569 0.433212
582 0.364146 0.0831784 0.280968 0.447325
583 0.455664 0.00833924 0.447325 0.464003
584 0.366285 0.0741977 0.292087 0.440482
585 0.378045 0.0782605 0.299785 0.456306
586 0.363933 0.0765499 0.287383 0.440482
587 0.374196 0.0945113 0.279685 0.468708
588 0.376762 0.0731287 0.303634 0.449891
589 0.376334 0.0808264 0.295508 0.457161
590 0.452884 0.00342122 0.449463 0.456306
591 0.378259 0.084889 0.29337 0.463148
592 0.376762 0.0679968 0.308765 0.444759
593 0.301281 0.0104775 0.290804 0.311759
594 0.299571 0.0220242 0.277547 0.321595
595 0.443262 0.00876689 0.434495 0.452029
596 0.424018 0.0100498 0.413968 0.434068
597 0.434495 0.00684249 0.427653 0.441338
598 0.425301 0.0109052 0.414396 0.436206
599 0.442835 0.0109051 0.431929 0.45374
600 0.350462 0.0682106 0.282251 0.418672
601 0.343405 0.0744116 0.268994 0.417817
602 0.438344 0.00684242 0.431502 0.445187
603 0.278188 0.00491802 0.27327 0.283106
604 0.377831 0.0836062 0.294225 0.461437
605 0.370561 0.077619 0.292942 0.44818
606 0.363933 0.0679968 0.295936 0.431929
607 0.452029 0.00641477 0.445614 0.458444
608 0.366499 0.0812541 0.285244 0.447753
609 0.446897 0.0179614 0.428936 0.464859
610 0.459941 0.0194582 0.440483 0.479399
611 0.454809 0.00748388 0.447325 0.462293
612 0.371844 0.0904485 0.281396 0.462293
613 0.44818 0.0188167 0.429363 0.466997
614 0.370989 0.0968634 0.274125 0.467852
615 0.458444 5.96046e-008 0.458444 0.458444
616 0.445187 0.00684242 0.438344 0.452029
617 0.28781 0.0102636 0.277547 0.298074
618 0.363505 0.0872412 0.276264 0.450746
619 0.442621 0.0111189 0.431502 0.45374
620 0.441765 0.000855312 0.44091 0.442621
621 0.373982 0.0754807 0.298502 0.449463
622 0.437917 0.0166785 0.421238 0.454595
623 0.446042 0.00213826 0.443904 0.44818
624 0.427439 0.0130434 0.414396 0.440482
625 0.43364 0.0166784 0.416962 0.450318
626 0.444973 0.00534569 0.439627 0.450319
627 0.417175 0.00620097 0.410975 0.423376
628 0.370347 0.0769775 0.29337 0.447325
629 0.438558 0.000213847 0.438344 0.438772
630 0.420169 0.00149675 0.418672 0.421666
631 0.429791 0.0128296 0.416961 0.442621
632 0.421452 0.00449032 0.416962 0.425942
633 0.278188 0.00705628 0.271132 0.285245
634 0.27327 0.0021382 0.271132 0.275408
635 0.356876 0.0861721 0.270704 0.443048
636 0.352386 0.0833923 0.268994 0.435778
637 0.340626 0.0665 0.274125 0.407126
638 0.44647 0.0153955 0.431074 0.461865
639 0.276905 0.00491802 0.271987 0.281823
640 0.284175 0.00235212 0.281823 0.286527
641 0.28332 0.0100498 0.27327 0.29337
642 0.356235 0.0573055 0.298929 0.41354
643 0.352386 0.0765499 0.275836 0.428936
644 0.348323 0.0831785 0.265145 0.431502
645 0.442193 0.012402 0.429791 0.454595
646 0.295508 0.000427708 0.29508 0.295936
647 0.280968 0.00513183 0.275836 0.2861
648 0.288024 0.0083393 0.279685 0.296364
649 0.350034 0.0831784 0.266855 0.433212
650 0.433854 0.00662869 0.427225 0.440483
651 0.430219 0.0175338 0.412685 0.447753
652 0.426798 0.00342116 0.423376 0.430219
653 0.34255 0.0778328 0.264717 0.420383
654 0.415037 0.00833923 0.406698 0.423376
655 0.409264 0.00513187 0.404132 0.414396
656 0.422735 0.00320742 0.419527 0.425942
657 0.348537 0.0761222 0.272415 0.424659
658 0.337418 0.0697075 0.267711 0.407126
659 0.3526 0.0883103 0.26429 0.44091
660 0.357518 0.0923731 0.265145 0.449891
661 0.342764 0.0836062 0.259158 0.42637
662 0.424873 0.0113329 0.41354 0.436206
663 0.358373 0.0709904 0.287383 0.429363
664 0.359442 0.0750531 0.284389 0.434495
665 0.333783 0.0609405 0.272843 0.394724
666 0.274981 0.0132573 0.261724 0.288238
667 0.281823 0.00898075 0.272842 0.290804
668 0.353027 0.0913038 0.261724 0.444331
669 0.353883 0.0836062 0.270277 0.437489
670 0.35709 0.0684244 0.288666 0.425515
671 0.343405 0.073984 0.269421 0.417389
672 0.34982 0.0774052 0.272415 0.427225
673 0.347682 0.0735563 0.274125 0.421238
674 0.377404 0.104133 0.27327 0.481537
675 0.444759 0.00470422 0.440055 0.449463
676 0.425087 0.00299357 0.422093 0.428081
677 0.435992 0.0121881 0.423804 0.44818
678 0.435778 0.000855297 0.434923 0.436634
679 0.359015 0.0759084 0.283106 0.434923
680 0.434495 0.000427648 0.434068 0.434923
681 0.4454 0.0190305 0.42637 0.464431
682 0.365216 0.0915177 0.273698 0.456733
683 0.34255 0.0705627 0.271987 0.413113
684 0.35431 0.0716319 0.282679 0.425942
685 0.273484 0.00662857 0.266855 0.280113
686 0.424873 0.0109051 0.413968 0.435778
687 0.289949 0.0226656 0.267283 0.312614
688 0.440482 0.00983599 0.430646 0.450318
689 0.427653 0.0115467 0.416106 0.4392
690 0.446683 0.0190306 0.427653 0.465714
691 0.271773 0.0100498 0.261724 0.281823
692 0.351317 0.0746254 0.276691 0.425942
693 0.333997 0.0675691 0.266428 0.401566
694 0.344261 0.0829646 0.261296 0.427225
695 0.425087 0.00128296 0.423804 0.42637
696 0.452243 0.01732 0.434923 0.469563
697 0.427011 0.00192446 0.425087 0.428936
698 0.430219 0.0200997 0.410119 0.450318
699 0.42915 0.0147541 0.414396 0.443904
700 0.4191 0.0119742 0.407126 0.431074
701 0.427439 0.00662863 0.42081 0.434068
702 0.352172 0.0754807 0.276691 0.427653
703 0.281182 0.0096222 0.27156 0.290804
704 0.427439 0.0130435 0.414396 0.440483
705 0.434923 0.0153955 0.419528 0.450319
706 0.442621 0.0132572 0.429364 0.455878
707 0.434495 0.0175338 0.416961 0.452029
708 0.43642 0.00406267 0.432357 0.440482
709 0.27776 0.00277971 0.274981 0.28054
710 0.289949 0.00684248 0.283106 0.296791
711 0.280968 0.00555947 0.275409 0.286527
712 0.442193 0.00898069 0.433212 0.451174
713 0.448608 0.018389 0.430219 0.466997
714 0.456092 0.00106916 0.455023 0.457161
715 0.444118 0.0220241 0.422093 0.466142
716 0.379542 0.088738 0.290804 0.46828
717 0.366926 0.0842476 0.282679 0.451174
718 0.434709 0.0113328 0.423376 0.446042
719 0.443904 0.0153954 0.428508 0.459299
720 0.370134 0.0712043 0.298929 0.441338
721 0.379756 0.0846753 0.29508 0.464431
722 0.358159 0.0754807 0.282679 0.43364
723 0.374624 0.073984 0.30064 0.448608
724 0.38446 0.10563 0.27883 0.49009
725 0.451174 0.0128296 0.438344 0.464003
726 0.358801 0.0620097 0.296791 0.420811
727 0.354524 0.0671415 0.287383 0.421666
728 0.439413 0.00491796 0.434495 0.444331
729 0.434923 0.00384887 0.431074 0.438772
730 0.360084 0.0662861 0.293798 0.42637
731 0.380611 0.0573054 0.323306 0.437916
732 0.421666 0.00598712 0.415679 0.427653
733 0.4454 0.00149681 0.443904 0.446897
734 0.371203 0.0885241 0.282679 0.459727
735 0.359228 0.0778328 0.281395 0.437061
736 0.45823 0.0138987 0.444331 0.472129
737 0.360511 0.0611544 0.299357 0.421666
738 0.43813 0.00791159 0.430219 0.446042
739 0.293798 0.0115466 0.282251 0.305344
740 0.293798 0.00128296 0.292515 0.29508
741 0.448394 0.0010691 0.447325 0.449463
742 0.386384 0.087455 0.298929 0.473839
743 0.450318 0.00256591 0.447753 0.452884
744 0.357732 0.0801849 0.277547 0.437917
745 0.360725 0.0857444 0.274981 0.44647
746 0.435564 0.0019244 0.43364 0.437489
747 0.429577 0.00449032 0.425087 0.434068
748 0.457589 0.00598714 0.451601 0.463576
749 0.446897 0.000427648 0.44647 0.447325
750 0.441124 0.00192446 0.4392 0.443048
751 0.369278 0.0793296 0.289949 0.448608
752 0.444973 0.00705628 0.437917 0.452029
753 0.447325 0.00513189 0.442193 0.452457
754 0.444118 0.00620104 0.437916 0.450319
755 0.444118 0.0186029 0.425515 0.462721
756 0.360725 0.0908762 0.269849 0.451601
757 0.402635 0.00449032 0.398145 0.407125
758 0.433212 0.000427648 0.432785 0.43364
759 0.442835 0.00791158 0.434923 0.450746
760 0.45545 0.00213832 0.453312 0.457589
761 0.281823 0.00983599 0.271987 0.291659
762 0.279685 0.00898075 0.270704 0.288666
763 0.348109 0.0679968 0.280113 0.416106
764 0.352386 0.0769775 0.275409 0.429364
765 0.422521 0.00684243 0.415679 0.429363
766 0.42081 0.0102636 0.410547 0.431074
767 0.420597 0.00363502 0.416962 0.424232
768 0.45374 0.000855312 0.452884 0.454595
769 0.356235 0.0833923 0.272842 0.439627
770 0.427225 0.0128296 0.414396 0.440055
771 0.356876 0.0754807 0.281396 0.432357
772 0.43086 0.0109052 0.419955 0.441765
773 0.4454 0.0173199 0.428081 0.46272
774 0.358801 0.0632926 0.295508 0.422093
775 0.43813 0.00192446 0.436206 0.440055
776 0.439199 0.0171061 0.422093 0.456306
777 0.441124 0.0100498 0.431074 0.451174
778 0.422735 0.00962219 0.413113 0.432357
779 0.34255 0.0735563 0.268994 0.416106
780 0.340198 0.076336 0.263862 0.416534
781 0.360084 0.0851029 0.274981 0.445187
782 0.352814 0.085103 0.267711 0.437917
783 0.373982 0.0793297 0.294653 0.453312
784 0.438344 0.0183891 0.419955 0.456733
785 0.416962 0.00641477 0.410547 0.423376
786 0.413326 0.00833924 0.404987 0.421666
787 0.340839 0.0667138 0.274125 0.407553
788 0.432357 0.000855297 0.431502 0.433212
789 0.432999 0.0023521 0.430646 0.435351
790 0.419528 0.0153955 0.404132 0.434923
791 0.425728 0.0109051 0.414823 0.436634
792 0.435565 0.0126158 0.422949 0.44818
793 0.357518 0.0555948 0.301923 0.413113
794 0.44369 0.00962219 0.434068 0.453312
795 0.421024 0.00064151 0.420383 0.421666
796 0.444759 0.00898074 0.435778 0.45374
797 0.430005 0.0113327 0.418672 0.441338
798 0.446042 0.0132572 0.432785 0.459299
799 0.356663 0.0620097 0.294653 0.418672
