# ../output/graphs/perf_parallel23QUADRUPED_thread4
# step - mean (0.0989499) - standard deviation (0.0100133) r=2 - ylow - yhigh
0 0.174696 0.076336 0.0983602 0.251032
1 0.101568 0.00662863 0.0949389 0.108196
2 0.0953666 0.0303634 0.0650032 0.12573
3 0.0859582 0.0226657 0.0632926 0.108624
4 0.104775 0.00598712 0.0987878 0.110762
5 0.0996431 0.00128301 0.0983601 0.100926
6 0.102637 0.00555947 0.0970772 0.108196
7 0.126585 0.0337845 0.0928007 0.16037
8 0.137277 0.0414823 0.0957943 0.178759
9 0.120384 0.0220241 0.0983602 0.142408
10 0.114183 0.0166785 0.0975048 0.130862
11 0.105416 0.0100499 0.0953665 0.115466
12 0.10563 0.00299362 0.102637 0.108624
13 0.100071 0.00384886 0.0962219 0.10392
14 0.10392 0.00812538 0.0957942 0.112045
15 0.0996431 0.00342121 0.0962219 0.103064
16 0.133214 0.036992 0.0962219 0.170206
17 0.102209 0.00684249 0.0953665 0.109051
18 0.100926 0.00427652 0.0966495 0.105203
19 0.0994293 0.00320736 0.0962219 0.102637
20 0.10114 0.00235211 0.0987878 0.103492
21 0.108624 0.0106914 0.0979325 0.119315
22 0.101568 0.00406266 0.0975049 0.10563
23 0.0992155 0.00213826 0.0970772 0.101354
24 0.100071 0.00256597 0.0975048 0.102637
25 0.0987878 0.00171061 0.0970772 0.100498
26 0.0970772 0.00085536 0.0962218 0.0979325
27 0.105844 0.00791153 0.0979325 0.113756
28 0.0987879 0.00213826 0.0966496 0.100926
29 0.100498 0.00427657 0.0962218 0.104775
30 0.100926 0.00256591 0.0983601 0.103492
31 0.0983602 0.00128296 0.0970772 0.0996431
32 0.116749 0.019672 0.0970772 0.136421
33 0.102851 0.00534562 0.0975049 0.108196
34 0.10114 0.00106916 0.100071 0.102209
35 0.10392 0.00299362 0.100926 0.106913
36 0.102209 0.00213826 0.100071 0.104347
37 0.0925869 0.00705628 0.0855306 0.0996431
38 0.099857 0.00192446 0.0979325 0.101781
39 0.10563 0.000427596 0.105203 0.106058
40 0.104561 0.00363507 0.100926 0.108196
41 0.10114 0.00149681 0.0996431 0.102637
42 0.0992155 0.00128296 0.0979325 0.100498
43 0.0992154 0 0.0992154 0.0992154
44 0.0983602 0.000427652 0.0979325 0.0987878
45 0.100926 0.000427652 0.100498 0.101354
46 0.116963 0.0164647 0.100498 0.133428
47 0.0808265 0.0166785 0.064148 0.0975049
48 0.0960081 0.000213858 0.0957942 0.0962219
49 0.0968634 0.00106916 0.0957942 0.0979325
50 0.100285 0.00235211 0.0979325 0.102637
51 0.102851 0.00406272 0.0987878 0.106913
52 0.119529 0.0211688 0.0983601 0.140698
53 0.10114 0.00406272 0.0970772 0.105203
54 0.100071 0.00342121 0.0966496 0.103492
55 0.09109 0.00727008 0.08382 0.0983601
56 0.0975049 0.000855304 0.0966496 0.0983602
57 0.0960081 0.000641447 0.0953666 0.0966495
58 0.0998569 0.0010691 0.0987878 0.100926
59 0.11119 0.0175338 0.093656 0.128724
60 0.0970772 0.000855301 0.0962219 0.0979325
61 0.0960081 0.00149681 0.0945113 0.0975049
62 0.0964358 0.00320736 0.0932284 0.0996431
63 0.0949389 0.000427712 0.0945112 0.0953666
64 0.104989 0.00149675 0.103492 0.106486
65 0.103492 0.00171055 0.101781 0.105203
66 0.0983602 0.000427652 0.0979325 0.0987878
67 0.0975049 5.96046e-008 0.0975048 0.0975049
68 0.0996431 0.000427708 0.0992154 0.100071
69 0.0987878 0.000855304 0.0979325 0.0996431
70 0.0977187 0.00064145 0.0970772 0.0983601
71 0.0951527 0.0010691 0.0940836 0.0962218
72 0.088738 0.0224518 0.0662862 0.11119
73 0.0983602 0.0316463 0.0667139 0.130006
74 0.0844614 0.0190305 0.0654309 0.103492
75 0.102209 0.00128302 0.100926 0.103492
76 0.0996432 0.00128295 0.0983602 0.100926
77 0.102637 0.00128295 0.101354 0.10392
78 0.106699 0.00577333 0.100926 0.112473
79 0.101995 0.0010691 0.100926 0.103064
80 0.0925868 0.0104775 0.0821094 0.103064
81 0.0932284 0.0124019 0.0808265 0.10563
82 0.100712 0.000213794 0.100498 0.100926
83 0.0930146 0.00748388 0.0855307 0.100498
84 0.102209 0.00213832 0.100071 0.104347
85 0.104561 0.00406266 0.100498 0.108624
86 0.105203 0.00128296 0.10392 0.106486
87 0.0759084 0.00791159 0.0679968 0.08382
88 0.103492 0.00213826 0.101354 0.10563
89 0.109265 0.00577333 0.103492 0.115039
90 0.107341 0.00427652 0.103064 0.111617
91 0.0938698 0.0100498 0.08382 0.10392
92 0.104134 0.00277976 0.101354 0.106913
93 0.103278 0.0019244 0.101354 0.105203
94 0.0861721 0.0168923 0.0692798 0.103064
95 0.110548 0.0404132 0.0701351 0.150961
96 0.108624 0.00299356 0.10563 0.111617
97 0.10285 0.00106916 0.101781 0.10392
98 0.0915177 0.00898074 0.082537 0.100498
99 0.104347 0.00384887 0.100498 0.108196
100 0.0998569 0.000213798 0.0996431 0.100071
101 0.102637 0.000427648 0.102209 0.103064
102 0.101781 0.000427652 0.101354 0.102209
103 0.101995 0.000213798 0.101781 0.102209
104 0.0833923 0.0188167 0.0645756 0.102209
105 0.106486 0.00684243 0.0996431 0.113328
106 0.102423 0.0019244 0.100498 0.104347
107 0.101995 0.00277976 0.0992154 0.104775
108 0.102423 0.000641506 0.101781 0.103064
109 0.103064 0.000855301 0.102209 0.10392
110 0.101568 0.000213854 0.101354 0.101781
111 0.0833923 0.0179614 0.0654309 0.101354
112 0.0865997 0.0143264 0.0722733 0.100926
113 0.102423 0.00192446 0.100498 0.104347
114 0.0831785 0.016037 0.0671415 0.0992154
115 0.102637 0.00299356 0.0996431 0.10563
116 0.104134 0.000213858 0.10392 0.104347
117 0.0934422 0.00534568 0.0880965 0.0987878
118 0.0812541 0.0175338 0.0637203 0.0987878
119 0.097291 0.000641506 0.0966495 0.0979325
120 0.0987878 0.000855304 0.0979325 0.0996431
121 0.102209 0.00470423 0.0975048 0.106913
122 0.101995 0.00106916 0.100926 0.103064
123 0.0992155 0.00171066 0.0975048 0.100926
124 0.0872412 0.0179614 0.0692798 0.105203
125 0.0816817 0.0175337 0.064148 0.0992154
126 0.0979325 0.000855304 0.0970772 0.0987878
127 0.0803987 0.0162508 0.064148 0.0966495
128 0.100285 0.00320736 0.0970772 0.103492
129 0.0983602 0.000427652 0.0979325 0.0987878
130 0.0987878 0.000855304 0.0979325 0.0996431
131 0.0979325 0 0.0979325 0.0979325
132 0.100071 0.00085536 0.0992154 0.100926
133 0.119101 0.0203135 0.0987878 0.139415
134 0.101568 0.00277977 0.0987878 0.104347
135 0.0994293 0.00149675 0.0979325 0.100926
136 0.0983602 0.00085536 0.0975048 0.0992155
137 0.0994293 0.00149681 0.0979325 0.100926
138 0.100071 0.000427652 0.0996431 0.100498
139 0.0996431 0.000427596 0.0992155 0.100071
140 0.098574 0.0010691 0.0975049 0.0996431
141 0.101354 0.000855304 0.100498 0.102209
142 0.0994293 0.00064145 0.0987878 0.100071
143 0.0977187 0.000213854 0.0975048 0.0979325
144 0.101354 0.0017106 0.0996431 0.103064
145 0.100712 0.000213794 0.100498 0.100926
146 0.0996431 0.00171055 0.0979325 0.101354
147 0.0987878 0.000855304 0.0979325 0.0996431
148 0.0996431 0.00342121 0.0962219 0.103064
149 0.0818956 0.0156093 0.0662863 0.0975048
150 0.0821094 0.0188167 0.0632927 0.100926
151 0.0990016 0.000213798 0.0987878 0.0992154
152 0.0818955 0.0164646 0.0654309 0.0983601
153 0.0818956 0.0181753 0.0637203 0.100071
154 0.08382 0.020955 0.062865 0.104775
155 0.0977186 0.000641506 0.0970771 0.0983601
156 0.10392 0.00384887 0.100071 0.107768
157 0.101995 0.00320742 0.0987878 0.105203
158 0.0979325 0.00128296 0.0966495 0.0992154
159 0.0818955 0.0177476 0.0641479 0.0996431
160 0.0833923 0.0205273 0.062865 0.10392
161 0.100498 0.000855304 0.0996431 0.101354
162 0.106486 0.00513182 0.101354 0.111617
163 0.101568 0.000213794 0.101354 0.101781
164 0.101568 0.000213854 0.101354 0.101781
165 0.0987878 5.96046e-008 0.0987877 0.0987878
166 0.0970772 0.0017106 0.0953666 0.0987878
167 0.100712 0.000213794 0.100498 0.100926
168 0.100712 0.0010691 0.0996431 0.101781
169 0.102637 0.00171061 0.100926 0.104347
170 0.0990016 0.000641506 0.0983601 0.0996431
171 0.100926 0 0.100926 0.100926
172 0.103492 0.00213826 0.101354 0.10563
173 0.0994293 0.000213798 0.0992155 0.0996431
174 0.100071 0.000427652 0.0996431 0.100498
175 0.0979325 0.00128296 0.0966495 0.0992154
176 0.0898071 0.00641478 0.0833924 0.0962219
177 0.0831785 0.0130434 0.0701351 0.0962219
178 0.0797572 0.0181753 0.061582 0.0979325
179 0.0975049 0.000427652 0.0970772 0.0979325
180 0.0953666 0.000855304 0.0945113 0.0962219
181 0.0987878 0 0.0987878 0.0987878
182 0.0964357 0.000213794 0.0962219 0.0966495
183 0.0975049 0.000427652 0.0970772 0.0979325
184 0.0964358 0.00106916 0.0953666 0.0975049
185 0.0987878 0.0012829 0.0975049 0.100071
186 0.0966496 0.000427648 0.0962219 0.0970772
187 0.0949389 0.00128302 0.0936559 0.0962219
188 0.105416 0.0117605 0.0936559 0.117177
189 0.0994293 0.00149681 0.0979325 0.100926
190 0.0968634 0.000641447 0.0962219 0.0975048
191 0.100285 0.00577327 0.0945113 0.106058
192 0.0960081 0.00192446 0.0940836 0.0979325
193 0.098574 0.00149681 0.0970772 0.100071
194 0.0979325 0.00427652 0.093656 0.102209
195 0.0977187 0.00149675 0.0962219 0.0992154
196 0.0968634 0.0010691 0.0957943 0.0979325
197 0.0979325 0.00171055 0.0962219 0.099643
198 0.098574 0.000641506 0.0979325 0.0992155
199 0.0964357 0.000213794 0.0962219 0.0966495
200 0.100712 0.000213794 0.100498 0.100926
201 0.102423 0.000213854 0.102209 0.102637
202 0.100712 0.00149681 0.0992154 0.102209
203 0.100285 0.00106916 0.0992154 0.101354
204 0.100712 0.00064145 0.100071 0.101354
205 0.0996431 0.000427708 0.0992154 0.100071
206 0.0994293 0.000213798 0.0992155 0.0996431
207 0.102423 0.000641506 0.101781 0.103064
208 0.0889518 0.0102637 0.0786881 0.0992155
209 0.10114 0.000213858 0.100926 0.101354
210 0.10114 0.00106916 0.100071 0.102209
211 0.10114 0.00149675 0.0996431 0.102637
212 0.100498 0.00128295 0.0992154 0.101781
213 0.0994293 0.00235211 0.0970772 0.101781
214 0.100285 0.00106916 0.0992154 0.101354
215 0.101354 0.000855304 0.100498 0.102209
216 0.0996431 0.000855304 0.0987878 0.100498
217 0.10114 0.000213798 0.100926 0.101354
218 0.101354 0.0012829 0.100071 0.102637
219 0.100285 0.000213794 0.100071 0.100498
220 0.0831785 0.0168923 0.0662862 0.100071
221 0.100926 0.000427652 0.100498 0.101354
222 0.0842476 0.0175337 0.0667139 0.101781
223 0.0829647 0.0188168 0.0641479 0.101781
224 0.102423 0.000213854 0.102209 0.102637
225 0.101354 0.00342121 0.0979325 0.104775
226 0.100071 0.00128296 0.0987878 0.101354
227 0.100926 0.00256591 0.0983601 0.103492
228 0.100712 0.00106922 0.099643 0.101781
229 0.108196 0.00855309 0.0996431 0.116749
230 0.104134 0.000641566 0.103492 0.104775
231 0.101354 0 0.101354 0.101354
232 0.101781 0.000427652 0.101354 0.102209
233 0.101354 0.00213826 0.0992154 0.103492
234 0.099857 0.00149675 0.0983602 0.101354
235 0.100498 0.000855304 0.0996431 0.101354
236 0.100712 0.000213794 0.100498 0.100926
237 0.102209 0.000427712 0.101781 0.102637
238 0.100712 0.000641391 0.100071 0.101354
239 0.102423 0.000213854 0.102209 0.102637
240 0.10392 0.00213826 0.101781 0.106058
241 0.0998569 0.0010691 0.0987878 0.100926
242 0.102209 0.000855301 0.101354 0.103064
243 0.101995 0.000641447 0.101354 0.102637
244 0.0987878 0.00171066 0.0970771 0.100498
245 0.100285 0.00106916 0.0992154 0.101354
246 0.0994293 0.00235211 0.0970772 0.101781
247 0.0981463 0.000213798 0.0979325 0.0983601
248 0.0981463 0.000213798 0.0979325 0.0983601
249 0.0996431 0.00213832 0.0975048 0.101781
250 0.100498 0.00171061 0.0987878 0.102209
251 0.100285 0.00106916 0.0992154 0.101354
252 0.0983601 0.000855304 0.0975048 0.0992154
253 0.100498 0 0.100498 0.100498
254 0.0983602 0.000427652 0.0979325 0.0987878
255 0.0951528 0.00106916 0.0940836 0.0962219
256 0.0972911 0.000213858 0.0970772 0.0975049
257 0.0977187 0.00106916 0.0966495 0.0987878
258 0.0979325 0.00128301 0.0966495 0.0992155
259 0.0977187 0.0010691 0.0966496 0.0987878
260 0.0994293 0.0019244 0.0975049 0.101354
261 0.099857 0.00106916 0.0987878 0.100926
262 0.100071 0.000855304 0.0992155 0.100926
263 0.0975049 0.000427652 0.0970772 0.0979325
264 0.0962219 0.000427652 0.0957942 0.0966495
265 0.0942975 0.0010691 0.0932284 0.0953666
266 0.109479 0.0128295 0.0966496 0.122309
267 0.0977187 0.00235206 0.0953666 0.100071
268 0.082537 0.0153955 0.0671415 0.0979325
269 0.097291 0.0010691 0.0962219 0.0983601
270 0.0975049 0.00128295 0.0962219 0.0987878
271 0.0970772 0.000427712 0.0966495 0.0975049
272 0.097291 0.00064145 0.0966495 0.0979324
273 0.0979325 0.00256591 0.0953666 0.100498
274 0.0983602 0.00128296 0.0970772 0.0996431
275 0.0970772 0.000427712 0.0966495 0.0975049
276 0.0970772 0.00171055 0.0953666 0.0987877
277 0.0981464 0.000213858 0.0979325 0.0983602
278 0.0960081 0.00149675 0.0945113 0.0975048
279 0.0955805 0.000213854 0.0953666 0.0957943
280 0.0981464 0.000213858 0.0979325 0.0983602
281 0.0977187 0.00064145 0.0970772 0.0983601
282 0.0981464 0.000641447 0.0975049 0.0987878
283 0.0968634 0.000213794 0.0966496 0.0970772
284 0.0966495 0.00128301 0.0953665 0.0979325
285 0.0983602 0.00128296 0.0970772 0.0996431
286 0.10114 0.0010691 0.100071 0.102209
287 0.0968634 0.000641447 0.0962219 0.0975048
288 0.109693 0.00662857 0.103064 0.116321
289 0.100926 0.00128302 0.099643 0.102209
290 0.100926 0.000855304 0.100071 0.101781
291 0.100285 0.000641566 0.099643 0.100926
292 0.0990016 0.000213798 0.0987878 0.0992154
293 0.0983602 0.000427652 0.0979325 0.0987878
294 0.0981464 0.000213858 0.0979325 0.0983602
295 0.0981464 0.000213858 0.0979325 0.0983602
296 0.10114 0.00149675 0.0996431 0.102637
297 0.099857 0.000213854 0.0996431 0.100071
298 0.0998569 0.000213798 0.0996431 0.100071
299 0.100712 0.00149681 0.0992154 0.102209
300 0.101568 0.00149681 0.100071 0.103064
301 0.0996431 0.000427708 0.0992154 0.100071
302 0.100285 0.000213854 0.100071 0.100498
303 0.0994293 0.00106916 0.0983601 0.100498
304 0.0968634 0.000641447 0.0962219 0.0975048
305 0.100285 0.000641566 0.099643 0.100926
306 0.0975048 0.000855304 0.0966495 0.0983601
307 0.0975048 0.000855304 0.0966495 0.0983601
308 0.0992155 0.00128296 0.0979325 0.100498
309 0.0831785 0.0151817 0.0679968 0.0983601
310 0.0981463 0.000641506 0.0975048 0.0987878
311 0.0975049 5.96046e-008 0.0975048 0.0975049
312 0.0955804 0.000213854 0.0953665 0.0957942
313 0.0962219 0.000855301 0.0953666 0.0970772
314 0.0962219 0.000427593 0.0957943 0.0966495
315 0.0957943 0 0.0957943 0.0957943
316 0.0994293 0.00106916 0.0983601 0.100498
317 0.097291 0.00149681 0.0957942 0.0987878
318 0.097291 0.0010691 0.0962219 0.0983601
319 0.0966496 0.00128295 0.0953666 0.0979325
320 0.0977187 0.000213854 0.0975048 0.0979325
321 0.0962219 0.000427652 0.0957942 0.0966495
322 0.079971 0.0175338 0.0624373 0.0975048
323 0.0840339 0.0186029 0.065431 0.102637
324 0.0816818 0.0158232 0.0658586 0.0975049
325 0.10114 0.00192446 0.0992154 0.103064
326 0.100285 0.00192446 0.0983601 0.102209
327 0.0848891 0.0168922 0.0679969 0.101781
328 0.102637 0.00427651 0.0983602 0.106913
329 0.100712 0.00064145 0.100071 0.101354
330 0.0998569 0.000213798 0.0996431 0.100071
331 0.100285 0.000213854 0.100071 0.100498
332 0.103706 0.000213794 0.103492 0.10392
333 0.0865997 0.0181753 0.0684244 0.104775
334 0.0859582 0.0188167 0.0671415 0.104775
335 0.0846753 0.0188168 0.0658585 0.103492
336 0.0827508 0.0181752 0.0645756 0.100926
337 0.103064 0.000427593 0.102637 0.103492
338 0.0838199 0.0179614 0.0658585 0.101781
339 0.100712 0.000641506 0.100071 0.101354
340 0.101781 0.00128295 0.100498 0.103064
341 0.10114 0.000641506 0.100498 0.101781
342 0.101781 0.000427652 0.101354 0.102209
343 0.10114 0.00149681 0.0996431 0.102637
344 0.100285 0.00106916 0.0992154 0.101354
345 0.101781 0.000855304 0.100926 0.102637
346 0.101568 0.00149675 0.100071 0.103064
347 0.100926 0.000427652 0.100498 0.101354
348 0.100712 0.00149681 0.0992154 0.102209
349 0.100926 0.000427652 0.100498 0.101354
350 0.104133 0.00320742 0.100926 0.107341
351 0.101781 0.00128295 0.100498 0.103064
352 0.103278 0.00106916 0.102209 0.104347
353 0.100285 0.000641506 0.0996431 0.100926
354 0.100285 0.000213854 0.100071 0.100498
355 0.100285 0.000213798 0.100071 0.100498
356 0.0998569 0.000641506 0.0992154 0.100498
357 0.0994293 0.000213798 0.0992155 0.0996431
358 0.101781 0.00171055 0.100071 0.103492
359 0.10392 0.000855304 0.103064 0.104775
360 0.100071 0 0.100071 0.100071
361 0.101354 0.0017106 0.0996431 0.103064
362 0.102423 0.00106916 0.101354 0.103492
363 0.103706 0.00277971 0.100926 0.106486
364 0.102423 0.00149675 0.100926 0.10392
365 0.104133 0.00363501 0.100498 0.107768
366 0.101568 0.00064151 0.100926 0.102209
367 0.101995 0.000641506 0.101354 0.102637
368 0.100071 0 0.100071 0.100071
369 0.102423 0.00192446 0.100498 0.104347
370 0.100071 0.000855301 0.0992154 0.100926
371 0.0977187 0.000213794 0.0975049 0.0979325
372 0.104775 0.00727014 0.0975048 0.112045
373 0.0979325 0.000427593 0.0975049 0.0983601
374 0.100285 0.000641447 0.0996431 0.100926
375 0.0975048 0.000427596 0.0970772 0.0979324
376 0.100712 0.000213854 0.100498 0.100926
377 0.0992155 0.000427652 0.0987878 0.0996431
378 0.0975049 5.96046e-008 0.0975048 0.0975049
379 0.0992155 0.000855301 0.0983602 0.100071
380 0.100498 0.000855304 0.0996431 0.101354
381 0.0990016 0.00106921 0.0979324 0.100071
382 0.0987879 0.00128295 0.0975049 0.100071
383 0.0987878 0.000855304 0.0979325 0.0996431
384 0.112045 0.012402 0.0996431 0.124447
385 0.101568 0.000213794 0.101354 0.101781
386 0.100498 0.00171061 0.0987878 0.102209
387 0.100285 0.000213798 0.100071 0.100498
388 0.098574 0.00235217 0.0962218 0.100926
389 0.0979326 0.000427652 0.0975049 0.0983602
390 0.0981464 0.000213858 0.0979325 0.0983602
391 0.0992155 0.00128296 0.0979325 0.100498
392 0.0977187 0.00064145 0.0970772 0.0983601
393 0.100285 0.000213854 0.100071 0.100498
394 0.0964357 0.000641506 0.0957942 0.0970772
395 0.0977187 0.00106916 0.0966495 0.0987878
396 0.098574 0.00064145 0.0979325 0.0992154
397 0.0964358 0.000641447 0.0957943 0.0970772
398 0.0983602 0.00213826 0.0962219 0.100498
399 0.097291 0.0010691 0.0962219 0.0983601
400 0.0972911 0.00106916 0.0962219 0.0983602
401 0.0987878 0.00256591 0.0962219 0.101354
402 0.0981463 0.00149675 0.0966495 0.099643
403 0.100498 0.00128296 0.0992155 0.101781
404 0.0812541 0.0166785 0.0645756 0.0979325
405 0.0960081 0.000641447 0.0953666 0.0966495
406 0.0987878 0.0012829 0.0975049 0.100071
407 0.098574 0.00106904 0.0975049 0.099643
408 0.0803988 0.0158232 0.0645756 0.0962219
409 0.100071 0.00128296 0.0987878 0.101354
410 0.0996431 0.000427652 0.0992154 0.100071
411 0.107769 0.0094084 0.0983601 0.117177
412 0.0855306 0.0132573 0.0722733 0.0987878
413 0.0990016 0.000213798 0.0987878 0.0992154
414 0.0990017 0.000641447 0.0983602 0.0996431
415 0.0992155 0.000427652 0.0987878 0.0996431
416 0.098574 0.000213854 0.0983601 0.0987878
417 0.101568 0.00064145 0.100926 0.102209
418 0.0987878 0.00085536 0.0979324 0.0996431
419 0.0844615 0.0168923 0.0675692 0.101354
420 0.0810403 0.0177476 0.0632927 0.0987878
421 0.104134 0.00363507 0.100498 0.107769
422 0.101354 0.00256591 0.0987878 0.10392
423 0.100071 0.00128296 0.0987878 0.101354
424 0.10114 0.000213858 0.100926 0.101354
425 0.100712 0.0019244 0.0987878 0.102637
426 0.102637 0.000427648 0.102209 0.103064
427 0.100712 0.0010691 0.0996431 0.101781
428 0.099857 0.00106916 0.0987878 0.100926
429 0.098574 0.00064145 0.0979325 0.0992154
430 0.086172 0.0138987 0.0722733 0.100071
431 0.100285 0.00235206 0.0979325 0.102637
432 0.100712 0.000213854 0.100498 0.100926
433 0.0992155 0.000427652 0.0987878 0.0996431
434 0.0977187 0.00106916 0.0966495 0.0987878
435 0.0975049 0.000855304 0.0966496 0.0983602
436 0.102637 0.00299356 0.0996431 0.10563
437 0.101568 0.00192446 0.0996431 0.103492
438 0.103278 0.00363507 0.0996431 0.106913
439 0.0962219 0.00128296 0.0949389 0.0975048
440 0.0957942 0 0.0957942 0.0957942
441 0.0990016 0.000213798 0.0987878 0.0992154
442 0.097291 0.000213798 0.0970772 0.0975048
443 0.0970772 0.0017106 0.0953666 0.0987878
444 0.0996431 0.00384893 0.0957942 0.103492
445 0.0955804 0.000213794 0.0953666 0.0957942
446 0.0970772 0.00128302 0.0957942 0.0983602
447 0.0962219 0.000855301 0.0953666 0.0970772
448 0.0981464 0.000213858 0.0979325 0.0983602
449 0.0981463 0.000213854 0.0979324 0.0983601
450 0.098574 0.000641506 0.0979325 0.0992155
451 0.0981463 0.000641506 0.0975048 0.0987878
452 0.0996431 0.000855304 0.0987878 0.100498
453 0.0994293 0.0010691 0.0983602 0.100498
454 0.0987878 0.000855304 0.0979325 0.0996431
455 0.10285 0.00106916 0.101781 0.10392
456 0.102209 0.00128302 0.100926 0.103492
457 0.100926 0.000427652 0.100498 0.101354
458 0.102209 0.0017106 0.100498 0.10392
459 0.100926 0.000855245 0.100071 0.101781
460 0.102209 0.00213832 0.100071 0.104347
461 0.102209 0.000855301 0.101354 0.103064
462 0.100071 0.000427652 0.0996431 0.100498
463 0.102209 0.0017106 0.100498 0.10392
464 0.102851 0.000213794 0.102637 0.103064
465 0.103706 0.0019244 0.101781 0.10563
466 0.0996431 0.000427596 0.0992155 0.100071
467 0.101781 0.00128295 0.100498 0.103064
468 0.100926 5.96046e-008 0.100926 0.100926
469 0.100712 0.00192452 0.0987877 0.102637
470 0.101781 0.000855304 0.100926 0.102637
471 0.101781 0.00128295 0.100498 0.103064
472 0.101568 0.0019244 0.0996431 0.103492
473 0.10114 0.000641447 0.100498 0.101781
474 0.101568 0.00192446 0.0996431 0.103492
475 0.10114 0.00149681 0.0996431 0.102637
476 0.101781 0.000855364 0.100926 0.102637
477 0.101995 0.000213858 0.101781 0.102209
478 0.100498 0.000427648 0.100071 0.100926
479 0.101781 0.00128295 0.100498 0.103064
480 0.103064 0.000855301 0.102209 0.10392
481 0.100712 0.00106922 0.099643 0.101781
482 0.100285 0.000213798 0.100071 0.100498
483 0.100712 0.00149681 0.0992154 0.102209
484 0.101568 0.000213854 0.101354 0.101781
485 0.104561 0.00235211 0.102209 0.106913
486 0.0846753 0.0179615 0.0667138 0.102637
487 0.103064 0.0017106 0.101354 0.104775
488 0.100285 0.000641447 0.0996431 0.100926
489 0.100712 0.0010691 0.0996431 0.101781
490 0.101781 0.00128295 0.100498 0.103064
491 0.0996431 0 0.0996431 0.0996431
492 0.100712 0.000213854 0.100498 0.100926
493 0.101995 0.000213798 0.101781 0.102209
494 0.100712 0.00106916 0.0996431 0.101781
495 0.101781 0.00128301 0.100498 0.103064
496 0.100285 0.00149675 0.0987878 0.101781
497 0.102423 0.00106916 0.101354 0.103492
498 0.098574 0.000641506 0.0979325 0.0992155
499 0.120384 0.0198858 0.100498 0.14027
500 0.0836062 0.0151817 0.0684245 0.0987878
501 0.0979325 0.000427593 0.0975049 0.0983601
502 0.0990016 0.00149681 0.0975048 0.100498
503 0.101354 0.000855304 0.100498 0.102209
504 0.0996432 0.00213826 0.0975049 0.101781
505 0.0994293 0.00064145 0.0987878 0.100071
506 0.0836061 0.0164646 0.0671415 0.100071
507 0.0994293 0.00064145 0.0987878 0.100071
508 0.100712 0.000213854 0.100498 0.100926
509 0.098574 0.00064145 0.0979325 0.0992154
510 0.0979325 5.58794e-008 0.0979324 0.0979325
511 0.0930145 0.00449031 0.0885242 0.0975048
512 0.107555 0.00791159 0.0996431 0.115466
513 0.098574 0.000213794 0.0983602 0.0987878
514 0.0814678 0.0156094 0.0658585 0.0970772
515 0.0810402 0.0168923 0.0641479 0.0979325
516 0.101354 0.0029935 0.0983602 0.104347
517 0.115039 0.018389 0.0966496 0.133428
518 0.103064 0.00171066 0.101354 0.104775
519 0.100712 0.00149681 0.0992154 0.102209
520 0.10114 0.000213858 0.100926 0.101354
521 0.0983602 0.00213826 0.0962219 0.100498
522 0.100285 0.00406272 0.0962218 0.104347
523 0.0992155 0.00256597 0.0966495 0.101781
524 0.0998569 0.00277971 0.0970772 0.102637
525 0.0996431 0.000427708 0.0992154 0.100071
526 0.0970772 0.000427593 0.0966496 0.0975048
527 0.0983602 0.000427652 0.0979325 0.0987878
528 0.0983601 0.000427648 0.0979324 0.0987877
529 0.0983601 0.000427593 0.0979325 0.0987877
530 0.098574 0.00064145 0.0979325 0.0992154
531 0.0915177 0.00727013 0.0842476 0.0987878
532 0.0977187 0.00064145 0.0970772 0.0983601
533 0.100712 0.000213854 0.100498 0.100926
534 0.0990016 0.000641506 0.0983601 0.0996431
535 0.100285 0.000213854 0.100071 0.100498
536 0.0990016 0.000641506 0.0983601 0.0996431
537 0.101568 0.00149675 0.100071 0.103064
538 0.11568 0.0143264 0.101354 0.130006
539 0.101781 0.00213826 0.0996431 0.10392
540 0.101354 0.000427712 0.100926 0.101781
541 0.102209 0.00128296 0.100926 0.103492
542 0.0992155 0.00085536 0.0983601 0.100071
543 0.10285 0.000213854 0.102637 0.103064
544 0.100498 0.00171061 0.0987878 0.102209
545 0.101354 0.000855304 0.100498 0.102209
546 0.101568 0.00064151 0.100926 0.102209
547 0.100498 0.0012829 0.0992155 0.101781
548 0.103492 0.00128295 0.102209 0.104775
549 0.101995 0.000641447 0.101354 0.102637
550 0.101995 0.00149681 0.100498 0.103492
551 0.101568 0.00277971 0.0987878 0.104347
552 0.100498 0.00256597 0.0979324 0.103064
553 0.102209 0 0.102209 0.102209
554 0.103492 0.0017106 0.101781 0.105203
555 0.101354 0.000855304 0.100498 0.102209
556 0.101354 0.000855304 0.100498 0.102209
557 0.100926 0.000855304 0.100071 0.101781
558 0.0990016 0.0010691 0.0979325 0.100071
559 0.0829647 0.0166785 0.0662862 0.0996431
560 0.101354 0.000855304 0.100498 0.102209
561 0.0983602 0.000427652 0.0979325 0.0987878
562 0.0992155 5.58794e-008 0.0992154 0.0992155
563 0.10114 0.00320736 0.0979325 0.104347
564 0.0979325 0.000427712 0.0975048 0.0983602
565 0.0992154 0 0.0992154 0.0992154
566 0.0975049 0.000427652 0.0970772 0.0979325
567 0.0968634 0.00149675 0.0953666 0.0983601
568 0.0951527 0.000641506 0.0945112 0.0957942
569 0.0799711 0.0158231 0.064148 0.0957942
570 0.0977187 0.00064151 0.0970772 0.0983602
571 0.0990016 0.002352 0.0966496 0.101354
572 0.0968634 0.00106916 0.0957942 0.0979325
573 0.0975049 0.00256585 0.094939 0.100071
574 0.0981464 0.00320736 0.094939 0.101354
575 0.0966495 0 0.0966495 0.0966495
576 0.0821094 0.0175338 0.0645756 0.0996431
577 0.0987878 0.000855304 0.0979325 0.0996431
578 0.0964358 0.000213854 0.0962219 0.0966496
579 0.0981463 0.000213798 0.0979325 0.0983601
580 0.0957942 0 0.0957942 0.0957942
581 0.0966496 0.00171067 0.0949389 0.0983602
582 0.0994292 0.000213794 0.0992154 0.099643
583 0.12295 0.0194582 0.103492 0.142408
584 0.102637 0.000855364 0.101781 0.103492
585 0.101354 0.0017106 0.0996431 0.103064
586 0.10114 0.00106916 0.100071 0.102209
587 0.101354 0.000427652 0.100926 0.101781
588 0.0904486 0.0134711 0.0769775 0.10392
589 0.0842476 0.0179614 0.0662862 0.102209
590 0.103278 0.0010691 0.102209 0.104347
591 0.105203 0.00171055 0.103492 0.106913
592 0.101781 0.00171055 0.100071 0.103492
593 0.100926 0.000427652 0.100498 0.101354
594 0.104134 0.00149675 0.102637 0.10563
595 0.102209 0.00128302 0.100926 0.103492
596 0.101354 0.000855304 0.100498 0.102209
597 0.10392 0.000855304 0.103064 0.104775
598 0.0998569 0.00106916 0.0987877 0.100926
599 0.100926 0.000427652 0.100498 0.101354
600 0.103706 0.00235206 0.101354 0.106058
601 0.100712 0.000641506 0.100071 0.101354
602 0.100498 0.00171067 0.0987877 0.102209
603 0.100071 0.0017106 0.0983602 0.101781
604 0.102637 0.000855304 0.101781 0.103492
605 0.107555 0.00791153 0.0996431 0.115466
606 0.102423 0.000213794 0.102209 0.102637
607 0.0992155 0.000427652 0.0987878 0.0996431
608 0.101354 0.000855304 0.100498 0.102209
609 0.103492 5.96046e-008 0.103492 0.103492
610 0.108196 0.00983605 0.0983601 0.118032
611 0.100071 0.000427652 0.0996431 0.100498
612 0.101781 0.00256597 0.0992154 0.104347
613 0.0992155 5.58794e-008 0.0992154 0.0992155
614 0.0983601 0.000855304 0.0975048 0.0992154
615 0.0990016 0.000213798 0.0987878 0.0992154
616 0.100926 0 0.100926 0.100926
617 0.10114 0.000641447 0.100498 0.101781
618 0.101354 0.000427593 0.100926 0.101781
619 0.100712 0.000213854 0.100498 0.100926
620 0.099857 0.00149675 0.0983602 0.101354
621 0.10114 0.000213858 0.100926 0.101354
622 0.100712 0.00064145 0.100071 0.101354
623 0.100498 0.00171067 0.0987877 0.102209
624 0.10114 0.000213858 0.100926 0.101354
625 0.102637 0.000855245 0.101781 0.103492
626 0.0990017 0.00192446 0.0970772 0.100926
627 0.0975048 0.000855304 0.0966495 0.0983601
628 0.0977187 0.00106916 0.0966495 0.0987878
629 0.0990016 0.0010691 0.0979325 0.100071
630 0.100498 0.00171061 0.0987878 0.102209
631 0.0977187 0.00064151 0.0970772 0.0983602
632 0.0970772 0 0.0970772 0.0970772
633 0.100926 0.00128296 0.0996431 0.102209
634 0.112259 0.0130434 0.0992154 0.125302
635 0.0951528 0.000641506 0.0945113 0.0957943
636 0.0972911 0.00106916 0.0962219 0.0983602
637 0.112259 0.0151817 0.0970772 0.127441
638 0.0964357 0.0010691 0.0953666 0.0975048
639 0.0957943 0.000427652 0.0953666 0.0962219
640 0.0977187 0.00106916 0.0966495 0.0987878
641 0.0979325 0.00128301 0.0966495 0.0992155
642 0.0977187 0.0019244 0.0957943 0.0996431
643 0.0979325 0.00128301 0.0966495 0.0992155
644 0.0812541 0.0171061 0.064148 0.0983601
645 0.0977187 0.0010691 0.0966496 0.0987878
646 0.0979325 0 0.0979325 0.0979325
647 0.100071 5.58794e-008 0.100071 0.100071
648 0.097291 0.000641506 0.0966495 0.0979325
649 0.0975048 0.000855304 0.0966495 0.0983601
650 0.0960081 0.00106916 0.0949389 0.0970772
651 0.0979325 0.00213832 0.0957942 0.100071
652 0.0994293 0.00363507 0.0957942 0.103064
653 0.0966496 0.00128295 0.0953666 0.0979325
654 0.0962219 0.00128302 0.0949389 0.0975049
655 0.0964357 0.0019244 0.0945113 0.0983601
656 0.0960081 0.000213798 0.0957943 0.0962219
657 0.0789019 0.0164646 0.0624374 0.0953665
658 0.0951527 0.000641506 0.0945112 0.0957942
659 0.0981463 0.000641506 0.0975048 0.0987878
660 0.0964357 0.0010691 0.0953666 0.0975048
661 0.0947251 0.000213794 0.0945113 0.0949389
662 0.0953667 0.000427652 0.094939 0.0957943
663 0.0970772 0.00128296 0.0957942 0.0983601
664 0.099857 0.000213854 0.0996431 0.100071
665 0.0992155 0.000427652 0.0987878 0.0996431
666 0.0996432 0.000427652 0.0992155 0.100071
667 0.099857 0.00064145 0.0992155 0.100498
668 0.098574 0.000213854 0.0983601 0.0987878
669 0.0994293 0.00406266 0.0953666 0.103492
670 0.0962219 5.96046e-008 0.0962218 0.0962219
671 0.102637 0.000855364 0.101781 0.103492
672 0.100712 0.00106916 0.0996431 0.101781
673 0.099857 0.00064145 0.0992155 0.100498
674 0.0816817 0.0171061 0.0645756 0.0987878
675 0.0979325 0.000855304 0.0970772 0.0987878
676 0.0996431 0.00128301 0.0983601 0.100926
677 0.0831785 0.0156094 0.0675691 0.0987878
678 0.0840338 0.014754 0.0692798 0.0987878
679 0.0853167 0.0130434 0.0722733 0.0983601
680 0.094939 0.0179614 0.0769775 0.1129
681 0.0998569 0.000213798 0.0996431 0.100071
682 0.0808264 0.0171061 0.0637203 0.0979325
683 0.0987878 0.000855304 0.0979325 0.0996431
684 0.0964357 0.000213794 0.0962219 0.0966495
685 0.0970772 0.00128302 0.0957942 0.0983602
686 0.0983602 0.00256585 0.0957943 0.100926
687 0.0968634 0.000641506 0.0962219 0.0975049
688 0.0966496 0.000855245 0.0957943 0.0975048
689 0.0968634 0.000641447 0.0962219 0.0975048
690 0.0977187 0.00149675 0.0962219 0.0992154
691 0.0964358 0.000213854 0.0962219 0.0966496
692 0.0953666 0.0017106 0.093656 0.0970772
693 0.0960081 0.000213739 0.0957943 0.0962218
694 0.0953666 5.96046e-008 0.0953665 0.0953666
695 0.0955805 0.00064145 0.094939 0.0962219
696 0.0968634 0.000213794 0.0966496 0.0970772
697 0.0960081 0.000213739 0.0957943 0.0962218
698 0.0968634 0.000213854 0.0966495 0.0970772
699 0.0966496 5.96046e-008 0.0966495 0.0966496
700 0.0962219 0.00128296 0.0949389 0.0975048
701 0.0951528 0.000641447 0.0945113 0.0957942
702 0.0949389 0.000855301 0.0940836 0.0957942
703 0.102209 0.00855303 0.093656 0.110762
704 0.101995 0.00449031 0.0975049 0.106486
705 0.102423 0.000213794 0.102209 0.102637
706 0.100712 0.00064145 0.100071 0.101354
707 0.101781 0.00213826 0.0996431 0.10392
708 0.100071 5.58794e-008 0.100071 0.100071
709 0.0977187 0.000213794 0.0975049 0.0979325
710 0.101354 0 0.101354 0.101354
711 0.103278 0.00320736 0.100071 0.106486
712 0.101781 0.000427652 0.101354 0.102209
713 0.0827509 0.0181753 0.0645756 0.100926
714 0.0827508 0.0177476 0.0650032 0.100498
715 0.101568 0.00064151 0.100926 0.102209
716 0.100712 0.00064145 0.100071 0.101354
717 0.0992155 0.000427652 0.0987878 0.0996431
718 0.0853168 0.0194582 0.0658586 0.104775
719 0.102423 0.00235211 0.100071 0.104775
720 0.100285 0.000213798 0.100071 0.100498
721 0.0865997 0.0173199 0.0692798 0.10392
722 0.102423 0.000213854 0.102209 0.102637
723 0.0853168 0.0190306 0.0662862 0.104347
724 0.0831785 0.0181752 0.0650033 0.101354
725 0.0844614 0.0173199 0.0671415 0.101781
726 0.101781 0.00128295 0.100498 0.103064
727 0.102423 0.0010691 0.101354 0.103492
728 0.100926 5.96046e-008 0.100926 0.100926
729 0.10114 0.00192446 0.0992154 0.103064
730 0.100712 0.000213794 0.100498 0.100926
731 0.100926 0.000855301 0.100071 0.101781
732 0.100498 5.96046e-008 0.100498 0.100498
733 0.10114 0.00192446 0.0992154 0.103064
734 0.101995 0.00106916 0.100926 0.103064
735 0.103706 0.00149681 0.102209 0.105203
736 0.113542 0.0104775 0.103064 0.124019
737 0.103492 0 0.103492 0.103492
738 0.101781 0.00171061 0.100071 0.103492
739 0.102637 0.00213826 0.100498 0.104775
740 0.103064 0.00128296 0.101781 0.104347
741 0.10114 0.000641447 0.100498 0.101781
742 0.0836062 0.0186029 0.0650033 0.102209
743 0.0836062 0.01732 0.0662862 0.100926
744 0.10114 0.00149681 0.0996431 0.102637
745 0.101568 0.00106916 0.100498 0.102637
746 0.0998569 0.00106922 0.0987877 0.100926
747 0.100071 0.000427593 0.0996431 0.100498
748 0.103278 0.000213798 0.103064 0.103492
749 0.102423 0.000213854 0.102209 0.102637
750 0.101354 0.00128296 0.100071 0.102637
751 0.101781 5.96046e-008 0.101781 0.101781
752 0.101995 0.000641447 0.101354 0.102637
753 0.0987878 0.00085536 0.0979324 0.0996431
754 0.0983602 0.00128296 0.0970772 0.0996431
755 0.0994293 0.00149681 0.0979325 0.100926
756 0.0981463 0.000213798 0.0979325 0.0983601
757 0.0951528 0.000213858 0.0949389 0.0953666
758 0.0981464 0.00106916 0.0970772 0.0992155
759 0.100071 0.00171066 0.0983601 0.101781
760 0.0979325 0.00256597 0.0953665 0.100498
761 0.0983602 0.0017106 0.0966496 0.100071
762 0.0992155 0.000427652 0.0987878 0.0996431
763 0.0970772 0.0017106 0.0953666 0.0987878
764 0.0977187 0.000213854 0.0975048 0.0979325
765 0.0938698 0.000641506 0.0932283 0.0945113
766 0.0942975 0.000213798 0.0940837 0.0945113
767 0.098574 0.0010691 0.0975049 0.0996431
768 0.0977187 0.00064145 0.0970772 0.0983601
769 0.0979325 0.000427712 0.0975048 0.0983602
770 0.0992154 0.00213832 0.0970771 0.101354
771 0.098574 0.00106916 0.0975048 0.0996431
772 0.0996431 0 0.0996431 0.0996431
773 0.0994293 0.000213798 0.0992155 0.0996431
774 0.0994293 0.00106916 0.0983601 0.100498
775 0.0994293 0.00192446 0.0975048 0.101354
776 0.0981464 0.000641447 0.0975049 0.0987878
777 0.098574 0.000641506 0.0979325 0.0992155
778 0.0990016 0.000641506 0.0983601 0.0996431
779 0.0981463 0.000641506 0.0975048 0.0987878
780 0.0970772 0.0012829 0.0957943 0.0983601
781 0.0968634 0.000213854 0.0966495 0.0970772
782 0.0994293 0.00064145 0.0987878 0.100071
783 0.0962219 0.000427652 0.0957942 0.0966495
784 0.0987878 0.00171061 0.0970772 0.100498
785 0.100071 0.000427652 0.0996431 0.100498
786 0.0996431 0.00128295 0.0983601 0.100926
787 0.098574 0.00064145 0.0979325 0.0992154
788 0.0987878 0 0.0987878 0.0987878
789 0.0994293 0.0019244 0.0975049 0.101354
790 0.0983602 0.00128296 0.0970772 0.0996431
791 0.100498 0.000427648 0.100071 0.100926
792 0.100712 0.00192446 0.0987878 0.102637
793 0.0998569 0.00235211 0.0975048 0.102209
794 0.100285 0.000213854 0.100071 0.100498
795 0.0977187 0.00064151 0.0970772 0.0983602
796 0.0975048 0 0.0975048 0.0975048
797 0.101568 0.00491808 0.0966495 0.106486
798 0.0996432 0.000427652 0.0992155 0.100071
799 0.0844614 0.0168923 0.0675691 0.101354
