# ../output/graphs/perf_serial17BIPED
# step - mean (0.0574061) - standard deviation (0.00763613) r=20 - ylow - yhigh
0 0.0632108 0.00622077 0.0569901 0.0694316
1 0.0606133 0.00122816 0.0593852 0.0618415
2 0.0615142 0.00420863 0.0573056 0.0657228
3 0.0611989 0.00288902 0.0583099 0.0640879
4 0.0616643 0.00423745 0.0574269 0.0659018
5 0.0620097 0.00878339 0.0532263 0.0707931
6 0.0593972 0.00514766 0.0542495 0.0645448
7 0.0565894 0.0040871 0.0525023 0.0606766
8 0.0568747 0.00745926 0.0494155 0.064334
9 0.0565894 0.00356127 0.0530282 0.0601507
10 0.0567096 0.00729725 0.0494123 0.0640068
11 0.0580909 0.00822291 0.049868 0.0663138
12 0.0564243 0.00565301 0.0507713 0.0620773
13 0.0573101 0.0064105 0.0508996 0.0637206
14 0.0577155 0.00789115 0.0498244 0.0656067
15 0.0567696 0.00565028 0.0511193 0.0624199
16 0.0608986 0.0135891 0.0473095 0.0744877
17 0.0552832 0.000650318 0.0546329 0.0559335
18 0.0559438 0.00364341 0.0523004 0.0595872
19 0.0555685 0.00196563 0.0536028 0.0575341
20 0.0601629 0.00752838 0.0526345 0.0676913
21 0.0563342 0.00474741 0.0515868 0.0610816
22 0.0566946 0.00432937 0.0523652 0.0610239
23 0.057115 0.00589791 0.0512171 0.0630129
24 0.0564243 0.0106976 0.0457267 0.0671219
25 0.056109 0.00465813 0.0514509 0.0607671
26 0.0563042 0.00786877 0.0484354 0.064173
27 0.0544724 0.00183496 0.0526375 0.0563074
28 0.0600278 0.019148 0.0408798 0.0791757
29 0.0566946 0.0083557 0.0483389 0.0650502
30 0.0556285 0.00415971 0.0514688 0.0597882
31 0.0567997 0.00798807 0.0488116 0.0647877
32 0.058151 0.00834472 0.0498062 0.0664957
33 0.0576855 0.00698706 0.0506984 0.0646726
34 0.0593221 0.00678512 0.052537 0.0661072
35 0.0601329 0.00389667 0.0562362 0.0640295
36 0.0620847 0.00663963 0.0554451 0.0687244
37 0.0620547 0.00797338 0.0540813 0.0700281
38 0.063406 0.0112947 0.0521113 0.0747007
39 0.0615592 0.00615556 0.0554037 0.0677148
40 0.0594572 0.00389219 0.055565 0.0633494
41 0.0591719 0.00396958 0.0552024 0.0631415
42 0.0598476 0.00396461 0.055883 0.0638122
43 0.0618145 0.00803814 0.0537763 0.0698526
44 0.0633159 0.0114961 0.0518198 0.074812
45 0.0595323 0.00371543 0.0558169 0.0632477
46 0.0608385 0.00834533 0.0524932 0.0691839
47 0.0594122 0.00298976 0.0564224 0.0624019
48 0.0605833 0.00667755 0.0539057 0.0672608
49 0.0603431 0.004835 0.0555081 0.0651781
50 0.0596074 0.00400241 0.0556049 0.0636098
51 0.0621898 0.00724058 0.0549493 0.0694304
52 0.0607034 0.00526087 0.0554425 0.0659643
53 0.0599977 0.00433873 0.055659 0.0643365
54 0.0630306 0.00895037 0.0540803 0.071981
55 0.059232 0.00178382 0.0574482 0.0610158
56 0.0638564 0.0112967 0.0525597 0.0751532
57 0.0609136 0.00575919 0.0551544 0.0666728
58 0.0619046 0.00865868 0.0532459 0.0705632
59 0.0596374 0.00438298 0.0552544 0.0640204
60 0.0613941 0.00834807 0.053046 0.0697421
61 0.0593221 0.0026307 0.0566914 0.0619528
62 0.0599977 0.00460295 0.0553948 0.0646007
63 0.061349 0.0070527 0.0542963 0.0684017
64 0.0593371 0.00198827 0.0573488 0.0613254
65 0.063376 0.00941944 0.0539565 0.0727954
66 0.0622349 0.0094067 0.0528282 0.0716416
67 0.0594272 0.00403092 0.0553963 0.0634581
68 0.0626403 0.0123927 0.0502476 0.0750329
69 0.063376 0.012669 0.050707 0.076045
70 0.0595923 0.00393994 0.0556524 0.0635323
71 0.0619796 0.0110942 0.0508854 0.0730738
72 0.0608986 0.0063222 0.0545764 0.0672208
73 0.0629706 0.00893686 0.0540337 0.0719075
74 0.0612139 0.00531374 0.0559002 0.0665276
75 0.0618145 0.00811962 0.0536949 0.0699341
76 0.0619646 0.00688721 0.0550774 0.0688518
77 0.060328 0.00417596 0.0561521 0.064504
78 0.0605232 0.0051493 0.0553739 0.0656725
79 0.0599977 0.00398672 0.056011 0.0639845
80 0.0608536 0.00526857 0.055585 0.0661221
81 0.0629556 0.00683134 0.0561242 0.0697869
82 0.0605983 0.00702034 0.053578 0.0676186
83 0.0619947 0.0113847 0.05061 0.0733793
84 0.0599076 0.0037656 0.056142 0.0636732
85 0.061364 0.00793654 0.0534275 0.0693006
86 0.0652528 0.0140043 0.0512485 0.079257
87 0.0597425 0.00406276 0.0556797 0.0638052
88 0.0634661 0.0103363 0.0531297 0.0738024
89 0.0608686 0.00547984 0.0553887 0.0663484
90 0.0631357 0.0120014 0.0511344 0.0751371
91 0.0596824 0.00259689 0.0570855 0.0622793
92 0.0596824 0.00395524 0.0557272 0.0636377
93 0.0626253 0.0150026 0.0476227 0.0776278
94 0.0593371 0.00397857 0.0553585 0.0633157
95 0.0593371 0.00399102 0.0553461 0.0633281
96 0.0613791 0.00730968 0.0540694 0.0686887
97 0.0621898 0.00794541 0.0542444 0.0701352
98 0.0616193 0.0102542 0.0513651 0.0718734
99 0.0583461 0.00288356 0.0554626 0.0612297
100 0.0574002 0.00203727 0.055363 0.0594375
101 0.0648024 0.0195681 0.0452343 0.0843704
102 0.0578807 0.00395068 0.05393 0.0618314
103 0.0585714 0.0053156 0.0532558 0.063887
104 0.0585263 0.000854109 0.0576722 0.0593804
105 0.0629706 0.00943457 0.053536 0.0724052
106 0.0605232 0.00739984 0.0531234 0.0679231
107 0.0612439 0.00651805 0.0547259 0.067762
108 0.0579107 0.00411984 0.0537909 0.0620306
109 0.0580308 0.0034992 0.0545316 0.06153
110 0.0597125 0.00927853 0.0504339 0.068991
111 0.0586464 0.00537433 0.0532721 0.0640208
112 0.0649225 0.00898391 0.0559386 0.0739064
113 0.0630306 0.00884243 0.0541882 0.0718731
114 0.0604632 0.00538537 0.0550778 0.0658486
115 0.0610938 0.00726021 0.0538336 0.068354
116 0.0600428 0.00536457 0.0546782 0.0654073
117 0.0611388 0.00567093 0.0554679 0.0668098
118 0.0600278 0.0039746 0.0560532 0.0640024
119 0.0589767 0.000372648 0.0586041 0.0593494
120 0.0619947 0.0108539 0.0511408 0.0728485
121 0.0598776 0.00441476 0.0554629 0.0642924
122 0.0610638 0.0060434 0.0550204 0.0671072
123 0.0610037 0.0108384 0.0501653 0.0718421
124 0.0603881 0.00543589 0.0549522 0.065824
125 0.0631057 0.0093627 0.053743 0.0724684
126 0.0632709 0.0108329 0.0524379 0.0741038
127 0.0618145 0.00847766 0.0533368 0.0702921
128 0.0609136 0.00644277 0.0544708 0.0673564
129 0.0617844 0.00872383 0.0530606 0.0705083
130 0.0619346 0.00989263 0.052042 0.0718272
131 0.0589467 0.0040177 0.054929 0.0629644
132 0.0608385 0.00624384 0.0545947 0.0670824
133 0.0599677 0.00611226 0.0538554 0.06608
134 0.0582561 0.00112358 0.0571325 0.0593796
135 0.0578807 0.00109872 0.056782 0.0589794
136 0.0579708 0.000922992 0.0570478 0.0588938
137 0.0594122 0.00428401 0.0551282 0.0636962
138 0.0618745 0.00895469 0.0529198 0.0708292
139 0.0580459 0.00192771 0.0561181 0.0599736
140 0.0622049 0.00981043 0.0523944 0.0720153
141 0.0607485 0.00705653 0.0536919 0.067805
142 0.0606884 0.0093524 0.051336 0.0700408
143 0.0605082 0.00790479 0.0526034 0.068413
144 0.0627153 0.0108496 0.0518657 0.073565
145 0.0595773 0.00447763 0.0550997 0.064055
146 0.0602079 0.0071941 0.0530138 0.067402
147 0.058166 0.00222923 0.0559367 0.0603952
148 0.0601329 0.00562741 0.0545054 0.0657603
149 0.0600428 0.00674847 0.0532943 0.0667912
150 0.062385 0.00964198 0.0527431 0.072027
151 0.0583161 0.00210759 0.0562085 0.0604237
152 0.0590218 0.00405721 0.0549646 0.063079
153 0.0633309 0.00729949 0.0560314 0.0706304
154 0.0591119 0.0043808 0.0547311 0.0634927
155 0.0635862 0.0149062 0.04868 0.0784924
156 0.0599827 0.00542342 0.0545593 0.0654061
157 0.0578957 0.000634171 0.0572615 0.0585299
158 0.060238 0.0055276 0.0547104 0.0657656
159 0.0610487 0.00910034 0.0519484 0.0701491
160 0.0637513 0.0120176 0.0517337 0.0757689
161 0.0596974 0.00514941 0.054548 0.0648468
162 0.0602079 0.00646598 0.053742 0.0666739
163 0.0634811 0.00968515 0.0537959 0.0731662
164 0.0595323 0.00433382 0.0551985 0.0638661
165 0.0601479 0.00807275 0.0520751 0.0682206
166 0.0605382 0.011278 0.0492603 0.0718162
167 0.0624151 0.0100286 0.0523864 0.0724437
168 0.0629406 0.0085566 0.054384 0.0714972
169 0.0601779 0.00649652 0.0536814 0.0666744
170 0.0595173 0.00423141 0.0552859 0.0637487
171 0.0625352 0.00936202 0.0531731 0.0718972
172 0.060283 0.00667687 0.0536061 0.0669599
173 0.0595323 0.00474217 0.0547901 0.0642744
174 0.0637964 0.0107134 0.053083 0.0745098
175 0.0584062 0.00230167 0.0561045 0.0607079
176 0.0590518 0.00395342 0.0550984 0.0630052
177 0.0593671 0.0044914 0.0548757 0.0638585
178 0.0595023 0.006166 0.0533362 0.0656683
179 0.0607935 0.00624679 0.0545467 0.0670403
180 0.0601779 0.00741136 0.0527665 0.0675893
181 0.0598476 0.00571189 0.0541357 0.0655595
182 0.0617694 0.00858485 0.0531846 0.0703543
183 0.0636012 0.010982 0.0526192 0.0745832
184 0.0593821 0.00422744 0.0551547 0.0636096
185 0.0627904 0.0122339 0.0505565 0.0750243
186 0.0603431 0.0114557 0.0488873 0.0717988
187 0.0601779 0.00742959 0.0527483 0.0676075
188 0.060253 0.00661337 0.0536396 0.0668663
189 0.0598025 0.00513861 0.0546639 0.0649411
190 0.0599677 0.00543523 0.0545325 0.0654029
191 0.0610938 0.00781471 0.0532791 0.0689085
192 0.0620697 0.0101749 0.0518948 0.0722446
193 0.0616043 0.0163287 0.0452755 0.077933
194 0.0636613 0.0087708 0.0548905 0.0724321
195 0.0607635 0.00575684 0.0550066 0.0665203
196 0.0639315 0.00997163 0.0539599 0.0739031
197 0.0600578 0.00391298 0.0561448 0.0639708
198 0.0622649 0.0105441 0.0517208 0.072809
199 0.0600578 0.0104222 0.0496356 0.07048
200 0.0570399 0.0045397 0.0525002 0.0615796
201 0.0576254 0.00563384 0.0519916 0.0632593
202 0.0574303 0.00708827 0.050342 0.0645185
203 0.0573702 0.00705486 0.0503153 0.0644251
204 0.0593972 0.0103474 0.0490498 0.0697445
205 0.0568597 0.00579198 0.0510677 0.0626517
206 0.0574903 0.00668133 0.050809 0.0641716
207 0.0573252 0.0064934 0.0508318 0.0638186
208 0.0562591 0.00398183 0.0522773 0.060241
209 0.0585714 0.00801579 0.0505556 0.0665871
210 0.0579558 0.00774664 0.0502091 0.0657024
211 0.0625952 0.0120559 0.0505393 0.0746512
212 0.0596374 0.00985771 0.0497797 0.0694951
213 0.0553883 0.000667932 0.0547204 0.0560562
214 0.0567396 0.00438512 0.0523545 0.0611247
215 0.0555234 0.000981812 0.0545416 0.0565052
216 0.056124 0.00404655 0.0520774 0.0601706
217 0.0605232 0.0123036 0.0482196 0.0728268
218 0.0586014 0.00921905 0.0493823 0.0678204
219 0.056079 0.00545574 0.0506232 0.0615347
220 0.0547727 0.0039547 0.050818 0.0587274
221 0.0569948 0.00928354 0.0477113 0.0662784
222 0.054037 0.000824975 0.053212 0.054862
223 0.0553433 0.0042532 0.0510901 0.0595965
224 0.0577906 0.00679972 0.0509909 0.0645903
225 0.0572651 0.00676224 0.0505029 0.0640273
226 0.0572951 0.00835516 0.04894 0.0656503
227 0.0555685 0.00430836 0.0512601 0.0598768
228 0.0548628 0.00243605 0.0524267 0.0572988
229 0.0587966 0.0107063 0.0480903 0.0695029
230 0.0582711 0.0104151 0.047856 0.0686861
231 0.0588266 0.00589278 0.0529338 0.0647194
232 0.057175 0.00395356 0.0532215 0.0611286
233 0.0605683 0.00923851 0.0513298 0.0698068
234 0.0590969 0.0048889 0.054208 0.0639858
235 0.0591419 0.00864627 0.0504956 0.0677882
236 0.0580459 0.00493708 0.0531088 0.0629829
237 0.0569798 0.001875 0.0551048 0.0588548
238 0.0586464 0.00608343 0.052563 0.0647299
239 0.059217 0.00646884 0.0527481 0.0656858
240 0.0587365 0.00649791 0.0522386 0.0652344
241 0.0574453 0.00551184 0.0519334 0.0629571
242 0.0577005 0.00757495 0.0501256 0.0652755
243 0.0567997 0.00316983 0.0536298 0.0599695
244 0.0567846 0.00397801 0.0528066 0.0607626
245 0.0595473 0.00648728 0.05306 0.0660346
246 0.0598476 0.00977767 0.0500699 0.0696253
247 0.0563792 0.00119693 0.0551823 0.0575762
248 0.0604782 0.00879718 0.051681 0.0692754
249 0.0587365 0.00680696 0.0519296 0.0655435
250 0.0565444 0.00183668 0.0547077 0.0583811
251 0.060268 0.0086163 0.0516517 0.0688843
252 0.0601178 0.0122849 0.0478329 0.0724028
253 0.0580308 0.00519931 0.0528315 0.0632302
254 0.0610938 0.0153187 0.0457751 0.0764125
255 0.056094 0.000619789 0.0554742 0.0567138
256 0.0583912 0.00537297 0.0530182 0.0637642
257 0.0581059 0.00581856 0.0522874 0.0639245
258 0.0582861 0.00609808 0.052188 0.0643842
259 0.0598926 0.00986278 0.0500299 0.0697554
260 0.0590218 0.00705741 0.0519644 0.0660792
261 0.0587966 0.00789057 0.050906 0.0666871
262 0.059247 0.00744698 0.0518 0.066694
263 0.0583161 0.00650845 0.0518077 0.0648246
264 0.0590218 0.00569875 0.053323 0.0647205
265 0.0576405 0.00530456 0.0523359 0.062945
266 0.0564994 0.00190695 0.0545924 0.0584063
267 0.0605833 0.0128185 0.0477648 0.0734018
268 0.0598176 0.00871852 0.051099 0.0685361
269 0.059262 0.00684321 0.0524188 0.0661052
270 0.0573252 0.00367274 0.0536524 0.0609979
271 0.0577756 0.0042429 0.0535327 0.0620185
272 0.061289 0.00959041 0.0516986 0.0708794
273 0.058226 0.00850401 0.049722 0.06673
274 0.056154 0.00070424 0.0554498 0.0568583
275 0.058181 0.0070889 0.0510921 0.0652699
276 0.0564243 0.000848815 0.0555755 0.0572731
277 0.0586464 0.00572608 0.0529204 0.0643725
278 0.0589167 0.00993934 0.0489774 0.068856
279 0.0549679 0.00407606 0.0508918 0.0590439
280 0.0553132 0.0043801 0.0509331 0.0596933
281 0.0542772 0.00216307 0.0521142 0.0564403
282 0.0549979 0.00390292 0.051095 0.0589008
283 0.0588716 0.0141057 0.0447659 0.0729774
284 0.0549529 0.00390029 0.0510526 0.0588532
285 0.0598025 0.0107566 0.049046 0.0705591
286 0.0561841 0.00545989 0.0507242 0.061644
287 0.0555685 0.00548591 0.0500826 0.0610544
288 0.0576405 0.00908069 0.0485598 0.0667211
289 0.0563792 0.0059347 0.0504446 0.0623139
290 0.0574152 0.00843571 0.0489795 0.065851
291 0.0549979 0.00430501 0.0506929 0.0593029
292 0.0554784 0.00527165 0.0502067 0.06075
293 0.0549379 0.00521628 0.0497216 0.0601541
294 0.0554484 0.00666971 0.0487786 0.0621181
295 0.054067 0.00467282 0.0493942 0.0587398
296 0.0536466 0.00435603 0.0492906 0.0580026
297 0.0584212 0.00877773 0.0496435 0.0671989
298 0.0556886 0.00392504 0.0517635 0.0596136
299 0.0572801 0.00963449 0.0476456 0.0669146
300 0.0596524 0.00887671 0.0507757 0.0685291
301 0.0567096 0.00507059 0.051639 0.0617802
302 0.05713 0.00461594 0.052514 0.0617459
303 0.05716 0.00461925 0.0525407 0.0617793
304 0.0572501 0.00531882 0.0519313 0.0625689
305 0.0576254 0.0080581 0.0495673 0.0656835
306 0.0569498 0.00789895 0.0490508 0.0648488
307 0.0576855 0.00610695 0.0515786 0.0637925
308 0.0607785 0.0083329 0.0524456 0.0691114
309 0.0617844 0.0106053 0.0511792 0.0723897
310 0.058241 0.00413317 0.0541079 0.0623742
311 0.0602229 0.00913909 0.0510839 0.069362
312 0.0587365 0.00575851 0.052978 0.064495
313 0.0570699 0.00289039 0.0541795 0.0599603
314 0.0575354 0.00413963 0.0533957 0.061675
315 0.0567997 0.00168877 0.0551109 0.0584884
316 0.059277 0.00809467 0.0511824 0.0673717
317 0.0576104 0.00488953 0.0527209 0.0625
318 0.0583461 0.00570083 0.0526453 0.064047
319 0.0566946 0.00399914 0.0526954 0.0606937
320 0.0567396 0.00666038 0.0500792 0.0634
321 0.0542322 0.00287306 0.0513591 0.0571052
322 0.056109 0.00619809 0.0499109 0.0623071
323 0.0557036 0.00659303 0.0491106 0.0622966
324 0.0553282 0.0053083 0.0500199 0.0606365
325 0.0558387 0.00680569 0.049033 0.0626444
326 0.0533914 0.000682125 0.0527092 0.0540735
327 0.0556736 0.00762072 0.0480529 0.0632943
328 0.0585864 0.0103165 0.0482698 0.0689029
329 0.0548928 0.00589867 0.0489941 0.0607915
330 0.0543673 0.00405165 0.0503157 0.058419
331 0.054037 0.00400238 0.0500346 0.0580394
332 0.0573252 0.0126417 0.0446834 0.0699669
333 0.0541571 0.00395912 0.050198 0.0581162
334 0.0552231 0.00514179 0.0500814 0.0603649
335 0.0567997 0.00698795 0.0498117 0.0637876
336 0.056154 0.0074439 0.0487101 0.0635979
337 0.0548027 0.00576719 0.0490355 0.0605699
338 0.0541271 0.00446904 0.049658 0.0585961
339 0.0546676 0.00561506 0.0490525 0.0602827
340 0.0573552 0.011152 0.0462032 0.0685072
341 0.0557336 0.00602706 0.0497066 0.0617607
342 0.0535565 0.0020461 0.0515104 0.0556026
343 0.0549979 0.00537196 0.049626 0.0603699
344 0.0579708 0.0116199 0.0463509 0.0695906
345 0.0530761 0.000492281 0.0525838 0.0535684
346 0.0570699 0.00881719 0.0482527 0.0658871
347 0.054082 0.00393241 0.0501496 0.0580144
348 0.055103 0.00535281 0.0497502 0.0604558
349 0.054067 0.00369913 0.0503679 0.0577662
350 0.0559288 0.0070698 0.048859 0.0629986
351 0.0566345 0.00994061 0.0466939 0.0665751
352 0.0542022 0.00400016 0.050202 0.0582023
353 0.057145 0.00801726 0.0491277 0.0651622
354 0.0545475 0.00435603 0.0501915 0.0589035
355 0.0548328 0.00466019 0.0501726 0.059493
356 0.0543373 0.00363148 0.0507058 0.0579688
357 0.0557937 0.00662176 0.0491719 0.0624154
358 0.0545325 0.0039604 0.0505721 0.0584929
359 0.0565444 0.0080212 0.0485232 0.0645656
360 0.0577906 0.012818 0.0449726 0.0706086
361 0.0532713 0.000407331 0.0528639 0.0536786
362 0.0564994 0.00837546 0.0481239 0.0648748
363 0.0554934 0.00689789 0.0485955 0.0623913
364 0.0565144 0.00894921 0.0475652 0.0654636
365 0.0545775 0.00418995 0.0503876 0.0587675
366 0.0535415 0.000783633 0.0527579 0.0543252
367 0.0565744 0.00980451 0.0467699 0.0663789
368 0.0553132 0.00525171 0.0500615 0.0605649
369 0.05713 0.0114066 0.0457234 0.0685366
370 0.0538868 0.00181538 0.0520715 0.0557022
371 0.0563943 0.00938594 0.0470083 0.0657802
372 0.0570399 0.00853078 0.0485091 0.0655707
373 0.0553883 0.00690826 0.04848 0.0622966
374 0.0569048 0.00738888 0.0495159 0.0642936
375 0.0567846 0.00700639 0.0497782 0.063791
376 0.0542022 0.00224012 0.051962 0.0564423
377 0.0553282 0.00533626 0.049992 0.0606645
378 0.0549078 0.0056149 0.0492929 0.0605227
379 0.0553733 0.00560777 0.0497655 0.0609811
380 0.0550279 0.00522268 0.0498053 0.0602506
381 0.0566795 0.00862456 0.048055 0.0653041
382 0.0543073 0.00405587 0.0502514 0.0583631
383 0.0534965 0.000617421 0.0528791 0.0541139
384 0.055118 0.00317863 0.0519394 0.0582967
385 0.0545475 0.00394657 0.0506009 0.0584941
386 0.0602079 0.0151387 0.0450692 0.0753466
387 0.0553733 0.00439634 0.0509769 0.0597696
388 0.0545625 0.00408559 0.0504769 0.0586481
389 0.0553433 0.00751989 0.0478234 0.0628631
390 0.0562141 0.00680974 0.0494043 0.0630238
391 0.0551781 0.00505331 0.0501248 0.0602314
392 0.0572951 0.00543233 0.0518628 0.0627275
393 0.0557486 0.0059479 0.0498007 0.0616965
394 0.0583612 0.0108355 0.0475256 0.0691967
395 0.0547427 0.00448939 0.0502533 0.0592321
396 0.0589467 0.00843277 0.0505139 0.0673795
397 0.0576855 0.00709146 0.050594 0.064777
398 0.0574002 0.00561008 0.0517901 0.0630103
399 0.0585413 0.00633565 0.0522057 0.064877
400 0.0578657 0.0104002 0.0474655 0.0682659
401 0.0586765 0.00810969 0.0505668 0.0667862
402 0.0567246 0.00432343 0.0524011 0.061048
403 0.0566495 0.00415363 0.0524959 0.0608031
404 0.058166 0.00553632 0.0526296 0.0637023
405 0.0575804 0.00546648 0.0521139 0.0630469
406 0.0560339 0.00268486 0.0533491 0.0587188
407 0.057175 0.00703177 0.0501432 0.0642068
408 0.0583161 0.00945963 0.0488565 0.0677757
409 0.0587065 0.0100166 0.0486899 0.068723
410 0.0544574 0.00494819 0.0495092 0.0594056
411 0.056169 0.00899739 0.0471717 0.0651664
412 0.0532562 0.00401902 0.0492372 0.0572753
413 0.0534064 0.00403358 0.0493728 0.05744
414 0.053031 0.00209644 0.0509346 0.0551275
415 0.0556135 0.00673652 0.048877 0.06235
416 0.053031 0.00542053 0.0476105 0.0584516
417 0.0546676 0.00691609 0.0477515 0.0615837
418 0.0533463 0.00671351 0.0466328 0.0600598
419 0.0517398 0.00209149 0.0496483 0.0538313
420 0.0535115 0.00666925 0.0468422 0.0601807
421 0.0527908 0.00307206 0.0497187 0.0558629
422 0.0538118 0.00548601 0.0483258 0.0592978
423 0.0535415 0.0055534 0.0479881 0.0590949
424 0.0537817 0.00554836 0.0482334 0.0593301
425 0.053001 0.00791334 0.0450877 0.0609143
426 0.0563943 0.0103055 0.0460888 0.0666997
427 0.055043 0.00398503 0.0510579 0.059028
428 0.055043 0.00475567 0.0502873 0.0597986
429 0.0544874 0.00174187 0.0527456 0.0562293
430 0.0566195 0.00637467 0.0502448 0.0629942
431 0.0552682 0.00573109 0.0495371 0.0609993
432 0.0600127 0.0134757 0.0465371 0.0734884
433 0.0539019 0.000774374 0.0531275 0.0546762
434 0.0561841 0.00525025 0.0509338 0.0614343
435 0.0557336 0.00606807 0.0496656 0.0618017
436 0.0605533 0.0128964 0.0476568 0.0734497
437 0.0559588 0.0056978 0.050261 0.0616566
438 0.0554784 0.00717676 0.0483016 0.0626551
439 0.0543373 0.00383674 0.0505005 0.058174
440 0.0547126 0.00552858 0.0491841 0.0602412
441 0.054007 0.0037244 0.0502826 0.0577314
442 0.0532713 0.000840809 0.0524304 0.0541121
443 0.0549078 0.00401229 0.0508955 0.0589201
444 0.0549679 0.00444029 0.0505276 0.0594082
445 0.0577606 0.0134311 0.0443295 0.0711917
446 0.0535715 0.000680802 0.0528907 0.0542523
447 0.0549979 0.00425338 0.0507445 0.0592513
448 0.0539169 0.000785788 0.0531311 0.0547027
449 0.0584362 0.0116311 0.0468052 0.0700673
450 0.0573852 0.00436081 0.0530244 0.061746
451 0.0569948 0.00434289 0.052652 0.0613377
452 0.0606283 0.00932343 0.0513049 0.0699518
453 0.0585714 0.00798479 0.0505866 0.0665561
454 0.0572651 0.00181941 0.0554457 0.0590845
455 0.0579708 0.0055244 0.0524464 0.0634952
456 0.0577906 0.0045526 0.053238 0.0623432
457 0.058226 0.00616061 0.0520654 0.0643866
458 0.0578657 0.00941639 0.0484493 0.0672821
459 0.0548328 0.00313712 0.0516956 0.0579699
460 0.0584963 0.0182203 0.040276 0.0767166
461 0.0565744 0.00803148 0.048543 0.0646059
462 0.0554183 0.00537968 0.0500386 0.060798
463 0.058241 0.0104794 0.0477617 0.0687204
464 0.0573852 0.00852836 0.0488569 0.0659136
465 0.0538568 0.000513793 0.053343 0.0543706
466 0.0581059 0.0102418 0.0478641 0.0683477
467 0.0577305 0.0113372 0.0463933 0.0690677
468 0.0549228 0.00422427 0.0506986 0.0591471
469 0.0548027 0.00409705 0.0507057 0.0588998
470 0.0570849 0.00908884 0.0479961 0.0661738
471 0.0550279 0.00397458 0.0510534 0.0590025
472 0.0573852 0.00573929 0.0516459 0.0631245
473 0.0556736 0.00697446 0.0486991 0.062648
474 0.0545475 0.00404251 0.050505 0.05859
475 0.0559438 0.00763118 0.0483126 0.063575
476 0.0588566 0.0100809 0.0487757 0.0689376
477 0.0589617 0.0118552 0.0471065 0.070817
478 0.0558988 0.00751099 0.0483878 0.0634098
479 0.056154 0.00776524 0.0483888 0.0639193
480 0.0553132 0.00424099 0.0510722 0.0595542
481 0.057145 0.00632541 0.0508196 0.0634704
482 0.0555384 0.0046399 0.0508985 0.0601783
483 0.0565444 0.00541195 0.0511325 0.0619564
484 0.0543673 0.00178785 0.0525795 0.0561552
485 0.055118 0.00411787 0.0510002 0.0592359
486 0.054022 0.000810781 0.0532112 0.0548328
487 0.0560039 0.0058963 0.0501076 0.0619002
488 0.058181 0.00640811 0.0517729 0.0645891
489 0.0567396 0.0084953 0.0482443 0.0652349
490 0.0549078 0.00399314 0.0509147 0.058901
491 0.0555084 0.00746281 0.0480456 0.0629712
492 0.0547877 0.00784351 0.0469442 0.0626312
493 0.0585563 0.00695997 0.0515964 0.0655163
494 0.0566795 0.00628879 0.0503907 0.0629683
495 0.0567246 0.0052296 0.051495 0.0619542
496 0.0566195 0.00535195 0.0512675 0.0619714
497 0.0631658 0.0127102 0.0504556 0.0758759
498 0.0570099 0.00533406 0.0516758 0.0623439
499 0.0583612 0.0107104 0.0476508 0.0690715
500 0.0549829 0.00075312 0.0542298 0.055736
501 0.0567246 0.00535904 0.0513655 0.0620836
502 0.0577606 0.006612 0.0511486 0.0643726
503 0.0595173 0.010659 0.0488582 0.0701763
504 0.0578356 0.00817558 0.0496601 0.0660112
505 0.0590368 0.00215581 0.056881 0.0611926
506 0.0594722 0.00632497 0.0531473 0.0657972
507 0.0566495 0.00122816 0.0554213 0.0578777
508 0.0590368 0.0074514 0.0515854 0.0664882
509 0.0588566 0.00534481 0.0535118 0.0642014
510 0.0573402 0.00393192 0.0534083 0.0612721
511 0.059277 0.0133581 0.0459189 0.0726351
512 0.058166 0.0046054 0.0535606 0.0627714
513 0.0598326 0.0106976 0.049135 0.0705301
514 0.0584963 0.00659652 0.0518998 0.0650928
515 0.0566946 0.00402163 0.0526729 0.0607162
516 0.0573101 0.00868415 0.048626 0.0659943
517 0.055088 0.00545872 0.0496293 0.0605467
518 0.0568897 0.0075828 0.0493069 0.0644725
519 0.0556586 0.00534335 0.0503152 0.0610019
520 0.056124 0.00869797 0.047426 0.064822
521 0.0560639 0.00833814 0.0477258 0.0644021
522 0.0539019 0.00225817 0.0516437 0.05616
523 0.0556586 0.00822938 0.0474292 0.0638879
524 0.0556285 0.00935865 0.0462699 0.0649872
525 0.0544874 0.00420563 0.0502818 0.0586931
526 0.0588416 0.010742 0.0480996 0.0695836
527 0.0556886 0.0058456 0.049843 0.0615342
528 0.055088 0.00548673 0.0496013 0.0605747
529 0.0566345 0.00788703 0.0487475 0.0645215
530 0.0566645 0.0100608 0.0466037 0.0667254
531 0.0560489 0.00884822 0.0472007 0.0648972
532 0.0557937 0.00554568 0.050248 0.0613394
533 0.0559438 0.00790969 0.0480341 0.0638535
534 0.0549228 0.00572671 0.0491961 0.0606496
535 0.0588867 0.0147297 0.0441569 0.0736164
536 0.0533764 0.000536123 0.0528402 0.0539125
537 0.0543523 0.00381379 0.0505385 0.0581661
538 0.0534064 0.000610074 0.0527963 0.0540165
539 0.0573402 0.00880644 0.0485337 0.0661466
540 0.0543223 0.00397007 0.0503522 0.0582923
541 0.055133 0.00531554 0.0498175 0.0604486
542 0.055058 0.00353816 0.0515198 0.0585961
543 0.0533313 0.000846154 0.0524852 0.0541775
544 0.0555985 0.00462316 0.0509753 0.0602217
545 0.0537517 0.00391068 0.049841 0.0576624
546 0.0533914 0.00179069 0.0516007 0.0551821
547 0.0583161 0.0165335 0.0417826 0.0748496
548 0.0601629 0.0131307 0.0470322 0.0732935
549 0.0534664 0.00186197 0.0516045 0.0553284
550 0.0548628 0.00473572 0.0501271 0.0595985
551 0.0544724 0.00401243 0.05046 0.0584848
552 0.0543973 0.00407362 0.0503237 0.058471
553 0.0557486 0.0047757 0.0509729 0.0605243
554 0.0546376 0.00439539 0.0502422 0.059033
555 0.0545925 0.00381922 0.0507733 0.0584118
556 0.0531061 0.000602639 0.0525035 0.0537087
557 0.0577155 0.00901947 0.0486961 0.066735
558 0.0553282 0.00558398 0.0497443 0.0609122
559 0.0543823 0.00444072 0.0499416 0.058823
560 0.0531061 0.0008769 0.0522292 0.053983
561 0.0544424 0.00407896 0.0503634 0.0585213
562 0.0547277 0.00420069 0.050527 0.0589284
563 0.0541121 0.00404176 0.0500703 0.0581538
564 0.0565744 0.00881664 0.0477578 0.0653911
565 0.0539619 0.0042754 0.0496865 0.0582373
566 0.0565894 0.00725151 0.0493379 0.063841
567 0.0560189 0.0080433 0.0479756 0.0640622
568 0.0534965 0.000318858 0.0531776 0.0538153
569 0.0552381 0.00532154 0.0499166 0.0605597
570 0.0579558 0.0100195 0.0479363 0.0679753
571 0.058241 0.0103843 0.0478567 0.0686253
572 0.0544424 0.00402555 0.0504168 0.0584679
573 0.0542022 0.00367839 0.0505238 0.0578805
574 0.0557637 0.00554283 0.0502208 0.0613065
575 0.0564843 0.00878359 0.0477008 0.0652679
576 0.0586765 0.0092328 0.0494437 0.0679093
577 0.054022 0.00206502 0.051957 0.056087
578 0.055103 0.00461459 0.0504884 0.0597176
579 0.0536316 0.000532113 0.0530995 0.0541637
580 0.0562441 0.00767889 0.0485652 0.063923
581 0.0558387 0.00583865 0.0500001 0.0616774
582 0.0559288 0.00590423 0.0500246 0.061833
583 0.0563192 0.00697645 0.0493427 0.0632956
584 0.055103 0.00439336 0.0507097 0.0594964
585 0.0572351 0.00671359 0.0505215 0.0639487
586 0.0562141 0.00583411 0.05038 0.0620482
587 0.0535866 0.000488604 0.053098 0.0540752
588 0.0558237 0.00582506 0.0499987 0.0616488
589 0.0563192 0.00425995 0.0520592 0.0605791
590 0.0572801 0.00819732 0.0490828 0.0654774
591 0.0576254 0.010837 0.0467884 0.0684625
592 0.0546226 0.007394 0.0472286 0.0620166
593 0.0580459 0.00676824 0.0512776 0.0648141
594 0.0555535 0.00200318 0.0535503 0.0575566
595 0.0564843 0.00419212 0.0522922 0.0606765
596 0.0572951 0.00545634 0.0518388 0.0627515
597 0.0570999 0.00563894 0.051461 0.0627389
598 0.0569048 0.00440873 0.052496 0.0613135
599 0.056154 0.00259016 0.0535639 0.0587442
600 0.0560189 0.00280489 0.053214 0.0588238
601 0.058166 0.00822764 0.0499383 0.0663936
602 0.0579558 0.00618406 0.0517717 0.0641398
603 0.0559588 0.00390176 0.0520571 0.0598606
604 0.0584963 0.00776327 0.050733 0.0662596
605 0.0562892 0.00437276 0.0519164 0.0606619
606 0.0573702 0.00770197 0.0496682 0.0650722
607 0.0556886 0.00766559 0.048023 0.0633542
608 0.0535715 0.00373181 0.0498397 0.0573034
609 0.0553733 0.0074308 0.0479425 0.0628041
610 0.0539769 0.00434836 0.0496286 0.0583253
611 0.0532262 0.00204962 0.0511766 0.0552758
612 0.054067 0.00637538 0.0476916 0.0604424
613 0.0513945 0.000610074 0.0507844 0.0520045
614 0.053046 0.00584776 0.0471983 0.0588938
615 0.054082 0.0112818 0.0428002 0.0653638
616 0.0517998 0.00400016 0.0477997 0.0558
617 0.0536316 0.00691082 0.0467208 0.0605424
618 0.0522202 0.00473077 0.0474895 0.056951
619 0.0523854 0.00435934 0.0480261 0.0567447
620 0.0535415 0.00719197 0.0463496 0.0607335
621 0.0528959 0.00535347 0.0475424 0.0582494
622 0.0528208 0.00519239 0.0476284 0.0580132
623 0.0555835 0.00504262 0.0505409 0.0606261
624 0.0587065 0.0103674 0.0483391 0.0690739
625 0.0537667 0.00198162 0.0517851 0.0557484
626 0.0557787 0.00770747 0.0480712 0.0634861
627 0.0542772 0.0039232 0.050354 0.0582004
628 0.0547877 0.00421205 0.0505757 0.0589998
629 0.0579408 0.0103656 0.0475751 0.0683064
630 0.0546376 0.00308652 0.0515511 0.0577241
631 0.0541121 0.0039935 0.0501186 0.0581056
632 0.0546976 0.00435085 0.0503468 0.0590485
633 0.0548027 0.00477875 0.050024 0.0595815
634 0.0559138 0.00863747 0.0472763 0.0645513
635 0.0574603 0.0117923 0.045668 0.0692526
636 0.056079 0.0080743 0.0480047 0.0641533
637 0.0547126 0.00474856 0.0499641 0.0594612
638 0.0536616 0.00210438 0.0515573 0.055766
639 0.0552381 0.00556749 0.0496707 0.0608056
640 0.0561991 0.00891523 0.0472838 0.0651143
641 0.0558237 0.00753115 0.0482926 0.0633549
642 0.0545024 0.00579215 0.0487103 0.0602946
643 0.0556586 0.00168878 0.0539698 0.0573473
644 0.0574903 0.00610073 0.0513896 0.063591
645 0.0605833 0.00786383 0.0527195 0.0684471
646 0.0589317 0.00826252 0.0506692 0.0671942
647 0.0588566 0.00646633 0.0523903 0.065323
648 0.0631508 0.0141525 0.0489982 0.0773033
649 0.0606434 0.0112259 0.0494174 0.0718693
650 0.0599227 0.00872776 0.0511949 0.0686504
651 0.0580759 0.00568919 0.0523867 0.0637651
652 0.0569498 0.003911 0.0530388 0.0608608
653 0.058196 0.00926166 0.0489343 0.0674577
654 0.0586915 0.0056829 0.0530086 0.0643744
655 0.0568297 0.00258471 0.054245 0.0594144
656 0.058226 0.00577141 0.0524546 0.0639974
657 0.0557186 0.0058825 0.0498361 0.0616011
658 0.05713 0.00984969 0.0472803 0.0669797
659 0.0585864 0.0130223 0.0455641 0.0716086
660 0.0549228 0.00527424 0.0496486 0.0601971
661 0.0581209 0.00904786 0.0490731 0.0671688
662 0.0560189 0.00689977 0.0491191 0.0629187
663 0.0590368 0.0156397 0.0433971 0.0746765
664 0.0572501 0.00833824 0.0489118 0.0655883
665 0.0579257 0.0117512 0.0461745 0.0696769
666 0.0593221 0.00842977 0.0508923 0.0677518
667 0.0546075 0.00217844 0.0524291 0.056786
668 0.0558688 0.0051981 0.0506707 0.0610669
669 0.0559138 0.00562399 0.0502898 0.0615378
670 0.0549078 0.0039614 0.0509464 0.0588692
671 0.0553883 0.0059435 0.0494448 0.0613318
672 0.0567546 0.00887759 0.047877 0.0656322
673 0.0554784 0.00571723 0.0497611 0.0611956
674 0.0564093 0.00847553 0.0479337 0.0648848
675 0.0554333 0.00458017 0.0508532 0.0600135
676 0.0539469 0.00074937 0.0531975 0.0546963
677 0.0565594 0.00599396 0.0505655 0.0625534
678 0.0556886 0.00533085 0.0503577 0.0610194
679 0.0564843 0.00790331 0.048581 0.0643877
680 0.0563492 0.00562132 0.0507279 0.0619705
681 0.0540971 0.000477403 0.0536196 0.0545745
682 0.0566345 0.00576398 0.0508705 0.0623985
683 0.0585263 0.0104308 0.0480955 0.0689572
684 0.0546676 0.00398545 0.0506821 0.0586531
685 0.0560339 0.005565 0.0504689 0.0615989
686 0.0564093 0.00553809 0.0508712 0.0619474
687 0.0541871 0.00583865 0.0483485 0.0600258
688 0.0565895 0.0115361 0.0450533 0.0681256
689 0.0552381 0.00172888 0.0535093 0.056967
690 0.0593972 0.0103691 0.049028 0.0697663
691 0.059232 0.00950493 0.0497271 0.0687369
692 0.0563642 0.00568261 0.0506816 0.0620468
693 0.0555084 0.0030003 0.0525081 0.0585087
694 0.0575504 0.00805271 0.0494977 0.0656031
695 0.0563042 0.00418092 0.0521233 0.0604851
696 0.0620097 0.0114285 0.0505811 0.0734382
697 0.0551931 0.00235224 0.0528409 0.0575453
698 0.058241 0.00848521 0.0497558 0.0667262
699 0.0554333 0.00204417 0.0533892 0.0574775
700 0.0580008 0.00846915 0.0495317 0.06647
701 0.0599527 0.00445125 0.0555014 0.0644039
702 0.0618595 0.0107711 0.0510884 0.0726306
703 0.0581359 0.00622432 0.0519116 0.0643603
704 0.0594572 0.00836939 0.0510878 0.0678266
705 0.0591719 0.00673242 0.0524395 0.0659044
706 0.0605082 0.0107537 0.0497545 0.071262
707 0.0601929 0.0130498 0.0471431 0.0732427
708 0.056079 0.000643172 0.0554358 0.0567221
709 0.0569498 0.00405588 0.0528939 0.0610057
710 0.0581359 0.00718965 0.0509463 0.0653256
711 0.0578657 0.00469748 0.0531682 0.0625632
712 0.0583311 0.00631527 0.0520159 0.0646464
713 0.0587665 0.00796932 0.0507972 0.0667359
714 0.0588867 0.00890644 0.0499802 0.0677931
715 0.0613941 0.0122109 0.0491832 0.073605
716 0.0569348 0.00391229 0.0530225 0.0608471
717 0.0543973 0.00398975 0.0504076 0.0583871
718 0.05716 0.00761354 0.0495465 0.0647735
719 0.0578807 0.0096835 0.0481972 0.0675642
720 0.0558988 0.00637312 0.0495257 0.0622719
721 0.0541121 0.00410156 0.0500105 0.0582136
722 0.0575354 0.00951229 0.0480231 0.0670476
723 0.0539769 0.00401633 0.0499606 0.0579933
724 0.0553883 0.0054289 0.0499594 0.0608172
725 0.0589467 0.0102978 0.0486489 0.0692445
726 0.0568447 0.00884406 0.0480006 0.0656888
727 0.0549829 0.00576985 0.0492131 0.0607528
728 0.0553583 0.00685835 0.0484999 0.0622166
729 0.0548027 0.00720224 0.0476005 0.062005
730 0.054067 0.00405387 0.0500131 0.0581209
731 0.0549679 0.00502073 0.0499472 0.0599886
732 0.0549679 0.00522406 0.0497438 0.0601919
733 0.056079 0.00785063 0.0482283 0.0639296
734 0.0577456 0.00869392 0.0490516 0.0664395
735 0.0534364 0.00227601 0.0511604 0.0557124
736 0.0579708 0.00920202 0.0487688 0.0671728
737 0.0546226 0.00604163 0.0485809 0.0606642
738 0.0539769 0.00365549 0.0503215 0.0576324
739 0.0553733 0.00546773 0.0499055 0.060841
740 0.053046 0.000892192 0.0521538 0.0539382
741 0.0574002 0.0107184 0.0466819 0.0681186
742 0.056169 0.00850538 0.0476637 0.0646744
743 0.0580609 0.011711 0.0463499 0.0697719
744 0.0543523 0.00421047 0.0501418 0.0585628
745 0.0558838 0.00711558 0.0487682 0.0629994
746 0.0555384 0.00800397 0.0475345 0.0635424
747 0.0546526 0.00566982 0.0489828 0.0603224
748 0.0547877 0.00476644 0.0500213 0.0595542
749 0.0556736 0.00632491 0.0493487 0.0619985
750 0.0533613 0.000672138 0.0526892 0.0540335
751 0.0551631 0.00565238 0.0495107 0.0608155
752 0.0572951 0.00958369 0.0477114 0.0668788
753 0.0553282 0.00572511 0.0496031 0.0610533
754 0.0574152 0.00922655 0.0481887 0.0666418
755 0.0563192 0.00921083 0.0471084 0.06553
756 0.0542472 0.0042022 0.050045 0.0584494
757 0.058151 0.0100891 0.0480618 0.0682401
758 0.057115 0.0089809 0.0481341 0.0660959
759 0.0564093 0.00769951 0.0487098 0.0641088
760 0.0555234 0.00540762 0.0501158 0.060931
761 0.0563943 0.00645838 0.0499359 0.0628526
762 0.0589317 0.0102115 0.0487202 0.0691432
763 0.0569048 0.00863637 0.0482684 0.0655411
764 0.0557186 0.00643731 0.0492813 0.0621559
765 0.0608235 0.0238003 0.0370232 0.0846239
766 0.0545475 0.0042236 0.0503239 0.0587711
767 0.0536766 0.000915143 0.0527615 0.0545918
768 0.0549979 0.00381529 0.0511826 0.0588132
769 0.0549529 0.00382677 0.0511261 0.0587796
770 0.0538718 0.000713147 0.0531587 0.054585
771 0.0569948 0.00739138 0.0496035 0.0643862
772 0.0557937 0.00713501 0.0486587 0.0629287
773 0.0570849 0.00704362 0.0500413 0.0641285
774 0.0572351 0.0116 0.0456351 0.0688351
775 0.0615292 0.0201949 0.0413343 0.0817241
776 0.0543673 0.00398319 0.0503841 0.0583505
777 0.0551931 0.0054934 0.0496997 0.0606865
778 0.0551931 0.00538983 0.0498033 0.0605829
779 0.0549228 0.00496785 0.049955 0.0598907
780 0.0558688 0.00819545 0.0476733 0.0640642
781 0.0569048 0.00580382 0.0511009 0.0627086
782 0.0564243 0.00818743 0.0482369 0.0646117
783 0.0533764 0.000607111 0.0527692 0.0539835
784 0.0585113 0.0143676 0.0441437 0.0728789
785 0.0570099 0.00646164 0.0505482 0.0634715
786 0.0554484 0.00406143 0.0513869 0.0595098
787 0.0546075 0.00334425 0.0512633 0.0579518
788 0.0532562 0.0017696 0.0514866 0.0550258
789 0.0583612 0.00837331 0.0499878 0.0667345
790 0.058181 0.00770572 0.0504753 0.0658867
791 0.0580158 0.00980828 0.0482075 0.0678241
792 0.0575954 0.00691682 0.0506786 0.0645122
793 0.057205 0.00792871 0.0492763 0.0651338
794 0.0564994 0.00554623 0.0509531 0.0620456
795 0.0584362 0.00861803 0.0498182 0.0670543
796 0.0575053 0.00725028 0.050255 0.0647556
797 0.0532262 0.00396208 0.0492641 0.0571883
798 0.0539169 0.00552929 0.0483876 0.0594462
799 0.0559138 0.00639806 0.0495157 0.0623119
