# ../output/graphs/perf_parallel90BIPED_thread3
# step - mean (0.102349) - standard deviation (0.0140842) r=20 - ylow - yhigh
0 0.118104 0.0442969 0.0738068 0.1624
1 0.107834 0.00389323 0.103941 0.111727
2 0.107338 0.00597528 0.101363 0.113314
3 0.104891 0.0011634 0.103728 0.106054
4 0.106678 0.00362452 0.103053 0.110302
5 0.107098 0.00635682 0.100741 0.113455
6 0.107458 0.00611976 0.101339 0.113578
7 0.102158 0.00575475 0.0964036 0.107913
8 0.102894 0.0111953 0.0916987 0.114089
9 0.102549 0.00793553 0.0946131 0.110484
10 0.10441 0.0102904 0.0941201 0.114701
11 0.102308 0.00404789 0.0982605 0.106356
12 0.101678 0.00559973 0.0960781 0.107278
13 0.104621 0.01599 0.0886306 0.120611
14 0.103149 0.00868323 0.094466 0.111832
15 0.102909 0.00774088 0.0951681 0.11065
16 0.104005 0.0083117 0.0956934 0.112317
17 0.100567 0.00375529 0.0968115 0.104322
18 0.106933 0.0152143 0.0917186 0.122147
19 0.100972 0.00545574 0.0955164 0.106428
20 0.104636 0.0100129 0.0946227 0.114649
21 0.104395 0.0090328 0.0953627 0.113428
22 0.100852 0.00466297 0.0961891 0.105515
23 0.0995308 0.00756137 0.0919694 0.107092
24 0.100717 0.00768904 0.0930279 0.108406
25 0.0999962 0.00638564 0.0936106 0.106382
26 0.102173 0.0102071 0.0919662 0.11238
27 0.0978642 0.00403763 0.0938265 0.101902
28 0.100387 0.00708014 0.0933065 0.107467
29 0.100146 0.00714946 0.0929969 0.107296
30 0.101843 0.00744225 0.0944007 0.109285
31 0.100477 0.00903735 0.0914393 0.109514
32 0.104666 0.0126098 0.0920559 0.117276
33 0.0995158 0.00464468 0.0948711 0.10416
34 0.106272 0.00565461 0.100618 0.111927
35 0.109921 0.00721598 0.102705 0.117137
36 0.110777 0.0100518 0.100725 0.120828
37 0.112473 0.00967353 0.1028 0.122147
38 0.10962 0.00673041 0.10289 0.116351
39 0.106678 0.00314785 0.10353 0.109825
40 0.109681 0.00894583 0.100735 0.118626
41 0.105837 0.00471604 0.101121 0.110553
42 0.108149 0.00811129 0.100038 0.11626
43 0.112188 0.0171729 0.0950151 0.129361
44 0.116482 0.0265293 0.0899528 0.143011
45 0.112458 0.0206007 0.0918575 0.133059
46 0.107954 0.00797068 0.0999832 0.115925
47 0.106543 0.00469412 0.101848 0.111237
48 0.106573 0.00466164 0.101911 0.111234
49 0.108254 0.00597303 0.102281 0.114227
50 0.108089 0.00604728 0.102042 0.114136
51 0.108344 0.00786596 0.100478 0.11621
52 0.107714 0.00715678 0.100557 0.11487
53 0.10875 0.00745556 0.101294 0.116205
54 0.10878 0.0126089 0.0961708 0.121389
55 0.110717 0.0092799 0.101437 0.119996
56 0.107338 0.00628277 0.101056 0.113621
57 0.106047 0.00386111 0.102186 0.109908
58 0.108164 0.00773767 0.100426 0.115902
59 0.106633 0.00342369 0.103209 0.110056
60 0.109771 0.00837719 0.101393 0.118148
61 0.105822 0.00338329 0.102439 0.109205
62 0.107909 0.0062898 0.101619 0.114199
63 0.10872 0.00934689 0.0993727 0.118066
64 0.108104 0.00499961 0.103104 0.113104
65 0.105446 0.00249308 0.102953 0.10794
66 0.106467 0.00457532 0.101892 0.111043
67 0.108089 0.00682223 0.101267 0.114911
68 0.110446 0.0134647 0.0969815 0.123911
69 0.106663 0.00490272 0.10176 0.111565
70 0.109035 0.0105584 0.0984765 0.119593
71 0.107503 0.00721881 0.100285 0.114722
72 0.108765 0.0105668 0.0981978 0.119331
73 0.108329 0.00517236 0.103157 0.113502
74 0.108434 0.00434216 0.104092 0.112776
75 0.108539 0.0101711 0.0983683 0.118711
76 0.107458 0.00641613 0.101042 0.113875
77 0.111813 0.0225869 0.0892257 0.134399
78 0.111287 0.0118317 0.0994554 0.123119
79 0.10953 0.00907045 0.10046 0.118601
80 0.107594 0.00616588 0.101428 0.113759
81 0.108179 0.00867096 0.0995081 0.11685
82 0.109485 0.00803821 0.101447 0.117524
83 0.10923 0.00688237 0.102348 0.116112
84 0.110732 0.008729 0.102003 0.119461
85 0.109125 0.00856345 0.100562 0.117688
86 0.117113 0.0324027 0.08471 0.149515
87 0.108975 0.00883733 0.100138 0.117812
88 0.109305 0.00879493 0.10051 0.1181
89 0.110041 0.00865566 0.101385 0.118697
90 0.107834 0.00677143 0.101062 0.114605
91 0.111798 0.0114984 0.100299 0.123296
92 0.108524 0.0120222 0.0965022 0.120547
93 0.105672 0.00291125 0.10276 0.108583
94 0.112864 0.0142174 0.0986462 0.127081
95 0.107518 0.0065222 0.100996 0.114041
96 0.112023 0.0126526 0.0993702 0.124675
97 0.109335 0.00695731 0.102378 0.116293
98 0.118149 0.0728745 0.0452742 0.191023
99 0.106242 0.00877779 0.0974644 0.11502
100 0.108344 0.0131112 0.0952331 0.121455
101 0.1042 0.00732976 0.0968705 0.11153
102 0.105582 0.00793377 0.0976478 0.113515
103 0.107579 0.0101704 0.0974081 0.117749
104 0.107879 0.00625933 0.101619 0.114138
105 0.107699 0.0078921 0.0998065 0.115591
106 0.107624 0.00818385 0.0994397 0.115807
107 0.107744 0.00795998 0.0997837 0.115704
108 0.10399 0.00475188 0.0992382 0.108742
109 0.107143 0.0223407 0.0848024 0.129484
110 0.103915 0.00482847 0.0990865 0.108743
111 0.106182 0.0070401 0.0991421 0.113222
112 0.107909 0.0030833 0.104826 0.110992
113 0.108104 0.0056515 0.102453 0.113756
114 0.11995 0.0469335 0.0730169 0.166884
115 0.107579 0.0101549 0.0974236 0.117733
116 0.106738 0.00886156 0.0978761 0.115599
117 0.106648 0.0037999 0.102848 0.110448
118 0.105642 0.00240719 0.103234 0.108049
119 0.106302 0.00495704 0.101345 0.111259
120 0.107939 0.00934013 0.0985987 0.117279
121 0.111918 0.0137006 0.0982171 0.125618
122 0.108164 0.00735469 0.100809 0.115519
123 0.106332 0.00597334 0.100359 0.112306
124 0.108179 0.00973134 0.0984477 0.11791
125 0.107203 0.00625294 0.10095 0.113456
126 0.10411 0.00126371 0.102846 0.105374
127 0.106768 0.00811862 0.0986491 0.114886
128 0.115506 0.0254997 0.0900065 0.141006
129 0.105446 0.0021867 0.10326 0.107633
130 0.106362 0.005268 0.101094 0.11163
131 0.109756 0.0124453 0.0973103 0.122201
132 0.107278 0.00754788 0.0997303 0.114826
133 0.108284 0.00815239 0.100132 0.116437
134 0.106933 0.00932053 0.0976124 0.116253
135 0.107353 0.00724468 0.100109 0.114598
136 0.104966 0.00353459 0.101431 0.108501
137 0.106077 0.00628951 0.0997876 0.112367
138 0.108044 0.00975805 0.0982859 0.117802
139 0.107128 0.0105678 0.0965603 0.117696
140 0.105341 0.00618085 0.0991605 0.111522
141 0.105747 0.00564932 0.100097 0.111396
142 0.105176 0.0039404 0.101236 0.109117
143 0.108194 0.00967196 0.0985221 0.117866
144 0.10351 0.00209364 0.101416 0.105603
145 0.109801 0.012377 0.0974237 0.122178
146 0.106212 0.0123433 0.0938689 0.118556
147 0.109515 0.01701 0.0925054 0.126525
148 0.107879 0.00846254 0.0994163 0.116341
149 0.106182 0.00553331 0.100649 0.111715
150 0.105882 0.00478902 0.101093 0.110671
151 0.107924 0.0118671 0.0960568 0.119791
152 0.107293 0.00732982 0.0999634 0.114623
153 0.107083 0.0111202 0.0959629 0.118203
154 0.106437 0.00793892 0.0984985 0.114376
155 0.106903 0.00823416 0.0986687 0.115137
156 0.106933 0.0088465 0.0980864 0.115779
157 0.107398 0.00951176 0.0978866 0.11691
158 0.105507 0.0046562 0.10085 0.110163
159 0.107338 0.0110633 0.096275 0.118402
160 0.108284 0.00622287 0.102061 0.114507
161 0.106528 0.00564741 0.10088 0.112175
162 0.106047 0.00520573 0.100841 0.111253
163 0.107008 0.00662358 0.100384 0.113632
164 0.104365 0.00232501 0.10204 0.10669
165 0.10887 0.0100695 0.0988002 0.118939
166 0.105401 0.00482803 0.100573 0.110229
167 0.109005 0.0101948 0.0988101 0.1192
168 0.107323 0.00946858 0.0978547 0.116792
169 0.10884 0.0105176 0.0983221 0.119357
170 0.114545 0.0249604 0.0895848 0.139506
171 0.107503 0.0073965 0.100107 0.1149
172 0.107473 0.00661584 0.100858 0.114089
173 0.106903 0.00724748 0.0996554 0.11415
174 0.10869 0.0182564 0.0904332 0.126946
175 0.107383 0.011861 0.0955223 0.119244
176 0.105476 0.00488454 0.100592 0.110361
177 0.108299 0.0100667 0.0982325 0.118366
178 0.105777 0.00519237 0.100584 0.110969
179 0.107338 0.00736625 0.099972 0.114705
180 0.106708 0.00698924 0.0997184 0.113697
181 0.106978 0.00657069 0.100407 0.113549
182 0.106272 0.00568721 0.100585 0.111959
183 0.107729 0.00921495 0.0985137 0.116944
184 0.112864 0.0227805 0.0900831 0.135644
185 0.105687 0.00678578 0.0989009 0.112472
186 0.106122 0.0108089 0.0953132 0.116931
187 0.109155 0.0107508 0.0984042 0.119906
188 0.105552 0.0035651 0.101986 0.109117
189 0.106678 0.00611431 0.100563 0.112792
190 0.106287 0.0064938 0.0997935 0.112781
191 0.105567 0.00425889 0.101308 0.109825
192 0.106948 0.0050777 0.10187 0.112026
193 0.108104 0.0079636 0.10014 0.116068
194 0.10366 0.00121088 0.102449 0.104871
195 0.106678 0.0102137 0.0964639 0.116891
196 0.110101 0.0082365 0.101864 0.118337
197 0.106528 0.00240208 0.104125 0.10893
198 0.105236 0.00454566 0.100691 0.109782
199 0.0999662 0.00263998 0.0973262 0.102606
200 0.102864 0.00666443 0.0961995 0.109528
201 0.101588 0.00718005 0.0944077 0.108768
202 0.103119 0.00761657 0.0955026 0.110736
203 0.099801 0.00333885 0.0964622 0.10314
204 0.101287 0.0051551 0.0961324 0.106443
205 0.104501 0.0102032 0.0942974 0.114704
206 0.102669 0.0102999 0.0923689 0.112969
207 0.102248 0.0077014 0.094547 0.10995
208 0.099786 0.00302994 0.0967561 0.102816
209 0.102053 0.00822061 0.0938326 0.110274
210 0.103269 0.0091934 0.094076 0.112463
211 0.10917 0.029302 0.079868 0.138472
212 0.099786 0.00371206 0.096074 0.103498
213 0.103435 0.0100825 0.093352 0.113517
214 0.102068 0.00865171 0.0934165 0.11072
215 0.101348 0.00482195 0.0965256 0.106169
216 0.103495 0.0085697 0.0949249 0.112064
217 0.0994107 0.00278391 0.0966267 0.102195
218 0.100236 0.00558295 0.0946535 0.105819
219 0.100717 0.00945142 0.0912655 0.110168
220 0.098705 0.00594018 0.0927648 0.104645
221 0.107143 0.0392708 0.0678723 0.146414
222 0.09875 0.0058269 0.0929231 0.104577
223 0.0974287 0.00460185 0.0928269 0.102031
224 0.101152 0.0103512 0.0908012 0.111503
225 0.100702 0.00820304 0.0924989 0.108905
226 0.0992155 0.00479466 0.0944208 0.10401
227 0.100942 0.00744164 0.0935005 0.108384
228 0.119905 0.0870037 0.0329017 0.206909
229 0.0972486 0.00252185 0.0947267 0.0997704
230 0.0978642 0.00358201 0.0942822 0.101446
231 0.104966 0.00738337 0.0975826 0.112349
232 0.101753 0.00434981 0.0974031 0.106103
233 0.102744 0.00828127 0.0944626 0.111025
234 0.10429 0.00875233 0.095538 0.113043
235 0.102684 0.00513176 0.097552 0.107816
236 0.103915 0.0104794 0.0934356 0.114394
237 0.102038 0.00493754 0.0971006 0.106976
238 0.105732 0.00775705 0.0979747 0.113489
239 0.102654 0.00505278 0.097601 0.107707
240 0.104951 0.0103408 0.0946102 0.115292
241 0.103735 0.00829661 0.0954382 0.112031
242 0.104365 0.012198 0.0921675 0.116563
243 0.104831 0.0111297 0.0937012 0.115961
244 0.102564 0.00557073 0.096993 0.108134
245 0.10899 0.0267752 0.0822147 0.135765
246 0.103435 0.00773294 0.0957016 0.111167
247 0.106588 0.0120537 0.0945339 0.118641
248 0.102909 0.00465118 0.0982578 0.10756
249 0.105927 0.0135672 0.0923597 0.119494
250 0.10351 0.00688448 0.0966251 0.110394
251 0.102068 0.00534725 0.096721 0.107415
252 0.106152 0.0116381 0.0945141 0.11779
253 0.107864 0.00910406 0.0987597 0.116968
254 0.10342 0.0094012 0.0940183 0.112821
255 0.105341 0.0135139 0.0918275 0.118855
256 0.102384 0.0038881 0.0984954 0.106272
257 0.103525 0.00629238 0.0972322 0.109817
258 0.101558 0.0044909 0.0970668 0.106049
259 0.102909 0.0082877 0.0946213 0.111197
260 0.105386 0.00960759 0.0957788 0.114994
261 0.106422 0.0132101 0.0932123 0.119633
262 0.103149 0.00664955 0.0964997 0.109799
263 0.101648 0.00482943 0.0968184 0.106477
264 0.102278 0.0032222 0.0990562 0.105501
265 0.104981 0.0114738 0.0935072 0.116455
266 0.103074 0.00844281 0.0946314 0.111517
267 0.102353 0.00797338 0.0943801 0.110327
268 0.101062 0.00543305 0.0956292 0.106495
269 0.103705 0.00524026 0.0984645 0.108945
270 0.103435 0.0059783 0.0974562 0.109413
271 0.102579 0.00495377 0.0976249 0.107532
272 0.105281 0.0085645 0.0967168 0.113846
273 0.103104 0.00489137 0.0982128 0.107996
274 0.103014 0.00621132 0.0968028 0.109225
275 0.103435 0.00484059 0.0985939 0.108275
276 0.106137 0.0109441 0.0951931 0.117081
277 0.104756 0.00922199 0.0955338 0.113978
278 0.100312 0.00606366 0.0942479 0.106375
279 0.100747 0.00804332 0.0927036 0.10879
280 0.0988701 0.0050058 0.0938643 0.103876
281 0.102338 0.0118546 0.0904839 0.114193
282 0.102789 0.0121133 0.0906756 0.114902
283 0.0984197 0.00328659 0.0951331 0.101706
284 0.100101 0.0072756 0.0928257 0.107377
285 0.099771 0.00874706 0.0910239 0.108518
286 0.101693 0.0120559 0.089637 0.113749
287 0.0978191 0.00333426 0.0944849 0.101153
288 0.0990653 0.00283753 0.0962278 0.101903
289 0.0978942 0.00463166 0.0932625 0.102526
290 0.100312 0.00967773 0.0906338 0.109989
291 0.0998461 0.00871174 0.0911343 0.108558
292 0.0982846 0.00385389 0.0944307 0.102138
293 0.0995007 0.00477004 0.0947307 0.104271
294 0.0978492 0.00477476 0.0930744 0.102624
295 0.0967681 0.00799856 0.0887696 0.104767
296 0.0973236 0.0102124 0.0871112 0.107536
297 0.102714 0.00610073 0.0966131 0.108815
298 0.0999812 0.00518246 0.0947987 0.105164
299 0.100131 0.00486846 0.0952629 0.105
300 0.100146 0.00504852 0.0950978 0.105195
301 0.0984197 0.00318204 0.0952377 0.101602
302 0.102263 0.00658549 0.0956779 0.108849
303 0.099816 0.00534092 0.0944751 0.105157
304 0.102293 0.00953448 0.0927589 0.111828
305 0.102368 0.00888769 0.0934808 0.111256
306 0.100837 0.00635705 0.09448 0.107194
307 0.100597 0.0050239 0.0955729 0.105621
308 0.106843 0.00570596 0.101137 0.112549
309 0.104936 0.00615371 0.0987823 0.11109
310 0.105041 0.00511515 0.0999259 0.110156
311 0.102113 0.00356633 0.0985469 0.10568
312 0.105672 0.00924524 0.0964264 0.114917
313 0.104185 0.0138007 0.0903845 0.117986
314 0.1042 0.00924529 0.094955 0.113446
315 0.105386 0.00699066 0.0983957 0.112377
316 0.103134 0.00489063 0.0982436 0.108025
317 0.100687 0.0028283 0.0978586 0.103515
318 0.102564 0.00620914 0.0963545 0.108773
319 0.106017 0.0143993 0.0916177 0.120416
320 0.104771 0.0144326 0.0903382 0.119203
321 0.100387 0.00982092 0.0905657 0.110208
322 0.0978792 0.00429264 0.0935865 0.102172
323 0.100402 0.00903878 0.0913628 0.10944
324 0.123704 0.0863872 0.0373169 0.210091
325 0.0996359 0.0101618 0.089474 0.109798
326 0.0964979 0.00259932 0.0938985 0.0990972
327 0.0986749 0.00481156 0.0938634 0.103487
328 0.100432 0.0085798 0.0918518 0.109011
329 0.0964228 0.00344339 0.0929794 0.0998662
330 0.09869 0.00751819 0.0911718 0.106208
331 0.0967831 0.00525385 0.0915293 0.102037
332 0.0999962 0.00861049 0.0913857 0.108607
333 0.100342 0.011086 0.0892555 0.111428
334 0.096678 0.00425148 0.0924265 0.100929
335 0.0965579 0.00340066 0.0931572 0.0999586
336 0.0985698 0.00597482 0.092595 0.104545
337 0.0979392 0.00715499 0.0907842 0.105094
338 0.0989152 0.0099542 0.088961 0.108869
339 0.0970984 0.00677235 0.0903261 0.103871
340 0.0968132 0.00499907 0.0918141 0.101812
341 0.0971735 0.00620473 0.0909688 0.103378
342 0.0976239 0.00459344 0.0930305 0.102217
343 0.0984497 0.00726009 0.0911896 0.10571
344 0.104966 0.0386083 0.0663577 0.143574
345 0.0978492 0.00594942 0.0918997 0.103799
346 0.102669 0.0224396 0.0802292 0.125108
347 0.0969783 0.00427052 0.0927078 0.101249
348 0.095627 0.00242003 0.093207 0.098047
349 0.0979993 0.00577561 0.0922237 0.103775
350 0.097684 0.00954385 0.0881401 0.107228
351 0.0999061 0.0113198 0.0885864 0.111226
352 0.100251 0.00775552 0.0924959 0.108007
353 0.0971735 0.00478337 0.0923901 0.101957
354 0.0979543 0.0066895 0.0912647 0.104644
355 0.101993 0.0219265 0.0800666 0.12392
356 0.101122 0.0118368 0.0892855 0.112959
357 0.0969783 0.00770607 0.0892722 0.104684
358 0.0993956 0.00904712 0.0903485 0.108443
359 0.0988101 0.007769 0.0910411 0.106579
360 0.0997109 0.00928203 0.0904289 0.108993
361 0.0970534 0.00330945 0.0937439 0.100363
362 0.0992605 0.0108169 0.0884437 0.110077
363 0.0993956 0.00939861 0.089997 0.108794
364 0.100041 0.0105676 0.0894737 0.110609
365 0.101408 0.0131488 0.0882588 0.114556
366 0.0994107 0.00594426 0.0934664 0.105355
367 0.0967531 0.00369685 0.0930562 0.10045
368 0.099771 0.00963543 0.0901356 0.109406
369 0.099726 0.00848756 0.0912384 0.108214
370 0.100762 0.0100816 0.0906803 0.110844
371 0.100447 0.0155083 0.0849384 0.115955
372 0.100191 0.00933376 0.0908576 0.109525
373 0.098705 0.00923998 0.089465 0.107945
374 0.101678 0.0123602 0.0893176 0.114038
375 0.0988551 0.0050602 0.0937949 0.103915
376 0.0982996 0.00585007 0.0924495 0.10415
377 0.09875 0.00594032 0.0928097 0.10469
378 0.0991854 0.00620088 0.0929846 0.105386
379 0.100657 0.00859771 0.0920591 0.109255
380 0.100146 0.00948243 0.0906639 0.109629
381 0.0970834 0.00397597 0.0931074 0.101059
382 0.0974738 0.00338861 0.0940852 0.100862
383 0.0985849 0.00676491 0.09182 0.10535
384 0.130611 0.117043 0.0135677 0.247654
385 0.100236 0.00822353 0.0920129 0.10846
386 0.0989602 0.00505385 0.0939064 0.104014
387 0.0986749 0.00611912 0.0925558 0.104794
388 0.0985548 0.00813257 0.0904223 0.106687
389 0.0984647 0.00572828 0.0927365 0.104193
390 0.103615 0.0221286 0.0814861 0.125743
391 0.0991704 0.0079624 0.091208 0.107133
392 0.102564 0.0117901 0.0907736 0.114354
393 0.100507 0.00821613 0.0922906 0.108723
394 0.096663 0.00523305 0.09143 0.101896
395 0.0962876 0.00430396 0.0919837 0.100592
396 0.103029 0.00859 0.0944391 0.111619
397 0.101227 0.00535652 0.0958709 0.106584
398 0.101783 0.00764734 0.0941356 0.10943
399 0.10396 0.0105894 0.0933706 0.114549
400 0.10375 0.00901642 0.0947334 0.112766
401 0.104471 0.00846309 0.0960074 0.112934
402 0.100597 0.00429214 0.0963047 0.104889
403 0.100116 0.00488503 0.0952313 0.105001
404 0.102233 0.00601364 0.0962197 0.108247
405 0.10369 0.0146528 0.089037 0.118343
406 0.107789 0.024997 0.0827917 0.132786
407 0.105552 0.0158485 0.0897031 0.1214
408 0.0985548 0.00250988 0.0960449 0.101065
409 0.102338 0.00783725 0.0945012 0.110176
410 0.097744 0.00493562 0.0928084 0.10268
411 0.0950865 0.00338045 0.091706 0.0984669
412 0.101182 0.0199972 0.0811852 0.12118
413 0.0970834 0.00875748 0.0883259 0.105841
414 0.0969333 0.00675323 0.09018 0.103687
415 0.0974287 0.00768322 0.0897455 0.105112
416 0.0939154 0.00315786 0.0907575 0.0970732
417 0.0984347 0.0126309 0.0858038 0.111066
418 0.0922187 0.00311042 0.0891083 0.0953292
419 0.0948162 0.00738361 0.0874326 0.1022
420 0.0947562 0.00590621 0.08885 0.100662
421 0.0934349 0.00463095 0.088804 0.0980659
422 0.0952066 0.00536205 0.0898446 0.100569
423 0.0931046 0.0031098 0.0899948 0.0962144
424 0.0938103 0.00658133 0.0872289 0.100392
425 0.0943958 0.00508835 0.0893075 0.0994842
426 0.0979092 0.0130418 0.0848674 0.110951
427 0.0981945 0.00293915 0.0952553 0.101134
428 0.0969483 0.00315557 0.0937927 0.100104
429 0.0991254 0.00677276 0.0923526 0.105898
430 0.101257 0.00880855 0.0924489 0.110066
431 0.10417 0.0118201 0.0923502 0.11599
432 0.0985698 0.00311473 0.0954551 0.101685
433 0.101573 0.00782013 0.0937526 0.109393
434 0.100251 0.00716192 0.0930895 0.107413
435 0.097669 0.00529895 0.09237 0.102968
436 0.100612 0.00530881 0.095303 0.105921
437 0.107879 0.0415118 0.066367 0.149391
438 0.0967831 0.00483279 0.0919503 0.101616
439 0.0953868 0.00303466 0.0923521 0.0984214
440 0.0982996 0.00532729 0.0929723 0.103627
441 0.100807 0.00991413 0.0908929 0.110721
442 0.0964528 0.00284974 0.0936031 0.0993025
443 0.0984197 0.00675742 0.0916623 0.105177
444 0.0972185 0.00373359 0.093485 0.100952
445 0.098705 0.00486162 0.0938434 0.103567
446 0.100372 0.00644179 0.0939298 0.106813
447 0.102399 0.0213976 0.081001 0.123796
448 0.112578 0.0277651 0.0848132 0.140343
449 0.0981945 0.00446311 0.0937314 0.102658
450 0.105987 0.00835185 0.0976351 0.114339
451 0.105507 0.0100641 0.0954425 0.115571
452 0.107098 0.0203458 0.0867522 0.127444
453 0.104005 0.00499173 0.0990133 0.108997
454 0.110236 0.0141356 0.0961005 0.124372
455 0.106678 0.00986113 0.0968165 0.116539
456 0.104831 0.00702374 0.0978071 0.111855
457 0.105927 0.0104399 0.095487 0.116367
458 0.100477 0.0105595 0.0899172 0.111036
459 0.0990053 0.00651572 0.0924895 0.105521
460 0.100041 0.0109839 0.0890574 0.111025
461 0.096648 0.00283017 0.0938178 0.0994782
462 0.100957 0.0121116 0.0888456 0.113069
463 0.0998911 0.00628621 0.0936049 0.106177
464 0.0992605 0.00859187 0.0906686 0.107852
465 0.0985398 0.00759753 0.0909423 0.106137
466 0.0983596 0.00595714 0.0924025 0.104317
467 0.111647 0.0380769 0.0735705 0.149724
468 0.0991104 0.0116233 0.087487 0.110734
469 0.101633 0.0108672 0.0907656 0.1125
470 0.0986149 0.00491356 0.0937013 0.103528
471 0.101828 0.0145291 0.0872989 0.116357
472 0.101513 0.0115798 0.0899329 0.113092
473 0.0993056 0.00492245 0.0943831 0.104228
474 0.0994257 0.00568086 0.0937448 0.105107
475 0.101378 0.010937 0.0904405 0.112315
476 0.0992905 0.00592055 0.09337 0.105211
477 0.101227 0.00718683 0.0940406 0.108414
478 0.101333 0.00810584 0.0932267 0.109438
479 0.0998461 0.00862017 0.0912259 0.108466
480 0.101513 0.00616322 0.0953495 0.107676
481 0.100447 0.0054231 0.0950235 0.10587
482 0.0983897 0.00455042 0.0938393 0.10294
483 0.100266 0.00857686 0.0916896 0.108843
484 0.100492 0.00926832 0.0912234 0.10976
485 0.100402 0.00506971 0.0953319 0.105471
486 0.103119 0.00953643 0.0935828 0.112656
487 0.0999662 0.00653216 0.093434 0.106498
488 0.102368 0.00875068 0.0936178 0.111119
489 0.100236 0.00629075 0.0939457 0.106527
490 0.098705 0.00484211 0.0938629 0.103547
491 0.094546 0.00204169 0.0925043 0.0965877
492 0.0988851 0.0118293 0.0870559 0.110714
493 0.100537 0.0037741 0.0967626 0.104311
494 0.102173 0.00895187 0.0932214 0.111125
495 0.0991404 0.00388555 0.0952548 0.103026
496 0.103765 0.0116485 0.0921163 0.115413
497 0.106362 0.0102008 0.0961615 0.116563
498 0.097729 0.00212649 0.0956025 0.0998555
499 0.100387 0.00369868 0.0966879 0.104085
500 0.101498 0.0100208 0.0914768 0.111518
501 0.100372 0.00627875 0.0940928 0.10665
502 0.101017 0.00692125 0.0940959 0.107938
503 0.100342 0.00424489 0.0960967 0.104586
504 0.101858 0.0102814 0.0915766 0.112139
505 0.107488 0.00648894 0.100999 0.113977
506 0.103344 0.00330628 0.100038 0.106651
507 0.102323 0.00322845 0.099095 0.105552
508 0.102924 0.00525624 0.0976678 0.10818
509 0.105221 0.0111841 0.0940372 0.116405
510 0.104275 0.00837202 0.0959033 0.112647
511 0.10917 0.0248311 0.0843389 0.134001
512 0.106603 0.0130448 0.0935578 0.119647
513 0.106302 0.0104719 0.0958304 0.116774
514 0.100702 0.00354198 0.0971599 0.104244
515 0.103705 0.0101016 0.0936032 0.113806
516 0.0982996 0.00511133 0.0931883 0.103411
517 0.0984047 0.00885221 0.0895525 0.107257
518 0.0988401 0.00605756 0.0927825 0.104898
519 0.0973987 0.00491894 0.0924798 0.102318
520 0.100342 0.0094885 0.090853 0.10983
521 0.0998311 0.0123201 0.087511 0.112151
522 0.0970083 0.00502163 0.0919867 0.10203
523 0.100297 0.011971 0.0883256 0.112267
524 0.0990503 0.00927901 0.0897713 0.108329
525 0.100912 0.00770724 0.0932049 0.108619
526 0.0979693 0.0054673 0.092502 0.103437
527 0.100777 0.0090528 0.0917242 0.10983
528 0.099801 0.00742648 0.0923746 0.107228
529 0.0990203 0.0105371 0.0884832 0.109557
530 0.0994857 0.0109628 0.0885229 0.110449
531 0.101783 0.012041 0.089742 0.113824
532 0.097699 0.0045405 0.0931585 0.10224
533 0.0990353 0.00902996 0.0900053 0.108065
534 0.0967231 0.00360459 0.0931185 0.100328
535 0.0972486 0.00531713 0.0919314 0.102566
536 0.097654 0.00680577 0.0908482 0.10446
537 0.0991854 0.00731874 0.0918667 0.106504
538 0.0993956 0.00792672 0.0914689 0.107322
539 0.0973086 0.00367222 0.0936364 0.100981
540 0.0975188 0.0050004 0.0925184 0.102519
541 0.099801 0.00879917 0.0910019 0.1086
542 0.0978492 0.00574273 0.0921064 0.103592
543 0.0970384 0.00455636 0.092482 0.101595
544 0.0992155 0.00596011 0.0932554 0.105176
545 0.0973086 0.00361655 0.0936921 0.100925
546 0.0979242 0.00666202 0.0912622 0.104586
547 0.0970684 0.0050022 0.0920662 0.102071
548 0.11471 0.0621392 0.0525712 0.17685
549 0.0967981 0.00433632 0.0924618 0.101134
550 0.0963777 0.00454268 0.0918351 0.10092
551 0.100071 0.00974431 0.090327 0.109816
552 0.0995758 0.00987599 0.0896998 0.109452
553 0.09872 0.00524249 0.0934775 0.103962
554 0.098705 0.00707822 0.0916267 0.105783
555 0.0992155 0.0117187 0.0874967 0.110934
556 0.101513 0.0107369 0.0907757 0.11225
557 0.101212 0.0130463 0.0881661 0.114259
558 0.103284 0.0232373 0.0800471 0.126522
559 0.0984047 0.00536762 0.0930371 0.103772
560 0.0980894 0.00481145 0.0932779 0.102901
561 0.102278 0.0110269 0.0912515 0.113305
562 0.0979543 0.00495213 0.0930021 0.102906
563 0.0995158 0.00826499 0.0912508 0.107781
564 0.0992455 0.00754646 0.091699 0.106792
565 0.099741 0.0101874 0.0895536 0.109928
566 0.0981494 0.00669602 0.0914534 0.104845
567 0.0978642 0.00525111 0.0926131 0.103115
568 0.100762 0.0118332 0.0889287 0.112595
569 0.0964378 0.00329535 0.0931424 0.0997331
570 0.101182 0.0134459 0.0877364 0.114628
571 0.0996359 0.0101601 0.0894758 0.109796
572 0.0971735 0.0057389 0.0914346 0.102912
573 0.099816 0.00683934 0.0929767 0.106655
574 0.0967231 0.0023719 0.0943512 0.099095
575 0.0971435 0.00448377 0.0926597 0.101627
576 0.101122 0.00829954 0.0928228 0.109422
577 0.103284 0.0105902 0.0926941 0.113875
578 0.097744 0.0050503 0.0926937 0.102794
579 0.0996659 0.00797995 0.0916859 0.107646
580 0.102684 0.00945241 0.0932314 0.112136
581 0.0996058 0.00579729 0.0938086 0.105403
582 0.102849 0.0126302 0.0902188 0.115479
583 0.116617 0.0657055 0.0509117 0.182323
584 0.0973086 0.00550232 0.0918063 0.102811
585 0.107924 0.0379198 0.0700041 0.145844
586 0.0973537 0.00484071 0.092513 0.102194
587 0.0976389 0.00641823 0.0912207 0.104057
588 0.0964378 0.00247857 0.0939592 0.0989164
589 0.101678 0.00482747 0.0968504 0.106505
590 0.0982846 0.00273593 0.0955486 0.10102
591 0.0981344 0.00588873 0.0922457 0.104023
592 0.0971735 0.00783023 0.0893433 0.105004
593 0.101062 0.0044998 0.0965624 0.105562
594 0.100266 0.00555242 0.0947141 0.105819
595 0.101708 0.00606784 0.09564 0.107776
596 0.101363 0.00601589 0.0953466 0.107378
597 0.100777 0.00313856 0.0976384 0.103916
598 0.101032 0.00567496 0.0953572 0.106707
599 0.101287 0.00789771 0.0933897 0.109185
600 0.105311 0.0237733 0.081538 0.129085
601 0.102639 0.00662585 0.0960129 0.109265
602 0.101678 0.00541137 0.0962665 0.107089
603 0.104771 0.0184527 0.0863181 0.123224
604 0.107158 0.0200039 0.0871542 0.127162
605 0.100116 0.00434268 0.0957737 0.104459
606 0.100957 0.00612516 0.094832 0.107082
607 0.096678 0.00698097 0.089697 0.103659
608 0.0978792 0.00532831 0.0925509 0.103207
609 0.108104 0.0253183 0.0827857 0.133422
610 0.0972336 0.00688743 0.0903461 0.104121
611 0.100987 0.0115808 0.0894063 0.112568
612 0.0999512 0.0206869 0.0792643 0.120638
613 0.0940655 0.00344859 0.0906169 0.0975141
614 0.0933748 0.00440768 0.0889672 0.0977825
615 0.0928644 0.00321306 0.0896513 0.0960774
616 0.0965879 0.00867221 0.0879157 0.10526
617 0.095627 0.00516765 0.0904594 0.100795
618 0.0948763 0.00559011 0.0892862 0.100466
619 0.0949363 0.00954063 0.0853957 0.104477
620 0.0932697 0.00460961 0.0886601 0.0978793
621 0.0941406 0.00525677 0.0888838 0.0993974
622 0.0972486 0.0102514 0.0869972 0.1075
623 0.0983596 0.00448575 0.0938739 0.102845
624 0.0984047 0.00716999 0.0912347 0.105575
625 0.0999211 0.0054483 0.0944728 0.105369
626 0.101918 0.0105381 0.0913799 0.112456
627 0.100327 0.0101987 0.0901278 0.110525
628 0.0975489 0.00760761 0.0899412 0.105156
629 0.0979392 0.00864095 0.0892983 0.10658
630 0.102188 0.00968826 0.0925001 0.111877
631 0.102158 0.0128948 0.0892635 0.115053
632 0.098735 0.00638677 0.0923482 0.105122
633 0.097669 0.00542674 0.0922422 0.103096
634 0.0979693 0.00570539 0.0922639 0.103675
635 0.0981344 0.00577508 0.0923593 0.10391
636 0.0993506 0.00810128 0.0912493 0.107452
637 0.0986299 0.0067891 0.0918408 0.105419
638 0.100041 0.0079892 0.0920521 0.10803
639 0.10366 0.0132868 0.090373 0.116947
640 0.100071 0.00674473 0.0933266 0.106816
641 0.0996809 0.00712734 0.0925536 0.106808
642 0.0990053 0.00810229 0.090903 0.107108
643 0.10387 0.0115328 0.0923372 0.115403
644 0.10402 0.008213 0.0958071 0.112233
645 0.102293 0.00430187 0.0979916 0.106595
646 0.10417 0.0104031 0.0937671 0.114573
647 0.10959 0.0163957 0.0931947 0.125986
648 0.102669 0.00618836 0.0964804 0.108857
649 0.105807 0.0128699 0.092937 0.118677
650 0.106798 0.0152239 0.0915739 0.122022
651 0.104636 0.0123058 0.0923299 0.116941
652 0.103029 0.00618836 0.0968408 0.109217
653 0.102368 0.00346037 0.0989081 0.105829
654 0.102879 0.00623228 0.0966467 0.109111
655 0.105431 0.0152063 0.0902252 0.120638
656 0.102429 0.00522701 0.0972015 0.107656
657 0.0975038 0.00272767 0.0947761 0.100231
658 0.0963777 0.00260313 0.0937746 0.0989809
659 0.09872 0.00546895 0.093251 0.104189
660 0.0978642 0.00586594 0.0919982 0.10373
661 0.101077 0.00848517 0.0925921 0.109562
662 0.0991554 0.00531486 0.0938405 0.10447
663 0.0992605 0.00685388 0.0924066 0.106114
664 0.0992605 0.00915043 0.0901101 0.108411
665 0.101333 0.00730972 0.0940228 0.108642
666 0.0985849 0.00368891 0.0948959 0.102274
667 0.0991554 0.00711286 0.0920426 0.106268
668 0.099771 0.00487068 0.0949003 0.104642
669 0.101272 0.0112426 0.0900299 0.112515
670 0.102338 0.0109375 0.0914009 0.113276
671 0.099771 0.00526052 0.0945105 0.105032
672 0.101348 0.00766031 0.0936872 0.109008
673 0.0992305 0.00597754 0.0932529 0.105208
674 0.099786 0.00661393 0.0931721 0.1064
675 0.103224 0.0107047 0.0925196 0.113929
676 0.0990953 0.00476883 0.0943265 0.103864
677 0.0996959 0.00724997 0.092446 0.106946
678 0.0979543 0.00355002 0.0944042 0.101504
679 0.100387 0.0070367 0.0933499 0.107423
680 0.100131 0.0061118 0.0940195 0.106243
681 0.101107 0.0108712 0.0902361 0.111978
682 0.098765 0.00496331 0.0938017 0.103728
683 0.100281 0.00448877 0.0957927 0.10477
684 0.100642 0.0103005 0.0903413 0.110942
685 0.0992455 0.00608891 0.0931566 0.105334
686 0.109095 0.0423044 0.0667905 0.151399
687 0.119335 0.077498 0.0418368 0.196833
688 0.0976389 0.00789267 0.0897463 0.105532
689 0.107473 0.0363826 0.0710908 0.143856
690 0.100327 0.00432135 0.0960052 0.104648
691 0.100957 0.00590402 0.0950531 0.106861
692 0.0991554 0.00363412 0.0955213 0.10279
693 0.0993806 0.00390315 0.0954775 0.103284
694 0.0990653 0.0032201 0.0958452 0.102285
695 0.101197 0.00520549 0.0959919 0.106403
696 0.102729 0.0145932 0.0881356 0.117322
697 0.103074 0.0107195 0.0923547 0.113794
698 0.101933 0.00856928 0.0933638 0.110502
699 0.104921 0.0104557 0.0944653 0.115377
700 0.0992905 0.00436843 0.0949221 0.103659
701 0.104531 0.00406878 0.100462 0.108599
702 0.108389 0.00763494 0.100754 0.116024
703 0.100927 0.00177374 0.0991534 0.102701
704 0.106227 0.0115535 0.0946737 0.117781
705 0.104395 0.00795866 0.0964368 0.112354
706 0.1039 0.00632819 0.0975718 0.110228
707 0.105341 0.00799897 0.0973424 0.11334
708 0.103915 0.00631141 0.0976036 0.110226
709 0.103314 0.00637043 0.096944 0.109685
710 0.104756 0.0120094 0.0927464 0.116765
711 0.104621 0.0108206 0.0938001 0.115441
712 0.106933 0.0108145 0.0961184 0.117747
713 0.101693 0.0045395 0.0971533 0.106232
714 0.101408 0.00731627 0.0940913 0.108724
715 0.108765 0.0144858 0.0942788 0.12325
716 0.106242 0.0066204 0.0996218 0.112863
717 0.0994107 0.00590392 0.0935067 0.105315
718 0.0995007 0.00884211 0.0906586 0.108343
719 0.101453 0.0132445 0.0882081 0.114697
720 0.0987951 0.00543266 0.0933624 0.104228
721 0.0984497 0.00701306 0.0914367 0.105463
722 0.097684 0.00406012 0.0936239 0.101744
723 0.101558 0.0120249 0.0895328 0.113583
724 0.0973537 0.00372479 0.0936289 0.101078
725 0.0965879 0.00451061 0.0920773 0.101099
726 0.0972035 0.00421486 0.0929887 0.101418
727 0.0998611 0.0115623 0.0882988 0.111423
728 0.100056 0.00824817 0.0918081 0.108304
729 0.0985849 0.00729034 0.0912945 0.105875
730 0.0979543 0.00829722 0.089657 0.106251
731 0.0973236 0.00498868 0.092335 0.102312
732 0.0960024 0.0032759 0.0927265 0.0992783
733 0.101107 0.0175403 0.0835669 0.118648
734 0.100942 0.00791549 0.0930266 0.108858
735 0.097669 0.00558802 0.092081 0.103257
736 0.0975939 0.00510668 0.0924872 0.102701
737 0.0969633 0.0029035 0.0940598 0.0998668
738 0.0969933 0.00750842 0.0894849 0.104502
739 0.100372 0.00844281 0.0919288 0.108814
740 0.101333 0.0111684 0.0901641 0.112501
741 0.0961976 0.00501876 0.0911788 0.101216
742 0.0987951 0.00969426 0.0891008 0.108489
743 0.0984197 0.00441626 0.0940034 0.102836
744 0.0958973 0.00229535 0.0936019 0.0981926
745 0.0976239 0.00617961 0.0914443 0.103804
746 0.0954018 0.00355192 0.0918499 0.0989537
747 0.100176 0.0128134 0.087363 0.11299
748 0.0978341 0.00338755 0.0944466 0.101222
749 0.0985999 0.00836577 0.0902341 0.106966
750 0.0984798 0.00591918 0.0925606 0.104399
751 0.096648 0.00413732 0.0925107 0.100785
752 0.0991704 0.00758601 0.0915844 0.106756
753 0.0970384 0.00437049 0.0926679 0.101409
754 0.0965729 0.00294589 0.093627 0.0995188
755 0.0957321 0.00266835 0.0930638 0.0984005
756 0.0975489 0.00364857 0.0939003 0.101197
757 0.0982996 0.00511222 0.0931874 0.103412
758 0.09869 0.00692443 0.0917655 0.105614
759 0.0979392 0.0033429 0.0945963 0.101282
760 0.0995007 0.00804431 0.0914564 0.107545
761 0.0983897 0.00556246 0.0928272 0.103952
762 0.10348 0.0160106 0.087469 0.11949
763 0.0995458 0.0113768 0.088169 0.110923
764 0.0979543 0.00529276 0.0926615 0.103247
765 0.0976239 0.00564823 0.0919757 0.103272
766 0.102083 0.00925381 0.0928294 0.111337
767 0.098735 0.00610304 0.092632 0.104838
768 0.0985849 0.00463565 0.0939492 0.103221
769 0.0996809 0.00729738 0.0923835 0.106978
770 0.100447 0.0122908 0.0881559 0.112737
771 0.100657 0.00576649 0.0948904 0.106423
772 0.0962276 0.00188603 0.0943416 0.0981136
773 0.0968582 0.00389158 0.0929666 0.10075
774 0.103059 0.00900346 0.0940557 0.112063
775 0.097714 0.00456341 0.0931506 0.102277
776 0.0980293 0.00486846 0.0931609 0.102898
777 0.102188 0.0093756 0.0928127 0.111564
778 0.101062 0.00783661 0.0932256 0.108899
779 0.0990653 0.00500403 0.0940613 0.104069
780 0.0988851 0.00672144 0.0921637 0.105607
781 0.0992305 0.00490812 0.0943224 0.104139
782 0.0979993 0.00808122 0.0899181 0.106081
783 0.0987951 0.00491594 0.0938791 0.103711
784 0.100086 0.00934092 0.0907454 0.109427
785 0.101302 0.00777817 0.0935243 0.109081
786 0.130806 0.126497 0.00430916 0.257303
787 0.097699 0.00472254 0.0929765 0.102422
788 0.10405 0.0201698 0.0838803 0.12422
789 0.101633 0.00594729 0.0956855 0.10758
790 0.100897 0.0053818 0.0955153 0.106279
791 0.100762 0.00561426 0.0951477 0.106376
792 0.106317 0.0104772 0.0958401 0.116795
793 0.102954 0.00835552 0.0945985 0.11131
794 0.10351 0.0086934 0.0948162 0.112203
795 0.100206 0.00669792 0.0935085 0.106904
796 0.099816 0.00450974 0.0953063 0.104326
797 0.0985098 0.00809861 0.0904112 0.106608
798 0.100852 0.0104327 0.0904193 0.111285
799 0.096663 0.0059195 0.0907435 0.102583
