# ../output/graphs/perf_parallel21QUADRUPED_thread3
# step - mean (0.103491) - standard deviation (0.021516) r=2 - ylow - yhigh
0 0.168281 0.087455 0.0808265 0.255737
1 0.138132 0.062865 0.0752669 0.200997
2 0.107127 0.0327154 0.0744116 0.139843
3 0.099857 0.0284389 0.0714181 0.128296
4 0.120598 0.00470417 0.115894 0.125302
5 0.147113 0.0256592 0.121453 0.172772
6 0.165929 0.0564501 0.109479 0.222379
7 0.118032 0.00898074 0.109051 0.127013
8 0.1129 0.00342121 0.109479 0.116322
9 0.117818 0.00876689 0.109051 0.126585
10 0.122523 0.00320742 0.119315 0.12573
11 0.121453 0.00128296 0.12017 0.122736
12 0.116749 0.00812544 0.108624 0.124875
13 0.101568 0.0220241 0.0795434 0.123592
14 0.0975049 0.0269421 0.0705628 0.124447
15 0.114611 0.00427651 0.110334 0.118888
16 0.115894 0.00641477 0.109479 0.122309
17 0.0966496 0.0200997 0.0765498 0.116749
18 0.119957 0.0010691 0.118888 0.121026
19 0.117177 0.00256591 0.114611 0.119743
20 0.115252 0.00192446 0.113328 0.117177
21 0.113542 0.00363501 0.109907 0.117177
22 0.116108 0.00491796 0.11119 0.121026
23 0.113114 0.00406272 0.109051 0.117177
24 0.114397 0.00363507 0.110762 0.118032
25 0.126585 0.00470417 0.121881 0.131289
26 0.115466 0.00641477 0.109051 0.121881
27 0.10114 0.0203135 0.0808265 0.121453
28 0.0945113 0.0218104 0.0727009 0.116322
29 0.0947251 0.0224518 0.0722733 0.117177
30 0.0737702 0.00235206 0.0714181 0.0761222
31 0.0968634 0.0190305 0.0778328 0.115894
32 0.10114 0.0211688 0.079971 0.122309
33 0.0951528 0.0224519 0.0727009 0.117605
34 0.0968634 0.0228795 0.0739839 0.119743
35 0.106486 0.0132573 0.0932283 0.119743
36 0.0962219 0.0213826 0.0748392 0.117605
37 0.0951528 0.0211688 0.0739839 0.116322
38 0.114397 0.0019244 0.112473 0.116322
39 0.117177 0.00427657 0.1129 0.121453
40 0.120384 0.0091946 0.11119 0.129579
41 0.117177 0.00256591 0.114611 0.119743
42 0.11119 5.96046e-008 0.11119 0.11119
43 0.093656 0.00940834 0.0842477 0.103064
44 0.0951528 0.0190305 0.0761222 0.114183
45 0.0940837 0.0213826 0.072701 0.115466
46 0.0930145 0.0186029 0.0744116 0.111617
47 0.115466 0.000855304 0.114611 0.116322
48 0.094939 0.019672 0.0752669 0.114611
49 0.133855 0.0213826 0.112473 0.155238
50 0.121881 0.0089808 0.1129 0.130862
51 0.0979325 0.0145402 0.0833924 0.112473
52 0.094939 0.0166784 0.0782605 0.111617
53 0.0778328 0.00684243 0.0709904 0.0846753
54 0.0928007 0.0171061 0.0756945 0.109907
55 0.0913039 0.0190306 0.0722733 0.110334
56 0.093656 0.0166785 0.0769775 0.110334
57 0.10563 0.00342127 0.102209 0.109052
58 0.0957943 0.0128296 0.0829647 0.108624
59 0.11119 0.00256591 0.108624 0.113756
60 0.076336 0.00406272 0.0722733 0.0803988
61 0.0720595 0.000213794 0.0718457 0.0722733
62 0.0917315 0.0211688 0.0705627 0.1129
63 0.112687 0.000641447 0.112045 0.113328
64 0.117605 0.00384887 0.113756 0.121453
65 0.0992154 0.0145402 0.0846753 0.113756
66 0.115253 0.00277971 0.112473 0.118032
67 0.094939 0.019672 0.0752669 0.114611
68 0.0975049 0.0166784 0.0808265 0.114183
69 0.0934422 0.0203135 0.0731287 0.113756
70 0.098574 0.0138987 0.0846753 0.112473
71 0.0951528 0.0186029 0.0765499 0.113756
72 0.100926 0.0248039 0.0761222 0.12573
73 0.117818 0.00192446 0.115894 0.119743
74 0.101354 0.0132573 0.0880965 0.114611
75 0.10563 0.0226656 0.0829647 0.128296
76 0.077619 0.00235211 0.0752669 0.0799712
77 0.097291 0.0224518 0.0748392 0.119743
78 0.0789019 0.000213794 0.0786881 0.0791157
79 0.0752669 0 0.0752669 0.0752669
80 0.101995 0.0267283 0.0752669 0.128724
81 0.0977187 0.0228795 0.0748392 0.120598
82 0.100498 0.0256592 0.0748392 0.126158
83 0.125302 0.00470417 0.120598 0.130006
84 0.101354 0.0171061 0.0842477 0.11846
85 0.0979325 0.020955 0.0769775 0.118888
86 0.097291 0.0220241 0.0752669 0.119315
87 0.0966496 0.0200997 0.0765499 0.116749
88 0.0964357 0.0203136 0.0761221 0.116749
89 0.0979325 0.0196721 0.0782604 0.117605
90 0.0979325 0.0188167 0.0791157 0.116749
91 0.112473 0.00513188 0.107341 0.117605
92 0.118246 0.00192446 0.116321 0.12017
93 0.110121 0.0168923 0.0932283 0.127013
94 0.123806 0.00277971 0.121026 0.126585
95 0.113542 0.00620098 0.107341 0.119743
96 0.100712 0.0198858 0.0808265 0.120598
97 0.0996431 0.0230932 0.0765498 0.122736
98 0.0913039 0.0117604 0.0795434 0.103064
99 0.0855306 0.011119 0.0744116 0.0966496
100 0.100712 0.0130435 0.0876688 0.113756
101 0.0962219 0.022238 0.0739839 0.11846
102 0.0795434 0 0.0795434 0.0795434
103 0.0737701 0.000213798 0.0735563 0.0739839
104 0.0977186 0.0220241 0.0756945 0.119743
105 0.120384 0.000213794 0.120171 0.120598
106 0.0987878 0.0200997 0.0786881 0.118888
107 0.097291 0.0220241 0.0752669 0.119315
108 0.108196 0.012402 0.0957942 0.120598
109 0.0987878 0.0166785 0.0821094 0.115466
110 0.0947251 0.0203135 0.0744116 0.115039
111 0.100071 0.0192443 0.0808265 0.119315
112 0.0947251 0.0203135 0.0744116 0.115039
113 0.0953666 0.0205273 0.0748393 0.115894
114 0.0992155 0.0179614 0.0812541 0.117177
115 0.0998569 0.0211688 0.0786881 0.121026
116 0.115894 0.00299356 0.1129 0.118887
117 0.116535 0.00277977 0.113756 0.119315
118 0.0957943 0.0162508 0.0795434 0.112045
119 0.0990017 0.0241623 0.0748393 0.123164
120 0.0957942 0.020955 0.0748392 0.116749
121 0.0994293 0.0138988 0.0855306 0.113328
122 0.10114 0.0194581 0.0816818 0.120598
123 0.093656 0.0200997 0.0735563 0.113756
124 0.115039 0.00256585 0.112473 0.117605
125 0.104775 0.0295081 0.0752669 0.134283
126 0.103278 0.0271559 0.0761222 0.130434
127 0.0919453 0.0188167 0.0731286 0.110762
128 0.0960081 0.016037 0.0799712 0.112045
129 0.116749 0.00171055 0.115039 0.11846
130 0.117818 0.00620098 0.111617 0.124019
131 0.113756 0.00213826 0.111617 0.115894
132 0.0987878 0.0179614 0.0808263 0.116749
133 0.119315 0.00213832 0.117177 0.121453
134 0.121881 0.00769773 0.114183 0.129579
135 0.127227 0.0126158 0.114611 0.139843
136 0.0966495 0.0175338 0.0791157 0.114183
137 0.0970772 0.0230933 0.0739839 0.120171
138 0.124447 0.00769779 0.116749 0.132145
139 0.0932283 0.0175338 0.0756945 0.110762
140 0.0949389 0.0213827 0.0735562 0.116322
141 0.113328 0.00342121 0.109907 0.116749
142 0.115039 0.00427646 0.110762 0.119315
143 0.0964357 0.0177476 0.078688 0.114183
144 0.0977187 0.0160369 0.0816818 0.113756
145 0.114397 0.000641506 0.113756 0.115039
146 0.0940836 0.0205274 0.0735562 0.114611
147 0.098574 0.0237347 0.0748393 0.122309
148 0.0962219 0.0222379 0.073984 0.11846
149 0.0987878 0.0269422 0.0718456 0.12573
150 0.0940837 0.020955 0.0731287 0.115039
151 0.106486 0.00727008 0.0992154 0.113756
152 0.115894 0.00171066 0.114183 0.117605
153 0.0945113 0.0192444 0.0752669 0.113756
154 0.0955804 0.0215965 0.0739839 0.117177
155 0.0767637 0.00406266 0.072701 0.0808263
156 0.0718457 0.000855304 0.0709904 0.072701
157 0.10114 0.0151817 0.0859582 0.116321
158 0.0722733 0.000855304 0.071418 0.0731286
159 0.0945113 0.022238 0.0722733 0.116749
160 0.121667 0.00491802 0.116749 0.126585
161 0.0996431 0.0124018 0.0872413 0.112045
162 0.0934422 0.0194582 0.0739839 0.1129
163 0.0966496 0.023521 0.0731286 0.120171
164 0.0947252 0.0207411 0.073984 0.115466
165 0.0977187 0.0173199 0.0803988 0.115039
166 0.0945113 0.0213826 0.0731286 0.115894
167 0.0994293 0.0254453 0.073984 0.124875
168 0.0966495 0.0213827 0.0752668 0.118032
169 0.0949389 0.0218103 0.0731286 0.116749
170 0.0942975 0.0224518 0.0718457 0.116749
171 0.0945112 0.0218103 0.0727009 0.116321
172 0.121453 0.00641472 0.115039 0.127868
173 0.124447 0.00812538 0.116322 0.132572
174 0.112045 0.00213826 0.109907 0.114183
175 0.114183 0.00384893 0.110334 0.118032
176 0.115039 0.00684243 0.108196 0.121881
177 0.123592 0.00299356 0.120598 0.126585
178 0.104347 0.0175337 0.0868136 0.121881
179 0.107555 0.0301496 0.0774051 0.137704
180 0.097291 0.0190305 0.0782605 0.116321
181 0.11568 0.000213798 0.115466 0.115894
182 0.112473 0 0.112473 0.112473
183 0.0953666 0.0162508 0.0791157 0.111617
184 0.098574 0.0134711 0.0851029 0.112045
185 0.0921592 0.0186029 0.0735563 0.110762
186 0.0919455 0.0188167 0.0731287 0.110762
187 0.0741978 0.00235206 0.0718457 0.0765498
188 0.0928006 0.020955 0.0718456 0.113756
189 0.113328 0.000427652 0.1129 0.113756
190 0.0932283 0.0188168 0.0744115 0.112045
191 0.113756 0.00342127 0.110334 0.117177
192 0.102209 0.00812544 0.0940836 0.110334
193 0.116108 0.00534568 0.110762 0.121453
194 0.0947251 0.0198859 0.0748392 0.114611
195 0.0934422 0.0203135 0.0731287 0.113756
196 0.097291 0.0190305 0.0782604 0.116321
197 0.0977187 0.0113328 0.0863859 0.109051
198 0.112687 0.00235206 0.110334 0.115039
199 0.113328 0 0.113328 0.113328
200 0.117818 0.000641566 0.117177 0.11846
201 0.112686 0.00406272 0.108624 0.116749
202 0.098574 0.0177475 0.0808265 0.116321
203 0.115894 0.00171066 0.114183 0.117605
204 0.118888 0.00213832 0.116749 0.121026
205 0.119315 0.00213826 0.117177 0.121453
206 0.100285 0.0194582 0.0808263 0.119743
207 0.104347 0.0222379 0.0821094 0.126585
208 0.114397 0.000641562 0.113756 0.115039
209 0.116322 0.00213826 0.114183 0.11846
210 0.124661 0.0113328 0.113328 0.135994
211 0.124661 0.00106916 0.123592 0.12573
212 0.117605 5.96046e-008 0.117605 0.117605
213 0.116963 0.00235211 0.114611 0.119315
214 0.117177 0.00470423 0.112473 0.121881
215 0.124233 0.00791159 0.116322 0.132145
216 0.119743 0.00727013 0.112473 0.127013
217 0.122523 0.00320742 0.119315 0.12573
218 0.114183 0.0017106 0.112473 0.115894
219 0.115466 0.0029935 0.112473 0.11846
220 0.120384 0.00106916 0.119315 0.121453
221 0.122523 0.00320742 0.119315 0.12573
222 0.116963 0.000641506 0.116322 0.117605
223 0.0994293 0.0177476 0.0816818 0.117177
224 0.0983602 0.020955 0.0774051 0.119315
225 0.0966495 0.0235209 0.0731286 0.12017
226 0.0964357 0.0228795 0.0735562 0.119315
227 0.116535 0.0404132 0.0761221 0.156949
228 0.0763361 0.00277977 0.0735563 0.0791159
229 0.0981463 0.0198859 0.0782604 0.118032
230 0.127227 0.00962225 0.117605 0.136849
231 0.0970772 0.0192444 0.0778328 0.116322
232 0.0951528 0.0207412 0.0744116 0.115894
233 0.118887 0.00299356 0.115894 0.121881
234 0.119101 0.00192446 0.117177 0.121026
235 0.132786 0.0156093 0.117177 0.148396
236 0.119529 0.00277971 0.116749 0.122309
237 0.122736 0.00470417 0.118032 0.127441
238 0.0981463 0.0194582 0.0786881 0.117605
239 0.0994293 0.0181753 0.0812541 0.117605
240 0.102209 0.0239486 0.0782604 0.126158
241 0.0964357 0.0220241 0.0744115 0.11846
242 0.0975049 0.0192443 0.0782605 0.116749
243 0.0778328 0.00384887 0.0739839 0.0816816
244 0.076336 0.00277976 0.0735562 0.0791157
245 0.0930145 0.0194582 0.0735563 0.112473
246 0.104347 0.0277975 0.0765498 0.132145
247 0.0925868 0.0190305 0.0735563 0.111617
248 0.0953666 0.0179614 0.0774052 0.113328
249 0.0949389 0.022238 0.0727009 0.117177
250 0.112473 0.0389164 0.0735563 0.151389
251 0.0992155 0.0226655 0.0765499 0.121881
252 0.0878827 0.0151817 0.072701 0.103064
253 0.0737701 0.00277982 0.0709903 0.0765499
254 0.071418 0.000855301 0.0705627 0.0722733
255 0.114611 0.00812538 0.106486 0.122736
256 0.112259 0.00320736 0.109052 0.115466
257 0.115252 0.000213854 0.115039 0.115466
258 0.113756 0.00128296 0.112473 0.115039
259 0.117391 0.00277977 0.114611 0.120171
260 0.114397 0.000213854 0.114183 0.114611
261 0.116535 0.000641506 0.115894 0.117177
262 0.115894 5.58794e-008 0.115894 0.115894
263 0.0966496 0.0192444 0.0774051 0.115894
264 0.0962219 0.0183891 0.0778328 0.114611
265 0.11568 0.00277977 0.1129 0.11846
266 0.117391 0.00491796 0.112473 0.122309
267 0.101354 0.0145402 0.0868136 0.115894
268 0.0744117 0.00128295 0.0731287 0.0756946
269 0.0769775 0.00213826 0.0748392 0.0791157
270 0.071418 0.000427593 0.0709904 0.0718456
271 0.0925869 0.0211688 0.0714181 0.113756
272 0.0915177 0.0205273 0.0709904 0.112045
273 0.0934422 0.0228794 0.0705628 0.116322
274 0.0913039 0.0203135 0.0709904 0.111617
275 0.0900209 0.0190306 0.0709903 0.109052
276 0.0919455 0.0162508 0.0756946 0.108196
277 0.0932284 0.0188167 0.0744116 0.112045
278 0.112687 0.0412685 0.071418 0.153955
279 0.0975049 0.0243762 0.0731287 0.121881
280 0.0913039 0.0203135 0.0709904 0.111617
281 0.0942975 0.0194582 0.0748392 0.113756
282 0.0942975 0.0224517 0.0718457 0.116749
283 0.0934421 0.0211688 0.0722733 0.114611
284 0.096008 0.0190306 0.0769774 0.115039
285 0.116108 0.000641447 0.115466 0.116749
286 0.119101 0.00149675 0.117605 0.120598
287 0.0960081 0.0203135 0.0756945 0.116322
288 0.0960081 0.0207412 0.0752669 0.116749
289 0.0831785 0.00919454 0.0739839 0.092373
290 0.0962219 0.0235209 0.072701 0.119743
291 0.0949389 0.0218103 0.0731286 0.116749
292 0.0966496 0.0239486 0.072701 0.120598
293 0.0962219 0.0239486 0.0722733 0.12017
294 0.0947251 0.0215965 0.0731286 0.116322
295 0.0955804 0.0203135 0.0752669 0.115894
296 0.0942975 0.0207411 0.0735563 0.115039
297 0.0789019 0.000641506 0.0782604 0.0795434
298 0.0970772 0.0226656 0.0744116 0.119743
299 0.119743 0.00085536 0.118887 0.120598
300 0.117605 0.0017106 0.115894 0.119315
301 0.116535 0.000641506 0.115894 0.117177
302 0.114397 0.0010691 0.113328 0.115466
303 0.114611 0.0012829 0.113328 0.115894
304 0.115039 5.58794e-008 0.115039 0.115039
305 0.0780467 0.000213854 0.0778328 0.0782605
306 0.092373 0.0196721 0.0727009 0.112045
307 0.107982 0.0361367 0.0718457 0.144119
308 0.0940836 0.0149679 0.0791157 0.109051
309 0.0960081 0.0198858 0.0761222 0.115894
310 0.118246 0.00620092 0.112045 0.124447
311 0.112473 0.00256591 0.109907 0.115039
312 0.112687 0.00106916 0.111617 0.113756
313 0.113756 0.000855304 0.1129 0.114611
314 0.115252 0.00106916 0.114183 0.116322
315 0.0951528 0.0190305 0.0761222 0.114183
316 0.0928007 0.0218103 0.0709904 0.114611
317 0.0940837 0.0200997 0.073984 0.114183
318 0.0928007 0.020955 0.0718457 0.113756
319 0.0925868 0.0211688 0.071418 0.113756
320 0.103492 0.0260868 0.0774051 0.129579
321 0.0953666 0.0192443 0.0761222 0.114611
322 0.0741977 0.000213798 0.0739839 0.0744115
323 0.0945113 0.0188167 0.0756945 0.113328
324 0.0964357 0.0220241 0.0744115 0.11846
325 0.0761222 0.00299356 0.0731286 0.0791157
326 0.0731287 0.000427648 0.072701 0.0735563
327 0.0979325 0.0226657 0.0752668 0.120598
328 0.0761222 0.00128296 0.0748392 0.0774051
329 0.0964357 0.01732 0.0791157 0.113756
330 0.104775 0.0235209 0.0812541 0.128296
331 0.0947251 0.0198859 0.0748392 0.114611
332 0.094939 0.0205273 0.0744116 0.115466
333 0.100071 0.0252315 0.0748393 0.125302
334 0.0968633 0.0220241 0.0748392 0.118887
335 0.077619 0.00320736 0.0744116 0.0808263
336 0.0771913 0.00277971 0.0744116 0.079971
337 0.0761222 0.000855304 0.0752669 0.0769775
338 0.0806126 0.00620098 0.0744116 0.0868136
339 0.0741977 0.000213798 0.0739839 0.0744115
340 0.098574 0.0241624 0.0744116 0.122736
341 0.0778328 0.00342127 0.0744115 0.0812541
342 0.0763361 0.00149675 0.0748393 0.0778328
343 0.0759084 0.00149681 0.0744116 0.0774052
344 0.0767637 0.00064145 0.0761222 0.0774051
345 0.0938699 0.0181752 0.0756946 0.112045
346 0.099857 0.0207411 0.0791159 0.120598
347 0.0996431 0.0213826 0.0782605 0.121026
348 0.0977187 0.0215965 0.0761222 0.119315
349 0.0994293 0.0198858 0.0795434 0.119315
350 0.0981464 0.0224517 0.0756946 0.120598
351 0.103706 0.0292943 0.0744115 0.133
352 0.105203 0.0299357 0.0752669 0.135138
353 0.0947252 0.0198858 0.0748393 0.114611
354 0.0774052 0.00213826 0.0752669 0.0795434
355 0.0979325 0.0235209 0.0744116 0.121453
356 0.0972911 0.0224517 0.0748393 0.119743
357 0.119529 0.00064151 0.118888 0.120171
358 0.118246 0.000641506 0.117605 0.118888
359 0.122095 0.00320742 0.118888 0.125302
360 0.118674 0.000213794 0.11846 0.118888
361 0.102423 0.0224517 0.0799712 0.124875
362 0.100498 0.019672 0.0808265 0.120171
363 0.0947251 0.0198859 0.0748392 0.114611
364 0.100712 0.0263006 0.0744116 0.127013
365 0.0987878 0.0200997 0.0786881 0.118888
366 0.110976 0.0352814 0.0756945 0.146257
367 0.0962219 0.0218104 0.0744115 0.118032
368 0.10285 0.0198858 0.0829647 0.122736
369 0.0964357 0.0215965 0.0748392 0.118032
370 0.100071 0.0230932 0.0769775 0.123164
371 0.103064 0.0295081 0.0735562 0.132572
372 0.0960081 0.0228793 0.0731287 0.118887
373 0.0945114 0.0222379 0.0722734 0.116749
374 0.0970772 0.0230932 0.0739839 0.12017
375 0.0953666 0.0222379 0.0731286 0.117605
376 0.0953666 0.0222379 0.0731286 0.117605
377 0.0940837 0.020955 0.0731286 0.115039
378 0.116322 0.00128296 0.115039 0.117605
379 0.0774052 0.000427652 0.0769775 0.0778328
380 0.076336 0.00277976 0.0735562 0.0791157
381 0.0953666 0.0226657 0.0727009 0.118032
382 0.0915177 0.012402 0.0791157 0.10392
383 0.0938697 0.0181752 0.0756945 0.112045
384 0.0786881 0.00598712 0.072701 0.0846753
385 0.102851 0.0292942 0.0735563 0.132145
386 0.0960081 0.0211688 0.0748392 0.117177
387 0.0951528 0.0215965 0.0735563 0.116749
388 0.0977187 0.0181752 0.0795434 0.115894
389 0.0983602 0.0256592 0.072701 0.124019
390 0.093656 0.0205273 0.0731286 0.114183
391 0.093656 0.0175338 0.0761222 0.11119
392 0.0746254 0.00277971 0.0718457 0.0774051
393 0.0761222 0.00256591 0.0735563 0.0786881
394 0.0724872 0.000213858 0.0722733 0.072701
395 0.0731287 0.000855245 0.0722734 0.0739839
396 0.0737701 0.00149681 0.0722733 0.0752669
397 0.0718457 0 0.0718457 0.0718457
398 0.0729149 0.000641447 0.0722734 0.0735563
399 0.0917315 0.0194582 0.0722733 0.11119
400 0.119529 0.00449037 0.115039 0.124019
401 0.116535 0.00149681 0.115039 0.118032
402 0.11397 0.000641447 0.113328 0.114611
403 0.113756 0.000427712 0.113328 0.114183
404 0.113969 0.000213914 0.113756 0.114183
405 0.113969 0.000213798 0.113756 0.114183
406 0.1129 0.000427652 0.112473 0.113328
407 0.114611 0.00128296 0.113328 0.115894
408 0.113542 0.000213854 0.113328 0.113756
409 0.118032 0.0012829 0.116749 0.119315
410 0.117177 0.000855364 0.116321 0.118032
411 0.115466 0 0.115466 0.115466
412 0.122736 0.00256591 0.12017 0.125302
413 0.116322 0 0.116322 0.116322
414 0.0975049 0.0188167 0.0786881 0.116322
415 0.0983602 0.0188167 0.0795434 0.117177
416 0.0992155 0.0166785 0.0825371 0.115894
417 0.0962219 0.022238 0.0739839 0.11846
418 0.118674 0.000641447 0.118032 0.119315
419 0.0810402 0.00449037 0.0765498 0.0855306
420 0.0744116 0.000427652 0.0739839 0.0748392
421 0.073984 0 0.073984 0.073984
422 0.077619 0.00363495 0.073984 0.0812539
423 0.106272 0.016037 0.0902347 0.122309
424 0.0987878 0.0256592 0.0731286 0.124447
425 0.0957943 0.0188167 0.0769775 0.114611
426 0.116322 0.00342121 0.1129 0.119743
427 0.116535 0.00235211 0.114183 0.118888
428 0.11568 0.00149675 0.114183 0.117177
429 0.111831 0.00106916 0.110762 0.1129
430 0.116749 0.00727008 0.109479 0.124019
431 0.120598 0.00983605 0.110762 0.130434
432 0.111831 0.000641566 0.11119 0.112473
433 0.122523 0.00192446 0.120598 0.124447
434 0.111831 0.00235211 0.109479 0.114183
435 0.112473 0.00256597 0.109907 0.115039
436 0.0972911 0.0173199 0.0799712 0.114611
437 0.0932283 0.0205274 0.0727009 0.113756
438 0.1129 0.00299351 0.109907 0.115894
439 0.0942975 0.0194582 0.0748392 0.113756
440 0.0921591 0.0211688 0.0709903 0.113328
441 0.0957943 0.0188167 0.0769775 0.114611
442 0.094939 0.0209549 0.073984 0.115894
443 0.0960081 0.01732 0.0786881 0.113328
444 0.113542 0.00064145 0.1129 0.114183
445 0.0949389 0.0183891 0.0765498 0.113328
446 0.09109 0.0192444 0.0718456 0.110334
447 0.11846 0.00128295 0.117177 0.119743
448 0.113542 0.00235211 0.11119 0.115894
449 0.141767 0.025873 0.115894 0.16764
450 0.116535 0.00406272 0.112473 0.120598
451 0.113328 0.00256591 0.110762 0.115894
452 0.116108 0.00235206 0.113756 0.11846
453 0.113542 0.00149675 0.112045 0.115039
454 0.114397 0.00277971 0.111617 0.117177
455 0.104134 0.0220242 0.0821094 0.126158
456 0.0994293 0.0207412 0.0786881 0.120171
457 0.0808264 0.00128295 0.0795434 0.0821094
458 0.0752669 0 0.0752669 0.0752669
459 0.0977187 0.0233071 0.0744116 0.121026
460 0.0778328 0.00342121 0.0744116 0.0812541
461 0.0938698 0.0181753 0.0756945 0.112045
462 0.0801849 0.00449037 0.0756945 0.0846753
463 0.0791158 0.00171055 0.0774052 0.0808263
464 0.101354 0.0200997 0.0812541 0.121453
465 0.0968634 0.0224517 0.0744116 0.119315
466 0.0953666 0.0213826 0.0739839 0.116749
467 0.104989 0.0305772 0.0744116 0.135566
468 0.093656 0.019672 0.0739839 0.113328
469 0.0964357 0.0228794 0.0735563 0.119315
470 0.101568 0.027156 0.0744115 0.128724
471 0.116108 0.0010691 0.115039 0.117177
472 0.0987878 0.0188168 0.079971 0.117605
473 0.097291 0.0215964 0.0756945 0.118887
474 0.131503 0.0109051 0.120598 0.142408
475 0.119743 0.00470417 0.115039 0.124447
476 0.121667 0.00705622 0.114611 0.128723
477 0.0994293 0.0190305 0.0803988 0.11846
478 0.11846 0.000855304 0.117605 0.119315
479 0.117605 0.000855364 0.116749 0.11846
480 0.12124 0.000641506 0.120598 0.121881
481 0.118032 0 0.118032 0.118032
482 0.116963 0.00277976 0.114183 0.119743
483 0.116535 0.00235211 0.114183 0.118888
484 0.125516 0.00791165 0.117605 0.133428
485 0.117391 0.0378473 0.0795434 0.155238
486 0.100071 0.0256592 0.0744116 0.12573
487 0.0992155 0.0158231 0.0833924 0.115039
488 0.106913 0.0277975 0.0791157 0.134711
489 0.0942975 0.0198858 0.0744116 0.114183
490 0.0789019 0.0010691 0.0778328 0.079971
491 0.0763361 0.00277977 0.0735563 0.0791159
492 0.0932284 0.019672 0.0735563 0.1129
493 0.107982 0.0177476 0.0902348 0.12573
494 0.0942975 0.0194582 0.0748392 0.113756
495 0.101354 0.0252315 0.0761222 0.126585
496 0.0955804 0.0207412 0.0748392 0.116322
497 0.0947251 0.0194582 0.0752668 0.114183
498 0.0960081 0.0194582 0.0765499 0.115466
499 0.118032 0.00299356 0.115039 0.121026
500 0.100926 0.0141126 0.0868135 0.115039
501 0.0774052 0.00128296 0.0761222 0.0786881
502 0.0729148 0.000213794 0.072701 0.0731286
503 0.0953666 0.0175338 0.0778328 0.1129
504 0.124661 0.0130433 0.111617 0.137704
505 0.118674 0.00577333 0.1129 0.124447
506 0.128082 0.00491802 0.123164 0.133
507 0.132786 0.000213854 0.132572 0.133
508 0.126158 0.0141126 0.112045 0.14027
509 0.112687 0.00320747 0.109479 0.115894
510 0.119529 0.00192446 0.117605 0.121453
511 0.111617 0.00299356 0.108624 0.114611
512 0.118032 0.000855301 0.117177 0.118888
513 0.116963 0.0010691 0.115894 0.118032
514 0.115039 0.000855245 0.114183 0.115894
515 0.118888 0.00384892 0.115039 0.122736
516 0.114611 0.000427652 0.114183 0.115039
517 0.114397 0.0010691 0.113328 0.115466
518 0.113969 0.00277976 0.11119 0.116749
519 0.112259 0.00192446 0.110334 0.114183
520 0.113542 0.000213794 0.113328 0.113756
521 0.124661 0.00748393 0.117177 0.132145
522 0.112687 0.00235211 0.110334 0.115039
523 0.11119 0.000427712 0.110762 0.111617
524 0.110976 0.000641447 0.110334 0.111617
525 0.128296 0.00555953 0.122736 0.133855
526 0.113114 0.00363501 0.109479 0.116749
527 0.111831 0.00235206 0.109479 0.114183
528 0.113969 0.000641506 0.113328 0.114611
529 0.113969 0.000641447 0.113328 0.114611
530 0.114397 0.000641506 0.113756 0.115039
531 0.113756 0.00171066 0.112045 0.115466
532 0.0964357 0.0186029 0.0778327 0.115039
533 0.107127 0.034426 0.072701 0.141553
534 0.0992155 0.0243763 0.0748392 0.123592
535 0.0913039 0.0190306 0.0722733 0.110334
536 0.0987878 0.0162508 0.082537 0.115039
537 0.0947251 0.0224517 0.0722733 0.117177
538 0.0942975 0.0215965 0.072701 0.115894
539 0.0968634 0.0186029 0.0782604 0.115466
540 0.0957943 0.0226657 0.0731286 0.11846
541 0.100498 0.0252315 0.0752669 0.12573
542 0.0957943 0.0226655 0.0731287 0.11846
543 0.0767637 0.00320736 0.0735563 0.079971
544 0.0750531 0.000641506 0.0744116 0.0756946
545 0.11846 5.96046e-008 0.11846 0.11846
546 0.116749 0 0.116749 0.116749
547 0.100712 0.0207412 0.079971 0.121453
548 0.0960081 0.0215965 0.0744116 0.117605
549 0.121453 0.00384887 0.117605 0.125302
550 0.104561 0.0263007 0.0782604 0.130862
551 0.0945113 0.020955 0.0735563 0.115466
552 0.093656 0.0205273 0.0731286 0.114183
553 0.118674 0.045545 0.0731286 0.164219
554 0.101354 0.0175338 0.08382 0.118888
555 0.117391 0.0010691 0.116322 0.11846
556 0.115039 0.00299356 0.112045 0.118032
557 0.100926 0.0136849 0.0872412 0.114611
558 0.0942975 0.0203135 0.0739839 0.114611
559 0.11568 0.0019244 0.113756 0.117605
560 0.114183 0.00085536 0.113328 0.115039
561 0.119743 0.00470411 0.115039 0.124447
562 0.113969 0.00149681 0.112473 0.115466
563 0.116108 0.00192446 0.114183 0.118032
564 0.114397 0.00192446 0.112473 0.116322
565 0.115253 0.0010691 0.114183 0.116322
566 0.117391 0.00149681 0.115894 0.118888
567 0.113756 0.000427593 0.113328 0.114183
568 0.118246 0.00320742 0.115039 0.121453
569 0.098574 0.0203135 0.0782604 0.118888
570 0.0928007 0.020955 0.0718457 0.113756
571 0.0947251 0.0198859 0.0748392 0.114611
572 0.0746254 0.00235211 0.0722733 0.0769775
573 0.0947251 0.0211688 0.0735563 0.115894
574 0.0970772 0.019672 0.0774051 0.116749
575 0.0930145 0.0211688 0.0718457 0.114183
576 0.0940836 0.0213827 0.0727009 0.115466
577 0.0925868 0.0211688 0.071418 0.113756
578 0.100071 0.0222379 0.0778328 0.122309
579 0.0934422 0.0203135 0.0731286 0.113756
580 0.0925869 0.0207412 0.0718457 0.113328
581 0.0962219 0.0196721 0.0765498 0.115894
582 0.0968634 0.0211688 0.0756945 0.118032
583 0.123806 0.00491802 0.118888 0.128724
584 0.12295 0.00277971 0.120171 0.12573
585 0.0977187 0.0181752 0.0795434 0.115894
586 0.11846 0.00299356 0.115466 0.121453
587 0.119743 0.000427652 0.119315 0.12017
588 0.124875 0.000855304 0.124019 0.12573
589 0.118032 0.00384892 0.114183 0.121881
590 0.124233 0.00277976 0.121453 0.127013
591 0.127868 0.00769773 0.120171 0.135566
592 0.118887 0.00213826 0.116749 0.121026
593 0.117605 0.00384887 0.113756 0.121453
594 0.116322 0.00256591 0.113756 0.118888
595 0.126158 0.00898074 0.117177 0.135138
596 0.101354 0.0200997 0.0812541 0.121453
597 0.087455 0.0138987 0.0735563 0.101354
598 0.0774052 0.00128296 0.0761222 0.0786881
599 0.0990017 0.0198858 0.0791159 0.118888
600 0.0951528 0.0186029 0.0765499 0.113756
601 0.115466 0.0021382 0.113328 0.117605
602 0.115039 0.00299356 0.112045 0.118032
603 0.115466 0.00299356 0.112473 0.11846
604 0.114611 0.0021382 0.112473 0.116749
605 0.124233 0.00919454 0.115039 0.133428
606 0.118888 0.00470423 0.114183 0.123592
607 0.119529 0.00449037 0.115039 0.124019
608 0.122309 0.00128296 0.121026 0.123592
609 0.120812 0.00791159 0.1129 0.128724
610 0.118032 0.0017106 0.116322 0.119743
611 0.113969 0.00620092 0.107769 0.12017
612 0.113756 0.0012829 0.112473 0.115039
613 0.0955804 0.0168923 0.078688 0.112473
614 0.115039 0.00299356 0.112045 0.118032
615 0.118888 0 0.118888 0.118888
616 0.118246 0.000641506 0.117605 0.118888
617 0.116535 0.000641506 0.115894 0.117177
618 0.11568 0.000213858 0.115466 0.115894
619 0.0979325 0.0188167 0.0791157 0.116749
620 0.0996431 0.0218104 0.0778327 0.121453
621 0.116749 0.00128302 0.115466 0.118032
622 0.113969 0.0019244 0.112045 0.115894
623 0.114825 0.00235211 0.112473 0.117177
624 0.0945113 0.0183891 0.0761222 0.1129
625 0.12851 0.00406278 0.124447 0.132572
626 0.116749 0.00256585 0.114183 0.119315
627 0.0947251 0.0203135 0.0744116 0.115039
628 0.0945113 0.0218103 0.072701 0.116322
629 0.0962219 0.0192444 0.0769775 0.115466
630 0.097291 0.0181753 0.0791157 0.115466
631 0.093656 0.0200997 0.0735563 0.113756
632 0.0784743 0.000641447 0.0778328 0.0791157
633 0.0992155 0.019672 0.0795434 0.118888
634 0.0729148 0.000213794 0.072701 0.0731286
635 0.0720595 0.00064151 0.071418 0.072701
636 0.0729148 0.00235211 0.0705627 0.0752669
637 0.0857444 0.0138988 0.0718456 0.0996431
638 0.0722733 0.000427652 0.0718456 0.0727009
639 0.092373 0.0166785 0.0756945 0.109051
640 0.11119 0.0389164 0.0722733 0.150106
641 0.0949389 0.0226656 0.0722733 0.117605
642 0.0934421 0.0177476 0.0756945 0.11119
643 0.0917315 0.0194582 0.0722733 0.11119
644 0.110976 0.000213798 0.110762 0.11119
645 0.116322 0.00299356 0.113328 0.119315
646 0.110548 0.0010691 0.109479 0.111617
647 0.110976 0.00149675 0.109479 0.112473
648 0.113328 0.00128301 0.112045 0.114611
649 0.112045 5.96046e-008 0.112045 0.112045
650 0.0947251 0.0168924 0.0778327 0.111617
651 0.0898071 0.0183891 0.071418 0.108196
652 0.0947251 0.0186029 0.0761222 0.113328
653 0.112045 0.000855301 0.11119 0.1129
654 0.110121 0.00192446 0.108196 0.112045
655 0.119529 0.00620098 0.113328 0.12573
656 0.108838 0.000213858 0.108624 0.109051
657 0.111831 0.00320742 0.108624 0.115039
658 0.114611 0.00299356 0.111617 0.117605
659 0.114183 0.00598712 0.108196 0.12017
660 0.117605 0.00256591 0.115039 0.120171
661 0.101568 0.0181753 0.0833923 0.119743
662 0.0947251 0.0177476 0.0769775 0.112473
663 0.10114 0.0297218 0.0714181 0.130862
664 0.0957943 0.0149679 0.0808265 0.110762
665 0.0915178 0.0192443 0.0722734 0.110762
666 0.0983601 0.0269421 0.071418 0.125302
667 0.107769 0.00384887 0.10392 0.111617
668 0.111831 0.000641447 0.11119 0.112473
669 0.0767637 0.0010691 0.0756946 0.0778328
670 0.0949389 0.0175338 0.0774051 0.112473
671 0.0780466 0.00534562 0.072701 0.0833923
672 0.0741978 0.000213794 0.073984 0.0744116
673 0.0756946 0.00171055 0.073984 0.0774051
674 0.0934422 0.0194582 0.0739839 0.1129
675 0.113542 0.000213794 0.113328 0.113756
676 0.100285 0.0156093 0.0846753 0.115894
677 0.0928006 0.0192443 0.0735563 0.112045
678 0.0947251 0.0215965 0.0731286 0.116322
679 0.115039 0.000855245 0.114183 0.115894
680 0.0951528 0.0168923 0.0782605 0.112045
681 0.0947251 0.0211688 0.0735563 0.115894
682 0.0930146 0.0198858 0.0731287 0.1129
683 0.0934422 0.0194582 0.0739839 0.1129
684 0.0921592 0.0190305 0.0731287 0.11119
685 0.0938698 0.0181752 0.0756946 0.112045
686 0.0992155 0.0136849 0.0855307 0.1129
687 0.0981463 0.0173199 0.0808265 0.115466
688 0.0930144 0.0207411 0.0722733 0.113756
689 0.117605 0.000427652 0.117177 0.118032
690 0.1129 5.58794e-008 0.1129 0.1129
691 0.116749 0.00342121 0.113328 0.12017
692 0.113328 0.00128295 0.112045 0.114611
693 0.112259 0.000641506 0.111617 0.1129
694 0.11119 0.000427652 0.110762 0.111617
695 0.0928007 0.019672 0.0731287 0.112473
696 0.0955804 0.016037 0.0795434 0.111617
697 0.0921592 0.0198859 0.0722733 0.112045
698 0.0893794 0.018389 0.0709904 0.107768
699 0.0906624 0.0192444 0.071418 0.109907
700 0.0900209 0.0190305 0.0709904 0.109051
701 0.0741978 0.00363507 0.0705627 0.0778328
702 0.0942975 0.01732 0.0769774 0.111617
703 0.0936561 0.0179614 0.0756946 0.111617
704 0.145616 0.00277983 0.142836 0.148396
705 0.134497 0.00064151 0.133855 0.135138
706 0.128724 0.00384886 0.124875 0.132572
707 0.0945113 0.0166785 0.0778328 0.11119
708 0.111831 0.0010691 0.110762 0.1129
709 0.111831 0.000641447 0.11119 0.112473
710 0.115894 0.000427652 0.115466 0.116322
711 0.114397 0.00064145 0.113756 0.115039
712 0.103706 0.0177476 0.0859582 0.121453
713 0.0960081 0.0194582 0.0765499 0.115466
714 0.0947252 0.0194582 0.0752669 0.114183
715 0.100285 0.0190305 0.0812541 0.119315
716 0.127441 0.0102637 0.117177 0.137704
717 0.0977187 0.0194582 0.0782604 0.117177
718 0.117391 0.000213794 0.117177 0.117605
719 0.116963 0.0010691 0.115894 0.118032
720 0.115466 0 0.115466 0.115466
721 0.101781 0.0218104 0.079971 0.123592
722 0.104775 0.0286528 0.0761222 0.133428
723 0.0960081 0.0198858 0.0761222 0.115894
724 0.0964357 0.0215965 0.0748392 0.118032
725 0.0795434 0.00513182 0.0744116 0.0846753
726 0.0979325 0.0226656 0.0752669 0.120598
727 0.118246 0.00449043 0.113756 0.122736
728 0.121667 0.00662857 0.115039 0.128296
729 0.11846 0.00213826 0.116322 0.120598
730 0.123592 0.00384887 0.119743 0.127441
731 0.154383 0.0389164 0.115466 0.193299
732 0.121667 0.000641506 0.121026 0.122309
733 0.132572 0.0132573 0.119315 0.14583
734 0.117604 0.00128296 0.116321 0.118887
735 0.117818 0.00235217 0.115466 0.120171
736 0.103492 0.0239486 0.0795434 0.127441
737 0.0957942 0.0213826 0.0744116 0.117177
738 0.080185 0.000641506 0.0795434 0.0808265
739 0.076336 0.000213798 0.0761222 0.0765498
740 0.0977187 0.0215964 0.0761222 0.119315
741 0.0951528 0.0207412 0.0744116 0.115894
742 0.0975049 0.0218102 0.0756946 0.119315
743 0.101781 0.0222379 0.0795434 0.124019
744 0.105416 0.0297219 0.0756945 0.135138
745 0.122309 0.00898075 0.113328 0.131289
746 0.124661 0.0113328 0.113328 0.135994
747 0.118246 0.000213914 0.118032 0.11846
748 0.118032 0.000427652 0.117605 0.11846
749 0.12017 0.00128296 0.118888 0.121453
750 0.121667 0.00577333 0.115894 0.127441
751 0.116535 0.0010691 0.115466 0.117605
752 0.117177 0.00213832 0.115039 0.119315
753 0.114611 0.00128296 0.113328 0.115894
754 0.097291 0.0186029 0.0786881 0.115894
755 0.101995 0.023307 0.0786881 0.125302
756 0.114183 0.00171061 0.112473 0.115894
757 0.110121 0.000213798 0.109907 0.110334
758 0.131076 0.000213742 0.130862 0.131289
759 0.118246 0.00620092 0.112045 0.124447
760 0.110976 0.000213858 0.110762 0.11119
761 0.12573 0.00727013 0.11846 0.133
762 0.0949389 0.0158232 0.0791157 0.110762
763 0.0921592 0.0181753 0.0739839 0.110334
764 0.101995 0.0297219 0.0722733 0.131717
765 0.0949389 0.0239486 0.0709903 0.118888
766 0.0893794 0.0188167 0.0705627 0.108196
767 0.112686 0.000641506 0.112045 0.113328
768 0.100071 0.0222379 0.0778328 0.122309
769 0.103278 0.0130434 0.0902348 0.116322
770 0.0964358 0.0237348 0.072701 0.120171
771 0.0934422 0.0215964 0.0718457 0.115039
772 0.112259 0.00235211 0.109907 0.114611
773 0.093656 0.0213827 0.0722733 0.115039
774 0.0942975 0.0215965 0.072701 0.115894
775 0.107555 0.00491802 0.102637 0.112473
776 0.0949389 0.0171061 0.0778328 0.112045
777 0.0945113 0.0175337 0.0769775 0.112045
778 0.0945113 0.0226656 0.0718457 0.117177
779 0.0975049 0.0252315 0.0722734 0.122736
780 0.116963 0.00491808 0.112045 0.121881
781 0.110334 0.000427648 0.109907 0.110762
782 0.1129 0.00213826 0.110762 0.115039
783 0.117605 0.00256591 0.115039 0.12017
784 0.0964357 0.01732 0.0791157 0.113756
785 0.0925869 0.0203135 0.0722734 0.1129
786 0.113756 0.000855304 0.1129 0.114611
787 0.0938698 0.0168923 0.0769775 0.110762
788 0.0908762 0.0186029 0.0722733 0.109479
789 0.117818 0.00363507 0.114183 0.121453
790 0.127227 0.00363501 0.123592 0.130862
791 0.111404 0.0019244 0.109479 0.113328
792 0.114183 0.000855301 0.113328 0.115039
793 0.116535 0.00320736 0.113328 0.119743
794 0.10114 0.0113328 0.0898071 0.112473
795 0.0990016 0.0263007 0.0727009 0.125302
796 0.0917316 0.0194582 0.0722734 0.11119
797 0.09109 0.0188167 0.0722733 0.109907
798 0.0928007 0.0192444 0.0735563 0.112045
799 0.114183 0.00171061 0.112473 0.115894
