# ../output/graphs/perf_parallel63QUADRUPED_thread2
# step - mean (0.308635) - standard deviation (0.0272449) r=20 - ylow - yhigh
0 0.299448 0.0501475 0.249301 0.349596
1 0.289313 0.0120683 0.277245 0.301382
2 0.294764 0.020652 0.274112 0.315416
3 0.304148 0.0214857 0.282662 0.325633
4 0.303127 0.0279869 0.27514 0.331114
5 0.299854 0.0157909 0.284063 0.315644
6 0.300094 0.017346 0.282748 0.31744
7 0.296445 0.013646 0.282799 0.310091
8 0.292722 0.0124927 0.280229 0.305214
9 0.291926 0.0132734 0.278652 0.305199
10 0.305049 0.0306938 0.274355 0.335742
11 0.29571 0.0142964 0.281413 0.310006
12 0.298637 0.0244936 0.274144 0.323131
13 0.304658 0.0329957 0.271662 0.337654
14 0.304028 0.0213665 0.282661 0.325394
15 0.294043 0.0133149 0.280728 0.307358
16 0.291986 0.0095793 0.282407 0.301565
17 0.294193 0.0111464 0.283047 0.305339
18 0.297571 0.0153316 0.28224 0.312903
19 0.292271 0.00959756 0.282674 0.301869
20 0.302316 0.0229461 0.27937 0.325262
21 0.299283 0.0121894 0.287094 0.311472
22 0.302736 0.0185768 0.28416 0.321313
23 0.303487 0.0320593 0.271428 0.335546
24 0.295304 0.0188553 0.276449 0.314159
25 0.297812 0.0161635 0.281648 0.313975
26 0.299238 0.0341379 0.2651 0.333376
27 0.309763 0.0235068 0.286256 0.33327
28 0.307226 0.0183405 0.288885 0.325566
29 0.303157 0.0169716 0.286185 0.320128
30 0.311084 0.0272201 0.283864 0.338304
31 0.305574 0.0166395 0.288935 0.322213
32 0.313156 0.0162246 0.296932 0.329381
33 0.305094 0.0160128 0.289081 0.321106
34 0.310934 0.0161776 0.294757 0.327112
35 0.313622 0.0274703 0.286151 0.341092
36 0.310319 0.0121535 0.298165 0.322472
37 0.316249 0.0307274 0.285522 0.346977
38 0.311775 0.0176538 0.294121 0.329429
39 0.307616 0.0139078 0.293708 0.321524
40 0.305709 0.0162324 0.289477 0.321942
41 0.302481 0.0113042 0.291177 0.313785
42 0.305784 0.0191365 0.286648 0.324921
43 0.304523 0.0141856 0.290337 0.318709
44 0.304928 0.0123508 0.292578 0.317279
45 0.306895 0.0168084 0.290087 0.323704
46 0.305694 0.0137845 0.29191 0.319479
47 0.297136 0.0106746 0.286461 0.307811
48 0.297466 0.0144365 0.28303 0.311903
49 0.307346 0.0362105 0.271135 0.343556
50 0.302346 0.0169711 0.285375 0.319317
51 0.309298 0.0283537 0.280944 0.337651
52 0.303682 0.0208678 0.282814 0.32455
53 0.295995 0.0132359 0.282759 0.309231
54 0.300349 0.0251899 0.275159 0.325539
55 0.299403 0.0153305 0.284073 0.314734
56 0.311144 0.0427346 0.26841 0.353879
57 0.29137 0.0105444 0.280826 0.301915
58 0.292256 0.0120235 0.280233 0.30428
59 0.304988 0.0297208 0.275268 0.334709
60 0.299914 0.0243843 0.275529 0.324298
61 0.300784 0.0220473 0.278737 0.322832
62 0.292662 0.0145581 0.278103 0.30722
63 0.29604 0.0163144 0.279725 0.312354
64 0.298968 0.00811247 0.290855 0.30708
65 0.296956 0.0129166 0.284039 0.309872
66 0.298232 0.0132761 0.284956 0.311508
67 0.31227 0.0345077 0.277763 0.346778
68 0.302751 0.0150994 0.287652 0.317851
69 0.304613 0.0139142 0.290699 0.318527
70 0.304703 0.0190678 0.285635 0.323771
71 0.299839 0.00906331 0.290775 0.308902
72 0.319177 0.0182283 0.300949 0.337405
73 0.315859 0.0125117 0.303347 0.328371
74 0.323291 0.0369414 0.28635 0.360233
75 0.317991 0.014357 0.303634 0.332348
76 0.319628 0.0148488 0.304779 0.334476
77 0.313757 0.0143012 0.299456 0.328058
78 0.324823 0.0230361 0.301786 0.347859
79 0.325318 0.0172313 0.308087 0.342549
80 0.325618 0.0332157 0.292403 0.358834
81 0.313487 0.0131249 0.300362 0.326612
82 0.318547 0.0185409 0.300006 0.337087
83 0.322 0.0148542 0.307146 0.336854
84 0.311865 0.0120402 0.299825 0.323905
85 0.320183 0.0222469 0.297936 0.34243
86 0.33209 0.0370408 0.295049 0.36913
87 0.315303 0.0172949 0.298008 0.332598
88 0.31739 0.0221131 0.295277 0.339503
89 0.313472 0.0126303 0.300841 0.326102
90 0.31676 0.0121494 0.30461 0.328909
91 0.318396 0.0177242 0.300672 0.336121
92 0.320844 0.0246825 0.296161 0.345526
93 0.317811 0.0219051 0.295906 0.339716
94 0.312496 0.0146833 0.297812 0.327179
95 0.313577 0.0145303 0.299046 0.328107
96 0.320348 0.0167036 0.303645 0.337052
97 0.318306 0.018523 0.299783 0.336829
98 0.319537 0.0195621 0.299975 0.3391
99 0.321339 0.0180063 0.303333 0.339345
100 0.322736 0.0265677 0.296168 0.349303
101 0.325093 0.0260046 0.299088 0.351097
102 0.317796 0.0284047 0.289391 0.3462
103 0.311249 0.00985639 0.301393 0.321106
104 0.309027 0.0103192 0.298708 0.319346
105 0.318982 0.0222803 0.296702 0.341262
106 0.312796 0.0135294 0.299267 0.326325
107 0.31658 0.014104 0.302476 0.330684
108 0.313637 0.0195514 0.294085 0.333188
109 0.314973 0.0203933 0.29458 0.335366
110 0.308727 0.0117945 0.296933 0.320522
111 0.312631 0.017836 0.294795 0.330467
112 0.315258 0.0189321 0.296326 0.33419
113 0.30685 0.0108264 0.296024 0.317677
114 0.315904 0.0129225 0.302981 0.328827
115 0.315709 0.0150757 0.300633 0.330784
116 0.307856 0.0190286 0.288828 0.326885
117 0.304973 0.0176641 0.287309 0.322638
118 0.313066 0.0179304 0.295136 0.330997
119 0.314027 0.0282591 0.285768 0.342286
120 0.308967 0.0132386 0.295729 0.322206
121 0.310694 0.012305 0.298389 0.322999
122 0.330498 0.0637571 0.266741 0.394255
123 0.315408 0.0257957 0.289613 0.341204
124 0.308382 0.0186992 0.289683 0.327081
125 0.305064 0.0154839 0.28958 0.320547
126 0.320844 0.0345829 0.286261 0.355427
127 0.300514 0.0131812 0.287333 0.313695
128 0.303292 0.012234 0.291058 0.315526
129 0.315078 0.0309711 0.284107 0.346049
130 0.309162 0.0142634 0.294899 0.323426
131 0.307045 0.0112071 0.295838 0.318252
132 0.309943 0.0144614 0.295482 0.324405
133 0.314988 0.0251567 0.289831 0.340145
134 0.311985 0.013729 0.298256 0.325714
135 0.307781 0.0105365 0.297245 0.318318
136 0.305814 0.0179108 0.287903 0.323725
137 0.307931 0.0142178 0.293713 0.322149
138 0.313382 0.0167009 0.296681 0.330082
139 0.303982 0.00776646 0.296216 0.311749
140 0.310619 0.0201526 0.290466 0.330771
141 0.313141 0.02032 0.292821 0.333461
142 0.305079 0.0109383 0.29414 0.316017
143 0.307856 0.0171337 0.290722 0.32499
144 0.313487 0.0219489 0.291538 0.335436
145 0.310739 0.0262284 0.284511 0.336967
146 0.309268 0.0229311 0.286336 0.332199
147 0.304688 0.0149054 0.289783 0.319594
148 0.303998 0.0126426 0.291355 0.31664
149 0.308126 0.0258873 0.282239 0.334014
150 0.30158 0.0115274 0.290053 0.313108
151 0.311955 0.0436532 0.268302 0.355608
152 0.302616 0.0132491 0.289367 0.315865
153 0.301385 0.01277 0.288615 0.314155
154 0.303352 0.0160292 0.287323 0.319381
155 0.297601 0.00944335 0.288158 0.307045
156 0.298968 0.0126259 0.286342 0.311594
157 0.314913 0.0294289 0.285484 0.344342
158 0.302001 0.0142677 0.287733 0.316268
159 0.302691 0.014217 0.288474 0.316908
160 0.305529 0.00857191 0.296957 0.314101
161 0.313291 0.0169197 0.296372 0.330211
162 0.311925 0.0151941 0.296731 0.327119
163 0.303892 0.00854901 0.295343 0.312441
164 0.300154 0.0056375 0.294516 0.305791
165 0.30679 0.0114553 0.295335 0.318245
166 0.312406 0.0180517 0.294354 0.330457
167 0.3017 0.0125261 0.289174 0.314226
168 0.300169 0.0100695 0.290099 0.310238
169 0.314267 0.0264482 0.287819 0.340716
170 0.303187 0.0154239 0.287763 0.318611
171 0.307121 0.0185439 0.288577 0.325664
172 0.311084 0.0137165 0.297368 0.324801
173 0.311009 0.0264341 0.284575 0.337443
174 0.30676 0.020408 0.286352 0.327168
175 0.300244 0.0178024 0.282441 0.318046
176 0.299013 0.0132045 0.285808 0.312217
177 0.301085 0.0117398 0.289345 0.312825
178 0.299538 0.0147547 0.284784 0.314293
179 0.29583 0.0114486 0.284381 0.307278
180 0.299508 0.0251355 0.274373 0.324644
181 0.294914 0.0121333 0.28278 0.307047
182 0.305589 0.0150151 0.290574 0.320604
183 0.311415 0.0421385 0.269276 0.353553
184 0.290605 0.00934032 0.281264 0.299945
185 0.298833 0.0210396 0.277793 0.319872
186 0.29643 0.0166508 0.279779 0.313081
187 0.296881 0.0133847 0.283496 0.310265
188 0.299598 0.0217466 0.277852 0.321345
189 0.298652 0.0142659 0.284386 0.312918
190 0.294628 0.0172483 0.27738 0.311877
191 0.304268 0.0331439 0.271124 0.337412
192 0.300875 0.0161809 0.284694 0.317055
193 0.299343 0.0122374 0.287106 0.31158
194 0.304253 0.0293044 0.274948 0.333557
195 0.310334 0.0230458 0.287288 0.333379
196 0.307496 0.0187155 0.28878 0.326211
197 0.298217 0.0100235 0.288193 0.30824
198 0.304283 0.0185537 0.285729 0.322836
199 0.294929 0.00944946 0.285479 0.304378
200 0.308517 0.01391 0.294607 0.322427
201 0.308577 0.0144374 0.294139 0.323014
202 0.31724 0.0220457 0.295195 0.339286
203 0.312481 0.0132809 0.2992 0.325762
204 0.312255 0.0147958 0.29746 0.327051
205 0.314102 0.0143807 0.299722 0.328483
206 0.313006 0.0165909 0.296415 0.329597
207 0.311054 0.0156168 0.295437 0.326671
208 0.309208 0.0125789 0.296629 0.321786
209 0.305649 0.00976852 0.295881 0.315418
210 0.309463 0.00991839 0.299544 0.319381
211 0.30691 0.0100444 0.296866 0.316955
212 0.307105 0.0138849 0.293221 0.32099
213 0.312961 0.0176838 0.295277 0.330645
214 0.313081 0.023689 0.289392 0.33677
215 0.308547 0.0219875 0.286559 0.330534
216 0.305949 0.0166459 0.289303 0.322595
217 0.30628 0.0123135 0.293966 0.318593
218 0.310649 0.0143595 0.296289 0.325008
219 0.309868 0.0163526 0.293516 0.326221
220 0.308472 0.013276 0.295196 0.321748
221 0.310349 0.0194105 0.290938 0.329759
222 0.313321 0.0280765 0.285245 0.341398
223 0.320483 0.0221651 0.298318 0.342648
224 0.311234 0.00915535 0.302079 0.32039
225 0.318892 0.0237653 0.295127 0.342657
226 0.309658 0.010724 0.298934 0.320382
227 0.309493 0.016194 0.293299 0.325687
228 0.314853 0.0250207 0.289832 0.339874
229 0.308787 0.0110141 0.297773 0.319801
230 0.310123 0.0128153 0.297308 0.322939
231 0.317811 0.0234463 0.294365 0.341257
232 0.313952 0.0220242 0.291928 0.335976
233 0.311039 0.0128071 0.298232 0.323846
234 0.314252 0.0184463 0.295806 0.332699
235 0.320573 0.0284003 0.292173 0.348974
236 0.320303 0.0479699 0.272333 0.368273
237 0.318081 0.0231682 0.294913 0.341249
238 0.311264 0.0125629 0.298702 0.323827
239 0.307706 0.014211 0.293495 0.321917
240 0.312856 0.0227077 0.290148 0.335564
241 0.311174 0.0161118 0.295063 0.327286
242 0.336279 0.0682497 0.268029 0.404528
243 0.313832 0.0123491 0.301483 0.326181
244 0.310634 0.0252947 0.285339 0.335929
245 0.305994 0.0149374 0.291057 0.320932
246 0.307045 0.0161645 0.290881 0.32321
247 0.304478 0.0129443 0.291534 0.317422
248 0.302841 0.0131784 0.289663 0.31602
249 0.317706 0.0529114 0.264794 0.370617
250 0.305379 0.0137172 0.291662 0.319096
251 0.302406 0.0140288 0.288377 0.316435
252 0.302586 0.0210244 0.281562 0.323611
253 0.29568 0.0143343 0.281345 0.310014
254 0.299313 0.0186967 0.280616 0.31801
255 0.305994 0.0331626 0.272832 0.339157
256 0.301445 0.0095056 0.291939 0.310951
257 0.309208 0.0204263 0.288781 0.329634
258 0.303937 0.0205469 0.283391 0.324484
259 0.300604 0.0120795 0.288525 0.312684
260 0.30622 0.0152149 0.291005 0.321435
261 0.309223 0.0218428 0.28738 0.331065
262 0.302841 0.0116086 0.291233 0.31445
263 0.299523 0.0111267 0.288397 0.31065
264 0.297181 0.0101417 0.287039 0.307323
265 0.297391 0.0189268 0.278464 0.316318
266 0.294013 0.0122979 0.281715 0.306311
267 0.303547 0.014056 0.289491 0.317603
268 0.311129 0.05196 0.259169 0.363089
269 0.303067 0.0171934 0.285873 0.32026
270 0.298397 0.0170841 0.281313 0.315481
271 0.295289 0.0143798 0.280909 0.309669
272 0.297947 0.0137287 0.284218 0.311675
273 0.298277 0.0135909 0.284686 0.311868
274 0.298637 0.0135575 0.28508 0.312195
275 0.296505 0.0165506 0.279955 0.313056
276 0.298457 0.0153132 0.283144 0.31377
277 0.303682 0.0211067 0.282575 0.324789
278 0.302916 0.0181442 0.284772 0.321061
279 0.296956 0.0137416 0.283214 0.310697
280 0.309448 0.0345896 0.274858 0.344037
281 0.298592 0.0162864 0.282306 0.314879
282 0.310559 0.0286178 0.281941 0.339177
283 0.307436 0.0225858 0.28485 0.330022
284 0.302901 0.0138466 0.289055 0.316748
285 0.30185 0.020563 0.281287 0.322413
286 0.31673 0.0178405 0.298889 0.33457
287 0.310694 0.0212776 0.289416 0.331972
288 0.307616 0.00737293 0.300243 0.314989
289 0.305034 0.00965493 0.295379 0.314688
290 0.307541 0.0210741 0.286467 0.328615
291 0.315003 0.0185767 0.296426 0.33358
292 0.308262 0.0109255 0.297336 0.319187
293 0.309628 0.0178862 0.291742 0.327514
294 0.31667 0.0272456 0.289424 0.343915
295 0.305859 0.0124417 0.293418 0.318301
296 0.308051 0.0368397 0.271212 0.344891
297 0.30164 0.0118157 0.289825 0.313456
298 0.312511 0.0139927 0.298518 0.326503
299 0.314433 0.0171851 0.297247 0.331618
300 0.308862 0.0122282 0.296634 0.32109
301 0.312135 0.014816 0.297319 0.326951
302 0.309388 0.0189801 0.290408 0.328368
303 0.305094 0.0130938 0.292 0.318187
304 0.305904 0.0253507 0.280554 0.331255
305 0.303097 0.0173704 0.285726 0.320467
306 0.309403 0.0282235 0.281179 0.337626
307 0.30649 0.023944 0.282546 0.330434
308 0.306205 0.0186339 0.287571 0.324839
309 0.302496 0.0107163 0.29178 0.313212
310 0.310078 0.0236256 0.286453 0.333704
311 0.299974 0.0102541 0.28972 0.310228
312 0.300289 0.0120614 0.288228 0.31235
313 0.299613 0.0160538 0.28356 0.315667
314 0.307511 0.0207542 0.286757 0.328265
315 0.298382 0.0116046 0.286777 0.309987
316 0.298517 0.0135629 0.284954 0.31208
317 0.316264 0.0417834 0.274481 0.358048
318 0.30628 0.0197079 0.286572 0.325988
319 0.305664 0.0165554 0.289109 0.32222
320 0.31179 0.0117348 0.300055 0.323525
321 0.305199 0.01746 0.287739 0.322659
322 0.30173 0.0162041 0.285526 0.317934
323 0.308322 0.0128729 0.295449 0.321195
324 0.310529 0.0124535 0.298075 0.322982
325 0.313667 0.0161807 0.297486 0.329847
326 0.308697 0.0226709 0.286026 0.331368
327 0.325003 0.0230253 0.301977 0.348028
328 0.316324 0.0183197 0.298005 0.334644
329 0.310319 0.0108966 0.299422 0.321215
330 0.319598 0.0172723 0.302325 0.33687
331 0.314988 0.00986232 0.305126 0.32485
332 0.312916 0.012528 0.300388 0.325444
333 0.314733 0.0178054 0.296927 0.332538
334 0.318171 0.0130932 0.305078 0.331264
335 0.324177 0.021091 0.303086 0.345268
336 0.320198 0.0154204 0.304778 0.335618
337 0.31194 0.0130688 0.298871 0.325009
338 0.318216 0.0256651 0.292551 0.343881
339 0.313682 0.0118845 0.301797 0.325566
340 0.313352 0.0128976 0.300454 0.326249
341 0.31715 0.0202289 0.296921 0.337379
342 0.319057 0.0176176 0.301439 0.336675
343 0.312901 0.0147172 0.298184 0.327618
344 0.312135 0.0125302 0.299605 0.324666
345 0.317015 0.0213986 0.295616 0.338414
346 0.314448 0.0136522 0.300795 0.3281
347 0.315423 0.0170315 0.298392 0.332455
348 0.315574 0.0176987 0.297875 0.333272
349 0.308772 0.0115745 0.297198 0.320347
350 0.321549 0.0167949 0.304755 0.338344
351 0.309748 0.010583 0.299165 0.320331
352 0.323847 0.0191486 0.304698 0.342995
353 0.319688 0.021886 0.297802 0.341574
354 0.310634 0.0102347 0.300399 0.320869
355 0.317015 0.0165685 0.300447 0.333584
356 0.323877 0.0193339 0.304543 0.343211
357 0.319928 0.0201814 0.299746 0.340109
358 0.312931 0.0126375 0.300294 0.325569
359 0.319252 0.0336825 0.28557 0.352935
360 0.312541 0.0190565 0.293484 0.331597
361 0.318697 0.0176227 0.301074 0.336319
362 0.315514 0.0148884 0.300625 0.330402
363 0.319132 0.0359525 0.28318 0.355085
364 0.309313 0.0144702 0.294842 0.323783
365 0.321865 0.0279885 0.293876 0.349853
366 0.309298 0.0150105 0.294287 0.324308
367 0.310619 0.0136211 0.296998 0.32424
368 0.319673 0.0294995 0.290173 0.349172
369 0.308937 0.0109024 0.298035 0.31984
370 0.313427 0.023597 0.28983 0.337024
371 0.30646 0.0209922 0.285468 0.327452
372 0.313006 0.0203086 0.292698 0.333315
373 0.306039 0.0134335 0.292606 0.319473
374 0.309117 0.0179452 0.291172 0.327063
375 0.299388 0.0100993 0.289289 0.309487
376 0.307976 0.0356478 0.272329 0.343624
377 0.309313 0.0171786 0.292134 0.326491
378 0.298532 0.0133978 0.285134 0.31193
379 0.300529 0.0102761 0.290253 0.310805
380 0.306475 0.015336 0.291139 0.321811
381 0.304598 0.0124053 0.292193 0.317003
382 0.306985 0.0274488 0.279537 0.334434
383 0.299989 0.0200315 0.279957 0.32002
384 0.310754 0.0183752 0.292379 0.329129
385 0.307661 0.0267307 0.28093 0.334392
386 0.305799 0.0137912 0.292008 0.31959
387 0.306145 0.0249886 0.281156 0.331133
388 0.307586 0.0172213 0.290365 0.324807
389 0.309508 0.0178542 0.291654 0.327362
390 0.305454 0.0120739 0.29338 0.317528
391 0.313937 0.0246905 0.289247 0.338628
392 0.30164 0.0142805 0.28736 0.315921
393 0.295559 0.0114086 0.284151 0.306968
394 0.309373 0.0211116 0.288261 0.330484
395 0.298112 0.00758125 0.290531 0.305693
396 0.304493 0.0147814 0.289712 0.319274
397 0.30188 0.0142737 0.287607 0.316154
398 0.301205 0.0208075 0.280397 0.322012
399 0.297361 0.0136784 0.283683 0.31104
400 0.301445 0.0155633 0.285882 0.317008
401 0.307781 0.0220191 0.285762 0.3298
402 0.299748 0.0125324 0.287216 0.312281
403 0.303862 0.0170967 0.286766 0.320959
404 0.30188 0.0192234 0.282657 0.321104
405 0.294358 0.00823793 0.28612 0.302596
406 0.296505 0.0124771 0.284028 0.308982
407 0.302646 0.0151395 0.287507 0.317786
408 0.308787 0.0151097 0.293677 0.323897
409 0.297601 0.00914057 0.288461 0.306742
410 0.300829 0.0121884 0.288641 0.313018
411 0.303217 0.0141598 0.289057 0.317377
412 0.31155 0.0222034 0.289346 0.333753
413 0.311775 0.0226251 0.28915 0.3344
414 0.312045 0.0164955 0.29555 0.328541
415 0.304868 0.0131576 0.291711 0.318026
416 0.313412 0.0115987 0.301813 0.32501
417 0.314793 0.0219468 0.292846 0.33674
418 0.30706 0.0121212 0.294939 0.319182
419 0.30685 0.0107804 0.29607 0.317631
420 0.312391 0.0139044 0.298486 0.326295
421 0.309057 0.0111081 0.297949 0.320165
422 0.307466 0.0172024 0.290263 0.324668
423 0.307105 0.00861945 0.298486 0.315725
424 0.307136 0.0121168 0.295019 0.319252
425 0.310979 0.0214073 0.289572 0.332387
426 0.305334 0.00919179 0.296142 0.314526
427 0.307316 0.0132323 0.294083 0.320548
428 0.307181 0.0127559 0.294425 0.319936
429 0.298052 0.0100664 0.287985 0.308118
430 0.299553 0.01257 0.286983 0.312123
431 0.304943 0.0174102 0.287533 0.322354
432 0.30625 0.0220303 0.284219 0.32828
433 0.305679 0.0244791 0.2812 0.330158
434 0.308517 0.0335089 0.275008 0.342026
435 0.303502 0.0144763 0.289026 0.317978
436 0.303832 0.0125697 0.291263 0.316402
437 0.30658 0.0200512 0.286529 0.326631
438 0.309748 0.0204348 0.289313 0.330183
439 0.300079 0.0111265 0.288952 0.311205
440 0.30119 0.01044 0.29075 0.31163
441 0.307526 0.0158588 0.291667 0.323385
442 0.307436 0.0244192 0.283017 0.331855
443 0.305634 0.0170094 0.288625 0.322643
444 0.311805 0.0206168 0.291188 0.332422
445 0.309928 0.0288421 0.281086 0.33877
446 0.303337 0.0185634 0.284773 0.3219
447 0.297466 0.00788646 0.28958 0.305353
448 0.308487 0.0101087 0.298378 0.318596
449 0.302106 0.0163006 0.285805 0.318406
450 0.308727 0.0130558 0.295671 0.321783
451 0.308802 0.0111469 0.297655 0.319949
452 0.310183 0.0197236 0.29046 0.329907
453 0.315273 0.0268008 0.288473 0.342074
454 0.310739 0.0174523 0.293287 0.328191
455 0.315514 0.0115594 0.303954 0.327073
456 0.313367 0.0192416 0.294125 0.332608
457 0.319267 0.0166439 0.302623 0.335911
458 0.328216 0.0373886 0.290827 0.365604
459 0.318411 0.018259 0.300152 0.33667
460 0.324762 0.0181843 0.306578 0.342947
461 0.312015 0.0136046 0.298411 0.32562
462 0.315979 0.0143624 0.301617 0.330341
463 0.316475 0.0170946 0.29938 0.333569
464 0.312406 0.0138447 0.298561 0.32625
465 0.309072 0.00961528 0.299457 0.318688
466 0.319688 0.0190158 0.300672 0.338703
467 0.319688 0.0211064 0.298581 0.340794
468 0.314312 0.0134877 0.300825 0.3278
469 0.316444 0.0196818 0.296763 0.336126
470 0.316294 0.0154312 0.300863 0.331726
471 0.314357 0.0200339 0.294324 0.334391
472 0.316595 0.0179833 0.298611 0.334578
473 0.313081 0.0114431 0.301638 0.324524
474 0.319898 0.014218 0.30568 0.334116
475 0.316399 0.0138629 0.302537 0.330262
476 0.313697 0.0142681 0.299429 0.327965
477 0.311024 0.0102666 0.300758 0.321291
478 0.314057 0.0124057 0.301651 0.326463
479 0.309418 0.00749725 0.30192 0.316915
480 0.322871 0.0142242 0.308646 0.337095
481 0.318832 0.0258182 0.293014 0.34465
482 0.320889 0.0231338 0.297755 0.344023
483 0.313126 0.0143027 0.298824 0.327429
484 0.321324 0.0146938 0.30663 0.336018
485 0.322225 0.0230125 0.299213 0.345238
486 0.316835 0.0210249 0.29581 0.33786
487 0.316384 0.0168776 0.299507 0.333262
488 0.317916 0.0185442 0.299372 0.33646
489 0.32185 0.0396904 0.282159 0.36154
490 0.310168 0.0114263 0.298742 0.321595
491 0.321444 0.0324906 0.288954 0.353935
492 0.31152 0.0175137 0.294006 0.329033
493 0.311024 0.00983091 0.301193 0.320855
494 0.320754 0.0398414 0.280912 0.360595
495 0.308922 0.0114232 0.297499 0.320345
496 0.309388 0.00957075 0.299817 0.318958
497 0.309358 0.00918344 0.300174 0.318541
498 0.310048 0.0181876 0.291861 0.328236
499 0.341789 0.121102 0.220686 0.462891
500 0.303067 0.010384 0.292683 0.313451
501 0.352855 0.225446 0.127408 0.578301
502 0.300049 0.0106442 0.289404 0.310693
503 0.307361 0.0141523 0.293208 0.321513
504 0.304808 0.0165577 0.288251 0.321366
505 0.32721 0.0586855 0.268524 0.385895
506 0.305844 0.0134335 0.292411 0.319278
507 0.309853 0.0169005 0.292953 0.326754
508 0.304913 0.0143038 0.29061 0.319217
509 0.303967 0.0148729 0.289095 0.31884
510 0.304478 0.0163547 0.288123 0.320833
511 0.303577 0.0182143 0.285363 0.321791
512 0.316745 0.0211913 0.295554 0.337936
513 0.311204 0.0143085 0.296896 0.325513
514 0.305364 0.0117619 0.293602 0.317126
515 0.309208 0.0152643 0.293943 0.324472
516 0.320453 0.0288078 0.291646 0.349261
517 0.307586 0.0137108 0.293875 0.321297
518 0.30679 0.0155575 0.291233 0.322348
519 0.30101 0.0127485 0.288261 0.313758
520 0.304028 0.0141364 0.289891 0.318164
521 0.300274 0.00893857 0.291335 0.309212
522 0.302361 0.0139668 0.288394 0.316328
523 0.296896 0.0143769 0.282519 0.311273
524 0.30179 0.0119638 0.289827 0.313754
525 0.309147 0.0291327 0.280015 0.33828
526 0.321189 0.036827 0.284362 0.358016
527 0.297406 0.00911089 0.288295 0.306517
528 0.302691 0.0124172 0.290274 0.315108
529 0.298292 0.0158896 0.282402 0.314182
530 0.301926 0.0147645 0.287161 0.31669
531 0.300544 0.014678 0.285866 0.315222
532 0.310544 0.0217413 0.288803 0.332285
533 0.320874 0.0797286 0.241145 0.400602
534 0.308352 0.0383481 0.270004 0.3467
535 0.302031 0.012588 0.289443 0.314619
536 0.302166 0.0116993 0.290466 0.313865
537 0.30613 0.0115267 0.294603 0.317656
538 0.331789 0.0884445 0.243345 0.420234
539 0.309853 0.0248818 0.284971 0.334735
540 0.305514 0.0168163 0.288698 0.32233
541 0.312015 0.0281838 0.283831 0.340199
542 0.310274 0.0205683 0.289705 0.330842
543 0.31685 0.0161642 0.300686 0.333014
544 0.313727 0.00828595 0.305441 0.322013
545 0.311219 0.0127492 0.29847 0.323969
546 0.315108 0.0280812 0.287027 0.343189
547 0.316535 0.0280788 0.288456 0.344613
548 0.309147 0.0148324 0.294315 0.32398
549 0.321414 0.0195691 0.301845 0.340983
550 0.311129 0.0120468 0.299083 0.323176
551 0.310454 0.0162193 0.294234 0.326673
552 0.313231 0.0184752 0.294756 0.331707
553 0.309928 0.0162592 0.293669 0.326187
554 0.310844 0.019716 0.291128 0.33056
555 0.313847 0.0177743 0.296073 0.331621
556 0.315093 0.0286659 0.286427 0.343759
557 0.309463 0.018195 0.291268 0.327658
558 0.300049 0.00880241 0.291246 0.308851
559 0.31209 0.0225283 0.289562 0.334619
560 0.320213 0.0367366 0.283477 0.35695
561 0.303097 0.0127781 0.290319 0.315875
562 0.300559 0.0154778 0.285081 0.316037
563 0.30146 0.0157976 0.285663 0.317258
564 0.298067 0.0121935 0.285873 0.31026
565 0.306145 0.0151661 0.290978 0.321311
566 0.307346 0.0298842 0.277462 0.33723
567 0.33206 0.134967 0.197092 0.467027
568 0.297601 0.011308 0.286293 0.308909
569 0.30098 0.0159074 0.285072 0.316887
570 0.300589 0.012064 0.288525 0.312653
571 0.305724 0.021788 0.283936 0.327512
572 0.308081 0.0192315 0.28885 0.327313
573 0.310589 0.018382 0.292207 0.328971
574 0.304178 0.0184846 0.285693 0.322662
575 0.304823 0.0150995 0.289724 0.319923
576 0.304493 0.00903865 0.295454 0.313532
577 0.299808 0.0135011 0.286307 0.31331
578 0.302466 0.0170859 0.28538 0.319552
579 0.300259 0.00956452 0.290694 0.309823
580 0.305934 0.017274 0.28866 0.323208
581 0.308742 0.027021 0.281721 0.335763
582 0.31694 0.0138818 0.303058 0.330822
583 0.31206 0.0143212 0.297739 0.326381
584 0.314102 0.012676 0.301426 0.326778
585 0.31191 0.00950124 0.302409 0.321411
586 0.315619 0.0125546 0.303064 0.328173
587 0.31218 0.0118743 0.300306 0.324055
588 0.314297 0.0133992 0.300898 0.327697
589 0.324237 0.0152513 0.308986 0.339488
590 0.315348 0.0198364 0.295512 0.335185
591 0.325168 0.0219028 0.303265 0.347071
592 0.311174 0.0105742 0.3006 0.321749
593 0.318411 0.0203848 0.298027 0.338796
594 0.310919 0.0124695 0.29845 0.323389
595 0.318952 0.0167022 0.30225 0.335654
596 0.318081 0.0155063 0.302575 0.333587
597 0.308487 0.00962898 0.298858 0.318116
598 0.310229 0.0333354 0.276893 0.343564
599 0.307991 0.0124053 0.295586 0.320397
600 0.314778 0.0177962 0.296982 0.332574
601 0.314853 0.0190177 0.295835 0.333871
602 0.311129 0.0169787 0.294151 0.328108
603 0.310889 0.0143065 0.296583 0.325196
604 0.315634 0.0247444 0.290889 0.340378
605 0.308051 0.0136145 0.294437 0.321666
606 0.312436 0.0231948 0.289241 0.33563
607 0.307601 0.0176756 0.289925 0.325277
608 0.320528 0.0259852 0.294543 0.346514
609 0.313261 0.0135911 0.29967 0.326852
610 0.310874 0.0158218 0.295052 0.326696
611 0.307766 0.0131573 0.294609 0.320923
612 0.308817 0.00860547 0.300212 0.317423
613 0.309388 0.010976 0.298412 0.320364
614 0.309898 0.0132764 0.296622 0.323175
615 0.317556 0.0426894 0.274866 0.360245
616 0.305994 0.0118037 0.294191 0.317798
617 0.30685 0.0107984 0.296052 0.317649
618 0.309298 0.018767 0.290531 0.328065
619 0.312421 0.017806 0.294615 0.330227
620 0.312886 0.0214734 0.291413 0.334359
621 0.304808 0.0108348 0.293974 0.315643
622 0.302631 0.00885908 0.293772 0.31149
623 0.303577 0.0107609 0.292816 0.314338
624 0.307196 0.0167186 0.290477 0.323914
625 0.307961 0.0157769 0.292184 0.323738
626 0.305679 0.0178273 0.287852 0.323506
627 0.303607 0.0214583 0.282149 0.325065
628 0.294223 0.00910752 0.285116 0.303331
629 0.301415 0.0150776 0.286337 0.316493
630 0.305334 0.015699 0.289635 0.321033
631 0.29583 0.00768896 0.288141 0.303519
632 0.304673 0.015717 0.288956 0.32039
633 0.303697 0.012389 0.291308 0.316086
634 0.298757 0.0110838 0.287674 0.309841
635 0.308487 0.04278 0.265707 0.351267
636 0.29643 0.0132741 0.283156 0.309704
637 0.295409 0.00987803 0.285531 0.305287
638 0.356398 0.23692 0.119478 0.593318
639 0.294043 0.0133622 0.280681 0.307405
640 0.306745 0.0147712 0.291974 0.321516
641 0.311625 0.0263716 0.285253 0.337996
642 0.304703 0.0166913 0.288012 0.321395
643 0.303352 0.0155417 0.28781 0.318894
644 0.305199 0.0168607 0.288338 0.322059
645 0.307751 0.0128014 0.29495 0.320552
646 0.305124 0.0152513 0.289872 0.320375
647 0.298112 0.0135931 0.284519 0.311705
648 0.302586 0.0188035 0.283783 0.32139
649 0.307766 0.0214936 0.286273 0.32926
650 0.304223 0.0222995 0.281923 0.326522
651 0.305709 0.0215405 0.284169 0.32725
652 0.298667 0.0114242 0.287243 0.310092
653 0.297196 0.0119563 0.28524 0.309152
654 0.299959 0.0221195 0.277839 0.322078
655 0.298322 0.0164111 0.281911 0.314733
656 0.299163 0.020761 0.278402 0.319924
657 0.299989 0.0195739 0.280415 0.319563
658 0.296325 0.0152228 0.281102 0.311548
659 0.299358 0.0217551 0.277603 0.321113
660 0.299538 0.0206817 0.278856 0.32022
661 0.293097 0.00932757 0.283769 0.302425
662 0.297797 0.0205717 0.277225 0.318368
663 0.298112 0.0123136 0.285798 0.310425
664 0.300439 0.0131767 0.287262 0.313616
665 0.309463 0.0174076 0.292055 0.32687
666 0.324793 0.120251 0.204541 0.445044
667 0.304478 0.023671 0.280807 0.328149
668 0.30152 0.0175171 0.284003 0.319037
669 0.306265 0.0182853 0.287979 0.32455
670 0.298998 0.015669 0.283329 0.314667
671 0.300739 0.00871123 0.292028 0.309451
672 0.31697 0.0192662 0.297704 0.336236
673 0.311009 0.0190723 0.291937 0.330082
674 0.310259 0.0165885 0.29367 0.326847
675 0.309538 0.0188802 0.290658 0.328418
676 0.308982 0.0184406 0.290542 0.327423
677 0.307631 0.0183608 0.28927 0.325992
678 0.30697 0.0130084 0.293962 0.319979
679 0.305139 0.0140689 0.29107 0.319207
680 0.317405 0.0342005 0.283205 0.351606
681 0.304748 0.011456 0.293292 0.316204
682 0.309328 0.0196573 0.28967 0.328985
683 0.307391 0.0161527 0.291238 0.323543
684 0.296235 0.00686572 0.289369 0.303101
685 0.304403 0.019556 0.284847 0.323959
686 0.299313 0.0137786 0.285534 0.313092
687 0.29628 0.0121683 0.284112 0.308448
688 0.302601 0.0152505 0.287351 0.317852
689 0.29667 0.0122139 0.284457 0.308884
690 0.302136 0.0167254 0.28541 0.318861
691 0.317796 0.0794127 0.238383 0.397208
692 0.303817 0.0210877 0.28273 0.324905
693 0.294734 0.0107684 0.283965 0.305502
694 0.294929 0.0156241 0.279305 0.310553
695 0.299118 0.0159198 0.283198 0.315038
696 0.29089 0.0100128 0.280877 0.300903
697 0.2964 0.0173611 0.279039 0.313761
698 0.292677 0.011033 0.281644 0.30371
699 0.298878 0.0151826 0.283695 0.31406
700 0.303712 0.0225045 0.281208 0.326217
701 0.298607 0.0178143 0.280793 0.316422
702 0.298157 0.0175074 0.28065 0.315664
703 0.304688 0.0203174 0.284371 0.325006
704 0.304298 0.00991148 0.294386 0.314209
705 0.31134 0.0162458 0.295094 0.327585
706 0.333951 0.0833954 0.250556 0.417347
707 0.31733 0.0279348 0.289396 0.345265
708 0.312586 0.0171773 0.295408 0.329763
709 0.315889 0.020916 0.294973 0.336805
710 0.320588 0.0184968 0.302092 0.339085
711 0.320814 0.0165108 0.304303 0.337324
712 0.315544 0.0141944 0.301349 0.329738
713 0.314928 0.0142008 0.300727 0.329129
714 0.318892 0.0136423 0.30525 0.332534
715 0.320829 0.017202 0.303627 0.338031
716 0.319943 0.0161547 0.303788 0.336098
717 0.320934 0.0227216 0.298212 0.343655
718 0.311189 0.0102244 0.300965 0.321414
719 0.319928 0.0165599 0.303368 0.336488
720 0.316535 0.0162775 0.300257 0.332812
721 0.312676 0.0124194 0.300256 0.325095
722 0.338801 0.0579243 0.280877 0.396725
723 0.317075 0.0185225 0.298553 0.335598
724 0.313246 0.012362 0.300884 0.325608
725 0.314388 0.0127616 0.301626 0.327149
726 0.320468 0.013215 0.307253 0.333683
727 0.309943 0.0101217 0.299822 0.320065
728 0.321519 0.0189351 0.302584 0.340455
729 0.317315 0.0198455 0.29747 0.337161
730 0.324778 0.018939 0.305838 0.343717
731 0.319763 0.0133965 0.306366 0.333159
732 0.314463 0.0124956 0.301967 0.326958
733 0.315093 0.0146312 0.300462 0.329724
734 0.311985 0.0155387 0.296446 0.327524
735 0.310078 0.0108717 0.299207 0.32095
736 0.324853 0.0354619 0.289391 0.360314
737 0.315604 0.0134635 0.30214 0.329067
738 0.318547 0.0166839 0.301863 0.33523
739 0.323276 0.0291722 0.294104 0.352448
740 0.316865 0.0129364 0.303929 0.329801
741 0.322525 0.0253454 0.29718 0.347871
742 0.314958 0.0133307 0.301627 0.328289
743 0.321174 0.0225035 0.29867 0.343678
744 0.316204 0.0148332 0.301371 0.331037
745 0.313892 0.0137456 0.300146 0.327638
746 0.320273 0.0275109 0.292762 0.347784
747 0.325949 0.0359536 0.289995 0.361902
748 0.316565 0.0203226 0.296242 0.336887
749 0.311685 0.00989199 0.301793 0.321577
750 0.31715 0.0145509 0.302599 0.331701
751 0.314718 0.0174091 0.297309 0.332127
752 0.315273 0.0219135 0.29336 0.337187
753 0.301565 0.00721624 0.294349 0.308781
754 0.303187 0.0132833 0.289903 0.31647
755 0.30619 0.0161909 0.289999 0.322381
756 0.30664 0.0146796 0.29196 0.32132
757 0.297076 0.0130358 0.28404 0.310112
758 0.304628 0.0242886 0.280339 0.328917
759 0.307946 0.0154386 0.292508 0.323385
760 0.300259 0.0171472 0.283112 0.317406
761 0.304808 0.0174184 0.28739 0.322227
762 0.30158 0.0158756 0.285705 0.317456
763 0.300875 0.0120282 0.288846 0.312903
764 0.298893 0.0172668 0.281626 0.316159
765 0.299043 0.0155535 0.283489 0.314596
766 0.294388 0.0112687 0.28312 0.305657
767 0.303232 0.0173344 0.285897 0.320566
768 0.309553 0.0129101 0.296643 0.322463
769 0.312436 0.0379842 0.274451 0.35042
770 0.306925 0.0177524 0.289173 0.324678
771 0.299268 0.012901 0.286367 0.312169
772 0.325723 0.078751 0.246972 0.404474
773 0.305139 0.0120207 0.293118 0.317159
774 0.302121 0.0134903 0.28863 0.315611
775 0.302301 0.0209932 0.281308 0.323294
776 0.299583 0.0102197 0.289364 0.309803
777 0.301325 0.0144125 0.286912 0.315737
778 0.312766 0.0399413 0.272825 0.352707
779 0.304658 0.0213688 0.283289 0.326027
780 0.295499 0.0107952 0.284704 0.306294
781 0.300259 0.0130837 0.287175 0.313343
782 0.302061 0.0191437 0.282917 0.321204
783 0.295154 0.0134548 0.281699 0.308609
784 0.314568 0.0263212 0.288246 0.340889
785 0.297091 0.00992194 0.287169 0.307013
786 0.295004 0.010899 0.284105 0.305903
787 0.298097 0.0116577 0.286439 0.309754
788 0.312075 0.0341964 0.277879 0.346272
789 0.318622 0.0433744 0.275247 0.361996
790 0.300829 0.0132939 0.287536 0.314123
791 0.297541 0.0150631 0.282478 0.312604
792 0.305934 0.0162857 0.289649 0.32222
793 0.312991 0.0145772 0.298414 0.327568
794 0.309733 0.017144 0.292589 0.326877
795 0.303517 0.0124878 0.291029 0.316005
796 0.353755 0.234694 0.119061 0.588449
797 0.307391 0.0189568 0.288434 0.326348
798 0.308202 0.0168807 0.291321 0.325082
799 0.305904 0.0112871 0.294617 0.317191
