# ../output/graphs/perf_parallel11QUADRUPED_thread4
# step - mean (0.0495242) - standard deviation (0.245511) r=5 - ylow - yhigh
0 0.0808264 0.0603273 0.0204991 0.141154
1 0.0497788 0.00428166 0.0454971 0.0540605
2 0.0468707 0.00190481 0.0449659 0.0487756
3 0.0473839 0.00182243 0.0455615 0.0492064
4 0.0463576 0.00273961 0.0436179 0.0490972
5 0.0472984 0.00180628 0.0454922 0.0491047
6 0.043364 0.0070458 0.0363182 0.0504098
7 0.0424232 0.00651608 0.0359071 0.0489392
8 0.0425087 0.00635238 0.0361563 0.0488611
9 0.0436206 0.00725247 0.0363681 0.050873
10 0.0441338 0.00794281 0.036191 0.0520766
11 0.043193 0.00703224 0.0361607 0.0502252
12 0.0455023 0.00946495 0.0360373 0.0549672
13 0.0441337 0.00533041 0.0388033 0.0494642
14 0.0435351 0.00708096 0.0364542 0.0506161
15 0.043364 0.00678123 0.0365828 0.0501453
16 0.046101 0.000990104 0.0451109 0.0470911
17 0.0431929 0.00651377 0.0366792 0.0497067
18 0.0440482 0.00727768 0.0367706 0.0513259
19 0.0432784 0.00701872 0.0362597 0.0502972
20 0.0481537 0.00192397 0.0462297 0.0500777
21 0.0466141 0.00114751 0.0454666 0.0477616
22 0.0494367 0.00570943 0.0437272 0.0551461
23 0.0472984 0.00136845 0.04593 0.0486669
24 0.0472984 0.000793183 0.0465052 0.0480916
25 0.0472984 0.00106828 0.0462301 0.0483667
26 0.0471273 0.000913209 0.0462141 0.0480405
27 0.0508907 0.0057184 0.0451723 0.0566091
28 0.0474695 0.00117891 0.0462906 0.0486484
29 0.0474695 0.000936917 0.0465325 0.0484064
30 0.0474695 0.000897049 0.0465724 0.0483665
31 0.0481537 0.00196164 0.0461921 0.0501154
32 0.0483247 0.0015537 0.046771 0.0498784
33 0.0545685 0.0131884 0.0413802 0.0677569
34 0.0616676 0.0383167 0.0233508 0.0999843
35 0.0444759 0.00758768 0.0368882 0.0520636
36 0.043535 0.00715805 0.036377 0.0506931
37 0.046101 0.00199487 0.0441061 0.0480959
38 0.0443903 0.00666035 0.03773 0.0510507
39 0.0443904 0.00726958 0.0371208 0.05166
40 0.0441338 0.00769017 0.0364436 0.051824
41 0.0443049 0.00771009 0.0365948 0.0520149
42 0.0434495 0.00697793 0.0364716 0.0504275
43 0.0449036 0.00807795 0.0368256 0.0529815
44 0.0430219 0.0066615 0.0363604 0.0496834
45 0.0434496 0.00718963 0.0362599 0.0506392
46 0.044647 0.00734066 0.0373063 0.0519876
47 0.0446469 0.00722011 0.0374268 0.051867
48 0.0442193 0.00682959 0.0373897 0.0510489
49 0.0495222 0.00443115 0.045091 0.0539533
50 0.0493512 0.00254588 0.0468053 0.0518971
51 0.047555 0.000872239 0.0466828 0.0484272
52 0.0479826 0.000952429 0.0470302 0.0489351
53 0.0473839 0.0013897 0.0459942 0.0487736
54 0.0481537 0.0013685 0.0467852 0.0495222
55 0.050463 0.00624432 0.0442187 0.0567074
56 0.0483248 0.00255164 0.0457731 0.0508764
57 0.0481537 0.0026027 0.045551 0.0507564
58 0.0479826 0.00264174 0.0453409 0.0506244
59 0.049009 0.00245813 0.0465509 0.0514671
60 0.0484958 0.00192396 0.0465719 0.0504198
61 0.0497788 0.00329712 0.0464817 0.0530759
62 0.0490946 0.00266934 0.0464253 0.0517639
63 0.0496077 0.004039 0.0455687 0.0536467
64 0.0495222 0.0031704 0.0463518 0.0526926
65 0.047555 0.00106143 0.0464936 0.0486164
66 0.0474695 0.00137914 0.0460903 0.0488486
67 0.047726 0.00144645 0.0462796 0.0491725
68 0.0484958 0.002157 0.0463388 0.0506528
69 0.047555 0.00112822 0.0464268 0.0486832
70 0.0497788 0.00507885 0.0446999 0.0548576
71 0.0476405 0.00147148 0.0461691 0.049112
72 0.0468707 0.00134146 0.0455293 0.0482122
73 0.0472129 0.00136852 0.0458443 0.0485814
74 0.0479826 0.00280298 0.0451796 0.0507856
75 0.0478971 0.00249363 0.0454035 0.0503907
76 0.046101 0.000735744 0.0453653 0.0468367
77 0.0468707 0.000793159 0.0460776 0.0476639
78 0.0459299 0.00103346 0.0448965 0.0469634
79 0.0458444 0.000990106 0.0448543 0.0468345
80 0.0458444 0.000829248 0.0450151 0.0466736
81 0.046101 0.000829243 0.0452717 0.0469302
82 0.0526868 0.0130231 0.0396637 0.06571
83 0.0437061 0.00524746 0.0384586 0.0489536
84 0.043364 0.0065396 0.0368244 0.0499036
85 0.0453311 0.00890093 0.0364302 0.0542321
86 0.0442193 0.00734566 0.0368737 0.051565
87 0.0430219 0.00656192 0.03646 0.0495838
88 0.0447325 0.00882912 0.0359034 0.0535616
89 0.0399428 0.00807162 0.0318712 0.0480144
90 0.0455023 0.00961071 0.0358916 0.055113
91 0.0399428 0.00771957 0.0322232 0.0476623
92 0.0428509 0.00627002 0.0365809 0.0491209
93 0.0396007 0.00739035 0.0322103 0.046991
94 0.0396007 0.00756162 0.032039 0.0471623
95 0.0397717 0.00751991 0.0322518 0.0472916
96 0.0419955 0.00805715 0.0339384 0.0500527
97 0.0439627 0.00687127 0.0370914 0.050834
98 0.0429363 0.00684567 0.0360907 0.049782
99 0.0439627 0.00736458 0.0365981 0.0513273
100 0.0434495 0.00703535 0.0364142 0.0504849
101 0.046272 0.00857616 0.0376959 0.0548482
102 0.0460154 0.00843068 0.0375848 0.0544461
103 0.0483248 0.00218061 0.0461442 0.0505054
104 0.047726 0.00119739 0.0465287 0.0489234
105 0.0478116 0.00128008 0.0465315 0.0490917
106 0.0476405 0.00122762 0.0464129 0.0488681
107 0.0505486 0.00575919 0.0447894 0.0563078
108 0.0476405 0.00174445 0.0458961 0.049385
109 0.0484958 0.00213996 0.0463559 0.0506358
110 0.0516604 0.00746326 0.0441972 0.0591237
111 0.0484103 0.00182242 0.0465879 0.0502327
112 0.0483248 0.00164525 0.0466795 0.04997
113 0.0489235 0.0017859 0.0471376 0.0507094
114 0.0482393 0.00178178 0.0464575 0.050021
115 0.04918 0.00114753 0.0480325 0.0503276
116 0.04191 0.00771197 0.034198 0.049622
117 0.0417389 0.0092973 0.0324416 0.0510362
118 0.0420811 0.00904602 0.033035 0.0511271
119 0.0426798 0.00964409 0.0330357 0.0523239
120 0.0422521 0.0097234 0.0325287 0.0519756
121 0.0383177 0.00804894 0.0302687 0.0463666
122 0.0399428 0.00804895 0.0318939 0.0479918
123 0.0384032 0.00830309 0.0301002 0.0467063
124 0.0373768 0.00861103 0.0287658 0.0459879
125 0.0374624 0.00887457 0.0285878 0.046337
126 0.0392586 0.0085676 0.030691 0.0478262
127 0.0374624 0.00870819 0.0287542 0.0461706
128 0.0420811 0.00852564 0.0335554 0.0506067
129 0.0372058 0.0085616 0.0286442 0.0457674
130 0.0405415 0.00891899 0.0316225 0.0494605
131 0.0450746 0.0073307 0.0377439 0.0524053
132 0.0443904 0.00745345 0.0369369 0.0518438
133 0.0440483 0.00731276 0.0367355 0.051361
134 0.0442193 0.00740025 0.036819 0.0516195
135 0.0438772 0.00720998 0.0366672 0.0510871
136 0.0443049 0.00724036 0.0370645 0.0515452
137 0.0447324 0.00618306 0.0385494 0.0509155
138 0.0441337 0.00714272 0.036991 0.0512764
139 0.0441338 0.00739927 0.0367345 0.051533
140 0.0449035 0.00564762 0.0392559 0.0505511
141 0.0442193 0.00678666 0.0374326 0.0510059
142 0.0440483 0.0075393 0.036509 0.0515875
143 0.0434496 0.00701974 0.0364298 0.0504693
144 0.0440483 0.0077687 0.0362796 0.051817
145 0.0448181 0.00791981 0.0368983 0.0527379
146 0.0434496 0.00710266 0.0363469 0.0505522
147 0.043364 0.00697796 0.036386 0.0503419
148 0.0437917 0.0072756 0.0365161 0.0510673
149 0.0442193 0.00556675 0.0386525 0.049786
150 0.043535 0.00709646 0.0364386 0.0506315
151 0.0437917 0.00733568 0.036456 0.0511274
152 0.0434496 0.0073407 0.0361089 0.0507903
153 0.0429363 0.00708721 0.0358491 0.0500235
154 0.046272 0.00116019 0.0451119 0.0474322
155 0.0455023 0.000838043 0.0446642 0.0463403
156 0.0451602 0.000694858 0.0444653 0.045855
157 0.0450747 0.000960103 0.0441146 0.0460348
158 0.0449891 0.000829224 0.0441598 0.0458183
159 0.0457589 0.00189332 0.0438656 0.0476522
160 0.0469563 0.0025999 0.0443564 0.0495562
161 0.0459299 0.00131394 0.044616 0.0472438
162 0.0457588 0.00150591 0.0442529 0.0472647
163 0.0457589 0.00148144 0.0442774 0.0472403
164 0.0476405 0.0031727 0.0444678 0.0508132
165 0.0473839 0.00165409 0.0457298 0.049038
166 0.0476406 0.00168039 0.0459602 0.0493209
167 0.0476405 0.00283157 0.044809 0.0504721
168 0.0506341 0.0080671 0.042567 0.0587012
169 0.0459299 0.0015443 0.0443856 0.0474742
170 0.054312 0.011802 0.04251 0.0661139
171 0.053029 0.0115925 0.0414365 0.0646215
172 0.0478116 0.000952421 0.0468592 0.048764
173 0.0472984 0.000745646 0.0465527 0.048044
174 0.0472129 0.000960051 0.0462528 0.0481729
175 0.0469562 0.000628489 0.0463277 0.0475847
176 0.0469563 0.00102639 0.0459299 0.0479827
177 0.0472129 0.000880549 0.0463323 0.0480934
178 0.0469563 0.000684238 0.046272 0.0476405
179 0.047555 0.00073577 0.0468192 0.0482908
180 0.0491801 0.00321166 0.0459684 0.0523917
181 0.0469563 0.000628515 0.0463278 0.0475848
182 0.0567923 0.0188777 0.0379146 0.07567
183 0.0469563 0.00141582 0.0455405 0.0483721
184 0.0465286 0.00109532 0.0454333 0.0476239
185 0.0466141 0.00129712 0.045317 0.0479113
186 0.0464431 0.00122761 0.0452155 0.0476707
187 0.0467852 0.00170208 0.0450832 0.0484873
188 0.0465286 0.00133601 0.0451926 0.0478646
189 0.0466997 0.0011282 0.0455715 0.0478279
190 0.0466141 0.00143119 0.0451829 0.0480453
191 0.0467852 0.0013685 0.0454167 0.0481537
192 0.0510618 0.006792 0.0442698 0.0578538
193 0.0479827 0.00318195 0.0448007 0.0511646
194 0.0439627 0.00528212 0.0386806 0.0492448
195 0.0437061 0.00741407 0.036292 0.0511202
196 0.0425942 0.00715397 0.0354403 0.0497482
197 0.0423376 0.0070062 0.0353314 0.0493438
198 0.0430219 0.00686701 0.0361549 0.0498889
199 0.0430218 0.00685099 0.0361708 0.0498728
200 0.0431929 0.00694328 0.0362497 0.0501362
201 0.0465286 0.00136312 0.0451655 0.0478917
202 0.0502065 0.0153159 0.0348905 0.0655224
203 0.0428508 0.00678555 0.0360652 0.0496364
204 0.0435351 0.00688719 0.0366479 0.0504223
205 0.0431074 0.00708099 0.0360264 0.0501884
206 0.0467852 0.00128582 0.0454994 0.048071
207 0.0440483 0.00716621 0.036882 0.0512145
208 0.0431929 0.00690101 0.0362919 0.050094
209 0.043364 0.00706652 0.0362975 0.0504305
210 0.043364 0.00726557 0.0360984 0.0506295
211 0.0461865 0.000604791 0.0455817 0.0467913
212 0.0464431 0.000640066 0.0458031 0.0470832
213 0.0461865 0.00060484 0.0455817 0.0467914
214 0.0459299 0.000793178 0.0451367 0.0467231
215 0.046101 0.000684252 0.0454167 0.0467852
216 0.0472129 0.00064005 0.0465728 0.0478529
217 0.0471273 0.000628526 0.0464988 0.0477558
218 0.0476405 0.00147152 0.046169 0.049112
219 0.0472129 0.000921234 0.0462916 0.0481341
220 0.0473839 0.000913203 0.0464707 0.0482971
221 0.0526868 0.0113192 0.0413677 0.064006
222 0.0481537 0.00294551 0.0452082 0.0510992
223 0.0484959 0.00233613 0.0461597 0.050832
224 0.0481538 0.00139495 0.0467588 0.0495487
225 0.0470418 0.00177361 0.0452682 0.0488154
226 0.0467852 0.00128578 0.0454994 0.048071
227 0.0470418 0.00164519 0.0453966 0.048687
228 0.0437062 0.00595896 0.0377472 0.0496651
229 0.0445614 0.00709648 0.0374649 0.0516579
230 0.0445614 0.00522649 0.0393349 0.0497879
231 0.0436206 0.00672929 0.0368913 0.0503499
232 0.0437061 0.0070395 0.0366666 0.0507456
233 0.0435351 0.00672057 0.0368145 0.0502556
234 3.14624 6.20781 -3.06157 9.35405
235 0.0454168 0.00869049 0.0367263 0.0541073
236 0.0442193 0.00718967 0.0370296 0.051409
237 0.0444759 0.00729268 0.0371832 0.0517686
238 0.0438772 0.00688824 0.036989 0.0507655
239 0.0437916 0.00684032 0.0369513 0.050632
240 0.0447325 0.00741009 0.0373224 0.0521426
241 0.0444759 0.00717132 0.0373046 0.0516472
242 0.0452457 0.00565667 0.039589 0.0509023
243 0.044647 0.00728571 0.0373613 0.0519327
244 0.0485814 0.00154432 0.0470371 0.0501257
245 0.0482392 0.00119128 0.047048 0.0494305
246 0.0558515 0.0163576 0.0394938 0.0722091
247 0.0484959 0.00159098 0.0469049 0.0500868
248 0.0484103 0.00163185 0.0467784 0.0500421
249 0.0477261 0.00131395 0.0464121 0.04904
250 0.0478116 0.0015864 0.0462252 0.049398
251 0.0480682 0.000793137 0.047275 0.0488613
252 0.0479827 0.00119129 0.0467914 0.049174
253 0.0478116 0.00116019 0.0466514 0.0489718
254 0.0478116 0.00116016 0.0466514 0.0489718
255 0.0478116 0.000990106 0.0468215 0.0488017
256 0.0495222 0.00182241 0.0476998 0.0513446
257 0.047555 0.0010264 0.0465286 0.0485814
258 0.0483248 0.00284959 0.0454752 0.0511744
259 0.0477261 0.00194286 0.0457832 0.0496689
260 0.047726 0.00122759 0.0464985 0.0489536
261 0.0478971 0.00111517 0.046782 0.0490123
262 0.0477261 0.00136852 0.0463576 0.0490946
263 0.0488379 0.00160927 0.0472287 0.0504472
264 0.044818 0.00694008 0.037878 0.0517581
265 0.0449036 0.00758769 0.0373159 0.0524912
266 0.0431929 0.00691161 0.0362813 0.0501046
267 0.0436206 0.00708923 0.0365314 0.0507098
268 0.0431929 0.00671294 0.03648 0.0499058
269 0.0431929 0.00668567 0.0365073 0.0498786
270 0.0432785 0.00674228 0.0365362 0.0500208
271 0.0432784 0.00651606 0.0367624 0.0497945
272 0.0442193 0.00708719 0.0371321 0.0513065
273 0.0496077 0.0147153 0.0348924 0.064323
274 0.0432785 0.00648225 0.0367962 0.0497607
275 0.043193 0.00665271 0.0365403 0.0498457
276 0.0430219 0.00658421 0.0364376 0.0496061
277 0.0438772 0.00510752 0.0387697 0.0489847
278 0.0440482 0.00715091 0.0368973 0.0511991
279 0.0425087 0.00673255 0.0357761 0.0492412
280 0.0508052 0.00993551 0.0408697 0.0607407
281 0.0463575 0.00174449 0.0446131 0.048102
282 0.0463576 0.00139495 0.0449626 0.0477525
283 0.0459299 0.00122759 0.0447023 0.0471575
284 0.046101 0.00119129 0.0449098 0.0472923
285 0.0466141 0.00196905 0.0446451 0.0485832
286 0.0472984 0.00199859 0.0452998 0.049297
287 0.0463576 0.00180629 0.0445513 0.0481639
288 0.0479827 0.00222054 0.0457622 0.0502032
289 0.0502065 0.00461868 0.0455878 0.0548251
290 0.0478116 0.00217054 0.0456411 0.0499821
291 0.0470418 0.00120961 0.0458322 0.0482514
292 0.0467852 0.00152041 0.0452648 0.0483056
293 0.0434496 0.00584247 0.0376071 0.049292
294 0.0430219 0.00661744 0.0364045 0.0496393
295 0.0434495 0.00663399 0.0368155 0.0500835
296 0.044647 0.00795297 0.036694 0.0525999
297 0.0444759 0.00581984 0.0386561 0.0502958
298 0.0396862 0.00797962 0.0317066 0.0476658
299 0.0431074 0.00681783 0.0362896 0.0499253
300 0.0401139 0.00829425 0.0318196 0.0484081
301 0.0396862 0.00832069 0.0313655 0.0480069
302 0.0405415 0.00926101 0.0312805 0.0498025
303 0.0500354 0.0252656 0.0247698 0.075301
304 0.0394296 0.00800704 0.0314225 0.0474366
305 0.0411402 0.00687126 0.034269 0.0480115
306 0.0390874 0.00771012 0.0313773 0.0467976
307 0.0390875 0.00785115 0.0312363 0.0469386
308 0.0394296 0.00796585 0.0314637 0.0473954
309 0.0400283 0.00872077 0.0313075 0.0487491
310 0.0405415 0.00898028 0.0315612 0.0495218
311 0.0396007 0.00833031 0.0312703 0.047931
312 0.0394295 0.00854624 0.0308833 0.0479758
313 0.0401994 0.00869304 0.0315063 0.0488924
314 0.0436206 0.00724239 0.0363782 0.050863
315 0.0430219 0.00705618 0.0359657 0.050078
316 0.0438772 0.00745442 0.0364227 0.0513316
317 0.0430219 0.00711291 0.035909 0.0501348
318 0.0439627 0.00724945 0.0367133 0.0512122
319 0.0432785 0.00722415 0.0360543 0.0505026
320 0.0442193 0.00561253 0.0386068 0.0498319
321 0.0432785 0.00727467 0.0360038 0.0505532
322 0.0430219 0.00687766 0.0361442 0.0498995
323 0.0425943 0.006867 0.0357273 0.0494613
324 0.042081 0.00657862 0.0355024 0.0486596
325 0.0437061 0.00636268 0.0373434 0.0500688
326 0.0424232 0.00584743 0.0365758 0.0482706
327 0.0419955 0.00565019 0.0363453 0.0476457
328 0.0427653 0.00583863 0.0369267 0.0486039
329 0.0449036 0.000975186 0.0439284 0.0458787
330 0.0429363 0.00464236 0.038294 0.0475787
331 0.0423376 0.00539588 0.0369418 0.0477335
332 0.0423376 0.0058136 0.036524 0.0481512
333 0.0422521 0.00578457 0.0364675 0.0480366
334 0.0431074 0.00649356 0.0366138 0.0496009
335 0.0430218 0.00642675 0.0365951 0.0494486
336 0.0435351 0.00682852 0.0367066 0.0503636
337 0.043535 0.00663841 0.0368966 0.0501735
338 0.0432784 0.00583489 0.0374436 0.0491133
339 0.0436206 0.00578202 0.0378385 0.0494026
340 0.0435351 0.00579715 0.0377379 0.0493322
341 0.0702206 0.0459398 0.0242808 0.11616
342 0.0472984 0.00161382 0.0456846 0.0489123
343 0.0469563 0.00106141 0.0458949 0.0480177
344 0.0469563 0.000684278 0.046272 0.0476405
345 0.0469563 0.000735739 0.0462205 0.047692
346 0.0473839 0.000829247 0.0465547 0.0482132
347 0.0467852 0.00043613 0.0463491 0.0472214
348 0.0468707 0.000436098 0.0464346 0.0473068
349 0.0466142 0.000604808 0.0460094 0.047219
350 0.0472129 0.000580064 0.0466328 0.047793
351 0.0467852 0.000342145 0.0464431 0.0471274
352 0.0478116 0.00109534 0.0467162 0.0489069
353 0.0596148 0.0220904 0.0375244 0.0817052
354 0.0472984 0.00096009 0.0463383 0.0482584
355 0.0467852 0.000793173 0.045992 0.0475784
356 0.0467852 0.000436139 0.0463491 0.0472214
357 0.0455023 0.00516453 0.0403377 0.0506668
358 0.0443048 0.00624198 0.0380628 0.0505468
359 0.0472984 0.0014962 0.0458022 0.0487946
360 0.0451602 0.00611169 0.0390485 0.0512718
361 0.0442193 0.0067974 0.0374219 0.0510167
362 0.0442193 0.00714367 0.0370756 0.051363
363 0.0439628 0.00710677 0.036856 0.0510695
364 0.0443049 0.00706654 0.0372383 0.0513714
365 0.044647 0.00717949 0.0374675 0.0518265
366 0.0443048 0.00691479 0.03739 0.0512196
367 0.0442193 0.00661743 0.0376018 0.0508367
368 0.0442193 0.00689891 0.0373204 0.0511182
369 0.0447325 0.00715396 0.0375786 0.0518865
370 0.0443903 0.00701871 0.0373716 0.051409
371 0.0438772 0.00677045 0.0371067 0.0506476
372 0.0439627 0.0068071 0.0371556 0.0507698
373 0.0558515 0.0255443 0.0303072 0.0813957
374 0.0474695 0.000811412 0.0466581 0.0482809
375 0.047384 0.000829216 0.0465548 0.0482132
376 0.0468707 0.000793151 0.0460776 0.0476639
377 0.0474694 0.000855303 0.0466141 0.0483247
378 0.0468707 0.000436112 0.0464346 0.0473068
379 0.0472984 0.000793171 0.0465053 0.0480916
380 0.0470419 0.00046849 0.0465734 0.0475104
381 0.0543974 0.0123336 0.0420638 0.0667311
382 0.0471273 0.00136313 0.0457642 0.0484905
383 0.0466142 0.000764994 0.0458492 0.0473792
384 0.0471274 0.000829286 0.0462981 0.0479567
385 0.0464431 0.000694847 0.0457483 0.047138
386 0.0472129 0.00159097 0.0456219 0.0488039
387 0.0461865 0.000715613 0.0454709 0.0469022
388 0.046101 0.000735715 0.0453653 0.0468367
389 0.0478116 0.00144142 0.0463702 0.049253
390 0.0437917 0.00565797 0.0381337 0.0494497
391 0.043364 0.00675967 0.0366043 0.0501237
392 0.0434496 0.00700935 0.0364402 0.0504589
393 0.0438772 0.00708201 0.0367952 0.0509592
394 0.0447325 0.00582361 0.0389089 0.0505561
395 0.0437061 0.00675854 0.0369476 0.0504647
396 0.0445615 0.00574017 0.0388213 0.0503016
397 0.0443048 0.00705615 0.0372487 0.051361
398 0.0442193 0.00724034 0.036979 0.0514597
399 0.0437917 0.00720492 0.0365867 0.0509966
400 0.0442193 0.00711805 0.0371013 0.0513374
401 0.0438772 0.00708199 0.0367952 0.0509592
402 0.0437917 0.00720492 0.0365867 0.0509966
403 0.0443048 0.00756643 0.0367384 0.0518712
404 0.0492656 0.014948 0.0343176 0.0642137
405 0.0407125 0.00843856 0.032274 0.0491511
406 0.0428508 0.0073347 0.0355161 0.0501855
407 0.0432785 0.00582237 0.0374561 0.0491008
408 0.0407981 0.00786971 0.0329284 0.0486678
409 0.040627 0.00789944 0.0327276 0.0485265
410 0.0408836 0.00760017 0.0332834 0.0484838
411 0.0443049 0.00634657 0.0379583 0.0506514
412 0.0409691 0.00779877 0.0331704 0.0487679
413 0.0408836 0.00828635 0.0325973 0.04917
414 0.0409692 0.00819221 0.0327769 0.0491614
415 0.0508052 0.00427143 0.0465337 0.0550766
416 0.0416534 0.00714883 0.0345046 0.0488022
417 0.0445614 0.00748775 0.0370737 0.0520492
418 0.0444759 0.00732273 0.0371532 0.0517986
419 0.0461865 0.00819039 0.0379962 0.0543769
420 0.0450746 0.00763859 0.037436 0.0527132
421 0.0459299 0.00829954 0.0376304 0.0542294
422 0.0507196 0.00472052 0.0459991 0.0554402
423 0.0482392 0.000829244 0.04741 0.0490684
424 0.0484103 0.00125121 0.0471591 0.0496615
425 0.0479826 0.000913219 0.0470694 0.0488959
426 0.0505486 0.00433094 0.0462177 0.0548795
427 0.0484103 0.000783895 0.0476264 0.0491942
428 0.054654 0.0129018 0.0417522 0.0675558
429 0.0488379 0.00141578 0.0474222 0.0502537
430 0.0483247 0.0012686 0.0470561 0.0495933
431 0.0478116 0.000872274 0.0469393 0.0486839
432 0.0478971 0.00123948 0.0466576 0.0491366
433 0.0471273 0.00119134 0.045936 0.0483187
434 0.0486669 0.00278991 0.045877 0.0514568
435 0.047555 0.00234856 0.0452065 0.0499036
436 0.0464431 0.001102 0.0453411 0.0475451
437 0.0461865 0.000540923 0.0456456 0.0467274
438 0.0459299 0.000793198 0.0451367 0.0467231
439 0.0463576 0.000793158 0.0455644 0.0471507
440 0.0459299 0.000880599 0.0450493 0.0468105
441 0.0460155 0.000745695 0.0452698 0.0467612
442 0.0534566 0.0152018 0.0382548 0.0686585
443 0.047726 0.00312626 0.0445998 0.0508523
444 0.0466142 0.00836277 0.0382514 0.054977
445 0.0428508 0.0067423 0.0361085 0.0495931
446 0.0431074 0.00669871 0.0364087 0.0498061
447 0.0428508 0.00693481 0.035916 0.0497856
448 0.043364 0.00619491 0.0371691 0.0495589
449 0.0427653 0.00666368 0.0361017 0.049429
450 0.0426798 0.00663837 0.0360414 0.0493181
451 0.0449036 0.00854448 0.0363591 0.053448
452 0.0429364 0.00680281 0.0361336 0.0497392
453 0.0461865 0.00137918 0.0448073 0.0475657
454 0.0430219 0.00621847 0.0368034 0.0492403
455 0.0497788 0.0158742 0.0339046 0.065653
456 0.0427653 0.00669655 0.0360687 0.0494618
457 0.0442193 0.00807618 0.0361431 0.0522955
458 0.0428509 0.00691901 0.0359319 0.0497699
459 0.0430219 0.00700931 0.0360126 0.0500312
460 0.042081 0.00621263 0.0358684 0.0482937
461 0.0395152 0.00840033 0.0311148 0.0479155
462 0.0428508 0.00672056 0.0361303 0.0495714
463 0.0400283 0.00765296 0.0323753 0.0476813
464 0.0415679 0.0107217 0.0308461 0.0522896
465 0.0394296 0.00866521 0.0307644 0.0480948
466 0.0394296 0.00814288 0.0312867 0.0475725
467 0.0394296 0.00830747 0.0311221 0.0477371
468 0.0422521 0.0111695 0.0310826 0.0534216
469 0.0396862 0.00867785 0.0310083 0.048364
470 0.0425942 0.00659525 0.035999 0.0491895
471 0.0404559 0.00687766 0.0335783 0.0473336
472 0.0422521 0.00641424 0.0358379 0.0486664
473 0.039344 0.00789015 0.0314539 0.0472342
474 0.0385743 0.00767586 0.0308984 0.0462501
475 0.0356663 0.00809428 0.027572 0.0437606
476 0.0401994 0.00805533 0.032144 0.0482547
477 0.0430219 0.00689354 0.0361284 0.0499155
478 0.0427653 0.00695383 0.0358115 0.0497191
479 0.0426797 0.00693482 0.0357449 0.0496146
480 0.0524302 0.0089811 0.0434491 0.0614114
481 0.0474695 0.00140539 0.0460641 0.0488749
482 0.0466997 0.00102635 0.0456734 0.0477261
483 0.0465286 0.00136315 0.0451655 0.0478918
484 0.0471273 0.00881591 0.0383114 0.0559432
485 0.0431074 0.00689782 0.0362096 0.0500052
486 0.0432785 0.00701869 0.0362598 0.0502972
487 0.0436206 0.00715084 0.0364697 0.0507714
488 0.043535 0.0070913 0.0364437 0.0506264
489 0.0441338 0.00748285 0.0366509 0.0516166
490 0.0431929 0.00694326 0.0362496 0.0501362
491 0.0434496 0.00709236 0.0363572 0.0505419
492 0.0429364 0.00682958 0.0361068 0.049766
493 0.0430218 0.00680814 0.0362137 0.04983
494 0.0426797 0.00664392 0.0360358 0.0493237
495 0.046101 0.000735744 0.0453653 0.0468367
496 0.043364 0.00641534 0.0369486 0.0497793
497 0.0466997 0.00158634 0.0451134 0.048286
498 0.0464431 0.00128578 0.0451573 0.0477289
499 0.0468708 0.000838028 0.0460327 0.0477088
500 0.0461865 0.000897072 0.0452895 0.0470836
501 0.0496078 0.00522369 0.0443841 0.0548314
502 0.0440482 0.00493561 0.0391126 0.0489838
503 0.0430219 0.00655082 0.0364711 0.0495727
504 0.0443904 0.00730973 0.0370806 0.0517001
505 0.044647 0.00716412 0.0374828 0.0518111
506 0.0480682 0.000745645 0.0473225 0.0488138
507 0.0463576 0.00333023 0.0430273 0.0496878
508 0.0449891 0.00719373 0.0377954 0.0521828
509 0.044647 0.00724036 0.0374066 0.0518873
510 0.044647 0.00696225 0.0376847 0.0516092
511 0.0443903 0.00727967 0.0371107 0.05167
512 0.0460154 0.00699363 0.0390218 0.0530091
513 0.0447325 0.00721 0.0375225 0.0519425
514 0.0443048 0.00727567 0.0370292 0.0515805
515 0.0442193 0.00705611 0.0371632 0.0512755
516 0.0449036 0.00504557 0.039858 0.0499491
517 0.0434496 0.00730072 0.0361488 0.0507503
518 0.0413113 0.00965242 0.0316588 0.0509637
519 0.0417389 0.00970909 0.0320298 0.051448
520 0.0412258 0.00911447 0.0321113 0.0503402
521 0.0410547 0.00887626 0.0321784 0.0499309
522 0.0403705 0.00845674 0.0319137 0.0488272
523 0.0431929 0.00682641 0.0363665 0.0500194
524 0.0409691 0.00825003 0.0327191 0.0492192
525 0.0443048 0.00710266 0.0372022 0.0514075
526 0.0405415 0.00821005 0.0323315 0.0487515
527 0.0409692 0.00735962 0.0336096 0.0483288
528 0.0407981 0.008825 0.0319731 0.0496231
529 0.0412258 0.00909846 0.0321273 0.0503242
530 0.0407981 0.00817524 0.0326228 0.0489733
531 0.0411402 0.00917771 0.0319625 0.0503179
532 0.0447325 0.00737053 0.0373619 0.052103
533 0.0567923 0.0260347 0.0307576 0.082827
534 0.0501209 0.003339 0.0467819 0.0534599
535 0.0477261 0.00230455 0.0454215 0.0500306
536 0.044647 0.00730075 0.0373462 0.0519477
537 0.0449036 0.0072373 0.0376663 0.0521409
538 0.044818 0.00740421 0.0374138 0.0522222
539 0.057391 0.0282282 0.0291628 0.0856192
540 0.044818 0.00789205 0.036926 0.0527101
541 0.0438772 0.00697794 0.0368992 0.0508551
542 0.0442193 0.00733576 0.0368836 0.0515551
543 0.0438772 0.00689884 0.0369784 0.050776
544 0.0484103 0.00230139 0.0461089 0.0507117
545 0.0442193 0.00661187 0.0376075 0.0508312
546 0.0441338 0.00713244 0.0370014 0.0512662
547 0.0414823 0.00752963 0.0339527 0.0490119
548 0.04191 0.00757803 0.034332 0.049488
549 0.0414824 0.00752961 0.0339528 0.049012
550 0.0615821 0.0336864 0.0278956 0.0952685
551 0.0460155 0.00733567 0.0386798 0.0533511
552 0.0458444 0.00693483 0.0389096 0.0527792
553 0.0450746 0.00576684 0.0393078 0.0508415
554 0.0453312 0.00585739 0.0394738 0.0511886
555 0.0453312 0.00417261 0.0411586 0.0495039
556 0.046101 0.00524048 0.0408605 0.0513415
557 0.0464431 0.00371441 0.0427287 0.0501575
558 0.0474695 0.00530702 0.0421625 0.0527766
559 0.0449036 0.00585744 0.0390461 0.050761
560 0.0486669 0.0065441 0.0421228 0.055211
561 0.049009 0.0013685 0.0476405 0.0503775
562 0.0598714 0.0150252 0.0448462 0.0748966
563 0.0618386 0.0172097 0.0446289 0.0790483
564 0.0522592 0.00540538 0.0468538 0.0576646
565 0.0541409 0.00851273 0.0456281 0.0626536
566 0.0511473 0.00493264 0.0462146 0.0560799
567 0.0510618 0.00529048 0.0457713 0.0563523
568 0.0493511 0.0023672 0.0469839 0.0517183
569 0.0506341 0.0045226 0.0461115 0.0551567
570 0.0535422 0.00905736 0.0444848 0.0625995
571 0.0503775 0.00403354 0.046344 0.054411
572 0.0553383 0.0102301 0.0451081 0.0655684
573 0.0518315 0.00774701 0.0440845 0.0595785
574 0.0693653 0.0462185 0.0231468 0.115584
575 0.0485814 0.0120674 0.036514 0.0606487
576 0.0469563 0.00935924 0.0375971 0.0563155
577 0.0455023 0.00815732 0.037345 0.0536596
578 0.0452457 0.00790129 0.0373444 0.053147
579 0.0452457 0.00748281 0.0377629 0.0527285
580 0.0449036 0.00765487 0.0372487 0.0525584
581 0.0463576 0.00959161 0.036766 0.0559492
582 0.0514894 0.0183933 0.0330961 0.0698826
583 0.047555 0.0111038 0.0364512 0.0586589
584 0.0507196 0.00657305 0.0441466 0.0572927
585 0.0472984 0.0104424 0.036856 0.0577409
586 0.0461865 0.00862546 0.037561 0.054812
587 0.0448181 0.00813398 0.0366841 0.052952
588 0.0444759 0.00798232 0.0364936 0.0524582
589 0.0495222 0.00418493 0.0453373 0.0537071
590 0.050463 0.00465339 0.0458097 0.0551164
591 0.0644901 0.03811 0.0263801 0.1026
592 0.0471273 0.0045048 0.0426225 0.0516321
593 0.0457589 0.00150592 0.0442529 0.0472648
594 0.0455023 0.0015204 0.0439819 0.0470227
595 0.0455023 0.0018063 0.043696 0.0473086
596 0.0459299 0.00147153 0.0444584 0.0474014
597 0.0455023 0.00161382 0.0438885 0.0471161
598 0.0443904 0.00582237 0.038568 0.0502128
599 0.0426798 0.00656087 0.0361189 0.0492406
600 0.0457589 0.0101237 0.0356351 0.0558826
601 0.0533711 0.0241166 0.0292545 0.0774877
602 0.0452457 0.0090896 0.0361561 0.0543353
603 0.0453312 0.0103028 0.0350284 0.055634
604 0.0431074 0.00737449 0.0357329 0.0504819
605 0.048838 0.00706028 0.0417777 0.0558983
606 0.0452457 0.00880341 0.0364423 0.0540491
607 0.0493512 0.0160643 0.0332869 0.0654154
608 0.0432785 0.006176 0.0371025 0.0494545
609 0.0421666 0.00641537 0.0357512 0.0485819
610 0.0422521 0.0063971 0.035855 0.0486492
611 0.04191 0.0062267 0.0356833 0.0481367
612 0.0447325 0.00948037 0.0352521 0.0542128
613 0.0430219 0.00714883 0.035873 0.0501707
614 0.0438771 0.00737052 0.0365066 0.0512477
615 0.0427653 0.00708925 0.0356761 0.0498546
616 0.0437917 0.00855138 0.0352403 0.0523431
617 0.04191 0.00653621 0.0353738 0.0484462
618 0.0422521 0.00866096 0.0335911 0.0509131
619 0.0431929 0.0114112 0.0317818 0.0546041
620 0.0412257 0.0151261 0.0260996 0.0563519
621 0.0384032 0.0113996 0.0270036 0.0498029
622 0.036265 0.00814299 0.028122 0.0444079
623 0.0381466 0.0112868 0.0268599 0.0494334
624 0.0392586 0.00780816 0.0314504 0.0470667
625 0.036436 0.00804811 0.0283879 0.0444841
626 0.0398572 0.00812041 0.0317368 0.0479776
627 0.036265 0.00776585 0.0284991 0.0440308
628 0.0396007 0.00791148 0.0316892 0.0475121
629 0.0363505 0.00735268 0.0289978 0.0437032
630 0.0359228 0.00751504 0.0284078 0.0434379
631 0.0400283 0.00879595 0.0312324 0.0488243
632 0.043364 0.00690947 0.0364546 0.0502735
633 0.0414823 0.00951276 0.0319696 0.0509951
634 0.0413968 0.0087826 0.0326142 0.0501794
635 0.0441337 0.00698215 0.0371516 0.0511159
636 0.043364 0.00704579 0.0363182 0.0504098
637 0.0472984 0.0016585 0.0456399 0.0489569
638 0.0465287 0.00128015 0.0452485 0.0478088
639 0.0473839 0.00119129 0.0461927 0.0485752
640 0.115124 0.134672 -0.0195482 0.249797
641 0.050292 0.00392512 0.0463668 0.0542171
642 0.0483248 0.00145651 0.0468683 0.0497813
643 0.0474695 0.00076498 0.0467045 0.0482344
644 0.0472128 0.000880593 0.0463322 0.0480934
645 0.0481537 0.00210553 0.0460482 0.0502592
646 0.0474694 0.00129712 0.0461723 0.0487666
647 0.0484103 0.00130838 0.0471019 0.0497187
648 0.0481537 0.000997468 0.0471562 0.0491512
649 0.0478117 0.000952448 0.0468592 0.0487641
650 0.0484103 0.00156313 0.0468472 0.0499734
651 0.0478116 0.00091321 0.0468984 0.0487248
652 0.0493512 0.00320709 0.0461441 0.0525582
653 0.0483247 0.00104754 0.0472772 0.0493723
654 0.0478116 0.00102635 0.0467852 0.0488379
655 0.0477261 0.000960032 0.0467661 0.0486861
656 0.0476405 0.0013415 0.046299 0.048982
657 0.0474694 0.00150591 0.0459635 0.0489754
658 0.0480682 0.00180632 0.0462619 0.0498745
659 0.0477261 0.00159096 0.0461351 0.049317
660 0.0473839 0.00190104 0.0454829 0.049285
661 0.047555 0.00223693 0.0453181 0.0497919
662 0.0470418 0.00140544 0.0456364 0.0484472
663 0.0476406 0.00144646 0.0461941 0.049087
664 0.0472129 0.00131393 0.045899 0.0485268
665 0.0472129 0.00159097 0.0456219 0.0488039
666 0.0471274 0.00119131 0.0459361 0.0483187
667 0.0469563 0.00136315 0.0455931 0.0483194
668 0.0483248 0.0033236 0.0450012 0.0516484
669 0.048838 0.00358209 0.0452559 0.0524201
670 0.0476405 0.00174448 0.045896 0.049385
671 0.0485813 0.00207046 0.0465109 0.0506518
672 0.0479826 0.00184241 0.0461402 0.0498251
673 0.0474694 0.00160011 0.0458693 0.0490695
674 0.0472984 0.00144649 0.0458519 0.0487449
675 0.0481537 0.00168041 0.0464733 0.0498341
676 0.0478971 0.0017736 0.0461235 0.0496707
677 0.0479826 0.00130839 0.0466742 0.049291
678 0.0479826 0.00119129 0.0467914 0.0491739
679 0.0484958 0.00176537 0.0467304 0.0502612
680 0.0481537 0.00131392 0.0468398 0.0494676
681 0.0484103 0.00102639 0.0473839 0.0494367
682 0.0479826 0.00186213 0.0461205 0.0498448
683 0.0478971 0.00181436 0.0460828 0.0497115
684 0.0438772 0.00648344 0.0373938 0.0503607
685 0.0437917 0.00697267 0.036819 0.0507643
686 0.0440483 0.00691159 0.0371367 0.0509599
687 0.0452457 0.00788274 0.0373629 0.0531284
688 0.044818 0.00725451 0.0375635 0.0520725
689 0.0447325 0.00730576 0.0374267 0.0520383
690 0.0442193 0.00705617 0.0371632 0.0512755
691 0.0444759 0.00723734 0.0372386 0.0517132
692 0.0443048 0.00711293 0.0371919 0.0514177
693 0.0443904 0.00736456 0.0370258 0.0517549
694 0.0466141 0.00971816 0.036896 0.0563323
695 0.0444759 0.00723733 0.0372386 0.0517132
696 0.0450746 0.00578583 0.0392888 0.0508604
697 0.0509762 0.00736457 0.0436117 0.0583408
698 0.044818 0.00726961 0.0375484 0.0520876
699 0.0449035 0.00759252 0.037311 0.052496
700 0.0502065 0.00473595 0.0454705 0.0549424
701 0.0479826 0.00125119 0.0467314 0.0492338
702 0.0476405 0.000960056 0.0466804 0.0486006
703 0.0476405 0.000921198 0.0467193 0.0485617
704 0.0487524 0.00218061 0.0465718 0.050933
705 0.047555 0.0010953 0.0464597 0.0486503
706 0.0474695 0.000936939 0.0465326 0.0484065
707 0.0474695 0.00093696 0.0465325 0.0484064
708 0.0473839 0.00102639 0.0463575 0.0484103
709 0.0455023 0.00512901 0.0403733 0.0506313
710 0.0449891 0.00714782 0.0378413 0.0521369
711 0.0478116 0.00186211 0.0459495 0.0496737
712 0.044647 0.00586116 0.0387858 0.0505082
713 0.0434496 0.00657865 0.0368709 0.0500282
714 0.0439627 0.00712217 0.0368405 0.0510849
715 0.0444759 0.00749069 0.0369852 0.0519666
716 0.043364 0.00663945 0.0367245 0.0500034
717 0.0436206 0.00712527 0.0364954 0.0507459
718 0.0432785 0.00684994 0.0364286 0.0501284
719 0.0438772 0.00722009 0.0366571 0.0510973
720 0.043364 0.00687761 0.0364864 0.0502416
721 0.0437916 0.00541353 0.0383781 0.0492052
722 0.0431929 0.00677258 0.0364204 0.0499655
723 0.0431929 0.00682101 0.0363719 0.0500139
724 0.0431074 0.00679092 0.0363165 0.0498983
725 0.0426798 0.00679091 0.0358889 0.0494707
726 0.0465286 0.0019949 0.0445337 0.0485235
727 0.0464431 0.00122754 0.0452156 0.0476707
728 0.0471274 0.00261396 0.0445134 0.0497413
729 0.0472984 0.00318423 0.0441142 0.0504826
730 0.0458444 0.00133604 0.0445084 0.0471805
731 0.0459299 0.00128584 0.0446441 0.0472158
732 0.043364 0.00465806 0.0387059 0.048022
733 0.0425087 0.0065284 0.0359803 0.0490371
734 0.0434495 0.00747893 0.0359706 0.0509284
735 0.0421666 0.00657866 0.0355879 0.0487452
736 0.0431074 0.0059712 0.0371362 0.0490786
737 0.0421666 0.00637534 0.0357912 0.0485419
738 0.0455878 0.0011347 0.0444531 0.0467225
739 0.0423376 0.00581355 0.0365241 0.0481512
740 0.0421666 0.0064381 0.0357285 0.0486047
741 0.0421666 0.00660637 0.0355602 0.048773
742 0.0425087 0.00675419 0.0357545 0.0492629
743 0.0432785 0.00735462 0.0359239 0.0506331
744 0.0439627 0.00695063 0.0370121 0.0509133
745 0.0434496 0.00714887 0.0363007 0.0505984
746 0.048838 0.00683386 0.0420041 0.0556718
747 0.0423377 0.00644605 0.0358916 0.0487837
748 0.0509763 0.0108775 0.0400987 0.0618538
749 0.0452457 0.000735792 0.0445099 0.0459814
750 0.0451601 0.00069488 0.0444653 0.045855
751 0.0466997 0.00366286 0.0430368 0.0503625
752 0.0453312 0.00143119 0.0439 0.0467624
753 0.0451601 0.000880562 0.0442795 0.0460407
754 0.0451601 0.00122759 0.0439325 0.0463877
755 0.0450746 0.000960053 0.0441146 0.0460347
756 0.0451602 0.000921183 0.044239 0.0460813
757 0.0453312 0.000715585 0.0446156 0.0460468
758 0.0453312 0.000975166 0.044356 0.0463064
759 0.0455878 0.000838002 0.0447498 0.0464258
760 0.0469563 0.00153958 0.0454167 0.0484959
761 0.0460154 0.00139495 0.0446205 0.0474104
762 0.0468708 0.00276625 0.0441045 0.049637
763 0.0464431 0.00199856 0.0444445 0.0484417
764 0.0459299 0.000694814 0.0452351 0.0466248
765 0.0542264 0.0167352 0.0374912 0.0709616
766 0.0435351 0.00577185 0.0377632 0.0493069
767 0.0425087 0.00652836 0.0359804 0.0490371
768 0.0434496 0.00594176 0.0375078 0.0493913
769 0.0429364 0.00678659 0.0361498 0.049723
770 0.0428509 0.00670962 0.0361412 0.0495605
771 0.0436206 0.00695384 0.0366668 0.0505744
772 0.043364 0.00672708 0.036637 0.0500911
773 0.0430219 0.00656192 0.03646 0.0495838
774 0.043364 0.00709752 0.0362665 0.0504615
775 0.0456733 0.00976844 0.0359049 0.0554418
776 0.044647 0.00600299 0.038644 0.0506499
777 0.0436206 0.00718658 0.036434 0.0508072
778 0.0421666 0.00696219 0.0352044 0.0491287
779 0.0397717 0.00829692 0.0314748 0.0480687
780 0.0399428 0.00843936 0.0315034 0.0483822
781 0.0437061 0.00641993 0.0372862 0.050126
782 0.044818 0.00749748 0.0373205 0.0523155
783 0.053029 0.0220314 0.0309976 0.0750603
784 0.0436206 0.0070062 0.0366144 0.0506268
785 0.0434495 0.0068883 0.0365612 0.0503378
786 0.0436206 0.0069905 0.0366301 0.0506111
787 0.043535 0.00717336 0.0363617 0.0507084
788 0.0431074 0.00669871 0.0364087 0.0498061
789 0.0492656 0.0167636 0.032502 0.0660292
790 0.0431074 0.00682856 0.0362788 0.0499359
791 0.046272 0.00128011 0.0449919 0.0475521
792 0.0429364 0.00624197 0.0366944 0.0491783
793 0.0451601 0.00776686 0.0373933 0.052927
794 0.0434495 0.00700412 0.0364454 0.0504536
795 0.0453312 0.00734269 0.0379885 0.0526739
796 0.047555 0.00165407 0.0459009 0.049209
797 0.0472129 0.000997443 0.0462154 0.0482103
798 0.047555 0.00178185 0.0457731 0.0493368
799 0.0489235 0.00198014 0.0469434 0.0509036
