# ../output/graphs/perf_parallel61QUADRUPED_thread2
# step - mean (0.318084) - standard deviation (0.0495344) r=20 - ylow - yhigh
0 0.319223 0.064423 0.2548 0.383646
1 0.304811 0.0624475 0.242363 0.367258
2 0.300983 0.0379719 0.263011 0.338955
3 0.30449 0.0370436 0.267447 0.341534
4 0.293157 0.00337685 0.28978 0.296534
5 0.295574 0.00938141 0.286192 0.304955
6 0.302908 0.0353006 0.267607 0.338208
7 0.311119 0.0484409 0.262678 0.35956
8 0.310541 0.0393715 0.27117 0.349913
9 0.305901 0.0406518 0.26525 0.346553
10 0.308831 0.0390234 0.269807 0.347854
11 0.307099 0.0395033 0.267596 0.346602
12 0.314005 0.056104 0.257902 0.370109
13 0.304725 0.0392182 0.265507 0.343944
14 0.320378 0.0635687 0.256809 0.383946
15 0.330406 0.0695842 0.260822 0.39999
16 0.315053 0.0527162 0.262337 0.367769
17 0.310135 0.0529753 0.25716 0.36311
18 0.315246 0.0509657 0.26428 0.366211
19 0.301261 0.0357726 0.265489 0.337034
20 0.297926 0.0346414 0.263284 0.332567
21 0.315973 0.0825909 0.233382 0.398564
22 0.302715 0.0379514 0.264764 0.340667
23 0.301326 0.0352942 0.266031 0.33662
24 0.303058 0.0350912 0.267966 0.338149
25 0.290784 0.00320449 0.287579 0.293988
26 0.312701 0.0503876 0.262314 0.363089
27 0.316807 0.0633203 0.253486 0.380127
28 0.356215 0.111895 0.24432 0.46811
29 0.350869 0.0829276 0.267942 0.433797
30 0.325402 0.0647635 0.260639 0.390166
31 0.314048 0.0505876 0.263461 0.364636
32 0.319864 0.0528152 0.267049 0.37268
33 0.310306 0.0374327 0.272874 0.347739
34 0.311097 0.0377913 0.273306 0.348889
35 0.311803 0.0369497 0.274853 0.348753
36 0.312637 0.0402924 0.272345 0.352929
37 0.309323 0.03754 0.271783 0.346863
38 0.303186 0.0064411 0.296745 0.309627
39 0.312787 0.0406273 0.272159 0.353414
40 0.312338 0.0388786 0.273459 0.351216
41 0.322323 0.0553589 0.266964 0.377682
42 0.318175 0.0540955 0.26408 0.372271
43 0.342402 0.0746158 0.267786 0.417018
44 0.338788 0.0739281 0.26486 0.412716
45 0.34779 0.0792197 0.26857 0.42701
46 0.340627 0.0695522 0.271075 0.410179
47 0.314219 0.0471509 0.267068 0.36137
48 0.321318 0.0554347 0.265884 0.376753
49 0.31501 0.0490877 0.265923 0.364098
50 0.317405 0.052664 0.264741 0.370069
51 0.309964 0.0413336 0.268631 0.351298
52 0.305474 0.0365469 0.268927 0.342021
53 0.307099 0.0361033 0.270996 0.343202
54 0.3167 0.049448 0.267252 0.366148
55 0.319052 0.0486011 0.270451 0.367653
56 0.315395 0.0510607 0.264335 0.366456
57 0.313257 0.0511552 0.262102 0.364412
58 0.305752 0.0365527 0.269199 0.342304
59 0.299636 0.0147552 0.284881 0.314391
60 0.295189 0.00520594 0.289983 0.300395
61 0.295616 0.00545805 0.290158 0.301074
62 0.295595 0.00871472 0.28688 0.30431
63 0.294782 0.0065448 0.288238 0.301327
64 0.306372 0.0337607 0.272611 0.340133
65 0.30928 0.0342377 0.275042 0.343518
66 0.308296 0.0359688 0.272328 0.344265
67 0.299508 0.0135407 0.285967 0.313049
68 0.298439 0.00369687 0.294742 0.302136
69 0.328845 0.065525 0.26332 0.39437
70 0.341354 0.0748488 0.266505 0.416203
71 0.324077 0.0610995 0.262977 0.385176
72 0.320741 0.0408082 0.279933 0.361549
73 0.312402 0.00560946 0.306792 0.318011
74 0.311996 0.00553887 0.306457 0.317534
75 0.328931 0.0516385 0.277292 0.380569
76 0.340306 0.0619757 0.278331 0.402282
77 0.328268 0.0555414 0.272726 0.383809
78 0.329551 0.051888 0.277663 0.381439
79 0.330299 0.0503781 0.279921 0.380677
80 0.321276 0.0355656 0.28571 0.356841
81 0.316015 0.0135577 0.302458 0.329573
82 0.321938 0.0450151 0.276923 0.366954
83 0.320677 0.0379825 0.282694 0.358659
84 0.308596 0.00392977 0.304666 0.312525
85 0.307676 0.00437061 0.303306 0.312047
86 0.312102 0.0119051 0.300197 0.324008
87 0.32846 0.056485 0.271975 0.384945
88 0.329572 0.0584955 0.271077 0.388068
89 0.323286 0.0431809 0.280105 0.366467
90 0.318924 0.0400071 0.278916 0.358931
91 0.307997 0.00460121 0.303396 0.312598
92 0.326899 0.0540621 0.272837 0.380961
93 0.326985 0.0520966 0.274888 0.379081
94 0.31067 0.00555207 0.305118 0.316222
95 0.321147 0.0408569 0.28029 0.362004
96 0.332395 0.0557062 0.276688 0.388101
97 0.353927 0.0790917 0.274835 0.433019
98 0.345524 0.0694489 0.276075 0.414973
99 0.351105 0.0730361 0.278068 0.424141
100 0.355916 0.0768255 0.27909 0.432741
101 0.369216 0.08996 0.279256 0.459176
102 0.364405 0.0836698 0.280735 0.448074
103 0.352687 0.0772517 0.275435 0.429939
104 0.343407 0.0694642 0.273943 0.412871
105 0.344155 0.0725764 0.271579 0.416732
106 0.353286 0.0785401 0.274745 0.431826
107 0.346507 0.0726236 0.273884 0.419131
108 0.3464 0.0770225 0.269378 0.423423
109 0.335773 0.0653063 0.270467 0.401079
110 0.329765 0.0538634 0.275901 0.383628
111 0.320035 0.0387964 0.281239 0.358832
112 0.321254 0.0408437 0.28041 0.362098
113 0.321147 0.0383715 0.282776 0.359519
114 0.317427 0.0377951 0.279632 0.355222
115 0.328075 0.0546681 0.273407 0.382743
116 0.344091 0.085853 0.258238 0.429944
117 0.329786 0.0612352 0.268551 0.391021
118 0.320185 0.0501422 0.270043 0.370327
119 0.313984 0.0365362 0.277448 0.35052
120 0.324226 0.0546645 0.269562 0.378891
121 0.329465 0.0637249 0.26574 0.39319
122 0.318325 0.0400085 0.278316 0.358333
123 0.315566 0.0406868 0.27488 0.356253
124 0.323243 0.053017 0.270226 0.37626
125 0.331689 0.061894 0.269795 0.393583
126 0.328567 0.0604161 0.268151 0.388983
127 0.316956 0.0505911 0.266365 0.367547
128 0.321746 0.0503724 0.271374 0.372118
129 0.309708 0.038022 0.271686 0.34773
130 0.325488 0.0526086 0.272879 0.378097
131 0.313941 0.0402461 0.273695 0.354187
132 0.326407 0.0576413 0.268766 0.384049
133 0.329914 0.0538333 0.276081 0.383748
134 0.304234 0.00513791 0.299096 0.309371
135 0.320506 0.0533598 0.267146 0.373866
136 0.330171 0.0631464 0.267024 0.393317
137 0.33928 0.0714689 0.267811 0.410749
138 0.332053 0.0602917 0.271761 0.392344
139 0.326728 0.0506207 0.276108 0.377349
140 0.334148 0.0604867 0.273661 0.394635
141 0.32675 0.0534355 0.273314 0.380185
142 0.322708 0.0531531 0.269555 0.375861
143 0.325296 0.0569766 0.268319 0.382272
144 0.314797 0.038603 0.276194 0.3534
145 0.311461 0.0355952 0.275866 0.347056
146 0.331561 0.0622781 0.269283 0.393839
147 0.338874 0.0671089 0.271765 0.405982
148 0.325402 0.0587783 0.266624 0.384181
149 0.317555 0.0525308 0.265024 0.370086
150 0.316187 0.0524301 0.263756 0.368617
151 0.320271 0.0614596 0.258811 0.38173
152 0.334725 0.070242 0.264483 0.404967
153 0.315631 0.0518318 0.263799 0.367462
154 0.296878 0.00460717 0.292271 0.301485
155 0.29861 0.00925146 0.289358 0.307861
156 0.297904 0.00701588 0.290888 0.30492
157 0.325274 0.0650247 0.26025 0.390299
158 0.326044 0.0634285 0.262615 0.389472
159 0.309921 0.0409364 0.268985 0.350858
160 0.326258 0.0652342 0.261024 0.391492
161 0.311311 0.0405351 0.270776 0.351846
162 0.311718 0.0284241 0.283293 0.340142
163 0.302159 0.00548078 0.296679 0.30764
164 0.303164 0.00561825 0.297546 0.308783
165 0.301261 0.00426257 0.296999 0.305524
166 0.310114 0.0447602 0.265354 0.354874
167 0.311482 0.0400663 0.271416 0.351549
168 0.319137 0.0539796 0.265158 0.373117
169 0.332844 0.0726806 0.260163 0.405524
170 0.322302 0.0670502 0.255252 0.389352
171 0.342829 0.0817308 0.261099 0.42456
172 0.346101 0.0778037 0.268297 0.423905
173 0.317063 0.0522759 0.264787 0.369339
174 0.300149 0.00661453 0.293535 0.306764
175 0.304447 0.0244613 0.279986 0.328909
176 0.296365 0.00475639 0.291608 0.301121
177 0.300641 0.0106253 0.290016 0.311267
178 0.310135 0.0396128 0.270522 0.349748
179 0.312145 0.0444851 0.26766 0.35663
180 0.298867 0.00633921 0.292527 0.305206
181 0.297049 0.00473597 0.292313 0.301785
182 0.295894 0.00543626 0.290458 0.301331
183 0.307377 0.038132 0.269245 0.345509
184 0.301432 0.0362497 0.265183 0.337682
185 0.295809 0.00699853 0.28881 0.302807
186 0.296044 0.00659597 0.289448 0.30264
187 0.29335 0.00391362 0.289436 0.297263
188 0.302886 0.038168 0.264718 0.341054
189 0.303956 0.03391 0.270046 0.337866
190 0.305602 0.0389655 0.266637 0.344568
191 0.303015 0.0356787 0.267336 0.338693
192 0.314262 0.0422185 0.272044 0.356481
193 0.305837 0.0358622 0.269975 0.341699
194 0.306671 0.0424006 0.264271 0.349072
195 0.307548 0.0401103 0.267438 0.347658
196 0.306842 0.0395701 0.267272 0.346412
197 0.310948 0.0393672 0.271581 0.350315
198 0.316914 0.0519477 0.264966 0.368861
199 0.31469 0.0540276 0.260662 0.368717
200 0.30712 0.0055813 0.301539 0.312702
201 0.316978 0.0396431 0.277335 0.356621
202 0.315973 0.0386519 0.277321 0.354625
203 0.316828 0.0387556 0.278072 0.355584
204 0.326536 0.054938 0.271598 0.381474
205 0.318881 0.0409731 0.277908 0.359854
206 0.316165 0.0401556 0.276009 0.356321
207 0.31516 0.0368931 0.278267 0.352053
208 0.317213 0.0414498 0.275763 0.358663
209 0.340242 0.0953 0.244942 0.435542
210 0.324932 0.0502816 0.27465 0.375214
211 0.323157 0.0549511 0.268206 0.378108
212 0.323606 0.0527682 0.270838 0.376374
213 0.304512 0.00402195 0.30049 0.308533
214 0.302886 0.00527226 0.297614 0.308159
215 0.308638 0.0369185 0.27172 0.345557
216 0.315417 0.039898 0.275519 0.355315
217 0.322152 0.0540489 0.268103 0.376201
218 0.323649 0.0529392 0.27071 0.376588
219 0.316165 0.0469015 0.269264 0.363067
220 0.31546 0.0372318 0.278228 0.352691
221 0.306735 0.00521647 0.301519 0.311952
222 0.305688 0.00578615 0.299901 0.311474
223 0.306628 0.00541789 0.301211 0.312046
224 0.320271 0.0439722 0.276298 0.364243
225 0.316764 0.0397045 0.277059 0.356468
226 0.306628 0.00461193 0.302016 0.31124
227 0.306372 0.0073718 0.299 0.313744
228 0.307484 0.00751383 0.29997 0.314998
229 0.308767 0.00747234 0.301294 0.316239
230 0.305795 0.00843193 0.297363 0.314226
231 0.314775 0.0395333 0.275242 0.354309
232 0.311782 0.0387783 0.273003 0.35056
233 0.305623 0.00832915 0.297294 0.313953
234 0.304405 0.00463685 0.299768 0.309041
235 0.31037 0.00860732 0.301763 0.318978
236 0.31871 0.0414342 0.277275 0.360144
237 0.318646 0.0423631 0.276282 0.361009
238 0.3198 0.0419434 0.277857 0.361744
239 0.329273 0.0545764 0.274696 0.383849
240 0.322537 0.0374804 0.285057 0.360018
241 0.309579 0.00528271 0.304297 0.314862
242 0.315887 0.0387355 0.277152 0.354623
243 0.320014 0.0360937 0.28392 0.356108
244 0.302651 0.00381812 0.298833 0.306469
245 0.301432 0.00373378 0.297699 0.305166
246 0.323371 0.0538654 0.269506 0.377236
247 0.336564 0.069465 0.267099 0.406029
248 0.328802 0.0636897 0.265113 0.392492
249 0.321211 0.0542154 0.266996 0.375427
250 0.315139 0.042888 0.272251 0.358027
251 0.308318 0.038283 0.270035 0.346601
252 0.30836 0.0377141 0.270646 0.346075
253 0.301368 0.0372846 0.264084 0.338653
254 0.304961 0.0346096 0.270351 0.33957
255 0.295296 0.00473037 0.290565 0.300026
256 0.29846 0.00622219 0.292238 0.304682
257 0.316251 0.044815 0.271436 0.361066
258 0.31593 0.0544943 0.261436 0.370424
259 0.33062 0.0693186 0.261301 0.399938
260 0.327156 0.0638839 0.263272 0.39104
261 0.31732 0.0549577 0.262362 0.372278
262 0.316871 0.0524989 0.264372 0.36937
263 0.307633 0.0371974 0.270436 0.344831
264 0.306051 0.0360075 0.270044 0.342059
265 0.313663 0.0497501 0.263913 0.363413
266 0.320185 0.0595336 0.260651 0.379719
267 0.314583 0.0605988 0.253984 0.375182
268 0.329593 0.0677572 0.261836 0.397351
269 0.337676 0.0748259 0.26285 0.412502
270 0.315331 0.0531661 0.262165 0.368497
271 0.314134 0.0607985 0.253335 0.374932
272 0.302972 0.0352309 0.267741 0.338203
273 0.31176 0.0524947 0.259266 0.364255
274 0.3031 0.0383186 0.264782 0.341419
275 0.306115 0.0379085 0.268207 0.344024
276 0.303891 0.0354021 0.268489 0.339294
277 0.318859 0.0789867 0.239873 0.397846
278 0.321169 0.0588975 0.262271 0.380066
279 0.319415 0.0583022 0.261113 0.377718
280 0.321682 0.0588461 0.262836 0.380528
281 0.328845 0.0686989 0.260146 0.397544
282 0.32412 0.0621647 0.261955 0.386284
283 0.315203 0.0515992 0.263604 0.366802
284 0.306308 0.0380953 0.268212 0.344403
285 0.296878 0.00389283 0.292985 0.300771
286 0.304683 0.0126974 0.291985 0.31738
287 0.307013 0.0127064 0.294307 0.31972
288 0.306329 0.00650696 0.299822 0.312836
289 0.319351 0.0558842 0.263467 0.375235
290 0.329251 0.0682699 0.260981 0.397521
291 0.327306 0.0616918 0.265614 0.388997
292 0.322366 0.0518067 0.270559 0.374173
293 0.313514 0.0377614 0.275752 0.351275
294 0.303913 0.00613543 0.297777 0.310048
295 0.305089 0.0103625 0.294726 0.315451
296 0.322067 0.056522 0.265545 0.378589
297 0.333785 0.0635862 0.270198 0.397371
298 0.314797 0.0354316 0.279365 0.350228
299 0.305281 0.00455061 0.300731 0.309832
300 0.314775 0.0362992 0.278476 0.351074
301 0.314732 0.0362951 0.278437 0.351028
302 0.320677 0.0576515 0.263025 0.378328
303 0.330534 0.0589264 0.271608 0.389461
304 0.328781 0.0634494 0.265332 0.39223
305 0.325595 0.0614801 0.264115 0.387075
306 0.319308 0.049765 0.269543 0.369073
307 0.309066 0.0361375 0.272929 0.345204
308 0.302459 0.00514231 0.297316 0.307601
309 0.306201 0.00981372 0.296387 0.316015
310 0.30278 0.00392185 0.298858 0.306701
311 0.312252 0.04126 0.270992 0.353512
312 0.318218 0.050117 0.268101 0.368335
313 0.3065 0.0345187 0.271981 0.341019
314 0.311247 0.0405469 0.2707 0.351794
315 0.323136 0.0600393 0.263097 0.383175
316 0.32258 0.0578682 0.264712 0.380448
317 0.30836 0.0350749 0.273286 0.343435
318 0.298311 0.00371709 0.294593 0.302028
319 0.320185 0.0504722 0.269713 0.370657
320 0.320933 0.0498608 0.271073 0.370794
321 0.309793 0.0371465 0.272647 0.34694
322 0.312102 0.0358299 0.276273 0.347932
323 0.315139 0.0401367 0.275002 0.355275
324 0.327883 0.0510044 0.276879 0.378887
325 0.32444 0.0552154 0.269225 0.379656
326 0.321404 0.0543225 0.267081 0.375726
327 0.331561 0.0509008 0.28066 0.382462
328 0.320164 0.038142 0.282022 0.358306
329 0.312081 0.00638464 0.305696 0.318466
330 0.311568 0.00470707 0.306861 0.316275
331 0.312744 0.0105451 0.302199 0.323289
332 0.311033 0.00524483 0.305788 0.316278
333 0.328931 0.0527391 0.276192 0.38167
334 0.347812 0.0722907 0.275521 0.420102
335 0.340178 0.0630009 0.277177 0.403179
336 0.329636 0.0531695 0.276467 0.382806
337 0.329743 0.0514836 0.27826 0.381227
338 0.320869 0.0376276 0.283242 0.358497
339 0.317405 0.0396657 0.27774 0.357071
340 0.317448 0.0378742 0.279574 0.355322
341 0.312252 0.0109902 0.301262 0.323242
342 0.318346 0.0375554 0.280791 0.355902
343 0.330941 0.0535406 0.2774 0.384481
344 0.33077 0.0541022 0.276667 0.384872
345 0.329636 0.0739575 0.255679 0.403594
346 0.32273 0.0399397 0.28279 0.362669
347 0.323927 0.063713 0.260214 0.38764
348 0.343257 0.0831861 0.260071 0.426443
349 0.318881 0.0391766 0.279704 0.358057
350 0.318881 0.0378933 0.280987 0.356774
351 0.314177 0.0140276 0.300149 0.328204
352 0.311718 0.0045759 0.307142 0.316293
353 0.321361 0.0399592 0.281402 0.36132
354 0.324419 0.0388866 0.285532 0.363305
355 0.31345 0.010126 0.303324 0.323576
356 0.322131 0.041377 0.280754 0.363508
357 0.316165 0.0367042 0.279461 0.352869
358 0.32645 0.0540159 0.272434 0.380466
359 0.338318 0.065002 0.273316 0.40332
360 0.319608 0.0416243 0.277983 0.361232
361 0.319415 0.0422913 0.277124 0.361707
362 0.311675 0.00882214 0.302853 0.320497
363 0.317277 0.038012 0.279265 0.355289
364 0.318111 0.038111 0.28 0.356222
365 0.310627 0.00716021 0.303467 0.317787
366 0.307291 0.00537804 0.301913 0.312669
367 0.317833 0.0383906 0.279442 0.356224
368 0.319287 0.0373875 0.2819 0.356675
369 0.320912 0.0455641 0.275348 0.366476
370 0.334426 0.0684411 0.265985 0.402867
371 0.322216 0.0556719 0.266544 0.377888
372 0.325531 0.0585936 0.266937 0.384124
373 0.314839 0.0381097 0.27673 0.352949
374 0.324205 0.0567132 0.267492 0.380918
375 0.322473 0.051953 0.27052 0.374426
376 0.316443 0.0384096 0.278034 0.354853
377 0.319373 0.0432751 0.276097 0.362648
378 0.309772 0.0363334 0.273438 0.346105
379 0.321618 0.0510077 0.27061 0.372625
380 0.321318 0.0498817 0.271437 0.3712
381 0.319095 0.0506325 0.268462 0.369727
382 0.321062 0.0696012 0.251461 0.390663
383 0.316999 0.0496094 0.26739 0.366608
384 0.316678 0.040204 0.276474 0.356882
385 0.324483 0.0531446 0.271338 0.377628
386 0.314177 0.0387929 0.275384 0.352969
387 0.312616 0.0394035 0.273212 0.352019
388 0.310819 0.0392264 0.271593 0.350046
389 0.330299 0.0564652 0.273834 0.386764
390 0.33727 0.0693975 0.267872 0.406667
391 0.330748 0.0612966 0.269452 0.392045
392 0.307462 0.0360426 0.27142 0.343505
393 0.309964 0.0374628 0.272501 0.347427
394 0.314946 0.0510473 0.263899 0.365994
395 0.323243 0.0589306 0.264312 0.382173
396 0.320185 0.0573306 0.262854 0.377516
397 0.326365 0.0610207 0.265344 0.387385
398 0.327648 0.0641497 0.263498 0.391797
399 0.324397 0.0631612 0.261236 0.387559
400 0.343257 0.0754501 0.267807 0.418707
401 0.345053 0.0779312 0.267122 0.422984
402 0.333806 0.0679119 0.265894 0.401718
403 0.318004 0.0503726 0.267631 0.368377
404 0.310777 0.0420146 0.268762 0.352791
405 0.307869 0.0356242 0.272244 0.343493
406 0.314561 0.049073 0.265488 0.363634
407 0.308339 0.0363084 0.272031 0.344647
408 0.317106 0.0538167 0.263289 0.370923
409 0.337698 0.0711478 0.26655 0.408845
410 0.319651 0.0520107 0.26764 0.371661
411 0.310242 0.0370114 0.273231 0.347254
412 0.312808 0.036957 0.275851 0.349765
413 0.322644 0.0530463 0.269598 0.37569
414 0.334789 0.0632755 0.271514 0.398065
415 0.322965 0.0543208 0.268644 0.377286
416 0.326878 0.0524567 0.274421 0.379335
417 0.319971 0.0388704 0.281101 0.358842
418 0.332908 0.0665029 0.266405 0.399411
419 0.335752 0.0656246 0.270127 0.401376
420 0.344198 0.0734788 0.270719 0.417677
421 0.346614 0.0765904 0.270024 0.423205
422 0.3334 0.064513 0.268887 0.397913
423 0.342017 0.0721641 0.269853 0.414181
424 0.341931 0.0692853 0.272646 0.411217
425 0.337056 0.0608099 0.276246 0.397866
426 0.327797 0.0529767 0.274821 0.380774
427 0.334148 0.0615473 0.272601 0.395695
428 0.330748 0.0630331 0.267715 0.393781
429 0.317363 0.0495945 0.267768 0.366957
430 0.314519 0.0377562 0.276762 0.352275
431 0.299936 0.00377761 0.296158 0.303713
432 0.310114 0.0351339 0.27498 0.345248
433 0.320827 0.049646 0.271181 0.370473
434 0.3201 0.0492276 0.270872 0.369327
435 0.309986 0.0349047 0.275081 0.34489
436 0.31052 0.0344287 0.276091 0.344949
437 0.311268 0.0345434 0.276725 0.345812
438 0.305474 0.0106013 0.294872 0.316075
439 0.298909 0.00385239 0.295057 0.302762
440 0.301881 0.0089623 0.292919 0.310844
441 0.301753 0.00643105 0.295322 0.308184
442 0.323072 0.066627 0.256445 0.389699
443 0.33372 0.0661827 0.267538 0.399903
444 0.335025 0.0643634 0.270661 0.399388
445 0.327498 0.0627266 0.264771 0.390225
446 0.328396 0.0596748 0.268721 0.388071
447 0.307313 0.0361937 0.271119 0.343506
448 0.30325 0.00615422 0.297096 0.309404
449 0.30201 0.00672602 0.295284 0.308736
450 0.313043 0.0367288 0.276314 0.349772
451 0.313065 0.0359753 0.277089 0.34904
452 0.319244 0.0371128 0.282131 0.356357
453 0.315887 0.0381235 0.277764 0.354011
454 0.305067 0.00587659 0.299191 0.310944
455 0.314412 0.00684595 0.307566 0.321258
456 0.317961 0.0150717 0.30289 0.333033
457 0.31315 0.00805295 0.305097 0.321203
458 0.323991 0.041171 0.28282 0.365162
459 0.31995 0.0391542 0.280796 0.359104
460 0.322088 0.0371399 0.284948 0.359228
461 0.320549 0.0369345 0.283614 0.357483
462 0.311504 0.00497883 0.306525 0.316483
463 0.320955 0.0400545 0.2809 0.361009
464 0.320591 0.0404172 0.280174 0.361009
465 0.310948 0.00550314 0.305445 0.316451
466 0.321019 0.0378573 0.283162 0.358876
467 0.317769 0.0370067 0.280762 0.354776
468 0.321532 0.0414223 0.28011 0.362955
469 0.320484 0.0424108 0.278074 0.362895
470 0.318196 0.0424225 0.275774 0.360619
471 0.329144 0.0575872 0.271557 0.386732
472 0.319715 0.0381365 0.281578 0.357851
473 0.328482 0.0567487 0.271733 0.38523
474 0.329658 0.0528193 0.276838 0.382477
475 0.328118 0.0518985 0.27622 0.380017
476 0.329444 0.0511861 0.278258 0.38063
477 0.310135 0.00707972 0.303055 0.317215
478 0.310905 0.00671023 0.304195 0.317615
479 0.310777 0.00609779 0.304679 0.316874
480 0.314647 0.00937908 0.305268 0.324026
481 0.320356 0.0375467 0.282809 0.357903
482 0.323628 0.03737 0.286258 0.360998
483 0.3133 0.00964302 0.303657 0.322943
484 0.320784 0.0394426 0.281341 0.360226
485 0.324932 0.0410327 0.283899 0.365965
486 0.311718 0.00595024 0.305767 0.317668
487 0.337206 0.117496 0.21971 0.454702
488 0.31779 0.0376882 0.280102 0.355478
489 0.311354 0.00840478 0.302949 0.319759
490 0.309643 0.00446377 0.30518 0.314107
491 0.318859 0.0392915 0.279568 0.358151
492 0.33588 0.0646774 0.271203 0.400557
493 0.358033 0.109157 0.248875 0.46719
494 0.354333 0.0779792 0.276354 0.432313
495 0.337313 0.0640796 0.273233 0.401392
496 0.327968 0.0559922 0.271976 0.383961
497 0.327755 0.0544771 0.273277 0.382232
498 0.316336 0.0347755 0.281561 0.351112
499 0.304512 0.00503013 0.299481 0.309542
500 0.304747 0.00573663 0.29901 0.310483
501 0.305324 0.00679752 0.298527 0.312122
502 0.303549 0.00620114 0.297348 0.30975
503 0.325595 0.0570108 0.268584 0.382606
504 0.328204 0.0630583 0.265145 0.391262
505 0.310242 0.0368842 0.273358 0.347126
506 0.30449 0.00823166 0.296259 0.312722
507 0.306308 0.0127409 0.293567 0.319049
508 0.311183 0.0360641 0.275119 0.347247
509 0.320228 0.0534434 0.266784 0.373671
510 0.310969 0.0391476 0.271821 0.350117
511 0.300791 0.00839694 0.292394 0.309188
512 0.316871 0.0424324 0.274438 0.359303
513 0.309964 0.0111876 0.298777 0.321152
514 0.318004 0.044729 0.273275 0.362733
515 0.316229 0.0465391 0.26969 0.362768
516 0.326151 0.053251 0.2729 0.379402
517 0.315909 0.05233 0.263579 0.368239
518 0.322003 0.0502012 0.271801 0.372204
519 0.308788 0.0381943 0.270594 0.346982
520 0.307954 0.0378669 0.270087 0.345821
521 0.318624 0.054852 0.263772 0.373476
522 0.324825 0.0622559 0.262569 0.387081
523 0.316101 0.0482641 0.267837 0.364365
524 0.301988 0.00579985 0.296189 0.307788
525 0.297755 0.00508149 0.292673 0.302836
526 0.314647 0.0500754 0.264572 0.364722
527 0.314177 0.0522405 0.261936 0.366417
528 0.33263 0.0802398 0.25239 0.41287
529 0.328931 0.0627487 0.266182 0.391679
530 0.324782 0.0620365 0.262746 0.386819
531 0.302608 0.00657866 0.29603 0.309187
532 0.311974 0.0398051 0.272169 0.351779
533 0.308275 0.0390047 0.26927 0.34728
534 0.308467 0.0351209 0.273346 0.343588
535 0.30635 0.0349026 0.271448 0.341253
536 0.299166 0.00572399 0.293442 0.30489
537 0.303507 0.00780291 0.295704 0.311309
538 0.305538 0.0141187 0.291419 0.319657
539 0.331796 0.0699627 0.261833 0.401759
540 0.320335 0.0542667 0.266068 0.374602
541 0.318111 0.0536657 0.264445 0.371777
542 0.321083 0.0597067 0.261376 0.38079
543 0.313877 0.0417428 0.272134 0.35562
544 0.318667 0.0266382 0.292029 0.345305
545 0.308189 0.00690669 0.301283 0.315096
546 0.330064 0.057873 0.272191 0.387937
547 0.338189 0.0674696 0.27072 0.405659
548 0.331988 0.0627867 0.269202 0.394775
549 0.354312 0.0786081 0.275704 0.43292
550 0.333699 0.0624177 0.271281 0.396117
551 0.313514 0.0372754 0.276238 0.350789
552 0.315566 0.0371238 0.278443 0.35269
553 0.316187 0.0427093 0.273477 0.358896
554 0.31655 0.040592 0.275958 0.357142
555 0.316785 0.0400842 0.276701 0.356869
556 0.312829 0.0375588 0.275271 0.350388
557 0.306564 0.00951306 0.297051 0.316077
558 0.321703 0.0486698 0.273033 0.370373
559 0.327049 0.0584826 0.268566 0.385532
560 0.321682 0.0534056 0.268276 0.375087
561 0.320335 0.0548312 0.265504 0.375166
562 0.336457 0.0725614 0.263896 0.409019
563 0.344219 0.0731379 0.271081 0.417357
564 0.315353 0.0480356 0.267317 0.363388
565 0.319843 0.0521854 0.267658 0.372028
566 0.314754 0.0520519 0.262702 0.366806
567 0.306864 0.0386202 0.268243 0.345484
568 0.316101 0.0492972 0.266804 0.365398
569 0.317469 0.0486924 0.268777 0.366162
570 0.308703 0.0359465 0.272756 0.344649
571 0.320527 0.0524632 0.268064 0.37299
572 0.324397 0.0626278 0.26177 0.387025
573 0.326279 0.0625721 0.263707 0.388851
574 0.326129 0.0648486 0.261281 0.390978
575 0.315288 0.0535595 0.261729 0.368848
576 0.30278 0.00501287 0.297767 0.307792
577 0.29707 0.00807721 0.288993 0.305148
578 0.314348 0.0462608 0.268087 0.360608
579 0.318154 0.0461127 0.272041 0.364266
580 0.302288 0.0107343 0.291553 0.313022
581 0.301304 0.0101621 0.291142 0.311466
582 0.317534 0.0421353 0.275398 0.359669
583 0.31717 0.0413899 0.27578 0.35856
584 0.326044 0.0525847 0.273459 0.378629
585 0.337548 0.0621614 0.275387 0.399709
586 0.32166 0.0376055 0.284055 0.359266
587 0.322879 0.0495083 0.273371 0.372388
588 0.321532 0.0421213 0.279411 0.363654
589 0.313727 0.00592175 0.307806 0.319649
590 0.313086 0.00744647 0.30564 0.320532
591 0.316144 0.0177468 0.298397 0.333891
592 0.311824 0.00490271 0.306922 0.316727
593 0.311803 0.00476005 0.307043 0.316563
594 0.321489 0.0383248 0.283165 0.359814
595 0.328011 0.0561405 0.271871 0.384152
596 0.334961 0.0787278 0.256233 0.413688
597 0.329187 0.0551578 0.274029 0.384345
598 0.34531 0.0980878 0.247222 0.443398
599 0.347277 0.073283 0.273994 0.42056
600 0.322409 0.0548413 0.267568 0.37725
601 0.311354 0.0320771 0.279277 0.343431
602 0.303656 0.00329454 0.300362 0.306951
603 0.30387 0.00575903 0.298111 0.309629
604 0.30665 0.00508437 0.301565 0.311734
605 0.304512 0.00505732 0.299454 0.309569
606 0.304105 0.00373776 0.300368 0.307843
607 0.315844 0.0412576 0.274587 0.357102
608 0.309665 0.00815342 0.301511 0.317818
609 0.314369 0.0391569 0.275212 0.353526
610 0.313065 0.0393288 0.273736 0.352393
611 0.304255 0.00342518 0.30083 0.30768
612 0.303977 0.00421321 0.299764 0.30819
613 0.317085 0.0435172 0.273567 0.360602
614 0.314155 0.036154 0.278001 0.350309
615 0.31206 0.0383492 0.27371 0.350409
616 0.347085 0.1139 0.233185 0.460984
617 0.329123 0.063049 0.266074 0.392172
618 0.338018 0.0681559 0.269862 0.406174
619 0.339323 0.0705691 0.268754 0.409892
620 0.331176 0.0637873 0.267389 0.394963
621 0.3399 0.0828776 0.257022 0.422778
622 0.31253 0.0397177 0.272812 0.352248
623 0.320292 0.0537668 0.266525 0.374059
624 0.32181 0.0520457 0.269764 0.373856
625 0.314497 0.0450561 0.269441 0.359553
626 0.314989 0.0515264 0.263463 0.366515
627 0.314882 0.0514979 0.263384 0.36638
628 0.315096 0.0542764 0.26082 0.369372
629 0.324804 0.0639149 0.260889 0.388719
630 0.325082 0.0631053 0.261976 0.388187
631 0.309814 0.0394928 0.270322 0.349307
632 0.300085 0.0102825 0.289803 0.310368
633 0.322281 0.0545115 0.267769 0.376792
634 0.323713 0.0612526 0.262461 0.384966
635 0.31546 0.0573166 0.258143 0.372776
636 0.310627 0.0546511 0.255976 0.365278
637 0.296343 0.00538993 0.290953 0.301733
638 0.304063 0.0209608 0.283102 0.325023
639 0.30479 0.0301504 0.274639 0.33494
640 0.304961 0.00939566 0.295565 0.314356
641 0.305495 0.0256137 0.279881 0.331109
642 0.300556 0.00793251 0.292623 0.308488
643 0.310948 0.0361027 0.274845 0.34705
644 0.305966 0.0356243 0.270341 0.34159
645 0.342637 0.0852494 0.257388 0.427886
646 0.332801 0.0680964 0.264705 0.400897
647 0.325146 0.0627971 0.262349 0.387943
648 0.318774 0.0542891 0.264485 0.373063
649 0.315566 0.0518594 0.263707 0.367426
650 0.325873 0.0607963 0.265077 0.386669
651 0.322986 0.0603481 0.262638 0.383334
652 0.314369 0.0586303 0.255739 0.372999
653 0.30511 0.0387044 0.266406 0.343815
654 0.325039 0.0738789 0.25116 0.398918
655 0.327113 0.0685481 0.258565 0.395661
656 0.313043 0.0511288 0.261914 0.364172
657 0.307163 0.0399796 0.267183 0.347143
658 0.319779 0.0619636 0.257815 0.381742
659 0.321361 0.0611059 0.260255 0.382467
660 0.31052 0.0511087 0.259411 0.361629
661 0.304255 0.0352623 0.268993 0.339517
662 0.320442 0.0636189 0.256823 0.384061
663 0.318902 0.0625163 0.256386 0.381418
664 0.29645 0.0049957 0.291455 0.301446
665 0.299829 0.0115244 0.288304 0.311353
666 0.294333 0.00394713 0.290386 0.29828
667 0.305367 0.0365705 0.268796 0.341937
668 0.312423 0.0491594 0.263264 0.361583
669 0.303763 0.0368168 0.266946 0.34058
670 0.33372 0.0723656 0.261355 0.406086
671 0.33665 0.0707014 0.265948 0.407351
672 0.315631 0.0402374 0.275393 0.355868
673 0.310627 0.0375093 0.273118 0.348136
674 0.302502 0.00637947 0.296122 0.308881
675 0.303122 0.00594056 0.297181 0.309062
676 0.315267 0.047306 0.267961 0.362573
677 0.323457 0.044938 0.278519 0.368395
678 0.305324 0.00676787 0.298556 0.312092
679 0.303763 0.0104071 0.293356 0.31417
680 0.316293 0.0446209 0.271673 0.360914
681 0.311867 0.0412189 0.270648 0.353086
682 0.301539 0.0050977 0.296442 0.306637
683 0.303549 0.00681382 0.296735 0.310363
684 0.297862 0.0043539 0.293508 0.302215
685 0.310349 0.0420996 0.268249 0.352449
686 0.305367 0.0352807 0.270086 0.340648
687 0.297028 0.0041252 0.292902 0.301153
688 0.306479 0.0360658 0.270413 0.342545
689 0.306008 0.0351852 0.270823 0.341194
690 0.31546 0.0514165 0.264043 0.366876
691 0.338382 0.0720245 0.266357 0.410406
692 0.322152 0.0593723 0.26278 0.381525
693 0.299209 0.00733185 0.291877 0.30654
694 0.295381 0.00531067 0.29007 0.300692
695 0.295317 0.00631783 0.288999 0.301635
696 0.295809 0.00539439 0.290414 0.301203
697 0.316443 0.0716139 0.244829 0.388057
698 0.321233 0.0606779 0.260555 0.381911
699 0.320527 0.060293 0.260234 0.38082
700 0.319693 0.0553722 0.264321 0.375065
701 0.320271 0.0558757 0.264395 0.376146
702 0.304383 0.0342487 0.270135 0.338632
703 0.307035 0.037544 0.269491 0.344579
704 0.309002 0.0350788 0.273923 0.344081
705 0.328332 0.0629757 0.265356 0.391308
706 0.323221 0.0510772 0.272144 0.374299
707 0.315353 0.0379439 0.277409 0.353297
708 0.329294 0.0575883 0.271706 0.386882
709 0.323115 0.0527547 0.27036 0.375869
710 0.339365 0.0602098 0.279156 0.399575
711 0.336778 0.0626413 0.274137 0.399419
712 0.347534 0.0728525 0.274681 0.420386
713 0.346657 0.0690136 0.277643 0.415671
714 0.348966 0.0713551 0.277611 0.420321
715 0.347106 0.070717 0.276389 0.417823
716 0.338253 0.0658758 0.272378 0.404129
717 0.338852 0.0657891 0.273063 0.404641
718 0.341033 0.0673253 0.273708 0.408359
719 0.338638 0.0631919 0.275447 0.40183
720 0.328439 0.0533424 0.275096 0.381781
721 0.339216 0.0668929 0.272323 0.406109
722 0.327241 0.0528522 0.274389 0.380094
723 0.310991 0.00927981 0.301711 0.32027
724 0.317683 0.0383955 0.279288 0.356079
725 0.317555 0.0374139 0.280141 0.354969
726 0.318988 0.0415633 0.277424 0.360551
727 0.316956 0.0388086 0.278148 0.355765
728 0.316914 0.0397826 0.277131 0.356696
729 0.319522 0.0475515 0.271971 0.367074
730 0.318175 0.0380947 0.28008 0.35627
731 0.330299 0.0576412 0.272658 0.38794
732 0.338874 0.0682143 0.270659 0.407088
733 0.328909 0.0542203 0.274689 0.38313
734 0.327306 0.0541099 0.273196 0.381415
735 0.320784 0.0401652 0.280619 0.360949
736 0.324397 0.040431 0.283966 0.364829
737 0.322174 0.0468022 0.275372 0.368976
738 0.334896 0.0561856 0.278711 0.391082
739 0.322409 0.0404214 0.281988 0.36283
740 0.320057 0.0377427 0.282314 0.357799
741 0.322687 0.0509178 0.271769 0.373605
742 0.328396 0.0552233 0.273173 0.383619
743 0.328139 0.0550425 0.273097 0.383182
744 0.326664 0.0549973 0.271667 0.381661
745 0.313556 0.0162355 0.297321 0.329792
746 0.319907 0.0383066 0.2816 0.358214
747 0.326557 0.0563676 0.270189 0.382925
748 0.318646 0.0444209 0.274225 0.363066
749 0.328439 0.0552183 0.273221 0.383657
750 0.32645 0.0533889 0.273061 0.379839
751 0.328161 0.0525825 0.275578 0.380743
752 0.319308 0.0398161 0.279492 0.359124
753 0.317298 0.0393827 0.277916 0.356681
754 0.310819 0.0388746 0.271945 0.349694
755 0.302758 0.00502285 0.297735 0.307781
756 0.328289 0.0616335 0.266656 0.389923
757 0.311953 0.0552234 0.256729 0.367176
758 0.316914 0.0549017 0.262012 0.371815
759 0.320955 0.0545917 0.266363 0.375547
760 0.30742 0.0383075 0.269112 0.345727
761 0.306115 0.0378472 0.268268 0.343962
762 0.305345 0.0367698 0.268576 0.342115
763 0.311803 0.0412468 0.270556 0.35305
764 0.297135 0.00610753 0.291027 0.303242
765 0.30603 0.0383405 0.267689 0.34437
766 0.303549 0.0372191 0.26633 0.340768
767 0.325574 0.0635183 0.262055 0.389092
768 0.322815 0.0522907 0.270524 0.375106
769 0.31918 0.0492012 0.269979 0.368381
770 0.3297 0.0659476 0.263753 0.395648
771 0.31593 0.0507723 0.265158 0.366702
772 0.31144 0.059075 0.252365 0.370515
773 0.334041 0.069945 0.264096 0.403986
774 0.323008 0.0583858 0.264622 0.381393
775 0.298567 0.00717042 0.291397 0.305738
776 0.306179 0.0369097 0.26927 0.343089
777 0.30789 0.0357184 0.272172 0.343608
778 0.308489 0.0368392 0.271649 0.345328
779 0.306821 0.0363299 0.270491 0.343151
780 0.30789 0.0370549 0.270835 0.344945
781 0.300064 0.00777964 0.292284 0.307844
782 0.298075 0.0055743 0.292501 0.30365
783 0.297947 0.00532615 0.292621 0.303273
784 0.314455 0.0533474 0.261107 0.367802
785 0.32444 0.0617928 0.262647 0.386233
786 0.326942 0.0636151 0.263327 0.390557
787 0.323585 0.0629098 0.260675 0.386495
788 0.333442 0.0694661 0.263976 0.402908
789 0.335816 0.0740245 0.261791 0.40984
790 0.326921 0.0621204 0.2648 0.389041
791 0.324953 0.0601223 0.264831 0.385076
792 0.311226 0.0393449 0.271881 0.350571
793 0.301112 0.00482113 0.296291 0.305933
794 0.320506 0.0531049 0.267401 0.373611
795 0.317042 0.0513961 0.265646 0.368438
796 0.299123 0.00696759 0.292156 0.306091
797 0.307719 0.0397518 0.267967 0.347471
798 0.328439 0.0650222 0.263417 0.393461
799 0.349394 0.0845714 0.264823 0.433965
