# ../output/graphs/perf_parallel42QUADRUPED_thread4
# step - mean (0.120495) - standard deviation (0.0649785) r=20 - ylow - yhigh
0 0.433782 0.337764 0.0960183 0.771546
1 0.142517 0.147405 -0.00488796 0.289922
2 0.208686 0.239695 -0.0310094 0.448381
3 0.111152 0.0140903 0.0970616 0.125242
4 0.106843 0.00291079 0.103932 0.109754
5 0.177306 0.202663 -0.0253576 0.379969
6 0.208956 0.308873 -0.0999165 0.517829
7 0.106017 0.00220968 0.103807 0.108227
8 0.107248 0.0066045 0.100644 0.113853
9 0.106212 0.00242305 0.103789 0.108635
10 0.180969 0.321241 -0.140272 0.502211
11 0.107398 0.00703168 0.100367 0.11443
12 0.143148 0.164742 -0.021594 0.307889
13 0.105627 0.00258122 0.103045 0.108208
14 0.120296 0.0666592 0.0536365 0.186955
15 0.120851 0.0661888 0.0546625 0.18704
16 0.105942 0.00154466 0.104397 0.107487
17 0.105146 0.00140936 0.103737 0.106556
18 0.161916 0.164351 -0.00243511 0.326267
19 0.112804 0.0188184 0.0939852 0.131622
20 0.107654 0.00786132 0.0997923 0.115515
21 0.115116 0.0283426 0.0867732 0.143458
22 0.132442 0.0640227 0.0684198 0.196465
23 0.111798 0.0211385 0.090659 0.132936
24 0.11441 0.0293409 0.0850692 0.143751
25 0.112053 0.0198544 0.0921985 0.131907
26 0.12465 0.0663628 0.0582872 0.191013
27 0.108359 0.00164276 0.106717 0.110002
28 0.10911 0.00940354 0.0997064 0.118514
29 0.110476 0.0138191 0.0966572 0.124295
30 0.11992 0.041088 0.0788324 0.161008
31 0.107759 0.00223766 0.105521 0.109996
32 0.115551 0.0206449 0.0949063 0.136196
33 0.137457 0.110661 0.0267966 0.248118
34 0.10887 0.00161564 0.107254 0.110485
35 0.154559 0.123406 0.0311529 0.277965
36 0.113524 0.0224144 0.0911098 0.135939
37 0.112248 0.00952138 0.102727 0.121769
38 0.108855 0.00174193 0.107113 0.110597
39 0.14507 0.0960106 0.049059 0.24108
40 0.115146 0.0182032 0.0969426 0.133349
41 0.12435 0.0342281 0.0901216 0.158578
42 0.108945 0.00202912 0.106916 0.110974
43 0.115821 0.024765 0.0910564 0.140586
44 0.115026 0.0167965 0.0982292 0.131822
45 0.131031 0.091914 0.039117 0.222945
46 0.110281 0.00572511 0.104556 0.116006
47 0.10938 0.0119332 0.0974471 0.121313
48 0.13034 0.101716 0.0286247 0.232056
49 0.107098 0.00439621 0.102702 0.111494
50 0.180098 0.188202 -0.00810419 0.368301
51 0.113089 0.0262982 0.0867906 0.139387
52 0.105762 0.00114583 0.104616 0.106908
53 0.139019 0.10074 0.0382789 0.239759
54 0.116692 0.0350017 0.0816906 0.151694
55 0.157652 0.145046 0.0126053 0.302698
56 0.108825 0.0062906 0.102534 0.115115
57 0.109515 0.0112615 0.0982539 0.120777
58 0.15543 0.143951 0.0114786 0.299381
59 0.114065 0.0291856 0.0848792 0.14325
60 0.113329 0.0263649 0.0869642 0.139694
61 0.105912 0.00201686 0.103895 0.107929
62 0.128028 0.0943778 0.0336504 0.222406
63 0.105266 0.00128275 0.103984 0.106549
64 0.107323 0.00192373 0.1054 0.109247
65 0.116902 0.0480573 0.0688452 0.16496
66 0.107188 0.00750871 0.0996794 0.114697
67 0.107594 0.0112025 0.0963911 0.118796
68 0.118134 0.0440875 0.0740461 0.162221
69 0.126632 0.0717246 0.0549072 0.198356
70 0.122593 0.0712238 0.0513691 0.193817
71 0.120491 0.0410648 0.0794262 0.161556
72 0.11459 0.00581305 0.108777 0.120403
73 0.132067 0.0636761 0.068391 0.195743
74 0.112969 0.00379791 0.109171 0.116767
75 0.112053 0.00113664 0.110916 0.113189
76 0.133118 0.0916438 0.0414743 0.224762
77 0.142908 0.116433 0.0264742 0.259341
78 0.123554 0.028845 0.0947089 0.152399
79 0.117068 0.0159852 0.101082 0.133053
80 0.112143 0.00222999 0.109913 0.114373
81 0.11905 0.0186999 0.10035 0.137749
82 0.116137 0.0118638 0.104273 0.128001
83 0.180248 0.163475 0.0167735 0.343723
84 0.111858 0.00248261 0.109375 0.11434
85 0.118629 0.0325294 0.0860997 0.151159
86 0.113449 0.00660813 0.106841 0.120057
87 0.136256 0.0716453 0.0646108 0.207901
88 0.148208 0.108844 0.0393641 0.257051
89 0.111677 0.00240962 0.109268 0.114087
90 0.112668 0.00432625 0.108342 0.116995
91 0.11956 0.0273199 0.0922401 0.14688
92 0.123989 0.0303031 0.0936862 0.154292
93 0.137232 0.111827 0.0254054 0.249059
94 0.190608 0.250701 -0.0600921 0.441309
95 0.130385 0.0726139 0.0577715 0.202999
96 0.123404 0.0263175 0.0970863 0.149721
97 0.119185 0.0192522 0.0999325 0.138437
98 0.121272 0.0400244 0.0812473 0.161296
99 0.159153 0.148873 0.0102805 0.308026
100 0.122533 0.0295197 0.0930132 0.152053
101 0.113299 0.0077076 0.105591 0.121007
102 0.111167 0.00240906 0.108758 0.113576
103 0.110386 0.000897859 0.109488 0.111284
104 0.125836 0.0558893 0.0699468 0.181725
105 0.112083 0.00158294 0.1105 0.113666
106 0.11441 0.00807939 0.106331 0.122489
107 0.11459 0.0108908 0.103699 0.125481
108 0.11441 0.0104274 0.103983 0.124838
109 0.113719 0.008267 0.105452 0.121986
110 0.118344 0.0297548 0.0885891 0.148099
111 0.131812 0.089981 0.0418308 0.221793
112 0.110641 0.0016973 0.108944 0.112339
113 0.123058 0.0544428 0.0686156 0.177501
114 0.138373 0.110228 0.0281449 0.248601
115 0.113614 0.00719772 0.106417 0.120812
116 0.109305 0.000875486 0.10843 0.110181
117 0.112248 0.0154978 0.0967502 0.127746
118 0.118269 0.0263681 0.0919007 0.144637
119 0.111482 0.00853258 0.10295 0.120015
120 0.14031 0.0916961 0.0486139 0.232006
121 0.108945 0.0010385 0.107906 0.109983
122 0.131106 0.0655105 0.0655957 0.196617
123 0.108795 0.00123118 0.107563 0.110026
124 0.120161 0.0388744 0.0812862 0.159035
125 0.109035 0.00315218 0.105883 0.112187
126 0.113509 0.0205826 0.0929266 0.134092
127 0.107654 0.00204439 0.105609 0.109698
128 0.146736 0.146665 7.10268e-005 0.293401
129 0.111032 0.0135496 0.0974822 0.124581
130 0.110762 0.00678698 0.103975 0.117549
131 0.122518 0.061466 0.0610519 0.183984
132 0.131376 0.0661298 0.0652466 0.197506
133 0.11432 0.0124245 0.101895 0.126745
134 0.128073 0.0771232 0.05095 0.205196
135 0.135265 0.0857069 0.0495583 0.220972
136 0.120641 0.036077 0.084564 0.156718
137 0.138959 0.108842 0.030117 0.2478
138 0.112578 0.00938656 0.103192 0.121965
139 0.110236 0.00339725 0.106839 0.113633
140 0.117503 0.0378227 0.0796804 0.155326
141 0.109771 0.0022621 0.107509 0.112033
142 0.112353 0.00768896 0.104664 0.120042
143 0.118449 0.0260053 0.0924436 0.144454
144 0.125926 0.0724645 0.0534616 0.198391
145 0.110671 0.0088044 0.101867 0.119476
146 0.111692 0.00803433 0.103658 0.119727
147 0.10935 0.0012171 0.108133 0.110567
148 0.108885 0.00627266 0.102612 0.115157
149 0.106828 0.00118557 0.105642 0.108013
150 0.108359 0.00405254 0.104307 0.112412
151 0.10959 0.00661691 0.102974 0.116207
152 0.111632 0.0122799 0.0993525 0.123912
153 0.106603 0.000805759 0.105797 0.107408
154 0.119485 0.0328691 0.0866159 0.152354
155 0.120116 0.0459937 0.0741218 0.166109
156 0.172576 0.15597 0.0166065 0.328546
157 0.108945 0.00695388 0.101991 0.115899
158 0.107624 0.00225996 0.105364 0.109884
159 0.110536 0.010929 0.0996074 0.121465
160 0.198701 0.167676 0.0310255 0.366377
161 0.109651 0.0017645 0.107886 0.111415
162 0.115326 0.0271743 0.0881516 0.1425
163 0.10893 0.00225092 0.106679 0.111181
164 0.137773 0.0853147 0.0524579 0.223087
165 0.109921 0.00177266 0.108148 0.111693
166 0.113374 0.0168832 0.0964909 0.130257
167 0.121302 0.0541546 0.0671471 0.175456
168 0.110401 0.00710377 0.103297 0.117505
169 0.110041 0.00357643 0.106464 0.113617
170 0.132337 0.101031 0.0313059 0.233369
171 0.109185 0.00301248 0.106173 0.112198
172 0.108059 0.00143786 0.106621 0.109497
173 0.123434 0.0553776 0.0680562 0.178811
174 0.11384 0.019882 0.0939576 0.133721
175 0.115942 0.0293901 0.0865514 0.145332
176 0.106798 0.00280618 0.103992 0.109604
177 0.122968 0.0515755 0.0713928 0.174544
178 0.109155 0.00977601 0.099379 0.118931
179 0.114425 0.0130487 0.101376 0.127474
180 0.138478 0.122372 0.0161062 0.26085
181 0.106047 0.00094137 0.105106 0.106988
182 0.105687 0.00119164 0.104495 0.106878
183 0.106302 0.00156899 0.104733 0.107871
184 0.106017 0.00381198 0.102205 0.109829
185 0.10938 0.0201478 0.0892325 0.129528
186 0.110596 0.0161881 0.0944083 0.126784
187 0.107443 0.00759535 0.099848 0.115039
188 0.145925 0.133155 0.0127702 0.279081
189 0.127067 0.096999 0.0300683 0.224066
190 0.109771 0.0143598 0.0954108 0.12413
191 0.113029 0.0318242 0.0812046 0.144853
192 0.125506 0.0720156 0.0534902 0.197521
193 0.105206 0.00113664 0.10407 0.106343
194 0.105026 0.00099538 0.104031 0.106021
195 0.107804 0.00261096 0.105193 0.110415
196 0.122233 0.0467567 0.0754759 0.168989
197 0.110446 0.00783668 0.10261 0.118283
198 0.11462 0.0237591 0.0908612 0.138379
199 0.106813 0.000711249 0.106102 0.107524
200 0.115446 0.0134224 0.102024 0.128869
201 0.117608 0.0122903 0.105318 0.129898
202 0.144979 0.147389 -0.00240901 0.292368
203 0.112743 0.0114989 0.101245 0.124242
204 0.164048 0.156334 0.0077136 0.320382
205 0.117173 0.0305901 0.0865827 0.147763
206 0.110446 0.00142313 0.109023 0.111869
207 0.110311 0.00112468 0.109186 0.111436
208 0.109981 0.00306365 0.106917 0.113044
209 0.117083 0.030241 0.0868416 0.147324
210 0.167636 0.144738 0.0228983 0.312374
211 0.110461 0.00149022 0.108971 0.111952
212 0.110762 0.00299127 0.10777 0.113753
213 0.109681 0.00112308 0.108557 0.110804
214 0.140956 0.128034 0.0129219 0.268989
215 0.108885 0.00167302 0.107212 0.110558
216 0.112909 0.00997936 0.102929 0.122888
217 0.12519 0.0446659 0.0805246 0.169856
218 0.110056 0.00119551 0.10886 0.111251
219 0.143073 0.0985767 0.044496 0.241649
220 0.116842 0.0279472 0.0888952 0.14479
221 0.10947 0.00130367 0.108167 0.110774
222 0.140625 0.125632 0.0149936 0.266257
223 0.133523 0.0704173 0.0631062 0.203941
224 0.11414 0.00626799 0.107872 0.120408
225 0.128539 0.0810215 0.0475172 0.20956
226 0.110777 0.00418136 0.106595 0.114958
227 0.111557 0.00529863 0.106259 0.116856
228 0.111392 0.00530286 0.106089 0.116695
229 0.116272 0.0219212 0.0943507 0.138193
230 0.110131 0.00173253 0.108398 0.111863
231 0.14055 0.125483 0.0150672 0.266033
232 0.148268 0.110897 0.0373704 0.259165
233 0.11396 0.0109708 0.102989 0.12493
234 0.109666 0.00154174 0.108124 0.111207
235 0.111632 0.00266374 0.108969 0.114296
236 0.134409 0.094713 0.0396964 0.229122
237 0.141271 0.123281 0.01799 0.264552
238 0.112713 0.00788696 0.104826 0.1206
239 0.123899 0.0574911 0.0664081 0.18139
240 0.15097 0.131802 0.0191679 0.282773
241 0.128494 0.0670551 0.0614385 0.195549
242 0.113344 0.00809471 0.105249 0.121439
243 0.112488 0.00720093 0.105287 0.119689
244 0.1095 0.00398975 0.105511 0.11349
245 0.157457 0.145038 0.0124187 0.302494
246 0.155895 0.134989 0.0209056 0.290884
247 0.130506 0.0646258 0.0658798 0.195131
248 0.109155 0.00288105 0.106274 0.112036
249 0.10932 0.00246434 0.106856 0.111785
250 0.110311 0.00272796 0.107583 0.113039
251 0.108449 0.00191874 0.106531 0.110368
252 0.109425 0.00816068 0.101265 0.117586
253 0.129395 0.0963825 0.033012 0.225777
254 0.153403 0.130272 0.0231306 0.283675
255 0.11941 0.0509972 0.0684127 0.170407
256 0.107518 0.00196334 0.105555 0.109482
257 0.116887 0.0341988 0.0826887 0.151086
258 0.106753 0.0016185 0.105134 0.108371
259 0.107023 0.00131374 0.105709 0.108337
260 0.15561 0.149426 0.0061833 0.305036
261 0.108269 0.00186922 0.1064 0.110138
262 0.114455 0.0275161 0.086939 0.141971
263 0.120611 0.030229 0.090382 0.15084
264 0.10941 0.0096459 0.0997644 0.119056
265 0.109245 0.0126612 0.0965839 0.121906
266 0.11402 0.0245674 0.0894523 0.138587
267 0.116707 0.0398264 0.0768809 0.156534
268 0.105927 0.000967821 0.104959 0.106895
269 0.129214 0.0948582 0.0343561 0.224073
270 0.164273 0.181832 -0.0175585 0.346105
271 0.118224 0.0471617 0.071062 0.165385
272 0.105732 0.0019249 0.103807 0.107657
273 0.106948 0.00802748 0.0989204 0.114975
274 0.110792 0.0120806 0.098711 0.122872
275 0.10893 0.00796297 0.100967 0.116893
276 0.105972 0.00179396 0.104178 0.107766
277 0.147967 0.15832 -0.0103529 0.306288
278 0.120206 0.0524767 0.0677289 0.172682
279 0.110011 0.01603 0.0939809 0.126041
280 0.108299 0.00941265 0.0988866 0.117712
281 0.108089 0.0100422 0.0980468 0.118131
282 0.137442 0.126281 0.0111608 0.263724
283 0.126992 0.086271 0.0407212 0.213263
284 0.111768 0.0134885 0.0982791 0.125256
285 0.13513 0.120369 0.0147605 0.2555
286 0.126271 0.0634051 0.0628664 0.189677
287 0.143944 0.156018 -0.0120747 0.299962
288 0.111948 0.00384041 0.108107 0.115788
289 0.115521 0.0205311 0.0949901 0.136052
290 0.117023 0.0342798 0.0827428 0.151302
291 0.161555 0.160782 0.000773334 0.322338
292 0.11393 0.015014 0.0989157 0.128944
293 0.118524 0.0279672 0.0905568 0.146491
294 0.118959 0.0325922 0.0863672 0.151552
295 0.110341 0.00493834 0.105403 0.11528
296 0.112758 0.0156826 0.0970759 0.128441
297 0.117008 0.0352372 0.0817703 0.152245
298 0.115851 0.0159729 0.0998786 0.131824
299 0.125701 0.0620716 0.0636294 0.187773
300 0.112638 0.00957489 0.103063 0.122213
301 0.119485 0.0426614 0.0768235 0.162146
302 0.121827 0.0374995 0.0843277 0.159327
303 0.115056 0.0269711 0.0880846 0.142027
304 0.111527 0.00837122 0.103156 0.119899
305 0.110566 0.010634 0.0999323 0.1212
306 0.12507 0.0774031 0.0476672 0.202473
307 0.126181 0.0522845 0.0738969 0.178466
308 0.109515 0.00579028 0.103725 0.115306
309 0.110882 0.0103545 0.100527 0.121236
310 0.122713 0.0465498 0.0761633 0.169263
311 0.129815 0.0884047 0.0414102 0.21822
312 0.117263 0.0461361 0.0711267 0.163399
313 0.147907 0.11917 0.0287368 0.267078
314 0.107819 0.00490444 0.102914 0.112723
315 0.108059 0.00698472 0.101074 0.115044
316 0.123449 0.0673696 0.0560792 0.190818
317 0.123073 0.0625586 0.0605149 0.185632
318 0.10875 0.00396935 0.10478 0.112719
319 0.108524 0.00838952 0.100135 0.116914
320 0.113569 0.0225991 0.0909701 0.136168
321 0.112503 0.0181669 0.0943363 0.13067
322 0.10905 0.00851904 0.100531 0.117569
323 0.123374 0.050024 0.0733497 0.173398
324 0.136782 0.11902 0.0177613 0.255802
325 0.10938 0.00267893 0.106701 0.112059
326 0.15031 0.123586 0.0267233 0.273896
327 0.133358 0.0829749 0.0503834 0.216333
328 0.112879 0.00234706 0.110532 0.115226
329 0.144754 0.0982142 0.0465401 0.242968
330 0.121122 0.0248123 0.0963092 0.145934
331 0.126782 0.0287701 0.0980119 0.155552
332 0.112503 0.00251827 0.109985 0.115022
333 0.142862 0.133467 0.00939516 0.27633
334 0.116948 0.0118743 0.105073 0.128822
335 0.119695 0.0212658 0.0984294 0.140961
336 0.114425 0.00879312 0.105632 0.123218
337 0.153493 0.125843 0.0276501 0.279335
338 0.112713 0.00329672 0.109417 0.11601
339 0.115146 0.0129506 0.102195 0.128096
340 0.114605 0.0133995 0.101206 0.128005
341 0.111437 0.00182634 0.109611 0.113264
342 0.111152 0.000610074 0.110542 0.111762
343 0.111602 0.00117564 0.110427 0.112778
344 0.143163 0.074855 0.0683077 0.218018
345 0.112533 0.00315643 0.109377 0.11569
346 0.117233 0.0265074 0.0907254 0.14374
347 0.113299 0.00936165 0.103937 0.122661
348 0.111542 0.000984449 0.110558 0.112527
349 0.128343 0.059476 0.0688675 0.187819
350 0.143268 0.132625 0.010643 0.275893
351 0.126091 0.0655327 0.0605586 0.191624
352 0.120806 0.0229667 0.0978395 0.143773
353 0.142892 0.115683 0.0272096 0.258575
354 0.113479 0.00778722 0.105692 0.121266
355 0.127668 0.0641723 0.0634956 0.19184
356 0.113569 0.00877882 0.10479 0.122348
357 0.135385 0.0750435 0.0603418 0.210429
358 0.11474 0.00841393 0.106326 0.123154
359 0.111617 0.00173311 0.109884 0.113351
360 0.118374 0.0202468 0.0981271 0.138621
361 0.131196 0.0753641 0.0558321 0.20656
362 0.126196 0.0527095 0.073487 0.178906
363 0.121767 0.0471656 0.0746016 0.168933
364 0.142742 0.135564 0.00717813 0.278307
365 0.120176 0.0259356 0.0942401 0.146111
366 0.112969 0.00958275 0.103386 0.122551
367 0.123043 0.052517 0.0705264 0.17556
368 0.117143 0.0254957 0.091647 0.142638
369 0.122788 0.0462653 0.0765228 0.169053
370 0.117143 0.0220621 0.0950806 0.139205
371 0.120446 0.0382485 0.0821974 0.158694
372 0.113179 0.0153562 0.0978227 0.128535
373 0.109951 0.00432903 0.105622 0.11428
374 0.136301 0.104888 0.0314132 0.241189
375 0.128419 0.0762314 0.0521871 0.20465
376 0.108825 0.00223992 0.106585 0.111065
377 0.108705 0.00158044 0.107124 0.110285
378 0.107909 0.00247493 0.105434 0.110384
379 0.131076 0.0984149 0.0326612 0.229491
380 0.111107 0.00844661 0.10266 0.119554
381 0.10953 0.00269236 0.106838 0.112223
382 0.154349 0.131801 0.0225473 0.28615
383 0.115386 0.0319867 0.0833993 0.147373
384 0.112879 0.0122509 0.100628 0.125129
385 0.149994 0.138893 0.0111011 0.288888
386 0.126181 0.066399 0.0597824 0.19258
387 0.113134 0.0123655 0.100768 0.125499
388 0.108945 0.00336216 0.105583 0.112307
389 0.110146 0.00723229 0.102914 0.117378
390 0.127323 0.0709194 0.0564031 0.198242
391 0.120476 0.0537291 0.0667468 0.174205
392 0.110551 0.00969067 0.100861 0.120242
393 0.118329 0.0371316 0.0811972 0.15546
394 0.118929 0.0377319 0.0811975 0.156661
395 0.114155 0.0278529 0.086302 0.142008
396 0.11483 0.0157677 0.0990628 0.130598
397 0.1089 0.00897622 0.0999236 0.117876
398 0.111032 0.0133011 0.0977307 0.124333
399 0.111332 0.013938 0.0973941 0.12527
400 0.136031 0.0962153 0.0398156 0.232246
401 0.122248 0.0638987 0.0583489 0.186146
402 0.130701 0.0676267 0.0630741 0.198327
403 0.111963 0.0165111 0.0954517 0.128474
404 0.130656 0.0781936 0.0524621 0.208849
405 0.108374 0.00798334 0.100391 0.116358
406 0.135535 0.105239 0.0302962 0.240775
407 0.134259 0.0913461 0.0429131 0.225605
408 0.141061 0.106208 0.034853 0.247268
409 0.127082 0.0506019 0.0764804 0.177684
410 0.113855 0.0113794 0.102475 0.125234
411 0.118824 0.0348078 0.0840166 0.153632
412 0.134244 0.10864 0.0256039 0.242884
413 0.117563 0.0273437 0.0902194 0.144907
414 0.156481 0.110632 0.0458487 0.267112
415 0.110371 0.00345198 0.106919 0.113823
416 0.126437 0.0384551 0.0879816 0.164892
417 0.123449 0.0382675 0.0851813 0.161716
418 0.111407 0.0079233 0.103484 0.11933
419 0.122368 0.0417784 0.0805893 0.164146
420 0.116107 0.0162684 0.0998383 0.132375
421 0.13561 0.107885 0.0277259 0.243495
422 0.134289 0.0678798 0.0664095 0.202169
423 0.110446 0.00190772 0.108539 0.112354
424 0.127893 0.0757785 0.0521146 0.203672
425 0.127788 0.0725538 0.0552341 0.200342
426 0.11465 0.0118519 0.102798 0.126502
427 0.110101 0.00129951 0.108801 0.1114
428 0.117668 0.0340013 0.0836669 0.15167
429 0.109906 0.0060989 0.103807 0.116005
430 0.132307 0.108122 0.0241851 0.240429
431 0.108524 0.00301846 0.105506 0.111543
432 0.119485 0.0433869 0.0760981 0.162872
433 0.109425 0.00709114 0.102334 0.116516
434 0.141481 0.104206 0.0372752 0.245687
435 0.132893 0.110538 0.0223549 0.243431
436 0.107699 0.00122079 0.106478 0.108919
437 0.109981 0.00787929 0.102102 0.11786
438 0.110581 0.0118581 0.0987233 0.12244
439 0.120881 0.0531748 0.0677065 0.174056
440 0.115431 0.0227995 0.0926316 0.138231
441 0.108314 0.00727425 0.10104 0.115588
442 0.110461 0.0127633 0.097698 0.123225
443 0.137893 0.0929899 0.0449028 0.230883
444 0.115131 0.0386275 0.0765033 0.153758
445 0.111452 0.00927901 0.102173 0.120731
446 0.107233 0.0015887 0.105644 0.108822
447 0.142892 0.152015 -0.00912263 0.294908
448 0.127998 0.0427313 0.0852668 0.170729
449 0.121031 0.0599426 0.0610889 0.180974
450 0.111107 0.00481119 0.106296 0.115918
451 0.112068 0.00945152 0.102616 0.121519
452 0.115671 0.0262454 0.0894259 0.141917
453 0.11381 0.0213651 0.0924444 0.135175
454 0.109981 0.00329344 0.106687 0.113274
455 0.115371 0.00983354 0.105537 0.125205
456 0.11435 0.0084202 0.10593 0.12277
457 0.11432 0.00849775 0.105822 0.122818
458 0.133133 0.074135 0.0589981 0.207268
459 0.127533 0.0572143 0.0703184 0.184747
460 0.1142 0.0100006 0.104199 0.1242
461 0.130055 0.0704 0.0596551 0.200455
462 0.111662 0.000922015 0.11074 0.112584
463 0.112608 0.00466271 0.107946 0.117271
464 0.113074 0.00480788 0.108266 0.117882
465 0.115491 0.0113755 0.104116 0.126867
466 0.11426 0.00764027 0.10662 0.1219
467 0.112849 0.00785105 0.104998 0.1207
468 0.112083 0.00630097 0.105782 0.118384
469 0.152607 0.173592 -0.0209853 0.326199
470 0.113704 0.00837008 0.105334 0.122074
471 0.111392 0.00155303 0.109839 0.112945
472 0.130566 0.0666285 0.0639371 0.197194
473 0.111873 0.00414516 0.107727 0.116018
474 0.118284 0.0222027 0.0960811 0.140486
475 0.112308 0.00299989 0.109308 0.115308
476 0.11432 0.00998437 0.104336 0.124304
477 0.126947 0.0663242 0.060623 0.193271
478 0.139664 0.121614 0.01805 0.261279
479 0.125581 0.063098 0.0624829 0.188679
480 0.120401 0.0245093 0.0958916 0.14491
481 0.118344 0.0232808 0.0950631 0.141625
482 0.113779 0.00849287 0.105287 0.122272
483 0.12513 0.0335138 0.0916166 0.158644
484 0.112473 0.00339801 0.109075 0.115871
485 0.12429 0.0471665 0.0771231 0.171456
486 0.128419 0.0500105 0.078408 0.178429
487 0.115146 0.0159154 0.0992303 0.131061
488 0.122037 0.0344361 0.0876013 0.156474
489 0.135941 0.0741168 0.061824 0.210058
490 0.158733 0.122098 0.0366343 0.280831
491 0.153673 0.142267 0.0114063 0.295939
492 0.136571 0.0609773 0.0755941 0.197549
493 0.113794 0.00907473 0.10472 0.122869
494 0.143253 0.13328 0.00997263 0.276533
495 0.113479 0.0108715 0.102608 0.124351
496 0.110837 0.00123045 0.109606 0.112067
497 0.111873 0.00247893 0.109394 0.114352
498 0.116317 0.0297103 0.0866066 0.146027
499 0.15579 0.144322 0.0114675 0.300112
500 0.127338 0.0732228 0.0541148 0.20056
501 0.109455 0.00340864 0.106047 0.112864
502 0.129875 0.0910618 0.0388131 0.220937
503 0.109215 0.00105358 0.108162 0.110269
504 0.111107 0.0100298 0.101077 0.121137
505 0.123103 0.0378068 0.0852967 0.16091
506 0.129935 0.0880726 0.0418625 0.218008
507 0.10923 0.00112708 0.108103 0.110357
508 0.108419 0.00078003 0.107639 0.109199
509 0.10917 0.00487308 0.104297 0.114043
510 0.110792 0.00806346 0.102728 0.118855
511 0.117293 0.0457361 0.0715567 0.163029
512 0.1401 0.12729 0.0128094 0.26739
513 0.113629 0.0118618 0.101768 0.125491
514 0.10929 0.00109296 0.108197 0.110383
515 0.12986 0.0574683 0.0723916 0.187328
516 0.114846 0.0245915 0.090254 0.139437
517 0.107714 0.00106634 0.106647 0.10878
518 0.121782 0.0551372 0.066645 0.176919
519 0.14058 0.141023 -0.00044321 0.281604
520 0.125701 0.0572706 0.0684304 0.182972
521 0.109951 0.0105599 0.0993909 0.120511
522 0.116978 0.0272707 0.0897068 0.144248
523 0.111017 0.0121586 0.0988582 0.123175
524 0.111317 0.0103624 0.100955 0.12168
525 0.109681 0.00849073 0.10119 0.118171
526 0.10908 0.00794085 0.101139 0.117021
527 0.108344 0.00763443 0.10071 0.115979
528 0.115581 0.0266708 0.0889104 0.142252
529 0.137652 0.134449 0.00320331 0.272102
530 0.107143 0.00112197 0.106021 0.108265
531 0.124515 0.0626382 0.0618766 0.187153
532 0.107759 0.00196747 0.105791 0.109726
533 0.109545 0.0104034 0.099142 0.119949
534 0.110987 0.0114293 0.0995575 0.122416
535 0.107548 0.00235928 0.105189 0.109908
536 0.108254 0.00605996 0.102194 0.114314
537 0.111002 0.00613522 0.104867 0.117137
538 0.112263 0.01322 0.0990431 0.125483
539 0.111557 0.00995787 0.101599 0.121515
540 0.109035 0.00229067 0.106744 0.111326
541 0.129304 0.0678288 0.0614756 0.197133
542 0.132067 0.0785516 0.0535155 0.210619
543 0.115146 0.0123314 0.102814 0.127477
544 0.127923 0.0448929 0.0830301 0.172816
545 0.125731 0.0470226 0.0787084 0.172754
546 0.128028 0.0559835 0.0720447 0.184012
547 0.110521 0.00252042 0.108001 0.113042
548 0.124049 0.0281536 0.0958958 0.152203
549 0.109876 0.000848815 0.109027 0.110725
550 0.117248 0.025178 0.0920698 0.142426
551 0.116062 0.0124014 0.10366 0.128463
552 0.110491 0.00159599 0.108895 0.112087
553 0.111753 0.00454149 0.107211 0.116294
554 0.111858 0.00684731 0.10501 0.118705
555 0.124875 0.0449969 0.0798783 0.169872
556 0.11408 0.0182154 0.0958644 0.132295
557 0.109635 0.00676077 0.102875 0.116396
558 0.107999 0.00150227 0.106497 0.109501
559 0.108675 0.00576046 0.102914 0.114435
560 0.10959 0.00842388 0.101167 0.118014
561 0.13531 0.070972 0.0643382 0.206282
562 0.107909 0.00246031 0.105449 0.110369
563 0.120086 0.0463668 0.0737188 0.166452
564 0.112593 0.0120728 0.100521 0.124666
565 0.137532 0.116547 0.0209851 0.25408
566 0.112954 0.0157124 0.0972413 0.128666
567 0.107233 0.0028216 0.104412 0.110055
568 0.111903 0.015096 0.0968067 0.126999
569 0.117893 0.0362443 0.0816491 0.154138
570 0.108059 0.00698343 0.101076 0.115042
571 0.127863 0.0689575 0.0589055 0.196821
572 0.11477 0.0288461 0.0859243 0.143617
573 0.106828 0.00149505 0.105333 0.108323
574 0.107128 0.00265357 0.104475 0.109782
575 0.109996 0.00511383 0.104882 0.11511
576 0.118224 0.0286097 0.0896141 0.146833
577 0.117278 0.0501296 0.0671483 0.167407
578 0.151706 0.111942 0.0397635 0.263648
579 0.145235 0.161101 -0.0158658 0.306335
580 0.10881 0.00553076 0.103279 0.11434
581 0.112488 0.0226208 0.0898674 0.135109
582 0.145685 0.126805 0.0188799 0.27249
583 0.1304 0.0536022 0.0767983 0.184003
584 0.111347 0.00221401 0.109133 0.113561
585 0.112924 0.00339801 0.109526 0.116322
586 0.13995 0.114409 0.0255405 0.254359
587 0.150595 0.1038 0.0467948 0.254395
588 0.113164 0.00329535 0.109869 0.116459
589 0.111933 0.00129115 0.110642 0.113224
590 0.111602 0.00140936 0.110193 0.113012
591 0.112548 0.00334334 0.109205 0.115892
592 0.134695 0.101243 0.0334516 0.235938
593 0.111692 0.00118405 0.110508 0.112877
594 0.113704 0.00713101 0.106573 0.120835
595 0.123779 0.052475 0.0713041 0.176254
596 0.130115 0.0688426 0.0612726 0.198958
597 0.113239 0.00793803 0.105301 0.121177
598 0.115251 0.0160425 0.0992084 0.131293
599 0.114755 0.0119296 0.102826 0.126685
600 0.113719 0.0193271 0.0943924 0.133046
601 0.111557 0.00815687 0.1034 0.119714
602 0.116782 0.0270715 0.0897109 0.143854
603 0.1095 0.00211331 0.107387 0.111614
604 0.11914 0.0275658 0.0915739 0.146705
605 0.131527 0.0904258 0.0411008 0.221952
606 0.126557 0.0473068 0.07925 0.173864
607 0.113479 0.00975819 0.103721 0.123237
608 0.125821 0.0402377 0.0855834 0.166059
609 0.113599 0.0088001 0.104799 0.122399
610 0.144079 0.133795 0.0102834 0.277874
611 0.111602 0.00769776 0.103905 0.1193
612 0.118404 0.024829 0.0935749 0.143233
613 0.112383 0.00827506 0.104108 0.120658
614 0.118809 0.0282921 0.0905172 0.147101
615 0.171225 0.161061 0.0101641 0.332285
616 0.110311 0.00134721 0.108964 0.111658
617 0.112263 0.00870438 0.103559 0.120967
618 0.138223 0.120001 0.018222 0.258224
619 0.111197 0.0044216 0.106775 0.115619
620 0.109726 0.000932347 0.108793 0.110658
621 0.111092 0.0078458 0.103246 0.118938
622 0.108825 0.00160984 0.107215 0.110435
623 0.10938 0.0016334 0.107747 0.111014
624 0.110762 0.00385527 0.106906 0.114617
625 0.141721 0.0960087 0.0457127 0.23773
626 0.11447 0.0215139 0.0929562 0.135984
627 0.118014 0.0417695 0.076244 0.159783
628 0.116902 0.0302387 0.0866638 0.147141
629 0.108314 0.00318235 0.105132 0.111497
630 0.107263 0.00204241 0.105221 0.109306
631 0.119785 0.0555612 0.0642241 0.175346
632 0.107173 0.00218387 0.104989 0.109357
633 0.111122 0.00870604 0.102416 0.119828
634 0.108795 0.00490134 0.103893 0.113696
635 0.108104 0.00846314 0.0996409 0.116567
636 0.108885 0.0112126 0.0976721 0.120097
637 0.109846 0.00964886 0.100197 0.119495
638 0.144619 0.116446 0.028173 0.261065
639 0.107954 0.0059131 0.102041 0.113867
640 0.109065 0.00248642 0.106579 0.111551
641 0.138358 0.126028 0.0123304 0.264386
642 0.107669 0.00165969 0.106009 0.109328
643 0.11414 0.0214064 0.0927334 0.135546
644 0.107068 0.00137109 0.105697 0.108439
645 0.10869 0.00867179 0.100018 0.117361
646 0.108404 0.00697162 0.101433 0.115376
647 0.112518 0.0207641 0.0917542 0.133282
648 0.107654 0.00194494 0.105709 0.109599
649 0.107563 0.00233106 0.105232 0.109895
650 0.109846 0.0117311 0.0981146 0.121577
651 0.107759 0.00829487 0.0994638 0.116054
652 0.122458 0.0726325 0.0498254 0.19509
653 0.105942 0.00142945 0.104512 0.107371
654 0.11384 0.0375919 0.0762476 0.151431
655 0.106918 0.00542475 0.101493 0.112343
656 0.112173 0.0201528 0.0920201 0.132326
657 0.107158 0.00685243 0.100306 0.114011
658 0.134635 0.12752 0.00711465 0.262154
659 0.154108 0.13491 0.0191987 0.289018
660 0.128178 0.0651116 0.0630667 0.19329
661 0.116767 0.0336735 0.0830938 0.150441
662 0.120506 0.0663961 0.0541099 0.186902
663 0.115446 0.0260157 0.0894303 0.141462
664 0.126302 0.0886979 0.0376036 0.214999
665 0.112593 0.0201365 0.0924568 0.13273
666 0.109395 0.00760395 0.101791 0.116999
667 0.107338 0.00365869 0.10368 0.110997
668 0.122968 0.0696767 0.0532916 0.192645
669 0.112548 0.0225923 0.0899559 0.135141
670 0.108479 0.0082149 0.100264 0.116694
671 0.110852 0.00412859 0.106723 0.11498
672 0.121557 0.0297719 0.0917851 0.151329
673 0.111047 0.00935177 0.101695 0.120399
674 0.131947 0.0764691 0.0554779 0.208416
675 0.115611 0.0164299 0.0991813 0.132041
676 0.130686 0.0849718 0.045714 0.215658
677 0.108735 0.00199619 0.106738 0.110731
678 0.108404 0.00100943 0.107395 0.109414
679 0.112488 0.0116972 0.100791 0.124185
680 0.143013 0.0921388 0.0508738 0.235151
681 0.110506 0.00563152 0.104875 0.116138
682 0.108449 0.00181737 0.106632 0.110267
683 0.120536 0.0346802 0.0858557 0.155216
684 0.113509 0.0215918 0.0919174 0.135101
685 0.107759 0.0034478 0.104311 0.111206
686 0.110431 0.0166084 0.0938228 0.12704
687 0.132487 0.100658 0.03183 0.233145
688 0.109305 0.0128361 0.0964691 0.122141
689 0.107894 0.00493434 0.102959 0.112828
690 0.137923 0.131284 0.0066387 0.269207
691 0.107699 0.0077001 0.0999985 0.115399
692 0.110822 0.012523 0.0982987 0.123345
693 0.106272 0.0019155 0.104357 0.108188
694 0.131647 0.109125 0.0225213 0.240772
695 0.122878 0.0773541 0.0455242 0.200232
696 0.108359 0.00879097 0.0995683 0.11715
697 0.105807 0.00628908 0.0995177 0.112096
698 0.133974 0.11848 0.0154934 0.252454
699 0.105627 0.00135255 0.104274 0.106979
700 0.105356 0.00115631 0.1042 0.106513
701 0.107939 0.0114266 0.0965123 0.119365
702 0.109065 0.00899795 0.100067 0.118063
703 0.121197 0.0671063 0.0540903 0.188303
704 0.108104 0.00312358 0.10498 0.111228
705 0.111422 0.00784696 0.103575 0.119269
706 0.11962 0.026743 0.0928771 0.146363
707 0.129695 0.0908807 0.038814 0.220576
708 0.111347 0.00839446 0.102953 0.119742
709 0.110386 0.00427677 0.106109 0.114663
710 0.112338 0.00180898 0.110529 0.114147
711 0.150805 0.112145 0.0386605 0.26295
712 0.135896 0.0912135 0.0446823 0.227109
713 0.122878 0.0419678 0.0809104 0.164846
714 0.116227 0.0108248 0.105402 0.127052
715 0.117188 0.0167452 0.100443 0.133933
716 0.142187 0.126011 0.0161756 0.268198
717 0.11381 0.00710169 0.106708 0.120911
718 0.112338 0.00402869 0.108309 0.116367
719 0.112098 0.000906356 0.111192 0.113004
720 0.130776 0.0709306 0.0598452 0.201706
721 0.129965 0.0552698 0.0746953 0.185235
722 0.113299 0.00711507 0.106184 0.120414
723 0.111257 0.000762639 0.110494 0.11202
724 0.11998 0.0240783 0.0959021 0.144059
725 0.11462 0.0109867 0.103634 0.125607
726 0.113239 0.00794484 0.105294 0.121184
727 0.123584 0.0512019 0.072382 0.174786
728 0.114365 0.0123452 0.10202 0.12671
729 0.140325 0.125851 0.0144737 0.266176
730 0.143163 0.129878 0.0132844 0.273041
731 0.118089 0.0272453 0.0908433 0.145334
732 0.111392 0.00090822 0.110484 0.1123
733 0.111452 0.000812863 0.110639 0.112265
734 0.140851 0.130617 0.0102335 0.271468
735 0.120971 0.0313268 0.0896446 0.152298
736 0.169348 0.107323 0.0620246 0.276671
737 0.113014 0.00704449 0.105969 0.120058
738 0.114125 0.00852179 0.105603 0.122647
739 0.115086 0.00879845 0.106287 0.123884
740 0.123494 0.0527644 0.0707295 0.176258
741 0.111738 0.0013257 0.110412 0.113063
742 0.135971 0.0915212 0.0444496 0.227492
743 0.112834 0.00323404 0.1096 0.116068
744 0.112488 0.00252921 0.109959 0.115017
745 0.1351 0.103141 0.0319589 0.238241
746 0.136361 0.0788526 0.0575086 0.215214
747 0.119155 0.0350366 0.084118 0.154191
748 0.132502 0.0850987 0.0474038 0.217601
749 0.131241 0.0864646 0.0447767 0.217706
750 0.110852 0.000749372 0.110102 0.111601
751 0.111137 0.00129473 0.109842 0.112432
752 0.121827 0.0412864 0.0805408 0.163114
753 0.111692 0.00831832 0.103374 0.120011
754 0.109365 0.00245907 0.106906 0.111824
755 0.116362 0.0356604 0.0807015 0.152022
756 0.110671 0.00783315 0.102838 0.118505
757 0.155685 0.140448 0.0152369 0.296133
758 0.110506 0.00912157 0.101385 0.119628
759 0.109786 0.00462815 0.105157 0.114414
760 0.106978 0.001424 0.105554 0.108402
761 0.114575 0.0163233 0.098252 0.130899
762 0.119605 0.0466574 0.0729477 0.166262
763 0.124335 0.0764712 0.0478634 0.200806
764 0.107353 0.00574055 0.101613 0.113094
765 0.105416 0.00126148 0.104155 0.106678
766 0.136586 0.130108 0.0064787 0.266694
767 0.128464 0.0921278 0.0363358 0.220591
768 0.110536 0.00572198 0.104814 0.116258
769 0.114245 0.0194188 0.0948261 0.133664
770 0.134079 0.0879654 0.0461136 0.222044
771 0.116332 0.0226911 0.0936409 0.139023
772 0.113149 0.0244127 0.0887362 0.137562
773 0.108735 0.00446704 0.104268 0.113202
774 0.145145 0.112929 0.0322159 0.258073
775 0.107669 0.00214339 0.105525 0.109812
776 0.114575 0.025194 0.0893813 0.139769
777 0.108569 0.00410801 0.104461 0.112677
778 0.125806 0.0695408 0.0562652 0.195347
779 0.111843 0.00968471 0.102158 0.121527
780 0.126241 0.0791484 0.0470931 0.20539
781 0.121031 0.0534869 0.0675446 0.174518
782 0.107804 0.00266395 0.10514 0.110468
783 0.112413 0.0199518 0.0924614 0.132365
784 0.113644 0.028779 0.0848654 0.142423
785 0.10929 0.00849264 0.100798 0.117783
786 0.122037 0.0623881 0.0596493 0.184426
787 0.107473 0.00127366 0.1062 0.108747
788 0.11426 0.0231658 0.0910942 0.137426
789 0.127142 0.055599 0.0715433 0.182741
790 0.127923 0.0694047 0.0585184 0.197328
791 0.107594 0.00360234 0.103991 0.111196
792 0.138343 0.124967 0.0133758 0.26331
793 0.110221 0.00808802 0.102133 0.118309
794 0.113494 0.0102585 0.103236 0.123753
795 0.10881 0.00744891 0.101361 0.116259
796 0.112023 0.0190234 0.0929994 0.131046
797 0.117833 0.0374783 0.080355 0.155312
798 0.121572 0.0435462 0.0780258 0.165118
799 0.159724 0.165955 -0.00623107 0.325678
