# ../output/graphs/perf_parallel15QUADRUPED_thread2
# step - mean (0.0801126) - standard deviation (0.0151784) r=5 - ylow - yhigh
0 0.0986167 0.0406343 0.0579824 0.139251
1 0.0774052 0.00620317 0.071202 0.0836083
2 0.076892 0.00307675 0.0738152 0.0799687
3 0.075609 0.00239484 0.0732142 0.0780039
4 0.0803988 0.00941224 0.0709865 0.089811
5 0.0777473 0.00445576 0.0732915 0.0822031
6 0.0760367 0.00294305 0.0730936 0.0789797
7 0.0786881 0.0104823 0.0682058 0.0891704
8 0.0738129 0.000960054 0.0728528 0.074773
9 0.0752669 0.00271821 0.0725487 0.0779851
10 0.0736418 0.000628495 0.0730133 0.0742703
11 0.0734708 0.000913217 0.0725576 0.074384
12 0.0759511 0.00505719 0.070894 0.0810083
13 0.0745827 0.00170204 0.0728806 0.0762847
14 0.0804843 0.0115494 0.0689349 0.0920337
15 0.0745827 0.00163629 0.0729464 0.076219
16 0.0762077 0.00338252 0.0728252 0.0795903
17 0.0735563 0.00111516 0.0724411 0.0746715
18 0.0786026 0.00376141 0.0748412 0.082364
19 0.0744971 0.00158634 0.0729108 0.0760835
20 0.0815107 0.016551 0.0649597 0.0980617
21 0.0830502 0.0168918 0.0661584 0.0999419
22 0.0830502 0.0158299 0.0672203 0.09888
23 0.0815961 0.0162944 0.0653017 0.0978906
24 0.0815106 0.0163375 0.0651731 0.0978481
25 0.0819383 0.0161506 0.0657877 0.0980888
26 0.0820238 0.0159013 0.0661225 0.0979252
27 0.0930572 0.0227012 0.070356 0.115758
28 0.0827081 0.0158142 0.0668939 0.0985222
29 0.0946823 0.0197733 0.074909 0.114456
30 0.0829647 0.0156757 0.067289 0.0986404
31 0.0849318 0.0152657 0.0696661 0.100198
32 0.0831357 0.0156724 0.0674633 0.0988082
33 0.0819383 0.0161867 0.0657516 0.0981251
34 0.0821093 0.016289 0.0658203 0.0983983
35 0.0844187 0.0152729 0.0691458 0.0996916
36 0.0817672 0.0154297 0.0663376 0.0971969
37 0.0832213 0.0151768 0.0680444 0.0983981
38 0.099472 0.0377243 0.0617477 0.137196
39 0.101525 0.036728 0.0647968 0.138253
40 0.0916033 0.0207883 0.0708149 0.112392
41 0.0973338 0.0204928 0.076841 0.117827
42 0.0843331 0.0152461 0.069087 0.0995792
43 0.0833923 0.015671 0.0677213 0.0990633
44 0.0827081 0.015989 0.0667191 0.098697
45 0.0829647 0.016072 0.0668927 0.0990367
46 0.0842476 0.0167059 0.0675417 0.100954
47 0.085274 0.0161302 0.0691439 0.101404
48 0.0942547 0.0377767 0.056478 0.132031
49 0.08382 0.0169386 0.0668814 0.100759
50 0.0933994 0.0227817 0.0706177 0.116181
51 0.0853595 0.0156421 0.0697175 0.101002
52 0.0941692 0.0216401 0.0725291 0.115809
53 0.0949389 0.0215937 0.0733452 0.116533
54 0.098018 0.0247454 0.0732727 0.122763
55 0.0928862 0.0212529 0.0716333 0.114139
56 0.0943402 0.0207341 0.0736062 0.115074
57 0.0853595 0.0178524 0.0675072 0.103212
58 0.0869846 0.0172076 0.069777 0.104192
59 0.0873267 0.0179663 0.0693604 0.105293
60 0.0751814 0.00153953 0.0736419 0.0767209
61 0.0756945 0.000270436 0.0754241 0.075965
62 0.0777473 0.00321621 0.0745311 0.0809635
63 0.0792013 0.00564374 0.0735576 0.0848451
64 0.0814251 0.00975427 0.0716708 0.0911794
65 0.078346 0.00315886 0.0751872 0.0815049
66 0.0788592 0.00306721 0.075792 0.0819264
67 0.078346 0.00326139 0.0750846 0.0816074
68 0.0797145 0.00508604 0.0746284 0.0848005
69 0.0774052 0.00135235 0.0760528 0.0787575
70 0.0769775 0.00123945 0.0757381 0.078217
71 0.0774052 0.00140544 0.0759997 0.0788106
72 0.0774052 0.00185425 0.0755509 0.0792594
73 0.0799711 0.00438633 0.0755848 0.0843574
74 0.0771486 0.00159098 0.0755576 0.0787396
75 0.0851884 0.0135463 0.0716421 0.0987347
76 0.0916888 0.0139643 0.0777245 0.105653
77 0.0885242 0.010363 0.0781612 0.0988871
78 0.0768065 0.00110197 0.0757045 0.0779084
79 0.0765499 0.000975197 0.0755747 0.0775251
80 0.0766354 0.000913175 0.0757222 0.0775485
81 0.0817672 0.00576557 0.0760016 0.0875328
82 0.076892 0.00116014 0.0757319 0.0780522
83 0.0762933 0.00079316 0.0755002 0.0770865
84 0.0807408 0.00758959 0.0731513 0.0883304
85 0.0762078 0.00102639 0.0751814 0.0772342
86 0.0762078 0.000829255 0.0753785 0.077037
87 0.0772341 0.0017653 0.0754688 0.0789994
88 0.0868136 0.0132531 0.0735605 0.100067
89 0.0913467 0.0229448 0.0684018 0.114291
90 0.0787737 0.00475756 0.0740161 0.0835313
91 0.0765499 0.00089704 0.0756528 0.0774469
92 0.0835634 0.0126041 0.0709593 0.0961675
93 0.0787736 0.00386691 0.0749067 0.0826405
94 0.0795434 0.0050889 0.0744545 0.0846323
95 0.0763788 0.00103348 0.0753454 0.0774123
96 0.0807408 0.00511323 0.0756276 0.0858541
97 0.0759512 0.0020348 0.0739164 0.077986
98 0.0756946 0.00153003 0.0741645 0.0772246
99 0.0762078 0.00169773 0.07451 0.0779055
100 0.0792013 0.00509178 0.0741095 0.0842931
101 0.0752669 0.000604839 0.0746621 0.0758717
102 0.0800566 0.0102294 0.0698272 0.090286
103 0.0759511 0.00125706 0.0746941 0.0772082
104 0.0845897 0.0184326 0.0661571 0.103022
105 0.075609 0.000952403 0.0746566 0.0765614
106 0.0751814 0.000419039 0.0747623 0.0756004
107 0.0819383 0.00362471 0.0783136 0.0855631
108 0.0757801 0.00125119 0.0745289 0.0770313
109 0.0826225 0.0122443 0.0703782 0.0948669
110 0.0786026 0.00667136 0.0719312 0.0852739
111 0.0870701 0.0100861 0.076984 0.0971562
112 0.082537 0.0123265 0.0702105 0.0948635
113 0.0761222 0.00153006 0.0745921 0.0776523
114 0.0751814 0.000171083 0.0750103 0.0753525
115 0.0875833 0.0182271 0.0693563 0.10581
116 0.0761222 0.00140542 0.0747168 0.0775277
117 0.0752669 0 0.0752669 0.0752669
118 0.0762078 0.00133604 0.0748717 0.0775438
119 0.0774907 0.00427992 0.0732108 0.0817706
120 0.0759511 0.0013685 0.0745827 0.0773196
121 0.0757801 0.000829228 0.0749509 0.0766093
122 0.0764643 0.00304084 0.0734235 0.0795051
123 0.0750958 0.000209515 0.0748863 0.0753053
124 0.0758656 0.00184635 0.0740193 0.077712
125 0.0762078 0.00116019 0.0750476 0.0773679
126 0.0855306 0.0146755 0.0708551 0.100206
127 0.0782605 0.00480802 0.0734525 0.0830685
128 0.0779183 0.00199489 0.0759234 0.0799132
129 0.0750958 0.000580105 0.0745157 0.0756759
130 0.0827936 0.0111767 0.0716169 0.0939703
131 0.074155 0.000640054 0.073515 0.0747951
132 0.0797145 0.0107531 0.0689614 0.0904676
133 0.0736418 0.00017105 0.0734708 0.0738129
134 0.0855306 0.0187739 0.0667567 0.104304
135 0.089465 0.0172454 0.0722195 0.10671
136 0.0802277 0.00587366 0.074354 0.0861014
137 0.0743261 0.000913228 0.0734128 0.0752393
138 0.0737274 0.000209479 0.0735179 0.0739368
139 0.0799711 0.0134721 0.066499 0.0934431
140 0.0771486 0.00385932 0.0732893 0.0810079
141 0.0839055 0.0211269 0.0627786 0.105032
142 0.0734708 0.00049873 0.072972 0.0739695
143 0.0830502 0.0129103 0.0701399 0.0959605
144 0.0736418 0.000872232 0.0727696 0.074514
145 0.0744971 0.00156306 0.0729341 0.0760602
146 0.0730431 0.000171107 0.072872 0.0732142
147 0.0792013 0.00791517 0.0712861 0.0871165
148 0.0761222 0.00492079 0.0712014 0.081043
149 0.0742405 0.00144646 0.0727941 0.075687
150 0.0732142 0.000171071 0.0730431 0.0733852
151 0.0762078 0.00464866 0.0715591 0.0808564
152 0.0737274 0.00064009 0.0730873 0.0743674
153 0.0757801 0.00512754 0.0706525 0.0809076
154 0.0747537 0.00411436 0.0706394 0.0788681
155 0.0793724 0.00661746 0.072755 0.0859899
156 0.0744971 0.00277682 0.0717203 0.0772739
157 0.0815962 0.0173638 0.0642324 0.09896
158 0.0817672 0.0174939 0.0642734 0.0992611
159 0.0815107 0.0174063 0.0641044 0.0989169
160 0.0912611 0.021515 0.0697461 0.112776
161 0.0822804 0.01725 0.0650304 0.0995305
162 0.082366 0.0170174 0.0653486 0.0993833
163 0.0814251 0.0174545 0.0639706 0.0988796
164 0.0835634 0.0158742 0.0676892 0.0994376
165 0.093827 0.0217904 0.0720367 0.115617
166 0.0946823 0.0237963 0.0708861 0.118479
167 0.0818528 0.0159683 0.0658844 0.0978211
168 0.0910045 0.0217648 0.0692398 0.112769
169 0.0826226 0.0162314 0.0663911 0.098854
170 0.0829647 0.0158474 0.0671172 0.0988121
171 0.0808264 0.0162531 0.0645733 0.0970794
172 0.0875833 0.01527 0.0723133 0.102853
173 0.0744971 0.00151558 0.0729815 0.0760127
174 0.0742405 0.000997482 0.0732431 0.075238
175 0.0730431 0.000419008 0.0726241 0.0734621
176 0.0729576 0.000342131 0.0726154 0.0732997
177 0.0767209 0.00740518 0.0693158 0.0841261
178 0.0732997 0.000793152 0.0725066 0.0740929
179 0.0743261 0.00304085 0.0712852 0.0773669
180 0.0727865 0.000628512 0.072158 0.073415
181 0.0779184 0.00720899 0.0707094 0.0851274
182 0.0745827 0.00294553 0.0716371 0.0775282
183 0.075438 0.00462655 0.0708114 0.0800645
184 0.0744116 0.00299964 0.0714119 0.0774112
185 0.0749248 0.00211937 0.0728054 0.0770442
186 0.0814251 0.0106299 0.0707952 0.092055
187 0.0759511 0.0054337 0.0705174 0.0813848
188 0.0731287 0.000468512 0.0726601 0.0735972
189 0.0756946 0.00503105 0.0706635 0.0807256
190 0.0732142 0.000628518 0.0725857 0.0738427
191 0.0792013 0.0130034 0.0661978 0.0922047
192 0.075609 0.00307674 0.0725323 0.0786858
193 0.0815106 0.0114834 0.0700272 0.092994
194 0.0731286 0.000897039 0.0722316 0.0740257
195 0.0730431 0.000913201 0.0721299 0.0739563
196 0.0774907 0.00456931 0.0729214 0.08206
197 0.0734708 0.000952428 0.0725184 0.0744232
198 0.0742405 0.00294557 0.071295 0.0771861
199 0.0730432 0.000952386 0.0720908 0.0739956
200 0.0735563 0.00171062 0.0718457 0.0752669
201 0.0729575 0.000745627 0.0722119 0.0737031
202 0.0863859 0.0165342 0.0698517 0.10292
203 0.0734708 0.00116022 0.0723105 0.074631
204 0.0813396 0.00997229 0.0713673 0.0913119
205 0.0736418 0.000829271 0.0728125 0.0744711
206 0.0758656 0.00467379 0.0711918 0.0805394
207 0.0729576 0.000745646 0.072212 0.0737032
208 0.0769775 0.00489095 0.0720866 0.0818685
209 0.0751814 0.00281602 0.0723654 0.0779974
210 0.074326 0.00190104 0.072425 0.0762271
211 0.0749248 0.00289285 0.0720319 0.0778176
212 0.0756091 0.00258581 0.0730232 0.0781949
213 0.0742405 0.00122757 0.073013 0.0754681
214 0.0742405 0.00103345 0.0732071 0.075274
215 0.0750103 0.00103346 0.0739768 0.0760438
216 0.0778328 0.00274499 0.0750878 0.0805778
217 0.081083 0.00995097 0.071132 0.091034
218 0.0759511 0.00122761 0.0747235 0.0771788
219 0.0761222 0.00164522 0.074477 0.0777674
220 0.0844186 0.0174838 0.0669348 0.101902
221 0.0868135 0.0181659 0.0686476 0.104979
222 0.0846753 0.0182142 0.0664611 0.102889
223 0.0847608 0.0188039 0.0659569 0.103565
224 0.0884386 0.0166189 0.0718197 0.105057
225 0.093827 0.0202504 0.0735767 0.114077
226 0.0847608 0.0183829 0.0663779 0.103144
227 0.089465 0.0160638 0.0734012 0.105529
228 0.085274 0.0123727 0.0729013 0.0976467
229 0.0771486 0.00147154 0.0756771 0.0786202
230 0.0774907 0.000567345 0.0769234 0.0780581
231 0.0764643 0.000990113 0.0754742 0.0774544
232 0.081083 0.00952662 0.0715564 0.0906096
233 0.078346 0.001901 0.076445 0.080247
234 0.076892 0.00130835 0.0755836 0.0782003
235 0.0878399 0.0211099 0.06673 0.10895
236 0.0814251 0.00812584 0.0732993 0.0895509
237 0.0771486 0.00110198 0.0760466 0.0782506
238 0.0773196 0.00156317 0.0757564 0.0788828
239 0.0778328 0.00323439 0.0745984 0.0810672
240 0.0786026 0.00352027 0.0750823 0.0821228
241 0.0769775 0.00132504 0.0756525 0.0783026
242 0.0774907 0.00136315 0.0761275 0.0788538
243 0.0769775 0.000811389 0.0761661 0.0777889
244 0.0797145 0.0053318 0.0743827 0.0850463
245 0.0849318 0.0165709 0.068361 0.101503
246 0.0792868 0.0033847 0.0759021 0.0826715
247 0.0768065 0.000793196 0.0760133 0.0775996
248 0.0846753 0.0149886 0.0696866 0.0996639
249 0.0791158 0.00414624 0.0749695 0.083262
250 0.0778328 0.00104756 0.0767853 0.0788804
251 0.0773197 0.00116019 0.0761595 0.0784798
252 0.076892 0.000952431 0.0759396 0.0778444
253 0.0793723 0.00465807 0.0747143 0.0840304
254 0.0821093 0.0107409 0.0713685 0.0928502
255 0.0772341 0.00103346 0.0762007 0.0782676
256 0.0774907 0.00146655 0.0760242 0.0789573
257 0.0858727 0.0155265 0.0703461 0.101399
258 0.078346 0.00362272 0.0747233 0.0819687
259 0.0841621 0.0108202 0.0733419 0.0949823
260 0.0839055 0.0168528 0.0670527 0.100758
261 0.0799711 0.00448527 0.0754858 0.0844564
262 0.0759512 0.00116645 0.0747847 0.0771176
263 0.0815962 0.00889434 0.0727018 0.0904905
264 0.0754379 0.000838056 0.0745999 0.076276
265 0.0774052 0.00503105 0.0723741 0.0824362
266 0.075609 0.00119125 0.0744178 0.0768003
267 0.0746682 0.00168042 0.0729878 0.0763486
268 0.0746682 0.00136853 0.0732996 0.0760367
269 0.0758656 0.00281863 0.073047 0.0786842
270 0.0774052 0.00302396 0.0743812 0.0804291
271 0.0745827 0.000640071 0.0739426 0.0752227
272 0.0756091 0.00325015 0.0723589 0.0788592
273 0.0744971 0.000829254 0.0736679 0.0753264
274 0.0737274 0.000209526 0.0735178 0.0739369
275 0.0737274 0.000209508 0.0735179 0.0739369
276 0.0743261 0.00133604 0.07299 0.0756621
277 0.0757801 0.00288024 0.0728998 0.0786603
278 0.0762933 0.0046266 0.0716667 0.0809199
279 0.0742405 0.000513195 0.0737273 0.0747537
280 0.0765498 0.00470805 0.0718418 0.0812579
281 0.0751814 0.00133604 0.0738453 0.0765174
282 0.0750103 0.00163633 0.073374 0.0766467
283 0.074155 0.000209533 0.0739455 0.0743645
284 0.0753524 0.00169775 0.0736547 0.0770501
285 0.0749248 0.0013631 0.0735617 0.0762879
286 0.0770631 0.0041321 0.072931 0.0811952
287 0.0746682 0.000960115 0.0737081 0.0756283
288 0.076892 0.0034362 0.0734558 0.0803282
289 0.0762078 0.0014913 0.0747165 0.0776991
290 0.0742406 0.000209504 0.0740311 0.0744501
291 0.0803987 0.00791334 0.0724854 0.0883121
292 0.0814251 0.010017 0.0714082 0.0914421
293 0.0851884 0.0137206 0.0714678 0.0989091
294 0.0748392 0.00135236 0.0734869 0.0761916
295 0.0818528 0.0138407 0.0680121 0.0956934
296 0.0758656 0.00238262 0.073483 0.0782482
297 0.0776618 0.00446564 0.0731961 0.0821274
298 0.0752669 0.00104752 0.0742194 0.0763144
299 0.192615 0.23427 -0.0416555 0.426885
300 0.0759512 0.000838051 0.0751131 0.0767892
301 0.075438 0.00147156 0.0739664 0.0769095
302 0.0751814 0.00099009 0.0741913 0.0761715
303 0.0785171 0.00448199 0.0740351 0.0829991
304 0.0760367 0.00106142 0.0749753 0.0770981
305 0.0906624 0.0177112 0.0729512 0.108374
306 0.0767209 0.00188553 0.0748354 0.0786064
307 0.088011 0.0162989 0.0717121 0.10431
308 0.0866425 0.0146719 0.0719706 0.101314
309 0.0758656 0.00142096 0.0744447 0.0772866
310 0.0758656 0.000997463 0.0748681 0.0768631
311 0.0762078 0.000872249 0.0753355 0.07708
312 0.0757801 0.0010614 0.0747187 0.0768415
313 0.0762933 0.000997476 0.0752958 0.0772908
314 0.0836489 0.00930515 0.0743438 0.092954
315 0.0760367 0.000829241 0.0752074 0.0768659
316 0.0780039 0.00342762 0.0745763 0.0814315
317 0.0833068 0.0141821 0.0691247 0.0974889
318 0.0801422 0.0058236 0.0743186 0.0859658
319 0.0886097 0.0221628 0.0664468 0.110772
320 0.0911756 0.0245242 0.0666514 0.1157
321 0.0861293 0.0206828 0.0654465 0.106812
322 0.0856161 0.0170191 0.068597 0.102635
323 0.0849319 0.0174315 0.0675004 0.102363
324 0.0860438 0.0215537 0.0644901 0.107597
325 0.0840765 0.0178339 0.0662426 0.10191
326 0.0839055 0.01733 0.0665755 0.101236
327 0.0750959 0.00182643 0.0732694 0.0769223
328 0.0766354 0.00128013 0.0753553 0.0779155
329 0.0800566 0.00423704 0.0758196 0.0842936
330 0.0799711 0.00375754 0.0762135 0.0837286
331 0.0777473 0.00273701 0.0750103 0.0804843
332 0.0762078 0.00125121 0.0749565 0.077459
333 0.0767209 0.00122764 0.0754933 0.0779485
334 0.0774907 0.00317038 0.0743204 0.0806611
335 0.0785171 0.0047897 0.0737274 0.0833068
336 0.0813396 0.00744363 0.0738959 0.0887832
337 0.081254 0.00515317 0.0761009 0.0864072
338 0.0771486 0.000209533 0.0769391 0.0773582
339 0.0828791 0.0061582 0.0767209 0.0890373
340 0.0781749 0.00136311 0.0768118 0.0795381
341 0.0847608 0.0077894 0.0769714 0.0925502
342 0.0792868 0.00103344 0.0782534 0.0803203
343 0.0807408 0.00483377 0.0759071 0.0855746
344 0.0795434 0.00314259 0.0764009 0.082686
345 0.0782605 0.00173184 0.0765286 0.0799923
346 0.0861293 0.0134547 0.0726746 0.099584
347 0.0786026 0.00149126 0.0771113 0.0800939
348 0.078346 0.00130837 0.0770376 0.0796544
349 0.0795434 0.00304804 0.0764954 0.0825915
350 0.104946 0.0540277 0.0509183 0.158974
351 0.0775762 0.00110202 0.0764742 0.0786783
352 0.0795434 0.00196908 0.0775744 0.0815125
353 0.0801421 0.00440797 0.0757342 0.0845501
354 0.0789447 0.00147149 0.0774732 0.0804162
355 0.0779184 0.00106144 0.0768569 0.0789798
356 0.0786881 0.00129715 0.077391 0.0799853
357 0.0780039 0.0016138 0.0763901 0.0796177
358 0.082537 0.00503108 0.0775059 0.0875681
359 0.0799711 0.00321163 0.0767595 0.0831827
360 0.078346 0.00156315 0.0767829 0.0799092
361 0.0780039 0.000921204 0.0770827 0.0789251
362 0.0803988 0.0046139 0.0757849 0.0850127
363 0.078346 0.00144139 0.0769046 0.0797873
364 0.0803988 0.00368876 0.07671 0.0840875
365 0.0778328 0.00123945 0.0765934 0.0790723
366 0.0821094 0.0092555 0.0728539 0.0913649
367 0.0795434 0.00311921 0.0764242 0.0826627
368 0.0774907 0.000829222 0.0766615 0.0783199
369 0.0776618 0.000880616 0.0767812 0.0785424
370 0.0779183 0.00133601 0.0765823 0.0792543
371 0.0779183 0.00106142 0.0768569 0.0789798
372 0.0773197 0.00112822 0.0761914 0.0784479
373 0.0800566 0.00475756 0.075299 0.0848142
374 0.0891229 0.0210978 0.0680251 0.110221
375 0.0815106 0.00394369 0.0775669 0.0854543
376 0.0789447 0.00276619 0.0761785 0.0817109
377 0.0798 0.00456291 0.0752371 0.0843629
378 0.0772341 0.00119742 0.0760367 0.0784316
379 0.0787737 0.00125122 0.0775224 0.0800249
380 0.0792013 0.00293059 0.0762707 0.0821319
381 0.0792013 0.00454519 0.0746561 0.0837465
382 0.0782605 0.00282381 0.0754366 0.0810843
383 0.076721 0.000997446 0.0757235 0.0777184
384 0.0778328 0.00140541 0.0764274 0.0792382
385 0.0767209 0.00099745 0.0757235 0.0777184
386 0.0763788 0.00144647 0.0749323 0.0778253
387 0.0836489 0.0144509 0.069198 0.0980998
388 0.0765499 0.00193153 0.0746183 0.0784814
389 0.0766354 0.00178184 0.0748535 0.0784172
390 0.0777473 0.00289289 0.0748544 0.0806402
391 0.0761222 0.000975207 0.075147 0.0770974
392 0.0781749 0.0044311 0.0737438 0.082606
393 0.0758656 0.0010683 0.0747973 0.0769339
394 0.0780894 0.00207045 0.076019 0.0801599
395 0.0776618 0.00314957 0.0745122 0.0808113
396 0.0763788 0.00136852 0.0750103 0.0777473
397 0.0782605 0.00534826 0.0729122 0.0836088
398 0.0786026 0.00508459 0.073518 0.0836872
399 0.0752669 0.000270471 0.0749964 0.0755374
400 0.0775762 0.00484288 0.0727333 0.0824191
401 0.0760367 0.00176119 0.0742755 0.0777979
402 0.0758656 0.00163627 0.0742294 0.0775019
403 0.0770631 0.00288026 0.0741828 0.0799433
404 0.0761222 0.000975197 0.075147 0.0770974
405 0.0763788 0.00119743 0.0751814 0.0775762
406 0.0863859 0.0203322 0.0660537 0.106718
407 0.100327 0.0297784 0.0705489 0.130106
408 0.0854451 0.0178212 0.0676239 0.103266
409 0.0854451 0.0182431 0.0672019 0.103688
410 0.0857016 0.0179137 0.0677879 0.103615
411 0.0863004 0.0178232 0.0684772 0.104124
412 0.0854451 0.0178211 0.0676239 0.103266
413 0.0875833 0.0178601 0.0697232 0.105443
414 0.0883531 0.0179667 0.0703864 0.10632
415 0.0798 0.00451449 0.0752856 0.0843145
416 0.0786881 0.00360851 0.0750796 0.0822967
417 0.0778328 0.00292563 0.0749072 0.0807585
418 0.081254 0.00583867 0.0754153 0.0870927
419 0.0863003 0.0201613 0.066139 0.106462
420 0.0851885 0.0179358 0.0672527 0.103124
421 0.0846753 0.0175619 0.0671133 0.102237
422 0.0851029 0.0172954 0.0678075 0.102398
423 0.0844187 0.0174629 0.0669557 0.101882
424 0.0845042 0.0174314 0.0670728 0.101936
425 0.0858727 0.0169113 0.0689614 0.102784
426 0.0843331 0.0179663 0.0663668 0.102299
427 0.0862148 0.0169398 0.069275 0.103155
428 0.0752669 0.00123944 0.0740275 0.0765063
429 0.0755235 0.00144646 0.074077 0.07697
430 0.0806553 0.0065116 0.0741437 0.0871669
431 0.075438 0.00113473 0.0743032 0.0765727
432 0.076721 0.0038688 0.0728522 0.0805898
433 0.0756945 0.00114752 0.074547 0.0768421
434 0.08382 0.0114304 0.0723896 0.0952504
435 0.077063 0.00167609 0.0753869 0.0787391
436 0.0789447 0.00493264 0.0740121 0.0838774
437 0.0762077 0.00266933 0.0735384 0.0788771
438 0.0768065 0.00479734 0.0720091 0.0816038
439 0.076721 0.00408937 0.0726316 0.0808103
440 0.0755235 0.00152043 0.0740031 0.0770439
441 0.0762932 0.00273968 0.0735536 0.0790329
442 0.0749248 0.00298007 0.0719447 0.0779049
443 0.0737274 0.000997431 0.0727299 0.0747248
444 0.0762077 0.00471893 0.0714888 0.0809267
445 0.0758656 0.00268571 0.0731799 0.0785513
446 0.0747537 0.00213656 0.0726172 0.0768903
447 0.0755235 0.0029331 0.0725904 0.0784566
448 0.0805699 0.0114962 0.0690737 0.092066
449 0.0768919 0.00463288 0.0722591 0.0815248
450 0.0744116 0.00108188 0.0733297 0.0754935
451 0.0782605 0.00477746 0.073483 0.083038
452 0.0757801 0.00343618 0.0723439 0.0792163
453 0.0770631 0.0048111 0.072252 0.0818742
454 0.0751814 0.00136313 0.0738182 0.0765445
455 0.076892 0.00295543 0.0739366 0.0798475
456 0.0747537 0.00130834 0.0734454 0.0760621
457 0.0748392 0.00132505 0.0735142 0.0761643
458 0.0751814 0.00237955 0.0728018 0.0775609
459 0.0744971 0.00106142 0.0734357 0.0755585
460 0.0737274 0.000997431 0.0727299 0.0747248
461 0.0745827 0.00161381 0.0729689 0.0761965
462 0.0760367 0.00381933 0.0722174 0.079856
463 0.0821094 0.0152042 0.0669051 0.0973136
464 0.075609 0.00169772 0.0739113 0.0773068
465 0.0748393 0.0010819 0.0737574 0.0759212
466 0.0747538 0.00149131 0.0732625 0.0762451
467 0.0760367 0.00289291 0.0731438 0.0789296
468 0.0750959 0.00149619 0.0735997 0.0765921
469 0.0751813 0.000628563 0.0745528 0.0758099
470 0.078175 0.00332803 0.074847 0.081503
471 0.0776617 0.00526275 0.072399 0.0829245
472 0.0773197 0.00449667 0.072823 0.0818163
473 0.0846753 0.0123384 0.0723369 0.0970136
474 0.0806553 0.0104214 0.0702339 0.0910767
475 0.0758656 0.00190485 0.0739608 0.0777705
476 0.0797145 0.00758095 0.0721336 0.0872955
477 0.0771486 0.00353273 0.0736159 0.0806813
478 0.0752669 0.00108193 0.074185 0.0763489
479 0.0750958 0.00139495 0.0737009 0.0764908
480 0.0757801 0.000990096 0.07479 0.0767702
481 0.0770631 0.00318191 0.0738811 0.080245
482 0.0789447 0.00783242 0.0711123 0.0867771
483 0.0749249 0.000684221 0.0742406 0.0756091
484 0.0856161 0.0217799 0.0638362 0.107396
485 0.0850174 0.0176023 0.0674151 0.10262
486 0.0849318 0.0171629 0.0677689 0.102095
487 0.0921164 0.018965 0.0731514 0.111081
488 0.0866425 0.0181611 0.0684814 0.104804
489 0.0863859 0.0235434 0.0628424 0.109929
490 0.0833923 0.0177813 0.065611 0.101174
491 0.0859582 0.0170268 0.0689314 0.102985
492 0.0902347 0.0194965 0.0707383 0.109731
493 0.0762932 0.00147152 0.0748217 0.0777648
494 0.079629 0.00552583 0.0741032 0.0851548
495 0.0780039 0.00385933 0.0741445 0.0818632
496 0.075438 0.00290804 0.0725299 0.078346
497 0.0811686 0.0137659 0.0674026 0.0949345
498 0.0803987 0.0111584 0.0692403 0.0915572
499 0.0750958 0.00144644 0.0736494 0.0765423
500 0.0763788 0.00289546 0.0734834 0.0792743
501 0.0748392 0.00129714 0.0735421 0.0761364
502 0.0745827 0.000838034 0.0737447 0.0754207
503 0.0774052 0.00347426 0.073931 0.0808795
504 0.0738985 0.000320032 0.0735784 0.0742185
505 0.0821094 0.0134721 0.0686373 0.0955814
506 0.083991 0.0122329 0.0717581 0.096224
507 0.0765499 0.00196907 0.0745808 0.0785189
508 0.0779184 0.00425423 0.0736641 0.0821726
509 0.0811685 0.0122324 0.0689362 0.0934009
510 0.0766354 0.00233296 0.0743025 0.0789684
511 0.0755235 0.000342133 0.0751814 0.0758656
512 0.0789447 0.00465808 0.0742866 0.0836028
513 0.0760367 0.00116018 0.0748765 0.0771969
514 0.0772341 0.00242818 0.074806 0.0796623
515 0.0775763 0.00300696 0.0745693 0.0805832
516 0.078346 0.0065886 0.0717574 0.0849346
517 0.0770631 0.00197647 0.0750866 0.0790395
518 0.0793723 0.00198019 0.0773922 0.0813525
519 0.0787737 0.00474986 0.0740238 0.0835236
520 0.0763788 0.00106829 0.0753105 0.0774471
521 0.0756945 0.00129713 0.0743974 0.0769917
522 0.0790303 0.00717335 0.0718569 0.0862036
523 0.0763788 0.00119743 0.0751814 0.0775762
524 0.0759512 0.00139497 0.0745562 0.0773461
525 0.078175 0.00482619 0.0733488 0.0830012
526 0.106315 0.0439802 0.0623344 0.150295
527 0.0789447 0.00429874 0.074646 0.0832435
528 0.0865569 0.020457 0.0660999 0.107014
529 0.0946824 0.0221219 0.0725605 0.116804
530 0.0844187 0.0159684 0.0684503 0.100387
531 0.0863003 0.0158875 0.0704129 0.102188
532 0.096564 0.0219988 0.0745652 0.118563
533 0.0878399 0.0162746 0.0715652 0.104115
534 0.0855305 0.0173524 0.0681782 0.102883
535 0.0851885 0.0166826 0.0685059 0.101871
536 0.0853595 0.0165731 0.0687864 0.101933
537 0.0887807 0.0244752 0.0643055 0.113256
538 0.0848464 0.0172543 0.067592 0.102101
539 0.0874978 0.0162747 0.0712231 0.103772
540 0.088182 0.0167549 0.0714271 0.104937
541 0.0884386 0.0160137 0.072425 0.104452
542 0.0847608 0.0170663 0.0676945 0.101827
543 0.085274 0.0189458 0.0663282 0.10422
544 0.0910045 0.0177307 0.0732739 0.108735
545 0.0875833 0.0116504 0.0759329 0.0992337
546 0.0772341 0.00184634 0.0753878 0.0790805
547 0.076892 0.00326142 0.0736306 0.0801534
548 0.0790302 0.00486395 0.0741663 0.0838942
549 0.0759511 0.000960046 0.0749911 0.0769112
550 0.0779184 0.00509892 0.0728195 0.0830173
551 0.0764643 0.00146651 0.0749978 0.0779308
552 0.0814251 0.00723528 0.0741899 0.0886604
553 0.0817672 0.0134351 0.0683321 0.0952024
554 0.0742405 0.000209533 0.074031 0.0744501
555 0.0780039 0.00634657 0.0716573 0.0843504
556 0.0763788 0.00305523 0.0733236 0.0794341
557 0.0808264 0.0095089 0.0713175 0.0903353
558 0.0762077 0.0030288 0.0731789 0.0792365
559 0.0745827 0.000209508 0.0743732 0.0747922
560 0.0750103 0.00103348 0.0739768 0.0760438
561 0.0760367 0.00304085 0.0729958 0.0790775
562 0.0750103 0.00106828 0.073942 0.0760786
563 0.0745827 0.000838017 0.0737447 0.0754207
564 0.0762933 0.00419536 0.0720979 0.0804886
565 0.0831358 0.0127254 0.0704104 0.0958612
566 0.0798855 0.0107354 0.0691502 0.0906209
567 0.0749248 0.00190102 0.0730238 0.0768258
568 0.076892 0.00438135 0.0725106 0.0812733
569 0.0982746 0.0236881 0.0745865 0.121963
570 0.0747537 0.000952403 0.0738013 0.0757061
571 0.0768064 0.00491783 0.0718886 0.0817243
572 0.0739839 0.000270471 0.0737135 0.0742544
573 0.0740695 0.000418984 0.0736505 0.0744885
574 0.0740695 0.000418998 0.0736505 0.0744885
575 0.0745827 0.000745661 0.073837 0.0753283
576 0.0751814 0.00136313 0.0738183 0.0765445
577 0.0762077 0.00383842 0.0723693 0.0800461
578 0.0747537 0.000913255 0.0738405 0.075667
579 0.0766354 0.00296782 0.0736676 0.0796032
580 0.0749248 0.00125121 0.0736736 0.076176
581 0.0751814 0.00178184 0.0733995 0.0769632
582 0.0768064 0.00418661 0.0726198 0.080993
583 0.0772341 0.00387822 0.0733559 0.0811123
584 0.0754379 0.00149619 0.0739418 0.0769341
585 0.0747538 0.000171074 0.0745827 0.0749248
586 0.0755235 0.00178591 0.0737376 0.0773094
587 0.0762933 0.00356369 0.0727296 0.079857
588 0.0799711 0.00653068 0.0734404 0.0865018
589 0.0765498 0.00407507 0.0724748 0.0806249
590 0.0777473 0.00460119 0.0731462 0.0823485
591 0.0762933 0.00292059 0.0733727 0.0792139
592 0.075609 0.00136313 0.0742459 0.0769722
593 0.0760367 0.00106143 0.0749753 0.0770981
594 0.0803132 0.00639709 0.0739161 0.0867103
595 0.0750959 0.000580095 0.0745158 0.075676
596 0.0750103 0.000580129 0.0744302 0.0755904
597 0.0748393 0.000270471 0.0745688 0.0751097
598 0.0750958 0.000209486 0.0748864 0.0753053
599 0.0757801 0.00190101 0.0738791 0.0776811
600 0.0798856 0.00862714 0.0712585 0.0885127
601 0.0765499 0.00166728 0.0748826 0.0782172
602 0.0839055 0.0141976 0.0697079 0.0981031
603 0.0830502 0.016 0.0670502 0.0990502
604 0.0794579 0.00486397 0.0745939 0.0843219
605 0.0790303 0.00454521 0.0744851 0.0835755
606 0.0833068 0.0137765 0.0695302 0.0970833
607 0.0769775 0.0017736 0.0752039 0.0787511
608 0.0837344 0.0122622 0.0714722 0.0959967
609 0.0780039 0.00326361 0.0747403 0.0812675
610 0.0798856 0.00695064 0.0729349 0.0868362
611 0.076892 0.00130838 0.0755836 0.0782004
612 0.0778328 0.00135238 0.0764804 0.0791852
613 0.0767209 0.000960079 0.0757609 0.077681
614 0.0761222 0.000855315 0.0752669 0.0769775
615 0.0818528 0.0123401 0.0695126 0.0941929
616 0.0803132 0.0105671 0.0697461 0.0908803
617 0.0750959 0.00122759 0.0738683 0.0763235
618 0.0883531 0.0244632 0.0638899 0.112816
619 0.0757801 0.000171072 0.075609 0.0759512
620 0.0765498 0.00132503 0.0752248 0.0778749
621 0.0760367 0.000735789 0.0753009 0.0767725
622 0.0807408 0.00450478 0.0762361 0.0852456
623 0.0764643 0.000952423 0.0755119 0.0774167
624 0.0840766 0.012349 0.0717275 0.0964256
625 0.0822804 0.0104495 0.0718309 0.0927298
626 0.0804843 0.00478815 0.0756962 0.0852725
627 0.0835634 0.011323 0.0722403 0.0948864
628 0.0786882 0.00129714 0.077391 0.0799853
629 0.0782605 0.00104754 0.0772129 0.079308
630 0.0784315 0.00110196 0.0773296 0.0795335
631 0.0785171 0.00110199 0.0774151 0.079619
632 0.0792013 0.00310043 0.0761009 0.0823018
633 0.0801421 0.00287006 0.0772721 0.0830122
634 0.0780039 0.00088059 0.0771233 0.0788845
635 0.0778328 0.00153 0.0763028 0.0793628
636 0.0775763 0.000436139 0.0771401 0.0780124
637 0.0772341 0.000209479 0.0770246 0.0774436
638 0.0790303 0.00306477 0.0759655 0.082095
639 0.0798856 0.00329484 0.0765907 0.0831804
640 0.0866425 0.017197 0.0694455 0.103839
641 0.0847609 0.0138586 0.0709022 0.0986195
642 0.0782605 0.00171059 0.0765499 0.0799711
643 0.0804843 0.00486401 0.0756203 0.0853483
644 0.0780039 0.00099748 0.0770064 0.0790014
645 0.0811685 0.00438967 0.0767788 0.0855582
646 0.0784315 0.00161378 0.0768178 0.0800453
647 0.0902348 0.0132006 0.0770342 0.103435
648 0.0782605 0.00129714 0.0769633 0.0795576
649 0.0780039 0.00144644 0.0765574 0.0794503
650 0.0787737 0.00153953 0.0772341 0.0803132
651 0.0843332 0.0126122 0.0717209 0.0969454
652 0.0796289 0.00275034 0.0768786 0.0823793
653 0.0850174 0.0152533 0.0697641 0.100271
654 0.0787737 0.00304083 0.0757329 0.0818145
655 0.078346 0.00156314 0.0767829 0.0799091
656 0.0773196 0.000952465 0.0763672 0.0782721
657 0.0774907 0.000829237 0.0766615 0.0783199
658 0.0874978 0.0195781 0.0679196 0.107076
659 0.0776617 0.00122763 0.0764341 0.0788894
660 0.0809119 0.00461708 0.0762948 0.085529
661 0.0827081 0.0110682 0.0716399 0.0937763
662 0.0815106 0.00512897 0.0763817 0.0866396
663 0.0773196 0.00091319 0.0764064 0.0782328
664 0.0853595 0.0111177 0.0742418 0.0964772
665 0.0773196 0.00112823 0.0761914 0.0784479
666 0.0801421 0.00449014 0.075652 0.0846323
667 0.0784315 0.00313793 0.0752936 0.0815695
668 0.0774907 0.00102639 0.0764643 0.0785171
669 0.0815962 0.00523347 0.0763627 0.0868296
670 0.0876688 0.0203412 0.0673276 0.10801
671 0.0873267 0.019454 0.0678727 0.106781
672 0.0868135 0.0177566 0.0690569 0.10457
673 0.0858727 0.0180069 0.0678658 0.10388
674 0.0975904 0.0263254 0.071265 0.123916
675 0.0976759 0.0261108 0.0715651 0.123787
676 0.0930572 0.0218172 0.07124 0.114874
677 0.0933138 0.0219439 0.0713699 0.115258
678 0.0843331 0.0170706 0.0672625 0.101404
679 0.0921164 0.0205088 0.0716076 0.112625
680 0.0850174 0.0170062 0.0680112 0.102024
681 0.102038 0.03857 0.063468 0.140608
682 0.0927151 0.0307546 0.0619605 0.12347
683 0.100841 0.0211822 0.0796583 0.122023
684 0.0905769 0.0224872 0.0680897 0.113064
685 0.0847608 0.0170962 0.0676646 0.101857
686 0.0842476 0.0171082 0.0671394 0.101356
687 0.0844187 0.0168097 0.067609 0.101228
688 0.0840766 0.0169786 0.0670979 0.101055
689 0.083991 0.0172374 0.0667537 0.101228
690 0.0858727 0.0166387 0.069234 0.102511
691 0.077063 0.00169776 0.0753653 0.0787608
692 0.0858727 0.0203616 0.0655111 0.106234
693 0.086728 0.0191221 0.0676059 0.10585
694 0.0845897 0.0184326 0.0661572 0.103022
695 0.0929717 0.0212274 0.0717443 0.114199
696 0.088011 0.0172114 0.0707995 0.105222
697 0.0846753 0.0186075 0.0660677 0.103283
698 0.0849318 0.0189032 0.0660286 0.103835
699 0.0853595 0.0184964 0.0668631 0.103856
700 0.0856161 0.0181829 0.0674333 0.103799
701 0.0765499 0.00193155 0.0746183 0.0784814
702 0.0787736 0.00493122 0.0738424 0.0837048
703 0.0770631 0.0019765 0.0750866 0.0790396
704 0.0820238 0.00460913 0.0774147 0.086633
705 0.0774052 0.00309571 0.0743095 0.0805009
706 0.0809975 0.00959547 0.071402 0.0905929
707 0.082537 0.0122222 0.0703148 0.0947592
708 0.0770631 0.00138972 0.0756733 0.0784528
709 0.0780039 0.00263068 0.0753732 0.0806345
710 0.0755235 0.000960054 0.0745635 0.0764836
711 0.0775763 0.00617128 0.071405 0.0837475
712 0.0767209 0.00421277 0.0725082 0.0809337
713 0.0745827 0.000997479 0.0735852 0.0755801
714 0.082366 0.0123372 0.0700288 0.0947031
715 0.0897216 0.0179683 0.0717532 0.10769
716 0.0805698 0.0123668 0.068203 0.0929365
717 0.0807408 0.0118897 0.0688512 0.0926305
718 0.0840765 0.0119455 0.072131 0.0960221
719 0.0845042 0.0122896 0.0722145 0.0967938
720 0.0821949 0.0156111 0.0665837 0.097806
721 0.0842476 0.0110132 0.0732344 0.0952608
722 0.0808264 0.0107408 0.0700856 0.0915672
723 0.0824515 0.00962894 0.0728225 0.0920804
724 0.0815107 0.0100861 0.0714246 0.0915968
725 0.0803132 0.0105567 0.0697565 0.0908699
726 0.0809119 0.0128308 0.0680812 0.0937427
727 0.089465 0.0148892 0.0745758 0.104354
728 0.0899782 0.0132521 0.0767261 0.10323
729 0.0835634 0.0115723 0.0719911 0.0951357
730 0.081083 0.0108344 0.0702486 0.0919174
731 0.0799711 0.0103028 0.0696683 0.0902739
732 0.0789447 0.0112094 0.0677353 0.0901541
733 0.0792013 0.0106739 0.0685274 0.0898752
734 0.0813396 0.0157859 0.0655537 0.0971255
735 0.0803132 0.0104941 0.0698191 0.0908073
736 0.0847608 0.0101107 0.0746501 0.0948715
737 0.0790303 0.0107388 0.0682915 0.089769
738 0.0795434 0.0107646 0.0687788 0.090308
739 0.0857872 0.0125605 0.0732267 0.0983477
740 0.0828791 0.0114605 0.0714186 0.0943395
741 0.0788592 0.0112485 0.0676107 0.0901077
742 0.0821949 0.0120729 0.070122 0.0942678
743 0.0786881 0.0117678 0.0669203 0.090456
744 0.0806554 0.0114515 0.0692039 0.0921068
745 0.0827081 0.0115501 0.0711579 0.0942582
746 0.0848463 0.0138301 0.0710162 0.0986764
747 0.0786026 0.0107353 0.0678673 0.089338
748 0.0794579 0.0122354 0.0672225 0.0916933
749 0.0750103 0.001702 0.0733083 0.0767123
750 0.0898926 0.0239278 0.0659649 0.11382
751 0.0780894 0.00599691 0.0720925 0.0840863
752 0.0837344 0.0125308 0.0712036 0.0962652
753 0.0798 0.0108916 0.0689084 0.0906917
754 0.0761222 0.00274501 0.0733772 0.0788672
755 0.0766354 0.00474985 0.0718856 0.0813853
756 0.0809119 0.0147137 0.0661982 0.0956256
757 0.0764644 0.00376138 0.072703 0.0802257
758 0.0815962 0.0139795 0.0676167 0.0955757
759 0.0751814 0.0016541 0.0735273 0.0768355
760 0.0757801 0.00258579 0.0731943 0.0783659
761 0.0833068 0.0165616 0.0667452 0.0998684
762 0.0757801 0.00153957 0.0742405 0.0773197
763 0.0746682 0.00122762 0.0734406 0.0758958
764 0.0790302 0.00474213 0.0742881 0.0837724
765 0.0751814 0.00133602 0.0738454 0.0765174
766 0.0746682 0.00103348 0.0736347 0.0757017
767 0.0748392 0.00143119 0.073408 0.0762704
768 0.0795434 0.00674556 0.0727979 0.086289
769 0.0755235 0.00250243 0.0730211 0.0780259
770 0.0766354 0.00326137 0.0733741 0.0798968
771 0.0845042 0.0193545 0.0651497 0.103859
772 0.085274 0.0178605 0.0674135 0.103135
773 0.0833068 0.0157139 0.0675929 0.0990207
774 0.078175 0.00501938 0.0731556 0.0831943
775 0.0748393 0.00173182 0.0731075 0.0765711
776 0.0762933 0.00461865 0.0716746 0.0809119
777 0.0805698 0.0131717 0.0673981 0.0937415
778 0.0777472 0.00501212 0.0727351 0.0827594
779 0.0774052 0.0046139 0.0727912 0.0820191
780 0.0772341 0.00546726 0.0717669 0.0827014
781 0.0743261 0.00112822 0.0731978 0.0754543
782 0.0745826 0.00103346 0.0735492 0.0756161
783 0.0755235 0.00188557 0.0736379 0.0774091
784 0.0764644 0.002829 0.0736354 0.0792934
785 0.0911756 0.0339573 0.0572183 0.125133
786 0.082537 0.0168931 0.0656439 0.09943
787 0.0821949 0.0147708 0.0674241 0.0969657
788 0.074155 0.000209533 0.0739455 0.0743645
789 0.0743261 0.000171072 0.074155 0.0744971
790 0.0747537 0.00102635 0.0737274 0.0757801
791 0.0766354 0.00509896 0.0715365 0.0817344
792 0.0748393 0.00132506 0.0735142 0.0761643
793 0.0781749 0.00514181 0.0730331 0.0833167
794 0.0807408 0.013301 0.0674398 0.0940419
795 0.0806554 0.0039714 0.076684 0.0846268
796 0.076892 0.00136313 0.0755289 0.0782551
797 0.0786881 0.00476983 0.0739183 0.0834579
798 0.0763788 0.00122762 0.0751512 0.0776064
799 0.0768065 0.00144647 0.07536 0.0782529
