# ../output/graphs/perf_parallel76QUADRUPED_thread4
# step - mean (0.337964) - standard deviation (0.349749) r=2 - ylow - yhigh
0 7.27224 6.97117 0.301068 14.2434
1 0.335494 0.0164646 0.319029 0.351958
2 0.321809 0.0104775 0.311331 0.332286
3 0.341908 0.0109051 0.331003 0.352814
4 0.837986 0.515108 0.322878 1.35309
5 0.33806 0.0168923 0.321167 0.354952
6 0.331217 0.0117604 0.319457 0.342978
7 0.337204 0.014754 0.32245 0.351958
8 0.332714 0.0102637 0.32245 0.342978
9 0.323519 0.00577332 0.317746 0.329293
10 0.283534 0.0667138 0.21682 0.350248
11 0.341053 0.0220242 0.319029 0.363077
12 0.33528 0.00641483 0.328865 0.341695
13 0.326085 0.00705628 0.319029 0.333142
14 0.328437 0.00342128 0.325016 0.331859
15 0.328865 0.0124019 0.316463 0.341267
16 0.474695 0.151817 0.322878 0.626512
17 0.329079 0.00449038 0.324589 0.333569
18 0.272415 0.0624373 0.209978 0.334852
19 0.324375 0.00919455 0.31518 0.333569
20 0.315822 0.00876683 0.307055 0.324589
21 0.269849 0.0637203 0.206129 0.333569
22 0.31796 0.00192446 0.316035 0.319884
23 0.324802 0.00620104 0.318601 0.331003
24 0.331217 0.00491802 0.326299 0.336135
25 0.332286 0.00427651 0.32801 0.336563
26 0.323519 0.00406271 0.319457 0.327582
27 0.328865 0.00855309 0.320312 0.337418
28 0.334852 0.00598718 0.328865 0.340839
29 0.333569 0.00427653 0.329293 0.337846
30 0.331431 0.00171055 0.32972 0.333142
31 0.338487 0.00406265 0.334425 0.34255
32 0.275195 0.0613682 0.213826 0.336563
33 0.335708 0.000855371 0.334852 0.336563
34 0.330148 0.00427651 0.325872 0.334425
35 0.337204 0.00406273 0.333142 0.341267
36 0.333783 0.00833918 0.325444 0.342122
37 0.330148 0.00213826 0.32801 0.332286
38 0.338273 0.00299357 0.33528 0.341267
39 0.330576 0.00555947 0.325016 0.336135
40 0.33528 0.00555953 0.32972 0.340839
41 0.338701 0.00427657 0.334425 0.342978
42 0.324589 0.000855297 0.323733 0.325444
43 0.331217 0.00064151 0.330576 0.331859
44 0.325658 0.0010691 0.324589 0.326727
45 0.336349 0.000641435 0.335708 0.33699
46 0.324802 0.00235216 0.32245 0.327155
47 0.316677 0.0019244 0.314753 0.318601
48 0.317318 0.00427647 0.313042 0.321595
49 0.322023 0.00171061 0.320312 0.323733
50 0.316891 0.000427648 0.316463 0.317318
51 0.325658 0.00149675 0.324161 0.327154
52 0.327582 0 0.327582 0.327582
53 0.321381 0.00277977 0.318601 0.324161
54 0.317318 0.00513183 0.312187 0.32245
55 0.318815 0.00149676 0.317318 0.320312
56 0.32074 0.000427648 0.320312 0.321167
57 0.320954 0.00449038 0.316463 0.325444
58 0.264717 0.0508907 0.213826 0.315608
59 0.325016 0.000427708 0.324589 0.325444
60 0.320098 0.00577334 0.314325 0.325872
61 0.321809 0.000213847 0.321595 0.322023
62 0.311545 0.00064151 0.310904 0.312187
63 0.318815 0.00320747 0.315608 0.322023
64 0.326085 0.00876693 0.317318 0.334852
65 0.326727 0.00213826 0.324589 0.328865
66 0.321595 0.00256591 0.319029 0.324161
67 0.326299 0 0.326299 0.326299
68 0.323306 0.00171059 0.321595 0.325016
69 0.324375 0.00149676 0.322878 0.325872
70 0.322023 0 0.322023 0.322023
71 0.329293 0.00299357 0.326299 0.332286
72 0.336563 0.00256597 0.333997 0.339129
73 0.343833 0.0012829 0.34255 0.345116
74 0.338273 0.00727008 0.331003 0.345544
75 0.343191 0.00149675 0.341695 0.344688
76 0.274981 0.0611544 0.213826 0.336135
77 0.339129 0.00299363 0.336135 0.342122
78 0.341908 0.00149682 0.340412 0.343405
79 0.27883 0.0688522 0.209978 0.347682
80 0.33806 0.000213847 0.337846 0.338273
81 0.346399 0.0111189 0.33528 0.357518
82 0.343191 0.00235206 0.340839 0.345544
83 0.335921 0.00064145 0.33528 0.336563
84 0.333569 0.000427589 0.333142 0.333997
85 0.216606 0.00320742 0.213399 0.219814
86 0.331431 0.00213827 0.329293 0.333569
87 0.340412 0.00299357 0.337418 0.343405
88 0.342122 0.0106913 0.331431 0.352814
89 0.347896 0.00662868 0.341267 0.354524
90 0.356662 0.0119743 0.344688 0.368637
91 0.354952 0.0136849 0.341267 0.368637
92 0.340412 0.00769779 0.332714 0.34811
93 0.344474 0.00106916 0.343405 0.345544
94 0.347468 0.000213861 0.347254 0.347682
95 0.351531 0.00213826 0.349392 0.353669
96 0.348965 0.000427648 0.348537 0.349392
97 0.347254 0.00128296 0.345971 0.348537
98 0.353669 0.00598712 0.347682 0.359656
99 0.34533 0.00235206 0.342978 0.347682
100 0.343619 0.00320742 0.340412 0.346826
101 0.341481 0.00662863 0.334852 0.348109
102 0.354952 0.0132573 0.341695 0.368209
103 0.343405 0.00256585 0.340839 0.345971
104 0.335066 0.0019244 0.333142 0.33699
105 0.33977 0.00876689 0.331003 0.348537
106 0.341053 0.00449032 0.336563 0.345544
107 0.279257 0.0675691 0.211688 0.346826
108 0.340412 0.0012829 0.339129 0.341695
109 0.342978 0.00598718 0.33699 0.348965
110 0.362222 0.0183891 0.343833 0.380611
111 0.353669 0.00727013 0.346399 0.360939
112 0.340839 0.00342122 0.337418 0.344261
113 0.342122 0.00727014 0.334852 0.349392
114 0.354738 0.00235212 0.352386 0.35709
115 0.346613 0.000213787 0.346399 0.346826
116 0.356021 0.0130434 0.342978 0.369064
117 0.333142 0.000427663 0.332714 0.333569
118 0.330789 0.00192446 0.328865 0.332714
119 0.343405 0.0166784 0.326727 0.360084
120 0.336563 0.00812544 0.328437 0.344688
121 0.359656 0.0372058 0.32245 0.396862
122 0.34255 0.00940834 0.333142 0.351958
123 0.334211 0.0130434 0.321167 0.347254
124 0.337204 0.00277977 0.334425 0.339984
125 0.367568 0.0489662 0.318601 0.416534
126 0.329507 0.00449032 0.325016 0.333997
127 0.324161 0.00128296 0.322878 0.325444
128 0.33528 0.0119742 0.323306 0.347254
129 0.332072 0.00662857 0.325444 0.338701
130 0.271346 0.0626511 0.208695 0.333997
131 0.336777 0.00620098 0.330576 0.342978
132 0.332072 0.00149676 0.330576 0.333569
133 0.370561 0.0416961 0.328865 0.412257
134 0.334211 0.000641495 0.333569 0.334852
135 0.330362 0.0044903 0.325872 0.334852
136 0.327154 0.00555946 0.321595 0.332714
137 0.335708 0.00598718 0.32972 0.341695
138 0.333142 0.00940838 0.323733 0.34255
139 0.332714 0.00513183 0.327582 0.337846
140 0.334852 0.00641479 0.328437 0.341267
141 0.336563 0.00470418 0.331859 0.341267
142 0.334425 0.00513183 0.329293 0.339556
143 0.337418 0.00128296 0.336135 0.338701
144 0.343833 0.0119743 0.331859 0.355807
145 0.280968 0.0568779 0.22409 0.337846
146 0.3325 0.00192447 0.330576 0.334425
147 0.332286 0.00128296 0.331003 0.333569
148 0.342978 0.00727013 0.335707 0.350248
149 0.333997 0.00128296 0.332714 0.33528
150 0.328651 0.00534561 0.323306 0.333997
151 0.334211 0.00277975 0.331431 0.33699
152 0.337204 0.000213802 0.33699 0.337418
153 0.33079 0.00406271 0.326727 0.334852
154 0.3325 0.00320743 0.329293 0.335708
155 0.264076 0.0528151 0.211261 0.316891
156 0.335921 0.00277971 0.333142 0.338701
157 0.327796 0.000213861 0.327582 0.32801
158 0.331003 0.00812544 0.322878 0.339129
159 0.326299 0.00256591 0.323733 0.328865
160 0.349606 0.0143264 0.33528 0.363933
161 0.339129 0.00641473 0.332714 0.345544
162 0.336135 0.00940834 0.326727 0.345544
163 0.3325 0.00791158 0.324589 0.340412
164 0.276905 0.0647894 0.212116 0.341695
165 0.334211 0.00620097 0.32801 0.340412
166 0.331003 0.000427663 0.330576 0.331431
167 0.338701 0.00598712 0.332714 0.344688
168 0.332072 0.00235212 0.32972 0.334425
169 0.326727 0.00342122 0.323306 0.330148
170 0.335708 0.00213826 0.333569 0.337846
171 0.333569 0.00513183 0.328437 0.338701
172 0.333997 0.00299361 0.331003 0.336991
173 0.327368 0.00192446 0.325444 0.329293
174 0.328224 0.0023521 0.325872 0.330576
175 0.322664 0.00406273 0.318601 0.326727
176 0.324375 0.00235212 0.322023 0.326727
177 0.320312 0.00427657 0.316035 0.324589
178 0.320953 0.00449032 0.316463 0.325444
179 0.319243 0.00449038 0.314752 0.323733
180 0.316891 0.00128296 0.315608 0.318174
181 0.321167 0.000855356 0.320312 0.322023
182 0.319029 0.00171061 0.317318 0.32074
183 0.326727 0.00213832 0.324589 0.328865
184 0.258089 0.057947 0.200142 0.316036
185 0.330362 0.00064151 0.32972 0.331003
186 0.316677 0.00106916 0.315608 0.317746
187 0.31347 0.000427723 0.313042 0.313897
188 0.322023 0.00598712 0.316035 0.32801
189 0.326727 0.00256586 0.324161 0.329293
190 0.323306 0.00128296 0.322023 0.324589
191 0.324802 0.00406273 0.32074 0.328865
192 0.331645 0.00449044 0.327154 0.336135
193 0.32801 0.00342122 0.324589 0.331431
194 0.288024 0.0810403 0.206984 0.369065
195 0.33079 0.00534561 0.325444 0.336135
196 0.326513 0.000213861 0.326299 0.326727
197 0.325444 0.00342128 0.322023 0.328865
198 0.350034 0.0044903 0.345544 0.354524
199 0.332072 0.00149676 0.330576 0.333569
200 0.336349 0.00320742 0.333142 0.339556
201 0.336777 0.00149681 0.33528 0.338273
202 0.33528 0.00384891 0.331431 0.339129
203 0.325658 0.0164646 0.309193 0.342122
204 0.339343 0.00192446 0.337418 0.341267
205 0.34255 0.00171055 0.340839 0.34426
206 0.334425 0.00342122 0.331003 0.337846
207 0.330576 0.00171067 0.328865 0.332286
208 0.332286 0.00427645 0.32801 0.336563
209 0.334852 0.00171067 0.333142 0.336563
210 0.274339 0.0609405 0.213399 0.33528
211 0.353241 0.0136849 0.339556 0.366926
212 0.339129 0.00128295 0.337846 0.340412
213 0.334638 0.00449036 0.330148 0.339129
214 0.280113 0.0594438 0.220669 0.339556
215 0.325016 0.000427648 0.324589 0.325444
216 0.340412 0.00342122 0.33699 0.343833
217 0.333355 0.00491802 0.328437 0.338273
218 0.333997 0.00641483 0.327582 0.340412
219 0.340412 0.00470422 0.335707 0.345116
220 0.336349 0.0019244 0.334425 0.338273
221 0.335494 0.00491802 0.330576 0.340412
222 0.271773 0.0643617 0.207412 0.336135
223 0.335921 0.0023521 0.333569 0.338273
224 0.344688 0.00898068 0.335708 0.353669
225 0.342764 0.00235212 0.340412 0.345116
226 0.348109 0.000427648 0.347682 0.348537
227 0.338487 0.00064145 0.337846 0.339129
228 0.328651 0.000213861 0.328437 0.328865
229 0.339556 0.00213826 0.337418 0.341695
230 0.340198 0.00705634 0.333142 0.347254
231 0.333569 0.00513183 0.328437 0.338701
232 0.336135 0.00128302 0.334852 0.337418
233 0.331217 0.00363512 0.327582 0.334852
234 0.339129 0.00940834 0.32972 0.348537
235 0.339129 0.00213827 0.33699 0.341267
236 0.333355 0.00106916 0.332286 0.334425
237 0.335066 0.00320742 0.331859 0.338273
238 0.32972 0.00171065 0.32801 0.331431
239 0.34255 0.00299363 0.339556 0.345544
240 0.335494 0.00705628 0.328437 0.34255
241 0.336563 0.00171061 0.334852 0.338273
242 0.332928 0.00064151 0.332286 0.333569
243 0.33806 0.0044903 0.333569 0.34255
244 0.328224 0.00106905 0.327155 0.329293
245 0.318388 0.00363506 0.314753 0.322023
246 0.332714 0.00427657 0.328437 0.336991
247 0.330362 0.00705628 0.323306 0.337418
248 0.276905 0.0540981 0.222807 0.331003
249 0.331859 0.00342122 0.328437 0.33528
250 0.329934 0.00064151 0.329293 0.330576
251 0.328651 0.00149682 0.327154 0.330148
252 0.314753 0.00940834 0.305344 0.324161
253 0.322023 0.000427648 0.321595 0.32245
254 0.316035 0.001283 0.314752 0.317318
255 0.322878 0.00598712 0.316891 0.328865
256 0.324161 0.000855237 0.323306 0.325016
257 0.329934 0.00064151 0.329293 0.330576
258 0.323519 0.00449032 0.319029 0.32801
259 0.335921 0.00149681 0.334425 0.337418
260 0.324161 0.00256591 0.321595 0.326727
261 0.335066 0.000213861 0.334852 0.33528
262 0.331003 0.0021382 0.328865 0.333142
263 0.327368 0.0010691 0.326299 0.328437
264 0.326941 0.00449038 0.32245 0.331431
265 0.325444 5.96046e-008 0.325444 0.325444
266 0.32245 0.000855297 0.321595 0.323306
267 0.327796 0.00320742 0.324589 0.331003
268 0.326941 0.00449036 0.32245 0.331431
269 0.324589 0.00427657 0.320312 0.328865
270 0.321381 0.00320742 0.318174 0.324589
271 0.319671 0.00192447 0.317746 0.321595
272 0.315608 0.00256598 0.313042 0.318174
273 0.319457 0.00128295 0.318174 0.32074
274 0.325872 0.00555941 0.320312 0.331431
275 0.321809 0.00192447 0.319884 0.323733
276 0.321167 0.00555947 0.315608 0.326727
277 0.324802 0.000213787 0.324589 0.325016
278 0.319243 0.00106916 0.318174 0.320312
279 0.325872 0.00171061 0.324161 0.327582
280 0.319029 0.00171061 0.317318 0.32074
281 0.324375 0.00748393 0.316891 0.331859
282 0.34704 0.0215964 0.325444 0.368637
283 0.335066 0.00149681 0.333569 0.336563
284 0.330148 0.000855312 0.329293 0.331003
285 0.329293 0.00427653 0.325016 0.333569
286 0.331645 0.00748393 0.324161 0.339129
287 0.338915 0.000213847 0.338701 0.339129
288 0.340626 0.00491802 0.335708 0.345544
289 0.339343 0.00876695 0.330576 0.34811
290 0.338487 0.002352 0.336135 0.340839
291 0.333997 0.00171067 0.332286 0.335708
292 0.330789 0.00577328 0.325016 0.336563
293 0.331431 0.00513189 0.326299 0.336563
294 0.330576 0.00256591 0.32801 0.333142
295 0.324589 0.000855297 0.323733 0.325444
296 0.327796 0.00106916 0.326727 0.328865
297 0.331003 0.0021382 0.328865 0.333142
298 0.342336 0.00577332 0.336563 0.34811
299 0.329934 0.000213861 0.32972 0.330148
300 0.276691 0.0590161 0.217675 0.335708
301 0.338273 0.00256591 0.335708 0.340839
302 0.320954 0.00106916 0.319884 0.322023
303 0.323519 0.0019244 0.321595 0.325444
304 0.325016 0.00555952 0.319457 0.330576
305 0.329293 0.00171061 0.327582 0.331003
306 0.323519 0.000213802 0.323306 0.323733
307 0.328224 0.00449036 0.323733 0.332714
308 0.325658 0.00149681 0.324161 0.327155
309 0.31796 0.00064145 0.317318 0.318601
310 0.32245 0.000427648 0.322023 0.322878
311 0.318388 0.00064151 0.317746 0.319029
312 0.32074 0.00555953 0.31518 0.326299
313 0.32245 0.00128296 0.321167 0.323733
314 0.318601 0.000855312 0.317746 0.319457
315 0.322878 0.00384887 0.319029 0.326727
316 0.327154 0.00128295 0.325872 0.328437
317 0.321595 0.00213826 0.319457 0.323733
318 0.328865 0.00299355 0.325872 0.331859
319 0.322237 0.00363502 0.318601 0.325872
320 0.333783 0.00577332 0.32801 0.339556
321 0.326085 0.00876689 0.317318 0.334852
322 0.332072 0.00406265 0.32801 0.336135
323 0.3325 0.00106911 0.331431 0.333569
324 0.276691 0.0594438 0.217248 0.336135
325 0.331217 0.000213802 0.331003 0.331431
326 0.271132 0.0508907 0.220241 0.322023
327 0.344474 0.00149681 0.342978 0.345971
328 0.337632 0.00064151 0.33699 0.338273
329 0.341481 0.00192447 0.339556 0.343405
330 0.33528 0.00299349 0.332286 0.338273
331 0.332073 0.00064151 0.331431 0.332714
332 0.341053 0.0100498 0.331003 0.351103
333 0.339984 0.000427648 0.339556 0.340412
334 0.342978 0.00299355 0.339984 0.345971
335 0.340412 0.00384887 0.336563 0.344261
336 0.340626 0.000213861 0.340412 0.340839
337 0.345971 0.00342122 0.34255 0.349392
338 0.340412 0.000427648 0.339984 0.340839
339 0.336349 0.00320736 0.333142 0.339556
340 0.344474 0.00192441 0.34255 0.346399
341 0.259158 0.0470419 0.212116 0.3062
342 0.346185 0.00449044 0.341695 0.350675
343 0.341481 0.00064151 0.340839 0.342122
344 0.344474 0.00620098 0.338273 0.350675
345 0.341053 0.00748393 0.333569 0.348537
346 0.336777 0.00149675 0.33528 0.338273
347 0.334211 0.00320736 0.331003 0.337418
348 0.341053 0.00320742 0.337846 0.344261
349 0.337632 0.00363508 0.333997 0.341267
350 0.339343 0.00064145 0.338701 0.339984
351 0.33977 0.00320742 0.336563 0.342978
352 0.343191 0.00106916 0.342122 0.344261
353 0.342336 0.000213847 0.342122 0.34255
354 0.347682 0.00555947 0.342122 0.353241
355 0.345543 0.000427589 0.345116 0.345971
356 0.335066 0.00235212 0.332714 0.337418
357 0.334638 0.00449032 0.330148 0.339129
358 0.338915 0.0010691 0.337846 0.339984
359 0.338915 0.00320742 0.335708 0.342122
360 0.333997 0.00342128 0.330576 0.337418
361 0.339343 0.00320742 0.336135 0.34255
362 0.341908 0.000641495 0.341267 0.34255
363 0.334638 0.00235204 0.332286 0.33699
364 0.341481 0.00919454 0.332286 0.350675
365 0.341908 0.00620091 0.335708 0.348109
366 0.3325 0.00192441 0.330576 0.334425
367 0.334852 0.00213832 0.332714 0.336991
368 0.358587 0.0310048 0.327582 0.389592
369 0.338273 0.00256597 0.335707 0.340839
370 0.341695 0.00427651 0.337418 0.345971
371 0.332072 0.00491796 0.327155 0.33699
372 0.331859 0.000855297 0.331003 0.332714
373 0.26322 0.0575194 0.205701 0.32074
374 0.330789 0.00235206 0.328437 0.333142
375 0.333783 0.00064145 0.333142 0.334425
376 0.33079 0.00363502 0.327155 0.334425
377 0.323519 0.00064145 0.322878 0.324161
378 0.323306 0.00641483 0.316891 0.32972
379 0.33699 0.00555946 0.331431 0.34255
380 0.333355 0.000213861 0.333142 0.333569
381 0.330576 0.00384887 0.326727 0.334425
382 0.327368 0.00106916 0.326299 0.328437
383 0.327368 0.00449032 0.322878 0.331859
384 0.326299 0.00470416 0.321595 0.331003
385 0.331217 0.00149681 0.32972 0.332714
386 0.334638 0.00320742 0.331431 0.337846
387 0.33977 0.00534567 0.334425 0.345116
388 0.335066 0.00748393 0.327582 0.34255
389 0.338273 0.00342122 0.334852 0.341695
390 0.330789 0.00192446 0.328865 0.332714
391 0.329079 0.00235206 0.326727 0.331431
392 0.316891 0.000427648 0.316463 0.317318
393 0.330789 0.00149676 0.329293 0.332286
394 0.323733 0.00213826 0.321595 0.325872
395 0.326085 0.00406267 0.322023 0.330148
396 0.273912 0.0588022 0.215109 0.332714
397 0.331003 0.00384887 0.327155 0.334852
398 0.332286 5.96046e-008 0.332286 0.332286
399 0.323947 0.00106916 0.322878 0.325016
400 0.334425 0.00171061 0.332714 0.336135
401 0.326299 0.00128296 0.325016 0.327582
402 0.329934 0.00320736 0.326727 0.333142
403 0.321381 0.00277977 0.318601 0.324161
404 0.330362 0.00192441 0.328437 0.332286
405 0.320954 0.00149676 0.319457 0.32245
406 0.263862 0.0560225 0.207839 0.319884
407 0.326941 0.00662868 0.320312 0.333569
408 0.330789 0.00577334 0.325016 0.336563
409 0.333142 0.00128296 0.331859 0.334425
410 0.325444 0.00256592 0.322878 0.32801
411 0.327796 0.0019244 0.325872 0.32972
412 0.278188 0.0617959 0.216392 0.339984
413 0.335921 0.00363506 0.332286 0.339556
414 0.26878 0.0592299 0.20955 0.32801
415 0.339129 0.00128295 0.337846 0.340412
416 0.346185 0.00449038 0.341695 0.350675
417 0.342122 0.00299351 0.339129 0.345116
418 0.279257 0.0654309 0.213826 0.344688
419 0.284389 0.061582 0.222807 0.345971
420 0.33528 0.00641471 0.328865 0.341695
421 0.334638 0.00277977 0.331859 0.337418
422 0.373769 0.0414823 0.332286 0.415251
423 0.336563 0.00384887 0.332714 0.340412
424 0.330148 0.000427589 0.32972 0.330576
425 0.328865 0.000855297 0.32801 0.32972
426 0.334638 0.00149681 0.333142 0.336135
427 0.331645 0.00064145 0.331003 0.332286
428 0.324161 0.00213826 0.322023 0.326299
429 0.326085 0.00064145 0.325444 0.326727
430 0.325444 0.00171059 0.323733 0.327154
431 0.324802 0.0010691 0.323733 0.325871
432 0.329293 0.00384893 0.325444 0.333142
433 0.341481 0.0151817 0.326299 0.356663
434 0.27049 0.0570916 0.213399 0.327582
435 0.274553 0.0534566 0.221097 0.32801
436 0.328865 0.00256597 0.326299 0.331431
437 0.332714 0.000855356 0.331859 0.333569
438 0.330576 0.00171061 0.328865 0.332286
439 0.32523 0.00491802 0.320312 0.330148
440 0.330148 0.000427589 0.32972 0.330576
441 0.328224 0.00277971 0.325444 0.331003
442 0.325016 0.000427708 0.324589 0.325444
443 0.323947 0.00149675 0.32245 0.325444
444 0.323092 0.00449038 0.318601 0.327582
445 0.331217 0.00577326 0.325444 0.33699
446 0.320312 0.00171055 0.318601 0.322023
447 0.324589 0.00213826 0.32245 0.326727
448 0.272415 0.0538842 0.218531 0.326299
449 0.332928 0.00449038 0.328437 0.337418
450 0.343192 0.0164647 0.326727 0.359656
451 0.337418 0.00128296 0.336135 0.338701
452 0.27605 0.056664 0.219386 0.332714
453 0.329934 0.00235212 0.327582 0.332286
454 0.33528 0.00812539 0.327154 0.343405
455 0.348109 0.00128296 0.346826 0.349392
456 0.363077 0.0149679 0.34811 0.378045
457 0.348751 0.00962225 0.339129 0.358373
458 0.344047 0.00363508 0.340412 0.347682
459 0.336135 0.0021382 0.333997 0.338273
460 0.337418 0.000427604 0.336991 0.337846
461 0.33806 0.00534563 0.332714 0.343405
462 0.341053 0.00705628 0.333997 0.34811
463 0.337204 0.00106916 0.336135 0.338273
464 0.339556 0.00384887 0.335708 0.343405
465 0.338487 0.00320742 0.33528 0.341695
466 0.339343 0.000213802 0.339129 0.339556
467 0.291445 0.0498216 0.241624 0.341267
468 0.332928 0.00064145 0.332286 0.333569
469 0.344902 0.00192446 0.342978 0.346826
470 0.341267 0 0.341267 0.341267
471 0.339129 0.00256585 0.336563 0.341695
472 0.342336 0.00449036 0.337846 0.346826
473 0.341695 0.00470412 0.336991 0.346399
474 0.344047 0.000641495 0.343405 0.344688
475 0.337418 0.000427663 0.33699 0.337846
476 0.343191 0.00406277 0.339129 0.347254
477 0.343833 0.00470418 0.339129 0.348537
478 0.333997 0.00171061 0.332286 0.335708
479 0.34255 0.00513183 0.337418 0.347682
480 0.338487 0.000641495 0.337846 0.339129
481 0.337418 0.00384891 0.333569 0.341267
482 0.336777 0.00064145 0.336135 0.337418
483 0.349179 0.00363506 0.345544 0.352814
484 0.34533 0.00235206 0.342978 0.347682
485 0.348537 0.0183891 0.330148 0.366926
486 0.349392 0.0021382 0.347254 0.351531
487 0.340839 0.000427604 0.340412 0.341267
488 0.272201 0.0583746 0.213826 0.330576
489 0.341053 0.00235206 0.338701 0.343405
490 0.339556 0.00513187 0.334425 0.344688
491 0.333997 0.00171061 0.332286 0.335707
492 0.337846 0.00727014 0.330576 0.345116
493 0.346399 0.00684243 0.339556 0.353241
494 0.34255 0.00171055 0.340839 0.34426
495 0.340412 0.00384893 0.336563 0.344261
496 0.337846 0 0.337846 0.337846
497 0.346399 0.000427648 0.345971 0.346826
498 0.332072 0.00192446 0.330148 0.333997
499 0.332286 0.0102636 0.322023 0.34255
500 0.333355 0.00406267 0.329293 0.337418
501 0.323947 0.000213787 0.323733 0.324161
502 0.323092 0.00149681 0.321595 0.324589
503 0.339343 0.0156092 0.323733 0.354952
504 0.3325 0.00064151 0.331859 0.333142
505 0.324588 0.000427589 0.324161 0.325016
506 0.323733 0.000855371 0.322878 0.324589
507 0.3325 0.00235204 0.330148 0.334852
508 0.327582 0.00342122 0.324161 0.331003
509 0.324802 0.00192447 0.322878 0.326727
510 0.382536 0.0635064 0.319029 0.446042
511 0.328865 0.00213826 0.326727 0.331003
512 0.342978 0.00513181 0.337846 0.348109
513 0.348323 0.00919455 0.339129 0.357518
514 0.33806 0.00491796 0.333142 0.342978
515 0.338273 0.00727008 0.331003 0.345544
516 0.335708 0.00342116 0.332286 0.339129
517 0.325016 0.001283 0.323733 0.326299
518 0.328865 0.00769779 0.321167 0.336563
519 0.320954 0.00106916 0.319884 0.322023
520 0.326941 0.00363506 0.323306 0.330576
521 0.325444 0.00470418 0.32074 0.330148
522 0.322664 0.00149681 0.321167 0.324161
523 0.324589 0.00128296 0.323306 0.325872
524 0.322023 0.00513187 0.316891 0.327155
525 0.332928 0.00064151 0.332286 0.333569
526 0.326727 0.00427657 0.32245 0.331003
527 0.329293 0.0055594 0.323733 0.334852
528 0.327582 0.000427604 0.327155 0.32801
529 0.328224 0.00149681 0.326727 0.32972
530 0.323306 0.000427604 0.322878 0.323733
531 0.324588 0.000427708 0.324161 0.325016
532 0.329934 0.00662863 0.323306 0.336563
533 0.331859 0.00384887 0.32801 0.335708
534 0.319884 0.00171061 0.318174 0.321595
535 0.3325 0.00620098 0.326299 0.338701
536 0.325658 0.00320742 0.32245 0.328865
537 0.329079 0.00064145 0.328437 0.32972
538 0.330148 0.00342122 0.326727 0.333569
539 0.324161 0.000427589 0.323733 0.324589
540 0.327796 0.00705628 0.32074 0.334852
541 0.327582 0.000427663 0.327154 0.32801
542 0.329079 0.00149675 0.327582 0.330576
543 0.330789 0.00449038 0.326299 0.33528
544 0.337204 0.00662869 0.330576 0.343833
545 0.337846 0.000427648 0.337418 0.338273
546 0.342978 0.00555953 0.337418 0.348537
547 0.339556 0.00128296 0.338273 0.340839
548 0.336777 0.00320742 0.333569 0.339984
549 0.339556 0.00384893 0.335707 0.343405
550 0.338701 0.00299355 0.335708 0.341695
551 0.338701 0.00470418 0.333997 0.343405
552 0.337418 0.00256592 0.334852 0.339984
553 0.336991 0.00598718 0.331003 0.342978
554 0.33977 0.00491796 0.334852 0.344688
555 0.336563 0.00213826 0.334425 0.338701
556 0.328651 0.00534567 0.323306 0.333997
557 0.322236 0.00106916 0.321167 0.323306
558 0.32523 0.00064151 0.324589 0.325872
559 0.333355 0.00406267 0.329293 0.337418
560 0.323306 0.00128296 0.322023 0.324589
561 0.321381 0.00235218 0.319029 0.323733
562 0.331003 0.000427663 0.330576 0.331431
563 0.269207 0.0566641 0.212543 0.325872
564 0.324802 0.00577332 0.319029 0.330576
565 0.325658 0.00534561 0.320312 0.331003
566 0.31967 0.000213787 0.319457 0.319884
567 0.271346 0.0528152 0.218531 0.324161
568 0.326513 0.00406265 0.32245 0.330576
569 0.329507 0.000213861 0.329293 0.32972
570 0.324589 0.000855297 0.323733 0.325444
571 0.326513 0.0010691 0.325444 0.327582
572 0.328437 0.000427648 0.32801 0.328865
573 0.326085 0.00064151 0.325444 0.326727
574 0.325444 0.00171059 0.323733 0.327155
575 0.324802 0.00192441 0.322878 0.326727
576 0.326513 0.000213802 0.326299 0.326727
577 0.327796 0.00235206 0.325444 0.330148
578 0.272201 0.0622235 0.209978 0.334425
579 0.328865 0.00128296 0.327582 0.330148
580 0.368637 0.0401994 0.328437 0.408836
581 0.326299 0.00342122 0.322878 0.32972
582 0.333569 0.000855371 0.332714 0.334425
583 0.335708 0.00427647 0.331431 0.339984
584 0.338273 0.00299357 0.33528 0.341267
585 0.340412 0.00256585 0.337846 0.342978
586 0.339556 0.00171061 0.337846 0.341267
587 0.342336 0.0104775 0.331859 0.352814
588 0.343833 0.000855237 0.342978 0.344688
589 0.276905 0.0579469 0.218958 0.334852
590 0.344047 0.00363508 0.340412 0.347682
591 0.340839 0.00812538 0.332714 0.348965
592 0.339556 0.00128302 0.338273 0.340839
593 0.33699 0 0.33699 0.33699
594 0.335066 0.00149681 0.333569 0.336563
595 0.333355 0.000213802 0.333142 0.333569
596 0.335066 0.000213802 0.334852 0.33528
597 0.338273 0.00470422 0.333569 0.342978
598 0.336135 0.00128296 0.334852 0.337418
599 0.341695 0.0012829 0.340412 0.342978
600 0.331003 0.00299355 0.32801 0.333997
601 0.275622 0.0558087 0.219814 0.331431
602 0.270277 0.0611544 0.209122 0.331431
603 0.337204 0.000213802 0.33699 0.337418
604 0.340839 0.00213826 0.338701 0.342978
605 0.336991 0.00342116 0.333569 0.340412
606 0.333997 0.00470418 0.329293 0.338701
607 0.336777 0.00577332 0.331003 0.34255
608 0.33977 0.00406271 0.335707 0.343833
609 0.341267 0.00598712 0.33528 0.347254
610 0.342336 0.00406267 0.338273 0.346399
611 0.341481 0.00192447 0.339556 0.343405
612 0.334852 0.00128295 0.333569 0.336135
613 0.331003 0.00299355 0.32801 0.333997
614 0.339556 0.00555947 0.333997 0.345116
615 0.333783 0.0023521 0.331431 0.336135
616 0.32801 0.00171055 0.326299 0.32972
617 0.331645 0.00449038 0.327154 0.336135
618 0.337418 0.00256598 0.334852 0.339984
619 0.337204 0.00106916 0.336135 0.338273
620 0.33079 0.00320742 0.327582 0.333997
621 0.328865 0.00983605 0.319029 0.338701
622 0.334425 0.00384893 0.330576 0.338273
623 0.328865 0.00128296 0.327582 0.330148
624 0.341695 0.00555947 0.336135 0.347254
625 0.342978 0.0111189 0.331859 0.354097
626 0.32972 0.000427663 0.329293 0.330148
627 0.324802 0.00320736 0.321595 0.32801
628 0.323947 0.00192447 0.322023 0.325872
629 0.324375 0.000213861 0.324161 0.324589
630 0.327582 0.00299355 0.324589 0.330576
631 0.315822 0.0113327 0.304489 0.327154
632 0.323092 0.00363506 0.319457 0.326727
633 0.333569 0.000427708 0.333142 0.333997
634 0.320954 0.00149681 0.319457 0.32245
635 0.317532 0.00192441 0.315608 0.319457
636 0.318388 0.00064151 0.317746 0.319029
637 0.31347 0.000855297 0.312614 0.314325
638 0.315822 0.00406271 0.311759 0.319884
639 0.323733 0.00384887 0.319884 0.327582
640 0.279257 0.0607267 0.218531 0.339984
641 0.358373 0.0205273 0.337846 0.3789
642 0.331217 0.00320742 0.32801 0.334425
643 0.32801 0.00299357 0.325016 0.331003
644 0.330362 0.000213787 0.330148 0.330576
645 0.373982 0.0438344 0.330148 0.417817
646 0.329293 0.00684248 0.32245 0.336135
647 0.329507 0.00577332 0.323733 0.33528
648 0.322023 5.96046e-008 0.322023 0.322023
649 0.333569 0.00641479 0.327155 0.339984
650 0.324802 0.003635 0.321167 0.328437
651 0.316249 0.00748388 0.308765 0.323733
652 0.260227 0.0549534 0.205273 0.31518
653 0.326085 0.00449036 0.321595 0.330576
654 0.322023 0.00427651 0.317746 0.326299
655 0.322023 0.00256591 0.319457 0.324589
656 0.319884 0.00598712 0.313897 0.325872
657 0.325016 0.000427589 0.324589 0.325444
658 0.321595 0.000427648 0.321167 0.322023
659 0.32523 0.00662863 0.318601 0.331859
660 0.326941 0.00149675 0.325444 0.328437
661 0.32074 0.000427648 0.320312 0.321167
662 0.321167 0.00898075 0.312187 0.330148
663 0.32245 0.00171067 0.32074 0.324161
664 0.26878 0.0592299 0.20955 0.32801
665 0.32972 0.000855356 0.328865 0.330576
666 0.329079 0.00192447 0.327154 0.331003
667 0.262579 0.0590161 0.203563 0.321595
668 0.279257 0.0543119 0.224945 0.333569
669 0.324802 0.00277977 0.322023 0.327582
670 0.326513 0.00662863 0.319884 0.333142
671 0.328437 0.00342122 0.325016 0.331859
672 0.329079 0.00320742 0.325872 0.332286
673 0.336991 0.0119743 0.325016 0.348965
674 0.331645 0.00235206 0.329293 0.333997
675 0.280968 0.0632926 0.217675 0.344261
676 0.327582 0.00384885 0.323733 0.331431
677 0.336777 0.00149681 0.33528 0.338273
678 0.329293 0.00171061 0.327582 0.331003
679 0.333355 0.00449044 0.328865 0.337846
680 0.328437 0.000855297 0.327582 0.329293
681 0.330362 0.0023521 0.32801 0.332714
682 0.342336 0.00235216 0.339984 0.344688
683 0.3325 0.00406267 0.328437 0.336563
684 0.330576 0.00256591 0.32801 0.333142
685 0.265359 0.0575194 0.207839 0.322878
686 0.262151 0.0590162 0.203135 0.321167
687 0.326513 0.00106916 0.325444 0.327582
688 0.323092 0.00534567 0.317746 0.328437
689 0.324588 0.00470422 0.319884 0.329293
690 0.322664 0.00064145 0.322023 0.323305
691 0.32074 0.00213826 0.318601 0.322878
692 0.32801 0.00555947 0.32245 0.333569
693 0.319884 0.00384893 0.316035 0.323733
694 0.318815 0.00277977 0.316035 0.321595
695 0.275409 0.0611544 0.214254 0.336563
696 0.319884 0.00598712 0.313897 0.325872
697 0.270704 0.059016 0.211688 0.32972
698 0.267069 0.056664 0.210405 0.323733
699 0.322236 0.00320742 0.319029 0.325444
700 0.318388 0.00577332 0.312614 0.324161
701 0.322237 0.00662863 0.315608 0.328865
702 0.326085 0.00491802 0.321167 0.331003
703 0.322878 0.00384881 0.319029 0.326727
704 0.271773 0.0626511 0.209122 0.334425
705 0.330576 0.00299357 0.327582 0.333569
706 0.340198 0.00406273 0.336135 0.344261
707 0.328224 0.000213787 0.32801 0.328437
708 0.335921 0.00534563 0.330576 0.341267
709 0.350248 0.0175337 0.332714 0.367781
710 0.337632 0.00449032 0.333142 0.342122
711 0.33977 0.00320742 0.336563 0.342978
712 0.337418 0.000855297 0.336563 0.338273
713 0.343191 0.00192441 0.341267 0.345116
714 0.34255 0.0012829 0.341267 0.343833
715 0.335921 0.000213847 0.335707 0.336135
716 0.337418 0.00555953 0.331859 0.342978
717 0.343405 0.00256591 0.340839 0.345971
718 0.33806 0.0010691 0.336991 0.339129
719 0.339129 0.00299357 0.336135 0.342122
720 0.342978 0.000427663 0.34255 0.343405
721 0.342764 0.00320742 0.339556 0.345971
722 0.2861 0.0611544 0.224945 0.347254
723 0.297646 0.0337846 0.263862 0.331431
724 0.344047 0.0010691 0.342978 0.345116
725 0.277547 0.0598714 0.217675 0.337418
726 0.338915 0.00363506 0.33528 0.34255
727 0.343619 0.000213787 0.343405 0.343833
728 0.337204 0.00662863 0.330576 0.343833
729 0.333997 0.00128296 0.332714 0.33528
730 0.33806 0.00363494 0.334425 0.341695
731 0.345544 0.00299357 0.34255 0.348537
732 0.334211 0.00320742 0.331003 0.337418
733 0.335066 0.00149675 0.333569 0.336563
734 0.336135 5.96046e-008 0.336135 0.336135
735 0.341908 0.000641495 0.341267 0.34255
736 0.342978 0.000427663 0.34255 0.343405
737 0.330148 0.000427648 0.32972 0.330576
738 0.341695 0 0.341695 0.341695
739 0.342122 0.00684248 0.33528 0.348965
740 0.344688 0.000427648 0.344261 0.345116
741 0.340412 0.00256591 0.337846 0.342978
742 0.343833 0.00171067 0.342122 0.345544
743 0.33528 0.00256592 0.332714 0.337846
744 0.282679 0.0543119 0.228367 0.33699
745 0.338273 0.00256585 0.335708 0.340839
746 0.332286 0.00299357 0.329293 0.33528
747 0.3325 0.00106916 0.331431 0.333569
748 0.339343 0.00064145 0.338701 0.339984
749 0.335921 0.00149681 0.334425 0.337418
750 0.333783 0.00106916 0.332714 0.334852
751 0.337846 0.00727014 0.330576 0.345116
752 0.331003 0 0.331003 0.331003
753 0.330362 0.00064145 0.32972 0.331003
754 0.341267 0.00983603 0.331431 0.351103
755 0.341053 0.00876689 0.332286 0.34982
756 0.329934 0.00277971 0.327155 0.332714
757 0.318815 0.00149676 0.317318 0.320312
758 0.325658 0.00192446 0.323733 0.327582
759 0.330148 0.00256597 0.327582 0.332714
760 0.329293 0.00641479 0.322878 0.335708
761 0.323947 0.00064151 0.323306 0.324589
762 0.321167 0.00513181 0.316035 0.326299
763 0.267711 0.0624373 0.205273 0.330148
764 0.316249 0.00235204 0.313897 0.318601
765 0.338701 0.0162508 0.32245 0.354952
766 0.322878 0.00128295 0.321595 0.324161
767 0.323947 0.000213847 0.323733 0.324161
768 0.327368 0.00064151 0.326727 0.32801
769 0.331859 0.00256592 0.329293 0.334425
770 0.328224 0.00277977 0.325444 0.331003
771 0.330362 0.00363506 0.326727 0.333997
772 0.270918 0.0639341 0.206984 0.334852
773 0.330576 0.00769779 0.322878 0.338273
774 0.268138 0.0611544 0.206984 0.329293
775 0.321595 0.00213832 0.319457 0.323733
776 0.326727 0.00256591 0.324161 0.329293
777 0.272201 0.0673553 0.204846 0.339556
778 0.326085 0.00149681 0.324589 0.327582
779 0.334425 0.00427651 0.330148 0.338701
780 0.32972 0.00470418 0.325016 0.334425
781 0.329507 0.00320736 0.326299 0.332714
782 0.322236 0.00277969 0.319457 0.325016
783 0.329293 0.00384887 0.325444 0.333142
784 0.321809 0.000213847 0.321595 0.322023
785 0.333142 0.00342128 0.32972 0.336563
786 0.320953 0.000213802 0.32074 0.321167
787 0.336349 0.00491807 0.331431 0.341267
788 0.328651 0.00791159 0.32074 0.336563
789 0.326299 0.00299355 0.323306 0.329293
790 0.266855 0.0611544 0.205701 0.32801
791 0.321809 0.0023521 0.319457 0.324161
792 0.333997 0.00128296 0.332714 0.33528
793 0.336349 0.00192446 0.334425 0.338273
794 0.332928 0.00662857 0.326299 0.339556
795 0.321381 0.00320742 0.318174 0.324589
796 0.322664 0.00064145 0.322023 0.323305
797 0.416748 0.0861721 0.330576 0.50292
798 0.336563 0.00384887 0.332714 0.340412
799 0.33806 0.00235204 0.335708 0.340412
