# ../output/graphs/perf_parallel54BIPED_thread2
# step - mean (0.100892) - standard deviation (0.0183343) r=20 - ylow - yhigh
0 0.109372 0.0274481 0.0819241 0.13682
1 0.103877 0.0169406 0.0869363 0.120818
2 0.0999425 0.0123229 0.0876196 0.112265
3 0.107426 0.0173057 0.0901207 0.124732
4 0.102637 0.0136098 0.0890269 0.116247
5 0.0975048 0.00200588 0.095499 0.0995107
6 0.10779 0.0314415 0.0763484 0.139231
7 0.101717 0.0139084 0.0878088 0.115626
8 0.1033 0.0164012 0.0868984 0.119701
9 0.104433 0.0173738 0.0870591 0.121807
10 0.10655 0.0178533 0.0886964 0.124403
11 0.104027 0.0154049 0.0886216 0.119431
12 0.104775 0.0149238 0.0898512 0.119699
13 0.101268 0.011804 0.0894642 0.113072
14 0.100413 0.011172 0.0892409 0.111585
15 0.0990016 0.0109629 0.0880388 0.109965
16 0.101396 0.0127042 0.0886923 0.114101
17 0.0994507 0.0116668 0.0877839 0.111117
18 0.102038 0.0119654 0.0900726 0.114003
19 0.103471 0.0154189 0.0880517 0.11889
20 0.102487 0.0152764 0.0872106 0.117763
21 0.105352 0.0184597 0.0868926 0.123812
22 0.103171 0.0155214 0.0876498 0.118693
23 0.101183 0.0155512 0.0856315 0.116734
24 0.103642 0.0167634 0.0868783 0.120405
25 0.0994934 0.0113946 0.0880989 0.110888
26 0.101268 0.0121363 0.0891319 0.113405
27 0.100242 0.011242 0.0889998 0.111484
28 0.099579 0.0112443 0.0883347 0.110823
29 0.0989161 0.0117438 0.0871723 0.11066
30 0.0988306 0.0114071 0.0874235 0.110238
31 0.102744 0.022896 0.0798476 0.12564
32 0.106935 0.0200566 0.086878 0.126991
33 0.109051 0.0212755 0.087776 0.130327
34 0.108667 0.0205718 0.0880948 0.129238
35 0.107704 0.0180068 0.0896976 0.125711
36 0.106015 0.0176921 0.0883231 0.123707
37 0.10516 0.0177499 0.08741 0.12291
38 0.103064 0.0151627 0.0879016 0.118227
39 0.100327 0.0112615 0.0890659 0.111589
40 0.101418 0.0150491 0.0863688 0.116467
41 0.100969 0.0132978 0.0876711 0.114267
42 0.105545 0.0170642 0.0884806 0.122609
43 0.106828 0.0173448 0.0894829 0.124172
44 0.10161 0.0127648 0.0888455 0.114375
45 0.101119 0.0120659 0.0890526 0.113184
46 0.0980394 0.00395406 0.0940854 0.101993
47 0.0983388 0.00638117 0.0919576 0.10472
48 0.0998783 0.0120234 0.0878549 0.111902
49 0.0973552 0.00336265 0.0939925 0.100718
50 0.0993651 0.00463619 0.094729 0.104001
51 0.098574 0.00599094 0.092583 0.104565
52 0.100178 0.00732756 0.0928501 0.107505
53 0.0959653 0.00971289 0.0862524 0.105678
54 0.0983174 0.0181003 0.080217 0.116418
55 0.0970344 0.013101 0.0839334 0.110135
56 0.0966282 0.011684 0.0849442 0.108312
57 0.0972696 0.0114524 0.0858173 0.108722
58 0.0964357 0.0113191 0.0851167 0.107755
59 0.0990017 0.0127233 0.0862784 0.111725
60 0.101033 0.019106 0.081927 0.120139
61 0.0973552 0.00646206 0.0908932 0.103817
62 0.0933352 0.00220925 0.091126 0.0955445
63 0.0954094 0.00383436 0.091575 0.0992437
64 0.0955804 0.00432437 0.0912561 0.0999048
65 0.0973766 0.0122775 0.085099 0.109654
66 0.0950459 0.00517419 0.0898717 0.10022
67 0.100498 0.0156102 0.0848882 0.116109
68 0.102295 0.0155348 0.0867598 0.117829
69 0.102936 0.0175234 0.0854127 0.120459
70 0.101461 0.0160953 0.0853654 0.117556
71 0.100926 0.0152751 0.085651 0.116201
72 0.0993224 0.0154328 0.0838896 0.114755
73 0.105737 0.00972932 0.0960079 0.115467
74 0.101696 0.00199948 0.0996964 0.103695
75 0.102979 0.00408536 0.0988935 0.107064
76 0.102872 0.00382858 0.0990433 0.1067
77 0.110399 0.0176094 0.0927892 0.128008
78 0.101525 0.00200769 0.0995171 0.103532
79 0.117883 0.0382273 0.0796552 0.15611
80 0.107191 0.0181802 0.089011 0.125371
81 0.107255 0.0161292 0.0911262 0.123384
82 0.108111 0.016458 0.0916526 0.124569
83 0.108239 0.0160497 0.0921892 0.124289
84 0.107576 0.0160415 0.0915345 0.123618
85 0.139992 0.14175 -0.00175753 0.281742
86 0.103171 0.00342089 0.0997504 0.106592
87 0.101204 0.00167974 0.0995243 0.102884
88 0.102444 0.00398996 0.0984543 0.106434
89 0.102316 0.00416797 0.098148 0.106484
90 0.104796 0.0117145 0.0930819 0.116511
91 0.104155 0.0120386 0.0921163 0.116193
92 0.104818 0.0121222 0.0926955 0.11694
93 0.109928 0.0165112 0.093417 0.126439
94 0.108474 0.0170479 0.0914263 0.125522
95 0.107341 0.0167283 0.0906126 0.124069
96 0.10794 0.0130881 0.0948514 0.121028
97 0.102209 0.0124358 0.0897732 0.114645
98 0.101097 0.0121918 0.0889054 0.113289
99 0.0983816 0.00319587 0.0951857 0.101577
100 0.0979325 0.00354202 0.0943905 0.101475
101 0.106122 0.0187136 0.0874085 0.124836
102 0.101952 0.0141833 0.0877692 0.116136
103 0.0986381 0.00344328 0.0951949 0.102081
104 0.0987451 0.00310718 0.0956379 0.101852
105 0.0980822 0.00272249 0.0953597 0.100805
106 0.104027 0.0187792 0.0852474 0.122806
107 0.0986595 0.00329624 0.0953633 0.101956
108 0.0985954 0.00273321 0.0958622 0.101329
109 0.0992796 0.00540143 0.0938782 0.104681
110 0.103171 0.009116 0.0940553 0.112287
111 0.100349 0.00291392 0.0974348 0.103263
112 0.100734 0.00373426 0.0969994 0.104468
113 0.0999425 0.00416408 0.0957784 0.104107
114 0.101119 0.00625817 0.0948604 0.107377
115 0.0993651 0.00342997 0.0959352 0.102795
116 0.0996645 0.00316715 0.0964973 0.102832
117 0.103064 0.0141313 0.088933 0.117196
118 0.106806 0.0159285 0.0908778 0.122735
119 0.105138 0.0151097 0.0900288 0.120248
120 0.108923 0.0202872 0.088636 0.12921
121 0.111083 0.0225182 0.0885646 0.133601
122 0.113071 0.027102 0.0859694 0.140173
123 0.108688 0.0186681 0.0900199 0.127356
124 0.106571 0.0157267 0.0908444 0.122298
125 0.107448 0.0161655 0.0912822 0.123613
126 0.110313 0.0247154 0.0855976 0.135028
127 0.10578 0.0165172 0.0892627 0.122297
128 0.10779 0.015304 0.0924859 0.123094
129 0.109137 0.0195417 0.0895953 0.128679
130 0.105887 0.0181973 0.0876895 0.124084
131 0.108367 0.0199327 0.0884346 0.1283
132 0.110228 0.0193193 0.0909083 0.129547
133 0.111318 0.0205772 0.0907408 0.131895
134 0.115894 0.0308613 0.0850327 0.146755
135 0.111895 0.0207772 0.0911182 0.132673
136 0.11459 0.0267635 0.0878261 0.141353
137 0.111254 0.0208747 0.0903792 0.132129
138 0.109094 0.0174961 0.0915981 0.12659
139 0.106913 0.017789 0.0891242 0.124702
140 0.105865 0.0159346 0.0899309 0.1218
141 0.11089 0.0225394 0.088351 0.13343
142 0.104583 0.0115335 0.093049 0.116116
143 0.102957 0.0112976 0.0916599 0.114255
144 0.101204 0.00803631 0.0931677 0.10924
145 0.0998997 0.00256022 0.0973395 0.10246
146 0.104005 0.0130987 0.0909064 0.117104
147 0.10191 0.0118121 0.0900975 0.113722
148 0.106037 0.0162567 0.0897798 0.122293
149 0.104796 0.0157016 0.0890947 0.120498
150 0.105887 0.0163744 0.0895125 0.122261
151 0.112836 0.0425684 0.0702678 0.155405
152 0.107918 0.0187964 0.0891218 0.126715
153 0.107704 0.0187218 0.0889825 0.126426
154 0.11104 0.0204927 0.0905474 0.131533
155 0.110762 0.0214027 0.0893593 0.132165
156 0.113071 0.0226424 0.0904291 0.135714
157 0.108431 0.0178042 0.0906272 0.126236
158 0.105716 0.0152208 0.090495 0.120937
159 0.105481 0.016357 0.0891236 0.121838
160 0.10531 0.0183138 0.0869957 0.123623
161 0.102423 0.0116597 0.0907631 0.114083
162 0.105053 0.0156834 0.0893695 0.120736
163 0.101888 0.012092 0.0897964 0.11398
164 0.109543 0.0178272 0.0917161 0.12737
165 0.109757 0.0165039 0.0932532 0.126261
166 0.111489 0.0167267 0.0947624 0.128216
167 0.100584 0.0122174 0.0883666 0.112801
168 0.0998142 0.0119317 0.0878824 0.111746
169 0.104433 0.0191379 0.0852949 0.123571
170 0.106592 0.0205313 0.0860612 0.127124
171 0.107148 0.018439 0.0887094 0.125587
172 0.104754 0.0170373 0.0877163 0.121791
173 0.103556 0.0163038 0.0872524 0.11986
174 0.108303 0.0206419 0.0876612 0.128945
175 0.102295 0.00829205 0.0940025 0.110587
176 0.0980608 0.005558 0.0925028 0.103619
177 0.0980608 0.00382526 0.0942355 0.101886
178 0.103749 0.0289993 0.0747493 0.132748
179 0.0998783 0.00462472 0.0952536 0.104503
180 0.0986381 0.00420813 0.09443 0.102846
181 0.0980394 0.00408152 0.0939579 0.102121
182 0.100263 0.0121347 0.0881285 0.112398
183 0.103941 0.0131926 0.0907485 0.117134
184 0.100242 0.0123646 0.0878773 0.112606
185 0.100883 0.0120245 0.0888588 0.112908
186 0.106186 0.0214263 0.0847599 0.127612
187 0.108731 0.0235791 0.0851516 0.13231
188 0.105096 0.0202058 0.0848899 0.125302
189 0.109928 0.0233478 0.0865803 0.133276
190 0.111895 0.0224749 0.0894205 0.13437
191 0.111938 0.0223376 0.0896006 0.134276
192 0.110484 0.0214592 0.089025 0.131943
193 0.112066 0.0242847 0.0877817 0.136351
194 0.108346 0.021779 0.0865669 0.130125
195 0.107234 0.0178244 0.0894096 0.125058
196 0.103043 0.0163532 0.0866898 0.119396
197 0.103364 0.0121178 0.0912459 0.115482
198 0.10099 0.00604229 0.0949479 0.107033
199 0.0993865 0.00696877 0.0924178 0.106355
200 0.0974621 0.0034049 0.0940572 0.100867
201 0.0997928 0.00836527 0.0914275 0.108158
202 0.101461 0.00998719 0.0914735 0.111448
203 0.10995 0.0394598 0.0704897 0.149409
204 0.103 0.0152453 0.0877549 0.118245
205 0.107063 0.0178768 0.0891861 0.12494
206 0.104176 0.014976 0.0892002 0.119152
207 0.106571 0.0197368 0.0868343 0.126308
208 0.104219 0.020917 0.083302 0.125136
209 0.100541 0.0114039 0.0891373 0.111945
210 0.10129 0.0115595 0.0897301 0.112849
211 0.100135 0.0114873 0.0886476 0.111622
212 0.101354 0.0120284 0.0893254 0.113382
213 0.104048 0.0176694 0.0863785 0.121717
214 0.105459 0.0241423 0.0813169 0.129601
215 0.101888 0.0176952 0.0841932 0.119583
216 0.104027 0.0176781 0.0863485 0.121705
217 0.104091 0.0166929 0.0873978 0.120784
218 0.102594 0.0156143 0.0869797 0.118208
219 0.0998356 0.011036 0.0887996 0.110872
220 0.0972055 0.00436145 0.0928441 0.101567
221 0.0992368 0.00445348 0.0947833 0.10369
222 0.102851 0.0143525 0.088498 0.117203
223 0.0984885 0.00281441 0.095674 0.101303
224 0.100498 0.00959602 0.0909024 0.110094
225 0.103834 0.0107481 0.093086 0.114582
226 0.099579 0.00420163 0.0953773 0.103781
227 0.101931 0.0148225 0.0871086 0.116754
228 0.0996645 0.00636251 0.093302 0.106027
229 0.0999639 0.00559046 0.0943734 0.105554
230 0.107576 0.0178943 0.0896818 0.12547
231 0.099579 0.00434288 0.0952361 0.103922
232 0.0987237 0.00311416 0.0956095 0.101838
233 0.099023 0.00300113 0.0960219 0.102024
234 0.101482 0.0127883 0.0886938 0.11427
235 0.103856 0.0135379 0.0903176 0.117393
236 0.101803 0.0109953 0.0908074 0.112798
237 0.105374 0.015577 0.0897966 0.120951
238 0.107426 0.0180971 0.0893293 0.125524
239 0.105481 0.0148207 0.0906599 0.120301
240 0.1064 0.0196337 0.0867663 0.126034
241 0.106421 0.020276 0.0861454 0.126697
242 0.112387 0.0280622 0.084325 0.140449
243 0.103471 0.0160187 0.0874519 0.119489
244 0.108731 0.0144683 0.0942625 0.123199
245 0.108624 0.0169994 0.0916244 0.125623
246 0.10764 0.0134579 0.0941823 0.121098
247 0.10764 0.0123798 0.0952604 0.12002
248 0.11089 0.0231672 0.0877232 0.134058
249 0.111061 0.0303628 0.0806987 0.141424
250 0.107127 0.0162184 0.0909086 0.123345
251 0.105352 0.0122202 0.0931321 0.117572
252 0.108987 0.0176669 0.0913204 0.126654
253 0.107747 0.0161018 0.0916453 0.123849
254 0.109907 0.0195241 0.0903827 0.129431
255 0.114718 0.0215254 0.0931925 0.136243
256 0.112879 0.0184707 0.0944083 0.13135
257 0.109415 0.0193705 0.0900445 0.128785
258 0.109821 0.016653 0.0931683 0.126474
259 0.111724 0.0200869 0.0916374 0.131811
260 0.106293 0.0126447 0.0936484 0.118938
261 0.105609 0.0131057 0.0925032 0.118715
262 0.104796 0.0120796 0.0927168 0.116876
263 0.108089 0.0156861 0.0924032 0.123775
264 0.107576 0.0162156 0.0913605 0.123792
265 0.101332 0.0116314 0.0897009 0.112964
266 0.101033 0.0112822 0.0897508 0.112315
267 0.101161 0.0113304 0.0898309 0.112492
268 0.103535 0.0171733 0.0863615 0.120708
269 0.10161 0.011524 0.0900864 0.113134
270 0.100563 0.0111897 0.0893729 0.111752
271 0.103749 0.0132823 0.0904663 0.117031
272 0.10702 0.0213145 0.0857056 0.128335
273 0.103321 0.0124346 0.0908863 0.115756
274 0.108111 0.0385449 0.0695657 0.146656
275 0.104305 0.0159812 0.0883233 0.120286
276 0.105032 0.0163822 0.0886494 0.121414
277 0.107298 0.0164432 0.090855 0.123741
278 0.105074 0.0151241 0.0899502 0.120198
279 0.106528 0.0163372 0.0901911 0.122866
280 0.106764 0.014367 0.0923965 0.121131
281 0.100242 0.00290174 0.0973401 0.103144
282 0.100605 0.00403194 0.0965734 0.104637
283 0.09975 0.00307457 0.0966755 0.102825
284 0.0980394 0.000701062 0.0973384 0.0987405
285 0.107148 0.0190665 0.0880819 0.126215
286 0.109757 0.0208527 0.0889044 0.13061
287 0.113242 0.0295522 0.0836903 0.142795
288 0.116022 0.0231183 0.092904 0.13914
289 0.112558 0.0262161 0.0863422 0.138774
290 0.113948 0.0239541 0.089994 0.137902
291 0.108966 0.0176728 0.0912932 0.126639
292 0.103471 0.0121332 0.0913374 0.115604
293 0.105245 0.0171626 0.0880827 0.122408
294 0.100071 0.0159274 0.0841433 0.115998
295 0.101396 0.0155861 0.0858104 0.116983
296 0.099301 0.014915 0.084386 0.114216
297 0.106571 0.0228419 0.0837292 0.129413
298 0.106721 0.0210401 0.0856807 0.127761
299 0.120662 0.0484975 0.0721648 0.16916
300 0.10903 0.0222007 0.0868294 0.131231
301 0.108795 0.0216096 0.0871854 0.130404
302 0.105887 0.0200985 0.0857884 0.125985
303 0.105759 0.0204045 0.0853541 0.126163
304 0.107148 0.0260242 0.0811243 0.133173
305 0.107854 0.0217568 0.0860973 0.129611
306 0.107747 0.0223042 0.0854429 0.130051
307 0.110783 0.0208752 0.0899083 0.131659
308 0.112302 0.0234268 0.0888749 0.135728
309 0.105288 0.0205725 0.0847156 0.125861
310 0.103 0.0178559 0.0851443 0.120856
311 0.100498 0.0119735 0.0885249 0.112472
312 0.097847 0.00462893 0.0932181 0.102476
313 0.096564 0.00583962 0.0907244 0.102404
314 0.0968847 0.00670266 0.0901821 0.103587
315 0.0988306 0.00900806 0.0898225 0.107839
316 0.0942119 0.00148205 0.0927299 0.095694
317 0.0947251 0.00307345 0.0916517 0.0977986
318 0.0910045 0.00250314 0.0885014 0.0935077
319 0.0913894 0.00324031 0.0881491 0.0946297
320 0.0919667 0.00377566 0.0881911 0.0957424
321 0.0958798 0.017107 0.0787728 0.112987
322 0.0953238 0.0137688 0.0815551 0.109093
323 0.0988092 0.0122554 0.0865538 0.111065
324 0.10052 0.017077 0.0834429 0.117597
325 0.10856 0.0210479 0.0875118 0.129608
326 0.100135 0.0120771 0.0880578 0.112212
327 0.0962005 0.00367998 0.0925205 0.0998805
328 0.098745 0.00267036 0.0960747 0.101415
329 0.107555 0.0214516 0.0861031 0.129006
330 0.104689 0.0164963 0.0881931 0.121186
331 0.105459 0.0166243 0.0888349 0.122084
332 0.110848 0.0274491 0.0833986 0.138297
333 0.112815 0.0254741 0.0873407 0.138289
334 0.104604 0.0210149 0.083589 0.125619
335 0.0999425 0.0181725 0.08177 0.118115
336 0.0988519 0.0161301 0.0827218 0.114982
337 0.0978256 0.0162783 0.0815473 0.114104
338 0.0943189 0.0161115 0.0782074 0.11043
339 0.0982532 0.019036 0.0792172 0.117289
340 0.0960936 0.0193935 0.0767001 0.115487
341 0.0960295 0.0183629 0.0776665 0.114392
342 0.100605 0.0202551 0.0803503 0.12086
343 0.0987451 0.0204706 0.0782744 0.119216
344 0.0968848 0.0180465 0.0788383 0.114931
345 0.0975262 0.0194662 0.07806 0.116992
346 0.094105 0.0151177 0.0789874 0.109223
347 0.0886525 0.00311955 0.0855329 0.091772
348 0.0907693 0.007152 0.0836173 0.0979213
349 0.0890587 0.00348182 0.0855769 0.0925406
350 0.0928007 0.0115221 0.0812786 0.104323
351 0.0882034 0.00152329 0.0866801 0.0897267
352 0.089636 0.00259215 0.0870439 0.0922282
353 0.0933139 0.0151865 0.0781273 0.1085
354 0.0942975 0.014229 0.0800685 0.108526
355 0.0945113 0.014532 0.0799793 0.109043
356 0.100926 0.0163752 0.0845508 0.117301
357 0.0984029 0.0149885 0.0834144 0.113391
358 0.101311 0.0195227 0.0817883 0.120834
359 0.0989803 0.0126078 0.0863725 0.111588
360 0.0951742 0.0109812 0.084193 0.106155
361 0.0965427 0.01301 0.0835327 0.109553
362 0.100049 0.0247269 0.0753225 0.124776
363 0.0961364 0.0113579 0.0847785 0.107494
364 0.0984671 0.0182131 0.080254 0.11668
365 0.0998997 0.0187497 0.08115 0.118649
366 0.0987237 0.0163782 0.0823455 0.115102
367 0.101974 0.0190074 0.0829664 0.120981
368 0.101974 0.0180915 0.0838823 0.120065
369 0.0997714 0.0180367 0.0817348 0.117808
370 0.103128 0.0215705 0.081558 0.124699
371 0.100263 0.0182129 0.0820503 0.118476
372 0.101076 0.0179121 0.0831636 0.118988
373 0.0994079 0.0159082 0.0834997 0.115316
374 0.0983174 0.0151994 0.083118 0.113517
375 0.097569 0.0132257 0.0843433 0.110795
376 0.0992796 0.0155052 0.0837745 0.114785
377 0.0996217 0.0181173 0.0815044 0.117739
378 0.0950458 0.0111279 0.0839179 0.106174
379 0.103492 0.0207246 0.0827674 0.124217
380 0.106721 0.0238063 0.0829145 0.130527
381 0.0991299 0.0196909 0.079439 0.118821
382 0.0973552 0.0176995 0.0796557 0.115055
383 0.130862 0.15028 -0.0194185 0.281142
384 0.0994507 0.0214669 0.0779837 0.120918
385 0.0951314 0.0153231 0.0798082 0.110455
386 0.0954307 0.0149595 0.0804713 0.11039
387 0.0916032 0.0109754 0.0806278 0.102579
388 0.0915819 0.0109359 0.0806459 0.102518
389 0.0928862 0.0105489 0.0823373 0.103435
390 0.0939553 0.0108628 0.0830926 0.104818
391 0.0915819 0.0106856 0.0808963 0.102267
392 0.0914108 0.0107049 0.0807059 0.102116
393 0.0939767 0.0133896 0.0805871 0.107366
394 0.0947465 0.0164446 0.0783019 0.111191
395 0.0904913 0.00475713 0.0857342 0.0952485
396 0.0925441 0.0119624 0.0805817 0.104506
397 0.096393 0.0145869 0.0818061 0.11098
398 0.095388 0.0117387 0.0836493 0.107127
399 0.0913467 0.0106668 0.0806798 0.102013
400 0.0937629 0.0112757 0.0824873 0.105039
401 0.0916032 0.00404264 0.0875606 0.0956459
402 0.0899995 0.00273655 0.087263 0.0927361
403 0.092929 0.00922393 0.083705 0.102153
404 0.0944044 0.0144701 0.0799343 0.108875
405 0.0983388 0.0155383 0.0828005 0.113877
406 0.092651 0.0110574 0.0815936 0.103708
407 0.100263 0.0229544 0.0773088 0.123218
408 0.101054 0.0184997 0.0825547 0.119554
409 0.103791 0.021661 0.0821304 0.125452
410 0.106315 0.0245226 0.0817919 0.130837
411 0.105887 0.022503 0.0833838 0.12839
412 0.111617 0.0223957 0.0892217 0.134013
413 0.110698 0.0201752 0.0905228 0.130873
414 0.109223 0.0215943 0.0876282 0.130817
415 0.10531 0.0191156 0.0861939 0.124425
416 0.103535 0.0142518 0.089283 0.117787
417 0.100712 0.0117729 0.0889394 0.112485
418 0.100242 0.0121196 0.0881223 0.112361
419 0.111297 0.0429358 0.0683609 0.154232
420 0.100605 0.0122639 0.0883414 0.112869
421 0.102679 0.013601 0.0890784 0.116281
422 0.101097 0.0130818 0.0880153 0.114179
423 0.100477 0.0118039 0.0886731 0.112281
424 0.102872 0.0135657 0.0893062 0.116438
425 0.0998142 0.0116949 0.0881193 0.111509
426 0.0988306 0.00602202 0.0928086 0.104853
427 0.0976118 0.00322835 0.0943834 0.10084
428 0.101568 0.01497 0.0865976 0.116538
429 0.104775 0.0156342 0.0891407 0.120409
430 0.109586 0.017327 0.0922591 0.126913
431 0.109607 0.0180189 0.0915886 0.127626
432 0.10501 0.0151219 0.0898882 0.120132
433 0.108282 0.0207099 0.0875718 0.128992
434 0.109928 0.0212236 0.0887046 0.131152
435 0.10794 0.01891 0.0890296 0.12685
436 0.104027 0.0156686 0.088358 0.119695
437 0.104882 0.0158986 0.0889832 0.12078
438 0.0991941 0.00582531 0.0933688 0.105019
439 0.0984029 0.00271449 0.0956884 0.101117
440 0.101461 0.00636022 0.0951004 0.107821
441 0.101568 0.0136745 0.087893 0.115242
442 0.0981891 0.00254588 0.0956432 0.100735
443 0.101311 0.00754527 0.0937657 0.108856
444 0.0995362 0.00557078 0.0939654 0.105107
445 0.103022 0.0102431 0.0927785 0.113265
446 0.0991086 0.0111902 0.0879184 0.110299
447 0.101739 0.0169055 0.0848331 0.118644
448 0.102423 0.0149345 0.0874884 0.117357
449 0.101525 0.0156286 0.0858962 0.117153
450 0.101674 0.0160833 0.0855912 0.117758
451 0.101225 0.0154163 0.0858091 0.116642
452 0.102102 0.0132937 0.0888085 0.115396
453 0.0982747 0.0115653 0.0867094 0.10984
454 0.0993438 0.0120974 0.0872464 0.111441
455 0.0946182 0.011537 0.0830812 0.106155
456 0.100776 0.0257755 0.0750008 0.126552
457 0.0945113 0.012178 0.0823333 0.106689
458 0.0958798 0.0127585 0.0831212 0.108638
459 0.0969061 0.0170758 0.0798303 0.113982
460 0.0967564 0.0124724 0.084284 0.109229
461 0.0909832 0.00264617 0.088337 0.0936293
462 0.0926724 0.00346136 0.089211 0.0961337
463 0.0917529 0.00704458 0.0847083 0.0987975
464 0.0913894 0.00288182 0.0885076 0.0942712
465 0.0910473 0.0023614 0.0886859 0.0934087
466 0.0940622 0.011493 0.0825692 0.105555
467 0.0964571 0.0151841 0.0812731 0.111641
468 0.0954094 0.0156528 0.0797565 0.111062
469 0.098018 0.0161354 0.0818826 0.114153
470 0.0966709 0.0149541 0.0817169 0.111625
471 0.0950031 0.0151719 0.0798312 0.110175
472 0.0916674 0.00454657 0.0871208 0.096214
473 0.0913894 0.00435933 0.0870301 0.0957487
474 0.0950672 0.0172748 0.0777924 0.112342
475 0.0925655 0.00984853 0.0827169 0.102414
476 0.0939981 0.0126463 0.0813518 0.106644
477 0.0940622 0.0117737 0.0822886 0.105836
478 0.092202 0.0108226 0.0813794 0.103025
479 0.093378 0.0111832 0.0821949 0.104561
480 0.0971627 0.0168082 0.0803545 0.113971
481 0.10052 0.0202558 0.080264 0.120776
482 0.0983174 0.0170042 0.0813132 0.115322
483 0.094832 0.0146971 0.0801349 0.109529
484 0.0983174 0.016507 0.0818104 0.114824
485 0.0962433 0.0148805 0.0813628 0.111124
486 0.0987237 0.0182043 0.0805194 0.116928
487 0.0938912 0.0106883 0.0832029 0.104579
488 0.0935918 0.00719076 0.0864011 0.100783
489 0.0943402 0.00727312 0.0870671 0.101613
490 0.0947465 0.0131028 0.0816437 0.107849
491 0.0909404 0.00218175 0.0887586 0.0931221
492 0.0973124 0.00547575 0.0918366 0.102788
493 0.0957942 0.00433808 0.0914562 0.100132
494 0.0966709 0.00350435 0.0931666 0.100175
495 0.103898 0.0151159 0.0887824 0.119014
496 0.102081 0.00952054 0.0925602 0.111601
497 0.104583 0.0188946 0.0856879 0.123477
498 0.105908 0.0193983 0.0865099 0.125307
499 0.107662 0.0241701 0.0834915 0.131832
500 0.103556 0.0137597 0.0897964 0.117316
501 0.0966496 0.0113598 0.0852897 0.108009
502 0.0967565 0.0111016 0.0856549 0.107858
503 0.0998569 0.0161444 0.0837125 0.116001
504 0.0941905 0.00446048 0.0897301 0.098651
505 0.0971627 0.014864 0.0822987 0.112027
506 0.0929931 0.00336049 0.0896326 0.0963536
507 0.0948962 0.00591476 0.0889814 0.100811
508 0.0945754 0.0108999 0.0836755 0.105475
509 0.0941478 0.0108191 0.0833287 0.104967
510 0.103471 0.019984 0.0834866 0.123455
511 0.103257 0.0204289 0.0828279 0.123686
512 0.108688 0.0262351 0.0824529 0.134923
513 0.100263 0.0179387 0.0823245 0.118202
514 0.100627 0.0182674 0.0823593 0.118894
515 0.102786 0.0205648 0.0822215 0.123351
516 0.0996004 0.0161842 0.0834161 0.115785
517 0.0983815 0.0163688 0.0820127 0.11475
518 0.10099 0.0175678 0.0834225 0.118558
519 0.098296 0.0162566 0.0820394 0.114553
520 0.0987878 0.0164449 0.0823429 0.115233
521 0.0980822 0.0159477 0.0821345 0.11403
522 0.0977614 0.0162803 0.0814812 0.114042
523 0.104689 0.0190963 0.0855931 0.123786
524 0.102872 0.0221285 0.0807434 0.125
525 0.110933 0.0239476 0.0869856 0.134881
526 0.110933 0.0203966 0.0905366 0.13133
527 0.107811 0.0184546 0.0893567 0.126266
528 0.11057 0.0231654 0.0874042 0.133735
529 0.106721 0.0198453 0.0868755 0.126566
530 0.107084 0.0203135 0.0867708 0.127398
531 0.103385 0.0199361 0.083449 0.123321
532 0.100776 0.0121187 0.0886577 0.112895
533 0.100263 0.0122949 0.0879683 0.112558
534 0.103877 0.0177792 0.0860977 0.121656
535 0.101995 0.0137006 0.0882946 0.115696
536 0.100007 0.0123014 0.0877052 0.112308
537 0.100071 0.0120709 0.0879999 0.112142
538 0.101439 0.0134174 0.0880219 0.114857
539 0.102316 0.0160035 0.0863124 0.118319
540 0.104091 0.0161574 0.0879333 0.120248
541 0.100477 0.0114827 0.0889944 0.11196
542 0.0999425 0.0111552 0.0887873 0.111098
543 0.110313 0.0251838 0.0851292 0.135497
544 0.10702 0.020408 0.0866121 0.127428
545 0.105352 0.0189616 0.0863907 0.124314
546 0.104818 0.0186625 0.0861552 0.12348
547 0.108517 0.018453 0.0900639 0.12697
548 0.1098 0.0247307 0.0850692 0.134531
549 0.102359 0.0120073 0.0903514 0.114366
550 0.0994934 0.0164762 0.0830172 0.11597
551 0.104411 0.0332188 0.0711926 0.13763
552 0.101076 0.0165984 0.0844774 0.117674
553 0.0973124 0.0147025 0.0826099 0.112015
554 0.102979 0.0277522 0.0752266 0.130731
555 0.0970986 0.0171571 0.0799415 0.114256
556 0.0927365 0.0112703 0.0814662 0.104007
557 0.0920523 0.00645582 0.0855965 0.0985081
558 0.0935063 0.0147774 0.0787289 0.108284
559 0.0915819 0.0109602 0.0806217 0.102542
560 0.0935918 0.0155552 0.0780366 0.109147
561 0.0935491 0.0152971 0.078252 0.108846
562 0.0935063 0.015401 0.0781053 0.108907
563 0.0972483 0.0170195 0.0802288 0.114268
564 0.0932711 0.0120663 0.0812048 0.105337
565 0.0923517 0.0122659 0.0800858 0.104618
566 0.0900209 0.00313823 0.0868827 0.0931591
567 0.0913894 0.00813566 0.0832538 0.0995251
568 0.0914536 0.0118293 0.0796243 0.103283
569 0.0942333 0.0156805 0.0785528 0.109914
570 0.0944471 0.0156338 0.0788133 0.110081
571 0.0986809 0.0171514 0.0815295 0.115832
572 0.0972697 0.0174194 0.0798502 0.114689
573 0.100691 0.0160819 0.0846089 0.116773
574 0.103535 0.015764 0.0877707 0.119299
575 0.100178 0.0115592 0.0886185 0.111737
576 0.100199 0.0123954 0.0878037 0.112594
577 0.100776 0.0127619 0.0880145 0.113538
578 0.100755 0.0127455 0.0880095 0.113501
579 0.10501 0.0122532 0.092757 0.117263
580 0.102637 0.014319 0.0883177 0.116956
581 0.104048 0.014755 0.0892929 0.118803
582 0.102466 0.0141903 0.0882753 0.116656
583 0.109351 0.0297568 0.0795941 0.139108
584 0.102059 0.0177062 0.0843532 0.119766
585 0.103406 0.0168972 0.0865093 0.120304
586 0.107662 0.0260791 0.0815826 0.133741
587 0.113136 0.0232533 0.0898823 0.136389
588 0.106571 0.0197188 0.0868523 0.12629
589 0.104155 0.0166403 0.0875145 0.120795
590 0.104668 0.0166064 0.0880616 0.121274
591 0.107042 0.0169521 0.0900895 0.123994
592 0.105331 0.0140314 0.0912995 0.119362
593 0.103855 0.0128127 0.0910428 0.116668
594 0.103128 0.00623886 0.0968896 0.109367
595 0.103 0.00583597 0.0971642 0.108836
596 0.10563 0.0122177 0.0934126 0.117848
597 0.104476 0.00859901 0.0958766 0.113075
598 0.108239 0.0169891 0.0912498 0.125228
599 0.100819 0.0119727 0.0888465 0.112792
600 0.104497 0.0143096 0.0901874 0.118807
601 0.100734 0.0112021 0.0895315 0.111936
602 0.101739 0.011342 0.0903966 0.113081
603 0.104454 0.012943 0.0915112 0.117397
604 0.102829 0.0115983 0.0912308 0.114428
605 0.106293 0.0186696 0.0876235 0.124963
606 0.101803 0.012312 0.0894908 0.114115
607 0.100563 0.0120096 0.088553 0.112572
608 0.102679 0.0122736 0.0904058 0.114953
609 0.104112 0.0131426 0.0909695 0.117255
610 0.102979 0.0105973 0.0923815 0.113576
611 0.10439 0.0154073 0.0889827 0.119797
612 0.107597 0.0174194 0.0901781 0.125017
613 0.105203 0.0164893 0.0887133 0.121692
614 0.104861 0.0153262 0.0895343 0.120187
615 0.105395 0.0158165 0.0895785 0.121212
616 0.104967 0.0150565 0.0899109 0.120024
617 0.110292 0.0172869 0.0930048 0.127579
618 0.105481 0.01499 0.0904906 0.120471
619 0.107255 0.0321917 0.0750637 0.139447
620 0.103193 0.0206079 0.0825847 0.123801
621 0.104925 0.0214715 0.0834531 0.126396
622 0.102124 0.0177466 0.0843769 0.11987
623 0.099023 0.0115715 0.0874515 0.110595
624 0.104668 0.0327164 0.0719516 0.137384
625 0.103727 0.016642 0.0870853 0.120369
626 0.102466 0.0165361 0.0859296 0.119002
627 0.102722 0.0169275 0.0857947 0.11965
628 0.102594 0.0163612 0.0862327 0.118955
629 0.0996859 0.0156628 0.0840231 0.115349
630 0.0982746 0.0123891 0.0858855 0.110664
631 0.0991086 0.0121681 0.0869405 0.111277
632 0.104347 0.0189185 0.0854288 0.123266
633 0.102444 0.0154094 0.0870348 0.117854
634 0.10253 0.0155314 0.0869983 0.118061
635 0.102573 0.0165482 0.0860244 0.119121
636 0.0999638 0.0158842 0.0840796 0.115848
637 0.100605 0.0178357 0.0827697 0.118441
638 0.100498 0.0119735 0.0885249 0.112472
639 0.0965213 0.00610526 0.090416 0.102627
640 0.103022 0.0170198 0.0860018 0.120041
641 0.102209 0.0175087 0.0847003 0.119718
642 0.0981677 0.0193219 0.0788458 0.11749
643 0.0983174 0.0189407 0.0793767 0.117258
644 0.0986809 0.0195937 0.0790872 0.118275
645 0.0960936 0.0160116 0.080082 0.112105
646 0.0935704 0.0115384 0.082032 0.105109
647 0.0936987 0.0118961 0.0818027 0.105595
648 0.0920737 0.00458229 0.0874914 0.096656
649 0.0921378 0.00549576 0.0866421 0.0976336
650 0.0905983 0.00303385 0.0875644 0.0936321
651 0.0910259 0.00592308 0.0851028 0.096949
652 0.089914 0.00172591 0.0881881 0.0916399
653 0.0930359 0.00809776 0.0849381 0.101134
654 0.0979325 0.0146617 0.0832708 0.112594
655 0.0981677 0.0158096 0.0823582 0.113977
656 0.0987237 0.0141761 0.0845476 0.1129
657 0.0967351 0.0153352 0.0813999 0.11207
658 0.0984884 0.0195045 0.0789839 0.117993
659 0.0949603 0.0157086 0.0792517 0.110669
660 0.0925869 0.0109102 0.0816767 0.103497
661 0.094105 0.0108783 0.0832267 0.104983
662 0.0991941 0.0115999 0.0875941 0.110794
663 0.0966709 0.00526808 0.0914029 0.101939
664 0.101974 0.0170378 0.084936 0.119012
665 0.104882 0.0161316 0.0887503 0.121013
666 0.107597 0.019688 0.0879095 0.127285
667 0.106592 0.0199402 0.0866523 0.126533
668 0.104946 0.0227977 0.0821483 0.127744
669 0.105951 0.021039 0.084912 0.12699
670 0.104625 0.0176255 0.0869998 0.122251
671 0.102722 0.0172528 0.0854694 0.119975
672 0.098852 0.0147104 0.0841415 0.113562
673 0.0932069 0.0150443 0.0781626 0.108251
674 0.0926082 0.0149186 0.0776896 0.107527
675 0.0903417 0.0109071 0.0794346 0.101249
676 0.0883531 0.00366486 0.0846882 0.092018
677 0.0913894 0.0118855 0.079504 0.103275
678 0.0925013 0.0123518 0.0801496 0.104853
679 0.0960722 0.0164995 0.0795728 0.112572
680 0.0916033 0.0117107 0.0798926 0.103314
681 0.0910901 0.0121757 0.0789144 0.103266
682 0.0901065 0.0114545 0.078652 0.101561
683 0.0894863 0.00371807 0.0857683 0.0932044
684 0.0878827 0.00189571 0.085987 0.0897784
685 0.0934635 0.0154314 0.0780322 0.108895
686 0.0946824 0.0151991 0.0794833 0.109881
687 0.0969061 0.0162482 0.0806579 0.113154
688 0.0907052 0.0109798 0.0797254 0.101685
689 0.0908762 0.0110939 0.0797824 0.10197
690 0.0932711 0.0148106 0.0784605 0.108082
691 0.096393 0.0115121 0.0848809 0.107905
692 0.0970772 0.0111395 0.0859377 0.108217
693 0.101589 0.0166067 0.0849822 0.118196
694 0.102872 0.0180966 0.0847753 0.120968
695 0.103727 0.0174 0.0863272 0.121127
696 0.101076 0.018272 0.0828038 0.119348
697 0.0988306 0.015689 0.0831416 0.11452
698 0.0970131 0.0124073 0.0846058 0.10942
699 0.0969275 0.0119523 0.0849752 0.10888
700 0.09511 0.00462061 0.0904894 0.0997306
701 0.0946824 0.00589697 0.0887854 0.100579
702 0.0973979 0.0122041 0.0851938 0.109602
703 0.0944258 0.0045048 0.089921 0.0989306
704 0.0976118 0.00903844 0.0885734 0.10665
705 0.0924158 0.00155316 0.0908626 0.093969
706 0.0977614 0.0097223 0.0880391 0.107484
707 0.0936346 0.0034544 0.0901802 0.097089
708 0.0949817 0.00387233 0.0911094 0.098854
709 0.0945327 0.00613273 0.0884 0.100665
710 0.0965426 0.00866232 0.0878803 0.105205
711 0.0930359 0.00235589 0.09068 0.0953918
712 0.0922233 0.013657 0.0785664 0.10588
713 0.0883959 0.00147588 0.08692 0.0898717
714 0.0913467 0.00610572 0.0852409 0.0974524
715 0.0918598 0.00986812 0.0819917 0.101728
716 0.0895933 0.00356135 0.0860319 0.0931546
717 0.0886097 0.00204021 0.0865695 0.0906499
718 0.0913039 0.00634528 0.0849586 0.0976492
719 0.0895719 0.0044842 0.0850877 0.0940561
720 0.0889304 0.00295508 0.0859753 0.0918855
721 0.0928648 0.0112598 0.0816051 0.104125
722 0.0899782 0.0054522 0.084526 0.0954304
723 0.0907693 0.00433574 0.0864336 0.0951051
724 0.0912611 0.00471274 0.0865484 0.0959739
725 0.0919668 0.0034965 0.0884703 0.0954633
726 0.0899568 0.00294514 0.0870117 0.0929019
727 0.0906624 0.00346636 0.0871961 0.0941288
728 0.0903417 0.00322836 0.0871133 0.09357
729 0.0896788 0.00254119 0.0871376 0.09222
730 0.0914536 0.00565453 0.085799 0.0971081
731 0.0942975 0.0144888 0.0798086 0.108786
732 0.0928434 0.0117701 0.0810733 0.104614
733 0.0917743 0.0115865 0.0801878 0.103361
734 0.0920309 0.0118658 0.0801651 0.103897
735 0.0947679 0.0151116 0.0796563 0.109879
736 0.0963502 0.0152428 0.0811075 0.111593
737 0.0946396 0.0108914 0.0837482 0.105531
738 0.0971627 0.0173205 0.0798422 0.114483
739 0.101482 0.0195035 0.0819785 0.120986
740 0.0953238 0.0148531 0.0804707 0.110177
741 0.0988306 0.0158086 0.083022 0.114639
742 0.0988092 0.0156584 0.0831508 0.114468
743 0.100071 0.0169509 0.0831198 0.117022
744 0.0971841 0.0126861 0.084498 0.10987
745 0.0974407 0.0118447 0.085596 0.109285
746 0.0966495 0.0116672 0.0849824 0.108317
747 0.0963716 0.0117548 0.0846167 0.108126
748 0.0964785 0.0125255 0.083953 0.109004
749 0.0970772 0.013161 0.0839162 0.110238
750 0.0963288 0.011903 0.0844259 0.108232
751 0.105737 0.029255 0.0764822 0.134992
752 0.101204 0.020047 0.0811571 0.121251
753 0.107576 0.0243865 0.0831896 0.131963
754 0.101824 0.0189194 0.0829047 0.120744
755 0.102081 0.0213412 0.0807396 0.123422
756 0.0995362 0.0173196 0.0822166 0.116856
757 0.101204 0.0228989 0.0783052 0.124103
758 0.100007 0.0177088 0.0822978 0.117715
759 0.0984243 0.0170897 0.0813346 0.115514
760 0.100905 0.0176277 0.083277 0.118532
761 0.103492 0.0246423 0.0788497 0.128134
762 0.108581 0.0242494 0.0843316 0.13283
763 0.101332 0.0166216 0.0847108 0.117954
764 0.0973552 0.0157474 0.0816078 0.113103
765 0.0990444 0.0155623 0.0834821 0.114607
766 0.0948534 0.0147516 0.0801018 0.109605
767 0.0966496 0.0183871 0.0782625 0.115037
768 0.0969917 0.0145381 0.0824536 0.11153
769 0.0962005 0.0158978 0.0803027 0.112098
770 0.0959867 0.0154793 0.0805074 0.111466
771 0.0953024 0.0152728 0.0800296 0.110575
772 0.101161 0.0340097 0.0671516 0.135171
773 0.0962647 0.0158214 0.0804433 0.112086
774 0.0964357 0.015694 0.0807417 0.11213
775 0.0963074 0.0149529 0.0813545 0.11126
776 0.093378 0.0105052 0.0828728 0.103883
777 0.0935277 0.012895 0.0806326 0.106423
778 0.0986809 0.0215126 0.0771683 0.120194
779 0.0947893 0.011393 0.0833963 0.106182
780 0.0940409 0.0118907 0.0821502 0.105932
781 0.0936988 0.0113186 0.0823802 0.105017
782 0.092202 0.0109084 0.0812936 0.10311
783 0.0945541 0.0123494 0.0822047 0.106903
784 0.0934208 0.00741883 0.0860019 0.10084
785 0.0938484 0.0117969 0.0820515 0.105645
786 0.0930359 0.0108841 0.0821517 0.10392
787 0.0958156 0.0148208 0.0809949 0.110636
788 0.101653 0.0231479 0.0785052 0.124801
789 0.100755 0.0212657 0.0794893 0.122021
790 0.0997073 0.020712 0.0789953 0.120419
791 0.110441 0.0284252 0.0820161 0.138867
792 0.101995 0.0239556 0.0780396 0.125951
793 0.096393 0.0152759 0.081117 0.111669
794 0.0920095 0.00435549 0.087654 0.096365
795 0.0910259 0.00279868 0.0882272 0.0938246
796 0.090363 0.00249398 0.087869 0.092857
797 0.0910901 0.00394508 0.087145 0.0950352
798 0.0925655 0.00812032 0.0844451 0.100686
799 0.0935063 0.00795743 0.0855489 0.101464
