# ../output/graphs/perf_serial26QUADRUPED
# step - mean (0.233004) - standard deviation (0.0234126) r=20 - ylow - yhigh
0 0.24141 0.0408561 0.200554 0.282266
1 0.239208 0.0384061 0.200802 0.277614
2 0.230291 0.0155777 0.214713 0.245869
3 0.236107 0.0230663 0.213041 0.259173
4 0.232771 0.0155569 0.217215 0.248328
5 0.234974 0.017981 0.216993 0.252955
6 0.235957 0.0210277 0.21493 0.256985
7 0.2394 0.0397576 0.199642 0.279158
8 0.228816 0.00856852 0.220247 0.237384
9 0.228516 0.0117151 0.216801 0.240231
10 0.225159 0.00203529 0.223124 0.227195
11 0.24094 0.0434754 0.197464 0.284415
12 0.225972 0.00290804 0.223064 0.22888
13 0.227383 0.00767884 0.219704 0.235062
14 0.225886 0.00272358 0.223163 0.22861
15 0.22903 0.0143059 0.214724 0.243335
16 0.225159 0.00253183 0.222627 0.227691
17 0.228345 0.010765 0.21758 0.23911
18 0.231104 0.0188839 0.21222 0.249987
19 0.228324 0.0123316 0.215992 0.240655
20 0.229436 0.012675 0.216761 0.242111
21 0.232002 0.0153243 0.216677 0.247326
22 0.229885 0.0110765 0.218808 0.240961
23 0.227255 0.00717821 0.220077 0.234433
24 0.237262 0.0324198 0.204842 0.269682
25 0.232237 0.0197761 0.212461 0.252013
26 0.230099 0.0135974 0.216501 0.243696
27 0.230291 0.0152178 0.215073 0.245509
28 0.226763 0.00522695 0.221536 0.23199
29 0.231104 0.018335 0.212769 0.249439
30 0.227255 0.00834349 0.218911 0.235598
31 0.228196 0.00968271 0.218513 0.237878
32 0.232258 0.0134734 0.218785 0.245732
33 0.228131 0.00951609 0.218615 0.237648
34 0.226571 0.00348637 0.223084 0.230057
35 0.229286 0.0156104 0.213676 0.244896
36 0.226121 0.0129246 0.213197 0.239046
37 0.224539 0.00555367 0.218985 0.230093
38 0.237989 0.0294961 0.208493 0.267485
39 0.228923 0.00936561 0.219557 0.238288
40 0.230633 0.013504 0.217129 0.244137
41 0.228431 0.00984183 0.218589 0.238273
42 0.230761 0.0154355 0.215326 0.246197
43 0.234952 0.0221181 0.212834 0.257071
44 0.234525 0.022066 0.212459 0.256591
45 0.239464 0.03678 0.202684 0.276244
46 0.235957 0.0237526 0.212205 0.25971
47 0.230954 0.0114795 0.219474 0.242433
48 0.230141 0.0069278 0.223214 0.237069
49 0.228495 0.00324313 0.225252 0.231738
50 0.231873 0.0137957 0.218078 0.245669
51 0.230398 0.00706972 0.223328 0.237468
52 0.231275 0.0104128 0.220862 0.241687
53 0.237561 0.0288545 0.208707 0.266416
54 0.230206 0.00667071 0.223535 0.236876
55 0.227575 0.00182579 0.22575 0.229401
56 0.227832 0.00193095 0.225901 0.229763
57 0.229778 0.00743684 0.222341 0.237215
58 0.25362 0.0571102 0.196509 0.31073
59 0.238481 0.0258676 0.212613 0.264348
60 0.23074 0.00555368 0.225186 0.236294
61 0.233477 0.0142316 0.219246 0.247709
62 0.229928 0.00548877 0.224439 0.235416
63 0.246713 0.0371918 0.209521 0.283905
64 0.239742 0.018488 0.221254 0.25823
65 0.242736 0.0536938 0.189042 0.29643
66 0.2363 0.0153904 0.220909 0.25169
67 0.23414 0.0135401 0.2206 0.24768
68 0.228965 0.00326362 0.225702 0.232229
69 0.235872 0.0172729 0.218599 0.253145
70 0.242629 0.0379886 0.20464 0.280617
71 0.240833 0.0430224 0.19781 0.283855
72 0.232814 0.0120249 0.220789 0.244839
73 0.231296 0.00728177 0.224014 0.238578
74 0.229799 0.00420163 0.225598 0.234001
75 0.234161 0.0136906 0.220471 0.247852
76 0.236898 0.0179795 0.218919 0.254878
77 0.237155 0.0232021 0.213953 0.260357
78 0.228901 0.00456785 0.224333 0.233469
79 0.230056 0.00437477 0.225681 0.234431
80 0.231531 0.0115541 0.219977 0.243085
81 0.2363 0.0171975 0.219102 0.253497
82 0.233071 0.013843 0.219228 0.246914
83 0.240127 0.0233952 0.216732 0.263522
84 0.23213 0.0114293 0.220701 0.243559
85 0.241731 0.0371622 0.204569 0.278893
86 0.228666 0.00349553 0.22517 0.232162
87 0.229585 0.00464801 0.224937 0.234233
88 0.236685 0.021862 0.214823 0.258547
89 0.229243 0.00418461 0.225059 0.233428
90 0.233456 0.012026 0.22143 0.245482
91 0.23059 0.00741036 0.22318 0.238001
92 0.231852 0.0156659 0.216186 0.247518
93 0.228645 0.00319819 0.225446 0.231843
94 0.233049 0.0169053 0.216144 0.249955
95 0.230783 0.00841865 0.222364 0.239202
96 0.239785 0.0282047 0.21158 0.26799
97 0.229949 0.0119346 0.218014 0.241884
98 0.231617 0.0176302 0.213987 0.249247
99 0.233862 0.0237061 0.210156 0.257568
100 0.225459 0.00322758 0.222231 0.228686
101 0.232793 0.0110068 0.221786 0.2438
102 0.237668 0.0164053 0.221263 0.254073
103 0.244831 0.0405402 0.204291 0.285371
104 0.238951 0.0296403 0.209311 0.268591
105 0.237732 0.0277239 0.210008 0.265456
106 0.241282 0.0309553 0.210326 0.272237
107 0.242672 0.0408003 0.201871 0.283472
108 0.247183 0.0601703 0.187013 0.307354
109 0.232793 0.00994537 0.222847 0.242738
110 0.230569 0.0043827 0.226186 0.234952
111 0.234033 0.0161276 0.217905 0.250161
112 0.230355 0.00406445 0.226291 0.23442
113 0.2329 0.0125896 0.22031 0.245489
114 0.244831 0.0488268 0.196005 0.293658
115 0.245601 0.0345969 0.211004 0.280198
116 0.241795 0.0302473 0.211548 0.272042
117 0.239421 0.0267645 0.212657 0.266186
118 0.229992 0.00352547 0.226466 0.233517
119 0.22965 0.0035472 0.226102 0.233197
120 0.234225 0.0120452 0.22218 0.246271
121 0.232643 0.0074564 0.225187 0.2401
122 0.235508 0.0136005 0.221908 0.249109
123 0.231253 0.00481918 0.226434 0.236072
124 0.236492 0.0160013 0.220491 0.252493
125 0.230013 0.00391081 0.226102 0.233924
126 0.237347 0.0311227 0.206225 0.26847
127 0.245024 0.0541788 0.190845 0.299203
128 0.243356 0.0410247 0.202331 0.284381
129 0.242009 0.0438952 0.198114 0.285904
130 0.237882 0.0310241 0.206858 0.268906
131 0.234675 0.0267284 0.207946 0.261403
132 0.23228 0.0200479 0.212232 0.252328
133 0.229414 0.00957548 0.219839 0.23899
134 0.226015 0.00442264 0.221592 0.230437
135 0.238823 0.0275637 0.211259 0.266386
136 0.228623 0.0103942 0.218229 0.239017
137 0.230355 0.0202859 0.210069 0.250641
138 0.230761 0.0134554 0.217306 0.244217
139 0.224646 0.00234665 0.222299 0.226993
140 0.233862 0.0249946 0.208867 0.258857
141 0.229265 0.0120465 0.217218 0.241311
142 0.231061 0.0166021 0.214459 0.247663
143 0.228923 0.0127818 0.216141 0.241704
144 0.228131 0.00832824 0.219803 0.23646
145 0.227191 0.00723842 0.219952 0.234429
146 0.227918 0.0111276 0.21679 0.239045
147 0.228709 0.0126816 0.216027 0.24139
148 0.228495 0.0147556 0.213739 0.243251
149 0.228666 0.0121141 0.216552 0.24078
150 0.229158 0.0114801 0.217678 0.240638
151 0.230783 0.012259 0.218524 0.243042
152 0.236941 0.0424826 0.194458 0.279424
153 0.225779 0.00641833 0.219361 0.232198
154 0.226635 0.011505 0.21513 0.23814
155 0.227041 0.0112049 0.215836 0.238246
156 0.235957 0.0444639 0.191494 0.280421
157 0.228645 0.0212054 0.207439 0.24985
158 0.232408 0.0309281 0.20148 0.263336
159 0.230847 0.029033 0.201814 0.25988
160 0.23352 0.0348198 0.1987 0.26834
161 0.232707 0.0381308 0.194577 0.270838
162 0.243655 0.038334 0.205321 0.281989
163 0.241945 0.0372677 0.204677 0.279212
164 0.234931 0.0456627 0.189268 0.280594
165 0.23925 0.0320744 0.207176 0.271325
166 0.234888 0.0252662 0.209622 0.260155
167 0.228046 0.020501 0.207545 0.248547
168 0.225672 0.010729 0.214943 0.236401
169 0.226592 0.0120263 0.214566 0.238618
170 0.243185 0.0597533 0.183432 0.302938
171 0.225159 0.0078803 0.217279 0.23304
172 0.232579 0.0430751 0.189504 0.275654
173 0.232579 0.0333074 0.199272 0.265886
174 0.229906 0.028276 0.20163 0.258182
175 0.236791 0.0402864 0.196505 0.277078
176 0.231232 0.0327634 0.198469 0.263995
177 0.232686 0.0354465 0.19724 0.268132
178 0.230804 0.0341847 0.19662 0.264989
179 0.230612 0.0342068 0.196405 0.264819
180 0.237091 0.0420414 0.195049 0.279132
181 0.235979 0.036653 0.199326 0.272632
182 0.236086 0.0398068 0.196279 0.275893
183 0.250647 0.0541799 0.196467 0.304827
184 0.243377 0.042346 0.201031 0.285723
185 0.23739 0.0308571 0.206533 0.268247
186 0.230462 0.0268479 0.203614 0.25731
187 0.233755 0.0414165 0.192339 0.275172
188 0.229821 0.0303812 0.199439 0.260202
189 0.245516 0.0497921 0.195723 0.295308
190 0.231766 0.0279524 0.203814 0.259719
191 0.235744 0.055527 0.180217 0.291271
192 0.234354 0.0309442 0.20341 0.265298
193 0.237198 0.0388671 0.198331 0.276065
194 0.231168 0.0275945 0.203573 0.258762
195 0.236727 0.030056 0.206671 0.266783
196 0.2363 0.039967 0.196333 0.276267
197 0.226421 0.0125671 0.213854 0.238988
198 0.232814 0.0143785 0.218436 0.247193
199 0.229222 0.00845954 0.220762 0.237681
200 0.232387 0.0123919 0.219995 0.244779
201 0.228003 0.00422767 0.223775 0.232231
202 0.235829 0.0165228 0.219306 0.252352
203 0.237305 0.0212789 0.216026 0.258583
204 0.228474 0.00696153 0.221512 0.235435
205 0.226528 0.00351119 0.223017 0.230039
206 0.226784 0.00265041 0.224134 0.229435
207 0.229051 0.0113448 0.217706 0.240396
208 0.233819 0.0208876 0.212932 0.254707
209 0.232173 0.0124593 0.219713 0.244632
210 0.230954 0.0114859 0.219468 0.24244
211 0.227575 0.00642658 0.221149 0.234002
212 0.226998 0.0038834 0.223115 0.230882
213 0.226934 0.00355308 0.223381 0.230487
214 0.22811 0.00747402 0.220636 0.235584
215 0.229372 0.0104843 0.218887 0.239856
216 0.233392 0.0120146 0.221377 0.245406
217 0.235252 0.0122139 0.223038 0.247466
218 0.233071 0.00933226 0.223739 0.242403
219 0.229928 0.00325488 0.226673 0.233182
220 0.231275 0.00662188 0.224653 0.237897
221 0.234867 0.0150127 0.219854 0.24988
222 0.229692 0.00461767 0.225075 0.23431
223 0.238523 0.0185238 0.22 0.257047
224 0.2326 0.00701258 0.225588 0.239613
225 0.229842 0.0042064 0.225636 0.234048
226 0.231489 0.00922193 0.222267 0.24071
227 0.235316 0.0132854 0.222031 0.248601
228 0.233071 0.00947904 0.223592 0.24255
229 0.237689 0.0149431 0.222746 0.252633
230 0.241325 0.0162683 0.225056 0.257593
231 0.235059 0.0124404 0.222619 0.2475
232 0.231275 0.00473826 0.226536 0.236013
233 0.232857 0.0113715 0.221486 0.244228
234 0.24791 0.034642 0.213268 0.282552
235 0.232686 0.0108828 0.221803 0.243569
236 0.232921 0.0098065 0.223115 0.242728
237 0.239678 0.0198315 0.219847 0.25951
238 0.232087 0.00681178 0.225275 0.238899
239 0.229778 0.00359864 0.226179 0.233377
240 0.233798 0.0187886 0.215009 0.252586
241 0.250156 0.0662952 0.18386 0.316451
242 0.248317 0.0424727 0.205844 0.290789
243 0.241923 0.0301363 0.211787 0.27206
244 0.24481 0.0502805 0.194529 0.29509
245 0.23059 0.00477864 0.225812 0.235369
246 0.231574 0.00792081 0.223653 0.239495
247 0.230933 0.00619433 0.224738 0.237127
248 0.230997 0.00556652 0.22543 0.236563
249 0.230975 0.00602049 0.224955 0.236996
250 0.230377 0.00451797 0.225859 0.234895
251 0.231211 0.00631605 0.224894 0.237527
252 0.238972 0.0310335 0.207939 0.270006
253 0.239507 0.030897 0.20861 0.270404
254 0.241667 0.0371704 0.204496 0.278837
255 0.237305 0.028841 0.208464 0.266146
256 0.232087 0.00604506 0.226042 0.238132
257 0.232344 0.0127782 0.219566 0.245122
258 0.230462 0.00553294 0.224929 0.235995
259 0.231403 0.00905262 0.22235 0.240456
260 0.240362 0.0212757 0.219087 0.261638
261 0.243057 0.0382441 0.204812 0.281301
262 0.239806 0.0310468 0.20876 0.270853
263 0.250348 0.0386593 0.211689 0.289007
264 0.240341 0.0296694 0.210672 0.27001
265 0.243848 0.0411516 0.202696 0.284999
266 0.238438 0.0316213 0.206817 0.270059
267 0.232857 0.0130294 0.219828 0.245886
268 0.229628 0.00458104 0.225047 0.234209
269 0.23198 0.0108378 0.221142 0.242818
270 0.240683 0.0250856 0.215597 0.265769
271 0.241068 0.0411095 0.199958 0.282177
272 0.241025 0.0252331 0.215792 0.266258
273 0.232665 0.00972143 0.222943 0.242386
274 0.231317 0.00642036 0.224897 0.237738
275 0.229372 0.00383762 0.225534 0.233209
276 0.229457 0.00421942 0.225238 0.233677
277 0.23523 0.0253946 0.209836 0.260625
278 0.232344 0.0123584 0.219985 0.244702
279 0.227704 0.0107939 0.21691 0.238498
280 0.229008 0.0149675 0.214041 0.243976
281 0.23568 0.0346372 0.201042 0.270317
282 0.231959 0.0151485 0.21681 0.247107
283 0.239999 0.0401257 0.199873 0.280125
284 0.237219 0.0353587 0.20186 0.272578
285 0.232857 0.0276786 0.205178 0.260536
286 0.232814 0.0291182 0.203696 0.261932
287 0.23228 0.0291066 0.203173 0.261386
288 0.233755 0.0153523 0.218403 0.249107
289 0.23059 0.0133915 0.217199 0.243982
290 0.248659 0.055438 0.193221 0.304097
291 0.235166 0.0163349 0.218831 0.251501
292 0.235038 0.0165128 0.218525 0.251551
293 0.237112 0.0375847 0.199527 0.274697
294 0.249856 0.0599575 0.189899 0.309814
295 0.23831 0.0295198 0.20879 0.267829
296 0.23692 0.0286725 0.208247 0.265592
297 0.235273 0.0279069 0.207366 0.26318
298 0.241688 0.0274819 0.214206 0.26917
299 0.230505 0.0111321 0.219373 0.241637
300 0.227362 0.00562048 0.221741 0.232982
301 0.227511 0.00521667 0.222295 0.232728
302 0.227084 0.00522192 0.221862 0.232306
303 0.236342 0.0436156 0.192727 0.279958
304 0.231617 0.0201983 0.211418 0.251815
305 0.230141 0.0142674 0.215874 0.244409
306 0.229436 0.0118387 0.217597 0.241275
307 0.22888 0.00710289 0.221777 0.235983
308 0.234888 0.0281452 0.206743 0.263034
309 0.229778 0.00770144 0.222076 0.237479
310 0.23476 0.0179015 0.216859 0.252662
311 0.227404 0.00445431 0.22295 0.231859
312 0.230034 0.0100037 0.220031 0.240038
313 0.229479 0.00924304 0.220236 0.238722
314 0.226613 0.00408381 0.222529 0.230697
315 0.225822 0.00606676 0.219755 0.231889
316 0.228645 0.012638 0.216007 0.241283
317 0.233028 0.0142729 0.218755 0.247301
318 0.230355 0.0112362 0.219119 0.241591
319 0.230163 0.0153887 0.214774 0.245552
320 0.228816 0.00822882 0.220587 0.237044
321 0.236278 0.0277881 0.20849 0.264066
322 0.227447 0.00713718 0.22031 0.234584
323 0.231873 0.0289362 0.202937 0.26081
324 0.226806 0.00488399 0.221922 0.23169
325 0.234803 0.0174671 0.217336 0.25227
326 0.227554 0.0168448 0.210709 0.244399
327 0.229671 0.0188543 0.210817 0.248525
328 0.23089 0.0155132 0.215377 0.246403
329 0.227298 0.00620537 0.221092 0.233503
330 0.234375 0.0345964 0.199779 0.268972
331 0.234696 0.0160234 0.218673 0.250719
332 0.231039 0.011812 0.219228 0.242851
333 0.233178 0.0221303 0.211047 0.255308
334 0.228217 0.00589521 0.222322 0.234112
335 0.235273 0.0224301 0.212843 0.257703
336 0.228858 0.00348553 0.225373 0.232344
337 0.230676 0.0107096 0.219966 0.241386
338 0.232002 0.0139572 0.218045 0.245959
339 0.234247 0.0162468 0.218 0.250494
340 0.229585 0.00525209 0.224333 0.234838
341 0.231424 0.0126301 0.218794 0.244054
342 0.227982 0.00280725 0.225175 0.230789
343 0.229329 0.00643455 0.222894 0.235763
344 0.241453 0.0366911 0.204762 0.278144
345 0.246371 0.0326484 0.213722 0.279019
346 0.237946 0.0142193 0.223727 0.252165
347 0.235359 0.0132726 0.222086 0.248631
348 0.235786 0.0105512 0.225235 0.246338
349 0.23553 0.00676296 0.228767 0.242293
350 0.236941 0.0127842 0.224157 0.249725
351 0.245687 0.0401897 0.205497 0.285876
352 0.240106 0.0128028 0.227303 0.252909
353 0.237369 0.0107174 0.226651 0.248086
354 0.234824 0.00620156 0.228623 0.241026
355 0.236107 0.00707493 0.229032 0.243182
356 0.238694 0.0164439 0.222251 0.255138
357 0.249728 0.0304252 0.219303 0.280153
358 0.245216 0.0310676 0.214149 0.276284
359 0.237112 0.011762 0.22535 0.248874
360 0.237775 0.0146536 0.223121 0.252429
361 0.236214 0.0133399 0.222874 0.249554
362 0.23538 0.0121135 0.223267 0.247494
363 0.248295 0.0484558 0.199839 0.296751
364 0.234418 0.00537258 0.229045 0.239791
365 0.237176 0.0126454 0.224531 0.249822
366 0.233563 0.00634494 0.227218 0.239908
367 0.240875 0.0148241 0.226051 0.2557
368 0.23754 0.0164813 0.221059 0.254021
369 0.238203 0.0223135 0.215889 0.260516
370 0.234439 0.00651607 0.227923 0.240955
371 0.237219 0.0132986 0.22392 0.250518
372 0.248359 0.0585651 0.189794 0.306925
373 0.234076 0.00657707 0.227499 0.240653
374 0.234525 0.00631047 0.228214 0.240835
375 0.235124 0.012573 0.222551 0.247697
376 0.24203 0.0330541 0.208976 0.275084
377 0.243634 0.0273427 0.216291 0.270977
378 0.233969 0.00481162 0.229157 0.238781
379 0.237048 0.0149868 0.222061 0.252035
380 0.237347 0.0173107 0.220037 0.254658
381 0.239764 0.0156624 0.224101 0.255426
382 0.235487 0.00852016 0.226967 0.244007
383 0.239122 0.0142321 0.22489 0.253354
384 0.237903 0.0107324 0.227171 0.248636
385 0.237668 0.0121861 0.225482 0.249854
386 0.232451 0.0100716 0.222379 0.242522
387 0.235166 0.0114751 0.223691 0.246641
388 0.231595 0.00619503 0.2254 0.23779
389 0.232387 0.00816067 0.224226 0.240547
390 0.232387 0.0091825 0.223204 0.241569
391 0.233819 0.0120594 0.22176 0.245879
392 0.230056 0.00540686 0.224649 0.235463
393 0.232151 0.0121549 0.219996 0.244306
394 0.234097 0.0153874 0.21871 0.249485
395 0.235295 0.0225453 0.212749 0.25784
396 0.240683 0.0354131 0.20527 0.276096
397 0.233648 0.0110433 0.222605 0.244691
398 0.237689 0.0354198 0.20227 0.273109
399 0.231724 0.0117875 0.219936 0.243511
400 0.24126 0.0430292 0.198231 0.28429
401 0.228837 0.0034924 0.225345 0.232329
402 0.23337 0.0119644 0.221406 0.245335
403 0.241196 0.0275131 0.213683 0.268709
404 0.241196 0.0442946 0.196902 0.285491
405 0.234375 0.0116683 0.222707 0.246044
406 0.228474 0.0032056 0.225268 0.231679
407 0.228666 0.00359608 0.22507 0.232262
408 0.230997 0.00757354 0.223423 0.23857
409 0.235145 0.0221429 0.213002 0.257288
410 0.245344 0.0322406 0.213104 0.277585
411 0.242158 0.0322474 0.209911 0.274406
412 0.236642 0.026645 0.209997 0.263287
413 0.237732 0.027591 0.210141 0.265323
414 0.238139 0.0280852 0.210053 0.266224
415 0.233776 0.0123741 0.221402 0.246151
416 0.231125 0.00662996 0.224495 0.237755
417 0.239272 0.0253503 0.213921 0.264622
418 0.234717 0.014092 0.220625 0.248809
419 0.229928 0.00457464 0.225353 0.234502
420 0.232814 0.0133722 0.219442 0.246186
421 0.23166 0.00718801 0.224472 0.238848
422 0.233755 0.0129363 0.220819 0.246691
423 0.231938 0.00905803 0.22288 0.240996
424 0.246157 0.0379879 0.208169 0.284145
425 0.237711 0.0180616 0.219649 0.255772
426 0.233969 0.0142093 0.21976 0.248178
427 0.272158 0.164719 0.107439 0.436877
428 0.232365 0.0113157 0.22105 0.243681
429 0.240127 0.0363448 0.203782 0.276472
430 0.24032 0.0325557 0.207764 0.272875
431 0.24203 0.029974 0.212056 0.272004
432 0.245708 0.041493 0.204215 0.287201
433 0.232387 0.015026 0.217361 0.247413
434 0.235573 0.0277162 0.207856 0.263289
435 0.23523 0.0314432 0.203787 0.266674
436 0.230804 0.026969 0.203835 0.257773
437 0.232579 0.027659 0.20492 0.260238
438 0.229072 0.0167672 0.212305 0.245839
439 0.228345 0.00569193 0.222653 0.234037
440 0.225929 0.00421646 0.221713 0.230145
441 0.225715 0.00468 0.221035 0.230395
442 0.223556 0.00346075 0.220095 0.227016
443 0.223427 0.00307635 0.220351 0.226504
444 0.229094 0.0151826 0.213911 0.244276
445 0.232044 0.0228174 0.209227 0.254862
446 0.226036 0.00662996 0.219406 0.232666
447 0.228516 0.0143332 0.214183 0.24285
448 0.23198 0.0144402 0.21754 0.24642
449 0.22486 0.00390223 0.220958 0.228762
450 0.224539 0.00335504 0.221184 0.227894
451 0.229757 0.0129769 0.21678 0.242733
452 0.234311 0.0223556 0.211955 0.256667
453 0.225544 0.00491036 0.220634 0.230454
454 0.234696 0.0268904 0.207806 0.261586
455 0.22764 0.00554155 0.222098 0.233181
456 0.223556 0.00454778 0.219008 0.228103
457 0.224689 0.00741013 0.217279 0.232099
458 0.224881 0.00631462 0.218567 0.231196
459 0.228174 0.0136972 0.214477 0.241871
460 0.224411 0.0053651 0.219046 0.229776
461 0.240854 0.0724696 0.168384 0.313324
462 0.228025 0.0141323 0.213892 0.242157
463 0.225523 0.0120035 0.213519 0.237526
464 0.230719 0.0255049 0.205214 0.256224
465 0.233028 0.0317487 0.201279 0.264777
466 0.242308 0.0407482 0.20156 0.283056
467 0.235658 0.0397741 0.195884 0.275432
468 0.24141 0.0404256 0.200984 0.281836
469 0.229949 0.0261502 0.203799 0.256099
470 0.223513 0.00518551 0.218327 0.228698
471 0.235402 0.0431871 0.192214 0.278589
472 0.224261 0.00554698 0.218714 0.229808
473 0.229329 0.0170498 0.212279 0.246379
474 0.222807 0.00498723 0.21782 0.227794
475 0.232493 0.0296713 0.202822 0.262165
476 0.229949 0.0270401 0.202909 0.256989
477 0.227062 0.0256251 0.201437 0.252687
478 0.228987 0.0266385 0.202348 0.255625
479 0.229436 0.0259464 0.203489 0.255382
480 0.227618 0.0100073 0.217611 0.237626
481 0.225352 0.00847085 0.216881 0.233823
482 0.232365 0.0305681 0.201797 0.262933
483 0.222807 0.00487225 0.217935 0.227679
484 0.228025 0.0146508 0.213374 0.242675
485 0.22702 0.0184314 0.208588 0.245451
486 0.235188 0.0206408 0.214547 0.255829
487 0.228837 0.0116835 0.217154 0.240521
488 0.227725 0.00463072 0.223094 0.232356
489 0.230163 0.0133203 0.216843 0.243483
490 0.234332 0.017713 0.216619 0.252045
491 0.228837 0.0114391 0.217398 0.240276
492 0.232857 0.0156304 0.217227 0.248487
493 0.229201 0.00744716 0.221753 0.236648
494 0.227575 0.00557472 0.222001 0.23315
495 0.227233 0.00628705 0.220946 0.23352
496 0.230248 0.0122203 0.218028 0.242469
497 0.231424 0.0118076 0.219617 0.243232
498 0.227747 0.00443086 0.223316 0.232177
499 0.245858 0.0518418 0.194016 0.297699
500 0.235765 0.0305274 0.205238 0.266292
501 0.240063 0.041162 0.198901 0.281225
502 0.233242 0.0280667 0.205175 0.261309
503 0.234546 0.0294704 0.205076 0.264017
504 0.226934 0.00676216 0.220172 0.233696
505 0.232066 0.00935894 0.222707 0.241425
506 0.231104 0.00886738 0.222236 0.239971
507 0.229307 0.00315596 0.226152 0.232463
508 0.230377 0.00587629 0.2245 0.236253
509 0.232387 0.0116086 0.220778 0.243995
510 0.232066 0.0168216 0.215244 0.248887
511 0.231788 0.0113727 0.220415 0.243161
512 0.238053 0.0145918 0.223461 0.252645
513 0.231724 0.0128205 0.218903 0.244544
514 0.229585 0.00809981 0.221486 0.237685
515 0.241923 0.0419362 0.199987 0.283859
516 0.235594 0.0183163 0.217278 0.25391
517 0.234546 0.0242753 0.210271 0.258822
518 0.247034 0.0403416 0.206692 0.287375
519 0.229692 0.00383197 0.22586 0.233524
520 0.241303 0.0406331 0.20067 0.281936
521 0.230826 0.00635732 0.224468 0.237183
522 0.234012 0.0154261 0.218586 0.249438
523 0.2363 0.0275667 0.208733 0.263866
524 0.235209 0.0283721 0.206837 0.263581
525 0.240512 0.0481514 0.192361 0.288663
526 0.245751 0.0389658 0.206785 0.284717
527 0.229307 0.00217053 0.227137 0.231478
528 0.232985 0.0140493 0.218936 0.247035
529 0.234867 0.0154125 0.219454 0.250279
530 0.230826 0.00597012 0.224856 0.236796
531 0.238566 0.0234833 0.215083 0.262049
532 0.233263 0.0123046 0.220959 0.245568
533 0.237903 0.0151549 0.222748 0.253058
534 0.228816 0.00217419 0.226641 0.23099
535 0.23429 0.0156659 0.218624 0.249956
536 0.231574 0.0081226 0.223451 0.239697
537 0.229863 0.00514518 0.224718 0.235009
538 0.229136 0.00257161 0.226565 0.231708
539 0.231831 0.0112692 0.220561 0.2431
540 0.235316 0.0167031 0.218613 0.252019
541 0.234867 0.0282919 0.206575 0.263159
542 0.237134 0.0195926 0.217541 0.256726
543 0.229714 0.00464603 0.225068 0.23436
544 0.234054 0.0133227 0.220732 0.247377
545 0.239614 0.0376685 0.201945 0.277282
546 0.234974 0.0188495 0.216124 0.253823
547 0.236642 0.027452 0.20919 0.264094
548 0.238588 0.0208429 0.217745 0.25943
549 0.239614 0.0324859 0.207128 0.2721
550 0.231039 0.00518127 0.225858 0.236221
551 0.231446 0.0102294 0.221216 0.241675
552 0.235594 0.0221497 0.213444 0.257744
553 0.231681 0.0113501 0.220331 0.243031
554 0.239101 0.0212061 0.217895 0.260307
555 0.235637 0.0172228 0.218414 0.25286
556 0.232194 0.0142438 0.21795 0.246438
557 0.231317 0.0103408 0.220977 0.241658
558 0.231104 0.0107929 0.220311 0.241897
559 0.231788 0.0109282 0.22086 0.242716
560 0.229799 0.00491388 0.224885 0.234713
561 0.232964 0.0130205 0.219943 0.245984
562 0.230975 0.0111361 0.219839 0.242111
563 0.227939 0.00113149 0.226808 0.22907
564 0.228452 0.00350465 0.224948 0.231957
565 0.229008 0.00307937 0.225929 0.232088
566 0.236193 0.0156372 0.220556 0.25183
567 0.227853 0.000990103 0.226863 0.228844
568 0.232472 0.0117254 0.220747 0.244197
569 0.232921 0.016125 0.216796 0.249046
570 0.224817 0.00276193 0.222055 0.227579
571 0.226164 0.00617997 0.219984 0.232344
572 0.227789 0.0124998 0.21529 0.240289
573 0.243292 0.0565102 0.186782 0.299802
574 0.226036 0.00508976 0.220946 0.231126
575 0.229286 0.0167454 0.212541 0.246031
576 0.229201 0.0120553 0.217145 0.241256
577 0.225993 0.00807853 0.217915 0.234072
578 0.230655 0.0146369 0.216018 0.245291
579 0.230975 0.0130402 0.217935 0.244016
580 0.228794 0.0137921 0.215002 0.242586
581 0.230163 0.0156229 0.21454 0.245786
582 0.249022 0.0745972 0.174425 0.323619
583 0.227469 0.00593483 0.221534 0.233403
584 0.231082 0.0229516 0.208131 0.254034
585 0.229585 0.0119171 0.217668 0.241503
586 0.23151 0.0148613 0.216649 0.246371
587 0.229928 0.0140738 0.215854 0.244001
588 0.256079 0.121216 0.134862 0.377295
589 0.22997 0.0174239 0.212546 0.247394
590 0.22997 0.0145627 0.215408 0.244533
591 0.225245 0.00240057 0.222844 0.227645
592 0.227105 0.0122741 0.214831 0.239379
593 0.22702 0.00776078 0.219259 0.23478
594 0.225266 0.0053702 0.219896 0.230636
595 0.23089 0.0300874 0.200802 0.260977
596 0.226934 0.0123534 0.214581 0.239287
597 0.234076 0.0232036 0.210872 0.257279
598 0.225223 0.00430693 0.220916 0.22953
599 0.225394 0.0034438 0.221951 0.228838
600 0.225437 0.00264412 0.222793 0.228081
601 0.229265 0.0122408 0.217024 0.241506
602 0.230954 0.0248949 0.206059 0.255849
603 0.224881 0.00210495 0.222776 0.226986
604 0.225566 0.00452277 0.221043 0.230088
605 0.22903 0.0142572 0.214772 0.243287
606 0.227982 0.0123368 0.215645 0.240319
607 0.226164 0.0059308 0.220233 0.232095
608 0.229607 0.0118011 0.217806 0.241408
609 0.227297 0.00793812 0.219359 0.235236
610 0.227875 0.014862 0.213013 0.242737
611 0.238994 0.0611234 0.17787 0.300117
612 0.22657 0.00770443 0.218866 0.234275
613 0.231125 0.0183833 0.212742 0.249508
614 0.229008 0.0120894 0.216919 0.241098
615 0.224026 0.00408241 0.219944 0.228108
616 0.226571 0.0110799 0.215491 0.23765
617 0.223299 0.00298525 0.220314 0.226284
618 0.232515 0.0164633 0.216052 0.248978
619 0.227896 0.0124026 0.215494 0.240299
620 0.225651 0.00216914 0.223482 0.22782
621 0.231061 0.0210287 0.210032 0.25209
622 0.234183 0.0215417 0.212641 0.255724
623 0.226955 0.00872674 0.218229 0.235682
624 0.225223 0.00111743 0.224106 0.226341
625 0.224667 0.000608931 0.224059 0.225276
626 0.238887 0.0252784 0.213609 0.264165
627 0.23027 0.00748146 0.222788 0.237751
628 0.231809 0.0101557 0.221654 0.241965
629 0.233285 0.0201249 0.21316 0.25341
630 0.230398 0.0127329 0.217665 0.243131
631 0.226913 0.000580115 0.226333 0.227493
632 0.229821 0.00860253 0.221218 0.238423
633 0.240405 0.0318205 0.208585 0.272226
634 0.229906 0.0114531 0.218453 0.241359
635 0.234739 0.0298947 0.204844 0.264633
636 0.236578 0.0253142 0.211263 0.261892
637 0.229992 0.0109562 0.219035 0.240948
638 0.23166 0.0158284 0.215831 0.247488
639 0.231382 0.00232068 0.229061 0.233702
640 0.242137 0.017054 0.225083 0.259191
641 0.243826 0.0303212 0.213505 0.274148
642 0.245516 0.0582951 0.18722 0.303811
643 0.23491 0.0114768 0.223433 0.246387
644 0.234546 0.0114516 0.223095 0.245998
645 0.23198 0.00283828 0.229142 0.234819
646 0.242394 0.0321482 0.210245 0.274542
647 0.256784 0.0476948 0.209089 0.304479
648 0.238887 0.0167476 0.222139 0.255635
649 0.233199 0.00312244 0.230077 0.236322
650 0.239272 0.0173199 0.221952 0.256592
651 0.235615 0.00913464 0.226481 0.24475
652 0.236599 0.013339 0.22326 0.249938
653 0.239635 0.0270523 0.212583 0.266688
654 0.234653 0.00772989 0.226923 0.242383
655 0.237925 0.0204118 0.217513 0.258336
656 0.233242 0.00432839 0.228913 0.23757
657 0.236043 0.0116691 0.224374 0.247712
658 0.232729 0.00442284 0.228306 0.237152
659 0.234846 0.00990204 0.224944 0.244748
660 0.244297 0.0458186 0.198478 0.290115
661 0.239186 0.0197588 0.219427 0.258945
662 0.237754 0.0167471 0.221007 0.254501
663 0.236813 0.0110064 0.225806 0.247819
664 0.234589 0.0113867 0.223202 0.245976
665 0.235402 0.0133298 0.222072 0.248731
666 0.237989 0.0200853 0.217904 0.258074
667 0.232472 0.00330541 0.229167 0.235778
668 0.238481 0.0170135 0.221467 0.255494
669 0.23692 0.0184868 0.218433 0.255406
670 0.233776 0.0112419 0.222535 0.245018
671 0.231168 0.000531987 0.230636 0.2317
672 0.23615 0.0102481 0.225902 0.246398
673 0.234696 0.00651325 0.228183 0.241209
674 0.239443 0.0176087 0.221834 0.257052
675 0.235786 0.0146868 0.2211 0.250473
676 0.247119 0.029642 0.217477 0.276761
677 0.237198 0.0205355 0.216662 0.257733
678 0.231702 0.0108506 0.220852 0.242553
679 0.232322 0.0112269 0.221096 0.243549
680 0.241923 0.0406959 0.201227 0.282619
681 0.233648 0.020756 0.212892 0.254404
682 0.23027 0.0048468 0.225423 0.235117
683 0.230141 0.00731682 0.222825 0.237458
684 0.228816 0.00156823 0.227247 0.230384
685 0.228687 0.00212486 0.226563 0.230812
686 0.241816 0.0306969 0.211119 0.272513
687 0.236791 0.0313415 0.20545 0.268133
688 0.231403 0.0113121 0.220091 0.242715
689 0.229863 0.00337955 0.226484 0.233243
690 0.231724 0.0129108 0.218813 0.244635
691 0.232707 0.0152548 0.217452 0.247962
692 0.228923 0.00239676 0.226526 0.231319
693 0.237305 0.0152408 0.222064 0.252545
694 0.229029 0.00228493 0.226745 0.231314
695 0.231253 0.0089561 0.222297 0.240209
696 0.23955 0.0466399 0.19291 0.28619
697 0.228431 0.00164116 0.22679 0.230072
698 0.23012 0.00553458 0.224585 0.235655
699 0.229628 0.00706145 0.222567 0.23669
700 0.249215 0.0400055 0.209209 0.28922
701 0.228773 0.0027097 0.226063 0.231483
702 0.236086 0.0269779 0.209108 0.263064
703 0.228944 0.0032408 0.225703 0.232185
704 0.230612 0.00603716 0.224575 0.236649
705 0.231467 0.0138588 0.217608 0.245326
706 0.240426 0.0387609 0.201666 0.279187
707 0.231916 0.010813 0.221103 0.242729
708 0.233841 0.0158218 0.218019 0.249662
709 0.232985 0.01585 0.217135 0.248835
710 0.234503 0.0143351 0.220168 0.248839
711 0.232836 0.0153767 0.217459 0.248212
712 0.233242 0.0145838 0.218658 0.247826
713 0.239421 0.040033 0.199388 0.279454
714 0.231574 0.00832827 0.223246 0.239902
715 0.237262 0.0197109 0.217551 0.256973
716 0.228367 0.000822603 0.227544 0.229189
717 0.23568 0.0207321 0.214947 0.256412
718 0.23198 0.0131077 0.218873 0.245088
719 0.231531 0.0111792 0.220352 0.24271
720 0.236556 0.0205292 0.216027 0.257085
721 0.229136 0.00241008 0.226726 0.231546
722 0.234375 0.0168343 0.217541 0.251209
723 0.238438 0.0311155 0.207322 0.269553
724 0.23677 0.0210956 0.215674 0.257866
725 0.226763 0.0122892 0.214474 0.239052
726 0.223962 0.00125486 0.222707 0.225217
727 0.235124 0.0207337 0.21439 0.255857
728 0.224881 0.00197499 0.222906 0.226856
729 0.228217 0.0154532 0.212764 0.24367
730 0.228238 0.00845099 0.219787 0.236689
731 0.225566 0.00235201 0.223214 0.227918
732 0.223962 0.00318048 0.220781 0.227142
733 0.230505 0.0243623 0.206143 0.254867
734 0.226742 0.010777 0.215965 0.237519
735 0.223641 0.00485998 0.218781 0.228501
736 0.224047 0.00203709 0.22201 0.226084
737 0.224988 0.00824815 0.21674 0.233236
738 0.222102 0.000889624 0.221212 0.222991
739 0.222551 0.000988224 0.221562 0.223539
740 0.232066 0.0167923 0.215274 0.248858
741 0.231638 0.0209791 0.210659 0.252617
742 0.223342 0.00322836 0.220113 0.22657
743 0.223727 0.00384716 0.219879 0.227574
744 0.230355 0.0141328 0.216222 0.244488
745 0.225843 0.0029284 0.222915 0.228772
746 0.226228 0.0148667 0.211362 0.241095
747 0.222871 0.00573641 0.217135 0.228608
748 0.237775 0.0481844 0.189591 0.285959
749 0.227533 0.0153333 0.212199 0.242866
750 0.225245 0.00825172 0.216993 0.233497
751 0.221845 0.00345548 0.218389 0.2253
752 0.225394 0.0184236 0.206971 0.243818
753 0.222786 0.00512554 0.21766 0.227911
754 0.237967 0.0356082 0.202359 0.273576
755 0.226827 0.0138505 0.212977 0.240678
756 0.235081 0.040361 0.19472 0.275442
757 0.234931 0.0314679 0.203463 0.266399
758 0.225822 0.0132147 0.212607 0.239037
759 0.224218 0.0100367 0.214182 0.234255
760 0.226143 0.0117582 0.214385 0.237901
761 0.232707 0.0182294 0.214478 0.250937
762 0.222037 0.00258933 0.219448 0.224627
763 0.227661 0.016274 0.211387 0.243935
764 0.238374 0.0343875 0.203986 0.272761
765 0.225202 0.0015678 0.223634 0.22677
766 0.228174 0.009917 0.218257 0.238091
767 0.226293 0.00492873 0.221364 0.231221
768 0.232878 0.016228 0.21665 0.249106
769 0.22888 0.00939532 0.219485 0.238275
770 0.22811 0.0114499 0.21666 0.23956
771 0.228623 0.00853852 0.220085 0.237162
772 0.226079 0.00235511 0.223724 0.228434
773 0.228645 0.0105434 0.218101 0.239188
774 0.231125 0.0158932 0.215232 0.247018
775 0.22687 0.00281571 0.224054 0.229686
776 0.226442 0.00296441 0.223478 0.229407
777 0.237861 0.028389 0.209472 0.26625
778 0.229372 0.0100323 0.219339 0.239404
779 0.226977 0.00399547 0.222981 0.230972
780 0.228602 0.0164518 0.21215 0.245054
781 0.233862 0.0199528 0.213909 0.253815
782 0.22826 0.00918098 0.219079 0.237441
783 0.225694 0.00238826 0.223306 0.228082
784 0.225758 0.00305375 0.222704 0.228812
785 0.225651 0.00239361 0.223257 0.228045
786 0.225416 0.00208148 0.223334 0.227497
787 0.228067 0.012545 0.215522 0.240612
788 0.230633 0.0161084 0.214525 0.246742
789 0.230484 0.014597 0.215887 0.245081
790 0.225801 0.0023964 0.223404 0.228197
791 0.236599 0.04766 0.188939 0.284259
792 0.228965 0.00904403 0.219921 0.238009
793 0.233349 0.0182199 0.215129 0.251569
794 0.233221 0.0180093 0.215211 0.25123
795 0.228773 0.00225675 0.226516 0.23103
796 0.231959 0.0131682 0.218791 0.245127
797 0.228302 0.0023001 0.226002 0.230603
798 0.234397 0.0283001 0.206096 0.262697
799 0.231424 0.0108806 0.220544 0.242305
