# ../output/graphs/perf_parallel86QUADRUPED_thread4
# step - mean (0.254233) - standard deviation (0.288212) r=20 - ylow - yhigh
0 0.67565 0.496421 0.17923 1.17207
1 0.370692 0.356401 0.0142903 0.727093
2 0.266762 0.218265 0.0484965 0.485027
3 0.29595 0.222368 0.073582 0.518318
4 0.284539 0.235047 0.0494919 0.519586
5 0.272602 0.219328 0.0532747 0.49193
6 0.269674 0.21231 0.0573643 0.481985
7 0.269104 0.216001 0.0531025 0.485105
8 0.218685 0.0079556 0.21073 0.226641
9 0.243249 0.0885485 0.154701 0.331798
10 0.223265 0.0140818 0.209183 0.237347
11 0.223445 0.0188556 0.204589 0.242301
12 0.22909 0.0347167 0.194374 0.263807
13 0.285995 0.304071 -0.0180761 0.590066
14 0.218625 0.00787506 0.21075 0.2265
15 0.277887 0.190126 0.0877616 0.468013
16 0.21825 0.0035589 0.214691 0.221809
17 0.222304 0.0140579 0.208246 0.236362
18 0.244615 0.0716149 0.173 0.31623
19 0.21876 0.00714442 0.211616 0.225905
20 0.321039 0.296262 0.0247773 0.617301
21 0.221628 0.0102211 0.211407 0.231849
22 0.218836 0.00348888 0.215347 0.222324
23 0.224796 0.0240097 0.200787 0.248806
24 0.219932 0.00572868 0.214203 0.22566
25 0.26014 0.131212 0.128928 0.391352
26 0.22295 0.0132779 0.209672 0.236227
27 0.220487 0.00316214 0.217325 0.223649
28 0.226058 0.0144955 0.211562 0.240553
29 0.293848 0.249467 0.0443803 0.543315
30 0.278413 0.170948 0.107465 0.449361
31 0.235066 0.0513706 0.183696 0.286437
32 0.227319 0.00728719 0.220032 0.234606
33 0.227033 0.0163765 0.210657 0.24341
34 0.232559 0.0217618 0.210797 0.254321
35 0.2646 0.159565 0.105034 0.424165
36 0.269329 0.136157 0.133173 0.405486
37 0.224586 0.00560978 0.218976 0.230196
38 0.272302 0.212587 0.0597145 0.48489
39 0.256447 0.136666 0.11978 0.393113
40 0.229241 0.0138558 0.215385 0.243096
41 0.264119 0.136859 0.12726 0.400978
42 0.238835 0.0485647 0.19027 0.2874
43 0.304658 0.33871 -0.034052 0.643368
44 0.252663 0.129862 0.122801 0.382525
45 0.27035 0.179316 0.0910338 0.449666
46 0.226373 0.00886248 0.21751 0.235235
47 0.224916 0.0223303 0.202586 0.247247
48 0.32751 0.302541 0.0249689 0.630051
49 0.226598 0.0388676 0.18773 0.265466
50 0.220067 0.00413405 0.215933 0.224201
51 0.276431 0.231757 0.0446737 0.508188
52 0.275185 0.244143 0.0310415 0.519328
53 0.303652 0.370162 -0.0665093 0.673814
54 0.240877 0.0983324 0.142544 0.339209
55 0.224451 0.0223481 0.202103 0.246799
56 0.21819 0.0039729 0.214217 0.222163
57 0.289313 0.228242 0.0610712 0.517556
58 0.339357 0.34026 -0.000903911 0.679617
59 0.24993 0.106163 0.143767 0.356094
60 0.268503 0.144581 0.123923 0.413084
61 0.234045 0.057787 0.176258 0.291832
62 0.239495 0.0630924 0.176403 0.302588
63 0.246042 0.0771331 0.168909 0.323175
64 0.250516 0.115403 0.135113 0.365919
65 0.246222 0.120271 0.125951 0.366493
66 0.231042 0.0510624 0.17998 0.282105
67 0.271221 0.150934 0.120287 0.422155
68 0.248354 0.110602 0.137752 0.358956
69 0.338396 0.290678 0.0477175 0.629074
70 0.256192 0.111888 0.144303 0.36808
71 0.2234 0.00633281 0.217067 0.229733
72 0.242123 0.029993 0.21213 0.272116
73 0.237544 0.0207401 0.216804 0.258284
74 0.270861 0.171246 0.0996147 0.442107
75 0.250531 0.0770024 0.173529 0.327533
76 0.238805 0.0246011 0.214204 0.263406
77 0.232424 0.012043 0.220381 0.244467
78 0.283293 0.140583 0.14271 0.423876
79 0.280635 0.19637 0.0842653 0.477005
80 0.303202 0.185375 0.117826 0.488577
81 0.23912 0.033778 0.205342 0.272898
82 0.277587 0.185055 0.0925319 0.462642
83 0.312466 0.24599 0.0664761 0.558455
84 0.285425 0.241128 0.0442963 0.526553
85 0.298367 0.295312 0.00305551 0.593679
86 0.232063 0.00963342 0.22243 0.241697
87 0.237664 0.0232974 0.214366 0.260961
88 0.252708 0.0808359 0.171872 0.333544
89 0.254135 0.105989 0.148146 0.360123
90 0.256462 0.0727384 0.183723 0.3292
91 0.236312 0.0138405 0.222472 0.250153
92 0.246192 0.0657438 0.180448 0.311936
93 0.232003 0.0207596 0.211244 0.252763
94 0.237679 0.039818 0.197861 0.277497
95 0.23373 0.0145828 0.219147 0.248313
96 0.237934 0.0130373 0.224897 0.250971
97 0.232604 0.00408923 0.228515 0.236693
98 0.235682 0.0129697 0.222712 0.248651
99 0.253474 0.0733463 0.180128 0.32682
100 0.267978 0.115846 0.152132 0.383824
101 0.23927 0.0440178 0.195252 0.283288
102 0.231027 0.0154613 0.215566 0.246489
103 0.232123 0.0156067 0.216517 0.24773
104 0.232859 0.0152585 0.217601 0.248118
105 0.2284 0.0030393 0.22536 0.231439
106 0.230997 0.00921641 0.221781 0.240214
107 0.231433 0.0118426 0.21959 0.243275
108 0.235066 0.0156723 0.219394 0.250738
109 0.228069 0.00434382 0.223726 0.232413
110 0.231042 0.00976719 0.221275 0.24081
111 0.231748 0.0129483 0.2188 0.244696
112 0.278818 0.165376 0.113442 0.444195
113 0.24939 0.0772376 0.172152 0.326628
114 0.248894 0.0625398 0.186355 0.311434
115 0.279269 0.222199 0.0570702 0.501467
116 0.281401 0.234151 0.0472494 0.515552
117 0.253699 0.116303 0.137396 0.370002
118 0.227033 0.0103977 0.216636 0.237431
119 0.224436 0.00473124 0.219705 0.229167
120 0.226838 0.0128835 0.213955 0.239722
121 0.226478 0.00820652 0.218271 0.234684
122 0.275755 0.106849 0.168906 0.382604
123 0.259149 0.137909 0.121241 0.397058
124 0.225652 0.00856822 0.217084 0.23422
125 0.224961 0.00695626 0.218005 0.231918
126 0.238129 0.0603695 0.17776 0.298499
127 0.289749 0.261394 0.0283547 0.551143
128 0.319643 0.219401 0.100242 0.539043
129 0.232048 0.0242666 0.207782 0.256315
130 0.24951 0.0605068 0.189003 0.310017
131 0.226808 0.00839848 0.21841 0.235207
132 0.233054 0.0206368 0.212417 0.253691
133 0.249 0.108977 0.140023 0.357976
134 0.24394 0.0805309 0.163409 0.324471
135 0.253519 0.122922 0.130597 0.376441
136 0.286881 0.222259 0.0646219 0.50914
137 0.224841 0.00588204 0.218959 0.230723
138 0.232364 0.025123 0.207241 0.257487
139 0.223475 0.0019195 0.221556 0.225395
140 0.224511 0.00365721 0.220854 0.228168
141 0.224301 0.00433964 0.219961 0.22864
142 0.232859 0.0327452 0.200114 0.265604
143 0.243805 0.0851556 0.158649 0.32896
144 0.236688 0.0483409 0.188347 0.285029
145 0.265335 0.132651 0.132684 0.397986
146 0.279839 0.22632 0.0535197 0.506159
147 0.23951 0.0356347 0.203876 0.275145
148 0.240021 0.0481666 0.191854 0.288188
149 0.263248 0.162993 0.100256 0.426241
150 0.22861 0.0172696 0.21134 0.24588
151 0.222544 0.00447511 0.218069 0.227019
152 0.348711 0.551875 -0.203165 0.900586
153 0.24457 0.107129 0.137442 0.351699
154 0.257468 0.10636 0.151108 0.363827
155 0.341263 0.343564 -0.00230112 0.684828
156 0.221328 0.00361281 0.217715 0.224941
157 0.231283 0.0437123 0.18757 0.274995
158 0.255666 0.115057 0.140609 0.370723
159 0.241042 0.0584239 0.182618 0.299466
160 0.247843 0.0752866 0.172557 0.32313
161 0.301115 0.210608 0.0905068 0.511723
162 0.258098 0.0847973 0.173301 0.342896
163 0.229811 0.0149422 0.214869 0.244753
164 0.265245 0.103722 0.161523 0.368967
165 0.245171 0.051452 0.193719 0.296623
166 0.226388 0.00961623 0.216772 0.236004
167 0.268053 0.138076 0.129977 0.406128
168 0.230622 0.0270554 0.203567 0.257677
169 0.250156 0.0958809 0.154275 0.346037
170 0.282182 0.225658 0.0565233 0.50784
171 0.226328 0.0137875 0.21254 0.240115
172 0.295815 0.214221 0.0815934 0.510036
173 0.22343 0.00402709 0.219403 0.227457
174 0.251267 0.133716 0.117551 0.384983
175 0.220953 0.00734365 0.213609 0.228296
176 0.220757 0.00824088 0.212517 0.228998
177 0.24903 0.131098 0.117931 0.380128
178 0.249165 0.113666 0.135499 0.36283
179 0.288187 0.217701 0.0704864 0.505888
180 0.230397 0.0360742 0.194323 0.266471
181 0.22334 0.0113045 0.212035 0.234644
182 0.243534 0.0956311 0.147903 0.339165
183 0.271957 0.172282 0.0996744 0.444239
184 0.2181 0.00428909 0.213811 0.222389
185 0.218926 0.00886767 0.210058 0.227793
186 0.217649 0.00412458 0.213525 0.221774
187 0.21855 0.0118016 0.206749 0.230352
188 0.249795 0.141827 0.107969 0.391622
189 0.269825 0.217421 0.0524038 0.487245
190 0.222604 0.016988 0.205616 0.239592
191 0.224946 0.0296581 0.195288 0.254605
192 0.23421 0.0340497 0.200161 0.26826
193 0.224646 0.0170785 0.207568 0.241725
194 0.331054 0.305827 0.0252268 0.63688
195 0.268293 0.155644 0.112649 0.423937
196 0.323456 0.295134 0.0283225 0.61859
197 0.227454 0.0143576 0.213096 0.241811
198 0.22915 0.0241597 0.204991 0.25331
199 0.318246 0.266499 0.0517476 0.584745
200 0.246477 0.072899 0.173578 0.319376
201 0.317841 0.266615 0.0512257 0.584456
202 0.229015 0.00506526 0.22395 0.234081
203 0.225682 0.00291833 0.222764 0.2286
204 0.235667 0.0177736 0.217893 0.25344
205 0.339897 0.327922 0.0119754 0.667819
206 0.244525 0.064287 0.180238 0.308812
207 0.302481 0.233788 0.0686932 0.536269
208 0.277842 0.128519 0.149323 0.406362
209 0.230171 0.0139188 0.216253 0.24409
210 0.251357 0.0707604 0.180596 0.322117
211 0.251102 0.0633134 0.187788 0.314415
212 0.230141 0.0148761 0.215265 0.245018
213 0.234511 0.0171826 0.217328 0.251693
214 0.233415 0.0195811 0.213834 0.252996
215 0.312931 0.296442 0.016489 0.609373
216 0.231898 0.015836 0.216062 0.247734
217 0.271686 0.180513 0.0911729 0.4522
218 0.242979 0.055619 0.18736 0.298598
219 0.230171 0.0144824 0.215689 0.244654
220 0.27008 0.165406 0.104674 0.435486
221 0.228565 0.0118263 0.216739 0.240391
222 0.261882 0.144965 0.116917 0.406847
223 0.22819 0.0110773 0.217112 0.239267
224 0.356983 0.387943 -0.0309592 0.744926
225 0.276296 0.191545 0.0847509 0.467841
226 0.22915 0.00948072 0.21967 0.238631
227 0.259645 0.0762719 0.183373 0.335917
228 0.22849 0.0119886 0.216501 0.240478
229 0.280395 0.143373 0.137021 0.423768
230 0.229256 0.014424 0.214832 0.24368
231 0.248504 0.0934737 0.15503 0.341978
232 0.266101 0.148379 0.117722 0.41448
233 0.232754 0.0240342 0.20872 0.256788
234 0.304448 0.186798 0.11765 0.491246
235 0.235216 0.0181475 0.217069 0.253364
236 0.284163 0.175436 0.108728 0.459599
237 0.228084 0.00307774 0.225007 0.231162
238 0.26029 0.115157 0.145133 0.375448
239 0.234135 0.0159224 0.218213 0.250058
240 0.272437 0.120494 0.151943 0.392931
241 0.233129 0.011985 0.221144 0.245114
242 0.301445 0.300732 0.000713091 0.602177
243 0.236282 0.0376143 0.198668 0.273897
244 0.283233 0.195094 0.0881381 0.478327
245 0.227349 0.00980474 0.217544 0.237154
246 0.274569 0.184783 0.0897863 0.459352
247 0.271371 0.178738 0.0926331 0.450109
248 0.223595 0.0100749 0.21352 0.23367
249 0.35907 0.388514 -0.0294434 0.747584
250 0.246537 0.0940196 0.152518 0.340557
251 0.220893 0.00333361 0.217559 0.224226
252 0.222349 0.00885291 0.213496 0.231202
253 0.281115 0.186146 0.094969 0.467262
254 0.217965 0.0104128 0.207552 0.228378
255 0.269059 0.209144 0.0599145 0.478203
256 0.222394 0.0107163 0.211678 0.23311
257 0.220142 0.00523305 0.214909 0.225375
258 0.219586 0.00239267 0.217194 0.221979
259 0.232979 0.0207858 0.212193 0.253765
260 0.296535 0.296679 -0.000143807 0.593214
261 0.223775 0.00403059 0.219745 0.227806
262 0.230622 0.0281954 0.202427 0.258817
263 0.220472 0.00276298 0.217709 0.223235
264 0.241537 0.0542796 0.187258 0.295817
265 0.230547 0.0327824 0.197764 0.263329
266 0.237018 0.0575864 0.179432 0.294604
267 0.274779 0.234137 0.040642 0.508917
268 0.289749 0.171852 0.117897 0.4616
269 0.255471 0.16153 0.0939407 0.417001
270 0.225502 0.0198185 0.205683 0.24532
271 0.380106 0.396688 -0.0165827 0.776794
272 0.220127 0.0104371 0.20969 0.230564
273 0.217094 0.00249705 0.214597 0.219591
274 0.276791 0.247995 0.0287961 0.524787
275 0.22385 0.0232293 0.200621 0.24708
276 0.241507 0.0910285 0.150479 0.332536
277 0.220112 0.0102142 0.209898 0.230326
278 0.23885 0.0754702 0.16338 0.31432
279 0.219091 0.00875918 0.210332 0.22785
280 0.232499 0.0407714 0.191727 0.27327
281 0.253579 0.138848 0.114731 0.392427
282 0.251852 0.0900406 0.161812 0.341893
283 0.221583 0.0092306 0.212353 0.230814
284 0.226943 0.0171496 0.209794 0.244093
285 0.267047 0.176759 0.0902884 0.443806
286 0.267813 0.183817 0.083996 0.451629
287 0.22855 0.0132852 0.215265 0.241835
288 0.22822 0.00377338 0.224446 0.231993
289 0.230952 0.0135123 0.21744 0.244465
290 0.372989 0.275447 0.0975414 0.648436
291 0.23906 0.0562779 0.182782 0.295338
292 0.229241 0.0132098 0.216031 0.24245
293 0.22903 0.016071 0.212959 0.245101
294 0.224121 0.00313119 0.220989 0.227252
295 0.230111 0.0168641 0.213247 0.246976
296 0.242123 0.0685641 0.173559 0.310687
297 0.227109 0.0122491 0.214859 0.239358
298 0.269029 0.184162 0.0848673 0.45319
299 0.24924 0.0777327 0.171507 0.326973
300 0.262528 0.1467 0.115827 0.409228
301 0.234421 0.018345 0.216076 0.252766
302 0.307346 0.247625 0.0597203 0.554971
303 0.256282 0.141833 0.114449 0.398114
304 0.282302 0.252163 0.0301386 0.534465
305 0.348921 0.335925 0.012996 0.684845
306 0.246537 0.0823031 0.164234 0.32884
307 0.265425 0.16817 0.0972557 0.433595
308 0.296941 0.227432 0.0695083 0.524373
309 0.235502 0.044286 0.191216 0.279788
310 0.224241 0.0100091 0.214232 0.23425
311 0.220457 0.00348422 0.216973 0.223941
312 0.222619 0.00803927 0.21458 0.230658
313 0.235066 0.0465144 0.188552 0.281581
314 0.267482 0.194937 0.0725449 0.46242
315 0.220397 0.00468439 0.215713 0.225081
316 0.222574 0.0101685 0.212406 0.232743
317 0.279809 0.207681 0.0721278 0.487491
318 0.281311 0.185751 0.0955592 0.467062
319 0.253354 0.122074 0.13128 0.375427
320 0.249615 0.0978625 0.151753 0.347478
321 0.242393 0.0730872 0.169306 0.31548
322 0.241688 0.0814884 0.160199 0.323176
323 0.260981 0.101204 0.159778 0.362185
324 0.227469 0.00439951 0.223069 0.231868
325 0.244781 0.0611967 0.183584 0.305977
326 0.243144 0.0508936 0.19225 0.294038
327 0.233024 0.0111225 0.221902 0.244147
328 0.300379 0.197779 0.1026 0.498158
329 0.316159 0.239713 0.0764459 0.555873
330 0.233565 0.0109024 0.222662 0.244467
331 0.235472 0.0150837 0.220388 0.250555
332 0.235817 0.0290901 0.206727 0.264907
333 0.248189 0.0643008 0.183888 0.31249
334 0.231718 0.00516049 0.226557 0.236878
335 0.280245 0.193781 0.0864641 0.474025
336 0.252138 0.0998981 0.15224 0.352036
337 0.234361 0.0133676 0.220993 0.247728
338 0.273894 0.183203 0.0906908 0.457096
339 0.24457 0.0427382 0.201832 0.287309
340 0.245561 0.0526048 0.192956 0.298166
341 0.231763 0.00971452 0.222048 0.241478
342 0.309433 0.247187 0.0622452 0.55662
343 0.236538 0.0189708 0.217567 0.255508
344 0.229166 0.00442992 0.224736 0.233595
345 0.259299 0.0853918 0.173908 0.344691
346 0.233039 0.011839 0.2212 0.244878
347 0.23376 0.0226627 0.211097 0.256423
348 0.232349 0.018631 0.213718 0.25098
349 0.255756 0.0677624 0.187994 0.323518
350 0.23891 0.0161673 0.222743 0.255077
351 0.251597 0.0662832 0.185314 0.31788
352 0.23364 0.00411349 0.229526 0.237753
353 0.281806 0.198951 0.0828551 0.480757
354 0.304733 0.248393 0.0563403 0.553126
355 0.234796 0.0113507 0.223445 0.246147
356 0.236102 0.0145929 0.221509 0.250695
357 0.270906 0.153226 0.11768 0.424132
358 0.293262 0.27457 0.0186923 0.567832
359 0.233039 0.0110678 0.221971 0.244107
360 0.241597 0.024794 0.216803 0.266391
361 0.249555 0.0689091 0.180646 0.318464
362 0.247934 0.0635832 0.18435 0.311517
363 0.227334 0.00272002 0.224614 0.230054
364 0.235351 0.0167829 0.218569 0.252134
365 0.231523 0.00990635 0.221616 0.241429
366 0.249675 0.073822 0.175853 0.323497
367 0.247783 0.0653528 0.182431 0.313136
368 0.227319 0.00345398 0.223865 0.230773
369 0.307586 0.259841 0.0477453 0.567427
370 0.235096 0.016109 0.218987 0.251205
371 0.224496 0.00405601 0.22044 0.228552
372 0.244045 0.070703 0.173342 0.314748
373 0.26451 0.180966 0.083543 0.445476
374 0.294764 0.215959 0.0788049 0.510722
375 0.225157 0.00899695 0.21616 0.234154
376 0.242168 0.0621613 0.180007 0.304329
377 0.231613 0.0191398 0.212473 0.250753
378 0.220007 0.00374613 0.216261 0.223753
379 0.239075 0.0558722 0.183203 0.294947
380 0.292091 0.287423 0.00466809 0.579514
381 0.228595 0.0155855 0.213009 0.24418
382 0.229286 0.0165447 0.212741 0.24583
383 0.225472 0.013079 0.212393 0.238551
384 0.223835 0.00312416 0.220711 0.22696
385 0.284839 0.159439 0.1254 0.444278
386 0.266056 0.163949 0.102107 0.430005
387 0.307271 0.292223 0.0150474 0.599494
388 0.223595 0.00318844 0.220407 0.226784
389 0.233249 0.0222311 0.211018 0.255481
390 0.243865 0.0575116 0.186353 0.301376
391 0.282392 0.194223 0.0881689 0.476615
392 0.227814 0.0393797 0.188435 0.267194
393 0.228595 0.0340415 0.194553 0.262636
394 0.221929 0.00446258 0.217466 0.226391
395 0.258128 0.149378 0.108751 0.407506
396 0.299073 0.22043 0.0786432 0.519502
397 0.224646 0.0154276 0.209219 0.240074
398 0.221373 0.0038263 0.217547 0.225199
399 0.235021 0.0335169 0.201504 0.268538
400 0.238099 0.0708958 0.167203 0.308995
401 0.344942 0.373051 -0.0281094 0.717993
402 0.22337 0.00960421 0.213766 0.232974
403 0.280275 0.251956 0.0283189 0.53223
404 0.226012 0.0249914 0.201021 0.251004
405 0.225982 0.023187 0.202795 0.249169
406 0.243805 0.101668 0.142137 0.345472
407 0.277842 0.247489 0.030353 0.525332
408 0.221793 0.0105906 0.211203 0.232384
409 0.272302 0.214165 0.0581369 0.486467
410 0.260591 0.155929 0.104662 0.416519
411 0.243174 0.066424 0.17675 0.309598
412 0.226373 0.00604788 0.220325 0.232421
413 0.226012 0.0034255 0.222587 0.229438
414 0.339552 0.344119 -0.00456775 0.683671
415 0.310424 0.264049 0.0463744 0.574473
416 0.230247 0.00476682 0.22548 0.235013
417 0.232289 0.0124822 0.219806 0.244771
418 0.261747 0.0930662 0.168681 0.354813
419 0.229676 0.00809961 0.221576 0.237776
420 0.22849 0.00774716 0.220743 0.236237
421 0.261747 0.139931 0.121816 0.401677
422 0.284479 0.226827 0.0576514 0.511306
423 0.292331 0.204651 0.0876807 0.496982
424 0.244075 0.0544648 0.18961 0.29854
425 0.225352 0.00236348 0.222988 0.227715
426 0.253879 0.0848993 0.16898 0.338779
427 0.234556 0.0263307 0.208225 0.260886
428 0.252093 0.0776478 0.174445 0.32974
429 0.226553 0.0127665 0.213786 0.239319
430 0.238384 0.0535373 0.184847 0.291922
431 0.245651 0.0844304 0.161221 0.330082
432 0.245186 0.098294 0.146892 0.34348
433 0.240787 0.0453619 0.195425 0.286149
434 0.245216 0.0767843 0.168432 0.322
435 0.309988 0.289629 0.0203597 0.599617
436 0.271116 0.215332 0.0557841 0.486448
437 0.248369 0.0718499 0.176519 0.320219
438 0.285815 0.135603 0.150212 0.421418
439 0.228445 0.0285385 0.199906 0.256983
440 0.252168 0.129377 0.12279 0.381545
441 0.237844 0.0695125 0.168331 0.307356
442 0.264765 0.185008 0.0797566 0.449773
443 0.22352 0.00956376 0.213956 0.233084
444 0.272963 0.152939 0.120024 0.425901
445 0.22298 0.00455359 0.218426 0.227533
446 0.231403 0.0442789 0.187124 0.275682
447 0.25969 0.141737 0.117953 0.401427
448 0.257228 0.141955 0.115272 0.399183
449 0.237363 0.0534201 0.183943 0.290783
450 0.314147 0.220528 0.0936193 0.534675
451 0.226418 0.00461899 0.221799 0.231037
452 0.258534 0.136608 0.121926 0.395142
453 0.238339 0.0603287 0.178011 0.298668
454 0.292887 0.262409 0.0304774 0.555296
455 0.235021 0.0101159 0.224905 0.245137
456 0.235096 0.0128374 0.222259 0.247934
457 0.248669 0.0736949 0.174974 0.322364
458 0.232198 0.00913336 0.223065 0.241332
459 0.30613 0.316548 -0.0104182 0.622677
460 0.230547 0.0035095 0.227037 0.234056
461 0.253129 0.105937 0.147192 0.359065
462 0.243009 0.0565759 0.186433 0.299585
463 0.234481 0.0110367 0.223444 0.245517
464 0.233895 0.00975033 0.224145 0.243645
465 0.232063 0.0106035 0.22146 0.242667
466 0.247423 0.0699862 0.177437 0.317409
467 0.266657 0.136502 0.130154 0.403159
468 0.229466 0.00887621 0.22059 0.238342
469 0.23388 0.013154 0.220726 0.247034
470 0.27017 0.172119 0.0980508 0.442289
471 0.293562 0.210516 0.0830469 0.504078
472 0.29595 0.194909 0.101041 0.490858
473 0.229015 0.00468516 0.22433 0.233701
474 0.236478 0.0168335 0.219644 0.253311
475 0.241432 0.0281405 0.213292 0.269573
476 0.296971 0.281792 0.0151789 0.578763
477 0.238805 0.0354665 0.203338 0.274271
478 0.3061 0.249612 0.0564874 0.555712
479 0.231793 0.00914867 0.222644 0.240942
480 0.23403 0.00896315 0.225067 0.242993
481 0.260696 0.0781077 0.182588 0.338804
482 0.23337 0.0113739 0.221996 0.244743
483 0.244015 0.0505806 0.193434 0.294595
484 0.240066 0.0290157 0.21105 0.269082
485 0.260846 0.0845221 0.176324 0.345368
486 0.24466 0.0382348 0.206426 0.282895
487 0.231117 0.0110122 0.220105 0.24213
488 0.237153 0.036884 0.200269 0.274037
489 0.29053 0.202086 0.0884433 0.492616
490 0.325829 0.305625 0.0202032 0.631454
491 0.227904 0.00340464 0.2245 0.231309
492 0.238309 0.0399345 0.198375 0.278244
493 0.294779 0.179762 0.115017 0.47454
494 0.228955 0.00270172 0.226254 0.231657
495 0.239856 0.0581929 0.181663 0.298049
496 0.237754 0.0352666 0.202487 0.27302
497 0.231268 0.00524198 0.226026 0.23651
498 0.302766 0.337723 -0.0349567 0.640489
499 0.223535 0.0037953 0.21974 0.22733
500 0.226283 0.0106217 0.215661 0.236904
501 0.222814 0.00368267 0.219132 0.226497
502 0.225727 0.0112671 0.21446 0.236994
503 0.240156 0.0499091 0.190247 0.290065
504 0.297571 0.199968 0.0976029 0.49754
505 0.241988 0.0883731 0.153615 0.330361
506 0.222604 0.00367299 0.218931 0.226277
507 0.243144 0.0581278 0.185016 0.301272
508 0.244856 0.0879981 0.156858 0.332854
509 0.222529 0.00835077 0.214178 0.23088
510 0.293878 0.17411 0.119767 0.467988
511 0.236463 0.0469346 0.189528 0.283397
512 0.232994 0.0146441 0.21835 0.247638
513 0.224736 0.00286835 0.221868 0.227605
514 0.260636 0.144 0.116636 0.404636
515 0.231057 0.022571 0.208486 0.253628
516 0.252858 0.0706636 0.182195 0.323522
517 0.234165 0.0290396 0.205126 0.263205
518 0.267993 0.200016 0.0679773 0.468008
519 0.22322 0.00772874 0.215491 0.230949
520 0.240622 0.0682223 0.172399 0.308844
521 0.22316 0.00964918 0.213511 0.232809
522 0.224751 0.0179646 0.206787 0.242716
523 0.269599 0.20353 0.0660692 0.47313
524 0.224376 0.012392 0.211984 0.236768
525 0.220682 0.00290195 0.21778 0.223584
526 0.287917 0.270749 0.0171683 0.558666
527 0.222499 0.0107558 0.211743 0.233255
528 0.22319 0.0105341 0.212656 0.233724
529 0.250846 0.115967 0.134879 0.366813
530 0.220817 0.00308038 0.217737 0.223898
531 0.228054 0.0150874 0.212967 0.243142
532 0.248955 0.119931 0.129024 0.368885
533 0.222965 0.00875665 0.214208 0.231721
534 0.225592 0.0222997 0.203292 0.247892
535 0.293292 0.185169 0.108123 0.478461
536 0.222904 0.00761817 0.215286 0.230523
537 0.241372 0.0659443 0.175428 0.307317
538 0.225367 0.00908715 0.21628 0.234454
539 0.245201 0.0944699 0.150731 0.339671
540 0.245696 0.0680901 0.177606 0.313787
541 0.25969 0.143127 0.116563 0.402817
542 0.225952 0.0108039 0.215148 0.236756
543 0.224451 0.0030021 0.221449 0.227453
544 0.258564 0.0660634 0.1925 0.324627
545 0.229946 0.00967605 0.22027 0.239622
546 0.229301 0.0103106 0.21899 0.239611
547 0.298923 0.228013 0.0709099 0.526935
548 0.248489 0.0517567 0.196732 0.300246
549 0.229361 0.009913 0.219448 0.239274
550 0.227439 0.00631136 0.221127 0.23375
551 0.22888 0.00749616 0.221384 0.236376
552 0.249976 0.0523687 0.197607 0.302344
553 0.230201 0.0106064 0.219595 0.240808
554 0.248084 0.0941946 0.153889 0.342278
555 0.261612 0.132865 0.128747 0.394476
556 0.270515 0.167907 0.102608 0.438423
557 0.230186 0.0165474 0.213639 0.246734
558 0.276746 0.231079 0.0456673 0.507825
559 0.225187 0.0115788 0.213608 0.236765
560 0.224001 0.0100305 0.21397 0.234031
561 0.226223 0.0180626 0.20816 0.244285
562 0.222289 0.0039893 0.2183 0.226278
563 0.295544 0.217968 0.0775767 0.513512
564 0.223805 0.00660574 0.2172 0.230411
565 0.247633 0.107411 0.140223 0.355044
566 0.223865 0.0150344 0.208831 0.2389
567 0.258669 0.13083 0.127839 0.389499
568 0.296235 0.283025 0.0132101 0.57926
569 0.224871 0.0138294 0.211042 0.238701
570 0.233415 0.0447221 0.188692 0.278137
571 0.222409 0.0108205 0.211588 0.23323
572 0.262648 0.139787 0.122861 0.402435
573 0.230397 0.0224133 0.207983 0.25281
574 0.221523 0.00476041 0.216763 0.226284
575 0.220397 0.00378706 0.21661 0.224184
576 0.231328 0.0248624 0.206465 0.25619
577 0.222454 0.0136172 0.208837 0.236071
578 0.252753 0.122062 0.130692 0.374815
579 0.227679 0.0201766 0.207503 0.247856
580 0.22298 0.00337672 0.219603 0.226356
581 0.263248 0.160529 0.10272 0.423777
582 0.226193 0.0033491 0.222844 0.229542
583 0.232198 0.0106739 0.221524 0.242872
584 0.228535 0.00478155 0.223753 0.233316
585 0.271867 0.138784 0.133083 0.410651
586 0.232334 0.00935056 0.222983 0.241684
587 0.258173 0.123861 0.134313 0.382034
588 0.236958 0.0245984 0.21236 0.261556
589 0.303127 0.214381 0.0887458 0.517508
590 0.232048 0.0062809 0.225767 0.238329
591 0.236643 0.0163911 0.220252 0.253034
592 0.242363 0.0437123 0.198651 0.286076
593 0.274599 0.140076 0.134523 0.414675
594 0.231538 0.0107206 0.220817 0.242258
595 0.266311 0.165596 0.100716 0.431907
596 0.287842 0.248737 0.0391053 0.536579
597 0.231087 0.00845967 0.222628 0.239547
598 0.243669 0.0837971 0.159872 0.327467
599 0.230442 0.0138216 0.21662 0.244263
600 0.233204 0.0225242 0.21068 0.255729
601 0.266927 0.159543 0.107384 0.42647
602 0.289599 0.197196 0.092403 0.486794
603 0.228505 0.0103682 0.218137 0.238873
604 0.253714 0.0883819 0.165332 0.342096
605 0.23343 0.0354971 0.197933 0.268927
606 0.229751 0.0160231 0.213728 0.245774
607 0.225757 0.00411143 0.221646 0.229869
608 0.243805 0.0475983 0.196206 0.291403
609 0.298577 0.198414 0.100163 0.496991
610 0.250426 0.0792316 0.171194 0.329658
611 0.227694 0.00338259 0.224312 0.231077
612 0.226808 0.00366931 0.223139 0.230478
613 0.243955 0.0537936 0.190161 0.297748
614 0.261432 0.153912 0.107519 0.415344
615 0.288292 0.210345 0.0779474 0.498637
616 0.286956 0.160234 0.126722 0.44719
617 0.288202 0.269455 0.0187478 0.557657
618 0.22864 0.0112022 0.217438 0.239842
619 0.229511 0.0222599 0.207251 0.251771
620 0.284314 0.169469 0.114844 0.453783
621 0.23909 0.0665693 0.172521 0.305659
622 0.298637 0.248024 0.0506135 0.546661
623 0.288247 0.179635 0.108612 0.467883
624 0.22834 0.010965 0.217375 0.239305
625 0.232709 0.0241159 0.208593 0.256825
626 0.228325 0.0323193 0.196005 0.260644
627 0.225097 0.0142839 0.210813 0.23938
628 0.231358 0.0331052 0.198252 0.264463
629 0.223415 0.0111569 0.212258 0.234572
630 0.263849 0.160524 0.103325 0.424372
631 0.265455 0.132165 0.13329 0.397621
632 0.244 0.0906098 0.15339 0.33461
633 0.26023 0.123666 0.136564 0.383897
634 0.226148 0.0131213 0.213026 0.239269
635 0.228835 0.03028 0.198555 0.259115
636 0.313231 0.300905 0.012326 0.614137
637 0.226403 0.0193416 0.207061 0.245744
638 0.21798 0.00432864 0.213651 0.222308
639 0.237754 0.0651704 0.172583 0.302924
640 0.228265 0.0203234 0.207941 0.248588
641 0.224766 0.0110482 0.213718 0.235814
642 0.238189 0.0735084 0.164681 0.311698
643 0.263579 0.146763 0.116816 0.410342
644 0.221058 0.00330901 0.217749 0.224367
645 0.261507 0.121065 0.140441 0.382572
646 0.236057 0.0417511 0.194306 0.277808
647 0.223625 0.00869496 0.21493 0.23232
648 0.22301 0.00857128 0.214438 0.231581
649 0.224316 0.0148547 0.209461 0.239171
650 0.221748 0.00934303 0.212405 0.231091
651 0.23346 0.0494371 0.184023 0.282897
652 0.221628 0.0100798 0.211548 0.231708
653 0.292977 0.319856 -0.0268795 0.612833
654 0.228745 0.0529473 0.175798 0.281692
655 0.217439 0.00853629 0.208903 0.225976
656 0.224286 0.0324366 0.191849 0.256722
657 0.219947 0.00975106 0.210196 0.229698
658 0.229826 0.0329242 0.196902 0.26275
659 0.278383 0.178271 0.100112 0.456654
660 0.218025 0.00395137 0.214073 0.221976
661 0.348711 0.324185 0.0245256 0.672895
662 0.280305 0.257949 0.0223553 0.538254
663 0.284674 0.196904 0.0877703 0.481578
664 0.315424 0.290685 0.0247388 0.606108
665 0.222965 0.0111003 0.211864 0.234065
666 0.279089 0.225612 0.053477 0.5047
667 0.225412 0.0190917 0.20632 0.244504
668 0.220307 0.00831062 0.211996 0.228618
669 0.221493 0.00736988 0.214123 0.228863
670 0.311039 0.262337 0.0487024 0.573376
671 0.24445 0.0481875 0.196263 0.292638
672 0.292752 0.203576 0.0891756 0.496328
673 0.231883 0.0196329 0.21225 0.251516
674 0.242018 0.0739917 0.168026 0.31601
675 0.301415 0.231604 0.0698105 0.53302
676 0.243084 0.078783 0.164301 0.321867
677 0.305439 0.279547 0.0258914 0.584986
678 0.223235 0.00318986 0.220045 0.226425
679 0.247063 0.0790999 0.167963 0.326163
680 0.229316 0.0163199 0.212996 0.245636
681 0.237468 0.0447608 0.192708 0.282229
682 0.298052 0.176571 0.121481 0.474623
683 0.250501 0.120414 0.130087 0.370915
684 0.255576 0.124421 0.131155 0.379997
685 0.241793 0.0618669 0.179926 0.30366
686 0.219196 0.00282092 0.216375 0.222017
687 0.264825 0.169497 0.0953279 0.434322
688 0.233144 0.0466234 0.186521 0.279768
689 0.219196 0.0032153 0.215981 0.222411
690 0.244405 0.0881674 0.156238 0.332573
691 0.284043 0.251149 0.0328948 0.535192
692 0.237619 0.0606917 0.176927 0.29831
693 0.261131 0.186193 0.0749386 0.447324
694 0.31164 0.286726 0.024914 0.598366
695 0.323591 0.308742 0.0148489 0.632334
696 0.264525 0.18174 0.0827848 0.446264
697 0.216328 0.00302443 0.213304 0.219353
698 0.416591 0.848512 -0.431922 1.2651
699 0.277392 0.181485 0.0959071 0.458877
700 1.86344 6.64859 -4.78515 8.51204
701 0.640757 1.82005 -1.17929 2.4608
702 0.415255 0.720064 -0.304809 1.13532
703 0.240321 0.0769364 0.163385 0.317258
704 0.26547 0.159622 0.105849 0.425092
705 0.233685 0.0312143 0.202471 0.264899
706 0.228505 0.0104198 0.218085 0.238925
707 0.272077 0.201045 0.071032 0.473122
708 0.227364 0.00987685 0.217487 0.237241
709 0.276026 0.148422 0.127604 0.424447
710 0.229286 0.00350898 0.225777 0.232795
711 0.238865 0.0185756 0.220289 0.25744
712 0.231027 0.00984621 0.221181 0.240874
713 0.258459 0.0576004 0.200858 0.316059
714 0.24424 0.0428657 0.201374 0.287106
715 0.23409 0.00915289 0.224937 0.243243
716 0.230502 0.00295354 0.227548 0.233455
717 0.230742 0.00923182 0.22151 0.239974
718 0.233895 0.0181564 0.215739 0.252051
719 0.284073 0.227047 0.0570259 0.511121
720 0.290289 0.180969 0.109321 0.471258
721 0.304028 0.178578 0.12545 0.482605
722 0.280845 0.209628 0.0712173 0.490473
723 0.229601 0.00270327 0.226898 0.232304
724 0.335678 0.317216 0.0184616 0.652894
725 0.22915 0.00575106 0.223399 0.234902
726 0.356038 0.372635 -0.0165973 0.728672
727 0.276521 0.166743 0.109778 0.443264
728 0.233294 0.0156404 0.217654 0.248935
729 0.245621 0.0728228 0.172798 0.318444
730 0.234601 0.0139581 0.220643 0.248559
731 0.298607 0.222188 0.0764189 0.520796
732 0.231913 0.00841243 0.223501 0.240326
733 0.232289 0.00877721 0.223511 0.241066
734 0.266266 0.14946 0.116806 0.415726
735 0.263173 0.0911556 0.172018 0.354329
736 0.243234 0.0478184 0.195416 0.291052
737 0.290815 0.169701 0.121114 0.460515
738 0.239631 0.0325245 0.207106 0.272155
739 0.243549 0.0311787 0.212371 0.274728
740 0.234466 0.0117457 0.22272 0.246211
741 0.261957 0.13169 0.130267 0.393648
742 0.284344 0.22909 0.0552538 0.513433
743 0.23361 0.0254633 0.208146 0.259073
744 0.247904 0.0420922 0.205811 0.289996
745 0.270756 0.155853 0.114902 0.426609
746 0.266371 0.152051 0.11432 0.418423
747 0.230382 0.00849324 0.221888 0.238875
748 0.228039 0.0036289 0.224411 0.231668
749 0.229721 0.010341 0.21938 0.240062
750 0.231688 0.00952275 0.222165 0.241211
751 0.258684 0.084769 0.173915 0.343453
752 0.233925 0.0136894 0.220236 0.247614
753 0.233355 0.0410159 0.192339 0.27437
754 0.222919 0.00386694 0.219053 0.226786
755 0.281806 0.167697 0.114109 0.449503
756 0.294238 0.313635 -0.0193967 0.607873
757 0.250621 0.134485 0.116136 0.385106
758 0.237874 0.0408399 0.197034 0.278714
759 0.322195 0.289441 0.0327544 0.611636
760 0.297992 0.223852 0.0741399 0.521844
761 0.224721 0.0144773 0.210244 0.239199
762 0.263248 0.143368 0.119881 0.406616
763 0.234901 0.0674079 0.167493 0.302309
764 0.257167 0.157898 0.0992693 0.415066
765 0.287181 0.281716 0.00546499 0.568898
766 0.21855 0.00899043 0.20956 0.227541
767 0.225697 0.016812 0.208885 0.242509
768 0.28041 0.230653 0.049757 0.511063
769 0.225517 0.00812336 0.217394 0.23364
770 0.245321 0.0957546 0.149566 0.341076
771 0.222259 0.00643157 0.215827 0.22869
772 0.224931 0.00884374 0.216088 0.233775
773 0.226208 0.0167671 0.209441 0.242975
774 0.259194 0.0775481 0.181646 0.336743
775 0.281941 0.24572 0.0362212 0.527661
776 0.250501 0.118225 0.132276 0.368726
777 0.293277 0.238298 0.0549789 0.531575
778 0.221058 0.0038082 0.21725 0.224866
779 0.257002 0.0841728 0.172829 0.341175
780 0.241087 0.0785936 0.162493 0.319681
781 0.270215 0.183073 0.0871423 0.453288
782 0.341248 0.292532 0.0487161 0.633781
783 0.264855 0.184814 0.0800409 0.449669
784 0.252633 0.142404 0.110229 0.395037
785 0.222274 0.0064416 0.215832 0.228715
786 0.21843 0.00310098 0.215329 0.221531
787 0.23361 0.0588619 0.174748 0.292472
788 0.277647 0.236777 0.0408701 0.514424
789 0.275395 0.146763 0.128632 0.422158
790 0.259014 0.119334 0.13968 0.378348
791 0.269374 0.144079 0.125295 0.413453
792 0.328321 0.25854 0.069781 0.586861
793 0.264014 0.113431 0.150583 0.377445
794 0.288893 0.279746 0.00914688 0.568639
795 0.219977 0.00407827 0.215898 0.224055
796 0.224151 0.0111433 0.213007 0.235294
797 0.259104 0.153157 0.105948 0.412261
798 0.231913 0.0274463 0.204467 0.259359
799 0.234511 0.0185289 0.215982 0.25304
