# ../output/graphs/perf_parallel56BIPED_thread2
# step - mean (0.104297) - standard deviation (0.0183237) r=20 - ylow - yhigh
0 0.116706 0.0292059 0.0875006 0.145912
1 0.111254 0.0191469 0.092107 0.130401
2 0.110334 0.0194203 0.0909141 0.129755
3 0.111746 0.0184749 0.0932707 0.130221
4 0.109992 0.0192404 0.0907519 0.129233
5 0.110634 0.0186135 0.0920203 0.129247
6 0.1064 0.011892 0.0945081 0.118292
7 0.103556 0.00650857 0.0970476 0.110065
8 0.100584 0.00204022 0.0985438 0.102624
9 0.105887 0.0145008 0.0913861 0.120388
10 0.106999 0.0148202 0.0921785 0.121819
11 0.10392 0.012826 0.0910936 0.116746
12 0.110163 0.0222923 0.0878711 0.132456
13 0.105117 0.0121076 0.0930094 0.117225
14 0.102893 0.00589229 0.097001 0.108786
15 0.10129 0.00236284 0.0989267 0.103652
16 0.10052 0.00302235 0.0974975 0.103542
17 0.104326 0.0129074 0.0914185 0.117233
18 0.10377 0.0129497 0.0908203 0.11672
19 0.102786 0.0116155 0.0911708 0.114402
20 0.108859 0.0180647 0.0907944 0.126924
21 0.104411 0.0120923 0.0923192 0.116504
22 0.104048 0.0117873 0.0922606 0.115835
23 0.102252 0.00801881 0.094233 0.110271
24 0.101247 0.00604471 0.0952021 0.107292
25 0.101012 0.00397647 0.0970351 0.104988
26 0.104155 0.0177347 0.0864202 0.12189
27 0.101803 0.00520346 0.0965993 0.107006
28 0.102957 0.00680073 0.0961567 0.109758
29 0.101824 0.00457389 0.0972502 0.106398
30 0.102594 0.00830781 0.0942861 0.110902
31 0.102017 0.00501921 0.0969974 0.107036
32 0.102851 0.0040197 0.0988308 0.10687
33 0.100285 0.00142159 0.098863 0.101706
34 0.100648 0.00354275 0.0971054 0.104191
35 0.107683 0.0127126 0.0949704 0.120396
36 0.107662 0.0164548 0.0912068 0.124116
37 0.109073 0.0181737 0.0908992 0.127247
38 0.107426 0.0175122 0.0899143 0.124939
39 0.109458 0.0190334 0.0904243 0.128491
40 0.112173 0.0198788 0.0922946 0.132052
41 0.111446 0.0258018 0.0856445 0.137248
42 0.108282 0.0173221 0.0909596 0.125604
43 0.105694 0.011535 0.0941595 0.117229
44 0.106208 0.0127576 0.09345 0.118965
45 0.106208 0.0120347 0.0941729 0.118242
46 0.105331 0.0160265 0.0893044 0.121357
47 0.106165 0.0155297 0.0906352 0.121695
48 0.110484 0.0170377 0.0934464 0.127522
49 0.107298 0.0153466 0.0919514 0.122645
50 0.105566 0.0156086 0.0899575 0.121175
51 0.104133 0.0114739 0.0926596 0.115607
52 0.107726 0.0180102 0.0897156 0.125736
53 0.09975 0.0125659 0.0871841 0.112316
54 0.0964785 0.0043157 0.0921628 0.100794
55 0.0962219 0.00131811 0.0949038 0.09754
56 0.100242 0.0128292 0.0874127 0.113071
57 0.0995148 0.0115957 0.0879191 0.111111
58 0.106849 0.0214502 0.0853989 0.128299
59 0.0999425 0.0113535 0.088589 0.111296
60 0.100926 0.0114624 0.0894637 0.112388
61 0.106528 0.0183642 0.0881642 0.124892
62 0.107875 0.0208692 0.0870062 0.128745
63 0.105074 0.018172 0.0869023 0.123246
64 0.107576 0.0186485 0.0889275 0.126225
65 0.104668 0.0182161 0.0864519 0.122884
66 0.107597 0.017929 0.0896684 0.125526
67 0.104133 0.0141846 0.0899489 0.118318
68 0.102936 0.00880291 0.0941331 0.111739
69 0.100627 0.0131137 0.087513 0.11374
70 0.101674 0.0135983 0.0880762 0.115273
71 0.100648 0.0114162 0.0892319 0.112064
72 0.0995148 0.011476 0.0880388 0.110991
73 0.111404 0.0165101 0.0948934 0.127914
74 0.111297 0.0133985 0.0978982 0.124695
75 0.114354 0.0198794 0.094475 0.134234
76 0.110677 0.0149609 0.0957157 0.125637
77 0.112451 0.01809 0.0943613 0.130541
78 0.115659 0.0221405 0.0935183 0.137799
79 0.114632 0.0217689 0.0928634 0.136401
80 0.11429 0.0220521 0.0922381 0.136342
81 0.112109 0.0174754 0.0946338 0.129585
82 0.114632 0.0179932 0.0966392 0.132626
83 0.113627 0.0162824 0.097345 0.12991
84 0.109565 0.012381 0.0971837 0.121946
85 0.117006 0.0231322 0.0938736 0.140138
86 0.114483 0.0211682 0.0933145 0.135651
87 0.111147 0.017771 0.093376 0.128918
88 0.111788 0.0175131 0.0942754 0.129302
89 0.109501 0.0135496 0.095951 0.12305
90 0.109436 0.0100775 0.0993589 0.119514
91 0.112173 0.0142923 0.0978811 0.126466
92 0.121304 0.0275145 0.0937892 0.148818
93 0.120277 0.0249571 0.0953203 0.145234
94 0.122052 0.0248482 0.0972039 0.1469
95 0.12032 0.024233 0.0960872 0.144553
96 0.127056 0.0266681 0.100388 0.153724
97 0.110612 0.0162002 0.0944122 0.126813
98 0.103749 0.00417789 0.0995707 0.107926
99 0.103022 0.0036611 0.0993605 0.106683
100 0.105587 0.0132992 0.0922883 0.118887
101 0.107063 0.0141043 0.0929586 0.121167
102 0.106507 0.0133641 0.0931429 0.119871
103 0.104754 0.0114787 0.0932749 0.116232
104 0.107213 0.0147159 0.0924966 0.121929
105 0.105887 0.0116172 0.0942696 0.117504
106 0.116706 0.0298037 0.0869028 0.14651
107 0.105481 0.0136944 0.0917862 0.119175
108 0.105887 0.0128313 0.0930556 0.118718
109 0.10965 0.0186264 0.0910237 0.128277
110 0.105438 0.011662 0.0937758 0.1171
111 0.105823 0.0116503 0.0941724 0.117473
112 0.106122 0.00870174 0.0974203 0.114824
113 0.105737 0.00562631 0.100111 0.111363
114 0.110484 0.0153761 0.0951081 0.12586
115 0.108709 0.0154599 0.0932495 0.124169
116 0.10888 0.0153249 0.0935555 0.124205
117 0.108602 0.0156034 0.092999 0.124206
118 0.110484 0.0155946 0.0948896 0.126079
119 0.109244 0.0168484 0.0923956 0.126092
120 0.10903 0.0118749 0.0971552 0.120905
121 0.110099 0.012497 0.0976022 0.122596
122 0.111297 0.0202641 0.0910325 0.131561
123 0.110612 0.0177542 0.0928582 0.128367
124 0.115915 0.031929 0.0839863 0.147844
125 0.108945 0.0171178 0.0918268 0.126062
126 0.10903 0.0168776 0.0921525 0.125908
127 0.142836 0.137405 0.00543104 0.280241
128 0.125602 0.0245236 0.101078 0.150125
129 0.115616 0.020723 0.094893 0.136339
130 0.112751 0.0188528 0.0938979 0.131603
131 0.114846 0.0190622 0.095784 0.133908
132 0.110955 0.0183001 0.0926545 0.129255
133 0.10593 0.0113574 0.0945722 0.117287
134 0.11181 0.0137565 0.0980533 0.125566
135 0.109458 0.0121986 0.0972592 0.121656
136 0.108496 0.0165591 0.0919364 0.125055
137 0.109672 0.0159804 0.0936912 0.125652
138 0.108645 0.0160575 0.0925878 0.124703
139 0.110399 0.0197274 0.0906712 0.130126
140 0.106785 0.0126234 0.0941615 0.119408
141 0.108987 0.0179417 0.0910456 0.126929
142 0.105887 0.00860359 0.0972833 0.11449
143 0.103749 0.00574935 0.0979992 0.109498
144 0.102273 0.0021607 0.100112 0.104434
145 0.104027 0.00521644 0.0988101 0.109243
146 0.102551 0.00294616 0.099605 0.105497
147 0.103556 0.00358381 0.0999723 0.10714
148 0.107982 0.0116746 0.0963077 0.119657
149 0.102872 0.00313232 0.0997396 0.106004
150 0.105459 0.00633794 0.0991213 0.111797
151 0.10516 0.00759838 0.0975615 0.112758
152 0.104625 0.00663384 0.0979914 0.111259
153 0.103791 0.00417942 0.0996119 0.107971
154 0.107042 0.0154318 0.0916098 0.122473
155 0.104198 0.00620504 0.0979926 0.110403
156 0.106935 0.0128178 0.0941168 0.119752
157 0.10702 0.0117887 0.0952315 0.118809
158 0.105823 0.0116055 0.0942172 0.117428
159 0.107533 0.0140622 0.0934711 0.121596
160 0.109051 0.021567 0.0874845 0.130619
161 0.106208 0.012572 0.0936356 0.11878
162 0.10826 0.0155799 0.0926804 0.12384
163 0.106336 0.0137717 0.0925642 0.120108
164 0.116065 0.0230815 0.0929835 0.139147
165 0.113114 0.0180064 0.0951078 0.131121
166 0.114718 0.0182968 0.0964211 0.133015
167 0.108175 0.0168869 0.0912879 0.125062
168 0.103556 0.0131716 0.0903845 0.116728
169 0.103556 0.0116533 0.0919029 0.115209
170 0.104625 0.0129235 0.0917017 0.117549
171 0.109992 0.0224657 0.0875266 0.132458
172 0.106528 0.0167091 0.0898193 0.123237
173 0.112644 0.0200803 0.0925635 0.132724
174 0.113178 0.0231373 0.0900411 0.136316
175 0.108774 0.0167415 0.092032 0.125515
176 0.104369 0.0123624 0.0920063 0.116731
177 0.101161 0.0027499 0.0984114 0.103911
178 0.103706 0.00573038 0.0979754 0.109436
179 0.101054 0.00138641 0.099668 0.102441
180 0.101033 0.00281042 0.0982226 0.103843
181 0.103 0.00440352 0.0985967 0.107404
182 0.10238 0.00374871 0.0986314 0.106129
183 0.106678 0.0132472 0.0934308 0.119925
184 0.104283 0.0116392 0.092644 0.115922
185 0.110142 0.0236811 0.0864609 0.133823
186 0.111788 0.0238745 0.0879139 0.135663
187 0.108816 0.0197692 0.0890471 0.128585
188 0.111211 0.0208125 0.0903987 0.132024
189 0.114632 0.0215086 0.0931237 0.136141
190 0.104347 0.00793293 0.0964144 0.11228
191 0.103877 0.00514057 0.0987363 0.109017
192 0.10424 0.00800508 0.0962353 0.112245
193 0.103193 0.00671989 0.0964728 0.109913
194 0.101461 0.00378631 0.0976743 0.105247
195 0.103022 0.00836048 0.0946611 0.111382
196 0.107982 0.0132714 0.094711 0.121254
197 0.105352 0.0109125 0.0944398 0.116265
198 0.102295 0.00411879 0.0981758 0.106413
199 0.101268 0.00267275 0.0985955 0.103941
200 0.102188 0.00424538 0.0979423 0.106433
201 0.105074 0.0177685 0.0873058 0.122843
202 0.104005 0.0133203 0.0906849 0.117325
203 0.106614 0.0138602 0.0927536 0.120474
204 0.11027 0.0212816 0.0889887 0.131552
205 0.11568 0.0223088 0.0933713 0.137989
206 0.112409 0.0208988 0.0915098 0.133307
207 0.111617 0.0194542 0.0921632 0.131072
208 0.109223 0.0192835 0.0899391 0.128506
209 0.110206 0.0245824 0.0856237 0.134789
210 0.109928 0.0190833 0.0908448 0.129011
211 0.108025 0.0159225 0.0921026 0.123948
212 0.107127 0.0159873 0.0911398 0.123114
213 0.106721 0.0160061 0.0907147 0.122727
214 0.106935 0.016091 0.0908435 0.123026
215 0.107854 0.0154705 0.0923835 0.123325
216 0.104369 0.0116181 0.0927506 0.115987
217 0.102893 0.00748011 0.0954132 0.110373
218 0.109415 0.034504 0.074911 0.143919
219 0.106806 0.0226041 0.0842022 0.12941
220 0.106379 0.0148888 0.0914899 0.121267
221 0.104005 0.0124664 0.0915388 0.116472
222 0.104625 0.0114442 0.0931811 0.11607
223 0.109051 0.0162497 0.0928018 0.125301
224 0.106571 0.0115843 0.0949868 0.118155
225 0.106165 0.0130801 0.0930848 0.119245
226 0.105801 0.0117417 0.0940596 0.117543
227 0.1064 0.0126144 0.0937857 0.119014
228 0.104732 0.0113089 0.0934233 0.116041
229 0.102401 0.00387606 0.0985254 0.106278
230 0.101332 0.0022364 0.099096 0.103569
231 0.104775 0.0134061 0.0913689 0.118181
232 0.101461 0.00248949 0.0989712 0.10395
233 0.101995 0.00252461 0.0994706 0.10452
234 0.104818 0.0125848 0.0922329 0.117403
235 0.110163 0.0171453 0.0930181 0.127309
236 0.107384 0.0156803 0.0917034 0.123064
237 0.108709 0.0153739 0.0933355 0.124083
238 0.107619 0.0152525 0.0923664 0.122871
239 0.110484 0.0213734 0.0891108 0.131858
240 0.10531 0.0124269 0.0928826 0.117736
241 0.105587 0.0138871 0.0917004 0.119475
242 0.102102 0.00353137 0.0985708 0.105634
243 0.101739 0.00336434 0.0983743 0.105103
244 0.107127 0.00444329 0.102684 0.11157
245 0.106721 0.00333864 0.103382 0.110059
246 0.107811 0.0122923 0.095519 0.120104
247 0.107127 0.0122442 0.0948828 0.119371
248 0.112708 0.019814 0.0928939 0.132522
249 0.109308 0.0122666 0.0970415 0.121575
250 0.10903 0.0124391 0.096591 0.121469
251 0.108838 0.0125431 0.0962946 0.121381
252 0.108902 0.0126207 0.0962811 0.121523
253 0.113863 0.0189942 0.0948684 0.132857
254 0.111532 0.0141892 0.0973427 0.125721
255 0.111575 0.0175233 0.0940514 0.129098
256 0.11923 0.0227214 0.0965082 0.141951
257 0.122116 0.025809 0.0963073 0.147925
258 0.116001 0.0220948 0.0939061 0.138096
259 0.115295 0.0207398 0.0945554 0.136035
260 0.113692 0.0170141 0.0966774 0.130706
261 0.113627 0.0175718 0.0960555 0.131199
262 0.108046 0.00733305 0.100713 0.11538
263 0.112772 0.0199953 0.0927768 0.132767
264 0.110249 0.0126021 0.0976468 0.122851
265 0.106935 0.0113618 0.0955728 0.118296
266 0.110377 0.0140677 0.0963095 0.124445
267 0.110377 0.0180644 0.0923128 0.128442
268 0.106208 0.0120309 0.0941767 0.118238
269 0.107982 0.0104888 0.0974935 0.118471
270 0.103535 0.00470399 0.0988308 0.108239
271 0.102295 0.00285474 0.0994398 0.105149
272 0.105374 0.0107309 0.0946428 0.116105
273 0.106079 0.0154775 0.0906017 0.121557
274 0.10732 0.0157795 0.09154 0.123099
275 0.109992 0.0172236 0.0927687 0.127216
276 0.108816 0.0162803 0.092536 0.125097
277 0.112943 0.020937 0.0920061 0.13388
278 0.110912 0.0166099 0.0943019 0.127522
279 0.110163 0.0170163 0.0931471 0.12718
280 0.110399 0.0169181 0.0934805 0.127317
281 0.108346 0.0134953 0.0948505 0.121841
282 0.109971 0.0179575 0.0920134 0.127928
283 0.110527 0.0182019 0.092325 0.128729
284 0.109009 0.0165413 0.0924674 0.12555
285 0.112644 0.0203903 0.0922535 0.133034
286 0.110826 0.019154 0.0916722 0.12998
287 0.11382 0.0201148 0.093705 0.133935
288 0.114076 0.0205638 0.0935126 0.13464
289 0.116578 0.0228746 0.0937036 0.139453
290 0.114461 0.0212799 0.0931814 0.135741
291 0.11027 0.0170736 0.0931967 0.127344
292 0.115595 0.0220961 0.0934985 0.137691
293 0.116022 0.0263627 0.0896596 0.142385
294 0.114098 0.0262255 0.0878723 0.140323
295 0.107319 0.0186711 0.0886484 0.125991
296 0.108047 0.0179682 0.0900783 0.126015
297 0.110719 0.0195302 0.0911892 0.13025
298 0.108709 0.0202789 0.0884305 0.128988
299 0.104497 0.0119071 0.0925899 0.116404
300 0.106699 0.0228942 0.0838052 0.129594
301 0.102337 0.0110911 0.0912463 0.113428
302 0.102829 0.0109853 0.0918438 0.113814
303 0.104069 0.0130152 0.0910541 0.117084
304 0.0999639 0.0033534 0.0966105 0.103317
305 0.103834 0.0131204 0.0907137 0.116955
306 0.102273 0.00675134 0.0955219 0.109025
307 0.100242 0.00333295 0.0969089 0.103575
308 0.105716 0.0227713 0.0829445 0.128487
309 0.107875 0.0240476 0.0838279 0.131923
310 0.105673 0.0194547 0.0862184 0.125128
311 0.107769 0.0214497 0.0863188 0.129218
312 0.110078 0.0208383 0.0892395 0.130916
313 0.107491 0.0148601 0.0926305 0.122351
314 0.105566 0.0163771 0.0891891 0.121943
315 0.104198 0.0163966 0.087801 0.120594
316 0.106379 0.0206782 0.0857005 0.127057
317 0.101054 0.0119797 0.0890747 0.113034
318 0.0998997 0.0168895 0.0830102 0.116789
319 0.0976973 0.0119019 0.0857954 0.109599
320 0.107127 0.0213229 0.0858042 0.12845
321 0.102936 0.0190179 0.0839182 0.121954
322 0.101396 0.0190009 0.0823956 0.120397
323 0.112088 0.0250431 0.0870448 0.137131
324 0.108239 0.020386 0.0878529 0.128625
325 0.104347 0.0152702 0.089077 0.119618
326 0.108346 0.0240363 0.0843095 0.132382
327 0.103663 0.011931 0.0917321 0.115594
328 0.112687 0.0209443 0.0917422 0.133631
329 0.105737 0.0127902 0.0929469 0.118527
330 0.108431 0.0229421 0.0854893 0.131373
331 0.103107 0.00239981 0.100707 0.105507
332 0.104946 0.0117922 0.0931538 0.116738
333 0.112323 0.0188746 0.0934484 0.131198
334 0.10052 0.0109001 0.0896197 0.11142
335 0.0984671 0.0111697 0.0872973 0.109637
336 0.0987023 0.0111818 0.0875205 0.109884
337 0.098018 0.0112665 0.0867515 0.109285
338 0.092651 0.00367204 0.0889789 0.096323
339 0.0933138 0.00652586 0.086788 0.0998397
340 0.0948748 0.017198 0.0776769 0.112073
341 0.0972697 0.0131063 0.0841633 0.110376
342 0.0951741 0.0121933 0.0829808 0.107367
343 0.092202 0.00346742 0.0887346 0.0956694
344 0.0937415 0.00745097 0.0862906 0.101192
345 0.0922233 0.00384715 0.0883762 0.0960705
346 0.0948748 0.0109493 0.0839255 0.105824
347 0.0912184 0.00273195 0.0884864 0.0939503
348 0.0970558 0.015137 0.0819188 0.112193
349 0.0935918 0.0043869 0.0892049 0.0979787
350 0.0926724 0.00312537 0.089547 0.0957978
351 0.0918171 0.00256628 0.0892508 0.0943834
352 0.0928648 0.00246512 0.0903997 0.0953299
353 0.0957729 0.0125867 0.0831862 0.10836
354 0.0982319 0.0177056 0.0805262 0.115937
355 0.0950245 0.0119908 0.0830337 0.107015
356 0.104433 0.0164658 0.087967 0.120899
357 0.104305 0.0227067 0.0815978 0.127011
358 0.100114 0.0187006 0.0814129 0.118814
359 0.09975 0.0121425 0.0876075 0.111893
360 0.0990658 0.0112719 0.0877939 0.110338
361 0.0993652 0.0111635 0.0882016 0.110529
362 0.0983602 0.0110761 0.0872841 0.109436
363 0.10052 0.0115755 0.0889443 0.112095
364 0.0993865 0.00502996 0.0943566 0.104416
365 0.0969703 0.00345811 0.0935122 0.100428
366 0.104133 0.0301395 0.073994 0.134273
367 0.101888 0.019792 0.0820963 0.12168
368 0.101076 0.0138062 0.0872696 0.114882
369 0.10022 0.0123356 0.0878848 0.112556
370 0.0989161 0.0122887 0.0866275 0.111205
371 0.101268 0.0154599 0.0858083 0.116728
372 0.104091 0.0140622 0.0900286 0.118153
373 0.100114 0.0122244 0.0878892 0.112338
374 0.101803 0.0167738 0.0850289 0.118577
375 0.100712 0.0156631 0.0850491 0.116375
376 0.100798 0.0156565 0.0851413 0.116454
377 0.0996217 0.0113795 0.0882422 0.111001
378 0.0995362 0.0116992 0.0878371 0.111235
379 0.103877 0.0240541 0.0798228 0.127931
380 0.10563 0.0163165 0.0893138 0.121947
381 0.0975262 0.0149547 0.0825716 0.112481
382 0.0973552 0.0151556 0.0821996 0.112511
383 0.0997928 0.019155 0.0806378 0.118948
384 0.102829 0.018593 0.0842361 0.121422
385 0.0959867 0.0115541 0.0844326 0.107541
386 0.0964571 0.0126273 0.0838298 0.109084
387 0.102444 0.0197886 0.0826557 0.122233
388 0.0993865 0.0193427 0.0800438 0.118729
389 0.0967137 0.01155 0.0851637 0.108264
390 0.094832 0.00831767 0.0865144 0.10315
391 0.0923516 0.00203964 0.090312 0.0943913
392 0.0931856 0.00547479 0.0877108 0.0986603
393 0.0943188 0.00912462 0.0851942 0.103443
394 0.0939126 0.00618457 0.087728 0.100097
395 0.0994293 0.0151551 0.0842742 0.114584
396 0.10037 0.0195171 0.080853 0.119887
397 0.101054 0.0176689 0.0833855 0.118723
398 0.101503 0.0185032 0.0830002 0.120007
399 0.0993652 0.0160226 0.0833426 0.115388
400 0.100071 0.0149917 0.0850791 0.115062
401 0.101225 0.0237215 0.077504 0.124947
402 0.10593 0.0415317 0.0643979 0.147461
403 0.0983602 0.0152996 0.0830606 0.11366
404 0.0984243 0.0150083 0.083416 0.113433
405 0.0986381 0.0151103 0.0835278 0.113748
406 0.0964357 0.0112656 0.0851701 0.107701
407 0.0984457 0.00499018 0.0934555 0.103436
408 0.09712 0.0032818 0.0938382 0.100402
409 0.0985954 0.00555038 0.093045 0.104146
410 0.0958584 0.0015787 0.0942797 0.0974371
411 0.0977401 0.0049826 0.0927575 0.102723
412 0.103834 0.0146433 0.0891908 0.118477
413 0.101268 0.00333625 0.0979319 0.104604
414 0.10052 0.00238288 0.0981369 0.102903
415 0.103492 0.0100321 0.0934599 0.113524
416 0.111061 0.0213596 0.0897019 0.132421
417 0.107875 0.019678 0.0881974 0.127553
418 0.108496 0.0180645 0.090431 0.12656
419 0.106272 0.0172819 0.0889899 0.123554
420 0.112045 0.0259713 0.0860738 0.138016
421 0.106357 0.013097 0.0932603 0.119454
422 0.109009 0.0159446 0.0930641 0.124953
423 0.103727 0.0122315 0.0914957 0.115959
424 0.104861 0.0131559 0.0917046 0.118016
425 0.105801 0.0142367 0.0915647 0.120038
426 0.102872 0.0125991 0.0902728 0.115471
427 0.102423 0.00492729 0.0974956 0.10735
428 0.102936 0.00697494 0.0959611 0.109911
429 0.103235 0.0070962 0.0961392 0.110332
430 0.109736 0.0105349 0.0992009 0.120271
431 0.10732 0.00488627 0.102433 0.112206
432 0.1064 0.0115098 0.0948902 0.11791
433 0.102209 0.0032287 0.0989803 0.105438
434 0.110677 0.0298245 0.0808521 0.140501
435 0.102059 0.00200257 0.100057 0.104062
436 0.103 0.00425782 0.0987424 0.107258
437 0.103278 0.00611784 0.0971603 0.109396
438 0.104219 0.00719564 0.0970234 0.111415
439 0.102744 0.00346865 0.099275 0.106212
440 0.102722 0.00390455 0.0988177 0.106627
441 0.105908 0.0153648 0.0905435 0.121273
442 0.104411 0.00567552 0.0987359 0.110087
443 0.105994 0.0168846 0.0891092 0.122878
444 0.114675 0.033257 0.0814181 0.147932
445 0.10841 0.0161908 0.0922192 0.124601
446 0.107512 0.016567 0.0909449 0.124079
447 0.103727 0.015708 0.0880192 0.119435
448 0.107555 0.0193645 0.0881902 0.126919
449 0.106122 0.0166088 0.0895133 0.122731
450 0.102786 0.0118902 0.0908962 0.114677
451 0.100883 0.0117312 0.0891521 0.112614
452 0.106315 0.0210201 0.0852945 0.127335
453 0.0994293 0.00288943 0.0965399 0.102319
454 0.0989589 0.00279581 0.0961631 0.101755
455 0.0947251 0.00430955 0.0904156 0.0990347
456 0.102466 0.0180449 0.0844207 0.120511
457 0.0988519 0.0124822 0.0863697 0.111334
458 0.0998997 0.018089 0.0818108 0.117989
459 0.102936 0.0183373 0.0845987 0.121273
460 0.102466 0.0166078 0.0858578 0.119073
461 0.0989375 0.0113479 0.0875896 0.110285
462 0.0974621 0.0110909 0.0863712 0.108553
463 0.0968634 0.0110642 0.0857992 0.107928
464 0.0978898 0.0119429 0.0859469 0.109833
465 0.0996859 0.016497 0.0831888 0.116183
466 0.0998783 0.0187639 0.0811144 0.118642
467 0.0974193 0.0110816 0.0863378 0.108501
468 0.0989803 0.0150005 0.0839798 0.113981
469 0.0989375 0.0151635 0.083774 0.114101
470 0.102829 0.0181127 0.0847164 0.120942
471 0.100327 0.0154266 0.0849008 0.115754
472 0.0986595 0.015176 0.0834835 0.113836
473 0.0974407 0.0115816 0.0858591 0.109022
474 0.0992796 0.0128291 0.0864506 0.112109
475 0.0964571 0.0117954 0.0846617 0.108252
476 0.0956446 0.0118787 0.0837659 0.107523
477 0.100905 0.0167575 0.0841472 0.117662
478 0.10129 0.0193997 0.0818898 0.120689
479 0.095388 0.0110236 0.0843644 0.106412
480 0.0973552 0.0109167 0.0864385 0.108272
481 0.10022 0.01332 0.0869004 0.11354
482 0.099301 0.0152064 0.0840946 0.114507
483 0.0962005 0.0114644 0.0847361 0.107665
484 0.102316 0.0231577 0.0791583 0.125474
485 0.100135 0.0131194 0.0870155 0.113254
486 0.0966496 0.0109022 0.0857474 0.107552
487 0.0968634 0.0110609 0.0858025 0.107924
488 0.09975 0.0127408 0.0870092 0.112491
489 0.0971627 0.0109579 0.0862048 0.108121
490 0.0975262 0.0113538 0.0861725 0.10888
491 0.0996645 0.0149651 0.0846994 0.11463
492 0.10392 0.0144468 0.0894729 0.118366
493 0.106143 0.0191584 0.086985 0.125302
494 0.100627 0.00436562 0.0962611 0.104992
495 0.105502 0.0054868 0.100015 0.110989
496 0.107704 0.0150065 0.0926979 0.122711
497 0.10531 0.0124702 0.0928393 0.11778
498 0.108709 0.0186305 0.0900789 0.12734
499 0.110783 0.0182716 0.0925119 0.129055
500 0.108367 0.01719 0.0911772 0.125557
501 0.104411 0.0191926 0.0852188 0.123604
502 0.108153 0.02081 0.0873434 0.128963
503 0.111083 0.0239157 0.0871672 0.134999
504 0.107982 0.0216709 0.0863115 0.129653
505 0.106849 0.0211989 0.0856501 0.128048
506 0.105587 0.0189383 0.0866492 0.124526
507 0.102295 0.0168055 0.0854891 0.1191
508 0.103663 0.0177166 0.0859465 0.12138
509 0.102808 0.0166348 0.086173 0.119443
510 0.103043 0.0167203 0.0863226 0.119763
511 0.100883 0.0167457 0.0841376 0.117629
512 0.106935 0.0240847 0.08285 0.131019
513 0.105481 0.0191344 0.0863462 0.124615
514 0.102252 0.0157959 0.0864559 0.118048
515 0.104796 0.0174493 0.087347 0.122246
516 0.102765 0.0164299 0.086335 0.119195
517 0.101204 0.0125086 0.0886955 0.113713
518 0.0977828 0.00711019 0.0906726 0.104893
519 0.0959226 0.00281439 0.0931082 0.0987369
520 0.100584 0.0122488 0.0883351 0.112833
521 0.0992796 0.0118247 0.087455 0.111104
522 0.0996217 0.0114699 0.0881518 0.111092
523 0.0999211 0.0120635 0.0878576 0.111985
524 0.103385 0.0180056 0.0853795 0.121391
525 0.107148 0.0214375 0.0857109 0.128586
526 0.105374 0.0125627 0.092811 0.117936
527 0.105972 0.0161274 0.0898449 0.1221
528 0.107042 0.0152601 0.0917814 0.122302
529 0.106678 0.0156269 0.0910512 0.122305
530 0.106678 0.0156619 0.0910161 0.12234
531 0.109479 0.0187817 0.0906974 0.128261
532 0.107833 0.0153302 0.0925025 0.123163
533 0.107918 0.0163581 0.0915601 0.124276
534 0.105865 0.0118148 0.0940507 0.11768
535 0.105609 0.0134112 0.0921977 0.11902
536 0.103898 0.0117043 0.092194 0.115603
537 0.104668 0.0113975 0.0932706 0.116065
538 0.105053 0.0117338 0.0933191 0.116787
539 0.109308 0.0228638 0.0864443 0.132172
540 0.108923 0.0174596 0.0914636 0.126383
541 0.104476 0.0117695 0.0927061 0.116245
542 0.103428 0.0114258 0.092002 0.114854
543 0.103022 0.0116843 0.0913373 0.114706
544 0.106764 0.0138894 0.0928742 0.120653
545 0.107897 0.0219332 0.0859636 0.12983
546 0.107298 0.0159049 0.0913932 0.123203
547 0.113905 0.025734 0.0881714 0.139639
548 0.113178 0.0222191 0.0909592 0.135397
549 0.115274 0.0225558 0.092718 0.13783
550 0.10903 0.0224024 0.0866277 0.131433
551 0.107213 0.0192416 0.087971 0.126454
552 0.104433 0.0187333 0.0856996 0.123166
553 0.107084 0.0193937 0.0876906 0.126478
554 0.102017 0.0140316 0.087985 0.116048
555 0.0968206 0.0141645 0.0826561 0.110985
556 0.095666 0.0121374 0.0835285 0.107803
557 0.0956446 0.0121127 0.0835319 0.107757
558 0.0983602 0.0160372 0.0823229 0.114397
559 0.0959653 0.0114427 0.0845226 0.107408
560 0.0966282 0.011418 0.0852102 0.108046
561 0.0966923 0.0109649 0.0857275 0.107657
562 0.101247 0.0172752 0.0839716 0.118522
563 0.0985098 0.0153081 0.0832017 0.113818
564 0.0970772 0.0116019 0.0854753 0.108679
565 0.098852 0.0141062 0.0847457 0.112958
566 0.0991941 0.017559 0.0816351 0.116753
567 0.0969489 0.0114313 0.0855176 0.10838
568 0.0989803 0.0158257 0.0831545 0.114806
569 0.100563 0.0154212 0.0851414 0.115984
570 0.101354 0.0186611 0.0826927 0.120015
571 0.0990658 0.0151623 0.0839035 0.114228
572 0.096564 0.0111088 0.0854553 0.107673
573 0.0978897 0.00344758 0.0944422 0.101337
574 0.102401 0.00512911 0.0972724 0.107531
575 0.104518 0.0124339 0.0920845 0.116952
576 0.108153 0.0134224 0.0947311 0.121576
577 0.10826 0.0141941 0.0940662 0.122454
578 0.10424 0.0124504 0.09179 0.116691
579 0.107704 0.0162155 0.0914889 0.12392
580 0.11258 0.0241027 0.088477 0.136682
581 0.108538 0.0180181 0.0905202 0.126556
582 0.110056 0.0198042 0.0902523 0.129861
583 0.107298 0.0174422 0.0898559 0.12474
584 0.110142 0.018441 0.091701 0.128583
585 0.105865 0.013349 0.0925165 0.119214
586 0.101803 0.00326106 0.0985417 0.105064
587 0.103064 0.00629245 0.0967719 0.109357
588 0.104069 0.0130348 0.0910345 0.117104
589 0.104989 0.0137751 0.0912136 0.118764
590 0.10826 0.0171378 0.0911226 0.125398
591 0.10856 0.0123999 0.0961598 0.12096
592 0.111767 0.0184622 0.0933049 0.130229
593 0.112665 0.016572 0.0960931 0.129237
594 0.111233 0.0176336 0.093599 0.128866
595 0.111532 0.0173995 0.0941323 0.128931
596 0.110698 0.0175177 0.0931802 0.128216
597 0.11382 0.0207013 0.0931185 0.134521
598 0.116343 0.0194201 0.0969229 0.135763
599 0.108389 0.0177068 0.0906818 0.126095
600 0.108581 0.0172858 0.0912953 0.125867
601 0.110399 0.0191507 0.0912479 0.129549
602 0.103193 0.00383723 0.0993554 0.10703
603 0.101482 0.00148822 0.0999938 0.10297
604 0.1033 0.0052472 0.0980523 0.108547
605 0.111404 0.0233604 0.0880432 0.134764
606 0.108132 0.0163133 0.0918187 0.124445
607 0.111767 0.017444 0.0943231 0.129211
608 0.10841 0.0157893 0.0926207 0.124199
609 0.106464 0.0122188 0.0942454 0.118683
610 0.107213 0.0153044 0.0919082 0.122517
611 0.107683 0.0139925 0.0936904 0.121676
612 0.106272 0.0118934 0.0943783 0.118165
613 0.106507 0.0120341 0.0944729 0.118541
614 0.113136 0.0169301 0.0962055 0.130066
615 0.108111 0.0127614 0.0953493 0.120872
616 0.111104 0.0191188 0.0919854 0.130223
617 0.112195 0.0201657 0.0920291 0.13236
618 0.110783 0.0178621 0.0929214 0.128646
619 0.108303 0.0196538 0.0886493 0.127957
620 0.118139 0.0415251 0.0766141 0.159664
621 0.11491 0.0284034 0.0865069 0.143314
622 0.122801 0.0664412 0.0563593 0.189242
623 0.111254 0.0212867 0.0899671 0.132541
624 0.118524 0.0274899 0.0910341 0.146014
625 0.106657 0.0183629 0.0882937 0.12502
626 0.108752 0.0185244 0.0902277 0.127277
627 0.106571 0.018497 0.0880741 0.125068
628 0.108902 0.0153308 0.093571 0.124233
629 0.104497 0.0157776 0.0887194 0.120275
630 0.106101 0.0176838 0.0884169 0.123784
631 0.102273 0.0117245 0.0905487 0.113998
632 0.102957 0.0131727 0.0897847 0.11613
633 0.101503 0.0115785 0.0899249 0.113082
634 0.100947 0.0111989 0.0897486 0.112146
635 0.103064 0.0129777 0.0900866 0.116042
636 0.101931 0.0115231 0.090408 0.113454
637 0.104283 0.0140197 0.0902634 0.118303
638 0.10161 0.0113287 0.0902816 0.112939
639 0.100477 0.0113392 0.0891378 0.111816
640 0.103 0.0103181 0.0926821 0.113318
641 0.0994934 0.00462434 0.0948691 0.104118
642 0.093827 0.00318709 0.09064 0.0970141
643 0.0986382 0.0151133 0.0835248 0.113751
644 0.0983816 0.0109762 0.0874054 0.109358
645 0.0990872 0.0124814 0.0866058 0.111569
646 0.0945968 0.0033032 0.0912936 0.0979
647 0.0937201 0.00231198 0.0914082 0.0960321
648 0.0942761 0.00380218 0.0904739 0.0980783
649 0.095559 0.00612973 0.0894293 0.101689
650 0.0984885 0.0159607 0.0825277 0.114449
651 0.101739 0.0171456 0.0845931 0.118884
652 0.104005 0.0196732 0.0843319 0.123678
653 0.104754 0.0211705 0.083583 0.125924
654 0.102808 0.0184603 0.0843475 0.121268
655 0.102188 0.0204199 0.0817677 0.122608
656 0.100263 0.0165284 0.0837348 0.116792
657 0.100306 0.0181742 0.0821317 0.11848
658 0.0998997 0.0151394 0.0847603 0.115039
659 0.0987237 0.0141354 0.0845883 0.112859
660 0.0975262 0.0142963 0.0832299 0.111823
661 0.0961363 0.0119357 0.0842006 0.108072
662 0.100969 0.0125579 0.0884109 0.113527
663 0.104604 0.0167258 0.0878781 0.12133
664 0.104518 0.0172198 0.0872985 0.121738
665 0.109287 0.0153988 0.0938879 0.124685
666 0.106101 0.0121974 0.0939033 0.118298
667 0.108538 0.0193357 0.0892026 0.127874
668 0.105801 0.0194375 0.0863639 0.125239
669 0.106999 0.0209622 0.0860365 0.127961
670 0.102765 0.0155174 0.0872476 0.118282
671 0.102829 0.0158269 0.0870022 0.118656
672 0.102658 0.0130994 0.0895587 0.115757
673 0.0950031 0.0113745 0.0836286 0.106378
674 0.0953238 0.011526 0.0837978 0.10685
675 0.0915605 0.00300241 0.0885581 0.0945629
676 0.0925441 0.00644382 0.0861003 0.0989879
677 0.0951528 0.0137373 0.0814155 0.10889
678 0.0957942 0.0125157 0.0832785 0.10831
679 0.0975904 0.0156311 0.0819593 0.113221
680 0.098125 0.0168364 0.0812885 0.114961
681 0.100926 0.017105 0.083821 0.118031
682 0.104818 0.0284943 0.0763234 0.133312
683 0.0978897 0.0170965 0.0807933 0.114986
684 0.100669 0.0225395 0.0781299 0.123209
685 0.0997073 0.0151743 0.0845329 0.114882
686 0.0980822 0.014849 0.0832331 0.112931
687 0.100456 0.0234293 0.0770263 0.123885
688 0.105609 0.0374831 0.0681258 0.143092
689 0.099472 0.0156917 0.0837804 0.115164
690 0.102252 0.0206495 0.0816024 0.122901
691 0.0998142 0.0116824 0.0881318 0.111497
692 0.10238 0.0168326 0.0855475 0.119213
693 0.103599 0.016663 0.0869359 0.120262
694 0.101439 0.016094 0.0853453 0.117533
695 0.102615 0.016567 0.0860483 0.119182
696 0.105288 0.0190637 0.0862244 0.124352
697 0.103321 0.0162932 0.0870278 0.119614
698 0.103107 0.0139089 0.0891982 0.117016
699 0.100969 0.0127731 0.0881957 0.113742
700 0.102316 0.0186114 0.0837045 0.120927
701 0.102359 0.0166226 0.0857361 0.118981
702 0.0997073 0.0136463 0.086061 0.113354
703 0.100349 0.0115872 0.0887616 0.111936
704 0.102979 0.0132528 0.089726 0.116232
705 0.126585 0.109496 0.0170897 0.236081
706 0.0978897 0.00462162 0.0932681 0.102511
707 0.0966282 0.00305249 0.0935757 0.0996807
708 0.0977614 0.00516275 0.0925987 0.102924
709 0.0963502 0.00271854 0.0936317 0.0990688
710 0.10022 0.0131973 0.0870232 0.113418
711 0.103599 0.0204322 0.0831667 0.124031
712 0.0993651 0.0190386 0.0803265 0.118404
713 0.0975476 0.0126023 0.0849453 0.11015
714 0.096564 0.0113571 0.0852069 0.107921
715 0.101204 0.0264244 0.0747796 0.127628
716 0.0991941 0.0187771 0.080417 0.117971
717 0.0969275 0.0143607 0.0825669 0.111288
718 0.0958798 0.0118658 0.084014 0.107746
719 0.0948748 0.0122918 0.082583 0.107167
720 0.0992582 0.0139653 0.0852929 0.113224
721 0.0933352 0.0044461 0.0888891 0.0977813
722 0.0922233 0.0032153 0.089008 0.0954386
723 0.0961364 0.0084342 0.0877022 0.104571
724 0.0935919 0.00361682 0.089975 0.0972087
725 0.0944258 0.00350727 0.0909185 0.097933
726 0.0961791 0.0131122 0.0830669 0.109291
727 0.0998142 0.0177089 0.0821054 0.117523
728 0.096115 0.0126283 0.0834867 0.108743
729 0.0953238 0.0120268 0.083297 0.107351
730 0.0959867 0.0121708 0.0838159 0.108157
731 0.0967351 0.00853659 0.0881985 0.105272
732 0.0982319 0.0137383 0.0844936 0.11197
733 0.0952169 0.00826631 0.0869506 0.103483
734 0.0937629 0.00327336 0.0904895 0.0970363
735 0.0920523 0.00137833 0.090674 0.0934306
736 0.0961578 0.010416 0.0857417 0.106574
737 0.0971414 0.0125778 0.0845635 0.109719
738 0.0971627 0.0123447 0.084818 0.109507
739 0.0968634 0.0116425 0.0852209 0.108506
740 0.0976546 0.0117034 0.0859512 0.109358
741 0.101995 0.0124104 0.0895848 0.114406
742 0.10052 0.0117713 0.0887485 0.112291
743 0.0998142 0.00741506 0.0923991 0.107229
744 0.100263 0.0143008 0.0859624 0.114564
745 0.101311 0.0129296 0.0883814 0.114241
746 0.100007 0.0125873 0.0874193 0.112594
747 0.131717 0.121387 0.0103305 0.253104
748 0.102209 0.016834 0.085375 0.119043
749 0.101696 0.0170647 0.0846312 0.118761
750 0.10037 0.0127632 0.0876069 0.113133
751 0.102209 0.0168041 0.0854049 0.119013
752 0.0990872 0.00613514 0.092952 0.105222
753 0.0969917 0.00434777 0.0926439 0.101339
754 0.0970986 0.0036375 0.0934611 0.100736
755 0.101033 0.0141797 0.0868533 0.115213
756 0.0963074 0.00283221 0.0934752 0.0991396
757 0.0965427 0.0036385 0.0929042 0.100181
758 0.097847 0.00568409 0.0921629 0.103531
759 0.0992796 0.0153481 0.0839315 0.114628
760 0.10717 0.0211294 0.0860404 0.128299
761 0.103834 0.0164469 0.0873872 0.120281
762 0.10593 0.0222491 0.0836805 0.128179
763 0.109693 0.0249485 0.0847444 0.134641
764 0.10794 0.0228598 0.0850798 0.130799
765 0.106015 0.0200514 0.0859638 0.126067
766 0.100413 0.0160507 0.0843622 0.116464
767 0.104946 0.0198177 0.0851284 0.124764
768 0.10439 0.018805 0.0855851 0.123195
769 0.0972482 0.0119471 0.0853011 0.109195
770 0.102359 0.019379 0.0829797 0.121738
771 0.10315 0.0240566 0.0790933 0.127206
772 0.0977614 0.0144667 0.0832948 0.112228
773 0.0995148 0.0142782 0.0852367 0.113793
774 0.0961577 0.0118138 0.0843439 0.107972
775 0.0973338 0.0132913 0.0840425 0.110625
776 0.0962433 0.0118965 0.0843468 0.10814
777 0.0979967 0.0138094 0.0841872 0.111806
778 0.0959012 0.0127178 0.0831834 0.108619
779 0.0959653 0.0119601 0.0840052 0.107925
780 0.0973338 0.0123423 0.0849915 0.109676
781 0.100392 0.0142383 0.0861533 0.11463
782 0.0948962 0.00383435 0.0910618 0.0987305
783 0.0951956 0.0048992 0.0902964 0.100095
784 0.0990016 0.0125438 0.0864578 0.111545
785 0.0941478 0.00188495 0.0922628 0.0960327
786 0.0947037 0.00786865 0.0868351 0.102572
787 0.0953666 0.00508168 0.0902849 0.100448
788 0.0989803 0.0128811 0.0860991 0.111861
789 0.0991086 0.0131289 0.0859796 0.112237
790 0.0974835 0.0127835 0.0847 0.110267
791 0.0984457 0.0122592 0.0861864 0.110705
792 0.10176 0.0187678 0.0829922 0.120528
793 0.101739 0.0186036 0.083135 0.120342
794 0.0993651 0.0152788 0.0840863 0.114644
795 0.103962 0.0185603 0.0854021 0.122523
796 0.102979 0.0174886 0.0854902 0.120467
797 0.103578 0.0184683 0.0851093 0.122046
798 0.100049 0.015607 0.0844424 0.115656
799 0.101824 0.0152132 0.0866109 0.117037
