# ../output/graphs/perf_serial4QUADRUPED
# step - mean (0.040015) - standard deviation (0.0103731) r=20 - ylow - yhigh
0 0.0388424 0.00236309 0.0364793 0.0412055
1 0.0380917 0.00182232 0.0362693 0.039914
2 0.038482 0.00429348 0.0341886 0.0427755
3 0.0391577 0.000610997 0.0385467 0.0397687
4 0.0392778 0.00337287 0.0359049 0.0426507
5 0.0385571 0.000725681 0.0378314 0.0392828
6 0.0385271 0.000630607 0.0378965 0.0391577
7 0.0386922 0.00178987 0.0369024 0.0404821
8 0.0381517 0.000707274 0.0374444 0.038859
9 0.0385721 0.003629 0.0349431 0.0422011
10 0.0393529 0.00714566 0.0322072 0.0464985
11 0.0382868 0.0027184 0.0355684 0.0410052
12 0.038407 0.0027846 0.0356224 0.0411916
13 0.0398033 0.00699452 0.0328088 0.0467978
14 0.0379565 0.00197918 0.0359773 0.0399357
15 0.0418903 0.0140763 0.027814 0.0559666
16 0.0379265 0.00200565 0.0359208 0.0399321
17 0.0382418 0.00275919 0.0354826 0.041001
18 0.0392478 0.00769472 0.031553 0.0469425
19 0.0388274 0.00376153 0.0350658 0.0425889
20 0.0393679 0.00568562 0.0336823 0.0450535
21 0.0374761 0.000726922 0.0367491 0.038203
22 0.0377313 0.000801693 0.0369296 0.038533
23 0.0381817 0.00212395 0.0360578 0.0403057
24 0.0381667 0.00379946 0.0343673 0.0419662
25 0.0381067 0.00385716 0.0342495 0.0419638
26 0.037371 0.000713621 0.0366573 0.0380846
27 0.0380316 0.000652912 0.0373787 0.0386845
28 0.0392928 0.00423852 0.0350543 0.0435313
29 0.0390075 0.00404432 0.0349632 0.0430519
30 0.0379115 0.000519031 0.0373924 0.0384305
31 0.0381817 0.00169411 0.0364876 0.0398758
32 0.0385121 0.00233159 0.0361805 0.0408437
33 0.0387373 0.00278638 0.0359509 0.0415237
34 0.040539 0.00664854 0.0338905 0.0471875
35 0.040494 0.00514912 0.0353448 0.0456431
36 0.0409894 0.00547111 0.0355183 0.0464606
37 0.0382868 0.000573701 0.0377131 0.0388605
38 0.0387523 0.00195874 0.0367935 0.040711
39 0.0422507 0.00914926 0.0331014 0.0513999
40 0.0383769 0.000648235 0.0377287 0.0390252
41 0.0396231 0.00293681 0.0366863 0.0425599
42 0.0393979 0.00403059 0.0353673 0.0434285
43 0.0383319 0.00061742 0.0377145 0.0389493
44 0.0401336 0.00425232 0.0358813 0.0443859
45 0.0406141 0.00553858 0.0350755 0.0461527
46 0.0385121 0.000758935 0.0377531 0.039271
47 0.0402838 0.00509012 0.0351936 0.0453739
48 0.0383619 0.00196884 0.0363931 0.0403308
49 0.0404789 0.00553673 0.0349422 0.0460157
50 0.0381968 0.00212039 0.0360764 0.0403171
51 0.0387823 0.00396481 0.0348175 0.0427471
52 0.0388424 0.0044986 0.0343438 0.043341
53 0.0396231 0.0067123 0.0329108 0.0463354
54 0.0395781 0.00679649 0.0327816 0.0463746
55 0.039503 0.00715323 0.0323498 0.0466562
56 0.0413047 0.00793551 0.0333692 0.0492403
57 0.0376562 0.000744087 0.0369121 0.0384003
58 0.0385421 0.00457709 0.033965 0.0431192
59 0.0410645 0.00927007 0.0317944 0.0503346
60 0.0406741 0.00763317 0.033041 0.0483073
61 0.0375361 0.000723191 0.0368129 0.0382593
62 0.0378664 0.00188466 0.0359818 0.0397511
63 0.038437 0.00367287 0.0347641 0.0421099
64 0.0396982 0.0055408 0.0341574 0.045239
65 0.0377463 0.000717558 0.0370288 0.0384639
66 0.039443 0.00553728 0.0339057 0.0449802
67 0.0382118 0.00383486 0.0343769 0.0420466
68 0.0404639 0.00612757 0.0343364 0.0465915
69 0.0388574 0.00277081 0.0360866 0.0416282
70 0.0382568 0.00190488 0.0363519 0.0401617
71 0.0408994 0.00707217 0.0338272 0.0479715
72 0.0406892 0.0020945 0.0385946 0.0427837
73 0.0407642 0.0036357 0.0371285 0.0443999
74 0.04159 0.00450483 0.0370852 0.0460949
75 0.0416351 0.00568354 0.0359515 0.0473186
76 0.0401186 0.00190961 0.038209 0.0420282
77 0.0401336 0.00229927 0.0378343 0.0424329
78 0.0419804 0.00601898 0.0359614 0.0479994
79 0.0399384 0.000493425 0.039445 0.0404319
80 0.0416501 0.0037723 0.0378778 0.0454224
81 0.0399384 0.000511374 0.0394271 0.0404498
82 0.0406741 0.00260833 0.0380658 0.0432825
83 0.0427461 0.00930715 0.033439 0.0520533
84 0.0406441 0.00367934 0.0369648 0.0443234
85 0.0409894 0.00402488 0.0369646 0.0450143
86 0.040524 0.0032223 0.0373017 0.0437463
87 0.0408543 0.00420563 0.0366487 0.0450599
88 0.0396381 0.0006579 0.0389802 0.040296
89 0.0418453 0.00543372 0.0364115 0.047279
90 0.0430464 0.0150022 0.0280442 0.0580486
91 0.0412897 0.00422917 0.0370606 0.0455189
92 0.0400886 0.00235397 0.0377346 0.0424425
93 0.0406741 0.00295365 0.0377205 0.0436278
94 0.0418453 0.0064874 0.0353579 0.0483327
95 0.0419804 0.00606747 0.0359129 0.0480479
96 0.0429413 0.00615922 0.0367821 0.0491005
97 0.0402687 0.0019689 0.0382998 0.0422376
98 0.0396532 0.000565588 0.0390876 0.0402187
99 0.0413047 0.00729552 0.0340092 0.0486003
100 0.0442175 0.00787701 0.0363405 0.0520946
101 0.0418603 0.00818605 0.0336742 0.0500463
102 0.0448331 0.010677 0.0341561 0.0555101
103 0.0408843 0.00397843 0.0369059 0.0448628
104 0.0445779 0.0100722 0.0345057 0.0546501
105 0.0406291 0.00263006 0.037999 0.0432592
106 0.0397733 0.000626123 0.0391471 0.0403994
107 0.0397583 0.000506056 0.0392522 0.0402643
108 0.0396682 0.00055289 0.0391153 0.0402211
109 0.0396532 0.000654292 0.0389989 0.0403074
110 0.0411846 0.00690943 0.0342752 0.0480941
111 0.0404339 0.003911 0.0365229 0.0443449
112 0.0409294 0.00559465 0.0353347 0.046524
113 0.0395781 0.000733098 0.038845 0.0403112
114 0.0395631 0.000722412 0.0388407 0.0402855
115 0.0402387 0.00376979 0.0364689 0.0440085
116 0.0400736 0.00294141 0.0371321 0.043015
117 0.0388123 0.000628996 0.0381833 0.0394413
118 0.0407342 0.00741432 0.0333199 0.0481485
119 0.041605 0.00566622 0.0359388 0.0472713
120 0.0397432 0.00400441 0.0357388 0.0437477
121 0.0395631 0.00363073 0.0359323 0.0431938
122 0.0409144 0.00450521 0.0364092 0.0454196
123 0.0397883 0.00277909 0.0370092 0.0425674
124 0.039443 0.00166457 0.0377784 0.0411075
125 0.0395481 0.00376273 0.0357853 0.0433108
126 0.0387072 0.000728781 0.0379785 0.039436
127 0.0389475 0.00077204 0.0381754 0.0397195
128 0.039518 0.00273971 0.0367783 0.0422577
129 0.0397282 0.00424789 0.0354803 0.0439761
130 0.0400886 0.00352696 0.0365616 0.0436155
131 0.0649525 0.107151 -0.0421983 0.172103
132 0.0419053 0.00675381 0.0351515 0.0486591
133 0.0408543 0.00798705 0.0328673 0.0488414
134 0.0389775 0.00201574 0.0369618 0.0409932
135 0.0413047 0.00663528 0.0346695 0.04794
136 0.0396381 0.00398491 0.0356532 0.0436231
137 0.0404039 0.00732082 0.0330831 0.0477247
138 0.0401036 0.0029322 0.0371714 0.0430358
139 0.040509 0.00753713 0.0329718 0.0480461
140 0.0421005 0.0081048 0.0339957 0.0502053
141 0.0389174 0.000824565 0.0380929 0.039742
142 0.0407642 0.00528873 0.0354755 0.046053
143 0.0401186 0.00412654 0.0359921 0.0442451
144 0.0428963 0.00849678 0.0343995 0.0513931
145 0.0397132 0.00395524 0.035758 0.0436685
146 0.0401937 0.00432591 0.0358678 0.0445196
147 0.0396682 0.0038113 0.0358569 0.0434795
148 0.0392478 0.00383983 0.0354079 0.0430876
149 0.0387973 0.0018647 0.0369326 0.040662
150 0.0389325 0.00371349 0.035219 0.0426459
151 0.0404039 0.00516416 0.0352397 0.045568
152 0.0385721 0.00210304 0.0364691 0.0406752
153 0.0396381 0.00487912 0.034759 0.0445173
154 0.0392177 0.00351402 0.0357037 0.0427318
155 0.039443 0.00396595 0.035477 0.0434089
156 0.0388123 0.00381246 0.0349999 0.0426248
157 0.0387973 0.00367483 0.0351225 0.0424722
158 0.0392027 0.00314584 0.0360569 0.0423486
159 0.0383169 0.00172607 0.0365908 0.0400429
160 0.0399685 0.00585748 0.034111 0.0458259
161 0.0410045 0.00752491 0.0334795 0.0485294
162 0.0392027 0.00214759 0.0370551 0.0413503
163 0.0387223 0.000700871 0.0380214 0.0394231
164 0.039518 0.00369172 0.0358263 0.0432097
165 0.0396081 0.0022369 0.0373712 0.041845
166 0.0406591 0.00572001 0.0349391 0.0463791
167 0.0391727 0.00192858 0.0372441 0.0411013
168 0.0398784 0.00264118 0.0372372 0.0425195
169 0.0387373 0.00079449 0.0379428 0.0395318
170 0.0434218 0.016039 0.0273828 0.0594608
171 0.0387072 0.00048327 0.038224 0.0391905
172 0.0421005 0.00660267 0.0354978 0.0487032
173 0.0410045 0.00660873 0.0343957 0.0476132
174 0.0382868 0.000524432 0.0377624 0.0388113
175 0.0389625 0.00362328 0.0353392 0.0425858
176 0.038452 0.00196334 0.0364887 0.0404153
177 0.0378214 0.00061155 0.0372098 0.0384329
178 0.0392478 0.007551 0.0316968 0.0467988
179 0.0381968 0.00226036 0.0359364 0.0404571
180 0.0399384 0.00607148 0.0338669 0.0460099
181 0.0419954 0.0098805 0.0321149 0.0518759
182 0.0376863 0.000589209 0.0370971 0.0382755
183 0.0429263 0.0116125 0.0313138 0.0545388
184 0.0404189 0.00923817 0.0311807 0.0496571
185 0.0379715 0.00196104 0.0360105 0.0399326
186 0.039458 0.00764317 0.0318148 0.0471011
187 0.0422056 0.0102153 0.0319903 0.0524209
188 0.0382718 0.00378468 0.0344871 0.0420565
189 0.0373559 0.000660636 0.0366953 0.0380166
190 0.0421606 0.0113624 0.0307981 0.053523
191 0.0377914 0.00186633 0.035925 0.0396577
192 0.0379866 0.00172372 0.0362628 0.0397103
193 0.0371007 0.000549414 0.0365513 0.0376501
194 0.038482 0.00432278 0.0341592 0.0428048
195 0.0389174 0.00222781 0.0366896 0.0411453
196 0.0388274 0.00387373 0.0349536 0.0427011
197 0.0379565 0.000706796 0.0372497 0.0386633
198 0.0382568 0.00190725 0.0363496 0.0401641
199 0.0400285 0.00595534 0.0340732 0.0459839
200 0.0409894 0.00737605 0.0336134 0.0483655
201 0.0400435 0.00368056 0.036363 0.0437241
202 0.040509 0.00429518 0.0362138 0.0448042
203 0.0403288 0.00405123 0.0362776 0.04438
204 0.039473 0.00209445 0.0373785 0.0415674
205 0.0400285 0.00287102 0.0371575 0.0428995
206 0.0395631 0.00165534 0.0379077 0.0412184
207 0.0399835 0.00376054 0.0362229 0.043744
208 0.0391877 0.000581507 0.0386062 0.0397692
209 0.0399685 0.00395527 0.0360132 0.0439237
210 0.0389925 0.000761308 0.0382312 0.0397538
211 0.0406591 0.00763313 0.033026 0.0482923
212 0.0399835 0.00253255 0.0374509 0.042516
213 0.039518 0.00207047 0.0374476 0.0415885
214 0.0389925 0.000602639 0.0383899 0.0395952
215 0.0398483 0.0047812 0.0350671 0.0446295
216 0.0406741 0.00721349 0.0334607 0.0478876
217 0.039458 0.00185208 0.0376059 0.04131
218 0.0395481 0.00181693 0.0377311 0.041365
219 0.0420104 0.00577375 0.0362367 0.0477842
220 0.0388724 0.000541145 0.0383313 0.0394135
221 0.0389625 0.000650145 0.0383123 0.0396126
222 0.039518 0.00180523 0.0377128 0.0413233
223 0.0398483 0.00358855 0.0362598 0.0434369
224 0.0426711 0.00727722 0.0353938 0.0499483
225 0.0438572 0.0103508 0.0335064 0.054208
226 0.0391577 0.000767942 0.0383897 0.0399256
227 0.0451034 0.0122537 0.0328497 0.0573571
228 0.04159 0.0059866 0.0356034 0.0475766
229 0.0399685 0.00357192 0.0363965 0.0435404
230 0.0410945 0.00677501 0.0343195 0.0478696
231 0.0400435 0.00369035 0.0363532 0.0437339
232 0.0410795 0.00479203 0.0362875 0.0458716
233 0.0389925 0.00057193 0.0384206 0.0395644
234 0.039503 0.00200874 0.0374943 0.0415117
235 0.0411846 0.00495365 0.036231 0.0461383
236 0.040509 0.00263314 0.0378758 0.0431421
237 0.0402387 0.00261269 0.037626 0.0428514
238 0.0407642 0.00453016 0.0362341 0.0452944
239 0.0394129 0.000670626 0.0387423 0.0400835
240 0.0396381 0.0006579 0.0389802 0.040296
241 0.0400886 0.00221177 0.0378768 0.0423003
242 0.0393078 0.000664039 0.0386438 0.0399719
243 0.0403138 0.00381482 0.036499 0.0441286
244 0.0407642 0.00525538 0.0355088 0.0460196
245 0.0389925 0.0020461 0.0369464 0.0410386
246 0.0393679 0.00380775 0.0355601 0.0431756
247 0.0389775 0.00206873 0.0369088 0.0410462
248 0.0397583 0.00420662 0.0355516 0.0439649
249 0.0406441 0.00662903 0.0340151 0.0472731
250 0.040554 0.0058756 0.0346784 0.0464296
251 0.0381067 0.000501582 0.0376051 0.0386082
252 0.0385721 0.00209229 0.0364798 0.0406644
253 0.0377763 0.00184281 0.0359335 0.0396192
254 0.0398183 0.00436443 0.0354539 0.0441827
255 0.0379565 0.002022 0.0359345 0.0399785
256 0.0378815 0.000712356 0.0371691 0.0385938
257 0.0421305 0.00775717 0.0343734 0.0498877
258 0.0422657 0.0137432 0.0285224 0.0560089
259 0.0391577 0.00369904 0.0354586 0.0428567
260 0.0398784 0.00443127 0.0354471 0.0443096
261 0.0382418 0.000610075 0.0376317 0.0388519
262 0.0399685 0.00561701 0.0343514 0.0455855
263 0.0403288 0.00555502 0.0347738 0.0458838
264 0.0381667 0.00074711 0.0374196 0.0389138
265 0.0376112 0.000643172 0.036968 0.0382544
266 0.038422 0.00367836 0.0347436 0.0421003
267 0.0396081 0.00727722 0.0323309 0.0468853
268 0.0402237 0.00810918 0.0321145 0.0483329
269 0.0375962 0.000470985 0.0371252 0.0380672
270 0.0409144 0.00925254 0.0316618 0.0501669
271 0.0400435 0.00755647 0.0324871 0.0476
272 0.0388874 0.00325575 0.0356317 0.0421432
273 0.0380766 0.00236943 0.0357072 0.0404461
274 0.040494 0.011331 0.029163 0.051825
275 0.037416 0.000580731 0.0368353 0.0379967
276 0.0389625 0.00401408 0.0349484 0.0429766
277 0.0399084 0.00719247 0.0327159 0.0471009
278 0.038422 0.00275133 0.0356706 0.0411733
279 0.0402387 0.00558892 0.0346498 0.0458276
280 0.038497 0.00268183 0.0358152 0.0411789
281 0.0379565 0.00182757 0.0361289 0.0397841
282 0.0401937 0.00643367 0.03376 0.0466273
283 0.0385871 0.00234437 0.0362428 0.0409315
284 0.0380466 0.0004564 0.0375902 0.038503
285 0.0389024 0.00262384 0.0362786 0.0415263
286 0.0387673 0.000799581 0.0379677 0.0395669
287 0.0385721 0.000565589 0.0380065 0.0391377
288 0.0389024 0.000726147 0.0381763 0.0396286
289 0.0400435 0.00414929 0.0358942 0.0441928
290 0.0386772 0.000701675 0.0379755 0.0393789
291 0.0396982 0.00510544 0.0345928 0.0448036
292 0.0398784 0.00387431 0.0360041 0.0437527
293 0.0398483 0.0041632 0.0356851 0.0440115
294 0.0393529 0.0038939 0.035459 0.0432468
295 0.0382568 0.000532113 0.0377247 0.0387889
296 0.0400285 0.00575984 0.0342687 0.0457884
297 0.0396982 0.0041961 0.0355021 0.0438943
298 0.0397883 0.00377756 0.0360107 0.0435658
299 0.0401036 0.00407495 0.0360286 0.0441785
300 0.0398934 0.00353306 0.0363603 0.0434264
301 0.0387823 0.000448176 0.0383341 0.0392305
302 0.0387223 0.000573505 0.0381488 0.0392958
303 0.0389325 0.00276735 0.0361651 0.0416998
304 0.0382568 0.000588444 0.0376684 0.0388453
305 0.0387373 0.00225916 0.0364781 0.0409964
306 0.0410495 0.00777458 0.0332749 0.0488241
307 0.0380917 0.00064597 0.0374457 0.0387376
308 0.0414849 0.00639642 0.0350885 0.0478813
309 0.0409294 0.00805038 0.032879 0.0489798
310 0.039533 0.00301678 0.0365163 0.0425498
311 0.0380316 0.000477403 0.0375542 0.038509
312 0.0411696 0.00750476 0.0336649 0.0486744
313 0.0409894 0.007927 0.0330624 0.0489164
314 0.0411546 0.00881565 0.0323389 0.0499703
315 0.0380166 0.000449431 0.0375671 0.038466
316 0.0392778 0.00428856 0.0349892 0.0435664
317 0.0379715 0.000506723 0.0374648 0.0384783
318 0.0396381 0.00429003 0.0353481 0.0439282
319 0.0387373 0.00362219 0.0351151 0.0423595
320 0.0385571 0.00201529 0.0365418 0.0405724
321 0.0379265 0.000392678 0.0375338 0.0383192
322 0.0393829 0.00330492 0.036078 0.0426878
323 0.0395781 0.00205122 0.0375269 0.0416293
324 0.0402988 0.00591622 0.0343826 0.046215
325 0.0395931 0.0038318 0.0357613 0.0434249
326 0.0393829 0.00375214 0.0356308 0.043135
327 0.0414849 0.00562613 0.0358588 0.047111
328 0.0404789 0.00369929 0.0367797 0.0441782
329 0.0396982 0.000868246 0.03883 0.0405664
330 0.0432566 0.00683147 0.0364251 0.0500881
331 0.0398634 0.000782338 0.039081 0.0406457
332 0.040554 0.00380014 0.0367539 0.0443542
333 0.0397583 0.000713147 0.0390451 0.0404714
334 0.0403288 0.002295 0.0380338 0.0426238
335 0.0403588 0.00191197 0.0384469 0.0422708
336 0.0395481 0.000546328 0.0390017 0.0400944
337 0.0413198 0.00455945 0.0367603 0.0458792
338 0.039503 0.000626123 0.0388769 0.0401291
339 0.0402087 0.00370452 0.0365042 0.0439132
340 0.0404639 0.00304594 0.037418 0.0435099
341 0.0423858 0.00556084 0.0368249 0.0479466
342 0.0398333 0.00199251 0.0378408 0.0418258
343 0.0406591 0.00418513 0.036474 0.0448442
344 0.040494 0.00263549 0.0378585 0.0431295
345 0.0400886 0.00207721 0.0380114 0.0421658
346 0.0397132 0.000628996 0.0390842 0.0403422
347 0.0396381 0.000577617 0.0390605 0.0402158
348 0.0419354 0.00768721 0.0342481 0.0496226
349 0.0406741 0.00343627 0.0372379 0.0441104
350 0.0420855 0.00672491 0.0353606 0.0488104
351 0.0408843 0.00371713 0.0371672 0.0446015
352 0.0430314 0.0083716 0.0346598 0.051403
353 0.0413198 0.00563664 0.0356831 0.0469564
354 0.042611 0.00819679 0.0344142 0.0508078
355 0.0403138 0.00195274 0.038361 0.0422665
356 0.0448632 0.00896924 0.0358939 0.0538324
357 0.0407792 0.00384041 0.0369388 0.0446197
358 0.0424158 0.0112426 0.0311733 0.0536584
359 0.0448782 0.0120836 0.0327946 0.0569618
360 0.0414399 0.00706732 0.0343725 0.0485072
361 0.0431215 0.0103456 0.0327759 0.053467
362 0.0409594 0.00306589 0.0378935 0.0440253
363 0.0402387 0.00219231 0.0380464 0.042431
364 0.040509 0.00366291 0.0368461 0.0441719
365 0.0408243 0.0041124 0.0367119 0.0449367
366 0.0393078 0.00051049 0.0387973 0.0398183
367 0.039488 0.000429948 0.039058 0.0399179
368 0.0392778 0.000386895 0.0388909 0.0396647
369 0.0398183 0.00220339 0.0376149 0.0420217
370 0.0406141 0.00414668 0.0364674 0.0447608
371 0.0390976 0.000309166 0.0387885 0.0394068
372 0.0403288 0.00534067 0.0349881 0.0456695
373 0.0411096 0.0055443 0.0355653 0.0466539
374 0.0389925 0.00219699 0.0367955 0.0411895
375 0.0390225 0.00225011 0.0367724 0.0412727
376 0.0404039 0.005279 0.0351249 0.0456829
377 0.0395631 0.00391514 0.0356479 0.0434782
378 0.0397883 0.00559014 0.0341981 0.0453784
379 0.0397282 0.0040933 0.0356349 0.0438215
380 0.0387373 0.000493425 0.0382438 0.0392307
381 0.0398333 0.00556651 0.0342668 0.0453998
382 0.0386021 0.00046009 0.0381421 0.0390622
383 0.0385121 0.000683941 0.0378281 0.039196
384 0.0406741 0.00800566 0.0326685 0.0486798
385 0.0396832 0.00168878 0.0379944 0.041372
386 0.0385721 0.000618879 0.0379532 0.039191
387 0.0399985 0.00411144 0.035887 0.0441099
388 0.0393078 0.00355674 0.0357511 0.0428646
389 0.0397132 0.00438347 0.0353297 0.0440967
390 0.0392778 0.00300679 0.036271 0.0422846
391 0.0407492 0.00749346 0.0332558 0.0482427
392 0.0389325 0.00400554 0.0349269 0.042938
393 0.0381367 0.000783058 0.0373536 0.0389198
394 0.0431065 0.0146057 0.0285007 0.0577122
395 0.0383619 0.00228471 0.0360772 0.0406466
396 0.0386021 0.00391468 0.0346875 0.0425168
397 0.0422356 0.00734897 0.0348867 0.0495846
398 0.0402237 0.0078199 0.0324038 0.0480436
399 0.0385571 0.00198145 0.0365756 0.0405386
400 0.0397883 0.00480415 0.0349841 0.0445924
401 0.0379265 0.000578397 0.0373481 0.0385049
402 0.0392928 0.00442483 0.034868 0.0437176
403 0.0401486 0.00458479 0.0355638 0.0447334
404 0.0389024 0.00280328 0.0360992 0.0417057
405 0.0388123 0.00360581 0.0352065 0.0424182
406 0.0405991 0.0108614 0.0297377 0.0514605
407 0.0385571 0.00378936 0.0347677 0.0423465
408 0.0382118 0.00208884 0.0361229 0.0403006
409 0.0391126 0.00366288 0.0354498 0.0427755
410 0.038482 0.000486756 0.0379953 0.0389688
411 0.0383169 0.000603574 0.0377133 0.0389204
412 0.0396832 0.00299127 0.0366919 0.0426745
413 0.0418903 0.0109193 0.030971 0.0528096
414 0.0392628 0.00121561 0.0380472 0.0404784
415 0.0407042 0.00578278 0.0349214 0.046487
416 0.0396381 0.00185597 0.0377822 0.0414941
417 0.0405841 0.00716822 0.0334158 0.0477523
418 0.0394279 0.00234168 0.0370863 0.0417696
419 0.0392177 0.000687392 0.0385303 0.0399051
420 0.0392928 0.0016455 0.0376473 0.0409383
421 0.0389925 0.00055594 0.0384366 0.0395485
422 0.0403588 0.00518501 0.0351738 0.0455438
423 0.0401636 0.0040765 0.0360871 0.0442401
424 0.0409744 0.00534268 0.0356318 0.0463171
425 0.0391727 0.00117257 0.0380001 0.0403453
426 0.0413948 0.00747006 0.0339248 0.0488649
427 0.040509 0.0074644 0.0330446 0.0479734
428 0.0393979 0.0021729 0.037225 0.0415708
429 0.0401787 0.00735101 0.0328277 0.0475297
430 0.0393979 0.0038263 0.0355716 0.0432242
431 0.0396982 0.00555218 0.034146 0.0452504
432 0.0400736 0.00430313 0.0357704 0.0443767
433 0.0387072 0.00194354 0.0367637 0.0406508
434 0.0402237 0.00517985 0.0350438 0.0454036
435 0.0422206 0.00897829 0.0332423 0.0511989
436 0.0401787 0.00746362 0.032715 0.0476423
437 0.038437 0.000577618 0.0378594 0.0390146
438 0.0397132 0.00437008 0.0353431 0.0440833
439 0.0398033 0.00693887 0.0328644 0.0467422
440 0.0381217 0.000744541 0.0373771 0.0388662
441 0.039458 0.00510085 0.0343571 0.0445588
442 0.039518 0.00335115 0.0361669 0.0428692
443 0.0387523 0.00178027 0.036972 0.0405326
444 0.0395481 0.00550447 0.0340436 0.0450525
445 0.0393228 0.00392504 0.0353978 0.0432479
446 0.0392478 0.00452242 0.0347253 0.0437702
447 0.0402537 0.00764144 0.0326123 0.0478952
448 0.0391126 0.00246872 0.0366439 0.0415814
449 0.0378814 0.000513792 0.0373677 0.0383952
450 0.0402687 0.00421037 0.0360584 0.0444791
451 0.0399534 0.00421205 0.0357414 0.0441655
452 0.0413198 0.00589623 0.0354235 0.047216
453 0.0391126 0.00178634 0.0373263 0.040899
454 0.039518 0.00394214 0.0355759 0.0434602
455 0.0406892 0.00215602 0.0385331 0.0428452
456 0.0411246 0.00424935 0.0368752 0.0453739
457 0.0401937 0.00178483 0.0384088 0.0419785
458 0.0396982 0.00061979 0.0390784 0.040318
459 0.0417702 0.00644601 0.0353242 0.0482162
460 0.0408393 0.00283133 0.038008 0.0436706
461 0.0404789 0.00250988 0.0379691 0.0429888
462 0.0410045 0.00402821 0.0369762 0.0450327
463 0.0400435 0.000539477 0.0395041 0.040583
464 0.0410195 0.004132 0.0368875 0.0451515
465 0.0408994 0.00337822 0.0375211 0.0442776
466 0.0410795 0.00401153 0.037068 0.0450911
467 0.0398033 0.000497747 0.0393056 0.040301
468 0.0418603 0.00752965 0.0343306 0.0493899
469 0.0411396 0.00438874 0.0367508 0.0455283
470 0.0397432 0.000812863 0.0389304 0.0405561
471 0.0396081 0.000864603 0.0387435 0.0404727
472 0.0441425 0.011287 0.0328554 0.0554295
473 0.0420405 0.01084 0.0312005 0.0528804
474 0.040524 0.00262212 0.0379019 0.0431461
475 0.0408543 0.00450981 0.0363445 0.0453641
476 0.0408693 0.00312055 0.0377488 0.0439899
477 0.0413348 0.00517097 0.0361638 0.0465057
478 0.0404339 0.0027706 0.0376633 0.0432045
479 0.0398333 0.000595111 0.0392382 0.0404284
480 0.0432716 0.00755207 0.0357196 0.0508237
481 0.0399685 0.0007036 0.0392649 0.0406721
482 0.0416951 0.00523423 0.0364609 0.0469294
483 0.0452686 0.0157958 0.0294727 0.0610644
484 0.0420555 0.00543139 0.0366241 0.0474869
485 0.0419654 0.00899959 0.0329658 0.050965
486 0.0397432 0.00061742 0.0391258 0.0403607
487 0.0413948 0.00561088 0.0357839 0.0470057
488 0.0398483 0.00172267 0.0381257 0.041571
489 0.044638 0.0149748 0.0296631 0.0596128
490 0.0396081 0.000592262 0.0390158 0.0402004
491 0.039458 0.000625582 0.0388324 0.0400835
492 0.040569 0.00395983 0.0366092 0.0445289
493 0.0428362 0.0090033 0.0338329 0.0518395
494 0.0420555 0.00838418 0.0336713 0.0504396
495 0.039458 0.000646842 0.0388111 0.0401048
496 0.0398483 0.00182683 0.0380215 0.0416752
497 0.0398634 0.00201859 0.0378448 0.0418819
498 0.0402838 0.00565331 0.0346304 0.0459371
499 0.0396832 0.00290719 0.036776 0.0425904
500 0.0387823 0.00059511 0.0381872 0.0393774
501 0.0391877 0.00216437 0.0370233 0.0413521
502 0.040554 0.00434276 0.0362113 0.0448968
503 0.0398483 0.00393034 0.035918 0.0437787
504 0.0420104 0.00741045 0.0346 0.0494209
505 0.0396081 0.00568879 0.0339193 0.0452969
506 0.0413798 0.00829559 0.0330842 0.0496754
507 0.0396982 0.00405179 0.0356464 0.04375
508 0.0390075 0.00204086 0.0369667 0.0410484
509 0.038482 0.000458126 0.0380239 0.0389402
510 0.0385271 0.00190417 0.0366229 0.0404312
511 0.0379415 0.000448175 0.0374933 0.0383897
512 0.0404039 0.00294295 0.0374609 0.0433468
513 0.0388874 0.000841345 0.0380461 0.0397288
514 0.0404339 0.00750018 0.0329337 0.0479341
515 0.0411096 0.00988945 0.0312201 0.050999
516 0.0394279 0.00197621 0.0374517 0.0414041
517 0.0404489 0.00762113 0.0328278 0.04807
518 0.0403588 0.007322 0.0330368 0.0476808
519 0.0385721 0.00222391 0.0363482 0.040796
520 0.0389475 0.00255528 0.0363922 0.0415028
521 0.0393078 0.00550922 0.0337986 0.044817
522 0.0430915 0.0123117 0.0307798 0.0554031
523 0.0398634 0.00421462 0.0356487 0.044078
524 0.0380616 0.000770725 0.0372909 0.0388323
525 0.0403288 0.00762468 0.0327041 0.0479535
526 0.0430764 0.011623 0.0314535 0.0546994
527 0.0386322 0.00199251 0.0366397 0.0406247
528 0.0402687 0.00713077 0.033138 0.0473995
529 0.0398033 0.00323766 0.0365656 0.043041
530 0.0381667 0.00188705 0.0362797 0.0400538
531 0.0377163 0.000580731 0.0371356 0.038297
532 0.0380316 0.000579759 0.0374518 0.0386114
533 0.0379115 0.00047361 0.0374379 0.0383851
534 0.0409294 0.00749947 0.0334299 0.0484289
535 0.0389024 0.00257702 0.0363254 0.0414795
536 0.0380466 0.000446411 0.0376002 0.038493
537 0.0413498 0.00609897 0.0352508 0.0474488
538 0.039533 0.00275919 0.0367739 0.0422922
539 0.038467 0.00052786 0.0379392 0.0389949
540 0.0413498 0.00596971 0.0353801 0.0473195
541 0.0408843 0.00666701 0.0342173 0.0475513
542 0.0385271 0.000644748 0.0378823 0.0391718
543 0.0402988 0.00413004 0.0361687 0.0444288
544 0.0420705 0.00823192 0.0338386 0.0503024
545 0.0392478 0.00189943 0.0373483 0.0411472
546 0.0427161 0.0143935 0.0283226 0.0571096
547 0.0395931 0.00274773 0.0368454 0.0423408
548 0.0400736 0.00409592 0.0359776 0.0441695
549 0.0386322 0.000513793 0.0381184 0.039146
550 0.0399234 0.00527986 0.0346436 0.0452033
551 0.0393529 0.00245884 0.036894 0.0418117
552 0.0396081 0.00369355 0.0359146 0.0433017
553 0.0397883 0.00284958 0.0369387 0.0426379
554 0.0423107 0.0086162 0.0336945 0.0509269
555 0.0392628 0.00241518 0.0368476 0.041678
556 0.0389325 0.000504941 0.0384275 0.0394374
557 0.0414098 0.00614155 0.0352683 0.0475514
558 0.0413198 0.00631992 0.0349998 0.0476397
559 0.0387973 0.002114 0.0366833 0.0409113
560 0.0400585 0.00688271 0.0331758 0.0469413
561 0.0385271 0.00190654 0.0366205 0.0404336
562 0.0413648 0.00931567 0.0320491 0.0506805
563 0.0383619 0.00101334 0.0373486 0.0393752
564 0.039443 0.00445833 0.0349846 0.0439013
565 0.0402537 0.00480413 0.0354496 0.0450579
566 0.0396532 0.00471891 0.0349342 0.0443721
567 0.0380766 0.000605065 0.0374716 0.0386817
568 0.0387973 0.0026514 0.0361459 0.0414487
569 0.0388274 0.00271608 0.0361113 0.0415434
570 0.0387823 0.00375694 0.0350254 0.0425393
571 0.0401787 0.00633004 0.0338486 0.0465087
572 0.038407 0.00199393 0.036413 0.0404009
573 0.039443 0.00434463 0.0350983 0.0437876
574 0.0393829 0.00408247 0.0353004 0.0434654
575 0.038452 0.00213496 0.036317 0.040587
576 0.0411996 0.00821146 0.0329882 0.0494111
577 0.0386472 0.00345672 0.0351905 0.0421039
578 0.0396231 0.00372827 0.0358949 0.0433514
579 0.0381968 0.000398378 0.0377984 0.0385951
580 0.0395631 0.00399833 0.0355647 0.0435614
581 0.0381217 0.000524217 0.0375975 0.0386459
582 0.0399534 0.00215597 0.0377975 0.0421094
583 0.0398784 0.00365268 0.0362257 0.0435311
584 0.0414249 0.00524301 0.0361818 0.0466679
585 0.0396081 0.000568966 0.0390391 0.0401771
586 0.0398183 0.000469066 0.0393492 0.0402874
587 0.0428813 0.00554324 0.037338 0.0484245
588 0.0420405 0.00478864 0.0372518 0.0468291
589 0.0401787 0.00166816 0.0385105 0.0418468
590 0.0398033 0.00073233 0.039071 0.0405356
591 0.0418302 0.00594398 0.0358863 0.0477742
592 0.0397583 0.000603573 0.0391547 0.0403618
593 0.0652228 0.1054 -0.0401773 0.170623
594 0.0403738 0.00237299 0.0380009 0.0427468
595 0.0396081 0.000765001 0.0388431 0.0403731
596 0.039503 0.000726147 0.0387769 0.0402292
597 0.0413198 0.00702984 0.0342899 0.0483496
598 0.0397432 0.00242524 0.037318 0.0421685
599 0.0395481 0.00174607 0.037802 0.0412941
600 0.0390376 0.000651011 0.0383866 0.0396886
601 0.0407492 0.00418049 0.0365687 0.0449297
602 0.0410945 0.00418068 0.0369139 0.0452752
603 0.0402087 0.00384311 0.0363656 0.0440518
604 0.0406441 0.00499444 0.0356497 0.0456385
605 0.0430915 0.0102559 0.0328356 0.0533473
606 0.0411546 0.00842067 0.0327339 0.0495753
607 0.0391577 0.000459354 0.0386983 0.039617
608 0.039443 0.000755362 0.0386876 0.0401983
609 0.0416651 0.00940239 0.0322627 0.0510675
610 0.0425359 0.00869038 0.0338455 0.0512263
611 0.0398033 0.00281452 0.0369888 0.0426178
612 0.0456589 0.00874479 0.0369141 0.0544037
613 0.0404639 0.00434213 0.0361218 0.0448061
614 0.0411396 0.00776756 0.033372 0.0489071
615 0.0391126 0.000483036 0.0386296 0.0395957
616 0.0394129 0.00208236 0.0373306 0.0414953
617 0.0388424 0.000807297 0.0380351 0.0396497
618 0.039518 0.0016971 0.0378209 0.0412151
619 0.0390376 0.000644048 0.0383935 0.0396816
620 0.0401336 0.00407473 0.0360589 0.0442083
621 0.042656 0.00799495 0.0346611 0.050651
622 0.0406591 0.00562543 0.0350337 0.0462846
623 0.0411846 0.00642736 0.0347573 0.047612
624 0.0424609 0.00673304 0.0357278 0.0491939
625 0.0393228 0.0019145 0.0374083 0.0412373
626 0.0834803 0.196133 -0.112653 0.279614
627 0.0385721 0.00180542 0.0367667 0.0403775
628 0.0397432 0.0052437 0.0344995 0.0449869
629 0.0381217 0.000408161 0.0377135 0.0385298
630 0.0390225 0.00282571 0.0361968 0.0418483
631 0.0385271 0.00192537 0.0366017 0.0404524
632 0.0380616 0.000536123 0.0375255 0.0385977
633 0.0386922 0.00055594 0.0381363 0.0392482
634 0.0381667 0.000643348 0.0375234 0.0388101
635 0.0389174 0.00323895 0.0356785 0.0421564
636 0.0386021 0.00401251 0.0345896 0.0426147
637 0.0386021 0.00219535 0.0364068 0.0407975
638 0.0419504 0.0118578 0.0300925 0.0538082
639 0.0378814 0.00215973 0.0357217 0.0400412
640 0.0410645 0.00692417 0.0341403 0.0479887
641 0.040494 0.00528054 0.0352134 0.0457745
642 0.0390225 0.00383204 0.0351905 0.0428546
643 0.0410795 0.00808753 0.032992 0.0491671
644 0.0401937 0.00576467 0.034429 0.0459583
645 0.0393829 0.00398975 0.0353931 0.0433726
646 0.0406291 0.00820569 0.0324234 0.0488348
647 0.0416351 0.00773573 0.0338993 0.0493708
648 0.0387973 0.00361047 0.0351869 0.0424078
649 0.0431065 0.0108933 0.0322132 0.0539998
650 0.0399835 0.00698472 0.0329988 0.0469682
651 0.0377463 0.00182683 0.0359195 0.0395732
652 0.0402087 0.00772852 0.0324802 0.0479372
653 0.0387823 0.00423745 0.0345449 0.0430198
654 0.0391126 0.00593242 0.0331802 0.0450451
655 0.0395481 0.00753605 0.032012 0.0470841
656 0.0398483 0.00795233 0.031896 0.0478007
657 0.0383319 0.00377132 0.0345606 0.0421032
658 0.0372358 0.000528713 0.0367071 0.0377645
659 0.0382268 0.00389462 0.0343322 0.0421214
660 0.037431 0.000610074 0.0368209 0.0380411
661 0.037416 0.000693921 0.0367221 0.0381099
662 0.039443 0.00755409 0.0318889 0.046997
663 0.0383769 0.00357281 0.0348041 0.0419497
664 0.0400435 0.00530609 0.0347374 0.0453496
665 0.0413498 0.00836837 0.0329814 0.0497182
666 0.0382868 0.00198168 0.0363052 0.0402685
667 0.0380616 0.00170101 0.0363606 0.0397626
668 0.0381217 0.0019239 0.0361978 0.0400456
669 0.0393829 0.00496547 0.0344174 0.0443484
670 0.0380466 0.00198532 0.0360613 0.0400319
671 0.0390075 0.00188944 0.0371181 0.040897
672 0.0395781 0.00374892 0.0358292 0.043327
673 0.0386172 0.000603573 0.0380136 0.0392207
674 0.039443 0.00394543 0.0354975 0.0433884
675 0.038452 0.000681298 0.0377707 0.0391333
676 0.0386622 0.000568768 0.0380934 0.039231
677 0.0406441 0.0088002 0.0318439 0.0494443
678 0.0394129 0.00269905 0.0367139 0.042112
679 0.0383019 0.000589018 0.0377128 0.0388909
680 0.039488 0.00392621 0.0355618 0.0434142
681 0.0393379 0.00375301 0.0355848 0.0430909
682 0.0385121 0.000536123 0.0379759 0.0390482
683 0.0413948 0.00609096 0.0353039 0.0474858
684 0.0383019 0.000429686 0.0378722 0.0387315
685 0.039473 0.00580535 0.0336676 0.0452783
686 0.0381817 0.00203948 0.0361423 0.0402212
687 0.0392628 0.0047857 0.0344771 0.0440485
688 0.0412447 0.00835498 0.0328897 0.0495997
689 0.0382268 0.00226932 0.0359575 0.0404961
690 0.0408093 0.00895289 0.0318564 0.0497622
691 0.0395781 0.0042463 0.0353318 0.0438244
692 0.039443 0.00512367 0.0343193 0.0445666
693 0.0378664 0.000614676 0.0372518 0.0384811
694 0.0439773 0.0147495 0.0292278 0.0587268
695 0.0380466 0.00242863 0.035618 0.0404752
696 0.0386772 0.00434496 0.0343323 0.0430222
697 0.040494 0.00617842 0.0343155 0.0466724
698 0.0389174 0.00775908 0.0311584 0.0466765
699 0.0404039 0.00909706 0.0313068 0.0495009
700 0.0399084 0.00845403 0.0314544 0.0483624
701 0.0408543 0.0101178 0.0307365 0.0509721
702 0.0378664 0.00207808 0.0357884 0.0399445
703 0.0372659 0.000473848 0.036792 0.0377397
704 0.037446 0.000554519 0.0368915 0.0380006
705 0.0409294 0.00516994 0.0357594 0.0460993
706 0.0399985 0.00415398 0.0358445 0.0441525
707 0.0387973 0.000655153 0.0381422 0.0394525
708 0.039533 0.00365228 0.0358808 0.0431853
709 0.0385871 0.000557762 0.0380294 0.0391449
710 0.0424609 0.0059533 0.0365076 0.0484142
711 0.0414098 0.00440709 0.0370028 0.0458169
712 0.0398934 0.000679974 0.0392134 0.0405734
713 0.0416501 0.00349563 0.0381544 0.0451457
714 0.0406141 0.0024245 0.0381896 0.0430386
715 0.0403138 0.00227284 0.0380409 0.0425866
716 0.0398634 0.000832591 0.0390308 0.0406959
717 0.0400585 0.00171822 0.0383403 0.0417768
718 0.0401186 0.00196546 0.0381531 0.0420841
719 0.0410645 0.00398364 0.0370809 0.0450482
720 0.0404189 0.00357508 0.0368438 0.043994
721 0.0415149 0.00409856 0.0374164 0.0456135
722 0.0421005 0.0106166 0.0314839 0.0527172
723 0.0408693 0.00392782 0.0369415 0.0447971
724 0.0404189 0.00364254 0.0367763 0.0440614
725 0.0430915 0.00772128 0.0353702 0.0508127
726 0.0397132 0.000843352 0.0388699 0.0405566
727 0.040494 0.00365228 0.0368417 0.0441462
728 0.0408393 0.00574722 0.0350921 0.0465865
729 0.0414849 0.00513861 0.0363463 0.0466235
730 0.0411096 0.00439172 0.0367178 0.0455013
731 0.0406591 0.00394786 0.0367113 0.044607
732 0.0432566 0.00705358 0.036203 0.0503102
733 0.0396682 0.000709979 0.0389582 0.0403781
734 0.0414549 0.00528413 0.0361708 0.046739
735 0.0403738 0.00287945 0.0374944 0.0432533
736 0.0401186 0.000744087 0.0393745 0.0408627
737 0.0431215 0.00852546 0.034596 0.0516469
738 0.041575 0.0053914 0.0361836 0.0469664
739 0.041575 0.00777364 0.0338014 0.0493486
740 0.0406291 0.00367544 0.0369537 0.0443045
741 0.042596 0.00806558 0.0345304 0.0506616
742 0.0417852 0.00723458 0.0345506 0.0490198
743 0.0401336 0.00189985 0.0382338 0.0420335
744 0.0449983 0.0107285 0.0342698 0.0557268
745 0.0410795 0.00467969 0.0363998 0.0457592
746 0.042611 0.0135153 0.0290957 0.0561263
747 0.0402087 0.00368745 0.0365212 0.0438961
748 0.0395481 0.00216978 0.0373783 0.0417178
749 0.039503 0.000565588 0.0389374 0.0400686
750 0.0414699 0.00952484 0.0319451 0.0509947
751 0.0410645 0.00560735 0.0354572 0.0466719
752 0.0410345 0.00455933 0.0364752 0.0455938
753 0.0392328 0.00168877 0.037544 0.0409215
754 0.0404039 0.00478627 0.0356176 0.0451901
755 0.0390225 0.00185712 0.0371654 0.0408797
756 0.0386622 0.000599639 0.0380626 0.0392618
757 0.038482 0.00268465 0.0357974 0.0411667
758 0.0389325 0.00370133 0.0352311 0.0426338
759 0.0424909 0.0104367 0.0320542 0.0529276
760 0.038452 0.00185226 0.0365997 0.0403043
761 0.0391276 0.00564519 0.0334825 0.0447728
762 0.0390075 0.00359583 0.0354117 0.0426034
763 0.038482 0.00196058 0.0365214 0.0404426
764 0.0380166 0.000459354 0.0375572 0.0384759
765 0.0379565 0.00204417 0.0359124 0.0400007
766 0.0383169 0.00275776 0.0355591 0.0410746
767 0.0402988 0.00834922 0.0319496 0.048648
768 0.039458 0.00288871 0.0365693 0.0423467
769 0.0390826 0.00403917 0.0350434 0.0431218
770 0.0381817 0.000522494 0.0376592 0.0387042
771 0.0402988 0.00971127 0.0305875 0.05001
772 0.039503 0.00404942 0.0354536 0.0435524
773 0.040569 0.00692614 0.0336429 0.0474952
774 0.0401937 0.0052187 0.034975 0.0454124
775 0.0387373 0.00227903 0.0364582 0.0410163
776 0.0417702 0.00894332 0.0328269 0.0507135
777 0.0392628 0.00427727 0.0349855 0.0435401
778 0.040494 0.00770771 0.0327863 0.0482017
779 0.0429263 0.0130183 0.029908 0.0559446
780 0.0409444 0.00827364 0.0326708 0.049218
781 0.0379715 0.000647365 0.0373242 0.0386189
782 0.0397733 0.0051379 0.0346354 0.0449112
783 0.0401486 0.00750969 0.0326389 0.0476583
784 0.0389024 0.00366977 0.0352327 0.0425722
785 0.0390376 0.0037865 0.0352511 0.0428241
786 0.0378364 0.000484201 0.0373522 0.0383206
787 0.0407792 0.00716653 0.0336127 0.0479458
788 0.0400135 0.00722373 0.0327898 0.0472372
789 0.0375962 0.000542186 0.037054 0.0381384
790 0.0392027 0.00503687 0.0341658 0.0442396
791 0.038422 0.00371495 0.034707 0.0421369
792 0.038482 0.000513793 0.0379682 0.0389958
793 0.0388274 0.00180947 0.0370179 0.0406368
794 0.0383169 0.000719442 0.0375974 0.0390363
795 0.0398483 0.00749346 0.0323549 0.0473418
796 0.0390526 0.00404497 0.0350076 0.0430975
797 0.038422 0.00208366 0.0363383 0.0405056
798 0.0397583 0.00557228 0.034186 0.0453305
799 0.0404039 0.00452877 0.0358751 0.0449326
