# ../output/graphs/perf_parallel75BIPED_thread2
# step - mean (0.12639) - standard deviation (0.0123348) r=20 - ylow - yhigh
0 0.148133 0.0451407 0.102992 0.193273
1 0.133418 0.0071271 0.126291 0.140545
2 0.132893 0.00742113 0.125472 0.140314
3 0.139259 0.0174483 0.121811 0.156707
4 0.14046 0.0237773 0.116683 0.164237
5 0.130085 0.00451992 0.125565 0.134605
6 0.130415 0.00639488 0.124021 0.13681
7 0.123554 0.00324183 0.120312 0.126796
8 0.12474 0.00499004 0.11975 0.12973
9 0.127307 0.00989837 0.117409 0.137206
10 0.128599 0.0111939 0.117405 0.139793
11 0.128193 0.0147975 0.113396 0.142991
12 0.12426 0.00494666 0.119313 0.129206
13 0.124335 0.00416144 0.120173 0.128496
14 0.127578 0.0101648 0.117413 0.137743
15 0.133884 0.0184933 0.11539 0.152377
16 0.128569 0.0156748 0.112894 0.144243
17 0.130295 0.0137963 0.116499 0.144092
18 0.125386 0.0113319 0.114054 0.136718
19 0.130806 0.0221179 0.108688 0.152924
20 0.12492 0.00509872 0.119821 0.130019
21 0.127217 0.0104124 0.116805 0.13763
22 0.128869 0.0139097 0.114959 0.142779
23 0.122878 0.00836702 0.114511 0.131245
24 0.120131 0.00251863 0.117612 0.122649
25 0.122773 0.00861064 0.114162 0.131384
26 0.120926 0.00593031 0.114996 0.126857
27 0.127668 0.0142393 0.113429 0.141907
28 0.120161 0.00411656 0.116044 0.124277
29 0.127368 0.0128393 0.114528 0.140207
30 0.123434 0.0118568 0.111577 0.135291
31 0.124064 0.0101479 0.113916 0.134212
32 0.127458 0.0126323 0.114825 0.14009
33 0.124064 0.00572936 0.118335 0.129794
34 0.130581 0.00959012 0.120991 0.140171
35 0.131001 0.00323682 0.127764 0.134238
36 0.136436 0.0140477 0.122389 0.150484
37 0.131977 0.00520246 0.126775 0.137179
38 0.134274 0.00744648 0.126828 0.141721
39 0.13537 0.00954787 0.125822 0.144918
40 0.132157 0.0047279 0.127429 0.136885
41 0.135025 0.00999303 0.125032 0.145018
42 0.134454 0.00954894 0.124905 0.144003
43 0.138854 0.0149704 0.123883 0.153824
44 0.134439 0.0102947 0.124145 0.144734
45 0.132893 0.00586715 0.127026 0.13876
46 0.134605 0.00987712 0.124727 0.144482
47 0.135475 0.0119511 0.123524 0.147426
48 0.130836 0.0046473 0.126189 0.135483
49 0.137172 0.0130471 0.124125 0.150219
50 0.134139 0.00740144 0.126738 0.141541
51 0.133809 0.00662094 0.127188 0.14043
52 0.136166 0.0129346 0.123231 0.149101
53 0.140685 0.0246792 0.116006 0.165365
54 0.136481 0.00914009 0.127341 0.145621
55 0.131361 0.00487956 0.126482 0.136241
56 0.133463 0.0061059 0.127358 0.139569
57 0.132487 0.00488798 0.127599 0.137375
58 0.132803 0.0079522 0.124851 0.140755
59 0.133058 0.00494967 0.128108 0.138008
60 0.137622 0.0134203 0.124202 0.151043
61 0.135235 0.00872352 0.126512 0.143959
62 0.141046 0.0175824 0.123463 0.158628
63 0.133433 0.00896415 0.124469 0.142398
64 0.137052 0.00829982 0.128752 0.145352
65 0.132608 0.00349601 0.129112 0.136104
66 0.13468 0.00711849 0.127561 0.141798
67 0.135836 0.013724 0.122112 0.14956
68 0.132412 0.00625184 0.126161 0.138664
69 0.138914 0.0136717 0.125242 0.152585
70 0.134965 0.0118004 0.123164 0.146765
71 0.131662 0.00411897 0.127543 0.135781
72 0.144289 0.028646 0.115643 0.172935
73 0.133989 0.00699589 0.126993 0.140985
74 0.133148 0.00488133 0.128267 0.138029
75 0.133193 0.00547274 0.12772 0.138666
76 0.137037 0.0129404 0.124096 0.149977
77 0.1351 0.00955886 0.125541 0.144659
78 0.132608 0.00654217 0.126065 0.13915
79 0.136211 0.0115291 0.124682 0.14774
80 0.133959 0.00748852 0.12647 0.141447
81 0.132322 0.00515612 0.127166 0.137478
82 0.131482 0.00473684 0.126745 0.136218
83 0.131992 0.00366608 0.128326 0.135658
84 0.131662 0.00310545 0.128556 0.134767
85 0.132472 0.00739545 0.125077 0.139868
86 0.137112 0.0133871 0.123725 0.150499
87 0.141496 0.0217631 0.119733 0.163259
88 0.130956 0.00404321 0.126913 0.134999
89 0.135055 0.00974569 0.125309 0.144801
90 0.135776 0.0112343 0.124541 0.14701
91 0.134514 0.0141784 0.120336 0.148693
92 0.134559 0.0144363 0.120123 0.148996
93 0.13462 0.0102873 0.124332 0.144907
94 0.13462 0.0122439 0.122376 0.146863
95 0.138253 0.0145655 0.123687 0.152819
96 0.142892 0.0138818 0.129011 0.156774
97 0.13531 0.00878179 0.126528 0.144092
98 0.133689 0.014999 0.11869 0.148688
99 0.127082 0.00491557 0.122167 0.131998
100 0.130295 0.0111968 0.119099 0.141492
101 0.129905 0.00820476 0.1217 0.13811
102 0.127488 0.00429159 0.123196 0.131779
103 0.136646 0.0214177 0.115229 0.158064
104 0.132593 0.00769963 0.124893 0.140292
105 0.12974 0.00608296 0.123657 0.135823
106 0.13037 0.00449559 0.125875 0.134866
107 0.13498 0.0127166 0.122263 0.147697
108 0.130325 0.0062896 0.124036 0.136615
109 0.1295 0.00683702 0.122663 0.136337
110 0.12947 0.00752778 0.121942 0.136997
111 0.131542 0.0126658 0.118876 0.144207
112 0.136767 0.00900891 0.127758 0.145776
113 0.135505 0.00864022 0.126865 0.144146
114 0.133764 0.00761129 0.126152 0.141375
115 0.132593 0.00974505 0.122848 0.142338
116 0.129485 0.00463419 0.12485 0.134119
117 0.131947 0.00864206 0.123305 0.140589
118 0.132803 0.0105601 0.122243 0.143363
119 0.137697 0.0126886 0.125009 0.150386
120 0.133043 0.0100682 0.122975 0.143111
121 0.13477 0.00976867 0.125001 0.144538
122 0.131632 0.00816613 0.123466 0.139798
123 0.13028 0.00363743 0.126643 0.133918
124 0.133929 0.0142424 0.119686 0.148171
125 0.130596 0.00557269 0.125023 0.136168
126 0.133824 0.0104931 0.123331 0.144317
127 0.133448 0.00989013 0.123558 0.143339
128 0.138944 0.0114363 0.127507 0.15038
129 0.136361 0.00664304 0.129718 0.143004
130 0.13555 0.0110241 0.124526 0.146575
131 0.128869 0.00351771 0.125351 0.132387
132 0.131737 0.0103026 0.121434 0.142039
133 0.139214 0.019583 0.119631 0.158797
134 0.131812 0.00856665 0.123245 0.140378
135 0.134499 0.011105 0.123394 0.145604
136 0.136121 0.0137262 0.122395 0.149847
137 0.131542 0.014153 0.117389 0.145695
138 0.134139 0.00976105 0.124378 0.1439
139 0.130671 0.00790067 0.12277 0.138571
140 0.131902 0.00794937 0.123953 0.139851
141 0.130055 0.00620582 0.123849 0.136261
142 0.133013 0.0111958 0.121817 0.144209
143 0.134484 0.00980768 0.124677 0.144292
144 0.131391 0.00993338 0.121458 0.141325
145 0.133614 0.0113541 0.122259 0.144968
146 0.132623 0.0104461 0.122176 0.143069
147 0.129725 0.0069496 0.122775 0.136674
148 0.13043 0.0048729 0.125558 0.135303
149 0.130566 0.00791852 0.122647 0.138484
150 0.132127 0.00790621 0.124221 0.140033
151 0.132938 0.0109998 0.121938 0.143938
152 0.131572 0.00923762 0.122334 0.140809
153 0.129244 0.00457426 0.12467 0.133819
154 0.132232 0.0112045 0.121028 0.143437
155 0.133358 0.0101135 0.123245 0.143472
156 0.132533 0.0182691 0.114263 0.150802
157 0.134424 0.0116894 0.122735 0.146114
158 0.133103 0.00836016 0.124743 0.141463
159 0.133478 0.0123581 0.12112 0.145837
160 0.14046 0.0163096 0.124151 0.15677
161 0.132758 0.00766878 0.125089 0.140427
162 0.132698 0.0114897 0.121208 0.144187
163 0.132232 0.00743133 0.124801 0.139664
164 0.133493 0.0141772 0.119316 0.147671
165 0.133824 0.00881913 0.125005 0.142643
166 0.13501 0.0165604 0.118449 0.15157
167 0.133148 0.0114604 0.121688 0.144609
168 0.131542 0.00933047 0.122211 0.140872
169 0.133343 0.0079412 0.125402 0.141284
170 0.130611 0.00492462 0.125686 0.135535
171 0.139139 0.0165452 0.122594 0.155684
172 0.133809 0.0093589 0.12445 0.143168
173 0.130355 0.00564423 0.124711 0.136
174 0.134514 0.012659 0.121855 0.147173
175 0.133163 0.00953883 0.123624 0.142702
176 0.136872 0.014175 0.122697 0.151047
177 0.12983 0.00475773 0.125072 0.134588
178 0.136196 0.0217125 0.114484 0.157909
179 0.128944 0.00287933 0.126065 0.131823
180 0.131346 0.0118454 0.119501 0.143192
181 0.132367 0.00555948 0.126808 0.137927
182 0.12992 0.00286186 0.127058 0.132782
183 0.131001 0.00756757 0.123433 0.138569
184 0.129995 0.00597711 0.124018 0.135972
185 0.132187 0.00606227 0.126125 0.138249
186 0.128674 0.00251329 0.126161 0.131187
187 0.137472 0.0254647 0.112008 0.162937
188 0.138884 0.0281388 0.110745 0.167022
189 0.130656 0.00536156 0.125294 0.136017
190 0.135355 0.0105623 0.124793 0.145918
191 0.12956 0.00444334 0.125116 0.134003
192 0.136136 0.0115407 0.124595 0.147677
193 0.132427 0.00614823 0.126279 0.138576
194 0.130911 0.00431777 0.126593 0.135229
195 0.133133 0.0103877 0.122745 0.143521
196 0.142802 0.0155912 0.127211 0.158394
197 0.136301 0.0112217 0.125079 0.147523
198 0.131707 0.0099397 0.121767 0.141646
199 0.128704 0.0135145 0.115189 0.142218
200 0.132457 0.0232529 0.109205 0.15571
201 0.126497 0.00898254 0.117514 0.135479
202 0.126136 0.00874943 0.117387 0.134886
203 0.133734 0.0306833 0.10305 0.164417
204 0.129109 0.0118409 0.117268 0.14095
205 0.12486 0.00954928 0.115311 0.134409
206 0.12471 0.00720512 0.117505 0.131915
207 0.12483 0.00898617 0.115844 0.133816
208 0.124815 0.00617988 0.118635 0.130995
209 0.128554 0.0123418 0.116212 0.140895
210 0.128869 0.0126315 0.116237 0.141501
211 0.126932 0.0103633 0.116569 0.137295
212 0.130115 0.0196998 0.110415 0.149815
213 0.130461 0.0164265 0.114034 0.146887
214 0.126722 0.00843806 0.118284 0.13516
215 0.125115 0.00772524 0.11739 0.132841
216 0.124785 0.0106374 0.114148 0.135422
217 0.129995 0.0158013 0.114194 0.145796
218 0.123494 0.0049995 0.118494 0.128493
219 0.124875 0.013413 0.111462 0.138288
220 0.11971 0.00430396 0.115406 0.124014
221 0.123058 0.00907976 0.113979 0.132138
222 0.121152 0.00760358 0.113548 0.128755
223 0.127172 0.0171432 0.110029 0.144316
224 0.123734 0.00984905 0.113885 0.133583
225 0.121782 0.00463407 0.117148 0.126416
226 0.122473 0.00627832 0.116195 0.128751
227 0.123599 0.00743565 0.116163 0.131035
228 0.127698 0.0138914 0.113807 0.141589
229 0.124305 0.0138157 0.110489 0.13812
230 0.122158 0.00767155 0.114486 0.129829
231 0.130596 0.00900912 0.121587 0.139605
232 0.126722 0.0085585 0.118163 0.13528
233 0.132472 0.0175704 0.114902 0.150043
234 0.127608 0.00740167 0.120206 0.135009
235 0.13031 0.0109893 0.119321 0.1413
236 0.129695 0.00651627 0.123179 0.136211
237 0.129485 0.00672446 0.12276 0.136209
238 0.12474 0.00419481 0.120545 0.128935
239 0.12468 0.00440883 0.120271 0.129089
240 0.132563 0.0122415 0.120321 0.144804
241 0.125371 0.00585101 0.11952 0.131222
242 0.12944 0.0150993 0.11434 0.144539
243 0.125626 0.00577326 0.119853 0.131399
244 0.138703 0.0318618 0.106842 0.170565
245 0.126527 0.00764368 0.118883 0.13417
246 0.127623 0.00868972 0.118933 0.136313
247 0.127848 0.0114689 0.116379 0.139317
248 0.129004 0.00932415 0.11968 0.138328
249 0.127292 0.00872178 0.118571 0.136014
250 0.129349 0.00792892 0.121421 0.137278
251 0.125896 0.00713644 0.11876 0.133033
252 0.125686 0.00531475 0.120371 0.131001
253 0.127878 0.0110449 0.116833 0.138923
254 0.130731 0.0108841 0.119847 0.141615
255 0.125776 0.00577717 0.119999 0.131553
256 0.136001 0.0173012 0.1187 0.153302
257 0.126151 0.00325907 0.122892 0.12941
258 0.126226 0.00574194 0.120485 0.131968
259 0.130611 0.0105664 0.120044 0.141177
260 0.127623 0.00970774 0.117915 0.137331
261 0.12974 0.01233 0.11741 0.14207
262 0.131316 0.00918565 0.122131 0.140502
263 0.126992 0.00880512 0.118187 0.135797
264 0.127728 0.00896968 0.118758 0.136698
265 0.131797 0.0126375 0.119159 0.144434
266 0.127893 0.00589584 0.121997 0.133789
267 0.127428 0.00710885 0.120319 0.134536
268 0.126527 0.00475678 0.12177 0.131284
269 0.125956 0.00361031 0.122346 0.129567
270 0.131286 0.00940465 0.121882 0.140691
271 0.129815 0.0110419 0.118773 0.140857
272 0.126722 0.00433811 0.122384 0.13106
273 0.128809 0.00729305 0.121516 0.136102
274 0.13022 0.00727374 0.122947 0.137494
275 0.130881 0.0104771 0.120404 0.141358
276 0.127833 0.0059682 0.121865 0.133801
277 0.129515 0.0111779 0.118337 0.140693
278 0.122097 0.00529514 0.116802 0.127393
279 0.123449 0.00829955 0.115149 0.131748
280 0.123194 0.00899709 0.114196 0.132191
281 0.123073 0.00868882 0.114385 0.131762
282 0.122203 0.00803152 0.114171 0.130234
283 0.120701 0.0051981 0.115503 0.125899
284 0.120581 0.00337805 0.117203 0.123959
285 0.120581 0.00515717 0.115424 0.125738
286 0.120356 0.00339818 0.116958 0.123754
287 0.124094 0.00923157 0.114863 0.133326
288 0.123254 0.00450981 0.118744 0.127763
289 0.127067 0.0150019 0.112065 0.142069
290 0.123854 0.0123193 0.111535 0.136174
291 0.125836 0.0110454 0.114791 0.136881
292 0.125866 0.0174176 0.108449 0.143284
293 0.12492 0.00922674 0.115693 0.134147
294 0.125371 0.00967634 0.115694 0.135047
295 0.120025 0.00722574 0.1128 0.127251
296 0.11965 0.00667863 0.112971 0.126329
297 0.125956 0.00815188 0.117804 0.134108
298 0.128013 0.0155456 0.112468 0.143559
299 0.126872 0.0132218 0.11365 0.140094
300 0.125371 0.00952228 0.115848 0.134893
301 0.130566 0.0175361 0.11303 0.148102
302 0.126302 0.00967443 0.116627 0.135976
303 0.127007 0.0104798 0.116527 0.137487
304 0.126241 0.0094819 0.11676 0.135723
305 0.123284 0.00580923 0.117474 0.129093
306 0.126527 0.0152647 0.111262 0.141791
307 0.121812 0.00473589 0.117076 0.126548
308 0.132788 0.00601898 0.126769 0.138807
309 0.13543 0.0110063 0.124424 0.146437
310 0.130506 0.00744898 0.123057 0.137955
311 0.128283 0.00682495 0.121458 0.135108
312 0.131256 0.0149437 0.116313 0.1462
313 0.126467 0.00550707 0.12096 0.131974
314 0.130461 0.0155059 0.114955 0.145966
315 0.124335 0.00232889 0.122006 0.126664
316 0.128854 0.0096756 0.119178 0.13853
317 0.126707 0.00559253 0.121114 0.132299
318 0.128494 0.00877178 0.119722 0.137265
319 0.127443 0.0101066 0.117336 0.137549
320 0.122743 0.00422744 0.118516 0.126971
321 0.125311 0.0127988 0.112512 0.138109
322 0.12471 0.0117816 0.112928 0.136492
323 0.124215 0.00955574 0.114659 0.13377
324 0.123284 0.0096516 0.113632 0.132935
325 0.121377 0.00532418 0.116053 0.126701
326 0.120566 0.00595338 0.114613 0.126519
327 0.118899 0.00221579 0.116684 0.121115
328 0.123058 0.00883411 0.114224 0.131893
329 0.123704 0.0108447 0.112859 0.134549
330 0.124034 0.0111873 0.112847 0.135222
331 0.121602 0.00672572 0.114876 0.128328
332 0.120296 0.00635337 0.113942 0.126649
333 0.121602 0.00890673 0.112695 0.130509
334 0.124815 0.0137289 0.111086 0.138544
335 0.122773 0.0149938 0.107779 0.137767
336 0.122698 0.0091356 0.113562 0.131834
337 0.11995 0.0051528 0.114798 0.125103
338 0.119335 0.00808686 0.111248 0.127422
339 0.120806 0.00684046 0.113966 0.127647
340 0.121347 0.00709019 0.114257 0.128437
341 0.123554 0.0130522 0.110502 0.136606
342 0.120596 0.00611027 0.114486 0.126706
343 0.119935 0.00610141 0.113834 0.126037
344 0.121497 0.00581616 0.115681 0.127313
345 0.120401 0.00767206 0.112729 0.128073
346 0.12498 0.016126 0.108854 0.141106
347 0.123133 0.012574 0.110559 0.135707
348 0.123239 0.00896824 0.11427 0.132207
349 0.118404 0.00225537 0.116149 0.120659
350 0.122518 0.0109385 0.111579 0.133456
351 0.120116 0.00546493 0.114651 0.125581
352 0.130265 0.025228 0.105037 0.155493
353 0.122173 0.00556003 0.116613 0.127733
354 0.11929 0.00450921 0.114781 0.123799
355 0.121001 0.00694147 0.11406 0.127943
356 0.12444 0.0107264 0.113713 0.135166
357 0.11992 0.00610723 0.113813 0.126028
358 0.129004 0.0187108 0.110293 0.147715
359 0.124575 0.0123941 0.112181 0.136969
360 0.121557 0.0083821 0.113175 0.129939
361 0.120761 0.00571912 0.115042 0.12648
362 0.118359 0.00273292 0.115626 0.121092
363 0.122923 0.00579509 0.117128 0.128718
364 0.126422 0.0215538 0.104868 0.147975
365 0.122428 0.00668715 0.115741 0.129115
366 0.125971 0.0140926 0.111879 0.140064
367 0.121212 0.00563654 0.115575 0.126848
368 0.123809 0.00735009 0.116459 0.131159
369 0.119905 0.00483838 0.115067 0.124744
370 0.124605 0.0172575 0.107347 0.141862
371 0.123629 0.0105466 0.113082 0.134176
372 0.122128 0.00597198 0.116156 0.128099
373 0.121031 0.00603459 0.114997 0.127066
374 0.121632 0.00584791 0.115784 0.12748
375 0.123043 0.0153846 0.107659 0.138428
376 0.122983 0.0117553 0.111228 0.134739
377 0.11929 0.00270072 0.116589 0.121991
378 0.123884 0.0096488 0.114235 0.133533
379 0.120176 0.00510191 0.115074 0.125278
380 0.125521 0.0169308 0.10859 0.142452
381 0.128343 0.0111133 0.11723 0.139457
382 0.122533 0.0098165 0.112716 0.132349
383 0.120491 0.00401296 0.116478 0.124504
384 0.122803 0.00394909 0.118854 0.126752
385 0.128539 0.00958551 0.118953 0.138124
386 0.122067 0.0079361 0.114131 0.130004
387 0.128193 0.0128865 0.115307 0.14108
388 0.12453 0.0140845 0.110445 0.138614
389 0.121077 0.00520341 0.115873 0.12628
390 0.126932 0.0262175 0.100715 0.15315
391 0.122923 0.00873747 0.114186 0.131661
392 0.126782 0.00948913 0.117293 0.136271
393 0.126797 0.0088087 0.117988 0.135606
394 0.121767 0.00707083 0.114696 0.128838
395 0.124004 0.0132976 0.110707 0.137302
396 0.126241 0.00819761 0.118044 0.134439
397 0.124109 0.0066391 0.11747 0.130749
398 0.125761 0.00812258 0.117638 0.133884
399 0.123764 0.005248 0.118516 0.129012
400 0.12456 0.00685922 0.117701 0.131419
401 0.132713 0.0198149 0.112898 0.152528
402 0.128494 0.00991859 0.118575 0.138412
403 0.126287 0.00934351 0.116943 0.13563
404 0.125536 0.00663324 0.118903 0.132169
405 0.121737 0.00248606 0.119251 0.124223
406 0.128509 0.0120627 0.116446 0.140571
407 0.12492 0.00700903 0.117911 0.131929
408 0.12953 0.0116314 0.117898 0.141161
409 0.125356 0.00700419 0.118351 0.13236
410 0.117878 0.00320969 0.114669 0.121088
411 0.119005 0.00918614 0.109818 0.128191
412 0.123013 0.0136469 0.109366 0.13666
413 0.118164 0.00699647 0.111167 0.12516
414 0.123359 0.0130681 0.110291 0.136427
415 0.116512 0.00246347 0.114049 0.118976
416 0.119035 0.00969352 0.109341 0.128728
417 0.116842 0.00587286 0.11097 0.122715
418 0.114891 0.00444732 0.110443 0.119338
419 0.121212 0.0119948 0.109217 0.133206
420 0.116392 0.00742777 0.108964 0.12382
421 0.116362 0.00889002 0.107472 0.125252
422 0.116257 0.00792346 0.108333 0.12418
423 0.121722 0.0113509 0.110371 0.133073
424 0.118059 0.0142548 0.103804 0.132313
425 0.116752 0.00858721 0.108165 0.12534
426 0.116827 0.0111797 0.105648 0.128007
427 0.123133 0.00500364 0.11813 0.128137
428 0.124109 0.0131399 0.11097 0.137249
429 0.122173 0.00728303 0.11489 0.129456
430 0.120971 0.00493267 0.116039 0.125904
431 0.122578 0.00846825 0.11411 0.131046
432 0.125581 0.00790542 0.117675 0.133486
433 0.124184 0.0105155 0.113669 0.1347
434 0.126061 0.0190658 0.106996 0.145127
435 0.121212 0.00618061 0.115031 0.127392
436 0.122488 0.011727 0.110761 0.134215
437 0.121587 0.0069007 0.114686 0.128488
438 0.120536 0.0078836 0.112652 0.12842
439 0.122097 0.0106822 0.111415 0.13278
440 0.120431 0.00693107 0.1135 0.127362
441 0.123179 0.012907 0.110271 0.136086
442 0.124545 0.0167958 0.107749 0.141341
443 0.124004 0.009646 0.114358 0.13365
444 0.120686 0.00388047 0.116806 0.124567
445 0.124575 0.00846968 0.116105 0.133045
446 0.125175 0.0103855 0.11479 0.135561
447 0.122998 0.0130956 0.109903 0.136094
448 0.122233 0.00394337 0.118289 0.126176
449 0.128584 0.0268411 0.101743 0.155425
450 0.127097 0.0092827 0.117815 0.13638
451 0.127698 0.00641092 0.121287 0.134109
452 0.130566 0.0101977 0.120368 0.140763
453 0.130025 0.00975084 0.120274 0.139776
454 0.128989 0.00722909 0.12176 0.136218
455 0.127007 0.0032223 0.123785 0.13023
456 0.128509 0.00716268 0.121346 0.135671
457 0.135235 0.0187315 0.116504 0.153967
458 0.125776 0.0165849 0.109191 0.142361
459 0.121137 0.00371121 0.117425 0.124848
460 0.122338 0.00857923 0.113758 0.130917
461 0.129154 0.0188487 0.110306 0.148003
462 0.124004 0.0112179 0.112786 0.135222
463 0.120476 0.00419288 0.116283 0.124669
464 0.126166 0.014829 0.111337 0.140995
465 0.130295 0.026727 0.103568 0.157022
466 0.128854 0.0147771 0.114077 0.143631
467 0.124245 0.00918652 0.115058 0.133431
468 0.126677 0.0146464 0.112031 0.141323
469 0.122203 0.00365992 0.118543 0.125863
470 0.129139 0.0228329 0.106306 0.151972
471 0.12423 0.00898165 0.115248 0.133211
472 0.124695 0.0090336 0.115661 0.133729
473 0.127142 0.013219 0.113923 0.140361
474 0.123509 0.008841 0.114668 0.13235
475 0.124049 0.00798673 0.116063 0.132036
476 0.121587 0.00551004 0.116077 0.127097
477 0.121152 0.00380132 0.11735 0.124953
478 0.127488 0.0113533 0.116134 0.138841
479 0.12459 0.0073383 0.117252 0.131928
480 0.131962 0.0148613 0.117101 0.146823
481 0.124485 0.00749128 0.116994 0.131976
482 0.127277 0.0133496 0.113928 0.140627
483 0.12441 0.00783294 0.116577 0.132243
484 0.125581 0.00989114 0.11569 0.135472
485 0.122788 0.00479326 0.117995 0.127581
486 0.122833 0.00613022 0.116703 0.128963
487 0.123584 0.00861493 0.114969 0.132199
488 0.123659 0.0054315 0.118227 0.12909
489 0.126287 0.0111441 0.115142 0.137431
490 0.126677 0.0125171 0.11416 0.139194
491 0.122173 0.0172412 0.104931 0.139414
492 0.117398 0.00565188 0.111746 0.12305
493 0.122938 0.0056884 0.11725 0.128627
494 0.126211 0.0118977 0.114314 0.138109
495 0.122578 0.0067097 0.115868 0.129288
496 0.124215 0.0111355 0.113079 0.13535
497 0.122863 0.00627976 0.116583 0.129143
498 0.128539 0.0139421 0.114597 0.142481
499 0.123929 0.00694642 0.116983 0.130876
500 0.125536 0.0158664 0.109669 0.141402
501 0.124094 0.0061518 0.117943 0.130246
502 0.132923 0.0248372 0.108086 0.15776
503 0.125115 0.00741007 0.117705 0.132525
504 0.124154 0.00450981 0.119645 0.128664
505 0.132262 0.0104108 0.121852 0.142673
506 0.131482 0.0127346 0.118747 0.144216
507 0.132367 0.0102335 0.122134 0.142601
508 0.128253 0.00954423 0.118709 0.137798
509 0.124305 0.00216224 0.122142 0.126467
510 0.128854 0.009388 0.119466 0.138242
511 0.12956 0.0090309 0.120529 0.138591
512 0.127022 0.00233377 0.124688 0.129356
513 0.128734 0.010471 0.118263 0.139205
514 0.12953 0.0115329 0.117997 0.141063
515 0.130851 0.0112846 0.119566 0.142135
516 0.124605 0.0165887 0.108016 0.141194
517 0.133418 0.056353 0.0770653 0.189771
518 0.124665 0.0209782 0.103687 0.145643
519 0.123914 0.00834689 0.115567 0.132261
520 0.120116 0.00509165 0.115024 0.125207
521 0.122112 0.00949895 0.112614 0.131611
522 0.122233 0.0059783 0.116254 0.128211
523 0.119995 0.00470544 0.11529 0.124701
524 0.124169 0.0109926 0.113177 0.135162
525 0.119275 0.00462152 0.114653 0.123896
526 0.119605 0.00478874 0.114816 0.124394
527 0.125145 0.0132188 0.111927 0.138364
528 0.121362 0.00777295 0.113589 0.129135
529 0.120536 0.00726575 0.11327 0.127802
530 0.121767 0.0085144 0.113253 0.130282
531 0.124905 0.0139113 0.110994 0.138817
532 0.130641 0.0260632 0.104578 0.156704
533 0.120821 0.00546598 0.115355 0.126287
534 0.126332 0.0150151 0.111316 0.141347
535 0.11965 0.00505028 0.1146 0.1247
536 0.125356 0.0176315 0.107724 0.142987
537 0.120971 0.0100981 0.110873 0.131069
538 0.120626 0.00599157 0.114634 0.126618
539 0.120551 0.00602712 0.114524 0.126578
540 0.120581 0.00701319 0.113568 0.127594
541 0.120461 0.00525744 0.115203 0.125718
542 0.127518 0.0162615 0.111256 0.143779
543 0.127292 0.0232661 0.104026 0.150559
544 0.12983 0.0254118 0.104418 0.155242
545 0.120836 0.00414507 0.116691 0.124981
546 0.123103 0.00991157 0.113192 0.133015
547 0.122383 0.00714945 0.115233 0.129532
548 0.119635 0.00465147 0.114984 0.124287
549 0.120416 0.00480275 0.115613 0.125219
550 0.120491 0.00927007 0.111221 0.129761
551 0.122203 0.00797406 0.114229 0.130177
552 0.121977 0.00935996 0.112617 0.131337
553 0.123118 0.00897256 0.114146 0.132091
554 0.121001 0.00640149 0.1146 0.127403
555 0.1245 0.0103916 0.114108 0.134891
556 0.123719 0.0117259 0.111993 0.135445
557 0.121347 0.00827889 0.113068 0.129626
558 0.121542 0.00699156 0.11455 0.128534
559 0.121662 0.00778048 0.113882 0.129443
560 0.126542 0.019818 0.106724 0.14636
561 0.123644 0.00789873 0.115745 0.131543
562 0.121752 0.00658686 0.115165 0.128339
563 0.122218 0.00958999 0.112628 0.131808
564 0.121332 0.00970239 0.111629 0.131034
565 0.125311 0.01239 0.112921 0.137701
566 0.121212 0.00756005 0.113652 0.128772
567 0.11998 0.00708674 0.112894 0.127067
568 0.120776 0.00586648 0.11491 0.126643
569 0.122278 0.00750518 0.114772 0.129783
570 0.123854 0.00782394 0.11603 0.131678
571 0.120626 0.00502488 0.115601 0.125651
572 0.122398 0.00941989 0.112978 0.131818
573 0.122173 0.00607762 0.116095 0.12825
574 0.121797 0.00908214 0.112715 0.130879
575 0.128088 0.0182368 0.109851 0.146325
576 0.126241 0.0121048 0.114137 0.138346
577 0.126347 0.0158903 0.110456 0.142237
578 0.134259 0.0310595 0.1032 0.165319
579 0.124064 0.00887113 0.115193 0.132936
580 0.122128 0.00745122 0.114676 0.129579
581 0.123929 0.00810897 0.11582 0.132038
582 0.122428 0.00720825 0.11522 0.129636
583 0.122593 0.00966766 0.112925 0.132261
584 0.123344 0.00854156 0.114802 0.131885
585 0.121362 0.00935451 0.112007 0.130716
586 0.119635 0.00459785 0.115037 0.124233
587 0.120101 0.00502433 0.115076 0.125125
588 0.122188 0.00649617 0.115691 0.128684
589 0.123569 0.00694343 0.116625 0.130512
590 0.123419 0.00629032 0.117128 0.129709
591 0.119905 0.00770351 0.112202 0.127609
592 0.122713 0.0116054 0.111108 0.134318
593 0.126136 0.0101356 0.116001 0.136272
594 0.12492 0.0080699 0.11685 0.13299
595 0.125266 0.0089046 0.116361 0.13417
596 0.121362 0.00185664 0.119505 0.123218
597 0.122893 0.00525709 0.117636 0.12815
598 0.122863 0.00365228 0.119211 0.126515
599 0.125341 0.00688009 0.118461 0.132221
600 0.124605 0.00679375 0.117811 0.131399
601 0.126887 0.0123413 0.114546 0.139228
602 0.122803 0.0061177 0.116685 0.128921
603 0.123584 0.00485269 0.118731 0.128437
604 0.128238 0.0118549 0.116383 0.140093
605 0.123644 0.00391284 0.119731 0.127557
606 0.123884 0.00455458 0.11933 0.128439
607 0.11902 0.00992829 0.109091 0.128948
608 0.122938 0.00981968 0.113119 0.132758
609 0.11941 0.00732439 0.112086 0.126734
610 0.118599 0.0043707 0.114228 0.12297
611 0.122443 0.012055 0.110388 0.134498
612 0.117038 0.0076056 0.109432 0.124643
613 0.121302 0.0130508 0.108251 0.134353
614 0.117008 0.00858757 0.10842 0.125595
615 0.116632 0.00546113 0.111171 0.122093
616 0.116557 0.00713417 0.109423 0.123691
617 0.115146 0.00747561 0.10767 0.122621
618 0.115341 0.00688959 0.108451 0.122231
619 0.118689 0.011503 0.107186 0.130192
620 0.117098 0.0078101 0.109288 0.124908
621 0.116152 0.00749496 0.108657 0.123647
622 0.115776 0.00584019 0.109936 0.121617
623 0.11938 0.00385784 0.115522 0.123238
624 0.123779 0.00944102 0.114338 0.13322
625 0.123494 0.0141049 0.109389 0.137599
626 0.121767 0.00664888 0.115118 0.128416
627 0.12986 0.0167373 0.113123 0.146597
628 0.123344 0.00768286 0.115661 0.131027
629 0.119515 0.00851731 0.110998 0.128032
630 0.122623 0.0132958 0.109327 0.135919
631 0.120086 0.00722936 0.112856 0.127315
632 0.118134 0.00500448 0.113129 0.123138
633 0.118854 0.00584646 0.113008 0.124701
634 0.121001 0.00815906 0.112842 0.12916
635 0.119185 0.00420072 0.114984 0.123385
636 0.11992 0.00619446 0.113726 0.126115
637 0.120311 0.00607391 0.114237 0.126385
638 0.121016 0.00872338 0.112293 0.12974
639 0.123013 0.0113525 0.111661 0.134366
640 0.12519 0.00820009 0.11699 0.133391
641 0.123164 0.00914935 0.114014 0.132313
642 0.120056 0.00418211 0.115873 0.124238
643 0.124139 0.00544294 0.118697 0.129582
644 0.125776 0.00932071 0.116455 0.135097
645 0.129379 0.0130773 0.116302 0.142457
646 0.125596 0.00511186 0.120484 0.130708
647 0.129244 0.00864728 0.120597 0.137892
648 0.13013 0.0149366 0.115194 0.145067
649 0.12977 0.00984484 0.119925 0.139615
650 0.126572 0.00458224 0.12199 0.131154
651 0.12965 0.00929969 0.12035 0.138949
652 0.130971 0.0110085 0.119963 0.141979
653 0.127292 0.00723185 0.120061 0.134524
654 0.127187 0.00615664 0.121031 0.133344
655 0.132803 0.0158024 0.117 0.148605
656 0.129935 0.00847757 0.121457 0.138413
657 0.124019 0.011992 0.112027 0.136011
658 0.12459 0.0126414 0.111948 0.137231
659 0.128434 0.0154983 0.112935 0.143932
660 0.124034 0.010856 0.113178 0.13489
661 0.121782 0.0102677 0.111514 0.13205
662 0.121782 0.00589169 0.11589 0.127674
663 0.12522 0.0126553 0.112565 0.137876
664 0.122308 0.00684837 0.115459 0.129156
665 0.123194 0.00922864 0.113965 0.132422
666 0.125386 0.0132871 0.112099 0.138673
667 0.123133 0.00720097 0.115933 0.130334
668 0.123118 0.00621315 0.116905 0.129332
669 0.11977 0.00311675 0.116653 0.122887
670 0.124184 0.00917356 0.115011 0.133358
671 0.126827 0.0111776 0.115649 0.138005
672 0.125461 0.0070989 0.118362 0.13256
673 0.125626 0.00763187 0.117994 0.133258
674 0.123689 0.00702053 0.116668 0.13071
675 0.122323 0.009171 0.113152 0.131494
676 0.124965 0.0102002 0.114765 0.135165
677 0.120146 0.00192957 0.118216 0.122075
678 0.122293 0.00604236 0.11625 0.128335
679 0.125851 0.0108524 0.114999 0.136703
680 0.126302 0.00988466 0.116417 0.136186
681 0.120296 0.00342435 0.116871 0.12372
682 0.123899 0.0126319 0.111267 0.136531
683 0.121677 0.00625625 0.115421 0.127933
684 0.125356 0.011477 0.113879 0.136833
685 0.125266 0.0104763 0.114789 0.135742
686 0.126302 0.0117453 0.114556 0.138047
687 0.118569 0.00922492 0.109344 0.127794
688 0.124275 0.019838 0.104437 0.144113
689 0.124635 0.00881105 0.115824 0.133446
690 0.124755 0.00600914 0.118746 0.130764
691 0.125236 0.0118933 0.113342 0.137129
692 0.12468 0.00649041 0.11819 0.13117
693 0.129455 0.0110128 0.118442 0.140467
694 0.123899 0.00552026 0.118379 0.129419
695 0.122863 0.0031925 0.119671 0.126056
696 0.125791 0.0111082 0.114683 0.136899
697 0.124725 0.00893493 0.11579 0.13366
698 0.128989 0.0108048 0.118184 0.139794
699 0.12489 0.00767818 0.117212 0.132568
700 0.125881 0.0134164 0.112465 0.139298
701 0.131617 0.00753007 0.124087 0.139147
702 0.130491 0.00796217 0.122528 0.138453
703 0.132683 0.0175283 0.115154 0.150211
704 0.130881 0.00659425 0.124287 0.137475
705 0.131271 0.0121349 0.119136 0.143406
706 0.125416 0.00154663 0.123869 0.126962
707 0.130896 0.00989765 0.120998 0.140794
708 0.130896 0.0106465 0.120249 0.141542
709 0.126677 0.00805887 0.118618 0.134736
710 0.128959 0.0107386 0.11822 0.139698
711 0.128494 0.00836395 0.12013 0.136858
712 0.126752 0.0065659 0.120186 0.133318
713 0.128674 0.00956669 0.119107 0.138241
714 0.127277 0.0083117 0.118966 0.135589
715 0.128614 0.0156664 0.112947 0.14428
716 0.127923 0.00648235 0.121441 0.134405
717 0.122278 0.00817239 0.114105 0.13045
718 0.123509 0.00712521 0.116384 0.130634
719 0.123944 0.016291 0.107653 0.140235
720 0.126497 0.0182537 0.108243 0.14475
721 0.119455 0.00463808 0.114817 0.124093
722 0.119395 0.00348698 0.115908 0.122882
723 0.121122 0.0112243 0.109897 0.132346
724 0.121827 0.00982642 0.112001 0.131654
725 0.123148 0.00809327 0.115055 0.131242
726 0.123419 0.0133627 0.110056 0.136781
727 0.121257 0.006443 0.114814 0.1277
728 0.14082 0.0605424 0.0802781 0.201363
729 0.119965 0.00542643 0.114539 0.125392
730 0.123599 0.0119409 0.111658 0.13554
731 0.122383 0.0107332 0.11165 0.133116
732 0.123734 0.0101267 0.113607 0.133861
733 0.120476 0.0119813 0.108495 0.132457
734 0.119875 0.00558457 0.114291 0.12546
735 0.117638 0.00224088 0.115397 0.119879
736 0.130611 0.0261028 0.104508 0.156713
737 0.120611 0.00359504 0.117016 0.124206
738 0.121512 0.00758625 0.113926 0.129098
739 0.121722 0.0116562 0.110066 0.133378
740 0.11986 0.00634973 0.113511 0.12621
741 0.125701 0.0224405 0.10326 0.148141
742 0.123434 0.00929998 0.114134 0.132734
743 0.126872 0.0132125 0.11366 0.140085
744 0.120506 0.00637865 0.114127 0.126885
745 0.119755 0.00497031 0.114785 0.124726
746 0.118734 0.0033926 0.115342 0.122127
747 0.124019 0.00980801 0.114211 0.133827
748 0.120851 0.00905085 0.1118 0.129902
749 0.131647 0.0384962 0.0931504 0.170143
750 0.123103 0.00922209 0.113881 0.132326
751 0.120386 0.0074141 0.112972 0.1278
752 0.121542 0.00884853 0.112693 0.13039
753 0.118344 0.00315218 0.115192 0.121496
754 0.123133 0.010383 0.11275 0.133516
755 0.120386 0.00434112 0.116045 0.124727
756 0.121497 0.00463691 0.11686 0.126134
757 0.123704 0.00961322 0.114091 0.133317
758 0.120686 0.00661992 0.114066 0.127306
759 0.121362 0.00696662 0.114395 0.128328
760 0.125701 0.0153131 0.110388 0.141014
761 0.122953 0.0101325 0.112821 0.133086
762 0.120611 0.00463485 0.115976 0.125246
763 0.120266 0.00561829 0.114647 0.125884
764 0.124695 0.0158898 0.108805 0.140585
765 0.12432 0.0108071 0.113513 0.135127
766 0.124425 0.0150148 0.10941 0.13944
767 0.121001 0.00422701 0.116774 0.125228
768 0.126076 0.00846276 0.117614 0.134539
769 0.124665 0.0099233 0.114742 0.134588
770 0.118884 0.00204307 0.116841 0.120927
771 0.123314 0.00740459 0.115909 0.130718
772 0.123659 0.00707026 0.116589 0.130729
773 0.124635 0.0110065 0.113628 0.135641
774 0.123088 0.00749394 0.115594 0.130582
775 0.120746 0.00438864 0.116358 0.125135
776 0.123629 0.00900221 0.114627 0.132631
777 0.120581 0.00369914 0.116882 0.12428
778 0.121932 0.0118568 0.110075 0.133789
779 0.121031 0.00826666 0.112765 0.129298
780 0.12468 0.0128321 0.111848 0.137512
781 0.121092 0.00561217 0.115479 0.126704
782 0.123269 0.00785558 0.115413 0.131124
783 0.123539 0.0125035 0.111035 0.136042
784 0.121107 0.00682066 0.114286 0.127927
785 0.124395 0.00702245 0.117372 0.131417
786 0.125971 0.00883967 0.117132 0.134811
787 0.118599 0.00535364 0.113245 0.123953
788 0.120386 0.00830661 0.112079 0.128692
789 0.128899 0.0120864 0.116813 0.140985
790 0.12471 0.00668715 0.118023 0.131397
791 0.127037 0.00869204 0.118345 0.135729
792 0.12459 0.00533628 0.119254 0.129926
793 0.124275 0.00490977 0.119365 0.129184
794 0.125686 0.00768439 0.118002 0.13337
795 0.125401 0.0116237 0.113777 0.137024
796 0.128674 0.0125643 0.116109 0.141238
797 0.117788 0.0061025 0.111686 0.123891
798 0.118599 0.00889457 0.109705 0.127494
799 0.121632 0.00942423 0.112208 0.131056
