# ../output/graphs/perf_parallel79BIPED_thread4
# step - mean (0.0801985) - standard deviation (0.0617014) r=20 - ylow - yhigh
0 0.467505 0.252823 0.214681 0.720328
1 0.202965 0.23396 -0.0309952 0.436926
2 0.11444 0.128518 -0.014078 0.242958
3 0.158748 0.285783 -0.127035 0.444531
4 0.0735558 0.00123985 0.0723159 0.0747956
5 0.104966 0.129645 -0.0246794 0.234611
6 0.0734807 0.00381745 0.0696633 0.0772982
7 0.0824293 0.0468856 0.0355437 0.129315
8 0.075883 0.020293 0.05559 0.096176
9 0.0837656 0.0464567 0.0373089 0.130222
10 0.110176 0.117896 -0.00772004 0.228072
11 0.0825494 0.0373537 0.0451957 0.119903
12 0.0734507 0.0121275 0.0613232 0.0855782
13 0.0830899 0.0364147 0.0466753 0.119505
14 0.0728801 0.00999791 0.0628822 0.082878
15 0.0751173 0.0257327 0.0493846 0.10085
16 0.0715288 0.00703894 0.0644899 0.0785678
17 0.0866934 0.0641379 0.0225555 0.150831
18 0.0910326 0.0857999 0.00523272 0.176832
19 0.071664 0.00856075 0.0631032 0.0802247
20 0.0698923 0.00282954 0.0670627 0.0727218
21 0.0978341 0.119049 -0.021215 0.216883
22 0.0705829 0.00629424 0.0642887 0.0768772
23 0.0698622 0.00580597 0.0640562 0.0756682
24 0.0953417 0.0815823 0.0137594 0.176924
25 0.100837 0.0931233 0.00771377 0.19396
26 0.0682707 0.00536776 0.0629029 0.0736385
27 0.104275 0.103576 0.000699416 0.207851
28 0.0723696 0.0106406 0.0617291 0.0830102
29 0.11992 0.230831 -0.11091 0.350751
30 0.0896212 0.0948102 -0.005189 0.184431
31 0.0791712 0.0322005 0.0469707 0.111372
32 0.0934649 0.029931 0.063534 0.123396
33 0.0872039 0.0635633 0.0236406 0.150767
34 0.0724447 0.00576983 0.0666749 0.0782145
35 0.073841 0.00199167 0.0718494 0.0758327
36 0.0766938 0.0101164 0.0665774 0.0868102
37 0.0954318 0.0869518 0.00848007 0.182384
38 0.11944 0.143612 -0.0241717 0.263052
39 0.0762283 0.0108034 0.0654249 0.0870318
40 0.0754626 0.00650464 0.068958 0.0819672
41 0.0760031 0.00995262 0.0660505 0.0859557
42 0.0960024 0.097255 -0.00125259 0.193257
43 0.101137 0.123745 -0.0226075 0.224882
44 0.129379 0.127133 0.00224663 0.256512
45 0.0729552 0.00143849 0.0715167 0.0743937
46 0.095582 0.0908278 0.00475422 0.18641
47 0.0942157 0.0590891 0.0351265 0.153305
48 0.0762283 0.0141245 0.0621038 0.0903529
49 0.0880297 0.0505654 0.0374643 0.138595
50 0.080042 0.0253572 0.0546848 0.105399
51 0.0774595 0.0198346 0.0576249 0.0972942
52 0.106227 0.0996808 0.00654644 0.205908
53 0.074802 0.00816593 0.066636 0.0829679
54 0.108825 0.127569 -0.0187441 0.236394
55 0.0951766 0.0882941 0.00688252 0.183471
56 0.072775 0.00127852 0.0714965 0.0740535
57 0.0728351 0.00233854 0.0704965 0.0751736
58 0.0972336 0.0835372 0.0136964 0.180771
59 0.0835404 0.0375535 0.0459869 0.121094
60 0.119005 0.117774 0.00123036 0.236779
61 0.0730153 0.00201278 0.0710025 0.075028
62 0.0754926 0.0102179 0.0652747 0.0857106
63 0.0828497 0.0372535 0.0455962 0.120103
64 0.0814083 0.0166605 0.0647479 0.0980688
65 0.0736308 0.0046225 0.0690083 0.0782533
66 0.100221 0.116882 -0.0166608 0.217104
67 0.0746969 0.00532526 0.0693716 0.0800221
68 0.076934 0.0122504 0.0646836 0.0891844
69 0.0853121 0.0545141 0.030798 0.139826
70 0.0733155 0.00362377 0.0696918 0.0769393
71 0.0941106 0.0896873 0.00442327 0.183798
72 0.0799519 0.0320321 0.0479198 0.111984
73 0.0802672 0.0221881 0.0580791 0.102455
74 0.12944 0.168651 -0.039211 0.29809
75 0.0739161 0.00473493 0.0691812 0.0786511
76 0.0733306 0.00208825 0.0712423 0.0754188
77 0.118029 0.100151 0.017878 0.218179
78 0.0834053 0.0388514 0.0445539 0.122257
79 0.0732705 0.00247078 0.0707997 0.0757413
80 0.0895011 0.0687238 0.0207773 0.158225
81 0.0764686 0.00916756 0.067301 0.0856361
82 0.0739161 0.00314268 0.0707734 0.0770588
83 0.075853 0.00969398 0.066159 0.085547
84 0.0749821 0.00714732 0.0678348 0.0821295
85 0.0732405 0.00204307 0.0711974 0.0752835
86 0.0731654 0.00226768 0.0708977 0.0754331
87 0.0743065 0.00714818 0.0671583 0.0814547
88 0.0733306 0.00384745 0.0694831 0.077178
89 0.0735408 0.00548708 0.0680537 0.0790278
90 0.100447 0.116639 -0.0161927 0.217086
91 0.0789159 0.0200638 0.0588521 0.0989798
92 0.0757479 0.00813272 0.0676152 0.0838806
93 0.0761082 0.00877464 0.0673336 0.0848829
94 0.0958672 0.101534 -0.00566661 0.197401
95 0.0899666 0.0554331 0.0345335 0.1454
96 0.087249 0.0255169 0.0617321 0.112766
97 0.0803123 0.0147262 0.065586 0.0950385
98 0.203911 0.578682 -0.374771 0.782593
99 0.0736459 0.00646136 0.0671845 0.0801072
100 0.0752524 0.0152715 0.0599809 0.0905239
101 0.0712285 0.0026919 0.0685366 0.0739204
102 0.0978642 0.111046 -0.0131814 0.20891
103 0.0975338 0.11481 -0.0172761 0.212344
104 0.103104 0.0946019 0.00850226 0.197706
105 0.0737209 0.00746537 0.0662556 0.0811863
106 0.0735107 0.0055781 0.0679326 0.0790888
107 0.0736308 0.00362666 0.0700042 0.0772575
108 0.0804925 0.0269785 0.053514 0.107471
109 0.0923839 0.0844776 0.0079063 0.176861
110 0.0940355 0.0949807 -0.000945265 0.189016
111 0.0838257 0.0408273 0.0429984 0.124653
112 0.0743816 0.000870838 0.0735107 0.0752524
113 0.098765 0.0952012 0.00356378 0.193966
114 0.0752524 0.00937046 0.0658819 0.0846229
115 0.0839458 0.040742 0.0432038 0.124688
116 0.0733606 0.00373265 0.0696279 0.0770932
117 0.0941856 0.0894036 0.00478202 0.183589
118 0.0730603 0.00135995 0.0717004 0.0744202
119 0.0759581 0.0168893 0.0590687 0.0928474
120 0.078976 0.0242272 0.0547488 0.103203
121 0.0796516 0.022427 0.0572247 0.102079
122 0.0749972 0.00700831 0.0679889 0.0820055
123 0.112999 0.123498 -0.0104988 0.236496
124 0.0731504 0.00226196 0.0708884 0.0754123
125 0.0864682 0.0540372 0.032431 0.140505
126 0.0766938 0.009577 0.0671168 0.0862708
127 0.0784805 0.0210078 0.0574727 0.0994884
128 0.101378 0.0507649 0.0506126 0.152142
129 0.0865583 0.0499257 0.0366326 0.136484
130 0.0751924 0.0080399 0.0671525 0.0832322
131 0.0736308 0.00572017 0.0679107 0.079351
132 0.0755827 0.0103598 0.0652229 0.0859425
133 0.0816335 0.0403076 0.0413259 0.121941
134 0.108284 0.105005 0.00327944 0.213289
135 0.073751 0.0040815 0.0696695 0.0778325
136 0.0721144 0.00119088 0.0709235 0.0733053
137 0.113945 0.102416 0.0115285 0.216361
138 0.0744266 0.00606574 0.0683609 0.0804924
139 0.0900116 0.0692131 0.0207985 0.159225
140 0.0734206 0.00561669 0.067804 0.0790373
141 0.0719492 0.00252921 0.06942 0.0744784
142 0.0727 0.00569275 0.0670072 0.0783927
143 0.0733906 0.00560295 0.0677877 0.0789936
144 0.0750572 0.00822675 0.0668305 0.083284
145 0.0912428 0.0602528 0.03099 0.151496
146 0.0745317 0.00803608 0.0664956 0.0825678
147 0.0720543 0.00180042 0.0702539 0.0738548
148 0.0720844 0.00097986 0.0711045 0.0730642
149 0.0892759 0.0678456 0.0214303 0.157121
150 0.126241 0.158182 -0.0319409 0.284424
151 0.0742915 0.00747979 0.0668117 0.0817713
152 0.0799519 0.0327957 0.0471562 0.112748
153 0.0833302 0.0376925 0.0456377 0.121023
154 0.087309 0.0637169 0.0235921 0.151026
155 0.0721744 0.00174135 0.0704331 0.0739158
156 0.0745017 0.00875737 0.0657443 0.0832591
157 0.0722946 0.00232772 0.0699668 0.0746223
158 0.0719042 0.0017954 0.0701088 0.0736996
159 0.108419 0.104186 0.0042334 0.212605
160 0.0920386 0.0297358 0.0623028 0.121774
161 0.0852821 0.0334272 0.0518549 0.118709
162 0.0743816 0.0077856 0.066596 0.0821672
163 0.073781 0.00584993 0.0679311 0.0796309
164 0.0813633 0.0388537 0.0425096 0.120217
165 0.100837 0.124242 -0.0234051 0.225079
166 0.118029 0.175699 -0.0576708 0.293728
167 0.0961825 0.0874009 0.00878164 0.183583
168 0.0884801 0.0617837 0.0266964 0.150264
169 0.0728201 0.00268335 0.0701367 0.0755034
170 0.0891708 0.0683615 0.0208093 0.157532
171 0.111362 0.121642 -0.0102794 0.233004
172 0.0725798 0.00218222 0.0703976 0.0747621
173 0.0745467 0.00580333 0.0687434 0.0803501
174 0.0941556 0.0695479 0.0246076 0.163704
175 0.0836004 0.0497879 0.0338125 0.133388
176 0.0781052 0.021398 0.0567072 0.0995031
177 0.0741263 0.00527798 0.0688483 0.0794043
178 0.0961675 0.097857 -0.00168948 0.194025
179 0.0731954 0.00465581 0.0685396 0.0778512
180 0.0734807 0.00370963 0.0697711 0.0771903
181 0.0783304 0.0275605 0.0507699 0.105891
182 0.0830899 0.047788 0.0353019 0.130878
183 0.0792913 0.0279237 0.0513676 0.107215
184 0.0730753 0.00252006 0.0705553 0.0755954
185 0.0745768 0.00720836 0.0673684 0.0817851
186 0.0864832 0.0561154 0.0303678 0.142599
187 0.0721594 0.0016963 0.0704631 0.0738557
188 0.0990953 0.0768021 0.0222933 0.175897
189 0.0884801 0.0537062 0.034774 0.142186
190 0.0726249 0.00231101 0.0703139 0.0749359
191 0.0718291 0.00173181 0.0700973 0.0735609
192 0.0985698 0.0705049 0.0280649 0.169075
193 0.0941106 0.0531855 0.040925 0.147296
194 0.0802522 0.0284735 0.0517787 0.108726
195 0.120641 0.157178 -0.0365374 0.27782
196 0.0762283 0.010911 0.0653174 0.0871393
197 0.117398 0.158898 -0.0415005 0.276296
198 0.0740362 0.00653256 0.0675037 0.0805688
199 0.0720693 0.00925942 0.0628099 0.0813288
200 0.0850719 0.0588657 0.0262062 0.143938
201 0.069682 0.0030126 0.0666695 0.0726946
202 0.0719793 0.00996539 0.0620139 0.0819446
203 0.0958522 0.10308 -0.00722763 0.198932
204 0.0748921 0.0209701 0.053922 0.0958621
205 0.0701175 0.00648339 0.0636341 0.0766009
206 0.0683007 0.000970612 0.0673301 0.0692713
207 0.0683307 0.000604133 0.0677266 0.0689349
208 0.0700574 0.00511647 0.0649409 0.0751739
209 0.0867084 0.0763172 0.0103913 0.163026
210 0.0730153 0.0149863 0.058029 0.0880015
211 0.0687211 0.00145346 0.0672677 0.0701746
212 0.0693667 0.00232215 0.0670446 0.0716889
213 0.0755677 0.0238578 0.0517099 0.0994255
214 0.0808078 0.037538 0.0432697 0.118346
215 0.0707331 0.0090269 0.0617062 0.07976
216 0.0705679 0.00769701 0.0628709 0.0782649
217 0.0683758 0.000849876 0.0675259 0.0692257
218 0.0708231 0.00765547 0.0631677 0.0784786
219 0.0739011 0.0210416 0.0528595 0.0949428
220 0.0714087 0.0102295 0.0611792 0.0816382
221 0.0840959 0.0698845 0.0142114 0.15398
222 0.0764986 0.0313295 0.0451691 0.107828
223 0.0678503 0.00649796 0.0613523 0.0743482
224 0.0827296 0.0308033 0.0519263 0.113533
225 0.107609 0.117397 -0.00978889 0.225006
226 0.0818137 0.0341634 0.0476503 0.115977
227 0.0702526 0.00801129 0.0622413 0.0782639
228 0.0710033 0.0109901 0.0600132 0.0819934
229 0.092459 0.0926603 -0.000201364 0.185119
230 0.0967681 0.087333 0.00943513 0.184101
231 0.07276 0.00980943 0.0629506 0.0825694
232 0.0729702 0.0122979 0.0606723 0.0852681
233 0.0796667 0.0286962 0.0509704 0.108363
234 0.0733756 0.0101052 0.0632704 0.0834808
235 0.0941106 0.080009 0.0141015 0.17412
236 0.0731504 0.00972278 0.0634276 0.0828732
237 0.0700874 0.00113714 0.0689503 0.0712246
238 0.0709132 0.00730775 0.0636055 0.078221
239 0.0714538 0.00713935 0.0643144 0.0785931
240 0.0888255 0.0539913 0.0348342 0.142817
241 0.0936901 0.0957401 -0.00204995 0.18943
242 0.0764385 0.024188 0.0522506 0.100627
243 0.0718742 0.00595926 0.0659149 0.0778334
244 0.0728951 0.0117393 0.0611558 0.0846344
245 0.0696971 0.00143355 0.0682635 0.0711306
246 0.0754626 0.0187903 0.0566723 0.0942529
247 0.0731053 0.0147079 0.0583975 0.0878132
248 0.0709282 0.00566074 0.0652675 0.076589
249 0.0692466 0.000960925 0.0682857 0.0702076
250 0.116092 0.111963 0.00412824 0.228055
251 0.080042 0.0397001 0.0403419 0.119742
252 0.0829098 0.0391769 0.0437328 0.122087
253 0.072745 0.0128367 0.0599083 0.0855817
254 0.0745467 0.0242426 0.0503041 0.0987893
255 0.0803273 0.0306203 0.049707 0.110948
256 0.107518 0.0813672 0.0261512 0.188886
257 0.0793664 0.0263246 0.0530418 0.105691
258 0.0865433 0.0591363 0.027407 0.14568
259 0.0701025 0.00226808 0.0678344 0.0723705
260 0.0735858 0.0157992 0.0577866 0.089385
261 0.0701175 0.00253829 0.0675792 0.0726558
262 0.0743065 0.0103246 0.0639819 0.0846311
263 0.0802822 0.0312099 0.0490724 0.111492
264 0.0711535 0.00396049 0.067193 0.0751139
265 0.0952817 0.0701036 0.0251781 0.165385
266 0.107969 0.10194 0.00602937 0.209908
267 0.0839458 0.0586302 0.0253156 0.142576
268 0.0783604 0.037357 0.0410034 0.115717
269 0.126962 0.114701 0.0122611 0.241663
270 0.0813182 0.0306677 0.0506506 0.111986
271 0.101212 0.118296 -0.0170833 0.219508
272 0.0837806 0.0475937 0.0361869 0.131374
273 0.0701025 0.00103795 0.0690645 0.0711404
274 0.0729852 0.0104777 0.0625076 0.0834629
275 0.0782703 0.0359006 0.0423697 0.114171
276 0.0715438 0.0056721 0.0658717 0.0772159
277 0.0723546 0.00675915 0.0655955 0.0791138
278 0.0685259 0.00307353 0.0654524 0.0715995
279 0.0713036 0.0099651 0.0613385 0.0812687
280 0.0923539 0.0989382 -0.00658433 0.191292
281 0.0670545 0.000717558 0.066337 0.0677721
282 0.0687662 0.00583365 0.0629325 0.0745998
283 0.0672647 0.00104886 0.0662159 0.0683136
284 0.0798468 0.0504293 0.0294175 0.130276
285 0.0827296 0.0673949 0.0153347 0.150125
286 0.0834503 0.0707752 0.0126751 0.154225
287 0.0806726 0.0404567 0.040216 0.121129
288 0.0846965 0.0262432 0.0584533 0.11094
289 0.0674899 0.0013324 0.0661575 0.0688223
290 0.0680455 0.00202422 0.0660213 0.0700697
291 0.074847 0.0333556 0.0414914 0.108203
292 0.0697721 0.00825181 0.0615203 0.0780239
293 0.0817987 0.0566949 0.0251038 0.138494
294 0.0736008 0.0238766 0.0497242 0.0974775
295 0.119035 0.153774 -0.0347395 0.272809
296 0.0669194 0.0035305 0.0633889 0.0704499
297 0.0774896 0.0215235 0.0559661 0.0990131
298 0.0863331 0.057453 0.0288801 0.143786
299 0.0797718 0.0293538 0.050418 0.109126
300 0.0703277 0.00493571 0.065392 0.0752634
301 0.0714538 0.00835887 0.0630949 0.0798126
302 0.0759581 0.018318 0.0576401 0.0942761
303 0.0801621 0.0350808 0.0450813 0.115243
304 0.0900717 0.0737544 0.0163172 0.163826
305 0.0689914 0.00215472 0.0668367 0.0711461
306 0.0742915 0.0123857 0.0619057 0.0866772
307 0.0871438 0.0672987 0.0198451 0.154443
308 0.0731654 0.00365351 0.0695119 0.0768189
309 0.0728201 0.00537886 0.0674412 0.0781989
310 0.0719642 0.00270139 0.0692629 0.0746656
311 0.0922488 0.0938734 -0.00162459 0.186122
312 0.0854772 0.0383526 0.0471247 0.12383
313 0.0702976 0.00217973 0.0681179 0.0724774
314 0.0912878 0.0925351 -0.00124726 0.183823
315 0.0712586 0.00409881 0.0671598 0.0753574
316 0.0719642 0.00575449 0.0662098 0.0777187
317 0.071709 0.00617647 0.0655325 0.0778855
318 0.0724147 0.00882015 0.0635945 0.0812348
319 0.070673 0.00541043 0.0652626 0.0760834
320 0.0855373 0.0291578 0.0563795 0.114695
321 0.110146 0.102365 0.00778072 0.212511
322 0.0670996 0.00185226 0.0652473 0.0689518
323 0.0673698 0.00244191 0.0649279 0.0698117
324 0.0698772 0.00840278 0.0614745 0.07828
325 0.069592 0.00863448 0.0609575 0.0782264
326 0.0701325 0.00756792 0.0625646 0.0777004
327 0.0859727 0.0796416 0.00633113 0.165614
328 0.0691265 0.00781248 0.061314 0.076939
329 0.0729702 0.0178079 0.0551623 0.0907781
330 0.0819489 0.0515635 0.0303854 0.133512
331 0.0874291 0.0810957 0.00633342 0.168525
332 0.0693517 0.00798423 0.0613675 0.077336
333 0.0752975 0.0282618 0.0470357 0.103559
334 0.0673548 0.00400534 0.0633495 0.0713602
335 0.0687812 0.00793154 0.0608496 0.0767127
336 0.102038 0.113271 -0.0112331 0.215309
337 0.066544 0.00157014 0.0649739 0.0681142
338 0.0699073 0.00818506 0.0617222 0.0780923
339 0.0967831 0.110555 -0.0137716 0.207338
340 0.112743 0.123874 -0.0111301 0.236617
341 0.073781 0.0344706 0.0393103 0.108252
342 0.0684809 0.00721911 0.0612618 0.0757
343 0.06755 0.00282411 0.0647259 0.0703741
344 0.0673999 0.00480694 0.0625929 0.0722068
345 0.0677602 0.00753796 0.0602222 0.0752982
346 0.0660035 0.00107267 0.0649308 0.0670762
347 0.068556 0.00477365 0.0637823 0.0733296
348 0.067595 0.00570304 0.061892 0.0732981
349 0.0881949 0.0830976 0.00509725 0.171292
350 0.0819489 0.069662 0.0122869 0.151611
351 0.0765737 0.0311581 0.0454156 0.107732
352 0.0774595 0.0194012 0.0580583 0.0968607
353 0.0705679 0.0185597 0.0520082 0.0891276
354 0.0679103 0.00563494 0.0622754 0.0735453
355 0.101227 0.101588 -0.000360484 0.202815
356 0.0763635 0.0284954 0.0478681 0.104859
357 0.0707631 0.00911874 0.0616443 0.0798818
358 0.0773995 0.0203955 0.0570039 0.097795
359 0.0667542 0.00251796 0.0642363 0.0692722
360 0.0777298 0.0441813 0.0335485 0.121911
361 0.0702526 0.0129729 0.0572797 0.0832255
362 0.0688863 0.00680829 0.062078 0.0756946
363 0.0698772 0.00894291 0.0609343 0.0788201
364 0.0761833 0.0248436 0.0513398 0.101027
365 0.101077 0.143835 -0.0427579 0.244912
366 0.0894711 0.0911262 -0.00165507 0.180597
367 0.084156 0.0649547 0.0192013 0.149111
368 0.0666491 0.0016786 0.0649705 0.0683277
369 0.0877594 0.0897663 -0.00200686 0.177526
370 0.0663188 0.000467863 0.0658509 0.0667867
371 0.108885 0.111266 -0.00238095 0.22015
372 0.079006 0.051151 0.027855 0.130157
373 0.0805525 0.0539226 0.02663 0.134475
374 0.104471 0.122963 -0.0184929 0.227434
375 0.082114 0.0454897 0.0366243 0.127604
376 0.0689764 0.0070033 0.0619731 0.0759797
377 0.0677902 0.00270239 0.0650878 0.0704926
378 0.0877144 0.0865665 0.00114792 0.174281
379 0.0669344 0.000990953 0.0659435 0.0679254
380 0.0702226 0.0142734 0.0559491 0.084496
381 0.10351 0.107993 -0.0044838 0.211503
382 0.0829248 0.0603139 0.0226109 0.143239
383 0.0668143 0.00167329 0.065141 0.0684876
384 0.0900567 0.0298713 0.0601854 0.119928
385 0.0918434 0.0763212 0.0155222 0.168165
386 0.0667692 0.00110446 0.0656648 0.0678737
387 0.101287 0.146415 -0.0451272 0.247702
388 0.0665891 0.00123767 0.0653514 0.0678267
389 0.0940205 0.0705857 0.0234348 0.164606
390 0.0785856 0.0293169 0.0492687 0.107903
391 0.068601 0.00403716 0.0645639 0.0726382
392 0.072715 0.0159154 0.0567996 0.0886304
393 0.0703877 0.00839596 0.0619918 0.0787837
394 0.073781 0.0273252 0.0464558 0.101106
395 0.0690214 0.00756721 0.0614542 0.0765886
396 0.0734957 0.0213283 0.0521674 0.094824
397 0.0743966 0.0235408 0.0508558 0.0979374
398 0.0703277 0.00565038 0.0646773 0.0759781
399 0.0701025 0.00373552 0.0663669 0.073838
400 0.0705379 0.00692028 0.0636176 0.0774581
401 0.0834953 0.0451746 0.0383207 0.12867
402 0.0697421 0.00284384 0.0668983 0.0725859
403 0.0693217 0.00215346 0.0671682 0.0714752
404 0.0734957 0.0142594 0.0592363 0.0877551
405 0.0979543 0.0925862 0.00536803 0.19054
406 0.0728651 0.0184677 0.0543974 0.0913328
407 0.0693968 0.00342237 0.0659744 0.0728191
408 0.0724897 0.00846176 0.064028 0.0809515
409 0.0793063 0.0386185 0.0406878 0.117925
410 0.0788409 0.0490364 0.0298045 0.127877
411 0.0663939 0.0035504 0.0628435 0.0699443
412 0.106167 0.116051 -0.00988365 0.222218
413 0.0699073 0.0101946 0.0597126 0.0801019
414 0.0767689 0.0380118 0.0387571 0.114781
415 0.0869637 0.0918839 -0.00492019 0.178848
416 0.0768289 0.0242431 0.0525859 0.101072
417 0.0731354 0.0268537 0.0462817 0.0999891
418 0.0907623 0.0717052 0.0190571 0.162468
419 0.0683908 0.018147 0.0502438 0.0865378
420 0.0746518 0.0273381 0.0473138 0.10199
421 0.0701325 0.0165288 0.0536036 0.0866613
422 0.0662588 0.00777527 0.0584835 0.074034
423 0.0827146 0.0568965 0.0258181 0.139611
424 0.0950565 0.0849312 0.0101252 0.179988
425 0.0707331 0.0256089 0.0451241 0.096342
426 0.0661537 0.00649006 0.0596636 0.0726437
427 0.0742615 0.011198 0.0630634 0.0854595
428 0.0978041 0.135461 -0.0376573 0.233266
429 0.0760932 0.0204266 0.0556666 0.0965198
430 0.0803873 0.0426741 0.0377132 0.123061
431 0.0688563 0.00546996 0.0633863 0.0743262
432 0.0703727 0.00751999 0.0628527 0.0778927
433 0.067595 0.00267223 0.0649228 0.0702673
434 0.094621 0.0866544 0.00796669 0.181275
435 0.0683608 0.00505546 0.0633053 0.0734162
436 0.0691716 0.00592816 0.0632434 0.0750997
437 0.0846815 0.0439183 0.0407632 0.1286
438 0.0751924 0.023156 0.0520363 0.0983484
439 0.0734206 0.024425 0.0489956 0.0978457
440 0.0792613 0.0535113 0.0257499 0.132773
441 0.0793664 0.0465544 0.032812 0.125921
442 0.0763635 0.041087 0.0352765 0.11745
443 0.068571 0.0069873 0.0615837 0.0755583
444 0.0694268 0.00810647 0.0613203 0.0775333
445 0.0752524 0.0343289 0.0409235 0.109581
446 0.0680305 0.00573503 0.0622954 0.0737655
447 0.0674599 0.00230123 0.0651587 0.0697611
448 0.0843662 0.0265974 0.0577687 0.110964
449 0.069622 0.00644417 0.0631778 0.0760662
450 0.0895612 0.0799179 0.0096433 0.169479
451 0.0824744 0.048423 0.0340513 0.130897
452 0.0950264 0.090857 0.00416948 0.185883
453 0.0985849 0.114265 -0.0156802 0.21285
454 0.0805976 0.0384626 0.042135 0.11906
455 0.0709282 0.00175509 0.0691732 0.0726833
456 0.0749821 0.0128375 0.0621446 0.0878197
457 0.0726099 0.00720168 0.0654082 0.0798115
458 0.0816185 0.0366023 0.0450162 0.118221
459 0.0715889 0.00822342 0.0633655 0.0798123
460 0.0985398 0.133458 -0.0349178 0.231997
461 0.068631 0.00502432 0.0636067 0.0736554
462 0.0669794 0.000872777 0.0661067 0.0678522
463 0.0913329 0.0758944 0.0154384 0.167227
464 0.071664 0.00986543 0.0617985 0.0815294
465 0.0773094 0.0277856 0.0495237 0.105095
466 0.0702676 0.00822594 0.0620417 0.0784936
467 0.0900567 0.0561714 0.0338852 0.146228
468 0.0697421 0.00669104 0.0630511 0.0764331
469 0.0791111 0.0379617 0.0411494 0.117073
470 0.0701625 0.00733915 0.0628234 0.0775017
471 0.0677752 0.00194401 0.0658312 0.0697192
472 0.0797718 0.0454051 0.0343667 0.125177
473 0.0699523 0.00985226 0.0601 0.0798046
474 0.0777298 0.0437457 0.033984 0.121476
475 0.0770241 0.0262892 0.0507349 0.103313
476 0.0712436 0.00889376 0.0623498 0.0801373
477 0.0806126 0.041549 0.0390635 0.122162
478 0.0712886 0.00829167 0.0629969 0.0795803
479 0.0805976 0.0437439 0.0368536 0.124341
480 0.088375 0.0293849 0.0589901 0.11776
481 0.0849067 0.067378 0.0175287 0.152285
482 0.0715589 0.00805933 0.0634995 0.0796182
483 0.0688563 0.00317384 0.0656824 0.0720301
484 0.0682106 0.00366091 0.0645497 0.0718715
485 0.0721895 0.0106488 0.0615407 0.0828382
486 0.0709583 0.00899519 0.0619631 0.0799535
487 0.0711084 0.00745334 0.0636551 0.0785618
488 0.0816035 0.0478616 0.033742 0.129465
489 0.0990053 0.0881055 0.0108998 0.187111
490 0.0707931 0.00938127 0.0614119 0.0801744
491 0.0682407 0.00746378 0.0607769 0.0757044
492 0.114906 0.159786 -0.0448807 0.274692
493 0.0705529 0.00737237 0.0631805 0.0779253
494 0.0721294 0.0174081 0.0547213 0.0895375
495 0.070658 0.00713659 0.0635214 0.0777946
496 0.0692767 0.00529574 0.0639809 0.0745724
497 0.0703127 0.00532983 0.0649828 0.0756425
498 0.0692316 0.00526618 0.0639654 0.0744978
499 0.0721444 0.00867408 0.0634703 0.0808185
500 0.080057 0.0335462 0.0465108 0.113603
501 0.105657 0.126137 -0.0204803 0.231794
502 0.0832701 0.0608633 0.0224069 0.144133
503 0.0959123 0.113416 -0.017504 0.209329
504 0.0728051 0.0204363 0.0523687 0.0932414
505 0.0738861 0.00595866 0.0679274 0.0798447
506 0.0979693 0.115322 -0.0173527 0.213291
507 0.0792463 0.0363693 0.0428769 0.115616
508 0.105371 0.0904747 0.0148967 0.195846
509 0.0932848 0.0696768 0.0236079 0.162962
510 0.0972936 0.0935762 0.00371739 0.19087
511 0.0773394 0.0321054 0.045234 0.109445
512 0.101152 0.0627079 0.0384444 0.16386
513 0.094591 0.103464 -0.00887253 0.198055
514 0.0937352 0.0916806 0.0020546 0.185416
515 0.0733005 0.00990039 0.0634001 0.0832009
516 0.0739612 0.0214285 0.0525326 0.0953897
517 0.0812282 0.0346147 0.0466135 0.115843
518 0.0867835 0.0793644 0.00741906 0.166148
519 0.0688412 0.00524937 0.0635919 0.0740906
520 0.0688262 0.00536384 0.0634624 0.0741901
521 0.0818588 0.0647378 0.0171209 0.146597
522 0.0699673 0.00965232 0.060315 0.0796196
523 0.0762734 0.0276623 0.0486111 0.103936
524 0.0721895 0.0178019 0.0543875 0.0899914
525 0.0666792 0.00299157 0.0636876 0.0696707
526 0.0666491 0.00182529 0.0648238 0.0684744
527 0.0772193 0.0382503 0.038969 0.11547
528 0.0689914 0.00508976 0.0639016 0.0740811
529 0.0839157 0.0600744 0.0238413 0.14399
530 0.0660486 0.000604134 0.0654444 0.0666527
531 0.0663789 0.000857139 0.0655217 0.067236
532 0.0672197 0.00241032 0.0648094 0.06963
533 0.081018 0.0589845 0.0220334 0.140003
534 0.0681205 0.00747851 0.060642 0.0755991
535 0.0807927 0.0558954 0.0248973 0.136688
536 0.066469 0.00128906 0.0651799 0.067758
537 0.0879847 0.0943976 -0.00641292 0.182382
538 0.0860628 0.0824514 0.00361146 0.168514
539 0.0834353 0.0689697 0.0144656 0.152405
540 0.0776547 0.0288112 0.0488435 0.106466
541 0.0755077 0.0321053 0.0434024 0.107613
542 0.0785856 0.0514274 0.0271582 0.130013
543 0.0668293 0.00293835 0.063891 0.0697676
544 0.105657 0.124718 -0.0190609 0.230374
545 0.0681956 0.00616061 0.062035 0.0743562
546 0.0851619 0.0805894 0.00457257 0.165751
547 0.0667092 0.00213453 0.0645747 0.0688437
548 0.0708382 0.0205642 0.050274 0.0914023
549 0.0959573 0.11459 -0.0186331 0.210548
550 0.0757779 0.0391065 0.0366714 0.114884
551 0.0726099 0.0185484 0.0540614 0.0911583
552 0.0889756 0.0918269 -0.00285126 0.180802
553 0.0819789 0.0589243 0.0230546 0.140903
554 0.0796667 0.030992 0.0486747 0.110659
555 0.0668143 0.0011765 0.0656378 0.0679908
556 0.0698472 0.00857502 0.0612722 0.0784222
557 0.0673398 0.00247238 0.0648674 0.0698122
558 0.0661837 0.000478581 0.0657051 0.0666623
559 0.0680605 0.00718016 0.0608803 0.0752406
560 0.0825795 0.0658992 0.0166803 0.148479
561 0.0683007 0.00599787 0.0623028 0.0742986
562 0.0700274 0.00812536 0.061902 0.0781527
563 0.0799669 0.0376404 0.0423266 0.117607
564 0.118839 0.149503 -0.030664 0.268343
565 0.0663038 0.000820179 0.0654836 0.067124
566 0.0701475 0.00836584 0.0617817 0.0785133
567 0.071664 0.0106144 0.0610496 0.0822783
568 0.068556 0.00529233 0.0632636 0.0738483
569 0.0687512 0.0103015 0.0584497 0.0790526
570 0.0829248 0.0635095 0.0194153 0.146434
571 0.082129 0.0600926 0.0220364 0.142222
572 0.0703877 0.00835235 0.0620354 0.0787401
573 0.083135 0.0633361 0.0197989 0.146471
574 0.0677152 0.00262732 0.0650878 0.0703425
575 0.069622 0.00815508 0.0614669 0.0777771
576 0.0730453 0.0151033 0.057942 0.0881486
577 0.067505 0.00316174 0.0643432 0.0706667
578 0.0709583 0.0178578 0.0531005 0.088816
579 0.0707781 0.0110868 0.0596913 0.0818649
580 0.0733005 0.0196949 0.0536056 0.0929954
581 0.0715288 0.010222 0.0613068 0.0817508
582 0.0976089 0.064618 0.0329909 0.162227
583 0.0876994 0.0662123 0.0214871 0.153912
584 0.0669194 0.00154372 0.0653757 0.0684631
585 0.0848016 0.0654657 0.0193359 0.150267
586 0.0732255 0.0251409 0.0480846 0.0983663
587 0.0684358 0.00589431 0.0625415 0.0743302
588 0.0676701 0.00286343 0.0648067 0.0705335
589 0.0875492 0.0812225 0.00632675 0.168772
590 0.0845764 0.067329 0.0172474 0.151905
591 0.0728351 0.0205145 0.0523206 0.0933496
592 0.0733306 0.0208684 0.0524622 0.0941989
593 0.0795315 0.0427886 0.0367429 0.12232
594 0.070688 0.00617413 0.0645139 0.0768621
595 0.0705979 0.00617523 0.0644227 0.0767732
596 0.0695619 0.00479078 0.0647711 0.0743527
597 0.0762283 0.0273951 0.0488333 0.103623
598 0.068571 0.00164824 0.0669227 0.0702192
599 0.0786607 0.028426 0.0502347 0.107087
600 0.0701625 0.00575528 0.0644072 0.0759178
601 0.0847716 0.0684106 0.016361 0.153182
602 0.0720393 0.0089976 0.0630417 0.0810369
603 0.0784505 0.0270921 0.0513584 0.105543
604 0.0710634 0.0056978 0.0653656 0.0767612
605 0.070628 0.0055196 0.0651084 0.0761476
606 0.0697271 0.00343513 0.066292 0.0731622
607 0.0676251 0.00722605 0.060399 0.0748511
608 0.0932998 0.0635913 0.0297085 0.156891
609 0.08315 0.0644322 0.0187178 0.147582
610 0.0673098 0.00452956 0.0627802 0.0718393
611 0.0899365 0.0916333 -0.00169679 0.18157
612 0.0825044 0.066382 0.0161223 0.148886
613 0.0658984 0.0070523 0.0588461 0.0729507
614 0.0666341 0.00663353 0.0600006 0.0732676
615 0.0837656 0.0637492 0.0200164 0.147515
616 0.0645021 0.00306619 0.0614359 0.0675682
617 0.0647873 0.00127003 0.0635173 0.0660574
618 0.0663639 0.00861416 0.0577497 0.074978
619 0.0676251 0.00806632 0.0595587 0.0756914
620 0.0920836 0.106441 -0.014357 0.198524
621 0.0757929 0.0475067 0.0282863 0.1233
622 0.0651026 0.00565437 0.0594483 0.070757
623 0.0731804 0.0109883 0.0621921 0.0841687
624 0.0690815 0.00685782 0.0622236 0.0759393
625 0.0671296 0.0017599 0.0653697 0.0688895
626 0.0764986 0.0232279 0.0532707 0.0997265
627 0.0714387 0.0105246 0.0609141 0.0819634
628 0.0728651 0.0168372 0.056028 0.0897023
629 0.075913 0.0225228 0.0533903 0.0984358
630 0.074847 0.0136751 0.0611719 0.0885222
631 0.0784205 0.0468479 0.0315726 0.125268
632 0.0667392 0.00121932 0.0655199 0.0679585
633 0.0663939 0.000929927 0.065464 0.0673238
634 0.0704628 0.00814457 0.0623182 0.0786074
635 0.0808378 0.0577909 0.0230469 0.138629
636 0.0728351 0.0259436 0.0468915 0.0987786
637 0.0689013 0.00507966 0.0638216 0.073981
638 0.0863181 0.0834989 0.00281918 0.169817
639 0.101197 0.105498 -0.00430025 0.206695
640 0.0869937 0.0287019 0.0582918 0.115696
641 0.0677902 0.00214213 0.0656481 0.0699324
642 0.0733155 0.0233619 0.0499537 0.0966774
643 0.104005 0.0882443 0.0157608 0.192249
644 0.113629 0.116483 -0.00285388 0.230113
645 0.102699 0.105994 -0.00329497 0.208693
646 0.082114 0.0350537 0.0470603 0.117168
647 0.0813633 0.041601 0.0397623 0.122964
648 0.0735708 0.0131717 0.0603991 0.0867425
649 0.0749371 0.0163484 0.0585887 0.0912855
650 0.0848316 0.0493054 0.0355262 0.134137
651 0.09878 0.0776121 0.021168 0.176392
652 0.070718 0.0040204 0.0666976 0.0747384
653 0.0729252 0.00981135 0.0631138 0.0827365
654 0.0994407 0.117893 -0.0184524 0.217334
655 0.0718742 0.00509366 0.0667805 0.0769678
656 0.0741864 0.00930434 0.064882 0.0834907
657 0.0681055 0.00497937 0.0631262 0.0730849
658 0.0741564 0.0263055 0.0478509 0.100462
659 0.0757929 0.0256436 0.0501493 0.101437
660 0.0700124 0.00858284 0.0614295 0.0785952
661 0.0693667 0.00834782 0.0610189 0.0777146
662 0.0682707 0.00421184 0.0640589 0.0724825
663 0.0679554 0.00255528 0.0654001 0.0705107
664 0.0797267 0.039667 0.0400597 0.119394
665 0.068616 0.00596926 0.0626468 0.0745853
666 0.099801 0.107683 -0.00788148 0.207484
667 0.0768289 0.0371863 0.0396426 0.114015
668 0.0787958 0.0390419 0.0397539 0.117838
669 0.0690815 0.00570428 0.0633772 0.0747858
670 0.0752824 0.0238646 0.0514179 0.099147
671 0.0878796 0.0744344 0.0134451 0.162314
672 0.0837356 0.0281437 0.0555919 0.111879
673 0.0729102 0.0207575 0.0521527 0.0936676
674 0.0744416 0.022235 0.0522067 0.0966766
675 0.087249 0.0482954 0.0389535 0.135544
676 0.0681506 0.0032125 0.0649381 0.0713631
677 0.107744 0.140185 -0.0324411 0.247928
678 0.0697421 0.00720435 0.0625378 0.0769465
679 0.109215 0.128387 -0.0191716 0.237602
680 0.0672647 0.00152232 0.0657424 0.068787
681 0.0707481 0.00836476 0.0623833 0.0791128
682 0.0844713 0.047912 0.0365592 0.132383
683 0.07279 0.00922107 0.063569 0.0820111
684 0.073826 0.0264991 0.047327 0.100325
685 0.0934049 0.0981546 -0.00474972 0.191559
686 0.0700274 0.00623749 0.0637899 0.0762649
687 0.068556 0.00584839 0.0627076 0.0744044
688 0.0678953 0.00683043 0.0610649 0.0747258
689 0.0881498 0.0821804 0.00596943 0.17033
690 0.0692466 0.00515448 0.0640921 0.0744011
691 0.0782853 0.0305921 0.0476933 0.108877
692 0.0791562 0.032894 0.0462622 0.11205
693 0.0710934 0.00798389 0.0631095 0.0790773
694 0.097684 0.119145 -0.0214608 0.216829
695 0.0960174 0.112844 -0.0168262 0.208861
696 0.0710333 0.00755361 0.0634797 0.078587
697 0.110897 0.136391 -0.0254943 0.247288
698 0.0718141 0.00825345 0.0635606 0.0800676
699 0.0683758 0.000651703 0.0677241 0.0690275
700 0.0685409 0.00235085 0.0661901 0.0708918
701 0.0730303 0.00265819 0.0703721 0.0756885
702 0.0732255 0.00757792 0.0656475 0.0808034
703 0.11977 0.162728 -0.0429573 0.282498
704 0.0813933 0.0222422 0.0591512 0.103635
705 0.073841 0.0157266 0.0581144 0.0895677
706 0.0783304 0.0194566 0.0588738 0.097787
707 0.0701775 0.00193704 0.0682405 0.0721146
708 0.073751 0.0100569 0.063694 0.0838079
709 0.0699823 0.00212437 0.067858 0.0721067
710 0.0701925 0.00307833 0.0671142 0.0732709
711 0.0709733 0.00514299 0.0658303 0.0761163
712 0.0782253 0.0257865 0.0524388 0.104012
713 0.089426 0.0409548 0.0484713 0.130381
714 0.0736459 0.0123001 0.0613458 0.0859459
715 0.0923989 0.0962646 -0.00386565 0.188663
716 0.0702826 0.00224007 0.0680426 0.0725227
717 0.0933298 0.0684294 0.0249004 0.161759
718 0.0882099 0.0602671 0.0279428 0.148477
719 0.0693818 0.00648615 0.0628956 0.0758679
720 0.0680605 0.00544863 0.0626119 0.0735091
721 0.0663188 0.00162344 0.0646954 0.0679422
722 0.0864382 0.0608217 0.0256165 0.14726
723 0.0667843 0.00198827 0.064796 0.0687725
724 0.0823993 0.0523368 0.0300625 0.134736
725 0.0957621 0.0872617 0.00850043 0.183024
726 0.0668293 0.002118 0.0647113 0.0689473
727 0.066469 0.00231685 0.0641521 0.0687858
728 0.0684959 0.00753474 0.0609612 0.0760306
729 0.070703 0.0114589 0.0592442 0.0821619
730 0.0668593 0.00192811 0.0649312 0.0687874
731 0.0701925 0.0143442 0.0558483 0.0845368
732 0.0908524 0.0849434 0.00590899 0.175796
733 0.0845914 0.0756003 0.00899112 0.160192
734 0.06752 0.00289164 0.0646283 0.0704116
735 0.0690965 0.0083758 0.0607207 0.0774723
736 0.0732255 0.0148897 0.0583358 0.0881151
737 0.0908524 0.0624188 0.0284337 0.153271
738 0.0693667 0.0068713 0.0624954 0.076238
739 0.0860478 0.080673 0.00537482 0.166721
740 0.073766 0.0264999 0.0472661 0.100266
741 0.087279 0.0776768 0.00960216 0.164956
742 0.0672197 0.00458398 0.0626357 0.0718037
743 0.0912728 0.0985154 -0.00724256 0.189788
744 0.0729552 0.0205411 0.0524141 0.0934963
745 0.0856724 0.0579497 0.0277227 0.143622
746 0.0801771 0.0544874 0.0256897 0.134665
747 0.0689163 0.00620407 0.0627122 0.0751204
748 0.0676251 0.00318448 0.0644406 0.0708095
749 0.0678953 0.00870004 0.0591953 0.0765954
750 0.0731504 0.0213694 0.051781 0.0945198
751 0.0723997 0.0211705 0.0512292 0.0935701
752 0.0838857 0.0697383 0.0141474 0.153624
753 0.0712285 0.0203353 0.0508933 0.0915638
754 0.0724747 0.0093439 0.0631308 0.0818186
755 0.0688412 0.00632098 0.0625203 0.0751622
756 0.0733005 0.0247098 0.0485908 0.0980103
757 0.0837506 0.0557891 0.0279615 0.13954
758 0.0776998 0.0434239 0.0342759 0.121124
759 0.0680905 0.00330164 0.0647889 0.0713922
760 0.0906572 0.100335 -0.00967824 0.190993
761 0.0724897 0.0161346 0.0563551 0.0886243
762 0.0933148 0.0860098 0.00730495 0.179325
763 0.0948312 0.103247 -0.00841526 0.198078
764 0.0922337 0.0756472 0.0165865 0.167881
765 0.0811681 0.0567514 0.0244167 0.13792
766 0.07273 0.023398 0.049332 0.096128
767 0.0693818 0.00709119 0.0622906 0.0764729
768 0.0744717 0.0188561 0.0556155 0.0933278
769 0.0830299 0.0383534 0.0446765 0.121383
770 0.0979543 0.108034 -0.0100801 0.205989
771 0.0881648 0.0884359 -0.000271071 0.176601
772 0.0677152 0.00322653 0.0644886 0.0709417
773 0.0687812 0.0066475 0.0621337 0.0754287
774 0.0710784 0.00934526 0.0617331 0.0804237
775 0.068541 0.0036984 0.0648425 0.0722394
776 0.073841 0.0252689 0.0485722 0.0991099
777 0.0708081 0.0128763 0.0579319 0.0836844
778 0.070658 0.0129459 0.0577121 0.0836039
779 0.068601 0.00361406 0.064987 0.0722151
780 0.0682407 0.00313637 0.0651043 0.071377
781 0.0690665 0.0043949 0.0646716 0.0734614
782 0.0673698 0.00246397 0.0649059 0.0698338
783 0.0973987 0.0853423 0.0120564 0.182741
784 0.0668143 0.00134461 0.0654697 0.0681589
785 0.0877444 0.0837657 0.00397869 0.17151
786 0.0854923 0.0720508 0.0134415 0.157543
787 0.0739612 0.028232 0.0457292 0.102193
788 0.0690514 0.00850113 0.0605503 0.0775526
789 0.0850268 0.0623668 0.02266 0.147394
790 0.0695769 0.00263691 0.06694 0.0722139
791 0.0698322 0.00284321 0.066989 0.0726754
792 0.0733906 0.0202252 0.0531654 0.0936158
793 0.0731654 0.00950037 0.063665 0.0826658
794 0.0849217 0.048032 0.0368897 0.132954
795 0.070643 0.0061562 0.0644868 0.0767992
796 0.0755977 0.0290524 0.0465454 0.10465
797 0.0718141 0.0256411 0.046173 0.0974552
798 0.0695319 0.0168811 0.0526508 0.086413
799 0.0695769 0.00867263 0.0609043 0.0782496
