# ../output/graphs/perf_parallel45BIPED_thread2
# step - mean (0.0859302) - standard deviation (0.0164134) r=20 - ylow - yhigh
0 0.102487 0.0297239 0.0727631 0.132211
1 0.0914108 0.0196236 0.0717872 0.111034
2 0.0908549 0.015246 0.0756089 0.106101
3 0.0892725 0.0136078 0.0756648 0.10288
4 0.087455 0.0134316 0.0740234 0.100887
5 0.0881393 0.0135471 0.0745921 0.101686
6 0.0858299 0.00995531 0.0758746 0.0957852
7 0.0852312 0.00617231 0.0790589 0.0914035
8 0.0835848 0.00402647 0.0795583 0.0876112
9 0.082088 0.00225676 0.0798312 0.0843447
10 0.0890801 0.0108805 0.0781996 0.0999606
11 0.0836061 0.00396244 0.0796437 0.0875686
12 0.0846111 0.00464998 0.0799611 0.0892611
13 0.0829647 0.00392416 0.0790405 0.0868888
14 0.0822376 0.00292592 0.0793117 0.0851636
15 0.085274 0.00970349 0.0755705 0.0949775
16 0.0878399 0.0137225 0.0741174 0.101562
17 0.0873909 0.0128917 0.0744992 0.100283
18 0.0868777 0.0128718 0.0740059 0.0997495
19 0.0876047 0.0130692 0.0745355 0.100674
20 0.0880751 0.0129258 0.0751493 0.101001
21 0.0877971 0.0129 0.0748971 0.100697
22 0.0855947 0.00979528 0.0757995 0.09539
23 0.0827081 0.00330816 0.0793999 0.0860162
24 0.0827508 0.00395781 0.078793 0.0867086
25 0.0840552 0.00564028 0.0784149 0.0896954
26 0.0832212 0.00285088 0.0803704 0.0860721
27 0.0826439 0.00320846 0.0794355 0.0858524
28 0.0837558 0.00500788 0.0787479 0.0887637
29 0.0843545 0.00450331 0.0798512 0.0888578
30 0.0875833 0.0130778 0.0745055 0.100661
31 0.0879254 0.0110061 0.0769194 0.0989315
32 0.0892084 0.013407 0.0758014 0.102615
33 0.0879682 0.0120163 0.0759519 0.0999845
34 0.0848891 0.00972242 0.0751667 0.0946115
35 0.0849746 0.00948975 0.0754849 0.0944644
36 0.0882248 0.0141353 0.0740895 0.10236
37 0.0835206 0.00371369 0.0798069 0.0872343
38 0.0838413 0.00566292 0.0781784 0.0895043
39 0.0850174 0.00423052 0.0807869 0.0892479
40 0.0844614 0.00524377 0.0792176 0.0897052
41 0.0865142 0.0111576 0.0753566 0.0976718
42 0.0892939 0.0154095 0.0738844 0.104703
43 0.0867707 0.0102243 0.0765465 0.096995
44 0.0855092 0.0096866 0.0758226 0.0951958
45 0.0854664 0.00967411 0.0757923 0.0951405
46 0.0858941 0.00981581 0.0760783 0.0957099
47 0.0857444 0.00949303 0.0762514 0.0952374
48 0.0878399 0.0135286 0.0743114 0.101368
49 0.0949603 0.0180145 0.0769458 0.112975
50 0.0900209 0.0143773 0.0756436 0.104398
51 0.0908549 0.0173863 0.0734685 0.108241
52 0.0908335 0.0155682 0.0752653 0.106402
53 0.0868991 0.015252 0.071647 0.102151
54 0.0863645 0.015111 0.0712535 0.101475
55 0.0858086 0.0151224 0.0706862 0.100931
56 0.0847394 0.0130594 0.07168 0.0977988
57 0.085445 0.0151153 0.0703297 0.10056
58 0.0866211 0.0153035 0.0713176 0.101925
59 0.083264 0.0102119 0.0730521 0.093476
60 0.0865997 0.0140623 0.0725375 0.100662
61 0.085445 0.0134003 0.0720447 0.0988454
62 0.0866425 0.0153684 0.0712741 0.102011
63 0.0855519 0.0137844 0.0717675 0.0993364
64 0.0868349 0.0130462 0.0737887 0.0998811
65 0.0824729 0.0103667 0.0721061 0.0928396
66 0.0852312 0.0112726 0.0739586 0.0965038
67 0.0834778 0.0107038 0.072774 0.0941816
68 0.0837345 0.00998513 0.0737493 0.0937196
69 0.0830502 0.0101909 0.0728593 0.0932411
70 0.0845684 0.0113887 0.0731797 0.095957
71 0.0861507 0.0144591 0.0716915 0.10061
72 0.0835206 0.0104001 0.0731205 0.0939207
73 0.0901492 0.0110328 0.0791165 0.101182
74 0.0882034 0.00348708 0.0847163 0.0916905
75 0.0879468 0.00349336 0.0844535 0.0914402
76 0.089914 0.0119719 0.0779421 0.101886
77 0.0918812 0.0120529 0.0798283 0.103934
78 0.0905341 0.011087 0.0794472 0.101621
79 0.0900637 0.0114347 0.078629 0.101498
80 0.0904914 0.0108429 0.0796485 0.101334
81 0.0908976 0.0116314 0.0792662 0.102529
82 0.0921164 0.0132988 0.0788176 0.105415
83 0.0928007 0.017227 0.0755736 0.110028
84 0.0902775 0.0104805 0.0797971 0.100758
85 0.0897002 0.00977715 0.079923 0.0994773
86 0.0965213 0.0198889 0.0766324 0.11641
87 0.0954521 0.01549 0.0799621 0.110942
88 0.0917529 0.0136812 0.0780717 0.105434
89 0.0925013 0.0143082 0.0781931 0.10681
90 0.0930786 0.0135109 0.0795678 0.10659
91 0.0902561 0.0104495 0.0798067 0.100706
92 0.09047 0.0116942 0.0787758 0.102164
93 0.0888663 0.010606 0.0782603 0.0994723
94 0.090192 0.0105829 0.0796091 0.100775
95 0.0886311 0.0101714 0.0784597 0.0988024
96 0.0930145 0.0134344 0.0795801 0.106449
97 0.0915391 0.0150977 0.0764414 0.106637
98 0.0902775 0.0163215 0.073956 0.106599
99 0.0947893 0.0183822 0.076407 0.113172
100 0.0906624 0.0130662 0.0775962 0.103729
101 0.0932283 0.0171312 0.0760971 0.11036
102 0.0887807 0.0135326 0.0752481 0.102313
103 0.0886525 0.013529 0.0751234 0.102182
104 0.0890587 0.013601 0.0754577 0.10266
105 0.0864286 0.00958257 0.0768461 0.0960112
106 0.0873695 0.0149429 0.0724266 0.102312
107 0.087177 0.00974005 0.077437 0.0969171
108 0.0854664 0.00937357 0.0760929 0.09484
109 0.0892725 0.0144714 0.0748011 0.103744
110 0.0923944 0.0171032 0.0752913 0.109498
111 0.0907052 0.0136467 0.0770585 0.104352
112 0.0917957 0.0206585 0.0711372 0.112454
113 0.0920095 0.0174733 0.0745362 0.109483
114 0.0901706 0.0137889 0.0763817 0.10396
115 0.0894222 0.012781 0.0766412 0.102203
116 0.0892512 0.0122619 0.0769893 0.101513
117 0.0877971 0.0095426 0.0782545 0.0973397
118 0.0863859 0.00958745 0.0767984 0.0959733
119 0.0865356 0.00407567 0.0824599 0.0906112
120 0.0888021 0.010402 0.0784001 0.0992041
121 0.0858299 0.00345871 0.0823712 0.0892886
122 0.0860651 0.003315 0.0827501 0.0893801
123 0.0917101 0.0190694 0.0726407 0.11078
124 0.0856161 0.00360752 0.0820086 0.0892236
125 0.0886952 0.0119118 0.0767834 0.100607
126 0.0884172 0.010504 0.0779133 0.0989212
127 0.0875833 0.0103926 0.0771907 0.0979759
128 0.0903844 0.0114873 0.0788971 0.101872
129 0.0929717 0.0163066 0.0766651 0.109278
130 0.0884814 0.0105803 0.0779011 0.0990617
131 0.0882034 0.0101902 0.0780132 0.0983937
132 0.0887807 0.00633505 0.0824457 0.0951158
133 0.0875192 0.010114 0.0774051 0.0976332
134 0.0960081 0.0350726 0.0609355 0.131081
135 0.09511 0.0204932 0.0746168 0.115603
136 0.0917957 0.0151851 0.0766105 0.106981
137 0.0924158 0.0152384 0.0771773 0.107654
138 0.0914108 0.0142235 0.0771873 0.105634
139 0.0926082 0.0207614 0.0718468 0.11337
140 0.0911542 0.0168515 0.0743027 0.108006
141 0.0887808 0.0111217 0.077659 0.0999025
142 0.087733 0.0104274 0.0773056 0.0981604
143 0.0865355 0.0104869 0.0760486 0.0970224
144 0.086728 0.0105532 0.0761748 0.0972813
145 0.0874123 0.010527 0.0768852 0.0979393
146 0.0868563 0.010428 0.0764283 0.0972843
147 0.0866852 0.00917919 0.077506 0.0958644
148 0.0856802 0.00330228 0.082378 0.0889825
149 0.0855733 0.00446463 0.0811087 0.090038
150 0.0854023 0.0036641 0.0817382 0.0890664
151 0.0875405 0.00877377 0.0787668 0.0963143
152 0.0877116 0.0116066 0.076105 0.0993182
153 0.0866425 0.00598927 0.0806532 0.0926317
154 0.08846 0.0157788 0.0726812 0.104239
155 0.0851671 0.00406668 0.0811004 0.0892338
156 0.085552 0.00619356 0.0793584 0.0917455
157 0.0897643 0.0199801 0.0697842 0.109744
158 0.0888235 0.0162013 0.0726222 0.105025
159 0.0902775 0.015124 0.0751535 0.105402
160 0.0917957 0.0136329 0.0781629 0.105429
161 0.0910259 0.0130699 0.0779561 0.104096
162 0.0888663 0.0132521 0.0756142 0.102118
163 0.0879468 0.0135737 0.0743731 0.101521
164 0.093656 0.0144221 0.0792339 0.108078
165 0.0971414 0.0190132 0.0781282 0.116155
166 0.0908335 0.0101187 0.0807148 0.100952
167 0.0859155 0.00993582 0.0759796 0.0958513
168 0.0893794 0.0199449 0.0694346 0.109324
169 0.0945327 0.0210423 0.0734904 0.115575
170 0.0965854 0.0193166 0.0772688 0.115902
171 0.103471 0.0361402 0.0673304 0.139611
172 0.0998997 0.020855 0.0790447 0.120755
173 0.102081 0.0275161 0.0745647 0.129597
174 0.0970986 0.0199955 0.0771031 0.117094
175 0.0963716 0.0191597 0.0772118 0.115531
176 0.0942119 0.0178849 0.076327 0.112097
177 0.0923089 0.0172134 0.0750955 0.109522
178 0.0889946 0.0118035 0.0771911 0.100798
179 0.0847608 0.00416735 0.0805934 0.0889281
180 0.0840552 0.00293333 0.0811218 0.0869885
181 0.0892725 0.0167473 0.0725252 0.10602
182 0.0863859 0.0107297 0.0756562 0.0971156
183 0.0889304 0.0140837 0.0748468 0.103014
184 0.0858941 0.0106272 0.0752669 0.0965213
185 0.0853381 0.010567 0.0747711 0.0959051
186 0.0863645 0.0107761 0.0755884 0.0971405
187 0.0889091 0.013179 0.0757301 0.102088
188 0.0882889 0.0133449 0.0749441 0.101634
189 0.08846 0.013653 0.0748071 0.102113
190 0.091646 0.0182884 0.0733576 0.109934
191 0.0901492 0.0158777 0.0742715 0.106027
192 0.0915819 0.0150521 0.0765298 0.106634
193 0.089187 0.0131572 0.0760298 0.102344
194 0.0893581 0.0204387 0.0689193 0.109797
195 0.0884386 0.0129266 0.075512 0.101365
196 0.0912184 0.0165845 0.0746339 0.107803
197 0.0892512 0.0131923 0.0760588 0.102443
198 0.0881393 0.0131234 0.0750159 0.101263
199 0.0910687 0.019337 0.0717316 0.110406
200 0.0891015 0.0127769 0.0763245 0.101878
201 0.0876902 0.0127103 0.0749799 0.100401
202 0.08846 0.0138617 0.0745983 0.102322
203 0.0898285 0.0200995 0.069729 0.109928
204 0.085723 0.00970919 0.0760138 0.0954322
205 0.0867922 0.00974399 0.0770482 0.0965362
206 0.0862148 0.00960022 0.0766146 0.095815
207 0.0858941 0.00991591 0.0759782 0.09581
208 0.089465 0.0117177 0.0777473 0.101183
209 0.0872412 0.0111649 0.0760763 0.0984061
210 0.0881179 0.0158973 0.0722206 0.104015
211 0.0840552 0.00534222 0.0787129 0.0893974
212 0.0830288 0.00339784 0.079631 0.0864267
213 0.0855306 0.0110182 0.0745124 0.0965487
214 0.0877544 0.0117745 0.0759799 0.0995289
215 0.0916674 0.0224228 0.0692446 0.11409
216 0.088738 0.0150862 0.0736518 0.103824
217 0.092929 0.0258145 0.0671145 0.118743
218 0.0881393 0.0133746 0.0747647 0.101514
219 0.0874764 0.0138691 0.0736073 0.101345
220 0.0877758 0.013295 0.0744807 0.101071
221 0.085723 0.00955351 0.0761695 0.0952765
222 0.0883958 0.0129503 0.0754456 0.101346
223 0.0848891 0.00489937 0.0799897 0.0897885
224 0.0879468 0.00968071 0.0782661 0.0976275
225 0.0943402 0.0301143 0.0642259 0.124454
226 0.0882889 0.0127111 0.0755779 0.101
227 0.0914322 0.0167696 0.0746626 0.108202
228 0.0902775 0.0150986 0.075179 0.105376
229 0.0904272 0.0146938 0.0757334 0.105121
230 0.0913253 0.0160962 0.0752291 0.107421
231 0.0920095 0.0154437 0.0765658 0.107453
232 0.0895933 0.0126078 0.0769855 0.102201
233 0.0892298 0.0114402 0.0777895 0.10067
234 0.0859796 0.00675567 0.079224 0.0927353
235 0.0863431 0.00692731 0.0794158 0.0932704
236 0.0864287 0.00780967 0.078619 0.0942383
237 0.0848036 0.00348505 0.0813185 0.0882886
238 0.0849105 0.00356128 0.0813492 0.0884718
239 0.0841193 0.00297241 0.0811469 0.0870917
240 0.0838627 0.00273463 0.0811281 0.0865974
241 0.0839055 0.00370505 0.0802004 0.0876105
242 0.0854451 0.00685392 0.0785911 0.092299
243 0.0866852 0.00855208 0.0781331 0.0952373
244 0.0939981 0.0180749 0.0759232 0.112073
245 0.0946396 0.0147022 0.0799374 0.109342
246 0.0918385 0.0134387 0.0783998 0.105277
247 0.0916246 0.0135936 0.078031 0.105218
248 0.0913253 0.0136243 0.077701 0.10495
249 0.0947465 0.0198854 0.0748611 0.114632
250 0.0937415 0.01723 0.0765115 0.110972
251 0.0963074 0.0192185 0.0770889 0.115526
252 0.0975263 0.0197103 0.0778159 0.117237
253 0.0948962 0.0169848 0.0779114 0.111881
254 0.0955163 0.0168596 0.0786566 0.112376
255 0.0944899 0.0171277 0.0773622 0.111618
256 0.0946823 0.0136778 0.0810045 0.10836
257 0.0926082 0.0140433 0.0785649 0.106652
258 0.0909618 0.0112426 0.0797192 0.102204
259 0.0869846 0.00293307 0.0840515 0.0899177
260 0.0940622 0.0229927 0.0710696 0.117055
261 0.0877758 0.00320561 0.0845701 0.0909814
262 0.0878399 0.00611469 0.0817252 0.0939546
263 0.0933138 0.0156766 0.0776372 0.10899
264 0.0942119 0.0161764 0.0780355 0.110388
265 0.0920309 0.0163756 0.0756553 0.108406
266 0.0905341 0.0173819 0.0731522 0.107916
267 0.0924372 0.0159757 0.0764614 0.108413
268 0.0957301 0.020057 0.0756731 0.115787
269 0.0936346 0.0235304 0.0701041 0.117165
270 0.0870274 0.0106455 0.0763819 0.0976728
271 0.0870274 0.00941469 0.0776127 0.0964421
272 0.0886952 0.0124655 0.0762297 0.101161
273 0.0883103 0.0112502 0.0770601 0.0995605
274 0.0866638 0.00961438 0.0770495 0.0962782
275 0.087733 0.0077643 0.0799687 0.0954973
276 0.0850602 0.00365113 0.081409 0.0887113
277 0.085552 0.00504099 0.080511 0.090593
278 0.0848463 0.0018063 0.08304 0.0866526
279 0.0875619 0.0117312 0.0758308 0.0992931
280 0.0902989 0.0139176 0.0763813 0.104217
281 0.0908976 0.0144167 0.0764809 0.105314
282 0.0893794 0.0130339 0.0763455 0.102413
283 0.0908976 0.0146819 0.0762157 0.10558
284 0.0885455 0.0128427 0.0757028 0.101388
285 0.0917102 0.0145141 0.0771961 0.106224
286 0.0919026 0.0131977 0.0787049 0.1051
287 0.0867494 0.00536917 0.0813802 0.0921185
288 0.0878827 0.00560127 0.0822814 0.0934839
289 0.0864286 0.00565068 0.080778 0.0920793
290 0.0863859 0.00415507 0.0822308 0.0905409
291 0.0866639 0.00657984 0.080084 0.0932437
292 0.0862148 0.00449423 0.0817206 0.0907091
293 0.0911756 0.0159398 0.0752358 0.107115
294 0.0815748 0.00321699 0.0783578 0.0847918
295 0.0821307 0.00363496 0.0784958 0.0857657
296 0.0825798 0.00437356 0.0782062 0.0869533
297 0.0849319 0.0094698 0.0754621 0.0944017
298 0.0842049 0.0098108 0.0743941 0.0940156
299 0.0832854 0.00945769 0.0738277 0.0927431
300 0.0863645 0.0137326 0.0726319 0.100097
301 0.0876688 0.0129092 0.0747597 0.100578
302 0.0852098 0.0127229 0.072487 0.0979327
303 0.0891015 0.0182474 0.070854 0.107349
304 0.0872198 0.0170646 0.0701552 0.104284
305 0.0928648 0.0212373 0.0716275 0.114102
306 0.0907693 0.0166724 0.074097 0.107442
307 0.0907052 0.0178147 0.0728905 0.10852
308 0.0888663 0.0155266 0.0733397 0.104393
309 0.0874764 0.0162696 0.0712068 0.103746
310 0.0883103 0.0157168 0.0725936 0.104027
311 0.0872198 0.013534 0.0736858 0.100754
312 0.0929504 0.029345 0.0636054 0.122295
313 0.0903203 0.0232616 0.0670587 0.113582
314 0.0902348 0.0173876 0.0728471 0.107622
315 0.0907266 0.0173931 0.0733335 0.10812
316 0.0878613 0.0156678 0.0721935 0.103529
317 0.0878613 0.0152897 0.0725716 0.103151
318 0.0834137 0.0153369 0.0680768 0.0987506
319 0.0829861 0.0129991 0.0699869 0.0959852
320 0.0840124 0.010281 0.0737314 0.0942934
321 0.080805 0.0100033 0.0708017 0.0908083
322 0.0823232 0.0132244 0.0690988 0.0955476
323 0.0855947 0.0118902 0.0737045 0.0974849
324 0.0859369 0.0106926 0.0752443 0.0966294
325 0.0838841 0.00979902 0.0740851 0.0936831
326 0.0879682 0.0193534 0.0686148 0.107322
327 0.0850602 0.012603 0.0724572 0.0976632
328 0.0943402 0.0147068 0.0796334 0.109047
329 0.0906196 0.0139522 0.0766675 0.104572
330 0.0889518 0.013402 0.0755498 0.102354
331 0.0887166 0.0138651 0.0748515 0.102582
332 0.0913253 0.016158 0.0751673 0.107483
333 0.0910901 0.0140554 0.0770347 0.105145
334 0.0821735 0.00972406 0.0724495 0.0918976
335 0.0816603 0.00966388 0.0719964 0.0913242
336 0.080527 0.00956174 0.0709653 0.0900888
337 0.0817886 0.0106886 0.0711 0.0924773
338 0.081083 0.0133029 0.06778 0.0943859
339 0.0789661 0.00951205 0.0694541 0.0884782
340 0.0783674 0.0104682 0.0678992 0.0888356
341 0.0771058 0.00942788 0.0676779 0.0865337
342 0.0775548 0.00941737 0.0681375 0.0869722
343 0.0799497 0.00939326 0.0705564 0.089343
344 0.0778542 0.00952666 0.0683276 0.0873809
345 0.0775549 0.0105685 0.0669863 0.0881234
346 0.0747965 0.00212497 0.0726715 0.0769215
347 0.0756091 0.00312101 0.0724881 0.0787301
348 0.076892 0.00410326 0.0727887 0.0809952
349 0.0781963 0.0102844 0.0679119 0.0884807
350 0.0773624 0.01021 0.0671524 0.0875724
351 0.0773196 0.00988386 0.0674358 0.0872035
352 0.0831785 0.0120288 0.0711497 0.0952073
353 0.0789661 0.0100122 0.0689539 0.0889784
354 0.0791585 0.0111649 0.0679937 0.0903234
355 0.0778756 0.0102144 0.0676612 0.08809
356 0.0795862 0.0049999 0.0745863 0.0845861
357 0.0818314 0.00801695 0.0738144 0.0898484
358 0.081083 0.0060561 0.0750269 0.0871391
359 0.080356 0.00433579 0.0760202 0.0846918
360 0.0798428 0.00445684 0.075386 0.0842996
361 0.0833282 0.0144988 0.0688294 0.097827
362 0.0839269 0.0115259 0.072401 0.0954528
363 0.0897857 0.0225059 0.0672799 0.112292
364 0.0840552 0.0130231 0.0710321 0.0970782
365 0.0841407 0.0123064 0.0718343 0.096447
366 0.0851457 0.0181412 0.0670045 0.103287
367 0.0873053 0.0164167 0.0708887 0.103722
368 0.0833495 0.0132447 0.0701048 0.0965943
369 0.084269 0.0162083 0.0680607 0.100477
370 0.0825798 0.010497 0.0720828 0.0930768
371 0.0807409 0.00943611 0.0713048 0.090177
372 0.0839269 0.0118683 0.0720585 0.0957952
373 0.0824301 0.00964627 0.0727838 0.0920764
374 0.0799925 0.00386895 0.0761235 0.0838614
375 0.0791586 0.00326224 0.0758963 0.0824208
376 0.080634 0.00588312 0.0747508 0.0865171
377 0.0871343 0.0179313 0.069203 0.105066
378 0.0864928 0.0152953 0.0711975 0.101788
379 0.0865783 0.0157069 0.0708715 0.102285
380 0.0856161 0.015325 0.0702911 0.100941
381 0.0799711 0.0134013 0.0665698 0.0933724
382 0.0854664 0.02383 0.0616364 0.109296
383 0.0825156 0.0162533 0.0662623 0.098769
384 0.0807623 0.00964855 0.0711137 0.0904108
385 0.0780467 0.00953436 0.0685123 0.087581
386 0.0787309 0.00975469 0.0689762 0.0884856
387 0.078068 0.00975711 0.0683109 0.0878251
388 0.0808478 0.0139151 0.0669327 0.0947629
389 0.0779184 0.00524917 0.0726692 0.0831675
390 0.0764857 0.00338163 0.0731041 0.0798674
391 0.0762933 0.00361714 0.0726761 0.0799104
392 0.0798855 0.00883765 0.0710479 0.0887232
393 0.0771272 0.0044572 0.07267 0.0815844
394 0.0761222 0.00424216 0.0718801 0.0803644
395 0.0767423 0.00485433 0.071888 0.0815966
396 0.0756732 0.00233248 0.0733407 0.0780057
397 0.081083 0.012146 0.0689371 0.093229
398 0.0790302 0.0100618 0.0689685 0.089092
399 0.0793724 0.0104082 0.0689641 0.0897806
400 0.0802063 0.0100152 0.0701911 0.0902215
401 0.111104 0.136356 -0.0252518 0.24746
402 0.0798642 0.0101046 0.0697595 0.0899688
403 0.0787951 0.01021 0.0685851 0.089005
404 0.0771486 0.00348057 0.073668 0.0806292
405 0.0770203 0.00325101 0.0737693 0.0802713
406 0.0764643 0.00279319 0.0736711 0.0792575
407 0.0816603 0.00805473 0.0736056 0.089715
408 0.0807623 0.00372399 0.0770383 0.0844863
409 0.0800138 0.00311012 0.0769037 0.083124
410 0.0820025 0.00692597 0.0750765 0.0889284
411 0.0808692 0.00386524 0.0770039 0.0847344
412 0.0830288 0.00226 0.0807688 0.0852888
413 0.0851457 0.0127738 0.0723719 0.0979195
414 0.0900423 0.0184766 0.0715657 0.108519
415 0.0885241 0.0146767 0.0738475 0.103201
416 0.0902347 0.0141087 0.0761261 0.104343
417 0.089016 0.0137498 0.0752662 0.102766
418 0.0918171 0.0203241 0.071493 0.112141
419 0.0903417 0.0145011 0.0758406 0.104843
420 0.0938057 0.0167727 0.077033 0.110578
421 0.0890159 0.0109952 0.0780208 0.100011
422 0.0836489 0.00299478 0.0806541 0.0866437
423 0.0832426 0.00356079 0.0796819 0.0868034
424 0.0830074 0.00322276 0.0797847 0.0862302
425 0.0835848 0.00389487 0.0796899 0.0874796
426 0.0838841 0.00523987 0.0786442 0.089124
427 0.0848677 0.00779628 0.0770714 0.092664
428 0.0836489 0.00324114 0.0804078 0.0868901
429 0.0831785 0.00331673 0.0798618 0.0864952
430 0.0915819 0.0111159 0.0804659 0.102698
431 0.0910473 0.0103532 0.0806941 0.1014
432 0.0896574 0.0168694 0.072788 0.106527
433 0.0909404 0.0157015 0.0752389 0.106642
434 0.0888663 0.0128521 0.0760142 0.101718
435 0.0884386 0.0128563 0.0755823 0.101295
436 0.087733 0.012759 0.074974 0.100492
437 0.0875405 0.00977175 0.0777688 0.0973123
438 0.0892084 0.0156116 0.0735968 0.10482
439 0.0844401 0.00348602 0.080954 0.0879261
440 0.088631 0.0107976 0.0778334 0.0994286
441 0.0858513 0.00507606 0.0807753 0.0909274
442 0.0876261 0.0151451 0.0724809 0.102771
443 0.0857444 0.0098104 0.075934 0.0955548
444 0.0907052 0.0166663 0.0740389 0.107372
445 0.0871771 0.0101321 0.0770449 0.0973092
446 0.0843973 0.0103473 0.07405 0.0947446
447 0.0839483 0.00926745 0.0746808 0.0932157
448 0.0853168 0.010257 0.0750598 0.0955738
449 0.0834565 0.00927352 0.0741829 0.09273
450 0.08382 0.0042872 0.0795328 0.0881072
451 0.0826439 0.0044952 0.0781487 0.0871391
452 0.0808264 0.00278796 0.0780384 0.0836143
453 0.0819169 0.00633515 0.0755818 0.0882521
454 0.081361 0.00363599 0.077725 0.084997
455 0.0795434 0.0105917 0.0689518 0.0901351
456 0.0824942 0.0156791 0.0668151 0.0981734
457 0.0895719 0.0294725 0.0600994 0.119044
458 0.0864286 0.018029 0.0683997 0.104458
459 0.0857016 0.0140309 0.0716707 0.0997326
460 0.0840979 0.0131667 0.0709312 0.0972647
461 0.0848249 0.0148157 0.0700092 0.0996407
462 0.0808905 0.00985115 0.0710394 0.0907417
463 0.0795648 0.00926288 0.0703019 0.0888277
464 0.078624 0.00497858 0.0736454 0.0836026
465 0.0784529 0.00333864 0.0751143 0.0817916
466 0.0780039 0.00409387 0.07391 0.0820977
467 0.0798214 0.0108419 0.0689795 0.0906633
468 0.0838841 0.0142507 0.0696334 0.0981348
469 0.0827081 0.0130293 0.0696788 0.0957374
470 0.0848463 0.018095 0.0667513 0.102941
471 0.0830502 0.012673 0.0703772 0.0957232
472 0.0818741 0.0131773 0.0686968 0.0950515
473 0.0819811 0.012922 0.0690591 0.094903
474 0.0840766 0.0185669 0.0655096 0.102644
475 0.0797573 0.00926489 0.0704924 0.0890222
476 0.0809333 0.00904348 0.0718898 0.0899768
477 0.0803774 0.00920544 0.0711719 0.0895828
478 0.0802491 0.00937846 0.0708706 0.0896275
479 0.084718 0.0208315 0.0638865 0.10555
480 0.0850174 0.0136793 0.0713381 0.0986967
481 0.0796503 0.00889876 0.0707516 0.0885491
482 0.0794152 0.00915028 0.0702649 0.0885654
483 0.0832213 0.0123275 0.0708937 0.0955488
484 0.080078 0.0090919 0.0709861 0.0891699
485 0.0801849 0.0104888 0.0696961 0.0906738
486 0.0825156 0.0122636 0.070252 0.0947792
487 0.0803132 0.0103104 0.0700028 0.0906236
488 0.0794365 0.0101318 0.0693048 0.0895683
489 0.0840766 0.0175418 0.0665348 0.101618
490 0.0851029 0.0172313 0.0678717 0.102334
491 0.0802277 0.00999502 0.0702327 0.0902227
492 0.0833709 0.0104512 0.0729197 0.0938222
493 0.0852954 0.011311 0.0739844 0.0966063
494 0.0841835 0.0105339 0.0736496 0.0947174
495 0.0880537 0.010908 0.0771457 0.0989617
496 0.0917529 0.0216206 0.0701323 0.113374
497 0.0877971 0.0116539 0.0761432 0.0994511
498 0.0873053 0.01128 0.0760253 0.0985854
499 0.086279 0.0108946 0.0753844 0.0971735
500 0.08382 0.00380587 0.0800141 0.0876258
501 0.0814465 0.0103687 0.0710778 0.0918152
502 0.088182 0.017948 0.070234 0.10613
503 0.0840766 0.0133085 0.0707681 0.097385
504 0.0850174 0.0143354 0.070682 0.0993528
505 0.0852312 0.0132504 0.0719808 0.0984817
506 0.0839697 0.0132188 0.0707509 0.0971884
507 0.0837131 0.0132592 0.0704538 0.0969723
508 0.0886097 0.0241378 0.0644719 0.112747
509 0.0844828 0.0139584 0.0705244 0.0984413
510 0.0845042 0.0130846 0.0714196 0.0975889
511 0.0845042 0.0138228 0.0706814 0.098327
512 0.0851243 0.0125736 0.0725507 0.097698
513 0.0836062 0.0125409 0.0710653 0.096147
514 0.0851029 0.0147939 0.070309 0.0998969
515 0.0847608 0.0124112 0.0723496 0.097172
516 0.0848891 0.0131683 0.0717208 0.0980574
517 0.0820238 0.0103441 0.0716797 0.0923679
518 0.0832426 0.0105755 0.0726672 0.0938181
519 0.0813182 0.0100724 0.0712459 0.0913906
520 0.0834351 0.0127437 0.0706914 0.0961788
521 0.0811685 0.00573055 0.075438 0.0868991
522 0.0813396 0.00673143 0.0746081 0.088071
523 0.0801849 0.00544902 0.0747359 0.0856339
524 0.0806981 0.00509266 0.0756054 0.0857908
525 0.0833068 0.00214936 0.0811574 0.0854562
526 0.0837558 0.00399639 0.0797594 0.0877522
527 0.086001 0.00817021 0.0778308 0.0941712
528 0.116193 0.14019 -0.0239963 0.256383
529 0.0863859 0.00785765 0.0785282 0.0942435
530 0.090192 0.0173718 0.0728202 0.107564
531 0.0940836 0.0225057 0.0715779 0.116589
532 0.0902775 0.0166669 0.0736106 0.106944
533 0.0879468 0.0137458 0.0742011 0.101693
534 0.0895078 0.0156302 0.0738776 0.105138
535 0.0898499 0.014955 0.0748949 0.104805
536 0.0911328 0.0175175 0.0736153 0.10865
537 0.0910259 0.0153171 0.0757089 0.106343
538 0.0919668 0.0203926 0.0715742 0.112359
539 0.0893581 0.0130749 0.0762832 0.102433
540 0.0902775 0.0142209 0.0760566 0.104498
541 0.0910901 0.0150118 0.0760783 0.106102
542 0.086001 0.0105898 0.0754112 0.0965908
543 0.0845042 0.0102382 0.0742661 0.0947424
544 0.08846 0.0149478 0.0735122 0.103408
545 0.0883103 0.0154639 0.0728464 0.103774
546 0.0897857 0.0157464 0.0740394 0.105532
547 0.0897216 0.0133175 0.076404 0.103039
548 0.0892084 0.0133975 0.0758109 0.102606
549 0.0878399 0.0133373 0.0745026 0.101177
550 0.0814893 0.00941174 0.0720775 0.090901
551 0.0851243 0.0130525 0.0720718 0.0981768
552 0.0903631 0.0267412 0.0636219 0.117104
553 0.115616 0.140457 -0.0248414 0.256073
554 0.0840124 0.0125584 0.0714541 0.0965708
555 0.0798 0.012767 0.067033 0.092567
556 0.0826653 0.0149685 0.0676968 0.0976338
557 0.0851671 0.0155004 0.0696666 0.100668
558 0.0827936 0.014859 0.0679346 0.0976526
559 0.08382 0.0186728 0.0651472 0.102493
560 0.0827294 0.0131481 0.0695813 0.0958776
561 0.0854451 0.0275482 0.0578969 0.112993
562 0.0815534 0.0132249 0.0683286 0.0947783
563 0.0828577 0.0164815 0.0663762 0.0993392
564 0.083264 0.0170231 0.0662409 0.100287
565 0.0812113 0.0133376 0.0678736 0.0945489
566 0.0825584 0.014843 0.0677154 0.0974014
567 0.0883317 0.0326749 0.0556568 0.121007
568 0.0852526 0.0176114 0.0676412 0.102864
569 0.0871984 0.0212746 0.0659239 0.108473
570 0.0832212 0.012309 0.0709123 0.0955302
571 0.0814037 0.0126496 0.0687541 0.0940534
572 0.0814465 0.0127283 0.0687182 0.0941748
573 0.084996 0.0132129 0.0717831 0.098209
574 0.087455 0.0136979 0.0737571 0.101153
575 0.0877544 0.0112136 0.0765408 0.098968
576 0.0900423 0.0143582 0.0756841 0.104401
577 0.0865142 0.0138899 0.0726243 0.100404
578 0.0882889 0.0136162 0.0746727 0.101905
579 0.0954949 0.0204895 0.0750054 0.115984
580 0.0917529 0.0158321 0.0759208 0.107585
581 0.0933566 0.0191382 0.0742184 0.112495
582 0.0906838 0.0145128 0.076171 0.105197
583 0.0876047 0.0138966 0.0737081 0.101501
584 0.0855733 0.0110446 0.0745287 0.096618
585 0.0842262 0.00328896 0.0809373 0.0875152
586 0.0844828 0.00401054 0.0804723 0.0884934
587 0.0841835 0.00824414 0.0759393 0.0924276
588 0.084996 0.00845291 0.0765431 0.0934489
589 0.0861507 0.00739912 0.0787516 0.0935498
590 0.0846539 0.0039276 0.0807263 0.0885815
591 0.0888235 0.0103639 0.0784596 0.0991875
592 0.0883317 0.00413404 0.0841977 0.0924657
593 0.0912825 0.0150114 0.0762711 0.106294
594 0.0920737 0.0156676 0.0764061 0.107741
595 0.0932711 0.0149035 0.0783676 0.108175
596 0.0920095 0.013978 0.0780316 0.105987
597 0.091368 0.0141134 0.0772547 0.105481
598 0.0960508 0.0179637 0.0780872 0.114014
599 0.0929931 0.0152676 0.0777255 0.108261
600 0.0939767 0.0169152 0.0770615 0.110892
601 0.0957515 0.019869 0.0758825 0.11562
602 0.0932711 0.0167157 0.0765554 0.109987
603 0.0918598 0.0170443 0.0748155 0.108904
604 0.0922661 0.0168687 0.0753975 0.109135
605 0.0928648 0.0150369 0.0778279 0.107902
606 0.0908335 0.0148749 0.0759585 0.105708
607 0.0896147 0.0126288 0.0769859 0.102243
608 0.0947893 0.0195219 0.0752674 0.114311
609 0.088182 0.0104723 0.0777097 0.0986544
610 0.0879468 0.0119592 0.0759876 0.099906
611 0.0872198 0.0103342 0.0768856 0.097554
612 0.0871556 0.0102802 0.0768754 0.0974359
613 0.0898926 0.0136029 0.0762898 0.103496
614 0.0899568 0.0133817 0.0765751 0.103338
615 0.0900209 0.0109804 0.0790406 0.101001
616 0.0913039 0.0113875 0.0799164 0.102691
617 0.0898499 0.0124907 0.0773591 0.102341
618 0.090192 0.012919 0.077273 0.103111
619 0.0876261 0.0206282 0.0669979 0.108254
620 0.0829433 0.00401054 0.0789327 0.0869538
621 0.0815748 0.00334247 0.0782323 0.0849173
622 0.0840765 0.0138631 0.0702135 0.0979396
623 0.0827294 0.0049771 0.0777523 0.0877065
624 0.0811899 0.00317523 0.0780147 0.0843651
625 0.0884172 0.0185991 0.0698181 0.107016
626 0.0846111 0.0105043 0.0741068 0.0951154
627 0.0837131 0.0102982 0.0734148 0.0940113
628 0.0837558 0.0103385 0.0734173 0.0940943
629 0.0869204 0.0131637 0.0737568 0.100084
630 0.0836061 0.0104399 0.0731662 0.0940461
631 0.0831999 0.0103448 0.072855 0.0935447
632 0.0841193 0.0108779 0.0732414 0.0949973
633 0.0828578 0.010399 0.0724588 0.0932567
634 0.0885241 0.0167594 0.0717647 0.105284
635 0.0861079 0.0108368 0.0752711 0.0969447
636 0.0847394 0.0103376 0.0744018 0.095077
637 0.083991 0.0103138 0.0736772 0.0943048
638 0.0856589 0.0120747 0.0735841 0.0977336
639 0.085723 0.0133483 0.0723747 0.0990713
640 0.0868349 0.0125285 0.0743064 0.0993634
641 0.0861721 0.0125954 0.0735766 0.0987675
642 0.0865997 0.0246016 0.0619982 0.111201
643 0.0894436 0.036347 0.0530966 0.125791
644 0.0854023 0.0146424 0.0707599 0.100045
645 0.0872412 0.015897 0.0713442 0.103138
646 0.0833068 0.012119 0.0711878 0.0954258
647 0.0818741 0.0123016 0.0695725 0.0941757
648 0.0826225 0.0127263 0.0698963 0.0953488
649 0.08645 0.0158689 0.0705811 0.102319
650 0.0866639 0.020723 0.0659409 0.107387
651 0.0892939 0.0202874 0.0690065 0.109581
652 0.0863431 0.0161401 0.070203 0.102483
653 0.0924799 0.0200304 0.0724496 0.11251
654 0.0914963 0.019587 0.0719093 0.111083
655 0.087177 0.0159075 0.0712696 0.103085
656 0.0884172 0.0145866 0.0738307 0.103004
657 0.0843545 0.0136487 0.0707058 0.0980032
658 0.0811258 0.010084 0.0710418 0.0912097
659 0.0798428 0.0103162 0.0695266 0.090159
660 0.0795007 0.00995055 0.0695501 0.0894512
661 0.0875405 0.0276087 0.0599319 0.115149
662 0.0812327 0.0028156 0.0784171 0.0840483
663 0.0838413 0.0106729 0.0731685 0.0945142
664 0.086728 0.0145261 0.0722019 0.101254
665 0.0911542 0.0197982 0.071356 0.110952
666 0.0963716 0.0257621 0.0706095 0.122134
667 0.0898713 0.0135892 0.0762821 0.10346
668 0.0850602 0.0126948 0.0723653 0.097755
669 0.084825 0.012876 0.071949 0.097701
670 0.0825798 0.00958065 0.0729991 0.0921604
671 0.0848036 0.0130942 0.0717094 0.0978978
672 0.0814679 0.00430529 0.0771626 0.0857732
673 0.0758656 0.00277942 0.0730862 0.078645
674 0.0764002 0.00437853 0.0720217 0.0807787
675 0.0762933 0.00654518 0.0697481 0.0828384
676 0.075609 0.00321623 0.0723928 0.0788253
677 0.080527 0.0126949 0.0678321 0.093222
678 0.0764857 0.00416006 0.0723257 0.0806458
679 0.0765712 0.00397618 0.0725951 0.0805474
680 0.0783888 0.0125988 0.06579 0.0909875
681 0.0755876 0.00341017 0.0721775 0.0789978
682 0.0773624 0.00440482 0.0729576 0.0817673
683 0.0772769 0.00764544 0.0696314 0.0849223
684 0.0760581 0.0035272 0.0725309 0.0795853
685 0.0780252 0.00787796 0.0701473 0.0859032
686 0.0753097 0.00305375 0.0722559 0.0783634
687 0.0792227 0.0150446 0.0641782 0.0942673
688 0.0777901 0.0116859 0.0661042 0.0894759
689 0.0793082 0.0110459 0.0682623 0.0903541
690 0.0806767 0.0143702 0.0663065 0.0950469
691 0.0836917 0.0105528 0.0731389 0.0942445
692 0.0846967 0.0113979 0.0732987 0.0960946
693 0.0824942 0.0103514 0.0721428 0.0928457
694 0.0815748 0.00741566 0.0741591 0.0889905
695 0.0805484 0.00791362 0.0726348 0.088462
696 0.0799069 0.00315789 0.076749 0.0830648
697 0.0795434 0.00319166 0.0763518 0.0827351
698 0.0794151 0.00293838 0.0764767 0.0823535
699 0.0805271 0.00378201 0.076745 0.0843091
700 0.0792013 0.00318768 0.0760136 0.082389
701 0.0800352 0.0029883 0.077047 0.0830235
702 0.0830929 0.00999474 0.0730982 0.0930877
703 0.0813823 0.00936656 0.0720158 0.0907489
704 0.0859582 0.0105345 0.0754238 0.0964927
705 0.0845897 0.0175168 0.0670729 0.102107
706 0.0814251 0.00983639 0.0715887 0.0912615
707 0.0814893 0.00990779 0.0715815 0.091397
708 0.0839483 0.0104159 0.0735324 0.0943641
709 0.0800566 0.00345209 0.0766045 0.0835087
710 0.0803132 0.00636556 0.0739477 0.0866788
711 0.0807836 0.00544129 0.0753423 0.0862249
712 0.0799283 0.0101561 0.0697722 0.0900844
713 0.0769775 0.00664859 0.0703289 0.0836261
714 0.0783674 0.0146691 0.0636983 0.0930365
715 0.0780467 0.00952957 0.0685171 0.0875762
716 0.0780253 0.00938157 0.0686437 0.0874068
717 0.0798214 0.0112874 0.0685341 0.0911088
718 0.077619 0.00927178 0.0683472 0.0868908
719 0.0778542 0.00940591 0.0684483 0.0872601
720 0.0813182 0.0121293 0.0691889 0.0934475
721 0.0816175 0.0155905 0.0660271 0.097208
722 0.082815 0.0145265 0.0682884 0.0973415
723 0.0838841 0.0186504 0.0652337 0.102535
724 0.0808692 0.0124048 0.0684644 0.093274
725 0.0826439 0.0137455 0.0688984 0.0963894
726 0.0816389 0.0140267 0.0676122 0.0956656
727 0.0817031 0.0126816 0.0690215 0.0943846
728 0.0787951 0.0109389 0.0678561 0.089734
729 0.080356 0.00953568 0.0708203 0.0898917
730 0.0800139 0.0133657 0.0666482 0.0933796
731 0.0804201 0.0110683 0.0693518 0.0914884
732 0.0788806 0.00979078 0.0690898 0.0886714
733 0.077897 0.00908728 0.0688097 0.0869842
734 0.0764857 0.00371166 0.0727741 0.0801974
735 0.078346 0.00563237 0.0727136 0.0839784
736 0.0799711 0.010734 0.0692371 0.0907051
737 0.0794579 0.0101954 0.0692625 0.0896533
738 0.0794365 0.010192 0.0692445 0.0896286
739 0.080356 0.0104892 0.0698668 0.0908452
740 0.0803774 0.0120234 0.0683539 0.0924008
741 0.082259 0.0107436 0.0715154 0.0930026
742 0.0799497 0.00429036 0.0756593 0.0842401
743 0.0824301 0.00677513 0.075655 0.0892052
744 0.0851457 0.0150239 0.0701218 0.10017
745 0.080078 0.00406131 0.0760167 0.0841393
746 0.0831571 0.0115834 0.0715737 0.0947405
747 0.0794365 0.00346867 0.0759678 0.0829052
748 0.0819383 0.00860996 0.0733283 0.0905482
749 0.080527 0.00675922 0.0737678 0.0872863
750 0.0798 0.00343829 0.0763617 0.0832383
751 0.0805057 0.00686629 0.0736394 0.087372
752 0.0794152 0.00359609 0.0758191 0.0830112
753 0.0855092 0.0142174 0.0712918 0.0997266
754 0.0835634 0.0138294 0.069734 0.0973928
755 0.0871343 0.0188841 0.0682502 0.106018
756 0.0861934 0.0188786 0.0673149 0.105072
757 0.0879041 0.0181707 0.0697333 0.106075
758 0.0846325 0.0134849 0.0711476 0.0981174
759 0.0887807 0.0200703 0.0687105 0.108851
760 0.0796504 0.00376934 0.075881 0.0834197
761 0.0802704 0.00460815 0.0756623 0.0848786
762 0.0800139 0.00397028 0.0760436 0.0839842
763 0.0820452 0.0102157 0.0718295 0.0922609
764 0.0802277 0.00352495 0.0767027 0.0837526
765 0.0821094 0.0126877 0.0694217 0.094797
766 0.0797359 0.00957643 0.0701595 0.0893123
767 0.0792655 0.00929226 0.0699732 0.0885577
768 0.0811257 0.00966732 0.0714584 0.0907931
769 0.0807836 0.0107951 0.0699886 0.0915787
770 0.082537 0.0125259 0.0700111 0.0950629
771 0.0823446 0.0137412 0.0686033 0.0960858
772 0.0802918 0.0100765 0.0702153 0.0903683
773 0.0779184 0.00912175 0.0687966 0.0870401
774 0.0784101 0.00897183 0.0694383 0.087382
775 0.083264 0.0161945 0.0670695 0.0994585
776 0.0822804 0.0137485 0.0685319 0.0960289
777 0.0814251 0.0139924 0.0674327 0.0954176
778 0.0783674 0.0101037 0.0682637 0.0884711
779 0.0843118 0.0184235 0.0658883 0.102735
780 0.0862576 0.0182148 0.0680428 0.104472
781 0.0863859 0.0170403 0.0693456 0.103426
782 0.0895719 0.0224896 0.0670823 0.112062
783 0.0916032 0.019815 0.0717883 0.111418
784 0.0882248 0.0181499 0.0700749 0.106375
785 0.0952383 0.0226277 0.0726106 0.117866
786 0.0892939 0.0181421 0.0711518 0.107436
787 0.0850388 0.0148859 0.0701528 0.0999247
788 0.0865569 0.0195655 0.0669915 0.106122
789 0.0848677 0.0173795 0.0674882 0.102247
790 0.0857444 0.0171704 0.068574 0.102915
791 0.0857016 0.0148657 0.0708359 0.100567
792 0.0823446 0.0124824 0.0698622 0.094827
793 0.0813182 0.0141315 0.0671867 0.0954497
794 0.0845256 0.015998 0.0685276 0.100524
795 0.0867708 0.0132627 0.0735081 0.100033
796 0.0824301 0.0135194 0.0689107 0.0959495
797 0.0827936 0.0136504 0.0691432 0.096444
798 0.0809547 0.0127704 0.0681843 0.0937251
799 0.0830502 0.0124046 0.0706456 0.0954548
