# ../output/graphs/perf_parallel94BIPED_thread3
# step - mean (0.108849) - standard deviation (0.0134919) r=20 - ylow - yhigh
0 0.124485 0.0397981 0.0846866 0.164283
1 0.115401 0.00591203 0.109489 0.121313
2 0.119035 0.0122242 0.10681 0.131259
3 0.114245 0.0045832 0.109662 0.118828
4 0.116662 0.00727697 0.109385 0.123939
5 0.111993 0.00484339 0.107149 0.116836
6 0.112984 0.00669441 0.106289 0.119678
7 0.106678 0.00321446 0.103463 0.109892
8 0.111002 0.0141838 0.096818 0.125186
9 0.1089 0.00552831 0.103371 0.114428
10 0.10905 0.00596682 0.103083 0.115017
11 0.110972 0.0096474 0.101324 0.120619
12 0.107098 0.00464747 0.102451 0.111746
13 0.111452 0.00977221 0.10168 0.121224
14 0.107053 0.00503242 0.102021 0.112085
15 0.108599 0.00647279 0.102127 0.115072
16 0.110792 0.0119285 0.0988631 0.12272
17 0.110356 0.00752732 0.102829 0.117884
18 0.108645 0.00532503 0.10332 0.11397
19 0.107669 0.00600238 0.101666 0.113671
20 0.106873 0.00295887 0.103914 0.109832
21 0.107278 0.00485956 0.102419 0.112138
22 0.109425 0.0115599 0.0978654 0.120985
23 0.103374 0.00248329 0.100891 0.105858
24 0.108765 0.0126131 0.0961516 0.121378
25 0.104516 0.00428738 0.100228 0.108803
26 0.107083 0.0108829 0.0962001 0.117966
27 0.107338 0.0101489 0.0971894 0.117487
28 0.105912 0.00575905 0.100153 0.111671
29 0.104501 0.00393138 0.100569 0.108432
30 0.106422 0.00856608 0.0978563 0.114988
31 0.106137 0.0100928 0.0960443 0.11623
32 0.106452 0.00599338 0.100459 0.112446
33 0.104636 0.00453573 0.1001 0.109171
34 0.113314 0.0079337 0.10538 0.121248
35 0.113149 0.00174219 0.111407 0.114891
36 0.115056 0.00794562 0.10711 0.123001
37 0.120776 0.0207792 0.099997 0.141555
38 0.115791 0.00944427 0.106347 0.125236
39 0.116812 0.00679543 0.110017 0.123608
40 0.117353 0.0106476 0.106705 0.128001
41 0.117023 0.0117896 0.105233 0.128812
42 0.115221 0.00594549 0.109275 0.121166
43 0.117188 0.0149521 0.102236 0.13214
44 0.116422 0.00937079 0.107051 0.125793
45 0.112443 0.00216432 0.110279 0.114608
46 0.112563 0.0040492 0.108514 0.116613
47 0.116317 0.00917641 0.107141 0.125493
48 0.119485 0.0176918 0.101793 0.137177
49 0.115161 0.00886209 0.106299 0.124023
50 0.115401 0.00645384 0.108947 0.121855
51 0.117128 0.0107985 0.106329 0.127926
52 0.113825 0.00523182 0.108593 0.119056
53 0.114215 0.00686623 0.107349 0.121081
54 0.112608 0.00195072 0.110658 0.114559
55 0.113344 0.00327367 0.11007 0.116618
56 0.115942 0.00786556 0.108076 0.123807
57 0.116782 0.00746017 0.109322 0.124243
58 0.115071 0.00885552 0.106215 0.123926
59 0.133433 0.0675235 0.0659099 0.200957
60 0.114951 0.00628716 0.108663 0.121238
61 0.113449 0.00477034 0.108679 0.11822
62 0.116197 0.00985088 0.106346 0.126048
63 0.113885 0.00337858 0.110506 0.117263
64 0.121572 0.0241991 0.0973728 0.145771
65 0.11441 0.00772624 0.106684 0.122136
66 0.112143 0.00139392 0.110749 0.113537
67 0.115731 0.0100659 0.105665 0.125797
68 0.11399 0.00560858 0.108381 0.119598
69 0.136782 0.0820861 0.0546955 0.218868
70 0.116827 0.00964132 0.107186 0.126469
71 0.117563 0.0100336 0.107529 0.127597
72 0.115191 0.00860651 0.106584 0.123797
73 0.11387 0.00434081 0.109529 0.11821
74 0.119515 0.0121322 0.107383 0.131647
75 0.115581 0.00728156 0.1083 0.122863
76 0.114936 0.00638273 0.108553 0.121318
77 0.11432 0.00451743 0.109803 0.118837
78 0.113704 0.00513509 0.108569 0.11884
79 0.115311 0.00860892 0.106702 0.12392
80 0.112638 0.00140496 0.111233 0.114043
81 0.11387 0.00590707 0.107962 0.119777
82 0.116407 0.00854019 0.107867 0.124947
83 0.118269 0.0109411 0.107328 0.12921
84 0.113314 0.00327752 0.110037 0.116592
85 0.115897 0.0112584 0.104638 0.127155
86 0.114305 0.0090263 0.105279 0.123331
87 0.112503 0.00475109 0.107752 0.117254
88 0.115671 0.00800967 0.107662 0.123681
89 0.11423 0.00619455 0.108035 0.120424
90 0.115791 0.0076526 0.108139 0.123444
91 0.115461 0.00569085 0.10977 0.121152
92 0.115131 0.00985634 0.105274 0.124987
93 0.115716 0.0100075 0.105709 0.125724
94 0.112428 0.00258563 0.109843 0.115014
95 0.115701 0.00884508 0.106856 0.124546
96 0.117368 0.00973709 0.107631 0.127105
97 0.119395 0.0161533 0.103242 0.135548
98 0.111918 0.00663978 0.105278 0.118557
99 0.114335 0.0102446 0.10409 0.12458
100 0.11432 0.0121804 0.10214 0.1265
101 0.109771 0.0050306 0.10474 0.114801
102 0.115506 0.0153527 0.100153 0.130859
103 0.111978 0.00994537 0.102032 0.121923
104 0.114455 0.0079779 0.106477 0.122433
105 0.11384 0.00755685 0.106283 0.121396
106 0.117458 0.0113656 0.106092 0.128824
107 0.112819 0.00451743 0.108301 0.117336
108 0.112428 0.00761776 0.10481 0.120046
109 0.114065 0.013576 0.100489 0.127641
110 0.111918 0.00963881 0.102279 0.121556
111 0.113764 0.0111812 0.102583 0.124946
112 0.115506 0.00555516 0.109951 0.121061
113 0.1148 0.00443585 0.110365 0.119236
114 0.115566 0.0107536 0.104813 0.12632
115 0.113825 0.0050485 0.108776 0.118873
116 0.11432 0.00704759 0.107272 0.121368
117 0.115761 0.00930436 0.106457 0.125066
118 0.117248 0.00924406 0.108004 0.126492
119 0.117293 0.0223308 0.0949621 0.139624
120 0.113329 0.00476069 0.108568 0.11809
121 0.115882 0.00848597 0.107396 0.124367
122 0.112083 0.00397911 0.108104 0.116062
123 0.11447 0.00805234 0.106418 0.122522
124 0.114891 0.00756132 0.107329 0.122452
125 0.117053 0.00907131 0.107981 0.126124
126 0.112758 0.00309239 0.109666 0.115851
127 0.118674 0.0114219 0.107252 0.130096
128 0.118944 0.00802839 0.110916 0.126973
129 0.114215 0.00444009 0.109775 0.118655
130 0.117143 0.0118749 0.105268 0.129018
131 0.117398 0.0167572 0.100641 0.134155
132 0.111437 0.00337862 0.108059 0.114816
133 0.112578 0.00427414 0.108304 0.116852
134 0.117758 0.0121163 0.105642 0.129875
135 0.118074 0.0167782 0.101295 0.134852
136 0.112008 0.00313511 0.108873 0.115143
137 0.111167 0.00284816 0.108319 0.114015
138 0.113584 0.00851089 0.105073 0.122095
139 0.113179 0.00577375 0.107405 0.118953
140 0.110071 0.00231335 0.107758 0.112384
141 0.114996 0.00909854 0.105897 0.124094
142 0.110837 0.00319056 0.107646 0.114027
143 0.13007 0.0830418 0.0470283 0.213112
144 0.116482 0.0132304 0.103252 0.129712
145 0.111707 0.00594921 0.105758 0.117657
146 0.111197 0.00301353 0.108183 0.114211
147 0.117248 0.0161664 0.101081 0.133414
148 0.116227 0.0127785 0.103448 0.129005
149 0.112248 0.00359043 0.108658 0.115838
150 0.115671 0.00835516 0.107316 0.124026
151 0.113719 0.0062125 0.107507 0.119932
152 0.114876 0.00858662 0.106289 0.123462
153 0.112548 0.00448889 0.108059 0.117037
154 0.118104 0.0168804 0.101223 0.134984
155 0.11465 0.0111648 0.103486 0.125815
156 0.113389 0.00743505 0.105954 0.120824
157 0.116482 0.011717 0.104765 0.128199
158 0.112758 0.00524131 0.107517 0.118
159 0.111963 0.0022776 0.109685 0.11424
160 0.116542 0.00939952 0.107143 0.125942
161 0.115566 0.0121783 0.103388 0.127744
162 0.114065 0.00806782 0.105997 0.122133
163 0.111858 0.00169204 0.110166 0.11355
164 0.11402 0.00837268 0.105647 0.122392
165 0.112338 0.00423493 0.108103 0.116573
166 0.112698 0.00349821 0.1092 0.116197
167 0.116422 0.00821887 0.108203 0.124641
168 0.112548 0.00486023 0.107688 0.117409
169 0.113855 0.00693744 0.106917 0.120792
170 0.111948 0.00273015 0.109218 0.114678
171 0.112173 0.00454368 0.107629 0.116717
172 0.113374 0.00573974 0.107634 0.119114
173 0.112608 0.00548716 0.107121 0.118096
174 0.111753 0.00278521 0.108967 0.114538
175 0.11408 0.00565381 0.108426 0.119734
176 0.113509 0.00623054 0.107279 0.11974
177 0.113479 0.0067927 0.106686 0.120272
178 0.112819 0.00444296 0.108376 0.117262
179 0.115897 0.0118351 0.104061 0.127732
180 0.112218 0.00463565 0.107582 0.116854
181 0.11387 0.0055538 0.108316 0.119423
182 0.112774 0.00555208 0.107221 0.118326
183 0.114695 0.00654635 0.108149 0.121242
184 0.113614 0.00937232 0.104242 0.122987
185 0.112443 0.00485269 0.107591 0.117296
186 0.112473 0.00463115 0.107842 0.117104
187 0.114665 0.00619154 0.108474 0.120857
188 0.112323 0.00347022 0.108853 0.115793
189 0.113764 0.00868779 0.105077 0.122452
190 0.114921 0.00910629 0.105814 0.124027
191 0.117593 0.01518 0.102413 0.132773
192 0.111722 0.00179791 0.109925 0.11352
193 0.117053 0.0101933 0.106859 0.127246
194 0.112248 0.00475804 0.10749 0.117006
195 0.113434 0.0061408 0.107293 0.119575
196 0.116467 0.00676235 0.109705 0.123229
197 0.113479 0.00225297 0.111226 0.115732
198 0.112834 0.00752934 0.105304 0.120363
199 0.106843 0.00286394 0.103979 0.109707
200 0.106978 0.00663555 0.100342 0.113613
201 0.107849 0.00388787 0.103961 0.111737
202 0.108329 0.00615034 0.102179 0.11448
203 0.106798 0.00440441 0.102393 0.111202
204 0.105972 0.00310607 0.102866 0.109078
205 0.106888 0.00457729 0.102311 0.111465
206 0.109095 0.0104499 0.098645 0.119545
207 0.10908 0.00954327 0.0995367 0.118623
208 0.107503 0.00515851 0.102345 0.112662
209 0.108449 0.00794051 0.100509 0.11639
210 0.109545 0.00998324 0.0995622 0.119529
211 0.108449 0.0061028 0.102347 0.114552
212 0.107744 0.00451393 0.10323 0.112258
213 0.110792 0.0128815 0.0979101 0.123673
214 0.106963 0.00503251 0.10193 0.111995
215 0.104936 0.00104661 0.103889 0.105983
216 0.105476 0.00290191 0.102575 0.108378
217 0.108419 0.00592298 0.102496 0.114342
218 0.110521 0.01076 0.0997613 0.121281
219 0.105206 0.00750859 0.0976976 0.112715
220 0.102759 0.00241093 0.100348 0.10517
221 0.10408 0.00475501 0.0993251 0.108835
222 0.107083 0.0104397 0.0966433 0.117523
223 0.10384 0.0070152 0.0968247 0.110855
224 0.106032 0.00721125 0.0988208 0.113243
225 0.104591 0.00441343 0.100177 0.109004
226 0.107218 0.00804162 0.0991765 0.11526
227 0.105612 0.00752048 0.0980911 0.113132
228 0.106077 0.00633024 0.0997468 0.112407
229 0.108975 0.0164823 0.0924926 0.125457
230 0.107458 0.0107608 0.0966976 0.118219
231 0.112473 0.00800903 0.104464 0.120482
232 0.120086 0.0418267 0.0782589 0.161912
233 0.113539 0.010185 0.103354 0.123724
234 0.109756 0.00418954 0.105566 0.113945
235 0.110281 0.00690787 0.103373 0.117189
236 0.115957 0.0309883 0.0849682 0.146945
237 0.112713 0.0106673 0.102046 0.123381
238 0.112653 0.0105205 0.102133 0.123174
239 0.109966 0.00695388 0.103012 0.11692
240 0.10905 0.00547257 0.103577 0.114523
241 0.110281 0.00986387 0.100417 0.120145
242 0.108194 0.00754263 0.100651 0.115737
243 0.110687 0.0116964 0.0989901 0.122383
244 0.107819 0.0031069 0.104712 0.110926
245 0.110446 0.00864999 0.101796 0.119096
246 0.10896 0.00441769 0.104542 0.113378
247 0.112789 0.0111792 0.101609 0.123968
248 0.110942 0.0102993 0.100642 0.121241
249 0.110461 0.00937906 0.101082 0.11984
250 0.108449 0.00286972 0.10558 0.111319
251 0.109485 0.00772122 0.101764 0.117207
252 0.107443 0.00245173 0.104992 0.109895
253 0.135625 0.109584 0.0260414 0.24521
254 0.110747 0.00979448 0.100952 0.120541
255 0.10962 0.0057898 0.103831 0.11541
256 0.113029 0.0115165 0.101512 0.124545
257 0.111167 0.0105613 0.100606 0.121728
258 0.108765 0.00280187 0.105963 0.111567
259 0.110912 0.00912764 0.101784 0.120039
260 0.110371 0.00693432 0.103437 0.117306
261 0.111062 0.0115571 0.0995047 0.122619
262 0.10932 0.00488694 0.104433 0.114207
263 0.110626 0.0106242 0.100002 0.121251
264 0.108975 0.0046568 0.104318 0.113632
265 0.113284 0.00968583 0.103598 0.12297
266 0.112173 0.00859555 0.103577 0.120768
267 0.111707 0.0127133 0.0989942 0.124421
268 0.10887 0.00277256 0.106097 0.111642
269 0.110461 0.00666227 0.103799 0.117124
270 0.112023 0.0129913 0.0990315 0.125014
271 0.113674 0.0104828 0.103192 0.124157
272 0.115446 0.0148266 0.100619 0.130273
273 0.109681 0.00457177 0.105109 0.114252
274 0.110822 0.00550396 0.105318 0.116326
275 0.113734 0.00803399 0.1057 0.121768
276 0.110882 0.00784834 0.103033 0.11873
277 0.112548 0.00921432 0.103334 0.121763
278 0.105657 0.0049582 0.100698 0.110615
279 0.10908 0.00946119 0.0996188 0.118541
280 0.108344 0.00854986 0.0997944 0.116894
281 0.108344 0.00676257 0.101582 0.115107
282 0.107038 0.00764026 0.0993977 0.114678
283 0.134439 0.119469 0.0149699 0.253909
284 0.107263 0.0103164 0.0969468 0.11758
285 0.105612 0.00692497 0.0986867 0.112537
286 0.105687 0.00652358 0.0991631 0.11221
287 0.106858 0.00694134 0.0999165 0.113799
288 0.107413 0.00682595 0.100587 0.114239
289 0.107909 0.00970926 0.0981996 0.117618
290 0.112413 0.0158268 0.0965864 0.12824
291 0.109635 0.011854 0.0977815 0.121489
292 0.105371 0.00463643 0.100735 0.110008
293 0.105386 0.00354986 0.101837 0.108936
294 0.106543 0.00970105 0.0968415 0.116244
295 0.103705 0.00607317 0.0976316 0.109778
296 0.107293 0.0127289 0.0945644 0.120022
297 0.105386 0.00429053 0.101096 0.109677
298 0.107278 0.00529299 0.101985 0.112571
299 0.1095 0.00904427 0.100456 0.118545
300 0.106873 0.00573222 0.101141 0.112605
301 0.11432 0.0345586 0.0797614 0.148879
302 0.109711 0.00899779 0.100713 0.118708
303 0.107293 0.00747659 0.0998166 0.11477
304 0.1092 0.00987594 0.0993241 0.119076
305 0.105942 0.00300529 0.102937 0.108947
306 0.106482 0.00419374 0.102289 0.110676
307 0.10899 0.00682553 0.102164 0.115815
308 0.113644 0.00553011 0.108114 0.119174
309 0.112909 0.00670458 0.106204 0.119613
310 0.111392 0.0045198 0.106872 0.115912
311 0.110071 0.00764439 0.102427 0.117715
312 0.116948 0.0171245 0.099823 0.134072
313 0.109801 0.00613889 0.103662 0.11594
314 0.110371 0.0059896 0.104382 0.116361
315 0.112458 0.00884732 0.103611 0.121306
316 0.110987 0.00621924 0.104768 0.117206
317 0.111903 0.00766959 0.104233 0.119572
318 0.112804 0.0121827 0.100621 0.124986
319 0.110371 0.0106961 0.0996751 0.121067
320 0.107563 0.00834328 0.0992202 0.115907
321 0.10438 0.0063242 0.0980562 0.110705
322 0.111257 0.0227435 0.0885136 0.134001
323 0.109681 0.00870417 0.100976 0.118385
324 0.10357 0.0048354 0.0987343 0.108405
325 0.110446 0.0235492 0.0868971 0.133995
326 0.103915 0.00252578 0.101389 0.106441
327 0.111212 0.0149408 0.0962712 0.126153
328 0.108179 0.0164549 0.0917242 0.124634
329 0.104155 0.00575527 0.0983999 0.10991
330 0.104846 0.00647001 0.0983759 0.111316
331 0.105101 0.00612398 0.0989771 0.111225
332 0.104921 0.00615365 0.0987673 0.111075
333 0.106377 0.0093678 0.0970096 0.115745
334 0.10432 0.00721156 0.0971088 0.111532
335 0.104215 0.00772302 0.0964923 0.111938
336 0.105461 0.010982 0.0944795 0.116443
337 0.102744 0.00238588 0.100358 0.10513
338 0.105642 0.00846719 0.0971745 0.114109
339 0.105266 0.00661963 0.0986467 0.111886
340 0.10426 0.00708427 0.097176 0.111345
341 0.104741 0.00733443 0.0974064 0.112075
342 0.105296 0.00596531 0.099331 0.111262
343 0.103284 0.00439026 0.0988941 0.107675
344 0.101558 0.00110578 0.100452 0.102663
345 0.10914 0.0136628 0.0954772 0.122803
346 0.111332 0.024678 0.0866541 0.13601
347 0.104951 0.00793383 0.0970172 0.112885
348 0.105852 0.00856297 0.0972889 0.114415
349 0.109065 0.0124076 0.0966573 0.121473
350 0.102414 0.00238626 0.100027 0.1048
351 0.105041 0.00892449 0.0961166 0.113966
352 0.105807 0.00590911 0.0998977 0.111716
353 0.103825 0.00940047 0.0944244 0.113225
354 0.106843 0.00803776 0.098805 0.114881
355 0.106903 0.010126 0.0967768 0.117029
356 0.108765 0.0210574 0.0877072 0.129822
357 0.106212 0.0126118 0.0936004 0.118824
358 0.103404 0.00331989 0.100085 0.106724
359 0.104861 0.00955212 0.0953088 0.114413
360 0.108149 0.0101648 0.0979843 0.118314
361 0.104546 0.00580209 0.0987435 0.110348
362 0.106512 0.00981587 0.0966966 0.116328
363 0.103299 0.00214449 0.101155 0.105444
364 0.105522 0.00606361 0.0994579 0.111585
365 0.104936 0.00451081 0.100425 0.109447
366 0.10351 0.00209579 0.101414 0.105605
367 0.10441 0.00376393 0.100647 0.108174
368 0.104921 0.00887627 0.0960447 0.113797
369 0.107368 0.00941082 0.0979575 0.116779
370 0.107233 0.00865327 0.0985799 0.115886
371 0.105371 0.00816924 0.0972021 0.113541
372 0.105011 0.0053356 0.0996754 0.110347
373 0.106828 0.00797372 0.0988541 0.114802
374 0.103059 0.00148817 0.101571 0.104547
375 0.104606 0.00509985 0.0995058 0.109706
376 0.105537 0.00721036 0.0983262 0.112747
377 0.10417 0.00319197 0.100978 0.107362
378 0.105296 0.00868156 0.0966148 0.113978
379 0.105371 0.00974709 0.0956243 0.115118
380 0.104065 0.00434483 0.0997203 0.10841
381 0.109185 0.0100708 0.0991142 0.119256
382 0.10387 0.00451024 0.0993597 0.10838
383 0.105972 0.00540679 0.100565 0.111379
384 0.107308 0.00627688 0.101031 0.113585
385 0.105056 0.0040492 0.101007 0.109105
386 0.109245 0.00831893 0.100926 0.117564
387 0.105386 0.00626912 0.0991173 0.111656
388 0.105942 0.00661222 0.0993297 0.112554
389 0.108599 0.0112118 0.0973877 0.119811
390 0.106317 0.00748766 0.0988296 0.113805
391 0.103344 0.00229927 0.101045 0.105644
392 0.107579 0.00696831 0.10061 0.114547
393 0.10917 0.0122603 0.0969098 0.12143
394 0.104305 0.00526686 0.0990385 0.109572
395 0.101993 0.00289942 0.0990937 0.104893
396 0.107353 0.00451084 0.102842 0.111864
397 0.106347 0.00430606 0.102041 0.110653
398 0.106482 0.00471406 0.101768 0.111197
399 0.112308 0.0190135 0.0932945 0.131322
400 0.106167 0.00328329 0.102884 0.10945
401 0.107954 0.0101844 0.0977695 0.118138
402 0.10959 0.00728253 0.102308 0.116873
403 0.105972 0.00276673 0.103205 0.108739
404 0.106347 0.00334829 0.102999 0.109696
405 0.107203 0.00572364 0.10148 0.112927
406 0.108404 0.0111552 0.0972491 0.11956
407 0.106528 0.00634021 0.100187 0.112868
408 0.107248 0.00565252 0.101596 0.112901
409 0.111692 0.0126191 0.0990734 0.124312
410 0.1036 0.00615629 0.0974434 0.109756
411 0.105957 0.0132387 0.0927182 0.119196
412 0.102654 0.00779727 0.0948565 0.110451
413 0.106963 0.0136836 0.0932793 0.120647
414 0.103795 0.00501696 0.0987779 0.108812
415 0.101242 0.004099 0.0971434 0.105341
416 0.101257 0.00748714 0.0937703 0.108745
417 0.103254 0.0161873 0.0870671 0.119442
418 0.101197 0.0102288 0.0909686 0.111426
419 0.104335 0.0133341 0.0910013 0.11767
420 0.0999962 0.00616653 0.0938297 0.106163
421 0.0989302 0.00447065 0.0944595 0.103401
422 0.118209 0.0639316 0.0542771 0.18214
423 0.0990353 0.00453685 0.0944984 0.103572
424 0.101603 0.00832796 0.0932748 0.109931
425 0.100807 0.00599383 0.0948132 0.106801
426 0.0978942 0.00238536 0.0955088 0.10028
427 0.105552 0.00518336 0.100368 0.110735
428 0.108524 0.014357 0.0941675 0.122881
429 0.108795 0.012045 0.0967497 0.12084
430 0.104981 0.0057491 0.0992319 0.11073
431 0.106813 0.00914531 0.0976675 0.115958
432 0.110566 0.0120159 0.0985505 0.122582
433 0.104531 0.00395527 0.100575 0.108486
434 0.108584 0.0106276 0.0979569 0.119212
435 0.107864 0.0132324 0.0946314 0.121096
436 0.106648 0.00958636 0.0970613 0.116234
437 0.104666 0.00482099 0.0998447 0.109487
438 0.101002 0.000645971 0.100356 0.101648
439 0.109245 0.0221104 0.0871347 0.131356
440 0.104335 0.0101773 0.0941581 0.114513
441 0.105371 0.00911559 0.0962558 0.114487
442 0.103465 0.0076603 0.0958043 0.111125
443 0.10429 0.00435998 0.0999304 0.10865
444 0.105672 0.00789874 0.0977729 0.11357
445 0.107488 0.00865357 0.0988349 0.116142
446 0.117158 0.0587625 0.0583952 0.17592
447 0.107323 0.00909206 0.0982312 0.116415
448 0.111347 0.0127842 0.0985629 0.124131
449 0.105882 0.00984994 0.0960319 0.115732
450 0.110026 0.00798249 0.102043 0.118008
451 0.107909 0.00462413 0.103285 0.112533
452 0.110386 0.00932609 0.10106 0.119712
453 0.11465 0.0136632 0.100987 0.128313
454 0.111692 0.00822511 0.103467 0.119918
455 0.109726 0.00361271 0.106113 0.113338
456 0.110491 0.0106187 0.0998726 0.12111
457 0.109305 0.00468682 0.104618 0.113992
458 0.105131 0.00729949 0.0978317 0.112431
459 0.109365 0.0128531 0.0965121 0.122218
460 0.108479 0.00896948 0.0995099 0.117449
461 0.105942 0.00812203 0.0978199 0.114064
462 0.107248 0.00779033 0.0994579 0.115039
463 0.1042 0.00328813 0.100912 0.107488
464 0.108239 0.00967027 0.0985689 0.117909
465 0.104726 0.00456782 0.100158 0.109294
466 0.108179 0.0136454 0.0945337 0.121825
467 0.108404 0.00951731 0.098887 0.117922
468 0.109095 0.0104089 0.0986861 0.119504
469 0.104741 0.00309982 0.101641 0.107841
470 0.105942 0.00804842 0.0978935 0.11399
471 0.10387 0.00155136 0.102319 0.105421
472 0.103705 0.00203284 0.101672 0.105738
473 0.117969 0.0324556 0.0855129 0.150424
474 0.104786 0.00683015 0.0979557 0.111616
475 0.107128 0.00923645 0.0978916 0.116365
476 0.107248 0.00661882 0.100629 0.113867
477 0.110326 0.0168147 0.0935115 0.127141
478 0.107083 0.0105872 0.0964958 0.11767
479 0.104981 0.00353959 0.101441 0.108521
480 0.106603 0.00509342 0.101509 0.111696
481 0.105957 0.00321081 0.102746 0.109168
482 0.10444 0.0019705 0.10247 0.106411
483 0.104981 0.00299447 0.101987 0.107975
484 0.108554 0.00905186 0.0995026 0.117606
485 0.110461 0.0113417 0.0991196 0.121803
486 0.110551 0.0120289 0.0985225 0.12258
487 0.107023 0.00516933 0.101854 0.112192
488 0.116302 0.0249854 0.0913165 0.141287
489 0.108419 0.0137906 0.0946287 0.12221
490 0.105176 0.0033719 0.101804 0.108548
491 0.106092 0.0138957 0.0921964 0.119988
492 0.106603 0.0122693 0.0943333 0.118872
493 0.104861 0.00151519 0.103346 0.106376
494 0.106558 0.00607466 0.100483 0.112632
495 0.106497 0.00661405 0.0998834 0.113112
496 0.104966 0.00224811 0.102718 0.107214
497 0.10935 0.00979618 0.099554 0.119146
498 0.108434 0.00749454 0.10094 0.115929
499 0.105507 0.00150227 0.104004 0.107009
500 0.107113 0.00401771 0.103095 0.111131
501 0.108074 0.00714909 0.100925 0.115223
502 0.106948 0.00765075 0.0992972 0.114599
503 0.107954 0.00575075 0.102203 0.113705
504 0.105792 0.00256584 0.103226 0.108358
505 0.114095 0.00649032 0.107604 0.120585
506 0.117473 0.0143624 0.103111 0.131835
507 0.108254 0.00310404 0.10515 0.111358
508 0.111587 0.00861542 0.102972 0.120203
509 0.111137 0.00613053 0.105006 0.117267
510 0.110852 0.0103211 0.100531 0.121173
511 0.107789 0.00307041 0.104718 0.110859
512 0.117683 0.0191793 0.098504 0.136862
513 0.110086 0.00940648 0.100679 0.119492
514 0.112578 0.0102481 0.10233 0.122826
515 0.110206 0.014315 0.095891 0.124521
516 0.104696 0.00577561 0.0989201 0.110471
517 0.107609 0.013306 0.0943026 0.120915
518 0.104546 0.00467552 0.0998701 0.109221
519 0.104005 0.0046678 0.0993373 0.108673
520 0.103675 0.00322287 0.100452 0.106898
521 0.10345 0.00164063 0.101809 0.10509
522 0.103374 0.00325765 0.100117 0.106632
523 0.103074 0.00285334 0.100221 0.105928
524 0.104726 0.00660217 0.0981236 0.111328
525 0.102924 0.00422851 0.0986955 0.107153
526 0.104936 0.00764911 0.0972869 0.112585
527 0.107128 0.0090918 0.0980363 0.11622
528 0.102504 0.00135388 0.10115 0.103858
529 0.102969 0.00325492 0.0997142 0.106224
530 0.104035 0.00619969 0.0978354 0.110235
531 0.107398 0.011859 0.0955393 0.119257
532 0.105642 0.0135475 0.0920941 0.119189
533 0.104395 0.00503401 0.0993614 0.109429
534 0.104726 0.00734074 0.097385 0.112067
535 0.105627 0.0112682 0.0943584 0.116895
536 0.103044 0.00252363 0.100521 0.105568
537 0.106543 0.0112709 0.0952716 0.117813
538 0.10387 0.00462377 0.0992462 0.108494
539 0.10432 0.00627122 0.0980492 0.110592
540 0.106543 0.00840681 0.0981357 0.114949
541 0.104831 0.00605207 0.0987788 0.110883
542 0.102834 0.00261523 0.100219 0.105449
543 0.10435 0.00505298 0.0992974 0.109403
544 0.106002 0.00669651 0.0993055 0.112699
545 0.103525 0.00283113 0.100693 0.106356
546 0.104951 0.00952938 0.0954216 0.11448
547 0.1036 0.00503734 0.0985623 0.108637
548 0.10396 0.005807 0.098153 0.109767
549 0.107008 0.0116252 0.0953828 0.118633
550 0.106783 0.00720718 0.0995756 0.11399
551 0.104531 0.00477157 0.099759 0.109302
552 0.103314 0.00289195 0.100422 0.106206
553 0.10866 0.0149712 0.0936883 0.123631
554 0.111692 0.0177987 0.0938938 0.129491
555 0.106512 0.00936887 0.0971436 0.115881
556 0.104065 0.00429474 0.0997704 0.10836
557 0.103555 0.00416014 0.0993945 0.107715
558 0.106588 0.0119164 0.0946712 0.118504
559 0.108855 0.0138053 0.0950494 0.12266
560 0.10872 0.0112996 0.09742 0.120019
561 0.104185 0.00477022 0.099415 0.108955
562 0.105777 0.0102124 0.0955644 0.115989
563 0.1036 0.00462971 0.09897 0.108229
564 0.104801 0.00601628 0.0987846 0.110817
565 0.10393 0.00431926 0.0996107 0.108249
566 0.107518 0.011542 0.0959765 0.11906
567 0.105537 0.00992021 0.0956163 0.115457
568 0.103374 0.00298916 0.100385 0.106364
569 0.105912 0.0118939 0.094018 0.117806
570 0.104275 0.00418348 0.100092 0.108459
571 0.105672 0.00619564 0.099476 0.111867
572 0.106002 0.00878416 0.0972178 0.114786
573 0.104215 0.00439949 0.0998158 0.108615
574 0.105386 0.00579291 0.0995935 0.111179
575 0.106768 0.0105377 0.09623 0.117305
576 0.110942 0.0107277 0.100214 0.121669
577 0.104576 0.0042878 0.100288 0.108863
578 0.105266 0.00787678 0.0973895 0.113143
579 0.107203 0.0135093 0.0936938 0.120712
580 0.106332 0.0069105 0.0994218 0.113243
581 0.107128 0.00784604 0.099282 0.114974
582 0.105717 0.00581854 0.0998982 0.111535
583 0.105732 0.00419213 0.10154 0.109924
584 0.105431 0.00878308 0.0966484 0.114215
585 0.108615 0.0210483 0.0875662 0.129663
586 0.107398 0.0127873 0.0946111 0.120186
587 0.105206 0.00420863 0.100998 0.109415
588 0.107984 0.0109794 0.0970045 0.118963
589 0.110792 0.0155732 0.0952184 0.126365
590 0.106422 0.00474931 0.101673 0.111172
591 0.103585 0.0050681 0.0985166 0.108653
592 0.106002 0.0149739 0.0910281 0.120976
593 0.108479 0.00766053 0.100819 0.11614
594 0.107594 0.00574416 0.101849 0.113338
595 0.107548 0.00509455 0.102454 0.112643
596 0.108479 0.00736711 0.101112 0.115846
597 0.105807 0.00429872 0.101508 0.110106
598 0.105507 0.00303169 0.102475 0.108538
599 0.107834 0.00554592 0.102288 0.11338
600 0.10953 0.0080927 0.101438 0.117623
601 0.105311 0.00158926 0.103722 0.106901
602 0.105341 0.00331081 0.102031 0.108652
603 0.108554 0.00519639 0.103358 0.113751
604 0.111422 0.0208426 0.0905796 0.132265
605 0.109455 0.0115506 0.0979047 0.121006
606 0.106302 0.00361471 0.102688 0.109917
607 0.101333 0.00245517 0.0988773 0.103788
608 0.102804 0.00433632 0.0984676 0.10714
609 0.104095 0.00607985 0.0980153 0.110175
610 0.102684 0.00457729 0.0981065 0.107261
611 0.102158 0.00385213 0.0983062 0.10601
612 0.102429 0.0089971 0.0934315 0.111426
613 0.099771 0.00449017 0.0952808 0.104261
614 0.0991854 0.00416753 0.0950179 0.103353
615 0.101287 0.0136488 0.0876386 0.114936
616 0.100251 0.00555516 0.0946963 0.105807
617 0.100597 0.00988083 0.090716 0.110478
618 0.0991404 0.00467359 0.0944668 0.103814
619 0.101438 0.00963998 0.0917976 0.111078
620 0.102308 0.0142313 0.0880771 0.11654
621 0.0998461 0.00538138 0.0944647 0.105227
622 0.0996509 0.00596077 0.0936901 0.105612
623 0.104516 0.00312138 0.101394 0.107637
624 0.107954 0.0111873 0.0967665 0.119141
625 0.104546 0.00531882 0.0992268 0.109864
626 0.10438 0.00740588 0.0969746 0.111786
627 0.111122 0.0134998 0.0976221 0.124622
628 0.10372 0.00426939 0.0994504 0.107989
629 0.103344 0.00271969 0.100625 0.106064
630 0.106002 0.00924919 0.0967528 0.115251
631 0.103359 0.00425055 0.0991089 0.10761
632 0.106918 0.0115478 0.09537 0.118466
633 0.104095 0.00691205 0.0971831 0.111007
634 0.105537 0.0105223 0.0950142 0.116059
635 0.102414 0.00447166 0.0979419 0.106885
636 0.104516 0.00734418 0.0971714 0.11186
637 0.102594 0.00229731 0.100296 0.104891
638 0.108509 0.015043 0.0934664 0.123552
639 0.102023 0.00367149 0.0983517 0.105695
640 0.105386 0.00602861 0.0993578 0.111415
641 0.103404 0.00289008 0.100514 0.106295
642 0.10354 0.00257374 0.100966 0.106113
643 0.115326 0.0221587 0.0931673 0.137485
644 0.110626 0.00790359 0.102723 0.11853
645 0.112804 0.00818709 0.104616 0.120991
646 0.111828 0.00878025 0.103047 0.120608
647 0.110777 0.00596427 0.104812 0.116741
648 0.112293 0.0084868 0.103806 0.12078
649 0.10953 0.0081194 0.101411 0.11765
650 0.110071 0.00432507 0.105746 0.114396
651 0.10947 0.0048266 0.104644 0.114297
652 0.10929 0.00492096 0.104369 0.114211
653 0.109005 0.00439593 0.104609 0.113401
654 0.111527 0.00924061 0.102287 0.120768
655 0.110176 0.0067394 0.103437 0.116915
656 0.109981 0.00565619 0.104325 0.115637
657 0.107579 0.00942538 0.0981531 0.117004
658 0.104816 0.0043552 0.100461 0.109171
659 0.106558 0.00792403 0.0986335 0.114482
660 0.10444 0.00325173 0.101189 0.107692
661 0.105296 0.00390638 0.10139 0.109203
662 0.109095 0.0109002 0.0981948 0.119995
663 0.107533 0.00830661 0.0992269 0.11584
664 0.109891 0.0133037 0.0965871 0.123194
665 0.105011 0.00376393 0.101247 0.108775
666 0.107609 0.00871835 0.0988902 0.116327
667 0.104275 0.00224289 0.102032 0.106518
668 0.108675 0.010857 0.0978176 0.119532
669 0.104365 0.00302901 0.101336 0.107394
670 0.104951 0.0043666 0.100584 0.109318
671 0.106182 0.00670687 0.0994753 0.112889
672 0.107173 0.00574714 0.101426 0.11292
673 0.105837 0.00608815 0.0997487 0.111925
674 0.111242 0.013675 0.097567 0.124917
675 0.107849 0.00863208 0.0992167 0.116481
676 0.10417 0.00255669 0.101614 0.106727
677 0.107669 0.00963009 0.0980385 0.117299
678 0.106618 0.00628851 0.100329 0.112906
679 0.106197 0.00472731 0.10147 0.110924
680 0.106798 0.0104327 0.096365 0.11723
681 0.107413 0.00684639 0.100567 0.11426
682 0.10914 0.0119315 0.0972085 0.121072
683 0.106092 0.00443483 0.101657 0.110527
684 0.105612 0.00731257 0.098299 0.112924
685 0.105371 0.0046442 0.100727 0.110016
686 0.105341 0.00442313 0.100918 0.109764
687 0.105116 0.0110678 0.0940484 0.116184
688 0.107083 0.0309603 0.0761228 0.138043
689 0.107023 0.00582235 0.101201 0.112845
690 0.109861 0.00854019 0.101321 0.118401
691 0.107098 0.00792744 0.0991706 0.115025
692 0.110386 0.0109835 0.0994027 0.12137
693 0.104756 0.00129951 0.103456 0.106055
694 0.108194 0.0104642 0.09773 0.118658
695 0.108795 0.00788514 0.10091 0.11668
696 0.110596 0.01002 0.100576 0.120616
697 0.107263 0.00474095 0.102522 0.112004
698 0.107548 0.0050706 0.102478 0.112619
699 0.105386 0.00391468 0.101472 0.109301
700 0.106212 0.00760099 0.0986112 0.113813
701 0.112188 0.00556985 0.106618 0.117758
702 0.112323 0.00911043 0.103213 0.121434
703 0.111918 0.00736663 0.104551 0.119284
704 0.120761 0.0256636 0.0950976 0.146425
705 0.11477 0.0135572 0.101213 0.128328
706 0.107954 0.00255069 0.105403 0.110505
707 0.109801 0.00533406 0.104467 0.115135
708 0.109395 0.00555908 0.103836 0.114954
709 0.112653 0.00846861 0.104185 0.121122
710 0.12983 0.0728268 0.0570031 0.202657
711 0.109635 0.00372395 0.105912 0.113359
712 0.109365 0.00740113 0.101964 0.116766
713 0.10956 0.00696144 0.102599 0.116522
714 0.113119 0.013112 0.100007 0.126231
715 0.110551 0.00750138 0.10305 0.118053
716 0.109951 0.00831116 0.10164 0.118262
717 0.105927 0.00643759 0.0994893 0.112365
718 0.105041 0.00675256 0.0982885 0.111794
719 0.103314 0.00327642 0.100038 0.106591
720 0.104816 0.00568846 0.0991274 0.110504
721 0.103164 0.00408379 0.0990805 0.107248
722 0.10393 0.00348762 0.100442 0.107418
723 0.104861 0.00636131 0.0984996 0.111222
724 0.104861 0.00549914 0.0993618 0.11036
725 0.107999 0.0132465 0.0947524 0.121245
726 0.102819 0.00202867 0.10079 0.104848
727 0.105101 0.00587524 0.0992259 0.110976
728 0.1036 0.00342382 0.100176 0.107024
729 0.108224 0.01893 0.0892942 0.127154
730 0.105507 0.0103616 0.0951449 0.115868
731 0.103374 0.00582272 0.0975517 0.109197
732 0.106888 0.00927425 0.0976136 0.116162
733 0.107894 0.00966543 0.0982284 0.117559
734 0.10372 0.00457327 0.0991465 0.108293
735 0.105837 0.00736564 0.0984712 0.113202
736 0.1089 0.0129432 0.0959566 0.121843
737 0.10938 0.0143521 0.0950282 0.123732
738 0.104125 0.00557105 0.0985541 0.109696
739 0.105822 0.0096991 0.0961227 0.115521
740 0.103705 0.00466297 0.0990418 0.108368
741 0.105401 0.00692946 0.098472 0.112331
742 0.103495 0.00293343 0.100561 0.106428
743 0.107518 0.0176631 0.0898553 0.125182
744 0.105762 0.00927577 0.096486 0.115038
745 0.102218 0.00135763 0.100861 0.103576
746 0.106047 0.0107511 0.0952959 0.116798
747 0.104155 0.00347905 0.100676 0.107634
748 0.118314 0.0529907 0.0653232 0.171304
749 0.102759 0.00440269 0.0983562 0.107162
750 0.111062 0.0202666 0.0907953 0.131328
751 0.105341 0.0104626 0.0948787 0.115804
752 0.106588 0.00857138 0.0980162 0.115159
753 0.105507 0.00981778 0.0956887 0.115324
754 0.105582 0.00900086 0.0965807 0.114582
755 0.104125 0.00485306 0.0992721 0.108978
756 0.112368 0.0200917 0.0922764 0.13246
757 0.105011 0.00710239 0.0979087 0.112113
758 0.109455 0.0221172 0.0873382 0.131572
759 0.10444 0.00447884 0.0999617 0.108919
760 0.105236 0.00512912 0.100107 0.110365
761 0.104501 0.00539184 0.0991087 0.109892
762 0.104951 0.0043604 0.100591 0.109311
763 0.105446 0.00606426 0.0993822 0.111511
764 0.105687 0.00511856 0.100568 0.110805
765 0.107413 0.0123896 0.0950237 0.119803
766 0.106242 0.00802204 0.0982202 0.114264
767 0.105807 0.00500706 0.1008 0.110814
768 0.106573 0.0082456 0.0983269 0.114818
769 0.103675 0.00191545 0.101759 0.10559
770 0.104486 0.00516242 0.0993231 0.109648
771 0.104711 0.00503564 0.0996751 0.109746
772 0.106182 0.00615951 0.100023 0.112342
773 0.107518 0.00792357 0.0995949 0.115442
774 0.105657 0.00860697 0.0970497 0.114264
775 0.106077 0.00775762 0.0983195 0.113835
776 0.106212 0.00781853 0.0983937 0.114031
777 0.104636 0.00411459 0.100521 0.10875
778 0.10372 0.00467564 0.0990442 0.108395
779 0.106182 0.00952508 0.0966571 0.115707
780 0.107488 0.00834861 0.0991398 0.115837
781 0.107338 0.00837126 0.098967 0.11571
782 0.105762 0.00658832 0.0991734 0.11235
783 0.106693 0.00726805 0.0994246 0.113961
784 0.106933 0.00978679 0.0971461 0.11672
785 0.107053 0.00499103 0.102062 0.112044
786 0.106182 0.00375709 0.102425 0.109939
787 0.10411 0.0062868 0.0978234 0.110397
788 0.10414 0.00804842 0.0960918 0.112189
789 0.110251 0.00947947 0.100772 0.119731
790 0.109125 0.0113123 0.0978127 0.120437
791 0.10875 0.00659425 0.102155 0.115344
792 0.107518 0.00693822 0.10058 0.114457
793 0.107548 0.00883394 0.0987145 0.116382
794 0.106888 0.00761543 0.0992724 0.114503
795 0.106963 0.00576179 0.101201 0.112725
796 0.106377 0.00462569 0.101752 0.111003
797 0.103044 0.00605384 0.0969903 0.109098
798 0.102384 0.00739801 0.0949855 0.109782
799 0.103705 0.00544449 0.0982603 0.109149
