# ../output/graphs/perf_parallel37BIPED_thread4
# step - mean (0.0459499) - standard deviation (0.0488681) r=20 - ylow - yhigh
0 0.0553883 0.0474551 0.00793319 0.102843
1 0.0933448 0.153375 -0.0600303 0.24672
2 0.0661987 0.107311 -0.0411127 0.17351
3 0.0452235 0.0123847 0.0328389 0.0576082
4 0.0411246 0.000942329 0.0401822 0.0420669
5 0.0409144 0.00122669 0.0396877 0.0421411
6 0.0657933 0.111946 -0.0461531 0.17774
7 0.0388724 0.00122522 0.0376472 0.0400976
8 0.0391126 0.00110282 0.0380098 0.0402155
9 0.0387973 0.0011017 0.0376956 0.039899
10 0.105476 0.205713 -0.100237 0.31119
11 0.0390225 0.00116098 0.0378616 0.0401835
12 0.0639165 0.109483 -0.0455667 0.1734
13 0.0670095 0.123309 -0.0562995 0.190318
14 0.041545 0.0123507 0.0291943 0.0538957
15 0.0631508 0.104975 -0.0418246 0.168126
16 0.0527007 0.0594299 -0.00672924 0.112131
17 0.0403588 0.00578896 0.0345699 0.0461478
18 0.0389775 0.00117305 0.0378045 0.0401506
19 0.0388424 0.00123183 0.0376105 0.0400742
20 0.0638564 0.108258 -0.0444019 0.172115
21 0.0660786 0.118563 -0.0524842 0.184641
22 0.0389174 0.00119136 0.0377261 0.0401088
23 0.0700424 0.138249 -0.0682068 0.208292
24 0.0380766 0.00100316 0.0370735 0.0390798
25 0.0380766 0.000933314 0.0371433 0.03901
26 0.0487519 0.0422191 0.00653281 0.090971
27 0.0380316 0.0010713 0.0369603 0.0391029
28 0.0437071 0.0249248 0.0187823 0.0686318
29 0.0381367 0.00138589 0.0367508 0.0395226
30 0.0410945 0.0117041 0.0293905 0.0527986
31 0.0397282 0.0073507 0.0323775 0.0470789
32 0.040494 0.00711392 0.03338 0.0476079
33 0.0382268 0.00106211 0.0371647 0.0392889
34 0.0711084 0.0922585 -0.0211501 0.163367
35 0.0429563 0.00474178 0.0382145 0.0476981
36 0.0439773 0.0123482 0.0316291 0.0563255
37 0.0413198 0.00107602 0.0402437 0.0423958
38 0.0502684 0.0398074 0.0104609 0.0900758
39 0.047851 0.0227763 0.0250747 0.0706274
40 0.0456589 0.0204714 0.0251876 0.0661303
41 0.0683758 0.0735412 -0.0051654 0.141917
42 0.0501783 0.029682 0.0204963 0.0798603
43 0.0410945 0.00113664 0.0399579 0.0422312
44 0.0445178 0.0123801 0.0321377 0.0568979
45 0.0563792 0.0669885 -0.0106093 0.123368
46 0.0413047 0.00157322 0.0397315 0.042878
47 0.0413047 0.0015443 0.0397604 0.042849
48 0.0417702 0.00414997 0.0376202 0.0459202
49 0.0407943 0.00117947 0.0396148 0.0419737
50 0.0503735 0.0410917 0.00928182 0.0914651
51 0.0411246 0.00126505 0.0398595 0.0423896
52 0.0597125 0.0737892 -0.0140767 0.133502
53 0.0410345 0.00129951 0.039735 0.042334
54 0.0630457 0.0891103 -0.0260647 0.152156
55 0.0429713 0.00759375 0.0353776 0.0505651
56 0.0491123 0.0356645 0.0134478 0.0847767
57 0.0418152 0.00374083 0.0380744 0.0455561
58 0.04156 0.00224996 0.03931 0.04381
59 0.0410645 0.00123402 0.0398305 0.0422985
60 0.0413948 0.00124276 0.0401521 0.0426376
61 0.0411096 0.00118186 0.0399277 0.0422914
62 0.0408843 0.00110037 0.039784 0.0419847
63 0.042566 0.00634163 0.0362243 0.0489076
64 0.0589617 0.047017 0.0119448 0.105979
65 0.0422957 0.00632981 0.0359659 0.0486255
66 0.0439773 0.0131104 0.0308669 0.0570878
67 0.0588416 0.0782731 -0.0194315 0.137115
68 0.0521001 0.0362242 0.015876 0.0883243
69 0.0421906 0.00439336 0.0377972 0.046584
70 0.0408843 0.00118709 0.0396972 0.0420714
71 0.0452385 0.0188006 0.0264379 0.0640392
72 0.0628955 0.0880407 -0.0251452 0.150936
73 0.0428512 0.0076959 0.0351553 0.0505471
74 0.0412597 0.00129647 0.0399632 0.0425562
75 0.0471003 0.0263573 0.020743 0.0734576
76 0.041605 0.00245701 0.039148 0.044062
77 0.0557787 0.0518928 0.00388583 0.107672
78 0.0419804 0.00442618 0.0375542 0.0464066
79 0.0627304 0.0943254 -0.0315951 0.157056
80 0.0566645 0.0566857 -2.11802e-005 0.11335
81 0.055088 0.0443786 0.0107094 0.0994667
82 0.0409594 0.0011411 0.0398183 0.0421005
83 0.0410645 0.00121561 0.0398489 0.0422801
84 0.0410795 0.00114583 0.0399337 0.0422254
85 0.047776 0.0291588 0.0186172 0.0769348
86 0.0477309 0.0231551 0.0245758 0.070886
87 0.0621298 0.091847 -0.0297173 0.153977
88 0.0567246 0.068152 -0.0114274 0.124877
89 0.0434668 0.0112401 0.0322267 0.054707
90 0.0454037 0.0120545 0.0333492 0.0574582
91 0.0489021 0.0292652 0.0196369 0.0781673
92 0.0511843 0.043724 0.00746023 0.0949083
93 0.0410195 0.00113714 0.0398823 0.0421566
94 0.0594572 0.0712047 -0.0117475 0.130662
95 0.0440824 0.0124272 0.0316552 0.0565097
96 0.0523854 0.0211245 0.0312609 0.0735099
97 0.0421456 0.00408467 0.0380609 0.0462302
98 0.047791 0.0237838 0.0240072 0.0715748
99 0.0399985 0.00105998 0.0389385 0.0410585
100 0.0445178 0.020478 0.0240398 0.0649959
101 0.055118 0.0559171 -0.000799077 0.111035
102 0.0397883 0.00120303 0.0385853 0.0409913
103 0.0401937 0.00235162 0.0378421 0.0425453
104 0.0525656 0.0517459 0.000819645 0.104312
105 0.0419954 0.00705792 0.0349375 0.0490533
106 0.053992 0.0514797 0.00251227 0.105472
107 0.0404639 0.00115084 0.0393131 0.0416148
108 0.0611088 0.0800789 -0.0189701 0.141188
109 0.068556 0.0793198 -0.0107638 0.147876
110 0.0400435 0.00120966 0.0388339 0.0412532
111 0.0398333 0.00108385 0.0387495 0.0409172
112 0.0520701 0.0414037 0.0106664 0.0934738
113 0.0416651 0.00113108 0.040534 0.0427962
114 0.0409294 0.00128845 0.0396409 0.0422178
115 0.0656732 0.108254 -0.0425805 0.173927
116 0.0406741 0.00119918 0.039475 0.0418733
117 0.0410945 0.00112868 0.0399659 0.0422232
118 0.0570399 0.0652004 -0.00816048 0.12224
119 0.0410945 0.00105005 0.0400445 0.0421446
120 0.0414399 0.00115132 0.0402885 0.0425912
121 0.0657783 0.106532 -0.0407534 0.17231
122 0.0411096 0.00161961 0.0394899 0.0427292
123 0.065523 0.0739526 -0.00842951 0.139476
124 0.0410045 0.00110527 0.0398992 0.0421097
125 0.0443977 0.0106381 0.0337596 0.0550359
126 0.0669044 0.113828 -0.0469233 0.180732
127 0.0411396 0.00117842 0.0399612 0.042318
128 0.0531211 0.0152619 0.0378592 0.068383
129 0.0595773 0.0741938 -0.0146165 0.133771
130 0.0410795 0.00117305 0.0399065 0.0422526
131 0.0430764 0.0106221 0.0324543 0.0536986
132 0.0419053 0.00503419 0.0368711 0.0469395
133 0.0406741 0.00152076 0.0391534 0.0421949
134 0.075868 0.0990561 -0.0231881 0.174924
135 0.0818137 0.12142 -0.0396065 0.203234
136 0.0406741 0.00110527 0.0395689 0.0417794
137 0.040539 0.00118984 0.0393492 0.0417288
138 0.0585413 0.0719901 -0.0134488 0.130531
139 0.049923 0.041953 0.00796999 0.0918761
140 0.0404489 0.00117497 0.0392739 0.0416239
141 0.0402087 0.00119325 0.0390154 0.0414019
142 0.0403738 0.00121784 0.039156 0.0415917
143 0.168042 0.373853 -0.205811 0.541895
144 0.0406892 0.00099368 0.0396955 0.0416828
145 0.0471754 0.0290832 0.0180921 0.0762586
146 0.0404639 0.00106962 0.0393943 0.0415335
147 0.0518299 0.0495741 0.00225578 0.101404
148 0.0406141 0.00112308 0.039491 0.0417372
149 0.0516497 0.0412349 0.0104148 0.0928846
150 0.0412297 0.00137642 0.0398532 0.0426061
151 0.0573101 0.0730437 -0.0157335 0.130354
152 0.0690965 0.0902336 -0.0211371 0.15933
153 0.0407792 0.00112197 0.0396573 0.0419012
154 0.0428963 0.00965385 0.0332424 0.0525501
155 0.0760332 0.13896 -0.0629264 0.214993
156 0.0585263 0.0559746 0.00255171 0.114501
157 0.0543223 0.0603682 -0.00604596 0.11469
158 0.040494 0.00109626 0.0393977 0.0415902
159 0.0671896 0.108912 -0.0417219 0.176101
160 0.0514545 0.0226507 0.0288038 0.0741052
161 0.0625502 0.0896329 -0.0270827 0.152183
162 0.0407342 0.00129603 0.0394382 0.0420302
163 0.0407492 0.00120901 0.0395402 0.0419582
164 0.056124 0.0673208 -0.0111968 0.123445
165 0.0568897 0.0491242 0.00776551 0.106014
166 0.0405991 0.00124031 0.0393588 0.0418394
167 0.0520251 0.0366764 0.0153486 0.0887015
168 0.0406741 0.00114927 0.0395249 0.0418234
169 0.0406741 0.00118405 0.0394901 0.0418582
170 0.066499 0.0781508 -0.0116518 0.14465
171 0.0454037 0.0205606 0.0248431 0.0659643
172 0.0601329 0.0856218 -0.025489 0.145755
173 0.0483165 0.0333024 0.0150141 0.0816189
174 0.055088 0.055826 -0.000737997 0.110914
175 0.0765286 0.082855 -0.00632632 0.159384
176 0.0407943 0.00114455 0.0396497 0.0419388
177 0.0504636 0.0380238 0.0124398 0.0884874
178 0.0408843 0.00120593 0.0396784 0.0420903
179 0.133839 0.405238 -0.2714 0.539077
180 0.0463346 0.0232335 0.023101 0.0695681
181 0.0406291 0.00120153 0.0394276 0.0418306
182 0.0445028 0.0127344 0.0317684 0.0572372
183 0.0719943 0.136772 -0.0647776 0.208766
184 0.042656 0.00809081 0.0345652 0.0507469
185 0.0570999 0.0637918 -0.00669186 0.120892
186 0.0511392 0.0367636 0.0143756 0.0879029
187 0.0568597 0.0583857 -0.00152601 0.115245
188 0.0411846 0.00218258 0.0390021 0.0433672
189 0.0651927 0.0695896 -0.00439692 0.134782
190 0.0605533 0.0621855 -0.00163224 0.122739
191 0.0655381 0.0752181 -0.00968008 0.140756
192 0.0637363 0.0704694 -0.0067331 0.134206
193 0.040584 0.00127145 0.0393126 0.0418555
194 0.0422056 0.00742963 0.034776 0.0496352
195 0.0483465 0.0329542 0.0153924 0.0813007
196 0.0432266 0.00612138 0.0371052 0.049348
197 0.0413198 0.00119136 0.0401284 0.0425111
198 0.0407492 0.00115952 0.0395897 0.0419087
199 0.0411396 0.007536 0.0336036 0.0486756
200 0.0404189 0.00720593 0.033213 0.0476248
201 0.0423107 0.0155432 0.0267675 0.0578539
202 0.0568597 0.0790006 -0.0221409 0.13586
203 0.0389625 0.00127358 0.0376889 0.0402361
204 0.0603731 0.0927284 -0.0323553 0.153101
205 0.0395481 0.00344234 0.0361057 0.0429904
206 0.0452535 0.0284255 0.016828 0.073679
207 0.0387223 0.00118023 0.037542 0.0399025
208 0.0399384 0.00530331 0.0346351 0.0452417
209 0.0388274 0.00115562 0.0376717 0.039983
210 0.0390976 0.00126905 0.0378286 0.0403667
211 0.0466199 0.0345153 0.0121045 0.0811352
212 0.0387373 0.00116301 0.0375743 0.0399003
213 0.0388724 0.00114534 0.0377271 0.0400177
214 0.0388874 0.00113754 0.0377499 0.040025
215 0.0388123 0.00106115 0.0377512 0.0398735
216 0.0537667 0.0657294 -0.0119626 0.119496
217 0.0890357 0.218627 -0.129592 0.307663
218 0.039458 0.00241243 0.0370455 0.0418704
219 0.0382568 0.00114504 0.0371118 0.0394019
220 0.0377313 0.00103708 0.0366942 0.0387684
221 0.0387523 0.00395821 0.0347941 0.0427105
222 0.0411696 0.014708 0.0264616 0.0558776
223 0.0382118 0.00223685 0.0359749 0.0404486
224 0.0566495 0.0308944 0.0257552 0.0875439
225 0.0421456 0.0179914 0.0241542 0.0601369
226 0.055043 0.0739779 -0.018935 0.129021
227 0.0403889 0.0109127 0.0294761 0.0513016
228 0.0569348 0.0834627 -0.026528 0.140398
229 0.0421155 0.0101491 0.0319664 0.0522646
230 0.0378664 0.00112318 0.0367433 0.0389896
231 0.0491573 0.0284198 0.0207375 0.0775771
232 0.0443827 0.0211344 0.0232483 0.0655171
233 0.05192 0.0537559 -0.00183595 0.105676
234 0.056154 0.0722083 -0.0160543 0.128362
235 0.039503 0.00120294 0.0383001 0.0407059
236 0.0433017 0.0169778 0.0263239 0.0602794
237 0.0500432 0.0458542 0.004189 0.0958973
238 0.048857 0.0406178 0.00823922 0.0894748
239 0.0537217 0.061066 -0.00734433 0.114788
240 0.0496828 0.0425539 0.00712894 0.0922367
241 0.0391877 0.00108894 0.0380988 0.0402766
242 0.0390826 0.0011602 0.0379224 0.0402428
243 0.0390376 0.0013158 0.0377218 0.0403534
244 0.0395481 0.0012779 0.0382701 0.040826
245 0.0453586 0.0248284 0.0205303 0.070187
246 0.039488 0.00118795 0.0383 0.0406759
247 0.0817987 0.18412 -0.102321 0.265919
248 0.0395931 0.000983533 0.0386096 0.0405766
249 0.0393529 0.00112147 0.0382314 0.0404743
250 0.0489321 0.0413555 0.00757656 0.0902876
251 0.0393078 0.00113118 0.0381766 0.040439
252 0.0399534 0.00303941 0.036914 0.0429929
253 0.0567846 0.0757816 -0.0189969 0.132566
254 0.0392778 0.00105572 0.0382221 0.0403335
255 0.0554934 0.0695305 -0.0140371 0.125024
256 0.0442476 0.0100632 0.0341844 0.0543107
257 0.0393679 0.00111107 0.0382568 0.0404789
258 0.0524605 0.047227 0.0052335 0.0996875
259 0.0480312 0.0378406 0.0101906 0.0858718
260 0.0392928 0.00111259 0.0381802 0.0404054
261 0.0392778 0.00118453 0.0380933 0.0404623
262 0.0463196 0.0237608 0.0225588 0.0700804
263 0.0452686 0.0223982 0.0228704 0.0676667
264 0.0401036 0.0032279 0.0368757 0.0433315
265 0.0909725 0.127763 -0.0367907 0.218736
266 0.0396381 0.00139238 0.0382458 0.0410305
267 0.0753425 0.156047 -0.0807043 0.231389
268 0.0395931 0.00112868 0.0384644 0.0407218
269 0.0408994 0.00640369 0.0344957 0.047303
270 0.044683 0.014894 0.029789 0.059577
271 0.0464997 0.0302728 0.0162269 0.0767726
272 0.0411996 0.00758763 0.033612 0.0487873
273 0.039533 0.00120219 0.0383309 0.0407352
274 0.0395931 0.00130297 0.0382901 0.0408961
275 0.039503 0.000956575 0.0385464 0.0404596
276 0.0412297 0.00725377 0.0339759 0.0484834
277 0.0406291 0.0051367 0.0354924 0.0457658
278 0.0385121 0.00140166 0.0371104 0.0399137
279 0.0513494 0.0507961 0.000553337 0.102145
280 0.067595 0.0737234 -0.00612836 0.141318
281 0.0867685 0.211847 -0.125078 0.298615
282 0.0486018 0.0452878 0.00331392 0.0938896
283 0.0413348 0.0120345 0.0293002 0.0533693
284 0.0448782 0.0290812 0.015797 0.0739593
285 0.0541721 0.0496898 0.0044823 0.103862
286 0.0449683 0.0298031 0.0151652 0.0747714
287 0.0615292 0.102523 -0.0409941 0.164053
288 0.0458691 0.0149575 0.0309116 0.0608267
289 0.0437521 0.0185636 0.0251885 0.0623157
290 0.0379866 0.0011765 0.03681 0.0391631
291 0.0431966 0.0161041 0.0270925 0.0593006
292 0.0402988 0.00668816 0.0336106 0.0469869
293 0.0406441 0.0110494 0.0295948 0.0516935
294 0.0501332 0.0528572 -0.00272397 0.10299
295 0.0373109 0.00120817 0.0361027 0.0385191
296 0.0372058 0.00120453 0.0360013 0.0384103
297 0.0404339 0.00714049 0.0332934 0.0475744
298 0.0533313 0.0515023 0.00182906 0.104834
299 0.0535265 0.0652294 -0.0117029 0.118756
300 0.0391577 0.00114504 0.0380126 0.0403027
301 0.0445028 0.0177111 0.0267917 0.0622139
302 0.0398784 0.0048183 0.0350601 0.0446967
303 0.0577756 0.0748616 -0.017086 0.132637
304 0.0529409 0.062473 -0.00953202 0.115414
305 0.0537667 0.0581134 -0.0043467 0.11188
306 0.0388724 0.00112548 0.0377469 0.0399979
307 0.0387523 0.00120668 0.0375456 0.039959
308 0.0524304 0.049712 0.00271849 0.102142
309 0.0403138 0.00113506 0.0391787 0.0414488
310 0.0402838 0.00124276 0.039041 0.0415265
311 0.0491723 0.0424004 0.00677189 0.0915727
312 0.0395781 0.00113396 0.0384441 0.040712
313 0.0393829 0.00120593 0.038177 0.0405888
314 0.039473 0.00115318 0.0383198 0.0406262
315 0.0393979 0.00125116 0.0381467 0.0406491
316 0.0410945 0.00760465 0.0334899 0.0486992
317 0.0399234 0.00210518 0.0378182 0.0420286
318 0.0444728 0.0221388 0.022334 0.0666116
319 0.0392177 0.00121013 0.0380076 0.0404279
320 0.0484666 0.014926 0.0335406 0.0633927
321 0.0627604 0.0752967 -0.0125363 0.138057
322 0.0380466 0.00165323 0.0363934 0.0396998
323 0.0377914 0.00108385 0.0367075 0.0388752
324 0.0570099 0.0764593 -0.0194495 0.133469
325 0.0377463 0.00115172 0.0365946 0.038898
326 0.0595023 0.0955478 -0.0360456 0.15505
327 0.0390376 0.00403104 0.0350065 0.0430686
328 0.0378364 0.0012049 0.0366315 0.0390413
329 0.0393529 0.0073913 0.0319616 0.0467442
330 0.0380917 0.00128556 0.0368061 0.0393772
331 0.0376712 0.00122889 0.0364424 0.0389001
332 0.0404789 0.008395 0.032084 0.0488739
333 0.0378214 0.00124348 0.0365779 0.0390649
334 0.039443 0.00772699 0.031716 0.0471699
335 0.039443 0.00764427 0.0317987 0.0470872
336 0.0392177 0.00735763 0.0318601 0.0465754
337 0.0476559 0.0435733 0.00408258 0.0912291
338 0.0376262 0.00118643 0.0364398 0.0388126
339 0.0375962 0.00110578 0.0364904 0.038702
340 0.0383919 0.00348552 0.0349064 0.0418775
341 0.0375511 0.00117257 0.0363786 0.0387237
342 0.0569348 0.0848404 -0.0279056 0.141775
343 0.0392778 0.00661018 0.0326676 0.045888
344 0.0376112 0.00123036 0.0363808 0.0388415
345 0.0420254 0.0200118 0.0220136 0.0620373
346 0.0433767 0.0258291 0.0175476 0.0692059
347 0.0376262 0.00112798 0.0364982 0.0387542
348 0.0538868 0.0713466 -0.0174597 0.125233
349 0.0473706 0.0427457 0.00462491 0.0901162
350 0.0377013 0.00116485 0.0365364 0.0388661
351 0.0375962 0.00115757 0.0364386 0.0387537
352 0.0597725 0.0556305 0.00414198 0.115403
353 0.0399685 0.0081133 0.0318552 0.0480818
354 0.0378064 0.0011742 0.0366322 0.0389806
355 0.0375211 0.00108052 0.0364406 0.0386016
356 0.0377463 0.00122384 0.0365225 0.0389702
357 0.0494276 0.0517094 -0.00228185 0.101137
358 0.0393078 0.00761213 0.0316957 0.04692
359 0.0379415 0.00194905 0.0359925 0.0398906
360 0.0408693 0.00718431 0.033685 0.0480536
361 0.0387373 0.00388407 0.0348532 0.0426213
362 0.0511842 0.0584 -0.00721577 0.109584
363 0.0378965 0.00124394 0.0366525 0.0391404
364 0.0378814 0.00116795 0.0367135 0.0390494
365 0.0378364 0.00117074 0.0366657 0.0390071
366 0.0396081 0.00734567 0.0322624 0.0469538
367 0.0476258 0.0422097 0.00541612 0.0898355
368 0.0546376 0.0595054 -0.0048678 0.114143
369 0.0378514 0.00125431 0.0365971 0.0391057
370 0.0392327 0.00535431 0.0338784 0.0445871
371 0.0377163 0.00106761 0.0366487 0.0387839
372 0.0379565 0.0011989 0.0367576 0.0391554
373 0.0448482 0.0305185 0.0143297 0.0753666
374 0.0420855 0.0173093 0.0247762 0.0593948
375 0.0406892 0.00794291 0.0327462 0.0486321
376 0.0379265 0.00110782 0.0368187 0.0390343
377 0.0379115 0.00127003 0.0366414 0.0391815
378 0.0379265 0.00118643 0.0367401 0.0391129
379 0.0377313 0.0011406 0.0365907 0.0388719
380 0.0400585 0.00983711 0.0302214 0.0498957
381 0.0438872 0.019033 0.0248542 0.0629203
382 0.0378514 0.00114139 0.03671 0.0389928
383 0.0454337 0.0332071 0.0122266 0.0786409
384 0.0434668 0.0117089 0.0317579 0.0551757
385 0.0379715 0.00127216 0.0366994 0.0392437
386 0.0378664 0.00109883 0.0367676 0.0389653
387 0.0397432 0.0068544 0.0328888 0.0465976
388 0.039443 0.00703297 0.03241 0.0464759
389 0.0395781 0.00761551 0.0319626 0.0471936
390 0.057115 0.0819046 -0.0247896 0.13902
391 0.0547577 0.0728709 -0.0181132 0.127629
392 0.0607034 0.0953419 -0.0346385 0.156045
393 0.0399985 0.00636414 0.0336343 0.0463626
394 0.0401937 0.0106707 0.0295229 0.0508644
395 0.0400886 0.0102387 0.0298499 0.0503273
396 0.0578807 0.0728181 -0.0149374 0.130699
397 0.0388274 0.00115952 0.0376678 0.0399869
398 0.0411696 0.0104533 0.0307163 0.0516229
399 0.0663488 0.0758149 -0.00946603 0.142164
400 0.0556886 0.0728602 -0.0171716 0.128549
401 0.0625202 0.103329 -0.0408089 0.165849
402 0.0404789 0.00715079 0.0333282 0.0476297
403 0.0403438 0.00702976 0.0333141 0.0473736
404 0.0387973 0.00104283 0.0377545 0.0398402
405 0.0461544 0.0329685 0.0131859 0.0791229
406 0.0402087 0.00713583 0.0330729 0.0473445
407 0.038497 0.0011017 0.0373953 0.0395987
408 0.063421 0.108494 -0.0450733 0.171915
409 0.0387673 0.00145229 0.037315 0.0402196
410 0.0387523 0.00704206 0.0317102 0.0457944
411 0.0531812 0.0629588 -0.00977768 0.11614
412 0.0370857 0.00114937 0.0359363 0.038235
413 0.0370707 0.00108468 0.035986 0.0381554
414 0.0369806 0.00110853 0.0358721 0.0380891
415 0.0370557 0.00116843 0.0358872 0.0382241
416 0.0637213 0.0968921 -0.0331707 0.160613
417 0.0509891 0.0641609 -0.0131718 0.11515
418 0.0432116 0.0304096 0.0128019 0.0736212
419 0.0398033 0.0164567 0.0233466 0.05626
420 0.038482 0.00873901 0.029743 0.047221
421 0.0371758 0.00448789 0.0326879 0.0416637
422 0.0361398 0.0010586 0.0350812 0.0371984
423 0.0516197 0.0665663 -0.0149467 0.118186
424 0.0533613 0.0751201 -0.0217588 0.128481
425 0.036395 0.0010852 0.0353098 0.0374802
426 0.0517698 0.0681145 -0.0163447 0.119884
427 0.0507488 0.0491929 0.00155595 0.0999417
428 0.0418753 0.0111756 0.0306997 0.0530509
429 0.0398183 0.00635691 0.0334614 0.0461752
430 0.0380616 0.00121932 0.0368423 0.0392809
431 0.0379715 0.00109297 0.0368786 0.0390645
432 0.0380166 0.00117612 0.0368405 0.0391927
433 0.0379265 0.00115562 0.0367709 0.0390821
434 0.0682857 0.125246 -0.0569603 0.193532
435 0.0391877 0.00728255 0.0319052 0.0464703
436 0.037461 0.00107382 0.0363872 0.0385349
437 0.0372508 0.00113347 0.0361174 0.0383843
438 0.0375962 0.00140078 0.0361954 0.038997
439 0.0375361 0.00117459 0.0363615 0.0387107
440 0.0753575 0.115436 -0.0400785 0.190793
441 0.0505837 0.0570894 -0.00650571 0.107673
442 0.0375511 0.00118785 0.0363633 0.038739
443 0.0381067 0.00117036 0.0369363 0.039277
444 0.0380016 0.00124348 0.0367581 0.039245
445 0.0379265 0.00117497 0.0367515 0.0391015
446 0.0379866 0.0012508 0.0367357 0.0392374
447 0.0612139 0.0724532 -0.0112393 0.133667
448 0.0443677 0.0111879 0.0331798 0.0555556
449 0.0496378 0.051109 -0.00147121 0.100747
450 0.0413798 0.00776675 0.0336131 0.0491466
451 0.0625502 0.0720192 -0.00946904 0.134569
452 0.0403738 0.00412006 0.0362538 0.0444939
453 0.0578206 0.0814 -0.0235794 0.139221
454 0.0398634 0.00120069 0.0386627 0.041064
455 0.0400585 0.00178766 0.0382709 0.0418462
456 0.0552532 0.0682811 -0.0130279 0.123534
457 0.0431065 0.0110368 0.0320697 0.0541433
458 0.0439473 0.0261129 0.0178344 0.0700602
459 0.0396532 0.00745991 0.0321932 0.0471131
460 0.0414549 0.0157448 0.02571 0.0571997
461 0.041545 0.014973 0.0265719 0.056518
462 0.0501633 0.0533986 -0.00323529 0.103562
463 0.0381517 0.00163781 0.0365139 0.0397895
464 0.0482564 0.0452955 0.00296095 0.0935519
465 0.0393529 0.00496747 0.0343854 0.0443203
466 0.0380466 0.00114386 0.0369027 0.0391905
467 0.0393979 0.00527996 0.0341179 0.0446779
468 0.055058 0.0719087 -0.0168507 0.126967
469 0.0382118 0.00124131 0.0369705 0.0394531
470 0.0381667 0.001107 0.0370597 0.0392737
471 0.0382118 0.00122301 0.0369888 0.0394348
472 0.0380917 0.001088 0.0370036 0.0391797
473 0.0578957 0.0830717 -0.025176 0.140967
474 0.0466048 0.0375492 0.00905568 0.084154
475 0.0412297 0.0138159 0.0274137 0.0550456
476 0.0381968 0.000971192 0.0372256 0.0391679
477 0.0560039 0.0775443 -0.0215404 0.133548
478 0.0652528 0.110664 -0.0454116 0.175917
479 0.0404189 0.0064127 0.0340062 0.0468316
480 0.0390826 0.00144412 0.0376385 0.0405267
481 0.0417251 0.0139686 0.0277566 0.0556937
482 0.0421456 0.0122834 0.0298622 0.0544289
483 0.04677 0.0271872 0.0195828 0.0739572
484 0.0483615 0.0263573 0.0220042 0.0747189
485 0.0382868 0.00131065 0.0369762 0.0395975
486 0.0383169 0.00124683 0.03707 0.0395637
487 0.0383319 0.0011406 0.0371913 0.0394725
488 0.0598176 0.057477 0.00234053 0.117295
489 0.0486919 0.0345706 0.0141213 0.0832624
490 0.0508389 0.0537245 -0.00288554 0.104563
491 0.0681506 0.0871881 -0.0190376 0.155339
492 0.0371457 0.00117497 0.0359708 0.0383207
493 0.0524154 0.052424 -8.55388e-006 0.104839
494 0.0414849 0.0105227 0.0309623 0.0520076
495 0.0409594 0.0108431 0.0301164 0.0518025
496 0.0412747 0.011674 0.0296007 0.0529488
497 0.0385871 0.00122531 0.0373618 0.0398124
498 0.0423107 0.0171278 0.0251829 0.0594385
499 0.0459142 0.0303996 0.0155146 0.0763137
500 0.0536466 0.055078 -0.00143142 0.108725
501 0.0386922 0.00116408 0.0375281 0.0398563
502 0.0583762 0.0861628 -0.0277866 0.144539
503 0.0388123 0.00114691 0.0376654 0.0399593
504 0.0448031 0.0230166 0.0217865 0.0678197
505 0.0427762 0.00709183 0.0356843 0.049868
506 0.0419053 0.00708419 0.0348211 0.0489895
507 0.0396982 0.00112598 0.0385722 0.0408242
508 0.0419053 0.00826775 0.0336376 0.0501731
509 0.0428813 0.00924071 0.0336406 0.052122
510 0.0400736 0.00173928 0.0383343 0.0418128
511 0.0437221 0.0144867 0.0292354 0.0582088
512 0.0445178 0.0116788 0.032839 0.0561967
513 0.0637513 0.101343 -0.0375922 0.165095
514 0.0392478 0.00111996 0.0381278 0.0403677
515 0.0392928 0.00128556 0.0380073 0.0405784
516 0.0489471 0.0485802 0.000366883 0.0975273
517 0.0418903 0.0112231 0.0306672 0.0531134
518 0.0468 0.038536 0.00826402 0.085336
519 0.0393379 0.00712767 0.0322102 0.0464655
520 0.0377163 0.0011411 0.0365752 0.0388574
521 0.0469952 0.0406272 0.00636806 0.0876224
522 0.048842 0.0437977 0.00504434 0.0926397
523 0.0377013 0.0013002 0.0364011 0.0390015
524 0.037431 0.00112468 0.0363063 0.0385557
525 0.0391577 0.00728806 0.0318696 0.0464457
526 0.0446229 0.0310455 0.0135774 0.0756684
527 0.055043 0.0739764 -0.0189334 0.129019
528 0.040584 0.0123686 0.0282155 0.0529526
529 0.0377463 0.00125656 0.0364898 0.0390029
530 0.0377613 0.00113108 0.0366303 0.0388924
531 0.0418453 0.0143945 0.0274507 0.0562398
532 0.0529109 0.0653732 -0.0124622 0.118284
533 0.0378514 0.00107214 0.0367793 0.0389236
534 0.0377163 0.0011411 0.0365752 0.0388574
535 0.0376562 0.00112117 0.0365351 0.0387774
536 0.0538418 0.070465 -0.0166232 0.124307
537 0.0598176 0.0965788 -0.0367613 0.156396
538 0.0378064 0.00146158 0.0363448 0.039268
539 0.0375962 0.00113396 0.0364622 0.0387301
540 0.0376412 0.00117947 0.0364617 0.0388207
541 0.0392478 0.00714479 0.032103 0.0463926
542 0.0376412 0.0011718 0.0364694 0.038813
543 0.0407192 0.0139249 0.0267943 0.0546441
544 0.0536917 0.0413298 0.0123619 0.0950215
545 0.0442926 0.0281556 0.016137 0.0724482
546 0.0375962 0.00121088 0.0363853 0.0388071
547 0.0393228 0.00539391 0.0339289 0.0447167
548 0.055118 0.0768518 -0.0217337 0.13197
549 0.0374911 0.00115631 0.0363348 0.0386474
550 0.0376262 0.00105785 0.0365684 0.0386841
551 0.0484816 0.0475223 0.000959327 0.096004
552 0.0376412 0.00108385 0.0365574 0.0387251
553 0.0672647 0.0786313 -0.0113666 0.145896
554 0.039443 0.00764073 0.0318022 0.0470837
555 0.0377013 0.00115318 0.0365481 0.0388545
556 0.0819489 0.0994545 -0.0175056 0.181403
557 0.0556886 0.0765136 -0.020825 0.132202
558 0.0396231 0.00834429 0.0312788 0.0479674
559 0.0379115 0.00143974 0.0364717 0.0393512
560 0.0399084 0.00804746 0.0318609 0.0479559
561 0.056154 0.0797904 -0.0236364 0.135944
562 0.0494576 0.0498439 -0.000386314 0.0993015
563 0.0379115 0.000810641 0.0371008 0.0387221
564 0.0508389 0.0491942 0.00164474 0.100033
565 0.0377613 0.00142083 0.0363405 0.0391822
566 0.047806 0.0365547 0.0112512 0.0843607
567 0.0393979 0.00732336 0.0320746 0.0467213
568 0.0377613 0.00118937 0.036572 0.0389507
569 0.0410045 0.00962962 0.0313748 0.0506341
570 0.0503434 0.0506292 -0.000285779 0.100973
571 0.0482564 0.044877 0.00337945 0.0931334
572 0.0380466 0.00131271 0.0367339 0.0393593
573 0.0378965 0.0011692 0.0367273 0.0390657
574 0.0379115 0.00116253 0.0367489 0.039074
575 0.0377613 0.00121561 0.0365457 0.0389769
576 0.0559588 0.0187317 0.0372271 0.0746905
577 0.0489771 0.0479551 0.00102202 0.0969322
578 0.0377763 0.00105998 0.0367164 0.0388363
579 0.0379415 0.00101066 0.0369308 0.0389522
580 0.0378814 0.00121339 0.0366681 0.0390948
581 0.0531511 0.0592972 -0.00614608 0.112448
582 0.0379565 0.00121013 0.0367464 0.0391667
583 0.0513194 0.0513884 -6.89878e-005 0.102708
584 0.0441875 0.0192972 0.0248903 0.0634847
585 0.0468301 0.038881 0.00794902 0.0857111
586 0.0614992 0.085535 -0.0240358 0.147034
587 0.0624601 0.0868543 -0.0243942 0.149314
588 0.0390075 0.00325353 0.035754 0.0422611
589 0.0427161 0.0122048 0.0305113 0.0549209
590 0.045779 0.0307194 0.0150597 0.0764984
591 0.0778799 0.120188 -0.042308 0.198068
592 0.0375962 0.00119589 0.0364003 0.0387921
593 0.0407642 0.00774831 0.0330159 0.0485125
594 0.0396682 0.00366783 0.0360003 0.043336
595 0.0506888 0.0397741 0.0109146 0.0904629
596 0.0469952 0.0255006 0.0214946 0.0724958
597 0.0409444 0.0096225 0.0313219 0.0505669
598 0.0552382 0.0583354 -0.00309722 0.113574
599 0.0389325 0.00114848 0.037784 0.0400809
600 0.0389925 0.00146581 0.0375267 0.0404583
601 0.0387223 0.00100709 0.0377152 0.0397293
602 0.0386622 0.00111097 0.0375512 0.0397732
603 0.0400285 0.00525471 0.0347738 0.0452832
604 0.0434818 0.0201584 0.0233234 0.0636403
605 0.0390826 0.00161229 0.0374703 0.0406949
606 0.0386772 0.0011017 0.0375755 0.0397789
607 0.0531812 0.061838 -0.00865684 0.115019
608 0.043632 0.0118897 0.0317422 0.0555217
609 0.0618895 0.0802896 -0.0184001 0.142179
610 0.0421456 0.015445 0.0267006 0.0575905
611 0.0493525 0.0531025 -0.00375005 0.102455
612 0.0367404 0.00180492 0.0349354 0.0385453
613 0.0557787 0.0601129 -0.00433426 0.115892
614 0.037371 0.00545293 0.031918 0.0428239
615 0.0386021 0.0100529 0.0285492 0.0486551
616 0.0361398 0.0011718 0.034968 0.0373116
617 0.0443827 0.035858 0.00852469 0.0802407
618 0.0416951 0.0176536 0.0240415 0.0593488
619 0.0379415 0.00803927 0.0299022 0.0459808
620 0.0377763 0.00725034 0.030526 0.0450267
621 0.0532412 0.0572639 -0.00402263 0.110505
622 0.0469802 0.0343217 0.0126585 0.0813019
623 0.0516647 0.0586337 -0.006969 0.110298
624 0.0376262 0.00115172 0.0364745 0.0387779
625 0.0376112 0.00111097 0.0365002 0.0387222
626 0.0375511 0.00115709 0.036394 0.0387082
627 0.0398483 0.0106177 0.0292306 0.0504661
628 0.0375661 0.00114701 0.0364191 0.0387132
629 0.0385421 0.0041275 0.0344146 0.0426696
630 0.0479712 0.0310855 0.0168857 0.0790566
631 0.0376112 0.00118176 0.0364294 0.038793
632 0.0400736 0.0116035 0.02847 0.0516771
633 0.055088 0.076376 -0.021288 0.131464
634 0.0380616 0.00152195 0.0365397 0.0395836
635 0.0391877 0.00722724 0.0319605 0.0464149
636 0.0375962 0.000878569 0.0367176 0.0384747
637 0.0706129 0.0993387 -0.0287258 0.169952
638 0.0417101 0.0175495 0.0241606 0.0592597
639 0.0377613 0.00132901 0.0364323 0.0390903
640 0.0414249 0.00947861 0.0319462 0.0509035
641 0.0403288 0.0117459 0.0285829 0.0520747
642 0.0378214 0.00116872 0.0366527 0.0389901
643 0.0390526 0.00130367 0.0377489 0.0403562
644 0.0410045 0.00742963 0.0335748 0.0484341
645 0.0412297 0.00729776 0.0339319 0.0485274
646 0.0400285 0.00199438 0.0380341 0.0420229
647 0.0411546 0.00697581 0.0341788 0.0481304
648 0.0414999 0.00834112 0.0331588 0.049841
649 0.0396982 0.00106423 0.038634 0.0407624
650 0.0734957 0.101623 -0.0281272 0.175119
651 0.0399534 0.0015818 0.0383716 0.0415352
652 0.0442626 0.0156782 0.0285843 0.0599408
653 0.0396682 0.00120453 0.0384636 0.0408727
654 0.0402237 0.0019907 0.038233 0.0422144
655 0.0395631 0.00122301 0.0383401 0.0407861
656 0.0424008 0.0119644 0.0304364 0.0543652
657 0.0511692 0.057991 -0.00682179 0.10916
658 0.0381367 0.00144013 0.0366966 0.0395768
659 0.0380766 0.00119965 0.036877 0.0392763
660 0.0379715 0.00113347 0.0368381 0.039105
661 0.0536166 0.0501938 0.00342282 0.10381
662 0.0497879 0.0502485 -0.000460635 0.100036
663 0.0683758 0.0798922 -0.0115164 0.148268
664 0.0382868 0.00135463 0.0369322 0.0396415
665 0.0504936 0.0532528 -0.00275919 0.103746
666 0.0380616 0.00107382 0.0369878 0.0391354
667 0.0380616 0.00113506 0.0369266 0.0391967
668 0.0418603 0.0113914 0.0304689 0.0532516
669 0.0380766 0.00126193 0.0368147 0.0393386
670 0.0381217 0.00118405 0.0369376 0.0393057
671 0.0380466 0.00115563 0.036891 0.0392022
672 0.0496077 0.0162752 0.0333326 0.0658829
673 0.0572201 0.0831224 -0.0259024 0.140342
674 0.0381817 0.00116795 0.0370138 0.0393497
675 0.0407792 0.0103081 0.0304711 0.0510873
676 0.0383019 0.00136119 0.0369407 0.039663
677 0.0637964 0.106067 -0.0422701 0.169863
678 0.0382718 0.00118023 0.0370916 0.0394521
679 0.0383769 0.00117305 0.0372039 0.03955
680 0.0383169 0.0011131 0.0372038 0.03943
681 0.0385121 0.00180142 0.0367106 0.0403135
682 0.0380917 0.00110037 0.0369913 0.039192
683 0.0422206 0.0161083 0.0261123 0.0583289
684 0.0411696 0.0124324 0.0287372 0.053602
685 0.0381817 0.00106285 0.0371189 0.0392446
686 0.0407943 0.0112247 0.0295696 0.0520189
687 0.0404489 0.0132261 0.0272229 0.053675
688 0.0677001 0.0836966 -0.0159965 0.151397
689 0.0413348 0.00946948 0.0318653 0.0508042
690 0.0419053 0.0140619 0.0278434 0.0559672
691 0.0585263 0.066759 -0.00823265 0.125285
692 0.056154 0.06443 -0.00827597 0.120584
693 0.0496678 0.0273956 0.0222722 0.0770634
694 0.063391 0.0814845 -0.0180936 0.144876
695 0.0388574 0.00117995 0.0376774 0.0400373
696 0.0392628 0.00147989 0.0377829 0.0407427
697 0.0593821 0.075984 -0.0166019 0.135366
698 0.043617 0.0218485 0.0217684 0.0654655
699 0.0425359 0.0146891 0.0278468 0.057225
700 0.0418002 0.0133315 0.0284687 0.0551317
701 0.0416501 0.00195326 0.0396968 0.0436033
702 0.0403738 0.00118785 0.039186 0.0415617
703 0.0398634 0.0016251 0.0382383 0.0414885
704 0.0480612 0.0144858 0.0335755 0.062547
705 0.039488 0.00122899 0.038259 0.040717
706 0.0393829 0.00117564 0.0382073 0.0405585
707 0.0479261 0.0358017 0.0121244 0.0837279
708 0.0489921 0.0425785 0.00641362 0.0915707
709 0.0490822 0.043041 0.00604123 0.0921232
710 0.0392027 0.00109296 0.0381098 0.0402957
711 0.0392327 0.00118329 0.0380495 0.040416
712 0.0427311 0.0158719 0.0268592 0.0586031
713 0.0391276 0.00108728 0.0380404 0.0402149
714 0.0391427 0.00121339 0.0379293 0.040356
715 0.0489021 0.042668 0.00623404 0.0915701
716 0.040494 0.00431547 0.0361785 0.0448094
717 0.0418152 0.0152368 0.0265785 0.057052
718 0.0383019 0.00156172 0.0367401 0.0398636
719 0.038452 0.00267489 0.0357771 0.0411269
720 0.0531061 0.0673274 -0.0142213 0.120433
721 0.0376112 0.00121932 0.0363919 0.0388305
722 0.0378514 0.00137438 0.036477 0.0392258
723 0.0466649 0.0390487 0.00761621 0.0857136
724 0.0487669 0.0490351 -0.000268193 0.097802
725 0.0477459 0.0334338 0.0143122 0.0811797
726 0.079036 0.101374 -0.0223384 0.180411
727 0.0543973 0.072679 -0.0182817 0.127076
728 0.0376412 0.00120593 0.0364353 0.0388472
729 0.0401036 0.0107079 0.0293957 0.0508115
730 0.0503735 0.0385453 0.0118281 0.0889188
731 0.0375511 0.00113744 0.0364137 0.0386886
732 0.0377613 0.00143032 0.036331 0.0391917
733 0.0374761 0.00111391 0.0363622 0.03859
734 0.0375511 0.00124348 0.0363076 0.0387946
735 0.037401 0.00123256 0.0361684 0.0386335
736 0.0428362 0.0115216 0.0313146 0.0543578
737 0.0462745 0.0383846 0.0078899 0.0846591
738 0.050974 0.0504037 0.000570312 0.101378
739 0.0375361 0.00120864 0.0363275 0.0387448
740 0.0376712 0.00117641 0.0364948 0.0388477
741 0.0375661 0.00109059 0.0364756 0.0386567
742 0.0387523 0.004423 0.0343293 0.0431753
743 0.037461 0.00116253 0.0362985 0.0386236
744 0.0375211 0.00115709 0.036364 0.0386782
745 0.037461 0.00105689 0.0364042 0.0385179
746 0.0387072 0.00411505 0.0345922 0.0428223
747 0.0562141 0.0799243 -0.0237102 0.136138
748 0.0375211 0.00117641 0.0363447 0.0386975
749 0.0515896 0.0611992 -0.00960955 0.112789
750 0.0480462 0.037164 0.0108823 0.0852102
751 0.0376112 0.00123402 0.0363772 0.0388452
752 0.0376562 0.00119136 0.0364649 0.0388476
753 0.0376712 0.00111744 0.0365538 0.0387887
754 0.0378664 0.001107 0.0367594 0.0389734
755 0.041605 0.0169501 0.0246549 0.0585551
756 0.0380016 0.000918094 0.0370835 0.0389197
757 0.0459292 0.0352848 0.0106444 0.081214
758 0.0381968 0.0016354 0.0365613 0.0398322
759 0.0378814 0.00110853 0.0367729 0.03899
760 0.0545775 0.066004 -0.0114264 0.120581
761 0.0377914 0.00104142 0.0367499 0.0388328
762 0.056109 0.0790379 -0.0229289 0.135147
763 0.0379265 0.00119022 0.0367363 0.0391167
764 0.0461544 0.0260768 0.0200776 0.0722312
765 0.0379866 0.00126514 0.0367214 0.0392517
766 0.0541121 0.070885 -0.016773 0.124997
767 0.0576705 0.086394 -0.0287236 0.144065
768 0.0441875 0.013466 0.0307216 0.0576535
769 0.0381367 0.00114347 0.0369932 0.0392802
770 0.0845914 0.126265 -0.0416733 0.210856
771 0.0516347 0.0566056 -0.0049709 0.10824
772 0.054067 0.0704117 -0.0163446 0.124479
773 0.0549078 0.0664021 -0.0114943 0.12131
774 0.0380766 0.00133822 0.0367384 0.0394149
775 0.0514845 0.057466 -0.00598142 0.10895
776 0.0380016 0.00116485 0.0368367 0.0391664
777 0.0397883 0.00758163 0.0322067 0.0473699
778 0.0379715 0.00122153 0.03675 0.0391931
779 0.0611839 0.0759797 -0.0147959 0.137164
780 0.0402988 0.0105275 0.0297713 0.0508263
781 0.0398333 0.00670141 0.0331319 0.0465347
782 0.0379715 0.00108052 0.036891 0.0390521
783 0.0380316 0.00122448 0.0368071 0.0392561
784 0.0378814 0.0011602 0.0367212 0.0390416
785 0.0610337 0.0728545 -0.0118208 0.133888
786 0.038467 0.0011665 0.0373005 0.0396335
787 0.0483465 0.0359251 0.0124214 0.0842717
788 0.0471904 0.0317287 0.0154617 0.0789191
789 0.0441725 0.0173919 0.0267806 0.0615644
790 0.0388724 0.000961276 0.0379111 0.0398337
791 0.0513494 0.0421243 0.00922507 0.0934737
792 0.0536016 0.0607958 -0.00719418 0.114397
793 0.040584 0.00778801 0.032796 0.0483721
794 0.056154 0.0682397 -0.0120857 0.124394
795 0.0422807 0.0101507 0.0321299 0.0524314
796 0.0389024 0.00178027 0.0371222 0.0406827
797 0.045749 0.0248583 0.0208907 0.0706073
798 0.0411846 0.0123828 0.0288018 0.0535674
799 0.0401486 0.0108167 0.0293319 0.0509653
