# ../output/graphs/perf_serial9QUADRUPED
# step - mean (0.0887278) - standard deviation (0.0116606) r=10 - ylow - yhigh
0 0.0881949 0.0130244 0.0751705 0.101219
1 0.0834503 0.00202979 0.0814205 0.0854801
2 0.0937802 0.0193755 0.0744047 0.113156
3 0.0860928 0.00257986 0.083513 0.0886727
4 0.0835404 0.00330536 0.080235 0.0868457
5 0.0879246 0.0167597 0.0711649 0.104684
6 0.0855523 0.00743899 0.0781133 0.0929913
7 0.0834203 0.00435533 0.0790649 0.0877756
8 0.082099 0.00175714 0.0803419 0.0838561
9 0.0843211 0.00617574 0.0781454 0.0904969
10 0.0912878 0.0139555 0.0773323 0.105243
11 0.0819789 0.00177145 0.0802074 0.0837503
12 0.0879546 0.00915014 0.0788045 0.0971048
13 0.0835104 0.00524853 0.0782618 0.0887589
14 0.0851319 0.00833944 0.0767925 0.0934714
15 0.0813783 0.00185111 0.0795272 0.0832294
16 0.0871138 0.0121974 0.0749164 0.0993112
17 0.0817387 0.00149422 0.0802444 0.0832329
18 0.0827897 0.00334131 0.0794483 0.086131
19 0.0875042 0.00892641 0.0785778 0.0964306
20 0.0834503 0.00639192 0.0770584 0.0898422
21 0.0906272 0.0161402 0.074487 0.106767
22 0.0835404 0.0040149 0.0795255 0.0875553
23 0.0983446 0.018572 0.0797727 0.116917
24 0.0871739 0.0109801 0.0761938 0.098154
25 0.0877444 0.0100099 0.0777346 0.0977543
26 0.0851619 0.00507337 0.0800886 0.0902353
27 0.0850719 0.00139594 0.0836759 0.0864678
28 0.0878946 0.00936406 0.0785305 0.0972586
29 0.0876543 0.00904707 0.0786073 0.0967014
30 0.087324 0.0103203 0.0770037 0.0976444
31 0.0944409 0.0162646 0.0781763 0.110705
32 0.0902969 0.0112951 0.0790018 0.101592
33 0.0917383 0.0129238 0.0788145 0.104662
34 0.0899065 0.0102074 0.0796992 0.100114
35 0.0888855 0.00753001 0.0813555 0.0964155
36 0.0865132 0.0034329 0.0830803 0.0899461
37 0.0859727 0.0059561 0.0800166 0.0919288
38 0.0908674 0.0119545 0.0789129 0.102822
39 0.0900867 0.0144326 0.0756541 0.104519
40 0.088345 0.00760366 0.0807413 0.0959487
41 0.0877745 0.00801501 0.0797594 0.0957895
42 0.0990953 0.0190233 0.0800721 0.118119
43 0.0879546 0.0123188 0.0756359 0.100273
44 0.095612 0.014533 0.081079 0.110145
45 0.0875943 0.0094751 0.0781192 0.0970694
46 0.0891558 0.00832559 0.0808302 0.0974814
47 0.0849217 0.0024128 0.0825089 0.0873345
48 0.086273 0.00968221 0.0765908 0.0959552
49 0.0832101 0.00417488 0.0790352 0.0873849
50 0.0844112 0.00769168 0.0767195 0.0921029
51 0.0840509 0.00398027 0.0800706 0.0880311
52 0.0857325 0.00540061 0.0803319 0.0911331
53 0.0888855 0.0102389 0.0786466 0.0991245
54 0.0864832 0.00747713 0.0790061 0.0939603
55 0.0838106 0.00330168 0.080509 0.0871123
56 0.0907173 0.00952484 0.0811924 0.100242
57 0.0819489 0.00202534 0.0799235 0.0839742
58 0.0843512 0.00663965 0.0777115 0.0909908
59 0.0890957 0.0102425 0.0788532 0.0993382
60 0.0845614 0.005615 0.0789464 0.0901764
61 0.0873541 0.0140639 0.0732901 0.101418
62 0.084201 0.00546361 0.0787374 0.0896646
63 0.0906572 0.0180151 0.0726422 0.108672
64 0.0895161 0.0112874 0.0782287 0.100804
65 0.0875342 0.0105412 0.0769931 0.0980754
66 0.0830899 0.00244712 0.0806428 0.0855371
67 0.0906873 0.0151019 0.0755854 0.105789
68 0.0901167 0.0107832 0.0793335 0.1009
69 0.0888855 0.00818308 0.0807024 0.0970686
70 0.0873541 0.0109508 0.0764032 0.0983049
71 0.0897263 0.0131428 0.0765836 0.102869
72 0.0899365 0.00255599 0.0873806 0.0924925
73 0.0911377 0.00620262 0.0849351 0.0973403
74 0.13483 0.127884 0.0069462 0.262713
75 0.0915881 0.0107082 0.08088 0.102296
76 0.0895762 0.00558093 0.0839953 0.0951571
77 0.0902068 0.00854025 0.0816665 0.098747
78 0.091438 0.011486 0.079952 0.102924
79 0.0874141 0.00191079 0.0855033 0.0893249
80 0.0916782 0.0128431 0.0788351 0.104521
81 0.0884952 0.00334671 0.0851484 0.0918419
82 0.0948012 0.0109068 0.0838944 0.105708
83 0.0911978 0.00628465 0.0849131 0.0974824
84 0.099756 0.0218493 0.0779067 0.121605
85 0.0903569 0.00642008 0.0839369 0.096777
86 0.0906272 0.00830537 0.0823218 0.0989326
87 0.0965429 0.0141838 0.082359 0.110727
88 0.102999 0.0204721 0.082527 0.123471
89 0.0915881 0.0098557 0.0817324 0.101444
90 0.0893059 0.007008 0.0822979 0.0963139
91 0.0936001 0.0175694 0.0760307 0.111169
92 0.0911377 0.00835996 0.0827777 0.0994977
93 0.0863331 0.00271342 0.0836196 0.0890465
94 0.0903569 0.00544418 0.0849128 0.0958011
95 0.0869637 0.00236905 0.0845946 0.0893327
96 0.0897263 0.00682628 0.0829001 0.0965526
97 0.0941106 0.0108829 0.0832277 0.104993
98 0.088375 0.00272602 0.085649 0.0911011
99 0.088345 0.00293854 0.0854065 0.0912835
100 0.0876844 0.00275219 0.0849322 0.0904366
101 0.0931797 0.00857907 0.0846006 0.101759
102 0.0880747 0.00300004 0.0850747 0.0910748
103 0.0900567 0.00977435 0.0802823 0.099831
104 0.0860928 0.00243604 0.0836568 0.0885289
105 0.089336 0.00841479 0.0809212 0.0977508
106 0.0876844 0.00319212 0.0844923 0.0908765
107 0.0919184 0.0157493 0.0761692 0.107668
108 0.0861229 0.00186952 0.0842533 0.0879924
109 0.0905071 0.00684922 0.0836579 0.0973563
110 0.0896963 0.00689364 0.0828027 0.0965899
111 0.0941106 0.0168308 0.0772798 0.110941
112 0.0871438 0.0010385 0.0861054 0.0881823
113 0.0892759 0.00554365 0.0837323 0.0948195
114 0.0979843 0.0256078 0.0723765 0.123592
115 0.0875342 0.00307485 0.0844594 0.0906091
116 0.086243 0.00611853 0.0801245 0.0923615
117 0.0880147 0.00739156 0.0806231 0.0954063
118 0.0878645 0.00789846 0.0799661 0.095763
119 0.0932097 0.0161394 0.0770703 0.109349
120 0.0902068 0.00863476 0.081572 0.0988416
121 0.0872339 0.00443422 0.0827997 0.0916682
122 0.0899065 0.00511233 0.0847942 0.0950188
123 0.0874141 0.00539761 0.0820165 0.0928117
124 0.0882249 0.00622084 0.0820041 0.0944457
125 0.0850118 0.00298919 0.0820226 0.088001
126 0.0889156 0.00668566 0.0822299 0.0956012
127 0.090417 0.00894685 0.0814702 0.0993638
128 0.0909875 0.0101638 0.0808238 0.101151
129 0.0839007 0.00121756 0.0826832 0.0851183
130 0.0949814 0.0180159 0.0769655 0.112997
131 0.0874141 0.00642569 0.0809884 0.0938398
132 0.0858226 0.00303515 0.0827874 0.0888577
133 0.0847115 0.00152794 0.0831836 0.0862394
134 0.0868436 0.00682495 0.0800186 0.0936685
135 0.0871739 0.00544186 0.081732 0.0926157
136 0.0945009 0.0223497 0.0721513 0.116851
137 0.0921587 0.0121351 0.0800235 0.104294
138 0.0922788 0.0146096 0.0776692 0.106888
139 0.0901167 0.0105276 0.0795891 0.100644
140 0.086213 0.00164173 0.0845712 0.0878547
141 0.0939904 0.0128852 0.0811053 0.106876
142 0.0881648 0.00359645 0.0845684 0.0917613
143 0.0932097 0.00978887 0.0834208 0.102999
144 0.0875042 0.00722093 0.0802833 0.0947251
145 0.0926692 0.0134603 0.0792088 0.106129
146 0.0954018 0.0171717 0.0782301 0.112574
147 0.0916782 0.0182412 0.073437 0.109919
148 0.0858226 0.00654023 0.0792823 0.0923628
149 0.0873541 0.0106206 0.0767335 0.0979746
150 0.0928493 0.0121428 0.0807065 0.104992
151 0.0890657 0.0125772 0.0764885 0.101643
152 0.0836905 0.0016118 0.0820787 0.0853023
153 0.0918284 0.0154126 0.0764157 0.107241
154 0.088375 0.00830129 0.0800737 0.0966763
155 0.0824894 0.00163402 0.0808553 0.0841234
156 0.0898164 0.0130882 0.0767282 0.102905
157 0.0911978 0.0104422 0.0807556 0.10164
158 0.0868436 0.00650706 0.0803365 0.0933506
159 0.0837806 0.00151936 0.0822613 0.0853
160 0.088315 0.00656453 0.0817505 0.0948795
161 0.0943508 0.0142571 0.0800937 0.108608
162 0.0891258 0.00892399 0.0802018 0.0980497
163 0.0863631 0.00554063 0.0808225 0.0919037
164 0.0938403 0.0136195 0.0802208 0.10746
165 0.0898765 0.0135617 0.0763148 0.103438
166 0.0890056 0.0085244 0.0804812 0.09753
167 0.0871739 0.00722449 0.0799494 0.0943984
168 0.0877144 0.0072075 0.0805069 0.0949219
169 0.0881949 0.0109225 0.0772724 0.0991173
170 0.0866334 0.00786648 0.0787669 0.0944998
171 0.084141 0.000966539 0.0831744 0.0851075
172 0.090417 0.0148456 0.0755714 0.105263
173 0.0890056 0.0110368 0.0779689 0.100042
174 0.0906572 0.0151481 0.0755092 0.105805
175 0.0855223 0.00602796 0.0794943 0.0915502
176 0.0873541 0.0103914 0.0769626 0.0977455
177 0.0908374 0.0131931 0.0776443 0.10403
178 0.0860928 0.00623279 0.0798601 0.0923256
179 0.085252 0.00747647 0.0777756 0.0927285
180 0.088315 0.0114932 0.0768218 0.0998082
181 0.0869637 0.00608661 0.0808771 0.0930503
182 0.0829098 0.00271076 0.080199 0.0856205
183 0.0857925 0.00713785 0.0786547 0.0929304
184 0.0832401 0.00386615 0.0793739 0.0871062
185 0.0902068 0.0246775 0.0655293 0.114884
186 0.0813783 0.00217373 0.0792046 0.083552
187 0.0861229 0.0110078 0.0751151 0.0971307
188 0.0873541 0.0151903 0.0721638 0.102544
189 0.084171 0.00561797 0.078553 0.089789
190 0.0806876 0.00172529 0.0789623 0.0824129
191 0.0826996 0.00653251 0.0761671 0.0892321
192 0.091408 0.0116039 0.079804 0.103012
193 0.0867535 0.0149636 0.0717899 0.101717
194 0.0869336 0.0136928 0.0732408 0.100626
195 0.0867234 0.0044333 0.0822901 0.0911567
196 0.0912878 0.0124466 0.0788412 0.103734
197 0.0845313 0.00162406 0.0829073 0.0861554
198 0.0951616 0.0179564 0.0772052 0.113118
199 0.0894861 0.015118 0.0743681 0.104604
200 0.090447 0.00712742 0.0833196 0.0975744
201 0.0858226 0.00191715 0.0839054 0.0877397
202 0.0928794 0.00984201 0.0830374 0.102721
203 0.0861229 0.0020135 0.0841094 0.0881364
204 0.089336 0.00588941 0.0834465 0.0952254
205 0.0908074 0.0104371 0.0803703 0.101244
206 0.0897263 0.0101583 0.079568 0.0998846
207 0.0877444 0.00542651 0.0823179 0.0931709
208 0.0886153 0.00535568 0.0832596 0.0939709
209 0.0920986 0.0130216 0.079077 0.10512
210 0.0868436 0.00445562 0.0823879 0.0912992
211 0.0929094 0.0144115 0.0784979 0.107321
212 0.117263 0.0594116 0.0578513 0.176674
213 0.0887054 0.00612501 0.0825803 0.0948304
214 0.0890957 0.00583836 0.0832574 0.0949341
215 0.0847415 0.00208825 0.0826533 0.0868298
216 0.0868436 0.00262061 0.0842229 0.0894642
217 0.0926692 0.00648958 0.0861796 0.0991587
218 0.0885852 0.00324256 0.0853427 0.0918278
219 0.090447 0.0126291 0.0778179 0.103076
220 0.088345 0.00572253 0.0826225 0.0940675
221 0.0903569 0.00824286 0.0821141 0.0985998
222 0.0878345 0.00630928 0.0815252 0.0941438
223 0.0920986 0.0115 0.0805986 0.103599
224 0.090447 0.0119255 0.0785215 0.102373
225 0.0865132 0.0032466 0.0832666 0.0897598
226 0.0899966 0.00680544 0.0831912 0.096802
227 0.0961525 0.0111785 0.084974 0.107331
228 0.0859127 0.00299221 0.0829205 0.0889049
229 0.0912578 0.011158 0.0800998 0.102416
230 0.0896362 0.00642962 0.0832066 0.0960659
231 0.0884651 0.00637886 0.0820863 0.094844
232 0.091408 0.00847773 0.0829302 0.0998857
233 0.0861529 0.00141773 0.0847352 0.0875706
234 0.0875042 0.00518588 0.0823183 0.0926901
235 0.0901467 0.0107777 0.0793691 0.100924
236 0.0963327 0.0103526 0.0859801 0.106685
237 0.0870538 0.00299823 0.0840555 0.090052
238 0.0879246 0.00576805 0.0821566 0.0936927
239 0.0868436 0.00159916 0.0852444 0.0884427
240 0.0937802 0.0112286 0.0825516 0.105009
241 0.0919184 0.00996529 0.0819531 0.101884
242 0.098765 0.0178744 0.0808907 0.116639
243 0.0864532 0.00222477 0.0842284 0.088678
244 0.0865733 0.00552083 0.0810525 0.0920941
245 0.0867835 0.00680802 0.0799755 0.0935915
246 0.0864232 0.00547778 0.0809454 0.0919009
247 0.0844112 0.00163071 0.0827805 0.0860419
248 0.0881348 0.00794178 0.080193 0.0960766
249 0.0923088 0.0117958 0.080513 0.104105
250 0.0874742 0.00625877 0.0812154 0.0937329
251 0.0854923 0.00519257 0.0802997 0.0906848
252 0.084201 0.00144763 0.0827534 0.0856486
253 0.0856424 0.00546625 0.0801762 0.0911087
254 0.0839308 0.00138426 0.0825465 0.085315
255 0.086213 0.00530662 0.0809063 0.0915196
256 0.0838407 0.00183545 0.0820052 0.0856761
257 0.0856124 0.00538087 0.0802315 0.0909932
258 0.102369 0.0197349 0.0826336 0.122103
259 0.0834803 0.00165022 0.0818301 0.0851305
260 0.0835404 0.00229402 0.0812464 0.0858344
261 0.087264 0.00726823 0.0799957 0.0945322
262 0.087324 0.0104773 0.0768467 0.0978013
263 0.0879546 0.00829521 0.0796594 0.0962498
264 0.0840208 0.0026514 0.0813694 0.0866722
265 0.0870237 0.00831621 0.0787075 0.0953399
266 0.0829098 0.00184842 0.0810614 0.0847582
267 0.0942006 0.015745 0.0784556 0.109946
268 0.0879847 0.0110194 0.0769652 0.0990041
269 0.0844412 0.00662517 0.0778161 0.0910664
270 0.0844112 0.00401186 0.0803994 0.0884231
271 0.0830599 0.00141614 0.0816438 0.0844761
272 0.0855523 0.00774309 0.0778092 0.0932954
273 0.0857925 0.010405 0.0753876 0.0961975
274 0.0839007 0.00386709 0.0800336 0.0877678
275 0.0850118 0.0102173 0.0747945 0.0952291
276 0.0896663 0.00882788 0.0808384 0.0984942
277 0.0839007 0.0050377 0.078863 0.0889384
278 0.0849818 0.00578709 0.0791947 0.0907689
279 0.0824593 0.000988676 0.0814707 0.083448
280 0.0967531 0.0163633 0.0803898 0.113116
281 0.084201 0.00549816 0.0787029 0.0896992
282 0.0879246 0.0089804 0.0789442 0.096905
283 0.0834503 0.00199393 0.0814564 0.0854442
284 0.0888255 0.0103107 0.0785147 0.0991362
285 0.0858226 0.00518692 0.0806357 0.0910095
286 0.094591 0.0175385 0.0770525 0.11213
287 0.0857325 0.00437073 0.0813618 0.0901032
288 0.0899065 0.00798362 0.0819229 0.0978901
289 0.0917383 0.0105531 0.0811851 0.102291
290 0.0864232 0.00243882 0.0839843 0.088862
291 0.0926391 0.0111482 0.081491 0.103787
292 0.0850719 0.00198758 0.0830843 0.0870594
293 0.0858826 0.00176635 0.0841163 0.087649
294 0.0866033 0.0054735 0.0811298 0.0920768
295 0.0876243 0.00669691 0.0809274 0.0943212
296 0.085222 0.0014072 0.0838148 0.0866292
297 0.0876844 0.0109792 0.0767051 0.0986636
298 0.091468 0.0119424 0.0795256 0.10341
299 0.0922788 0.00842957 0.0838492 0.100708
300 0.0961825 0.0175909 0.0785916 0.113773
301 0.0867234 0.00482111 0.0819023 0.0915446
302 0.0874141 0.00750656 0.0799075 0.0949207
303 0.0899365 0.0107797 0.0791568 0.100716
304 0.084141 0.00328347 0.0808575 0.0874244
305 0.0837206 0.00116146 0.0825591 0.084882
306 0.0901768 0.00907057 0.0811062 0.0992473
307 0.084231 0.00332291 0.0809081 0.087554
308 0.091408 0.0113929 0.080015 0.102801
309 0.0887654 0.0119387 0.0768267 0.100704
310 0.0920686 0.0107788 0.0812898 0.102847
311 0.0868135 0.00680464 0.0800089 0.0936182
312 0.0863931 0.0058937 0.0804994 0.0922868
313 0.0844713 0.00206327 0.082408 0.0865345
314 0.0874742 0.00597273 0.0815014 0.0934469
315 0.0876844 0.00815659 0.0795278 0.095841
316 0.0880447 0.0086406 0.0794041 0.0966853
317 0.0887654 0.0123017 0.0764637 0.101067
318 0.085222 0.00495031 0.0802717 0.0901723
319 0.0876844 0.0125073 0.0751771 0.100192
320 0.0970234 0.0225267 0.0744967 0.11955
321 0.086273 0.00989957 0.0763734 0.0961726
322 0.0850118 0.00556216 0.0794496 0.090574
323 0.0874441 0.00590402 0.0815401 0.0933482
324 0.0873541 0.00765171 0.0797023 0.0950058
325 0.0867234 0.00581011 0.0809133 0.0925336
326 0.0923989 0.011017 0.0813819 0.103416
327 0.0896362 0.00569481 0.0839414 0.0953311
328 0.0963927 0.0131655 0.0832272 0.109558
329 0.0929094 0.0134991 0.0794103 0.106409
330 0.0958522 0.0168931 0.0789591 0.112745
331 0.091498 0.00565158 0.0858465 0.0971496
332 0.0896362 0.00429791 0.0853383 0.0939342
333 0.098735 0.0184729 0.0802621 0.117208
334 0.0928493 0.0103857 0.0824637 0.103235
335 0.0931797 0.00816549 0.0850142 0.101345
336 0.0888255 0.00299327 0.0858322 0.0918187
337 0.089426 0.00498299 0.0844431 0.094409
338 0.0889156 0.00376129 0.0851543 0.0926768
339 0.0953718 0.0209873 0.0743845 0.116359
340 0.0879546 0.00427519 0.0836794 0.0922298
341 0.0958522 0.0130034 0.0828488 0.108856
342 0.0886753 0.00302399 0.0856513 0.0916993
343 0.0888555 0.00640461 0.0824509 0.0952601
344 0.101137 0.0153358 0.0858015 0.116473
345 0.0868436 0.0023978 0.0844458 0.0892414
346 0.0887654 0.00526183 0.0835036 0.0940272
347 0.0890357 0.00610296 0.0829327 0.0951386
348 0.0937202 0.0110826 0.0826376 0.104803
349 0.0951315 0.0148489 0.0802827 0.10998
350 0.0936301 0.0147703 0.0788598 0.1084
351 0.0868135 0.00212951 0.084684 0.088943
352 0.091408 0.00500538 0.0864026 0.0964133
353 0.0902368 0.00665701 0.0835798 0.0968938
354 0.0984948 0.0155316 0.0829631 0.114026
355 0.0909575 0.00569196 0.0852656 0.0966495
356 0.092519 0.0113281 0.081191 0.103847
357 0.0892459 0.0057571 0.0834888 0.095003
358 0.0900266 0.00569568 0.0843309 0.0957223
359 0.0942907 0.0150078 0.0792829 0.109299
360 0.0886753 0.00546501 0.0832103 0.0941403
361 0.0898464 0.00627424 0.0835722 0.0961207
362 0.0906572 0.00776751 0.0828897 0.0984247
363 0.0878645 0.00574988 0.0821147 0.0936144
364 0.0952216 0.0160088 0.0792128 0.11123
365 0.0894861 0.00695608 0.08253 0.0964422
366 0.0884952 0.00588451 0.0826106 0.0943797
367 0.0918884 0.00793354 0.0839549 0.099822
368 0.0884651 0.0019928 0.0864723 0.0904579
369 0.0972035 0.0129932 0.0842103 0.110197
370 0.0887354 0.00150893 0.0872265 0.0902443
371 0.0866033 0.00177247 0.0848309 0.0883758
372 0.0859727 0.00164502 0.0843277 0.0876177
373 0.0912278 0.0113831 0.0798446 0.102611
374 0.089336 0.0131032 0.0762327 0.102439
375 0.0880147 0.0100983 0.0779164 0.098113
376 0.0843211 0.00101211 0.083309 0.0853332
377 0.0896062 0.00810246 0.0815038 0.0977087
378 0.0906272 0.0103098 0.0803174 0.100937
379 0.085252 0.0052674 0.0799846 0.0905194
380 0.0848316 0.00257707 0.0822546 0.0874087
381 0.0871138 0.00698899 0.0801248 0.0941028
382 0.0868436 0.00814641 0.0786971 0.09499
383 0.0844412 0.00378602 0.0806552 0.0882273
384 0.0861529 0.00723995 0.0789129 0.0933929
385 0.089366 0.0111141 0.0782519 0.10048
386 0.0967231 0.0145765 0.0821466 0.1113
387 0.085192 0.00172529 0.0834667 0.0869173
388 0.0860028 0.00388338 0.0821194 0.0898861
389 0.0842911 0.00185135 0.0824398 0.0861425
390 0.0920986 0.0102434 0.0818552 0.102342
391 0.0877144 0.00820558 0.0795088 0.09592
392 0.0892158 0.00878924 0.0804266 0.0980051
393 0.0837806 0.00406001 0.0797206 0.0878406
394 0.0896963 0.0125433 0.077153 0.10224
395 0.0890957 0.00944078 0.0796549 0.0985365
396 0.0874441 0.00917804 0.0782661 0.0966222
397 0.0873841 0.00644748 0.0809366 0.0938316
398 0.0850118 0.00538925 0.0796226 0.090401
399 0.0912578 0.0134196 0.0778383 0.104677
400 0.0899966 0.0118422 0.0781544 0.101839
401 0.0909575 0.0126474 0.0783101 0.103605
402 0.0855523 0.00574243 0.0798099 0.0912947
403 0.0846815 0.00579176 0.0788897 0.0904732
404 0.0900567 0.00845883 0.0815978 0.0985155
405 0.0890657 0.00798475 0.0810809 0.0970504
406 0.0869036 0.0104189 0.0764847 0.0973226
407 0.0872039 0.00844789 0.078756 0.0956518
408 0.0902669 0.0105505 0.0797163 0.100817
409 0.0910176 0.0107363 0.0802813 0.101754
410 0.0881648 0.0109424 0.0772224 0.0991072
411 0.0851019 0.00202422 0.0830777 0.0871261
412 0.0953417 0.0202392 0.0751025 0.115581
413 0.0913479 0.00828689 0.083061 0.0996348
414 0.0854622 0.00140976 0.0840525 0.086872
415 0.0906572 0.0115769 0.0790804 0.102234
416 0.0908674 0.00946572 0.0814017 0.100333
417 0.0906873 0.0106786 0.0800086 0.101366
418 0.092459 0.0147719 0.077687 0.107231
419 0.0879546 0.00627661 0.081678 0.0942312
420 0.0893059 0.00763254 0.0816734 0.0969385
421 0.0939004 0.0105384 0.0833619 0.104439
422 0.0867835 0.00550603 0.0812775 0.0922895
423 0.0870838 0.00530586 0.0817779 0.0923897
424 0.0978341 0.0285015 0.0693327 0.126336
425 0.0886453 0.00564479 0.0830005 0.0942901
426 0.0946811 0.0154898 0.0791913 0.110171
427 0.0875342 0.00431884 0.0832154 0.0918531
428 0.0887054 0.00541387 0.0832915 0.0941192
429 0.0864532 0.00432968 0.0821235 0.0907829
430 0.0875643 0.0053062 0.0822581 0.0928705
431 0.0849517 0.00131202 0.0836397 0.0862638
432 0.090417 0.0107949 0.0796221 0.101212
433 0.084201 0.00366844 0.0805326 0.0878695
434 0.09354 0.0143066 0.0792334 0.107847
435 0.0843211 0.00477601 0.0795451 0.0890971
436 0.0858526 0.00488918 0.0809634 0.0907418
437 0.0887354 0.0107311 0.0780043 0.0994665
438 0.0900567 0.0126503 0.0774064 0.102707
439 0.0909275 0.0138659 0.0770616 0.104793
440 0.085252 0.00417272 0.0810793 0.0894247
441 0.0885252 0.00974511 0.0787801 0.0982703
442 0.0864532 0.0077617 0.0786915 0.0942149
443 0.0843812 0.002788 0.0815932 0.0871692
444 0.0865733 0.00548642 0.0810869 0.0920597
445 0.0939004 0.0150505 0.0788499 0.108951
446 0.0857025 0.00277243 0.08293 0.0884749
447 0.0855523 0.00394614 0.0816062 0.0894985
448 0.0859727 0.00441956 0.0815532 0.0903923
449 0.0854022 0.00555526 0.0798469 0.0909574
450 0.0893059 0.0118842 0.0774218 0.10119
451 0.0860928 0.00537181 0.080721 0.0914647
452 0.0882849 0.00940341 0.0788815 0.0976884
453 0.0913779 0.016499 0.0748789 0.107877
454 0.0888555 0.0077256 0.0811299 0.0965811
455 0.0984047 0.0178444 0.0805603 0.116249
456 0.0907773 0.00873428 0.0820431 0.0995116
457 0.0890957 0.00514371 0.083952 0.0942394
458 0.0885552 0.00524509 0.0833101 0.0938003
459 0.0896362 0.00809249 0.0815438 0.0977287
460 0.0923388 0.0109334 0.0814055 0.103272
461 0.0889156 0.00529642 0.0836191 0.094212
462 0.0969633 0.020956 0.0760073 0.117919
463 0.0899966 0.0058507 0.0841459 0.0958473
464 0.100537 0.0210287 0.079508 0.121565
465 0.0905972 0.00644055 0.0841566 0.0970377
466 0.0942607 0.0122173 0.0820434 0.106478
467 0.0884051 0.0019928 0.0864123 0.0903979
468 0.0891558 0.00311332 0.0860425 0.0922691
469 0.0882849 0.00488466 0.0834003 0.0931696
470 0.0894561 0.00632812 0.083128 0.0957842
471 0.0861529 0.00115093 0.085002 0.0873038
472 0.0905671 0.00997863 0.0805885 0.100546
473 0.0971134 0.0248944 0.0722191 0.122008
474 0.0976239 0.0203358 0.0772882 0.11796
475 0.0872339 0.00248442 0.0847495 0.0897184
476 0.0882249 0.00523193 0.082993 0.0934568
477 0.0954619 0.0186365 0.0768253 0.114098
478 0.0866934 0.00131614 0.0853773 0.0880096
479 0.0896062 0.00547515 0.0841311 0.0950814
480 0.0942006 0.0102741 0.0839265 0.104475
481 0.0951616 0.0132919 0.0818696 0.108454
482 0.0896362 0.0068939 0.0827423 0.0965302
483 0.0884351 0.00391356 0.0845215 0.0923487
484 0.0877745 0.0035608 0.0842137 0.0913353
485 0.102429 0.0268883 0.0755402 0.129317
486 0.0869336 0.00198395 0.0849497 0.0889176
487 0.0907473 0.0120989 0.0786484 0.102846
488 0.0866634 0.00208566 0.0845777 0.088749
489 0.0905972 0.00914581 0.0814514 0.099743
490 0.0892459 0.00887535 0.0803705 0.0981212
491 0.0897864 0.0106913 0.0790951 0.100478
492 0.0957922 0.0130845 0.0827077 0.108877
493 0.0917082 0.011097 0.0806112 0.102805
494 0.0889156 0.00781034 0.0811052 0.0967259
495 0.0875643 0.00574832 0.0818159 0.0933126
496 0.0908074 0.0107176 0.0800898 0.101525
497 0.0896963 0.00614684 0.0835495 0.0958431
498 0.0918884 0.0102116 0.0816768 0.1021
499 0.0941706 0.0160373 0.0781333 0.110208
500 0.0936001 0.0131072 0.0804928 0.106707
501 0.0923388 0.0166563 0.0756826 0.108995
502 0.0910176 0.0123466 0.078671 0.103364
503 0.0866634 0.00360147 0.0830619 0.0902649
504 0.0895161 0.0146905 0.0748256 0.104207
505 0.0890957 0.00885221 0.0802435 0.0979479
506 0.0927893 0.013659 0.0791303 0.106448
507 0.0892158 0.00846735 0.0807485 0.0976832
508 0.0874742 0.00497257 0.0825016 0.0924467
509 0.0829098 0.00100899 0.0819008 0.0839188
510 0.0868736 0.0108911 0.0759825 0.0977646
511 0.0899065 0.0101976 0.0797089 0.100104
512 0.0920085 0.00930721 0.0827013 0.101316
513 0.0885552 0.0108291 0.0777261 0.0993843
514 0.0861829 0.00507124 0.0811117 0.0912542
515 0.095612 0.0154222 0.0801898 0.111034
516 0.0845013 0.000469066 0.0840322 0.0849704
517 0.0879246 0.00597839 0.0819462 0.093903
518 0.0825494 0.00127012 0.0812793 0.0838195
519 0.0907173 0.016645 0.0740723 0.107362
520 0.087264 0.00964409 0.0776199 0.0969081
521 0.0878345 0.00758638 0.0802481 0.0954209
522 0.090447 0.0133152 0.0771318 0.103762
523 0.0885552 0.0150537 0.0735015 0.103609
524 0.0896062 0.00926059 0.0803456 0.0988668
525 0.0866634 0.0073937 0.0792697 0.0940571
526 0.0894561 0.0109253 0.0785308 0.100381
527 0.0863331 0.0111756 0.0751574 0.0975087
528 0.0833002 0.00124683 0.0820533 0.084547
529 0.0849217 0.00507088 0.0798508 0.0899926
530 0.0890657 0.00879411 0.0802716 0.0978598
531 0.0855223 0.0052233 0.080299 0.0907456
532 0.084231 0.00302458 0.0812065 0.0872556
533 0.0922187 0.0112634 0.0809553 0.103482
534 0.0845614 0.00605542 0.0785059 0.0906168
535 0.0876844 0.0113666 0.0763177 0.099051
536 0.0927593 0.0266671 0.0660922 0.119426
537 0.0882549 0.00675677 0.0814982 0.0950117
538 0.0869937 0.00586917 0.0811245 0.0928629
539 0.0965129 0.0240206 0.0724923 0.120533
540 0.0859427 0.00532249 0.0806202 0.0912652
541 0.0964828 0.0270804 0.0694025 0.123563
542 0.0878946 0.00736418 0.0805304 0.0952588
543 0.0977741 0.0314178 0.0663563 0.129192
544 0.0888555 0.0074305 0.081425 0.096286
545 0.0952817 0.0173795 0.0779022 0.112661
546 0.0887654 0.00473886 0.0840265 0.0935043
547 0.0867234 0.0014072 0.0853162 0.0881306
548 0.090417 0.00969189 0.0807251 0.100109
549 0.0876543 0.00765407 0.0800003 0.0953084
550 0.0902068 0.00846389 0.0817429 0.0986707
551 0.0932397 0.0112568 0.0819829 0.104497
552 0.088375 0.00541861 0.0829564 0.0937936
553 0.0867835 0.00544509 0.0813384 0.0922286
554 0.0881048 0.00732385 0.0807809 0.0954286
555 0.0902068 0.0103921 0.0798147 0.100599
556 0.0891858 0.00675617 0.0824296 0.095942
557 0.0881648 0.00829167 0.0798732 0.0964565
558 0.0870237 0.00812536 0.0788984 0.0951491
559 0.0866634 0.00567729 0.0809861 0.0923407
560 0.0939304 0.0126256 0.0813048 0.106556
561 0.0926391 0.011953 0.0806861 0.104592
562 0.0840809 0.00150744 0.0825735 0.0855883
563 0.0900567 0.0117952 0.0782614 0.101852
564 0.0873841 0.00774023 0.0796438 0.0951243
565 0.0894561 0.00648853 0.0829675 0.0959446
566 0.0835704 0.00163403 0.0819364 0.0852044
567 0.0850418 0.00589638 0.0791454 0.0909382
568 0.0867535 0.00698641 0.0797671 0.0937399
569 0.0876543 0.00841608 0.0792383 0.0960704
570 0.0847115 0.00655765 0.0781539 0.0912692
571 0.0847115 0.00568086 0.0790306 0.0903924
572 0.0839308 0.00520332 0.0787274 0.0891341
573 0.0863631 0.00783886 0.0785242 0.094202
574 0.0881048 0.0126878 0.0754169 0.100793
575 0.0816185 0.0014821 0.0801364 0.0831006
576 0.0922788 0.0162711 0.0760076 0.10855
577 0.0837206 0.00560954 0.078111 0.0893301
578 0.0933298 0.0137838 0.0795461 0.107114
579 0.0849818 0.00642085 0.0785609 0.0914026
580 0.0839608 0.00353322 0.0804276 0.087494
581 0.0892158 0.0130951 0.0761207 0.102311
582 0.0897263 0.00600398 0.0837224 0.0957303
583 0.0867835 0.00119362 0.0855899 0.0879771
584 0.0945009 0.0129257 0.0815752 0.107427
585 0.0930295 0.00975251 0.083277 0.102782
586 0.0898164 0.00606918 0.0837472 0.0958856
587 0.0885252 0.00309982 0.0854254 0.091625
588 0.0890957 0.00601486 0.0830809 0.0951106
589 0.0878946 0.00305956 0.084835 0.0909541
590 0.0942006 0.0141774 0.0800233 0.108378
591 0.0954619 0.0141732 0.0812887 0.109635
592 0.0909875 0.00703087 0.0839567 0.0980184
593 0.0938103 0.0132088 0.0806015 0.107019
594 0.0899666 0.0087148 0.0812518 0.0986814
595 0.0875042 0.00317853 0.0843257 0.0906827
596 0.0919785 0.00862938 0.0833491 0.100608
597 0.0887954 0.00519083 0.0836046 0.0939863
598 0.0912878 0.0101673 0.0811205 0.101455
599 0.0859727 0.0015664 0.0844063 0.0875391
600 0.0867234 0.0017396 0.0849838 0.088463
601 0.0860028 0.00289962 0.0831031 0.0889024
602 0.0866934 0.00306545 0.083628 0.0897589
603 0.0872039 0.00532994 0.081874 0.0925338
604 0.0878946 0.00816217 0.0797324 0.0960567
605 0.0901467 0.0103969 0.0797498 0.100544
606 0.0863931 0.00354811 0.082845 0.0899412
607 0.0881048 0.00733492 0.0807699 0.0954397
608 0.0899065 0.00962256 0.0802839 0.0995291
609 0.0902669 0.0109267 0.0793401 0.101194
610 0.0915581 0.0110989 0.0804592 0.102657
611 0.0876543 0.00403204 0.0836223 0.0916864
612 0.0860928 0.00172529 0.0843675 0.0878181
613 0.0913479 0.012084 0.0792639 0.103432
614 0.0878045 0.00771713 0.0800874 0.0955216
615 0.089396 0.0126778 0.0767182 0.102074
616 0.0911978 0.0074057 0.083792 0.0986035
617 0.0879847 0.00549947 0.0824852 0.0934841
618 0.0875342 0.00601066 0.0815236 0.0935449
619 0.0971735 0.032226 0.0649475 0.129399
620 0.0893059 0.00752306 0.0817829 0.096829
621 0.0858826 0.00239479 0.0834878 0.0882774
622 0.0885252 0.00878138 0.0797438 0.0973066
623 0.0856124 0.00187266 0.0837397 0.087485
624 0.092519 0.0100248 0.0824942 0.102544
625 0.0880747 0.00615709 0.0819177 0.0942318
626 0.0868736 0.00647824 0.0803953 0.0933518
627 0.0869336 0.0101587 0.076775 0.0970923
628 0.0846214 0.00594056 0.0786809 0.090562
629 0.0889156 0.0118342 0.0770814 0.10075
630 0.0849818 0.00518205 0.0797997 0.0901638
631 0.0843512 0.00357445 0.0807767 0.0879256
632 0.0840509 0.00125584 0.082795 0.0853067
633 0.0885252 0.00588106 0.0826441 0.0944062
634 0.0882549 0.0103349 0.07792 0.0985898
635 0.0926992 0.0190361 0.0736631 0.111735
636 0.0814384 0.00119211 0.0802462 0.0826305
637 0.0878045 0.00876124 0.0790433 0.0965657
638 0.0818287 0.00156179 0.0802669 0.0833905
639 0.0875342 0.0112095 0.0763248 0.0987437
640 0.085252 0.00317924 0.0820728 0.0884313
641 0.0909575 0.0157435 0.075214 0.106701
642 0.0860328 0.00756615 0.0784666 0.0935989
643 0.0888855 0.0160754 0.0728101 0.104961
644 0.0840509 0.0030725 0.0809784 0.0871234
645 0.0854322 0.00731898 0.0781132 0.0927512
646 0.0825494 0.000636301 0.0819131 0.0831857
647 0.0920986 0.0169071 0.0751915 0.109006
648 0.0881648 0.010892 0.0772728 0.0990568
649 0.0866934 0.00706037 0.079633 0.0937538
650 0.0918284 0.0205481 0.0712803 0.112376
651 0.0849217 0.0056288 0.0792929 0.0905505
652 0.0887054 0.00990608 0.0787993 0.0986114
653 0.0845313 0.00522408 0.0793073 0.0897554
654 0.0837206 0.00197279 0.0817478 0.0856933
655 0.0843211 0.0035551 0.080766 0.0878762
656 0.0886453 0.0168504 0.0717949 0.105496
657 0.0850719 0.00526671 0.0798051 0.0903386
658 0.0826395 0.00223024 0.0804093 0.0848698
659 0.0827296 0.00226813 0.0804615 0.0849977
660 0.0899065 0.0149971 0.0749094 0.104904
661 0.0906572 0.0129288 0.0777284 0.103586
662 0.0845614 0.00744595 0.0771154 0.0920073
663 0.0850719 0.00734702 0.0777248 0.0924189
664 0.0839007 0.0034138 0.0804869 0.0873145
665 0.0955219 0.0118768 0.0836452 0.107399
666 0.0884651 0.00905181 0.0794133 0.0975169
667 0.0865132 0.00914324 0.07737 0.0956565
668 0.0818588 0.00160704 0.0802517 0.0834658
669 0.084231 0.00519986 0.0790312 0.0894309
670 0.0869336 0.011236 0.0756977 0.0981696
671 0.0877144 0.00675543 0.080959 0.0944698
672 0.0859727 0.00233782 0.0836349 0.0883105
673 0.0874141 0.00554755 0.0818666 0.0929617
674 0.0889156 0.00581732 0.0830982 0.0947329
675 0.0923388 0.016089 0.0762498 0.108428
676 0.0842611 0.00144763 0.0828134 0.0857087
677 0.0878645 0.00678706 0.0810775 0.0946516
678 0.0845614 0.00190488 0.0826565 0.0864662
679 0.0888255 0.00955164 0.0792738 0.0983771
680 0.0833602 0.00190488 0.0814553 0.0852651
681 0.0860028 0.00603902 0.0799637 0.0920418
682 0.0892759 0.00621105 0.0830649 0.0954869
683 0.0892459 0.0104264 0.0788195 0.0996723
684 0.0828497 0.00100001 0.0818497 0.0838497
685 0.0838106 0.00560254 0.0782081 0.0894132
686 0.0916182 0.0167126 0.0749055 0.108331
687 0.0848917 0.00618048 0.0787112 0.0910722
688 0.0840809 0.00548305 0.0785979 0.089564
689 0.0819188 0.00164365 0.0802752 0.0835625
690 0.0847716 0.00555989 0.0792117 0.0903315
691 0.0846815 0.00656528 0.0781162 0.0912468
692 0.087294 0.00776124 0.0795328 0.0950552
693 0.0833302 0.00279204 0.0805381 0.0861222
694 0.0879847 0.00880108 0.0791836 0.0967857
695 0.0903569 0.0100158 0.0803411 0.100373
696 0.0839908 0.00550774 0.0784831 0.0894986
697 0.0823693 0.000911316 0.0814579 0.0832806
698 0.0844413 0.00503519 0.0794061 0.0894764
699 0.0834203 0.00226634 0.0811539 0.0856866
700 0.103359 0.0251512 0.0782083 0.128511
701 0.085252 0.00957677 0.0756753 0.0948288
702 0.0860628 0.00684 0.0792228 0.0929028
703 0.082099 0.00113317 0.0809658 0.0832322
704 0.0866033 0.0115517 0.0750516 0.0981551
705 0.0974438 0.0200719 0.0773719 0.117516
706 0.0850118 0.00110292 0.0839089 0.0861147
707 0.0906873 0.0109381 0.0797492 0.101625
708 0.0876543 0.00387 0.0837843 0.0915243
709 0.0857325 0.0029765 0.082756 0.088709
710 0.0920986 0.00950266 0.082596 0.101601
711 0.090387 0.00523055 0.0851564 0.0956175
712 0.0988551 0.0215706 0.0772845 0.120426
713 0.0892158 0.00560415 0.0836117 0.09482
714 0.0896062 0.00532486 0.0842814 0.0949311
715 0.0927593 0.0106655 0.0820938 0.103425
716 0.0907773 0.00706165 0.0837157 0.097839
717 0.0895462 0.00495395 0.0845922 0.0945001
718 0.0936601 0.0179076 0.0757525 0.111568
719 0.0953117 0.0114993 0.0838124 0.106811
720 0.0906572 0.0107018 0.0799554 0.101359
721 0.0899365 0.00590012 0.0840364 0.0958367
722 0.0871138 0.00128424 0.0858296 0.0883981
723 0.0920085 0.0108389 0.0811696 0.102847
724 0.092519 0.00876767 0.0837514 0.101287
725 0.0895762 0.00537517 0.084201 0.0949514
726 0.092489 0.0108387 0.0816503 0.103328
727 0.0875943 0.00250899 0.0850853 0.0901033
728 0.0941106 0.0134924 0.0806181 0.107603
729 0.0895462 0.00322807 0.0863181 0.0927742
730 0.0896362 0.00544882 0.0841874 0.0950851
731 0.0968132 0.0191993 0.0776138 0.116012
732 0.0896663 0.00516497 0.0845013 0.0948312
733 0.0869336 0.00148484 0.0854488 0.0884185
734 0.0929094 0.00921276 0.0836966 0.102122
735 0.0896362 0.00315017 0.0864861 0.0927864
736 0.0897263 0.00467101 0.0850553 0.0943973
737 0.0888255 0.0048972 0.0839283 0.0937227
738 0.0961825 0.018802 0.0773805 0.114985
739 0.0890957 0.00565955 0.0834362 0.0947553
740 0.0898765 0.00829586 0.0815806 0.0981723
741 0.0899065 0.0070465 0.08286 0.096953
742 0.0882249 0.0055886 0.0826363 0.0938135
743 0.0919184 0.00799745 0.083921 0.0999159
744 0.0905972 0.00835435 0.0822428 0.0989515
745 0.0959423 0.0140041 0.0819383 0.109946
746 0.0922488 0.0154716 0.0767771 0.10772
747 0.0878946 0.00564519 0.0822494 0.0935398
748 0.0878045 0.00505557 0.0827489 0.0928601
749 0.0920085 0.0153213 0.0766872 0.10733
750 0.0919485 0.0117902 0.0801583 0.103739
751 0.0912878 0.00900967 0.0822782 0.100298
752 0.0876543 0.00602444 0.0816299 0.0936788
753 0.0885552 0.0078896 0.0806656 0.0964448
754 0.0921887 0.0145403 0.0776484 0.106729
755 0.0858526 0.00564743 0.0802052 0.0915
756 0.0843512 0.0013257 0.0830255 0.0856769
757 0.0849217 0.0104342 0.0744875 0.0953559
758 0.0827296 0.00189087 0.0808387 0.0846205
759 0.0890056 0.0126857 0.0763199 0.101691
760 0.0833002 0.00161264 0.0816875 0.0849128
761 0.0867535 0.0108424 0.075911 0.0975959
762 0.0853721 0.00493069 0.0804415 0.0903028
763 0.088345 0.0109988 0.0773462 0.0993438
764 0.0855523 0.00665863 0.0788937 0.092211
765 0.0833602 0.00697446 0.0763857 0.0903347
766 0.0824293 0.00572954 0.0766998 0.0881589
767 0.0869036 0.012985 0.0739186 0.0998886
768 0.0887954 0.0100083 0.0787872 0.0988037
769 0.0888855 0.0152581 0.0736274 0.104144
770 0.0864832 0.00778438 0.0786988 0.0942676
771 0.0847415 0.00313166 0.0816099 0.0878732
772 0.0901768 0.0107561 0.0794207 0.100933
773 0.0849217 0.0024462 0.0824755 0.0873679
774 0.0864232 0.00516252 0.0812606 0.0915857
775 0.0868135 0.00722249 0.079591 0.094036
776 0.086213 0.00878 0.077433 0.094993
777 0.0838407 0.00263091 0.0812098 0.0864716
778 0.0836905 0.00169896 0.0819916 0.0853895
779 0.0839908 0.00259728 0.0813935 0.0865881
780 0.0918884 0.0140444 0.077844 0.105933
781 0.0902068 0.0120395 0.0781673 0.102246
782 0.086273 0.0105735 0.0756996 0.0968465
783 0.0826095 0.00146774 0.0811417 0.0840772
784 0.0827897 0.00112398 0.0816657 0.0839136
785 0.0880447 0.00855776 0.079487 0.0966025
786 0.0848917 0.00377708 0.0811146 0.0886688
787 0.0850719 0.00596215 0.0791097 0.091034
788 0.0882249 0.00968012 0.0785448 0.097905
789 0.0859127 0.00827453 0.0776381 0.0941872
790 0.0841109 0.0031191 0.0809918 0.08723
791 0.0899065 0.0146682 0.0752383 0.104575
792 0.0842911 0.00229107 0.082 0.0865822
793 0.088345 0.0082334 0.0801116 0.0965784
794 0.0844713 0.00138296 0.0830883 0.0858542
795 0.0846214 0.00553184 0.0790896 0.0901533
796 0.0856724 0.00639136 0.0792811 0.0920638
797 0.0934499 0.0148227 0.0786272 0.108273
798 0.0840509 0.00153383 0.082517 0.0855847
799 0.0864532 0.00531511 0.0811381 0.0917683
