# ../output/graphs/perf_parallel72QUADRUPED_thread3
# step - mean (0.357662) - standard deviation (0.0779053) r=2 - ylow - yhigh
0 0.376548 0.140484 0.236064 0.517032
1 0.419955 0.0235209 0.396434 0.443476
2 0.414182 0.00833918 0.405843 0.422521
3 0.34255 0.0816817 0.260868 0.424232
4 0.34704 0.0951528 0.251887 0.442193
5 0.404132 0.00427657 0.399855 0.408409
6 0.695791 0.283962 0.41183 0.979753
7 0.420597 0.0138986 0.406698 0.434495
8 0.410333 0.00662863 0.403704 0.416962
9 0.402421 0.000427648 0.401994 0.402849
10 0.405201 0.016037 0.389164 0.421238
11 0.422307 0.00833924 0.413968 0.430646
12 0.407981 0.000427589 0.407553 0.408408
13 0.330576 0.0671415 0.263434 0.397717
14 0.337204 0.0746254 0.262579 0.41183
15 0.338701 0.0718457 0.266855 0.410547
16 0.326085 0.0686383 0.257447 0.394724
17 0.32523 0.0613682 0.263862 0.386598
18 0.265786 0.00106922 0.264717 0.266855
19 0.259799 0.0019244 0.257875 0.261724
20 0.394724 0.0265145 0.368209 0.421238
21 0.26322 0.00235206 0.260868 0.265572
22 0.260654 0.0121881 0.248466 0.272843
23 0.259585 0.00213832 0.257447 0.261724
24 0.250605 0.00213832 0.248466 0.252743
25 0.339984 0.0765499 0.263434 0.416534
26 0.333783 0.0818955 0.251888 0.415679
27 0.339343 0.0724872 0.266855 0.41183
28 0.331859 0.0786881 0.25317 0.410547
29 0.331431 0.0748392 0.256592 0.40627
30 0.344902 0.0793296 0.265572 0.424232
31 0.259799 0.00406271 0.255736 0.263862
32 0.350248 0.0795434 0.270704 0.429791
33 0.341053 0.0840338 0.257019 0.425087
34 0.33977 0.0652171 0.274553 0.404987
35 0.340198 0.077619 0.262579 0.417817
36 0.421238 0.00555953 0.415679 0.426798
37 0.424018 0.00064145 0.423376 0.424659
38 0.347682 0.0748392 0.272843 0.422521
39 0.346399 0.0812541 0.265145 0.427653
40 0.263434 0.00256585 0.260868 0.266
41 0.336349 0.0724872 0.263862 0.408836
42 0.331859 0.0735562 0.258302 0.405415
43 0.335494 0.0754808 0.260013 0.410975
44 0.259799 0.00064145 0.259158 0.260441
45 0.263007 0.00641483 0.256592 0.269421
46 0.26151 0.0023521 0.259158 0.263862
47 0.335921 0.0750531 0.260868 0.410975
48 0.266855 0.00598718 0.260868 0.272843
49 0.253171 0.00171061 0.25146 0.254881
50 0.261082 0.00106916 0.260013 0.262151
51 0.333569 0.073984 0.259585 0.407553
52 0.36436 0.0325016 0.331859 0.396862
53 0.382108 0.0228795 0.359228 0.404987
54 0.398145 0.00427653 0.393868 0.402421
55 0.415037 0.000213802 0.414823 0.415251
56 0.406056 0.00577328 0.400283 0.41183
57 0.397503 0.00192446 0.395579 0.399428
58 0.326085 0.0707765 0.255309 0.396862
59 0.379114 0.116963 0.262151 0.496077
60 0.412471 0.0083393 0.404132 0.420811
61 0.33806 0.0780466 0.260013 0.416106
62 0.318815 0.0754808 0.243334 0.394296
63 0.333355 0.0746254 0.25873 0.407981
64 0.432357 0.0295081 0.402849 0.461865
65 0.256592 0.00128296 0.255309 0.257875
66 0.249963 0.00106916 0.248894 0.251032
67 0.334425 0.0778328 0.256592 0.412257
68 0.26151 0.0023521 0.259158 0.263862
69 0.268994 0.00769773 0.261296 0.276691
70 0.33977 0.0818956 0.257875 0.421666
71 0.437275 0.0134711 0.423804 0.450746
72 0.42915 0.00320736 0.425942 0.432357
73 0.419955 0.0136849 0.40627 0.43364
74 0.424445 0.00363506 0.42081 0.428081
75 0.41632 0.00449038 0.41183 0.42081
76 0.417389 0.012402 0.404987 0.429791
77 0.276264 0.000427604 0.275836 0.276691
78 0.293798 0.030791 0.263007 0.324589
79 0.427225 0.000427648 0.426798 0.427653
80 0.416962 0.00256592 0.414396 0.419528
81 0.423163 0.0138987 0.409264 0.437061
82 0.427653 0.00128295 0.42637 0.428936
83 0.345543 0.0795435 0.266 0.425087
84 0.339984 0.0821093 0.257875 0.422093
85 0.338273 0.0765499 0.261724 0.414823
86 0.341267 0.0620097 0.279257 0.403277
87 0.406484 0.0250176 0.381466 0.431502
88 0.347896 0.0810402 0.266855 0.428936
89 0.351958 0.0872412 0.264717 0.4392
90 0.358159 0.087455 0.270704 0.445614
91 0.281182 0.0156093 0.265572 0.296791
92 0.269421 0.00940834 0.260013 0.27883
93 0.332072 0.067783 0.264289 0.399855
94 0.426584 0.00320742 0.423376 0.429791
95 0.425301 0.000213787 0.425087 0.425515
96 0.375052 0.0564501 0.318601 0.431502
97 0.27156 0.011119 0.260441 0.282679
98 0.353455 0.0853168 0.268138 0.438772
99 0.433854 0.0100498 0.423804 0.443904
100 0.433212 0.00598712 0.427225 0.4392
101 0.430433 0.00705628 0.423376 0.437489
102 0.428294 0.00919454 0.4191 0.437489
103 0.360084 0.0688521 0.291232 0.428936
104 0.448822 0.187098 0.261724 0.63592
105 0.337632 0.0780466 0.259585 0.415679
106 0.338915 0.0797573 0.259158 0.418672
107 0.424446 0.0207412 0.403704 0.445187
108 0.444117 0.00449036 0.439627 0.448608
109 0.427867 0.0100499 0.417817 0.437917
110 0.430646 0.00256591 0.428081 0.433212
111 0.423376 0.00384887 0.419528 0.427225
112 0.351745 0.0703489 0.281396 0.422093
113 0.341053 0.0630788 0.277974 0.404132
114 0.445187 0.0034212 0.441765 0.448608
115 0.438344 0.0106914 0.427653 0.449036
116 0.367781 0.106058 0.261724 0.473839
117 0.337418 0.0701351 0.267283 0.407553
118 0.415251 0.00213826 0.413113 0.417389
119 0.402208 0.00406273 0.398145 0.40627
120 0.33806 0.076336 0.261724 0.414396
121 0.333569 0.0744116 0.259158 0.407981
122 0.425942 0.00299355 0.422949 0.428936
123 0.340626 0.078902 0.261724 0.419528
124 0.419527 0.000855356 0.418672 0.420383
125 0.343833 0.0774052 0.266428 0.421238
126 0.40905 0.0143263 0.394724 0.423376
127 0.262793 0.00149687 0.261296 0.26429
128 0.352172 0.0836061 0.268566 0.435778
129 0.360084 0.0898071 0.270277 0.449891
130 0.36265 0.0833923 0.279257 0.446042
131 0.340198 0.080185 0.260013 0.420383
132 0.437489 0.00299363 0.434495 0.440483
133 0.429577 0.0023521 0.427225 0.431929
134 0.425729 0.00064145 0.425087 0.42637
135 0.422093 0.0153955 0.406698 0.437489
136 0.432999 0.0203135 0.412685 0.453312
137 0.277547 0.00555947 0.271987 0.283106
138 0.347468 0.0844615 0.263007 0.431929
139 0.346827 0.0833922 0.263434 0.430219
140 0.34255 0.085103 0.257447 0.427653
141 0.33977 0.0720595 0.267711 0.41183
142 0.356449 0.0712043 0.285244 0.427653
143 0.356021 0.0720595 0.283962 0.428081
144 0.346185 0.0814679 0.264717 0.427653
145 0.427867 0.00363506 0.424232 0.431502
146 0.421452 0.00320742 0.418245 0.424659
147 0.422735 0.00876689 0.413968 0.431502
148 0.415679 0.00427657 0.411402 0.419955
149 0.40178 0.00534561 0.396434 0.407126
150 0.41461 0.00406273 0.410547 0.418672
151 0.422735 0.00106916 0.421666 0.423804
152 0.432571 0.00192446 0.430646 0.434495
153 0.346399 0.0714181 0.274981 0.417817
154 0.347254 0.0902347 0.257019 0.437489
155 0.336991 0.0765499 0.260441 0.41354
156 0.333997 0.0761223 0.257875 0.410119
157 0.253598 0.00470418 0.248894 0.258302
158 0.331645 0.0831785 0.248466 0.414823
159 0.323733 0.0679968 0.255736 0.39173
160 0.372058 0.071418 0.30064 0.443476
161 0.270918 0.00277977 0.268138 0.273698
162 0.259799 0.00064145 0.259158 0.260441
163 0.264931 0.00277977 0.262151 0.267711
164 0.410761 0.0173199 0.393441 0.428081
165 0.35987 0.0763361 0.283534 0.436206
166 0.344688 0.0833923 0.261296 0.428081
167 0.337846 0.0756945 0.262151 0.41354
168 0.271132 0.00812538 0.263007 0.279257
169 0.264289 0.00427657 0.260013 0.268566
170 0.255095 0.00064145 0.254454 0.255736
171 0.336135 0.0859583 0.250177 0.422093
172 0.268138 0.00213826 0.266 0.270277
173 0.405415 0.00855309 0.396862 0.413968
174 0.410547 0.0021382 0.408409 0.412685
175 0.408622 0.00449032 0.404132 0.413113
176 0.373769 0.0500354 0.323733 0.423804
177 0.336349 0.0797572 0.256592 0.416106
178 0.337204 0.0806126 0.256592 0.417817
179 0.417175 0.00363508 0.41354 0.42081
180 0.406056 0.00491796 0.401138 0.410974
181 0.425087 0.0166785 0.408408 0.441765
182 0.415465 0.00277971 0.412685 0.418245
183 0.332072 0.0771914 0.254881 0.409264
184 0.409905 0.0023521 0.407553 0.412257
185 0.400925 0.0010691 0.399856 0.401994
186 0.338273 0.0791158 0.259158 0.417389
187 0.421452 0.152031 0.269421 0.573482
188 0.257661 0.00064145 0.257019 0.258302
189 0.28332 0.0211688 0.262151 0.304489
190 0.416106 0.00171055 0.414396 0.417817
191 0.34704 0.0759084 0.271132 0.422949
192 0.362436 0.100712 0.261724 0.463148
193 0.338273 0.0782605 0.260013 0.416534
194 0.356876 0.0395579 0.317318 0.396434
195 0.340412 0.0692797 0.271132 0.409691
196 0.333142 0.0774051 0.255737 0.410547
197 0.336563 0.0786881 0.257875 0.415251
198 0.33528 0.0658585 0.269421 0.401138
199 0.25317 0.00299361 0.250177 0.256164
200 0.284175 0.0263007 0.257875 0.310476
201 0.262151 0.00598717 0.256164 0.268138
202 0.343833 0.0791159 0.264717 0.422949
203 0.347896 0.0789019 0.268994 0.426798
204 0.351958 0.082537 0.269421 0.434495
205 0.35538 0.0842476 0.271132 0.439627
206 0.272629 0.000213802 0.272415 0.272843
207 0.270063 0.00363506 0.266428 0.273698
208 0.265786 0.00449036 0.261296 0.270277
209 0.418244 0.00299355 0.415251 0.421238
210 0.341267 0.0769775 0.264289 0.418245
211 0.342336 0.0865997 0.255736 0.428936
212 0.351103 0.0778328 0.27327 0.428936
213 0.427439 0.00876689 0.418672 0.436206
214 0.420383 0.00940832 0.410975 0.429791
215 0.404987 0.00427657 0.400711 0.409264
216 0.352172 0.0797573 0.272415 0.431929
217 0.33528 0.0761222 0.259158 0.411402
218 0.350462 0.0797572 0.270704 0.430219
219 0.337632 0.0780466 0.259585 0.415679
220 0.429364 0.00213826 0.427225 0.431502
221 0.33977 0.0720595 0.267711 0.41183
222 0.337204 0.065217 0.271987 0.402421
223 0.339556 0.0821094 0.257447 0.421666
224 0.433426 0.0130434 0.420383 0.44647
225 0.428294 0.00235212 0.425942 0.430646
226 0.267497 0.000641495 0.266855 0.268138
227 0.310048 0.018389 0.291659 0.328437
228 0.279044 0.00791164 0.271132 0.286955
229 0.309407 0.0425514 0.266855 0.351958
230 0.264503 0.00192446 0.262579 0.266428
231 0.348323 0.0831785 0.265145 0.431502
232 0.339556 0.0851029 0.254454 0.424659
233 0.277761 0.00705628 0.270704 0.284817
234 0.416962 0.0136849 0.403277 0.430646
235 0.42637 0.00898068 0.417389 0.435351
236 0.416748 0.0121881 0.40456 0.428936
237 0.422949 0.0141126 0.408836 0.437061
238 0.417817 0.00171061 0.416106 0.419528
239 0.416962 0.0188167 0.398145 0.435778
240 0.334425 0.0735563 0.260868 0.407981
241 0.339129 0.0812541 0.257875 0.420383
242 0.345971 0.0667139 0.279257 0.412685
243 0.275836 0.00727014 0.268566 0.283106
244 0.257875 0.000855297 0.257019 0.25873
245 0.328224 0.0694936 0.25873 0.397717
246 0.340198 0.0806126 0.259585 0.42081
247 0.266 0.00727008 0.25873 0.27327
248 0.270063 0.0143264 0.255736 0.284389
249 0.360939 0.0735563 0.287383 0.434495
250 0.353027 0.0968634 0.256164 0.449891
251 0.344688 0.0795435 0.265145 0.424232
252 0.330362 0.0566641 0.273698 0.387026
253 0.248894 0.00342122 0.245473 0.252315
254 0.248466 0.00128296 0.247183 0.249749
255 0.247397 0.00277971 0.244617 0.250177
256 0.259585 0.000427708 0.259158 0.260013
257 0.258516 0.0113328 0.247183 0.269849
258 0.354952 0.0722733 0.282679 0.427225
259 0.345544 0.0855306 0.260013 0.431074
260 0.346399 0.0786881 0.267711 0.425087
261 0.336777 0.0724871 0.26429 0.409264
262 0.349392 0.0722734 0.277119 0.421666
263 0.255309 0.000855312 0.254453 0.256164
264 0.260227 0.00491802 0.255309 0.265145
265 0.254667 0.00277971 0.251888 0.257447
266 0.3325 0.0690659 0.263434 0.401566
267 0.349179 0.0818955 0.267283 0.431074
268 0.363291 0.0532428 0.310048 0.416534
269 0.3325 0.0831785 0.249322 0.415679
270 0.267283 0.00855303 0.25873 0.275836
271 0.326085 0.0712042 0.254881 0.39729
272 0.323519 0.0690659 0.254454 0.392585
273 0.332714 0.0769775 0.255736 0.409691
274 0.263007 0.000427708 0.262579 0.263434
275 0.331645 0.0818955 0.249749 0.41354
276 0.322023 0.0735564 0.248466 0.395579
277 0.329934 0.077619 0.252315 0.407553
278 0.328437 0.0803988 0.248039 0.408836
279 0.252101 0.00363501 0.248466 0.255736
280 0.250818 0.00064151 0.250177 0.25146
281 0.257661 0.00363508 0.254026 0.261296
282 0.368851 0.0575193 0.311331 0.42637
283 0.263007 0.00513181 0.257875 0.268138
284 0.323519 0.0682106 0.255309 0.39173
285 0.266214 0.00791153 0.258302 0.274125
286 0.343833 0.040627 0.303206 0.38446
287 0.262151 0.0012829 0.260868 0.263434
288 0.337204 0.0797572 0.257447 0.416961
289 0.341053 0.0793297 0.261724 0.420383
290 0.418245 0.00727007 0.410975 0.425515
291 0.350462 0.0801849 0.270277 0.430646
292 0.262579 0.00213832 0.260441 0.264717
293 0.314966 0.0609406 0.254026 0.375907
294 0.332072 0.0831785 0.248894 0.415251
295 0.3325 0.080185 0.252315 0.412685
296 0.337418 0.0855306 0.251888 0.422949
297 0.422735 0.00833929 0.414396 0.431074
298 0.348751 0.0831785 0.265572 0.431929
299 0.355593 0.0596576 0.295936 0.415251
300 0.264503 0.00406265 0.260441 0.268566
301 0.308124 0.0562364 0.251887 0.36436
302 0.347682 0.0932284 0.254454 0.44091
303 0.427011 0.0019244 0.425087 0.428936
304 0.426156 0.00662863 0.419527 0.432785
305 0.415892 0.00277977 0.413113 0.418672
306 0.337846 0.0701351 0.267711 0.407981
307 0.270704 0.00555947 0.265145 0.276264
308 0.262365 0.00791164 0.254453 0.270277
309 0.253812 0.0023521 0.25146 0.256164
310 0.33806 0.0823231 0.255737 0.420383
311 0.334425 0.0692797 0.265145 0.403704
312 0.337846 0.0692798 0.268566 0.407126
313 0.41183 0.00171061 0.410119 0.41354
314 0.33699 0.0778328 0.259158 0.414823
315 0.40349 0.00449036 0.399 0.407981
316 0.416748 0.00149675 0.415251 0.418245
317 0.40456 0.00898068 0.395579 0.41354
318 0.324375 0.0635065 0.260868 0.387881
319 0.353027 0.0759084 0.277119 0.428936
320 0.331003 0.0632926 0.267711 0.394296
321 0.330789 0.0699213 0.260868 0.400711
322 0.323733 0.0611544 0.262579 0.384888
323 0.427011 0.0168923 0.410119 0.443904
324 0.34704 0.0729148 0.274125 0.419955
325 0.340839 0.0752669 0.265572 0.416106
326 0.323092 0.0635065 0.259585 0.386598
327 0.274125 0.00513181 0.268994 0.279257
328 0.345544 0.0709904 0.274553 0.416534
329 0.27049 0.000213802 0.270277 0.270704
330 0.422949 0.00213826 0.42081 0.425087
331 0.353669 0.0880965 0.265572 0.441766
332 0.34533 0.0806126 0.264717 0.425942
333 0.393655 0.0134711 0.380183 0.407126
334 0.428722 0.00791158 0.42081 0.436634
335 0.423804 0.011119 0.412685 0.434923
336 0.435992 0.00876689 0.427225 0.444759
337 0.434923 0.000855297 0.434068 0.435778
338 0.351744 0.0686382 0.283106 0.420383
339 0.430433 0.0177476 0.412685 0.44818
340 0.437917 0.00384887 0.434068 0.441765
341 0.440696 0.0113328 0.429363 0.452029
342 0.349179 0.0635065 0.285672 0.412685
343 0.341695 0.0701351 0.27156 0.41183
344 0.338915 0.0737701 0.265145 0.412685
345 0.351103 0.0816817 0.269421 0.432785
346 0.4191 0.00855309 0.410547 0.427653
347 0.406056 0.00192446 0.404132 0.407981
348 0.418886 0.0113327 0.407553 0.430219
349 0.40349 0.00149681 0.401994 0.404987
350 0.437917 0.0106913 0.427225 0.448608
351 0.350889 0.0818956 0.268994 0.432785
352 0.419741 0.00449038 0.415251 0.424232
353 0.367354 0.0829647 0.284389 0.450319
354 0.337846 0.0739839 0.263862 0.41183
355 0.358159 0.0656447 0.292515 0.423804
356 0.437061 0.0149678 0.422093 0.452029
357 0.353027 0.0917315 0.261296 0.444759
358 0.337846 0.0774052 0.260441 0.415251
359 0.410119 0.00171061 0.408409 0.41183
360 0.424018 0.00748393 0.416534 0.431502
361 0.423376 0.00727008 0.416106 0.430646
362 0.44647 0.0106913 0.435778 0.457161
363 0.424873 0.016037 0.408836 0.44091
364 0.43364 0.00898069 0.424659 0.442621
365 0.437703 0.00705622 0.430646 0.444759
366 0.423804 0.00855309 0.415251 0.432357
367 0.42081 0.0128296 0.407981 0.43364
368 0.421452 0.00235206 0.4191 0.423804
369 0.361153 0.0746254 0.286527 0.435778
370 0.416962 0.0188167 0.398145 0.435778
371 0.403704 0.00513183 0.398573 0.408836
372 0.427867 0.00620098 0.421666 0.434068
373 0.422307 0.000213802 0.422093 0.422521
374 0.42359 0.00149676 0.422093 0.425087
375 0.431929 0.00769778 0.424232 0.439627
376 0.422521 0.0115466 0.410975 0.434068
377 0.402208 0.00277971 0.399428 0.404987
378 0.267069 0.00491802 0.262151 0.271987
379 0.278616 0.0156094 0.263006 0.294225
380 0.337632 0.0818956 0.255736 0.419528
381 0.348323 0.067783 0.28054 0.416106
382 0.261724 0.00256591 0.259158 0.264289
383 0.336563 0.0786881 0.257875 0.415251
384 0.32972 0.0692797 0.260441 0.399
385 0.343619 0.0665 0.277119 0.410119
386 0.337632 0.0707766 0.266855 0.408409
387 0.405415 0.0265145 0.3789 0.431929
388 0.427439 0.00534567 0.422093 0.432785
389 0.417817 0 0.417817 0.417817
390 0.264717 0.001283 0.263434 0.266
391 0.258088 0.00705628 0.251032 0.265145
392 0.257661 0.00320742 0.254454 0.260868
393 0.419955 0.00555946 0.414396 0.425515
394 0.41183 0.0115466 0.400283 0.423376
395 0.340839 0.0782605 0.262579 0.4191
396 0.336135 0.0791158 0.257019 0.415251
397 0.334425 0.0765498 0.257875 0.410974
398 0.414396 0.00513183 0.409264 0.419528
399 0.342336 0.0729149 0.269421 0.415251
400 0.418245 0.000427604 0.417817 0.418672
401 0.335066 0.0639341 0.271132 0.399
402 0.341267 0.081254 0.260013 0.422521
403 0.410761 0.00491796 0.405843 0.415679
404 0.329293 0.0739839 0.255309 0.403277
405 0.327154 0.0731286 0.254026 0.400283
406 0.271132 0.011119 0.260013 0.282251
407 0.259158 0.009836 0.249322 0.268994
408 0.26322 0.014754 0.248466 0.277974
409 0.33806 0.0865997 0.25146 0.424659
410 0.331431 0.0688521 0.262579 0.400283
411 0.323306 0.0692798 0.254026 0.392585
412 0.335066 0.0737701 0.261296 0.408836
413 0.411402 0.00513187 0.40627 0.416534
414 0.445187 0.001283 0.443904 0.44647
415 0.416748 0.00662857 0.410119 0.423376
416 0.354738 0.0840338 0.270704 0.438772
417 0.290162 0.036992 0.25317 0.327154
418 0.275622 0.0113329 0.264289 0.286955
419 0.33977 0.0741978 0.265572 0.413968
420 0.269849 0.00171061 0.268138 0.27156
421 0.418458 0.0186029 0.399855 0.437061
422 0.425087 0.00470416 0.420383 0.429791
423 0.341481 0.0836061 0.257875 0.425087
424 0.336777 0.0754808 0.261296 0.412257
425 0.330789 0.0767637 0.254026 0.407553
426 0.344474 0.0746254 0.269849 0.4191
427 0.270277 0.0102636 0.260013 0.28054
428 0.263007 0.00470422 0.258302 0.267711
429 0.39451 0.00620092 0.388309 0.400711
430 0.409905 0.000213787 0.409691 0.410119
431 0.357518 0.0855306 0.271987 0.443048
432 0.33699 0.0701351 0.266855 0.407126
433 0.299571 0.0327154 0.266855 0.332286
434 0.333997 0.0778328 0.256164 0.41183
435 0.40905 0.000213787 0.408836 0.409264
436 0.412471 0.00149675 0.410975 0.413968
437 0.42081 0.000855371 0.419955 0.421666
438 0.413968 0.00641477 0.407553 0.420383
439 0.333997 0.0846753 0.249322 0.418672
440 0.329934 0.0818956 0.248039 0.41183
441 0.262579 0.00128295 0.261296 0.263862
442 0.40349 0.0121881 0.391302 0.415679
443 0.363291 0.0310049 0.332286 0.394296
444 0.319671 0.065217 0.254454 0.384888
445 0.341053 0.067783 0.27327 0.408836
446 0.406698 0.00555946 0.401138 0.412257
447 0.409905 0.0023521 0.407553 0.412257
448 0.334211 0.0643618 0.269849 0.398573
449 0.335494 0.0737701 0.261724 0.409264
450 0.446897 0.0410547 0.405843 0.487952
451 0.344902 0.0712042 0.273698 0.416106
452 0.342978 0.0808264 0.262151 0.423804
453 0.405843 0.00513183 0.400711 0.410974
454 0.328651 0.0703489 0.258302 0.399
455 0.358801 0.0970772 0.261724 0.455878
456 0.348109 0.0851029 0.263007 0.433212
457 0.426156 0.0126158 0.41354 0.438772
458 0.425728 0.00277971 0.422949 0.428508
459 0.417175 0.00235206 0.414823 0.419527
460 0.418672 0.000855371 0.417817 0.419528
461 0.339556 0.0679968 0.27156 0.407553
462 0.418031 0.0130434 0.404987 0.431074
463 0.416962 0.0119742 0.404987 0.428936
464 0.348537 0.0833923 0.265145 0.431929
465 0.341695 0.0731286 0.268566 0.414823
466 0.352814 0.0774052 0.275408 0.430219
467 0.337418 0.0735563 0.263862 0.410975
468 0.344688 0.082537 0.262151 0.427225
469 0.436634 0.00427651 0.432357 0.44091
470 0.44091 0.0179615 0.422949 0.458872
471 0.345757 0.0669276 0.27883 0.412685
472 0.355166 0.077619 0.277547 0.432785
473 0.340198 0.0677829 0.272415 0.407981
474 0.363933 0.0667138 0.297219 0.430646
475 0.422307 0.0010691 0.421238 0.423376
476 0.436847 0.00363508 0.433212 0.440483
477 0.3526 0.0836062 0.268994 0.436206
478 0.355166 0.087455 0.267711 0.442621
479 0.40905 0.00149675 0.407553 0.410547
480 0.440269 0.0091946 0.431074 0.449463
481 0.424232 0.00470422 0.419527 0.428936
482 0.28332 0.0130434 0.270277 0.296364
483 0.345757 0.0797572 0.266 0.425515
484 0.433854 0.00235206 0.431502 0.436206
485 0.418458 0.012188 0.40627 0.430646
486 0.436206 0.00812538 0.428081 0.444331
487 0.437275 0.000213847 0.437061 0.437489
488 0.416962 0.00855309 0.408408 0.425515
489 0.350462 0.0797572 0.270704 0.430219
490 0.345116 0.0842477 0.260868 0.429364
491 0.423804 0.00384893 0.419955 0.427653
492 0.353027 0.0763361 0.276691 0.429364
493 0.353669 0.0701351 0.283534 0.423804
494 0.271773 0.00748393 0.264289 0.279257
495 0.264076 0.00106916 0.263007 0.265145
496 0.273056 0.002352 0.270704 0.275408
497 0.344261 0.0769775 0.267283 0.421238
498 0.27156 0.0124019 0.259158 0.283961
499 0.333783 0.0724872 0.261296 0.40627
500 0.262151 0.000855356 0.261296 0.263007
501 0.412471 0.00363506 0.408836 0.416106
502 0.262151 0.00555941 0.256592 0.267711
503 0.255523 0.000213802 0.255309 0.255736
504 0.410119 0.00384887 0.40627 0.413968
505 0.321809 0.0690659 0.252743 0.390875
506 0.344902 0.0712043 0.273698 0.416106
507 0.409905 0.00662863 0.403277 0.416534
508 0.414182 0.0113328 0.402849 0.425515
509 0.401138 0.00684248 0.394296 0.407981
510 0.409692 0.0115466 0.398145 0.421238
511 0.399428 0.00470422 0.394724 0.404132
512 0.418886 0.00919454 0.409691 0.428081
513 0.409691 0.0145402 0.395151 0.424232
514 0.440055 0.000427663 0.439627 0.440483
515 0.42188 0.00192447 0.419955 0.423804
516 0.417389 0.00812538 0.409264 0.425515
517 0.257875 0.00128302 0.256592 0.259158
518 0.256164 0.00171067 0.254453 0.257875
519 0.335066 0.057947 0.277119 0.393013
520 0.33079 0.0609406 0.269849 0.39173
521 0.26151 0.000213787 0.261296 0.261724
522 0.351317 0.0823232 0.268994 0.43364
523 0.324802 0.0665 0.258302 0.391302
524 0.3325 0.0840338 0.248466 0.416534
525 0.333142 0.0718457 0.261296 0.404987
526 0.334425 0.079971 0.254454 0.414396
527 0.400925 0.00962219 0.391302 0.410547
528 0.334638 0.0793296 0.255309 0.413968
529 0.26878 0.00919454 0.259585 0.277974
530 0.418458 0.00149675 0.416962 0.419955
531 0.264717 0.00684242 0.257875 0.27156
532 0.402208 0.00406273 0.398145 0.40627
533 0.437275 0.000213787 0.437061 0.437489
534 0.343191 0.0827508 0.260441 0.425942
535 0.418031 0.0010691 0.416962 0.4191
536 0.335708 0.0765499 0.259158 0.412257
537 0.346613 0.0729149 0.273698 0.419528
538 0.352172 0.0861721 0.266 0.438344
539 0.405201 0.0121881 0.393013 0.417389
540 0.40178 0.00791159 0.393868 0.409691
541 0.413968 0.00256592 0.411402 0.416534
542 0.34811 0.0688521 0.279257 0.416962
543 0.409692 0.00983599 0.399856 0.419528
544 0.432999 0.0224518 0.410547 0.45545
545 0.408408 0.00555953 0.402849 0.413968
546 0.360298 0.075053 0.285245 0.435351
547 0.264289 0.00684249 0.257447 0.271132
548 0.420169 0.00962219 0.410547 0.429791
549 0.352172 0.0857444 0.266428 0.437917
550 0.337204 0.0699213 0.267283 0.407126
551 0.27049 0.000213802 0.270277 0.270704
552 0.414396 0.00171061 0.412685 0.416106
553 0.415037 0.00620091 0.408836 0.421238
554 0.425515 0.00641483 0.4191 0.431929
555 0.41632 0.016037 0.400283 0.432357
556 0.418245 0.0012829 0.416962 0.419527
557 0.418458 0.0113329 0.407125 0.429791
558 0.423376 0.012402 0.410974 0.435778
559 0.263434 0.00598718 0.257447 0.269421
560 0.40178 0.00876689 0.393013 0.410547
561 0.33806 0.076336 0.261724 0.414396
562 0.329507 0.0784743 0.251032 0.407981
563 0.326513 0.0613682 0.265145 0.387881
564 0.320312 0.0675691 0.252743 0.387881
565 0.339129 0.0782605 0.260868 0.417389
566 0.324802 0.0741978 0.250605 0.399
567 0.348751 0.0780466 0.270704 0.426798
568 0.331431 0.0786881 0.252743 0.410119
569 0.346827 0.08382 0.263007 0.430646
570 0.341267 0.0667138 0.274553 0.407981
571 0.269849 0.0012829 0.268566 0.271132
572 0.259585 0.00384881 0.255737 0.263434
573 0.345757 0.0656447 0.280113 0.411402
574 0.33699 0.0778328 0.259158 0.414823
575 0.336991 0.0808264 0.256164 0.417817
576 0.332928 0.0609405 0.271987 0.393868
577 0.404774 0.00192447 0.402849 0.406698
578 0.404773 0.00534561 0.399428 0.410119
579 0.411402 0.00171061 0.409691 0.413113
580 0.410547 0.00684243 0.403704 0.417389
581 0.402849 0.00256592 0.400283 0.405415
582 0.409264 0.00812538 0.401138 0.417389
583 0.359228 0.0748393 0.284389 0.434068
584 0.416748 0.0121881 0.40456 0.428936
585 0.270704 0.00769779 0.263006 0.278402
586 0.354524 0.0688521 0.285672 0.423376
587 0.343405 0.0658585 0.277547 0.409264
588 0.435992 0.00235206 0.43364 0.438344
589 0.413326 0.00662862 0.406698 0.419955
590 0.443048 0.00470416 0.438344 0.447753
591 0.348965 0.0765499 0.272415 0.425515
592 0.351958 0.0863859 0.265572 0.438344
593 0.42915 0.000641435 0.428508 0.429791
594 0.414609 0.00748393 0.407126 0.422093
595 0.358801 0.0449035 0.313897 0.403704
596 0.34982 0.08382 0.266 0.43364
597 0.42808 0.00727007 0.42081 0.435351
598 0.344902 0.0883103 0.256592 0.433212
599 0.413754 0.00106916 0.412685 0.414823
600 0.347682 0.0761222 0.27156 0.423804
601 0.332928 0.0733425 0.259585 0.40627
602 0.346399 0.0842476 0.262151 0.430646
603 0.332928 0.0639341 0.268994 0.396862
604 0.267497 0.00620097 0.261296 0.273698
605 0.348965 0.0808264 0.268138 0.429791
606 0.263862 0.00427651 0.259585 0.268138
607 0.263862 0.000855312 0.263007 0.264717
608 0.348109 0.0816817 0.266428 0.429791
609 0.353883 0.0750531 0.27883 0.428936
610 0.394082 0.127654 0.266428 0.521737
611 0.262793 0.00363506 0.259158 0.266428
612 0.269207 0.00791152 0.261296 0.277119
613 0.261937 0.00534567 0.256592 0.267283
614 0.257661 0.00449038 0.25317 0.262151
615 0.275408 0.0115466 0.263862 0.286955
616 0.256164 0.00299357 0.25317 0.259158
617 0.342122 0.0761222 0.266 0.418245
618 0.330789 0.0733425 0.257447 0.404132
619 0.332928 0.0780466 0.254881 0.410974
620 0.427867 0.0113328 0.416534 0.4392
621 0.354097 0.0632926 0.290804 0.417389
622 0.406912 0.0228795 0.384032 0.429791
623 0.344474 0.0784744 0.266 0.422949
624 0.422093 0.00855304 0.41354 0.430646
625 0.424445 0.00491796 0.419528 0.429363
626 0.336777 0.056664 0.280113 0.393441
627 0.32972 0.0701351 0.259585 0.399855
628 0.42188 0.00833924 0.41354 0.430219
629 0.42081 0.00855304 0.412257 0.429363
630 0.414182 0.00662857 0.407553 0.42081
631 0.411188 0.00235204 0.408836 0.41354
632 0.408409 0.00299355 0.405415 0.411402
633 0.334211 0.0729148 0.261296 0.407126
634 0.343405 0.0654309 0.277974 0.408836
635 0.407339 0.00149682 0.405843 0.408836
636 0.396862 0.000855312 0.396006 0.397717
637 0.399428 0.0132573 0.386171 0.412685
638 0.396862 0.0128296 0.384032 0.409691
639 0.330789 0.0639341 0.266855 0.394724
640 0.356876 0.0583746 0.298502 0.415251
641 0.337846 0.0744116 0.263434 0.412257
642 0.33528 0.0829647 0.252315 0.418245
643 0.417817 0.0106913 0.407126 0.428508
644 0.266642 0.00449032 0.262151 0.271132
645 0.336563 0.0727011 0.263862 0.409264
646 0.335708 0.0825371 0.25317 0.418245
647 0.340198 0.0596576 0.28054 0.399855
648 0.403277 0.00727014 0.396006 0.410547
649 0.343405 0.0620097 0.281396 0.405415
650 0.353883 0.0797573 0.274125 0.43364
651 0.409691 0.0205273 0.389164 0.430219
652 0.399428 0.00983605 0.389592 0.409264
653 0.353027 0.0605129 0.292515 0.41354
654 0.412685 0.00299355 0.409691 0.415679
655 0.400283 0.00727014 0.393013 0.407553
656 0.397289 0.00128296 0.396006 0.398572
657 0.39451 0.0091946 0.385315 0.403704
658 0.346613 0.0895933 0.257019 0.436206
659 0.319671 0.0750531 0.244617 0.394724
660 0.339556 0.0851029 0.254454 0.424659
661 0.319671 0.0737701 0.2459 0.393441
662 0.413113 0.001283 0.41183 0.414396
663 0.341481 0.0793296 0.262151 0.42081
664 0.347254 0.0889518 0.258302 0.436206
665 0.411402 0.019672 0.39173 0.431074
666 0.345971 0.0731286 0.272843 0.4191
667 0.413754 0.00491802 0.408836 0.418672
668 0.323733 0.072701 0.251032 0.396434
669 0.337204 0.0784743 0.25873 0.415679
670 0.333569 0.0795435 0.254026 0.413113
671 0.265359 0.00876689 0.256592 0.274125
672 0.3325 0.067783 0.264717 0.400283
673 0.348751 0.0754807 0.27327 0.424232
674 0.345757 0.087455 0.258302 0.433212
675 0.267925 0.00363506 0.264289 0.27156
676 0.332286 0.0662863 0.266 0.398573
677 0.34255 0.0893795 0.25317 0.431929
678 0.341908 0.0737701 0.268138 0.415679
679 0.345544 0.0697073 0.275836 0.415251
680 0.389164 0.0376334 0.351531 0.426798
681 0.335708 0.0641479 0.27156 0.399855
682 0.329507 0.0699213 0.259585 0.399428
683 0.340412 0.0761222 0.26429 0.416534
684 0.411616 0.0138988 0.397717 0.425515
685 0.414396 0.00213827 0.412257 0.416534
686 0.405201 0.0130434 0.392158 0.418245
687 0.329934 0.0609406 0.268994 0.390875
688 0.327582 0.0782604 0.249322 0.405843
689 0.399428 0.0136849 0.385743 0.413113
690 0.40456 0.00513189 0.399428 0.409691
691 0.320098 0.0682107 0.251887 0.388309
692 0.332928 0.0814679 0.25146 0.414396
693 0.337846 0.0718457 0.266 0.409691
694 0.325658 0.0724872 0.25317 0.398145
695 0.324375 0.0746254 0.249749 0.399
696 0.248466 0.00342115 0.245045 0.251887
697 0.312614 0.0538843 0.25873 0.366498
698 0.329934 0.0575193 0.272415 0.387453
699 0.32801 0.0748393 0.25317 0.402849
700 0.326085 0.0682106 0.257875 0.394296
701 0.328224 0.0635065 0.264717 0.39173
702 0.417817 0.00427651 0.41354 0.422093
703 0.398145 0.00855304 0.389592 0.406698
704 0.406056 0.00876689 0.39729 0.414823
705 0.354952 0.0727009 0.282251 0.427653
706 0.422093 0.00641485 0.415679 0.428508
707 0.425515 0.00598712 0.419528 0.431502
708 0.417603 0.0134711 0.404132 0.431074
709 0.414182 0.00876689 0.405415 0.422949
710 0.420597 0.0134711 0.407126 0.434068
711 0.413968 0.00898075 0.404987 0.422949
712 0.345757 0.0827508 0.263007 0.428508
713 0.435565 0.0104776 0.425087 0.446042
714 0.416748 0.00620098 0.410547 0.422949
715 0.425728 0.0130435 0.412685 0.438772
716 0.435565 0.00277971 0.432785 0.438344
717 0.430219 0.00342122 0.426798 0.43364
718 0.417175 0.000641495 0.416534 0.417817
719 0.353241 0.0654309 0.28781 0.418672
720 0.356235 0.0774051 0.27883 0.43364
721 0.343191 0.0665 0.276691 0.409691
722 0.432999 0.0023521 0.430646 0.435351
723 0.362436 0.0716319 0.290804 0.434068
724 0.352814 0.0846753 0.268138 0.437489
725 0.350248 0.08382 0.266428 0.434068
726 0.347682 0.0821093 0.265572 0.429791
727 0.351317 0.087455 0.263862 0.438772
728 0.338273 0.0705627 0.267711 0.408836
729 0.335921 0.0656447 0.270277 0.401566
730 0.350889 0.0861721 0.264717 0.437061
731 0.418672 0.00128295 0.417389 0.419955
732 0.416962 0.00128296 0.415679 0.418245
733 0.416534 0 0.416534 0.416534
734 0.33977 0.0635065 0.276264 0.403277
735 0.271987 0.00598712 0.266 0.277974
736 0.347896 0.0643618 0.283534 0.412257
737 0.33699 0.0684244 0.268566 0.405415
738 0.351531 0.0679969 0.283534 0.419528
739 0.351958 0.0863859 0.265572 0.438344
740 0.456947 0.00064145 0.456306 0.457589
741 0.341053 0.0626511 0.278402 0.403704
742 0.360511 0.0829647 0.277547 0.443476
743 0.33977 0.067783 0.271987 0.407553
744 0.363933 0.0821094 0.281823 0.446042
745 0.342122 0.0782605 0.263862 0.420383
746 0.431716 0.0138988 0.417817 0.445614
747 0.421238 0.00171067 0.419527 0.422949
748 0.306841 0.02459 0.282251 0.331431
749 0.34533 0.0665 0.27883 0.41183
750 0.352172 0.0729148 0.279257 0.425087
751 0.429791 0.00555946 0.424232 0.435351
752 0.342764 0.0733425 0.269421 0.416106
753 0.328651 0.0656447 0.263006 0.394296
754 0.415465 0.00491796 0.410547 0.420383
755 0.462507 0.0549534 0.407553 0.51746
756 0.413113 0.00342122 0.409691 0.416534
757 0.331431 0.071418 0.260013 0.402849
758 0.399428 0.00171067 0.397717 0.401138
759 0.434495 0.00769779 0.426798 0.442193
760 0.347682 0.0620097 0.285672 0.409691
761 0.403491 0.0126158 0.390875 0.416106
762 0.332072 0.069066 0.263007 0.401138
763 0.327154 0.0748393 0.252315 0.401994
764 0.329293 0.0778328 0.25146 0.407126
765 0.252743 0.00641478 0.246328 0.259158
766 0.331431 0.0859582 0.245473 0.417389
767 0.343405 0.0667139 0.276691 0.410119
768 0.375693 0.0305772 0.345116 0.40627
769 0.421024 0.00449036 0.416534 0.425515
770 0.348537 0.0795434 0.268994 0.428081
771 0.318815 0.0588023 0.260013 0.377618
772 0.334852 0.0859582 0.248894 0.42081
773 0.424232 0.00427659 0.419955 0.428508
774 0.336991 0.0667138 0.270277 0.403704
775 0.413968 0.00555953 0.408408 0.419528
776 0.405201 0.0010691 0.404132 0.40627
777 0.412257 0.00171061 0.410547 0.413968
778 0.332072 0.0703489 0.261724 0.402421
779 0.348109 0.0474695 0.30064 0.395579
780 0.343191 0.0540981 0.289093 0.39729
781 0.357304 0.0848891 0.272415 0.442193
782 0.414396 0.00555946 0.408836 0.419955
783 0.336135 0.0752669 0.260868 0.411402
784 0.330576 0.0744116 0.256164 0.404987
785 0.329079 0.0784743 0.250605 0.407553
786 0.334425 0.0684245 0.266 0.402849
787 0.341908 0.0938698 0.248039 0.435778
788 0.341908 0.0930145 0.248894 0.434923
789 0.41354 0.00898074 0.40456 0.422521
790 0.334852 0.0842477 0.250605 0.4191
791 0.255523 0.0100498 0.245473 0.265572
792 0.261937 0.0019244 0.260013 0.263862
793 0.265786 0.00277971 0.263007 0.268566
794 0.263007 0.00342122 0.259585 0.266428
795 0.251674 0.00320742 0.248466 0.254881
796 0.337204 0.0848891 0.252315 0.422093
797 0.352814 0.0842476 0.268566 0.437061
798 0.433854 0.0121881 0.421666 0.446042
799 0.422521 0.00299361 0.419527 0.425515
