# ../output/graphs/perf_parallel50BIPED_thread4
# step - mean (0.0541924) - standard deviation (0.0500893) r=20 - ylow - yhigh
0 0.36362 0.383207 -0.0195872 0.746827
1 0.133749 0.191066 -0.0573173 0.324815
2 0.0768439 0.115028 -0.0381839 0.191872
3 0.0552532 0.0256528 0.0296003 0.080906
4 0.0596074 0.0455042 0.0141032 0.105112
5 0.0489921 0.00268465 0.0463075 0.0516768
6 0.0609587 0.028416 0.0325427 0.0893746
7 0.0461694 0.000560785 0.0456086 0.0467302
8 0.0479111 0.00535448 0.0425566 0.0532656
9 0.0810029 0.147523 -0.06652 0.228526
10 0.0817236 0.113202 -0.0314783 0.194926
11 0.0471604 0.0028065 0.0443539 0.0499669
12 0.0728651 0.116451 -0.0435863 0.189316
13 0.0463346 0.000987308 0.0453473 0.0473219
14 0.0460793 0.000497747 0.0455816 0.0465771
15 0.0653279 0.0792355 -0.0139077 0.144563
16 0.0466649 0.00179019 0.0448747 0.0484551
17 0.0537517 0.0276872 0.0260645 0.0814389
18 0.0778049 0.0984531 -0.0206482 0.176258
19 0.0460643 0.000384557 0.0456798 0.0464489
20 0.0463796 0.000524217 0.0458554 0.0469038
21 0.0615742 0.0660702 -0.0044959 0.127644
22 0.0464397 0.000467863 0.0459718 0.0469075
23 0.0453737 0.00042361 0.04495 0.0457973
24 0.0450133 0.000283292 0.04473 0.0452966
25 0.0713186 0.0812448 -0.00992618 0.152563
26 0.0537517 0.0377533 0.0159985 0.091505
27 0.0552982 0.0348821 0.0204161 0.0901803
28 0.0456139 0.00161961 0.0439943 0.0472335
29 0.0473406 0.00778917 0.0395514 0.0551297
30 0.0716039 0.0961505 -0.0245466 0.167754
31 0.0452235 0.000618333 0.0446052 0.0458418
32 0.0586314 0.0531844 0.00544704 0.111816
33 0.0471754 0.00713077 0.0400446 0.0543062
34 0.0530611 0.0193023 0.0337587 0.0723634
35 0.0492624 0.000460089 0.0488023 0.0497225
36 0.081093 0.0906568 -0.00956378 0.17175
37 0.0781802 0.0909736 -0.0127934 0.169154
38 0.0565444 0.0309631 0.0255813 0.0875075
39 0.0493375 0.000593782 0.0487437 0.0499313
40 0.0486919 0.000405946 0.0482859 0.0490978
41 0.0786757 0.0883807 -0.00970495 0.167056
42 0.0719342 0.0676135 0.00432067 0.139548
43 0.0489021 0.00038309 0.048519 0.0492851
44 0.0487519 0.000495932 0.048256 0.0492478
45 0.0646522 0.0688025 -0.00415028 0.133455
46 0.0715739 0.0964543 -0.0248804 0.168028
47 0.0947562 0.196726 -0.10197 0.291483
48 0.0504786 0.00792211 0.0425565 0.0584007
49 0.0574002 0.0378232 0.019577 0.0952234
50 0.048797 0.000361596 0.0484354 0.0491585
51 0.0595023 0.0333859 0.0261164 0.0928882
52 0.0490672 0.000514889 0.0485523 0.0495821
53 0.0496678 0.00378579 0.045882 0.0534536
54 0.0538869 0.0218837 0.0320031 0.0757706
55 0.0494576 0.00294697 0.0465106 0.0524046
56 0.0680154 0.0827156 -0.0147002 0.150731
57 0.0721594 0.0809455 -0.00878607 0.153105
58 0.062385 0.0583752 0.00400984 0.12076
59 0.0502534 0.00715373 0.0430996 0.0574071
60 0.0504185 0.00455005 0.0458685 0.0549686
61 0.0489321 0.0009471 0.047985 0.0498792
62 0.0503585 0.0069178 0.0434407 0.0572763
63 0.0486468 0.000232602 0.0484142 0.0488794
64 0.0626102 0.0217662 0.0408441 0.0843764
65 0.0493074 0.00189587 0.0474116 0.0512033
66 0.0855673 0.155663 -0.0700962 0.241231
67 0.0554183 0.0176069 0.0378114 0.0730252
68 0.059202 0.0319924 0.0272095 0.0911944
69 0.059187 0.0460824 0.0131046 0.105269
70 0.0487369 0.000403998 0.0483329 0.0491409
71 0.0616043 0.0527232 0.00888109 0.114327
72 0.0959573 0.134311 -0.0383532 0.230268
73 0.0492174 0.00104413 0.0481732 0.0502615
74 0.0506888 0.00494028 0.0457485 0.055629
75 0.0489621 0.000626123 0.048336 0.0495882
76 0.0504185 0.00677676 0.0436418 0.0571953
77 0.0758079 0.0677088 0.00809918 0.143517
78 0.0487819 0.000259625 0.0485223 0.0490416
79 0.048857 0.000253029 0.048604 0.04911
80 0.0495026 0.0023802 0.0471224 0.0518828
81 0.0509891 0.00834706 0.042642 0.0593361
82 0.0805225 0.0827836 -0.0022611 0.163306
83 0.0654179 0.070971 -0.00555306 0.136389
84 0.0569648 0.0335861 0.0233787 0.0905509
85 0.050974 0.0073389 0.0436351 0.0583129
86 0.060268 0.0492104 0.0110576 0.109478
87 0.0490072 0.000923602 0.0480836 0.0499308
88 0.0716189 0.0992381 -0.0276192 0.170857
89 0.082054 0.110542 -0.0284885 0.192596
90 0.049848 0.0028361 0.0470119 0.0526841
91 0.0570549 0.0328471 0.0242078 0.089902
92 0.0616944 0.0559784 0.00571601 0.117673
93 0.048827 0.000291142 0.0485358 0.0491181
94 0.063391 0.036641 0.02675 0.100032
95 0.048842 0.000416905 0.0484251 0.0492589
96 0.0908975 0.110277 -0.0193794 0.201174
97 0.050959 0.00823367 0.0427254 0.0591927
98 0.0536917 0.0254153 0.0282764 0.0791069
99 0.0817837 0.149126 -0.0673421 0.230909
100 0.0700874 0.0856805 -0.015593 0.155768
101 0.0486468 0.00522365 0.0434232 0.0538705
102 0.066559 0.0686052 -0.00204612 0.135164
103 0.0609887 0.0557141 0.00527461 0.116703
104 0.0704328 0.0947579 -0.0243251 0.165191
105 0.0889906 0.118418 -0.0294272 0.207408
106 0.0494125 0.00444638 0.0449662 0.0538589
107 0.0487219 0.00122669 0.0474952 0.0499486
108 0.0640516 0.0509074 0.0131443 0.114959
109 0.0542622 0.0295106 0.0247516 0.0837729
110 0.0622349 0.0635757 -0.00134082 0.125811
111 0.0473105 0.000321674 0.0469888 0.0476322
112 0.0518599 0.00698525 0.0448746 0.0588452
113 0.0496978 0.00134796 0.0483499 0.0510458
114 0.0485117 0.000259624 0.0482521 0.0487713
115 0.0485868 0.000323421 0.0482633 0.0489102
116 0.0695469 0.0690359 0.000511061 0.138583
117 0.0713336 0.0615767 0.00975694 0.13291
118 0.0492774 0.000843486 0.0484339 0.0501209
119 0.048872 0.000282894 0.0485891 0.0491549
120 0.0494876 0.00214365 0.047344 0.0516313
121 0.0624151 0.0550232 0.00739181 0.117438
122 0.0622199 0.0588974 0.00332245 0.121117
123 0.067505 0.0700705 -0.0025655 0.137575
124 0.0491873 0.00138784 0.0477995 0.0505752
125 0.048827 0.000791078 0.0480359 0.0496181
126 0.048812 0.000479288 0.0483327 0.0492913
127 0.0557787 0.0314339 0.0243447 0.0872126
128 0.0547577 0.0140268 0.0407309 0.0687845
129 0.048812 0.000726147 0.0480858 0.0495381
130 0.0512443 0.0078921 0.0433522 0.0591364
131 0.064472 0.071048 -0.00657598 0.13552
132 0.0917082 0.118989 -0.0272812 0.210698
133 0.0545925 0.0277122 0.0268803 0.0823048
134 0.0859877 0.163525 -0.077537 0.249512
135 0.0566795 0.0228742 0.0338053 0.0795538
136 0.0504936 0.00763187 0.0428617 0.0581255
137 0.0542172 0.0271067 0.0271105 0.0813239
138 0.0482114 0.000419061 0.0477923 0.0486305
139 0.0511242 0.0124146 0.0387096 0.0635388
140 0.0482264 0.00176992 0.0464565 0.0499963
141 0.0480612 0.000419062 0.0476422 0.0484803
142 0.0593371 0.0472467 0.0120904 0.106584
143 0.0485567 0.00157502 0.0469817 0.0501317
144 0.0620697 0.0526291 0.00944062 0.114699
145 0.049848 0.0064886 0.0433594 0.0563366
146 0.0626703 0.0410598 0.0216105 0.10373
147 0.0498329 0.00697063 0.0428623 0.0568036
148 0.0667242 0.07573 -0.00900582 0.142454
149 0.0507038 0.00732254 0.0433812 0.0580263
150 0.0493525 0.0024548 0.0468977 0.0518073
151 0.0542772 0.0248952 0.029382 0.0791724
152 0.048872 0.00184103 0.047031 0.0507131
153 0.0804474 0.098073 -0.0176256 0.17852
154 0.0485417 0.000477402 0.0480643 0.0490191
155 0.0482564 0.000330318 0.0479261 0.0485868
156 0.0528659 0.0143208 0.0385451 0.0671867
157 0.0536016 0.021141 0.0324606 0.0747425
158 0.0768439 0.0965516 -0.0197077 0.173396
159 0.0555535 0.0318993 0.0236542 0.0874527
160 0.0746969 0.0897783 -0.0150814 0.164475
161 0.0799069 0.128725 -0.0488179 0.208632
162 0.075823 0.0590544 0.0167685 0.134877
163 0.0866033 0.12313 -0.0365266 0.209733
164 0.0500732 0.00691504 0.0431581 0.0569882
165 0.0486919 0.001088 0.0476038 0.0497799
166 0.0752824 0.0998972 -0.0246147 0.17518
167 0.0497579 0.00426167 0.0454962 0.0540195
168 0.0482714 0.000340732 0.0479307 0.0486122
169 0.0631958 0.0622039 0.000991953 0.1254
170 0.048842 0.000731097 0.0481109 0.0495731
171 0.0499981 0.0071381 0.04286 0.0571362
172 0.0486468 0.00129159 0.0473552 0.0499384
173 0.0922037 0.18719 -0.0949867 0.279394
174 0.0621748 0.0588396 0.00333524 0.121014
175 0.0563943 0.0326813 0.023713 0.0890755
176 0.0487669 0.000693921 0.048073 0.0494608
177 0.0485567 0.000330318 0.0482264 0.048887
178 0.0601479 0.0471381 0.0130098 0.107286
179 0.0491723 0.00239267 0.0467796 0.051565
180 0.0590368 0.0234113 0.0356256 0.0824481
181 0.0499981 0.00728564 0.0427125 0.0572838
182 0.0743816 0.0895995 -0.0152179 0.163981
183 0.0563342 0.0341987 0.0221355 0.0905329
184 0.0483916 0.000477403 0.0479142 0.048869
185 0.0504636 0.0084121 0.0420515 0.0588757
186 0.0507789 0.00818688 0.042592 0.0589657
187 0.0493825 0.00289039 0.0464921 0.0522729
188 0.0517998 0.0148525 0.0369474 0.0666523
189 0.0722946 0.103632 -0.0313379 0.175927
190 0.0483916 0.000504941 0.0478866 0.0488965
191 0.0971134 0.209159 -0.112046 0.306272
192 0.0539619 0.01221 0.0417519 0.0661719
193 0.0588266 0.0441037 0.0147229 0.10293
194 0.0535565 0.0229231 0.0306334 0.0764797
195 0.0742164 0.0747381 -0.000521657 0.148954
196 0.0514545 0.00776714 0.0436874 0.0592217
197 0.0611238 0.0526651 0.00845871 0.113789
198 0.0524905 0.0154319 0.0370586 0.0679224
199 0.0469802 0.00310109 0.0438791 0.0500813
200 0.0479561 0.00486348 0.0430927 0.0528196
201 0.0483765 0.00884395 0.0395326 0.0572205
202 0.0526106 0.0209005 0.0317101 0.0735112
203 0.0566946 0.034901 0.0217936 0.0915955
204 0.0624601 0.0691816 -0.00672148 0.131642
205 0.0460493 0.00057193 0.0454774 0.0466212
206 0.0471904 0.004583 0.0426074 0.0517734
207 0.0494576 0.0100033 0.0394543 0.0594609
208 0.0483315 0.00710453 0.041227 0.055436
209 0.0477309 0.0051842 0.0425467 0.0529151
210 0.0547877 0.0357864 0.0190013 0.0905741
211 0.0466199 0.00289724 0.0437226 0.0495171
212 0.0544124 0.0310237 0.0233886 0.0854361
213 0.053001 0.0231374 0.0298636 0.0761384
214 0.0689313 0.0891611 -0.0202298 0.158092
215 0.0542472 0.0359881 0.0182591 0.0902353
216 0.0523854 0.0267792 0.0256062 0.0791646
217 0.0470252 0.00240119 0.0446241 0.0494264
218 0.0582561 0.0531943 0.00506175 0.11145
219 0.0474156 0.00716358 0.040252 0.0545792
220 0.0492924 0.0151812 0.0341113 0.0644736
221 0.0454337 0.00180198 0.0436317 0.0472357
222 0.0802822 0.112286 -0.0320038 0.192568
223 0.0539619 0.0401163 0.0138456 0.0940782
224 0.0501933 0.0120454 0.0381479 0.0622387
225 0.0468601 0.0067123 0.0401478 0.0535724
226 0.0460643 0.00317853 0.0428858 0.0492428
227 0.0620247 0.0700482 -0.0080235 0.132073
228 0.0449683 0.000473609 0.0444947 0.0454419
229 0.0448181 0.000378352 0.0444398 0.0451965
230 0.0470102 0.00589781 0.0411124 0.052908
231 0.0475508 0.000416905 0.0471338 0.0479677
232 0.0516647 0.0107734 0.0408913 0.0624381
233 0.0516947 0.0182313 0.0334634 0.0699261
234 0.0551631 0.0348953 0.0202677 0.0900584
235 0.050944 0.011994 0.03895 0.062938
236 0.0514395 0.00865442 0.0427851 0.0600939
237 0.0601028 0.056139 0.00396379 0.116242
238 0.0490822 0.010444 0.0386382 0.0595263
239 0.0631808 0.0654308 -0.00225005 0.128612
240 0.0868736 0.131982 -0.045108 0.218855
241 0.0511692 0.00960192 0.0415673 0.0607712
242 0.066514 0.0870487 -0.0205347 0.153563
243 0.0670996 0.0792471 -0.0121475 0.146347
244 0.0466499 0.000345984 0.0463039 0.0469959
245 0.0496378 0.0114331 0.0382046 0.0610709
246 0.0482714 0.00441218 0.0438593 0.0526836
247 0.0542322 0.0319961 0.0222361 0.0862283
248 0.0489321 0.00959397 0.0393381 0.0585261
249 0.0474457 0.00253917 0.0449065 0.0499848
250 0.0487819 0.00734909 0.0414328 0.056131
251 0.0485717 0.00576905 0.0428027 0.0543408
252 0.0470553 0.00131956 0.0457357 0.0483748
253 0.0652528 0.0603331 0.00491965 0.125586
254 0.0469051 0.00159916 0.045306 0.0485043
255 0.0468901 0.000917111 0.045973 0.0478072
256 0.0513945 0.0102492 0.0411453 0.0616436
257 0.0479111 0.00374396 0.0441671 0.0516551
258 0.0473406 0.00288539 0.0444552 0.0502259
259 0.0538418 0.0267561 0.0270857 0.0805979
260 0.0516197 0.015502 0.0361177 0.0671216
261 0.047761 0.00524903 0.0425119 0.05301
262 0.0469952 0.0010424 0.0459528 0.0480376
263 0.0464697 0.000298407 0.0461713 0.0467681
264 0.0775046 0.0825151 -0.00501054 0.16002
265 0.0468601 0.00040816 0.0464519 0.0472682
266 0.0472354 0.00113595 0.0460995 0.0483714
267 0.0468901 0.00102835 0.0458618 0.0479185
268 0.0466499 0.00030439 0.0463455 0.0469543
269 0.0553583 0.0371781 0.0181802 0.0925363
270 0.0514095 0.0098738 0.0415357 0.0612833
271 0.0480612 0.00510886 0.0429524 0.0531701
272 0.0503585 0.0100635 0.0402949 0.060422
273 0.064427 0.0758817 -0.0114547 0.140309
274 0.0507638 0.0134201 0.0373438 0.0641839
275 0.0530761 0.0251137 0.0279623 0.0781898
276 0.0673098 0.0749682 -0.00765839 0.142278
277 0.0494276 0.0106805 0.0387471 0.0601081
278 0.103495 0.253407 -0.149913 0.356902
279 0.0454037 0.00111391 0.0442898 0.0465176
280 0.0528809 0.0283669 0.024514 0.0812478
281 0.0817987 0.0974056 -0.0156069 0.179204
282 0.0451484 0.000438 0.0447104 0.0455864
283 0.0455839 0.00107686 0.044507 0.0466607
284 0.0545625 0.035362 0.0192005 0.0899245
285 0.0496528 0.0205083 0.0291445 0.0701611
286 0.0481663 0.00924695 0.0389194 0.0574133
287 0.0617544 0.0703874 -0.00863303 0.132142
288 0.0546676 0.0163094 0.0383582 0.070977
289 0.0472054 0.00471138 0.042494 0.0519168
290 0.0451785 0.000460089 0.0447184 0.0456386
291 0.0459592 0.00469016 0.0412691 0.0506494
292 0.046785 0.00767389 0.0391111 0.0544589
293 0.0836755 0.110111 -0.0264356 0.193787
294 0.0527758 0.022514 0.0302617 0.0752898
295 0.0894561 0.12056 -0.0311042 0.210016
296 0.0468301 0.00708928 0.0397408 0.0539193
297 0.0466199 0.00202751 0.0445924 0.0486474
298 0.04677 0.00320603 0.043564 0.049976
299 0.0460944 0.00201552 0.0440788 0.0481099
300 0.0484666 0.00500177 0.0434649 0.0534684
301 0.0498329 0.00888697 0.040946 0.0587199
302 0.0567246 0.0322108 0.0245138 0.0889354
303 0.0472505 0.00484971 0.0424008 0.0521002
304 0.0473406 0.00497907 0.0423615 0.0523196
305 0.0462295 0.000819492 0.04541 0.047049
306 0.0460793 0.000469787 0.0456096 0.0465491
307 0.0460944 0.000918217 0.0451761 0.0470126
308 0.048797 0.000726303 0.0480706 0.0495233
309 0.0480012 0.000467863 0.0475333 0.048469
310 0.0586164 0.0471782 0.0114382 0.105795
311 0.0847265 0.161829 -0.077102 0.246555
312 0.0616343 0.0630899 -0.0014556 0.124724
313 0.0468751 0.000519248 0.0463559 0.0473944
314 0.0479712 0.00485213 0.043119 0.0528233
315 0.0487669 0.00879462 0.0399723 0.0575615
316 0.0479411 0.00346606 0.0444751 0.0514072
317 0.0474156 0.00243568 0.0449799 0.0498513
318 0.0469802 0.00116485 0.0458154 0.0481451
319 0.0550129 0.0351539 0.019859 0.0901668
320 0.0503585 0.0132846 0.0370739 0.063643
321 0.044683 0.000507835 0.0441752 0.0451908
322 0.0530611 0.0354375 0.0176235 0.0884986
323 0.0592921 0.040419 0.0188731 0.099711
324 0.0845163 0.112792 -0.0282761 0.197309
325 0.044638 0.000371133 0.0442668 0.0450091
326 0.0454487 0.00398636 0.0414624 0.0494351
327 0.0453436 0.00108686 0.0442568 0.0464305
328 0.044653 0.000330317 0.0443226 0.0449833
329 0.048827 0.00947477 0.0393522 0.0583018
330 0.0453586 0.00259098 0.0427677 0.0479496
331 0.059232 0.0496262 0.00960577 0.108858
332 0.0464997 0.00549642 0.0410033 0.0519962
333 0.0450584 0.00132425 0.0437341 0.0463826
334 0.0476559 0.012406 0.0352498 0.0600619
335 0.0446079 0.000611551 0.0439964 0.0452195
336 0.0505687 0.025027 0.0255417 0.0755956
337 0.046725 0.0090727 0.0376523 0.0557977
338 0.0448782 0.00108468 0.0437935 0.0459629
339 0.0455388 0.0054734 0.0400654 0.0510122
340 0.0444728 0.000412829 0.04406 0.0448856
341 0.044728 0.00169198 0.0430361 0.04642
342 0.0455839 0.00409385 0.04149 0.0496777
343 0.0448181 0.00178634 0.0430318 0.0466045
344 0.0499831 0.0186886 0.0312945 0.0686717
345 0.0775646 0.081353 -0.00378835 0.158918
346 0.0453436 0.0042329 0.0411107 0.0495765
347 0.0472655 0.0113426 0.0359229 0.0586081
348 0.0445779 0.00039696 0.0441809 0.0449749
349 0.0460793 0.00553255 0.0405468 0.0516119
350 0.0740513 0.0843342 -0.010283 0.158385
351 0.0445629 0.000487912 0.044075 0.0450508
352 0.0475508 0.00687017 0.0406806 0.0544209
353 0.0444578 0.000307339 0.0441504 0.0447651
354 0.0455688 0.00480826 0.0407606 0.0503771
355 0.0449683 0.00200964 0.0429586 0.0469779
356 0.0691115 0.0766758 -0.00756429 0.145787
357 0.0468301 0.00692716 0.0399029 0.0537572
358 0.0729552 0.119038 -0.0460824 0.191993
359 0.0545775 0.0425466 0.0120309 0.0971241
360 0.0521452 0.0300541 0.022091 0.0821993
361 0.0502233 0.0228543 0.027369 0.0730776
362 0.0464247 0.00709432 0.0393303 0.053519
363 0.0554634 0.0341885 0.0212748 0.0896519
364 0.0561841 0.0379148 0.0182692 0.0940989
365 0.0452986 0.00173876 0.0435598 0.0470373
366 0.0496678 0.0205794 0.0290884 0.0702472
367 0.0520551 0.0299626 0.0220924 0.0820177
368 0.0452085 0.00152963 0.0436789 0.0467381
369 0.0495026 0.0145729 0.0349297 0.0640756
370 0.0700724 0.0846038 -0.0145314 0.154676
371 0.060268 0.0593901 0.000877846 0.119658
372 0.0491273 0.0127347 0.0363926 0.0618619
373 0.0532412 0.0346948 0.0185465 0.087936
374 0.0464547 0.00692431 0.0395304 0.053379
375 0.0448932 0.000373856 0.0445193 0.0452671
376 0.0476108 0.00876642 0.0388444 0.0563772
377 0.0459742 0.00442241 0.0415518 0.0503966
378 0.0455688 0.00236424 0.0432046 0.0479331
379 0.0471754 0.0097891 0.0373863 0.0569645
380 0.0804624 0.152402 -0.0719396 0.232864
381 0.0452535 0.000730018 0.0445235 0.0459836
382 0.0467099 0.00746173 0.0392482 0.0541717
383 0.0700874 0.0828355 -0.0127481 0.152923
384 0.0616643 0.0689419 -0.00727761 0.130606
385 0.0658083 0.0666932 -0.00088485 0.132501
386 0.0497278 0.0203574 0.0293705 0.0700852
387 0.0448782 0.000361283 0.0445169 0.0452395
388 0.0468 0.00842699 0.038373 0.055227
389 0.0491123 0.0128271 0.0362851 0.0619394
390 0.0493825 0.0146054 0.0347771 0.0639879
391 0.0762884 0.120956 -0.0446679 0.197245
392 0.0512894 0.0137047 0.0375847 0.064994
393 0.0480312 0.010768 0.0372632 0.0587992
394 0.0585864 0.0489353 0.00965108 0.107522
395 0.0472505 0.0125979 0.0346525 0.0598484
396 0.0460493 0.000256127 0.0457932 0.0463054
397 0.0677752 0.0634712 0.00430397 0.131246
398 0.0598776 0.051106 0.00877161 0.110984
399 0.0460193 0.000282894 0.0457364 0.0463022
400 0.0495777 0.0150201 0.0345576 0.0645978
401 0.0548478 0.0352564 0.0195913 0.0901042
402 0.056124 0.0419269 0.0141971 0.0980509
403 0.0580008 0.0523478 0.005653 0.110349
404 0.0462595 0.00115709 0.0451024 0.0474166
405 0.0480913 0.00738386 0.0407074 0.0554751
406 0.0516197 0.0257738 0.0258459 0.0773935
407 0.0618445 0.0602353 0.00160925 0.12208
408 0.0599377 0.0445841 0.0153536 0.104522
409 0.047761 0.00719032 0.0405706 0.0549513
410 0.0440974 0.00101066 0.0430868 0.0451081
411 0.0439623 0.000580732 0.0433816 0.044543
412 0.0553733 0.0396963 0.015677 0.0950695
413 0.0501182 0.0192733 0.0308449 0.0693915
414 0.0439923 0.000701032 0.0432913 0.0446934
415 0.0554333 0.05005 0.00538332 0.105483
416 0.0522953 0.015594 0.0367013 0.0678893
417 0.050974 0.0185847 0.0323894 0.0695587
418 0.061274 0.0713553 -0.0100814 0.132629
419 0.043617 0.00380654 0.0398104 0.0474235
420 0.0440374 0.00312975 0.0409076 0.0471671
421 0.044668 0.0050551 0.0396129 0.0497231
422 0.0605833 0.0766286 -0.0160453 0.137212
423 0.0555084 0.0562949 -0.00078646 0.111803
424 0.0697271 0.112981 -0.0432535 0.182708
425 0.047851 0.0199549 0.0278961 0.067806
426 0.0538418 0.0385667 0.0152751 0.0924086
427 0.045749 0.000997189 0.0447518 0.0467462
428 0.0453436 0.00209773 0.0432459 0.0474414
429 0.0452836 0.000362841 0.0449207 0.0456464
430 0.0450133 0.000454419 0.0445589 0.0454677
431 0.0464097 0.00527644 0.0411332 0.0516861
432 0.0492624 0.0171182 0.0321442 0.0663806
433 0.0506738 0.0248879 0.0257858 0.0755617
434 0.0618896 0.0637945 -0.00190492 0.125684
435 0.0455238 0.00242175 0.0431021 0.0479456
436 0.0463796 0.00765794 0.0387217 0.0540376
437 0.0587665 0.0524724 0.00629419 0.111239
438 0.0465598 0.00650767 0.0400521 0.0530675
439 0.0447581 0.00184495 0.0429131 0.046603
440 0.0776397 0.104469 -0.0268291 0.182108
441 0.0449983 0.0021639 0.0428344 0.0471622
442 0.0563342 0.0320118 0.0243224 0.088346
443 0.0449683 0.000366241 0.044602 0.0453345
444 0.0486768 0.0115738 0.0371031 0.0602506
445 0.045749 0.00425974 0.0414893 0.0500088
446 0.0724747 0.118823 -0.0463487 0.191298
447 0.0551781 0.0380044 0.0171737 0.0931825
448 0.0469652 0.00411779 0.0428474 0.051083
449 0.0601329 0.0489922 0.0111407 0.109125
450 0.0568897 0.0412396 0.0156502 0.0981293
451 0.046785 0.000913786 0.0458712 0.0476988
452 0.0486919 0.00548328 0.0432086 0.0541751
453 0.0472505 0.00257142 0.044679 0.0498219
454 0.0475357 0.000665396 0.0468703 0.0482011
455 0.0501933 0.0111047 0.0390886 0.061298
456 0.0564994 0.0407072 0.0157922 0.0972065
457 0.0486468 0.00630535 0.0423415 0.0549522
458 0.0458691 0.00293589 0.0429332 0.048805
459 0.0458992 0.00273622 0.0431629 0.0486354
460 0.0459893 0.00484041 0.0411488 0.0508297
461 0.050974 0.0256502 0.0253239 0.0766242
462 0.0453737 0.00185086 0.0435228 0.0472245
463 0.0451635 0.00145385 0.0437096 0.0466173
464 0.0472805 0.00783776 0.0394427 0.0551182
465 0.0584212 0.0438351 0.0145861 0.102256
466 0.0465748 0.00504173 0.0415331 0.0516165
467 0.0452986 0.00110037 0.0441982 0.046399
468 0.0452836 0.0012183 0.0440653 0.0465019
469 0.0528058 0.0298772 0.0229286 0.082683
470 0.0558237 0.045962 0.00986176 0.101786
471 0.0545625 0.0406696 0.0138929 0.0952321
472 0.0455989 0.00233816 0.0432607 0.047937
473 0.0620547 0.0704616 -0.00840694 0.132516
474 0.0453737 0.00146466 0.043909 0.0468383
475 0.0464697 0.00345903 0.0430107 0.0499287
476 0.0724747 0.0906112 -0.0181365 0.163086
477 0.0455839 0.00131785 0.044266 0.0469017
478 0.0491573 0.0117858 0.0373715 0.0609431
479 0.0483916 0.00723084 0.0411607 0.0556224
480 0.0507338 0.0106885 0.0400453 0.0614224
481 0.0749821 0.0910954 -0.0161133 0.166078
482 0.0499831 0.020505 0.0294781 0.0704881
483 0.0775796 0.0851209 -0.00754129 0.162701
484 0.0757329 0.12057 -0.0448369 0.196303
485 0.0468451 0.00369612 0.043149 0.0505412
486 0.0471303 0.00765677 0.0394736 0.0547871
487 0.0489771 0.00852889 0.0404482 0.057506
488 0.0594122 0.0563006 0.00311153 0.115713
489 0.0505386 0.0208395 0.0296991 0.0713781
490 0.0565894 0.0447894 0.0118 0.101379
491 0.0545625 0.031651 0.0229115 0.0862135
492 0.0448782 0.00336602 0.0415122 0.0482442
493 0.0666792 0.0907276 -0.0240485 0.157407
494 0.0456439 0.000788794 0.0448551 0.0464327
495 0.0524004 0.0298674 0.022533 0.0822678
496 0.0500882 0.0103726 0.0397156 0.0604608
497 0.0486168 0.01168 0.0369368 0.0602968
498 0.0455088 0.000361285 0.0451475 0.0458701
499 0.052956 0.0212543 0.0317017 0.0742102
500 0.0518899 0.0211399 0.03075 0.0730298
501 0.0471153 0.00532528 0.0417901 0.0524406
502 0.0475958 0.00688605 0.0407097 0.0544818
503 0.0459292 0.000993566 0.0449356 0.0469228
504 0.045704 0.000243956 0.04546 0.0459479
505 0.0601629 0.0455931 0.0145697 0.105756
506 0.0485567 0.00295308 0.0456036 0.0515098
507 0.0496378 0.00714795 0.0424898 0.0567857
508 0.069607 0.0813337 -0.0117267 0.150941
509 0.0481213 0.00633167 0.0417896 0.054453
510 0.048887 0.00546377 0.0434233 0.0543508
511 0.052956 0.0260393 0.0269167 0.0789952
512 0.0503284 0.00938104 0.0409474 0.0597095
513 0.0647423 0.0793218 -0.0145796 0.144064
514 0.0481964 0.00722786 0.0409685 0.0554242
515 0.0553282 0.0217302 0.033598 0.0770584
516 0.0449833 0.00100316 0.0439801 0.0459864
517 0.0445629 0.000407331 0.0441555 0.0449702
518 0.0466649 0.00858973 0.0380752 0.0552546
519 0.0793363 0.10415 -0.0248136 0.183486
520 0.0546826 0.0401267 0.0145559 0.0948093
521 0.0470553 0.00646849 0.0405868 0.0535238
522 0.0459592 0.00441279 0.0415464 0.050372
523 0.044668 0.000527646 0.0441403 0.0451956
524 0.0552832 0.0444129 0.0108703 0.0996961
525 0.0585413 0.0487294 0.00981197 0.107271
526 0.0461244 0.0068814 0.039243 0.0530058
527 0.0528358 0.0308545 0.0219813 0.0836904
528 0.0448031 0.00036284 0.0444403 0.0451659
529 0.0658233 0.0856417 -0.0198184 0.151465
530 0.0559438 0.0469953 0.00894855 0.102939
531 0.0460643 0.00385658 0.0422077 0.0499209
532 0.0447581 0.00102043 0.0437376 0.0457785
533 0.0624751 0.0744436 -0.0119685 0.136919
534 0.0629556 0.0725956 -0.00964006 0.135551
535 0.0446079 0.000440054 0.0441679 0.045048
536 0.0465898 0.00652828 0.0400615 0.0531181
537 0.0547427 0.029715 0.0250277 0.0844576
538 0.0447581 0.00088814 0.0438699 0.0456462
539 0.0580008 0.0493771 0.00862375 0.107378
540 0.0555685 0.0390932 0.0164752 0.0946617
541 0.0450433 0.00153999 0.0435034 0.0465833
542 0.0476709 0.00874345 0.0389274 0.0564143
543 0.0581359 0.0486897 0.0094462 0.106826
544 0.0500432 0.0120192 0.038024 0.0620623
545 0.0500732 0.0161891 0.033884 0.0662623
546 0.0443076 0.000307339 0.0440003 0.044615
547 0.0450584 0.000993567 0.0440648 0.0460519
548 0.0755377 0.0930661 -0.0175284 0.168604
549 0.0672497 0.099758 -0.0325083 0.167008
550 0.0469652 0.010937 0.0360282 0.0579022
551 0.0451184 0.00214213 0.0429763 0.0472605
552 0.044653 0.00101877 0.0436342 0.0456717
553 0.0496978 0.0173946 0.0323032 0.0670924
554 0.0610337 0.0693779 -0.00834419 0.130412
555 0.0448031 0.000589975 0.0442131 0.0453931
556 0.0504035 0.0200411 0.0303624 0.0704446
557 0.0472655 0.00652077 0.0407447 0.0537862
558 0.0476258 0.00873495 0.0388909 0.0563608
559 0.0475057 0.00895828 0.0385474 0.056464
560 0.0629105 0.0791915 -0.0162809 0.142102
561 0.0448782 0.00198617 0.042892 0.0468643
562 0.044653 0.000301786 0.0443512 0.0449548
563 0.0598776 0.0477695 0.0121081 0.107647
564 0.0470102 0.00783028 0.03918 0.0548405
565 0.0445929 0.000674815 0.0439181 0.0452677
566 0.050974 0.0266123 0.0243618 0.0775863
567 0.0500131 0.0132755 0.0367376 0.0632886
568 0.0498179 0.0199898 0.0298281 0.0698078
569 0.0448031 0.000612471 0.0441906 0.0454156
570 0.0452085 0.00108052 0.044128 0.046289
571 0.0463796 0.0056407 0.0407389 0.0520203
572 0.0480312 0.0124761 0.0355551 0.0605073
573 0.0582861 0.0486085 0.00967758 0.106895
574 0.0537517 0.0231094 0.0306423 0.0768611
575 0.0453436 0.00170134 0.0436423 0.047045
576 0.0557336 0.0273646 0.028369 0.0830982
577 0.0528058 0.0198191 0.0329867 0.0726249
578 0.0470553 0.00778965 0.0392656 0.0548449
579 0.0713937 0.0773857 -0.00599205 0.148779
580 0.0478661 0.00797854 0.0398875 0.0558446
581 0.0460193 0.00481482 0.0412045 0.0508341
582 0.0495477 0.0185716 0.0309761 0.0681193
583 0.0511993 0.0142903 0.036909 0.0654895
584 0.0476258 0.00857029 0.0390555 0.0561961
585 0.0476859 0.00571544 0.0419704 0.0534013
586 0.0451184 0.00119315 0.0439253 0.0463116
587 0.0587665 0.0599087 -0.00114212 0.118675
588 0.0558988 0.0313869 0.0245119 0.0872857
589 0.0462745 0.00122678 0.0450477 0.0475013
590 0.047821 0.00678538 0.0410356 0.0546064
591 0.0453286 0.00161285 0.0437158 0.0469415
592 0.045689 0.00505635 0.0406326 0.0507453
593 0.0601028 0.0415015 0.0186013 0.101604
594 0.0459742 0.000341063 0.0456332 0.0463153
595 0.0553132 0.0385337 0.0167795 0.0938469
596 0.065478 0.0843249 -0.0188469 0.149803
597 0.0480763 0.00902362 0.0390526 0.0570999
598 0.0476408 0.00727931 0.0403615 0.0549202
599 0.059202 0.0561602 0.00304181 0.115362
600 0.0460493 0.000448176 0.0456011 0.0464975
601 0.0492774 0.00741774 0.0418597 0.0566952
602 0.0458992 0.000438 0.0454612 0.0463372
603 0.0522803 0.0262434 0.0260369 0.0785237
604 0.0466499 0.00175938 0.0448905 0.0484093
605 0.0499531 0.00958259 0.0403705 0.0595357
606 0.0470403 0.0024271 0.0446132 0.0494674
607 0.0442776 0.00119918 0.0430784 0.0454768
608 0.05201 0.013204 0.038806 0.0652141
609 0.0474457 0.0140306 0.0334151 0.0614762
610 0.0618445 0.0738184 -0.0119739 0.135663
611 0.0466949 0.00940221 0.0372927 0.0560971
612 0.0463646 0.0129028 0.0334618 0.0592674
613 0.0538418 0.0464428 0.00739903 0.100285
614 0.0434218 0.00197918 0.0414426 0.045401
615 0.0438422 0.0048606 0.0389816 0.0487028
616 0.0430014 0.00209902 0.0409024 0.0451004
617 0.0576254 0.0576422 -1.67249e-005 0.115268
618 0.053016 0.045164 0.00785197 0.0981801
619 0.0528058 0.0413174 0.0114884 0.0941232
620 0.0439773 0.00572244 0.0382549 0.0496998
621 0.0429864 0.00190695 0.0410794 0.0448933
622 0.0427461 0.000659782 0.0420863 0.0434059
623 0.0452535 0.000691969 0.0445616 0.0459455
624 0.0461694 0.00507379 0.0410956 0.0512432
625 0.0492324 0.0195747 0.0296577 0.0688071
626 0.0813333 0.111097 -0.029764 0.19243
627 0.0447431 0.000968403 0.0437746 0.0457115
628 0.0463046 0.00745455 0.03885 0.0537591
629 0.0445779 0.000292299 0.0442856 0.0448702
630 0.0449382 0.0017823 0.0431559 0.0467205
631 0.0595773 0.0492708 0.0103066 0.108848
632 0.0450283 0.00266137 0.042367 0.0476897
633 0.0562741 0.051228 0.0050461 0.107502
634 0.0585864 0.0513829 0.00720344 0.109969
635 0.0448632 0.0010289 0.0438343 0.0458921
636 0.0448031 0.00133822 0.0434649 0.0461413
637 0.0451785 0.00383674 0.0413417 0.0490152
638 0.0456139 0.00492227 0.0406916 0.0505362
639 0.0603431 0.0524817 0.00786131 0.112825
640 0.0487819 0.0104172 0.0383647 0.0591992
641 0.0461844 0.00618231 0.0400021 0.0523667
642 0.0459442 0.00420297 0.0417412 0.0501472
643 0.0464847 0.000597568 0.0458872 0.0470823
644 0.0622349 0.0669509 -0.00471601 0.129186
645 0.0490222 0.00860362 0.0404185 0.0576258
646 0.046785 0.000224715 0.0465603 0.0470097
647 0.0543823 0.0316204 0.0227619 0.0860028
648 0.0968132 0.119143 -0.0223295 0.215956
649 0.0495176 0.00964526 0.0398724 0.0591629
650 0.0487069 0.00709699 0.0416099 0.0558039
651 0.0694118 0.0862235 -0.0168117 0.155635
652 0.0630757 0.0678191 -0.00474345 0.130895
653 0.0551631 0.0274677 0.0276954 0.0826308
654 0.0485717 0.00557913 0.0429926 0.0541509
655 0.0470553 0.00158358 0.0454717 0.0486389
656 0.0600578 0.0530386 0.00701916 0.113096
657 0.0460793 0.00292913 0.0431502 0.0490085
658 0.0451484 0.000978938 0.0441695 0.0461274
659 0.0463646 0.00528918 0.0410754 0.0516538
660 0.0465298 0.00519116 0.0413386 0.0517209
661 0.045764 0.00205517 0.0437089 0.0478192
662 0.0463196 0.00448716 0.0418324 0.0508067
663 0.0518449 0.0200483 0.0317966 0.0718931
664 0.0524605 0.0307535 0.021707 0.083214
665 0.0648324 0.0604594 0.00437303 0.125292
666 0.046815 0.00780283 0.0390122 0.0546179
667 0.0615142 0.0488258 0.0126883 0.11034
668 0.0456439 0.00171454 0.0439294 0.0473585
669 0.0527307 0.033236 0.0194948 0.0859667
670 0.0464997 0.00560043 0.0408993 0.0521002
671 0.0453737 0.00159719 0.0437765 0.0469708
672 0.0762434 0.0784967 -0.00225333 0.15474
673 0.045689 0.00132698 0.044362 0.0470159
674 0.0450734 0.00049251 0.0445809 0.0455659
675 0.0555234 0.0306509 0.0248725 0.0861744
676 0.0632859 0.0743992 -0.0111133 0.137685
677 0.0455989 0.00181737 0.0437815 0.0474162
678 0.0472054 0.00557891 0.0416265 0.0527843
679 0.0554634 0.026835 0.0286284 0.0822984
680 0.072715 0.0865962 -0.0138813 0.159311
681 0.0574903 0.0496834 0.00780693 0.107174
682 0.0482114 0.0081872 0.0400242 0.0563986
683 0.0491123 0.0119349 0.0371773 0.0610472
684 0.0570699 0.0395628 0.0175071 0.0966327
685 0.049938 0.00920134 0.0407367 0.0591394
686 0.0680905 0.0977808 -0.0296903 0.165871
687 0.0456139 0.00690593 0.038708 0.0525198
688 0.0539169 0.032452 0.0214649 0.0863689
689 0.0541121 0.0359525 0.0181596 0.0900645
690 0.0461694 0.00184348 0.0443259 0.0480129
691 0.0465748 0.00268066 0.0438942 0.0492555
692 0.0465748 0.00427835 0.0422965 0.0508532
693 0.0476709 0.00738911 0.0402818 0.05506
694 0.0468751 0.00261596 0.0442591 0.0494911
695 0.0460944 0.000479523 0.0456148 0.0465739
696 0.0465298 0.00256475 0.043965 0.0490945
697 0.056079 0.0332081 0.0228709 0.089287
698 0.0510341 0.0138906 0.0371435 0.0649247
699 0.0482264 0.00701957 0.0412068 0.055246
700 0.0461995 0.00172051 0.0444789 0.04792
701 0.0497729 0.00337458 0.0463983 0.0531475
702 0.0496227 0.00524249 0.0443803 0.0548652
703 0.0620097 0.06172 0.000289623 0.12373
704 0.0513945 0.0113151 0.0400794 0.0627095
705 0.0528809 0.020677 0.0322039 0.0735579
706 0.0469352 0.000698454 0.0462367 0.0476336
707 0.0469051 0.000409539 0.0464956 0.0473147
708 0.0537517 0.0235142 0.0302375 0.0772659
709 0.058241 0.0473743 0.0108668 0.105615
710 0.0499381 0.0143804 0.0355577 0.0643184
711 0.0479561 0.00469172 0.0432644 0.0526479
712 0.0496828 0.0123398 0.037343 0.0620226
713 0.0495327 0.00843137 0.0411013 0.057964
714 0.0534664 0.0277584 0.0257081 0.0812248
715 0.0476709 0.00442646 0.0432444 0.0520973
716 0.0470703 0.000544467 0.0465258 0.0476148
717 0.0454037 0.000975823 0.0444279 0.0463795
718 0.0517998 0.0283555 0.0234443 0.0801554
719 0.0449833 0.00109348 0.0438898 0.0460768
720 0.046785 0.00807303 0.038712 0.054858
721 0.0513794 0.0255565 0.0258229 0.0769359
722 0.0453887 0.00173876 0.0436499 0.0471274
723 0.0452986 0.00209832 0.0432003 0.0473969
724 0.0466199 0.00723308 0.0393868 0.0538529
725 0.0584212 0.0474885 0.0109327 0.10591
726 0.0702076 0.107185 -0.0369772 0.177392
727 0.0645922 0.0865246 -0.0219325 0.151117
728 0.0631357 0.073472 -0.0103362 0.136608
729 0.0448331 0.0017148 0.0431183 0.0465479
730 0.0443827 0.000337073 0.0440456 0.0447198
731 0.0486768 0.0183896 0.0302873 0.0670664
732 0.0446229 0.000275218 0.0443477 0.0448982
733 0.0458992 0.00690552 0.0389936 0.0528047
734 0.047776 0.0129257 0.0348503 0.0607016
735 0.0512593 0.026763 0.0244963 0.0780223
736 0.0998911 0.144437 -0.0445458 0.244328
737 0.0549979 0.0404291 0.0145688 0.095427
738 0.0446229 0.000618333 0.0440046 0.0452413
739 0.0455688 0.00489745 0.0406714 0.0504663
740 0.0736759 0.0735346 0.000141309 0.14721
741 0.0668443 0.0664232 0.000421151 0.133267
742 0.0473105 0.0118933 0.0354172 0.0592038
743 0.0447581 0.00148476 0.0432733 0.0462428
744 0.0448031 0.00173181 0.0430713 0.0465349
745 0.0451034 0.00192654 0.0431769 0.0470299
746 0.0551931 0.0366029 0.0185902 0.091796
747 0.054022 0.0370389 0.0169831 0.0910609
748 0.0445929 0.000515763 0.0440771 0.0451087
749 0.0442175 0.000248988 0.0439686 0.0444665
750 0.0689764 0.0683732 0.000603135 0.13735
751 0.0747419 0.132416 -0.0576742 0.207158
752 0.0466649 0.00729424 0.0393707 0.0539591
753 0.0552231 0.0453502 0.00987295 0.100573
754 0.0466499 0.00782325 0.0388266 0.0544731
755 0.0526557 0.034572 0.0180836 0.0872277
756 0.0451334 0.000723814 0.0444096 0.0458572
757 0.0594872 0.054914 0.00457328 0.114401
758 0.0465148 0.00364811 0.0428666 0.0501629
759 0.0453286 0.00143535 0.0438933 0.046764
760 0.0615893 0.0655877 -0.0039984 0.127177
761 0.0608385 0.0675345 -0.00669593 0.128373
762 0.0548928 0.0281255 0.0267673 0.0830183
763 0.0599527 0.0403831 0.0195695 0.100336
764 0.0464547 0.0072637 0.039191 0.0537184
765 0.0451184 0.0010266 0.0440918 0.046145
766 0.0656582 0.0581069 0.00755128 0.123765
767 0.0466799 0.00503687 0.041643 0.0517168
768 0.0521001 0.014844 0.0372562 0.0669441
769 0.0677752 0.0962268 -0.0284516 0.164002
770 0.0449683 0.000463993 0.0445043 0.0454323
771 0.0449983 0.000416904 0.0445814 0.0454152
772 0.044728 0.000361284 0.0443668 0.0450893
773 0.0741714 0.127449 -0.0532775 0.20162
774 0.0575053 0.0458128 0.0116926 0.103318
775 0.0475958 0.00766267 0.0399331 0.0552585
776 0.0566495 0.0299759 0.0266736 0.0866254
777 0.0481063 0.00935755 0.0387487 0.0574638
778 0.0483765 0.0111115 0.0372651 0.059488
779 0.0466649 0.00556418 0.0411007 0.0522291
780 0.0557186 0.0330966 0.022622 0.0888152
781 0.0450584 0.000373556 0.0446848 0.0454319
782 0.0518899 0.0269454 0.0249445 0.0788353
783 0.0472204 0.00579634 0.0414241 0.0530168
784 0.0742615 0.071496 0.00276543 0.145757
785 0.0458391 0.000289199 0.0455499 0.0461283
786 0.0682106 0.0796378 -0.0114271 0.147848
787 0.0579558 0.040957 0.0169987 0.0989128
788 0.0460343 0.00588375 0.0401505 0.051918
789 0.047836 0.00412293 0.0437131 0.051959
790 0.0513494 0.0136999 0.0376495 0.0650493
791 0.0522052 0.0253121 0.0268931 0.0775173
792 0.0479261 0.00798249 0.0399436 0.0559086
793 0.0464997 0.00168075 0.044819 0.0481805
794 0.0466949 0.00444945 0.0422455 0.0511444
795 0.0759431 0.0866261 -0.0106831 0.162569
796 0.0459893 0.000761308 0.0452279 0.0467506
797 0.0523103 0.0279541 0.0243563 0.0802644
798 0.061349 0.0537632 0.00758581 0.115112
799 0.0463646 0.00784059 0.038524 0.0542052
