# ../output/graphs/perf_parallel13QUADRUPED_thread2
# step - mean (0.0690851) - standard deviation (0.0164949) r=20 - ylow - yhigh
0 0.0760031 0.0258075 0.0501956 0.101811
1 0.0655531 0.00278169 0.0627714 0.0683348
2 0.0653279 0.00565028 0.0596776 0.0709781
3 0.0670095 0.00401116 0.0629983 0.0710206
4 0.0656432 0.00220339 0.0634398 0.0678466
5 0.0652678 0.0020284 0.0632394 0.0672962
6 0.0661086 0.00430815 0.0618005 0.0704168
7 0.0666641 0.00410419 0.0625599 0.0707683
8 0.0667092 0.00596077 0.0607484 0.07267
9 0.0695469 0.0104375 0.0591094 0.0799845
10 0.0678503 0.00799439 0.0598559 0.0758447
11 0.0688563 0.00835165 0.0605046 0.0772079
12 0.0656732 0.0025851 0.0630881 0.0682583
13 0.067505 0.00714763 0.0603573 0.0746526
14 0.0703577 0.0102553 0.0601024 0.0806129
15 0.0695619 0.0113119 0.0582501 0.0808738
16 0.0656281 0.00421954 0.0614086 0.0698477
17 0.0663338 0.00661106 0.0597228 0.0729449
18 0.0649825 0.00202867 0.0629539 0.0670112
19 0.0687361 0.0130627 0.0556734 0.0817988
20 0.0699823 0.0223576 0.0476247 0.09234
21 0.0659885 0.00427516 0.0617133 0.0702637
22 0.0657332 0.0029543 0.062779 0.0686875
23 0.0653879 0.00275035 0.0626376 0.0681383
24 0.065493 0.00404878 0.0614442 0.0695418
25 0.0693217 0.0105089 0.0588128 0.0798306
26 0.0683608 0.00873231 0.0596285 0.0770931
27 0.0694718 0.00811518 0.0613567 0.077587
28 0.0712285 0.0120549 0.0591737 0.0832834
29 0.0664539 0.00231261 0.0641413 0.0687666
30 0.0672497 0.004717 0.0625327 0.0719667
31 0.0697121 0.00903379 0.0606783 0.0787459
32 0.0704628 0.0102799 0.0601829 0.0807427
33 0.0672647 0.00430053 0.0629642 0.0715653
34 0.0687361 0.0034052 0.0653309 0.0721413
35 0.068556 0.00473096 0.063825 0.0732869
36 0.0718742 0.0117168 0.0601574 0.0835909
37 0.0714387 0.0116363 0.0598024 0.083075
38 0.0678803 0.00406276 0.0638176 0.0719431
39 0.0665741 0.000991863 0.0655822 0.0675659
40 0.0677902 0.00437111 0.0634191 0.0721613
41 0.0710183 0.00682951 0.0641888 0.0778478
42 0.0687812 0.00477589 0.0640053 0.0735571
43 0.0698772 0.0080515 0.0618257 0.0779287
44 0.0681656 0.00405668 0.0641089 0.0722223
45 0.0702226 0.0089732 0.0612494 0.0791958
46 0.068586 0.00582855 0.0627574 0.0744145
47 0.0681656 0.00569758 0.062468 0.0738632
48 0.0669344 0.00541429 0.0615201 0.0723487
49 0.0682106 0.00898575 0.0592249 0.0771964
50 0.0674749 0.00580506 0.0616699 0.07328
51 0.0661837 0.00415051 0.0620332 0.0703342
52 0.068586 0.00880282 0.0597832 0.0773888
53 0.066499 0.00423979 0.0622592 0.0707388
54 0.0653729 0.0020034 0.0633695 0.0673763
55 0.0651927 0.00133586 0.0638569 0.0665286
56 0.0692466 0.0125636 0.0566831 0.0818102
57 0.0649675 0.00188555 0.063082 0.0668531
58 0.0666641 0.00525634 0.0614078 0.0719205
59 0.0668894 0.00559769 0.0612917 0.0724871
60 0.0645771 0.00260314 0.061974 0.0671803
61 0.0688412 0.0116785 0.0571628 0.0805197
62 0.0659585 0.00356229 0.0623962 0.0695208
63 0.0660185 0.00484971 0.0611688 0.0708682
64 0.0673548 0.005642 0.0617128 0.0729968
65 0.0668293 0.00600238 0.0608269 0.0728317
66 0.0671296 0.00807631 0.0590533 0.0752059
67 0.065523 0.00427909 0.061244 0.0698021
68 0.0710033 0.0130939 0.0579094 0.0840973
69 0.06755 0.00426841 0.0632816 0.0718184
70 0.0707781 0.0193331 0.051445 0.0901112
71 0.0672647 0.00337875 0.063886 0.0706435
72 0.0720393 0.00618107 0.0658582 0.0782204
73 0.0704027 0.00433653 0.0660662 0.0747393
74 0.0702826 0.00692456 0.0633581 0.0772072
75 0.0695319 0.00399562 0.0655363 0.0735275
76 0.0715138 0.00907314 0.0624407 0.0805869
77 0.0694718 0.00459283 0.064879 0.0740647
78 0.0717841 0.00956008 0.062224 0.0813441
79 0.0694118 0.00283017 0.0665816 0.072242
80 0.0708231 0.00785431 0.0629688 0.0786775
81 0.0715438 0.00630169 0.0652422 0.0778455
82 0.070718 0.00595792 0.0647601 0.076676
83 0.0754176 0.0131667 0.0622509 0.0885842
84 0.0698022 0.0027316 0.0670706 0.0725338
85 0.0704027 0.0055885 0.0648142 0.0759912
86 0.0698022 0.00361031 0.0661919 0.0734125
87 0.0706129 0.00902531 0.0615876 0.0796382
88 0.0698322 0.00638315 0.063449 0.0762153
89 0.0712586 0.00914876 0.0621098 0.0804073
90 0.0691265 0.0045843 0.0645422 0.0737108
91 0.0718742 0.00631555 0.0655586 0.0781897
92 0.0710484 0.00572474 0.0653236 0.0767731
93 0.070673 0.00507148 0.0656015 0.0757445
94 0.0703877 0.00472838 0.0656593 0.0751161
95 0.0690965 0.00330031 0.0657962 0.0723968
96 0.0761833 0.0185483 0.057635 0.0947316
97 0.0693067 0.00225836 0.0670483 0.0715651
98 0.0693217 0.00405142 0.0652703 0.0733731
99 0.0707931 0.00410076 0.0666924 0.0748939
100 0.0681656 0.00115913 0.0670065 0.0693247
101 0.0689914 0.00243007 0.0665613 0.0714215
102 0.0688563 0.00302846 0.0658278 0.0718847
103 0.0704027 0.00729985 0.0631029 0.0777026
104 0.0693217 0.00444212 0.0648796 0.0737638
105 0.0701325 0.00742235 0.0627101 0.0775548
106 0.0689764 0.00435895 0.0646174 0.0733353
107 0.0683007 0.00212861 0.0661721 0.0704293
108 0.0723696 0.00841774 0.0639519 0.0807874
109 0.069592 0.00606693 0.063525 0.0756589
110 0.0699673 0.00426579 0.0657015 0.0742331
111 0.0684509 0.00127216 0.0671787 0.069723
112 0.0704478 0.00801743 0.0624304 0.0784652
113 0.0713937 0.00841446 0.0629792 0.0798081
114 0.0705829 0.00727138 0.0633115 0.0778543
115 0.0705829 0.00780317 0.0627797 0.0783861
116 0.0709282 0.00654575 0.0643825 0.077474
117 0.0694869 0.00505824 0.0644286 0.0745451
118 0.069592 0.00593697 0.063655 0.0755289
119 0.0708382 0.0111778 0.0596603 0.082016
120 0.0704778 0.0112406 0.0592372 0.0817185
121 0.068631 0.00595033 0.0626807 0.0745814
122 0.0687512 0.00259272 0.0661584 0.0713439
123 0.0670395 0.00158862 0.0654509 0.0686281
124 0.0693818 0.00912526 0.0602565 0.078507
125 0.0667092 0.0041023 0.0626069 0.0708115
126 0.066514 0.00195419 0.0645598 0.0684682
127 0.0671896 0.00291895 0.0642707 0.0701086
128 0.0711685 0.0128957 0.0582728 0.0840641
129 0.0676701 0.0048886 0.0627815 0.0725587
130 0.0711384 0.00989948 0.061239 0.0810379
131 0.0691716 0.00615429 0.0630173 0.0753258
132 0.0685259 0.00400815 0.0645178 0.0725341
133 0.0684358 0.00449822 0.0639376 0.0729341
134 0.0679554 0.00287102 0.0650844 0.0708264
135 0.0682707 0.00580131 0.0624694 0.074072
136 0.0680905 0.00644739 0.0616431 0.0745379
137 0.070688 0.0102347 0.0604533 0.0809227
138 0.0676101 0.00275919 0.0648509 0.0703692
139 0.0690064 0.00797695 0.0610294 0.0769834
140 0.0684208 0.00481894 0.0636019 0.0732398
141 0.0692316 0.0056702 0.0635614 0.0749018
142 0.0684058 0.00357911 0.0648267 0.0719849
143 0.0677001 0.0040405 0.0636596 0.0717406
144 0.0691115 0.00799032 0.0611212 0.0771018
145 0.066469 0.000992658 0.0654763 0.0674616
146 0.071754 0.0132432 0.0585108 0.0849973
147 0.0704628 0.00860068 0.0618621 0.0790635
148 0.0686761 0.00811286 0.0605632 0.0767889
149 0.0693367 0.00619782 0.0631389 0.0755345
150 0.068601 0.00780779 0.0607932 0.0764088
151 0.0677752 0.00656604 0.0612092 0.0743412
152 0.0744867 0.0181573 0.0563294 0.092644
153 0.06755 0.00493742 0.0626126 0.0724874
154 0.067565 0.00316232 0.0644027 0.0707273
155 0.0681656 0.00371922 0.0644464 0.0718848
156 0.0699974 0.0066654 0.063332 0.0766628
157 0.0674899 0.00450521 0.0629847 0.0719951
158 0.0697271 0.00831079 0.0614163 0.0780379
159 0.0704628 0.0125868 0.057876 0.0830496
160 0.0679254 0.00407177 0.0638536 0.0719971
161 0.0692917 0.0045993 0.0646924 0.073891
162 0.0687962 0.00410079 0.0646954 0.072897
163 0.0690665 0.00558489 0.0634816 0.0746513
164 0.0670395 0.00215472 0.0648848 0.0691942
165 0.0691716 0.00640346 0.0627681 0.075575
166 0.0689163 0.00571536 0.063201 0.0746317
167 0.0687512 0.00540309 0.0633481 0.0741542
168 0.0685109 0.00395684 0.0645541 0.0724678
169 0.0685259 0.00892146 0.0596045 0.0774474
170 0.0657783 0.000961277 0.064817 0.0667396
171 0.0687962 0.00615988 0.0626363 0.0749561
172 0.0677602 0.00486086 0.0628993 0.0726211
173 0.0687512 0.00865722 0.0600939 0.0774084
174 0.0671146 0.00367716 0.0634374 0.0707917
175 0.0676401 0.00683636 0.0608037 0.0744764
176 0.066484 0.00410683 0.0623771 0.0705908
177 0.0666191 0.00480957 0.0618095 0.0714287
178 0.0658984 0.00327504 0.0626234 0.0691735
179 0.0673098 0.00575762 0.0615521 0.0730674
180 0.0677001 0.00559415 0.062106 0.0732943
181 0.0717691 0.0138211 0.0579479 0.0855902
182 0.0676851 0.00688468 0.0608005 0.0745698
183 0.0701925 0.0114783 0.0587142 0.0816708
184 0.0684659 0.00731929 0.0611466 0.0757852
185 0.066544 0.00490253 0.0616415 0.0714466
186 0.0674149 0.00611772 0.0612971 0.0735326
187 0.0672647 0.00511285 0.0621519 0.0723776
188 0.0663338 0.00332888 0.063005 0.0696627
189 0.0663789 0.00456842 0.0618105 0.0709473
190 0.0703427 0.0120479 0.0582948 0.0823905
191 0.0656732 0.00356586 0.0621073 0.0692391
192 0.0692316 0.0125474 0.0566842 0.081779
193 0.0660335 0.00439377 0.0616398 0.0704273
194 0.0663939 0.00358955 0.0628043 0.0699834
195 0.0690514 0.00886868 0.0601828 0.0779201
196 0.0660486 0.00139068 0.0646579 0.0674392
197 0.0678353 0.00774076 0.0600945 0.075576
198 0.0680905 0.00610988 0.0619806 0.0742004
199 0.0687361 0.00870004 0.0600361 0.0774362
200 0.0694118 0.00507237 0.0643394 0.0744842
201 0.0692767 0.00505173 0.0642249 0.0743284
202 0.068541 0.00388973 0.0646512 0.0724307
203 0.0684509 0.00331744 0.0651334 0.0717683
204 0.0683157 0.00402488 0.0642909 0.0723406
205 0.0699073 0.00626201 0.0636452 0.0761693
206 0.071739 0.0105567 0.0611823 0.0822958
207 0.0711985 0.00884344 0.0623551 0.080042
208 0.0693367 0.00317356 0.0661632 0.0725103
209 0.0682857 0.00234225 0.0659434 0.070628
210 0.0684809 0.00246434 0.0660166 0.0709452
211 0.0679254 0.00208825 0.0658371 0.0700136
212 0.0681806 0.00264438 0.0655362 0.070825
213 0.0699823 0.00756017 0.0624222 0.0775425
214 0.0692466 0.0047131 0.0645335 0.0739597
215 0.070628 0.00956485 0.0610631 0.0801928
216 0.0702826 0.00742296 0.0628597 0.0777056
217 0.068556 0.00454727 0.0640087 0.0731032
218 0.0694568 0.00583759 0.0636192 0.0752944
219 0.0718892 0.0073711 0.0645181 0.0792603
220 0.0718892 0.00879052 0.0630987 0.0806797
221 0.0709132 0.00815674 0.0627565 0.07907
222 0.0691716 0.00477476 0.0643968 0.0739463
223 0.0692917 0.00483817 0.0644535 0.0741298
224 0.0690214 0.0031684 0.065853 0.0721898
225 0.0699373 0.00902712 0.0609102 0.0789644
226 0.0686761 0.00418049 0.0644956 0.0728566
227 0.0697571 0.00757425 0.0621829 0.0773314
228 0.0682557 0.00473667 0.063519 0.0729923
229 0.068541 0.00446702 0.0640739 0.073008
230 0.0679854 0.00277568 0.0652097 0.0707611
231 0.0686911 0.00474121 0.0639499 0.0734323
232 0.0709433 0.00684097 0.0641023 0.0777842
233 0.0712736 0.00865347 0.0626201 0.079927
234 0.0671746 0.00144981 0.0657248 0.0686244
235 0.0698022 0.00521715 0.064585 0.0750193
236 0.0732855 0.00957657 0.0637089 0.0828621
237 0.0699974 0.00594003 0.0640573 0.0759374
238 0.0722795 0.0108221 0.0614574 0.0831017
239 0.073781 0.013425 0.060356 0.087206
240 0.0703877 0.00439121 0.0659965 0.0747789
241 0.0702376 0.00509598 0.0651416 0.0753336
242 0.0722645 0.00960984 0.0626547 0.0818744
243 0.0698923 0.00616644 0.0637258 0.0760587
244 0.0692016 0.00526104 0.0639405 0.0744626
245 0.0722045 0.0114266 0.0607779 0.083631
246 0.0689163 0.00477875 0.0641376 0.0736951
247 0.0690514 0.00617127 0.0628802 0.0752227
248 0.0689313 0.00610664 0.0628247 0.075038
249 0.0669945 0.00203644 0.064958 0.0690309
250 0.0707331 0.01703 0.0537031 0.087763
251 0.0694418 0.0149813 0.0544605 0.0844232
252 0.0672948 0.00551658 0.0617782 0.0728113
253 0.0653279 0.00258401 0.0627438 0.0679119
254 0.0658534 0.00317952 0.0626738 0.0690329
255 0.0650576 0.00213242 0.0629252 0.06719
256 0.0688112 0.0143964 0.0544148 0.0832076
257 0.0672197 0.00453851 0.0626812 0.0717582
258 0.0674299 0.00470264 0.0627272 0.0721325
259 0.0671746 0.00357218 0.0636025 0.0707468
260 0.0671896 0.00574555 0.0614441 0.0729352
261 0.0698322 0.00907423 0.060758 0.0789064
262 0.0693818 0.0052935 0.0640883 0.0746753
263 0.0680905 0.00563862 0.0624519 0.0737291
264 0.0693818 0.00510886 0.0642729 0.0744906
265 0.0681956 0.00616865 0.062027 0.0743643
266 0.0668293 0.0049072 0.0619221 0.0717365
267 0.0709132 0.0139859 0.0569273 0.0848992
268 0.0661837 0.00415811 0.0620256 0.0703418
269 0.0659284 0.00276278 0.0631657 0.0686912
270 0.0662137 0.00613024 0.0600835 0.0723439
271 0.0698772 0.0144083 0.055469 0.0842855
272 0.0659885 0.00263139 0.0633571 0.0686199
273 0.0678503 0.00695833 0.060892 0.0748086
274 0.0652528 0.00258336 0.0626694 0.0678361
275 0.066544 0.00762959 0.0589144 0.0741736
276 0.0667843 0.00686828 0.059916 0.0736525
277 0.0687512 0.0109531 0.057798 0.0797043
278 0.0698322 0.0144908 0.0553414 0.084323
279 0.0664239 0.00458922 0.0618347 0.0710131
280 0.0687812 0.0070523 0.0617289 0.0758335
281 0.0683007 0.00879466 0.0595061 0.0770954
282 0.0664539 0.00223932 0.0642146 0.0686933
283 0.0673999 0.00482754 0.0625723 0.0722274
284 0.06752 0.00497273 0.0625472 0.0724927
285 0.0684058 0.00618595 0.0622199 0.0745918
286 0.0719793 0.0104792 0.0615 0.0824585
287 0.0690514 0.00612507 0.0629264 0.0751765
288 0.0708081 0.00666181 0.0641463 0.0774699
289 0.0702526 0.00508764 0.065165 0.0753402
290 0.070643 0.00631527 0.0643277 0.0769582
291 0.0676551 0.00225537 0.0653997 0.0699105
292 0.0678653 0.0033627 0.0645026 0.071228
293 0.0680154 0.00471415 0.0633013 0.0727296
294 0.0680905 0.00778315 0.0603074 0.0758737
295 0.0674149 0.00308509 0.0643298 0.0705
296 0.0666942 0.00125225 0.0654419 0.0679464
297 0.0702376 0.00894886 0.0612887 0.0791864
298 0.068616 0.00317583 0.0654402 0.0717919
299 0.0709883 0.0105274 0.0604609 0.0815157
300 0.0672948 0.000869801 0.0664249 0.0681646
301 0.0701625 0.0058083 0.0643542 0.0759708
302 0.0677902 0.00228274 0.0655075 0.070073
303 0.068586 0.00803541 0.0605506 0.0766214
304 0.0657483 0.000922992 0.0648253 0.0666713
305 0.0667993 0.00225412 0.0645452 0.0690534
306 0.0656882 0.00106115 0.0646271 0.0667494
307 0.0655981 0.00121041 0.0643877 0.0668085
308 0.0669644 0.00420297 0.0627615 0.0711674
309 0.0692917 0.00926326 0.0600284 0.0785549
310 0.0664389 0.00255488 0.063884 0.0689938
311 0.0665741 0.00470899 0.0618651 0.071283
312 0.067565 0.0077093 0.0598557 0.0752743
313 0.0655381 0.00268398 0.0628541 0.068222
314 0.0686761 0.00824789 0.0604282 0.076924
315 0.146916 0.337428 -0.190511 0.484344
316 0.0690815 0.00699388 0.0620876 0.0760753
317 0.0680305 0.00612359 0.0619069 0.0741541
318 0.0657933 0.00270077 0.0630925 0.0684941
319 0.0668894 0.00444476 0.0624446 0.0713341
320 0.0684809 0.00705422 0.0614267 0.0755351
321 0.0668443 0.00400455 0.0628398 0.0708489
322 0.0668743 0.00290071 0.0639736 0.0697751
323 0.0679254 0.00275481 0.0651705 0.0706802
324 0.0732705 0.0210926 0.0521779 0.0943631
325 0.0681656 0.0043733 0.0637923 0.0725389
326 0.0715288 0.0133477 0.0581811 0.0848765
327 0.0730753 0.00855285 0.0645225 0.0816282
328 0.069652 0.00168396 0.0679681 0.071336
329 0.0701475 0.00452271 0.0656248 0.0746702
330 0.0709132 0.00346996 0.0674433 0.0743832
331 0.0718441 0.00543919 0.0664049 0.0772833
332 0.0712736 0.00962157 0.061652 0.0808951
333 0.0692767 0.00194633 0.0673303 0.071223
334 0.0686761 0.00098273 0.0676934 0.0696588
335 0.0703727 0.00523337 0.0651393 0.0756061
336 0.0703427 0.00860152 0.0617412 0.0789442
337 0.0707481 0.00682416 0.0639239 0.0775722
338 0.0687512 0.00161843 0.0671327 0.0703696
339 0.0699073 0.00458922 0.065318 0.0744965
340 0.0717691 0.00628099 0.0654881 0.07805
341 0.0713787 0.00856698 0.0628117 0.0799457
342 0.0700574 0.00492153 0.0651359 0.0749789
343 0.0697571 0.00443381 0.0653233 0.0741909
344 0.0711835 0.00805507 0.0631284 0.0792386
345 0.071694 0.00992857 0.0617654 0.0816226
346 0.0697571 0.00515947 0.0645977 0.0749166
347 0.0698022 0.00609703 0.0637051 0.0758992
348 0.0681055 0.00250449 0.065601 0.07061
349 0.0703727 0.00725884 0.0631139 0.0776316
350 0.0752824 0.0238725 0.0514099 0.099155
351 0.0684809 0.00260487 0.065876 0.0710858
352 0.0704628 0.00438594 0.0660769 0.0748487
353 0.0691115 0.00133037 0.0677811 0.0704419
354 0.070658 0.00552409 0.0651339 0.0761821
355 0.0699523 0.00700612 0.0629462 0.0769584
356 0.0787958 0.023291 0.0555049 0.102087
357 0.0722946 0.0128209 0.0594736 0.0851155
358 0.0704027 0.00700805 0.0633947 0.0774108
359 0.0692616 0.00437256 0.0648891 0.0736342
360 0.0691565 0.00324965 0.0659069 0.0724062
361 0.071694 0.00857685 0.0631171 0.0802708
362 0.0700424 0.00623407 0.0638083 0.0762765
363 0.0699823 0.00458811 0.0653942 0.0745705
364 0.0681956 0.0023738 0.0658218 0.0705694
365 0.0710784 0.00908497 0.0619934 0.0801634
366 0.070628 0.00677456 0.0638534 0.0774025
367 0.0706129 0.00717513 0.0634378 0.0777881
368 0.0711234 0.0100994 0.061024 0.0812228
369 0.0695169 0.00463895 0.0648779 0.0741558
370 0.0694268 0.0045269 0.0648999 0.0739537
371 0.068571 0.00446641 0.0641046 0.0730374
372 0.0707931 0.010303 0.0604902 0.0810961
373 0.0736158 0.0144876 0.0591282 0.0881034
374 0.0678503 0.00304386 0.0648064 0.0708941
375 0.0679554 0.00410101 0.0638544 0.0720564
376 0.0677302 0.00421847 0.0635117 0.0719486
377 0.0678653 0.0040998 0.0637655 0.0719651
378 0.0689313 0.00857769 0.0603536 0.077509
379 0.067535 0.00271409 0.0648209 0.0702491
380 0.0672347 0.00249601 0.0647387 0.0697307
381 0.0667993 0.00137437 0.0654249 0.0681736
382 0.0673548 0.0043991 0.0629557 0.0717539
383 0.0656582 0.00131674 0.0643414 0.0669749
384 0.0678953 0.00431926 0.0635761 0.0722146
385 0.068616 0.00399113 0.0646249 0.0726072
386 0.0681806 0.0030111 0.0651695 0.0711917
387 0.0681656 0.00471559 0.06345 0.0728812
388 0.070703 0.0113056 0.0593975 0.0820086
389 0.0692917 0.00978678 0.0595049 0.0790785
390 0.0667843 0.00402028 0.062764 0.0708045
391 0.0680605 0.00371349 0.064347 0.071774
392 0.0668293 0.00439846 0.0624308 0.0712278
393 0.0676851 0.00487209 0.062813 0.0725572
394 0.0672497 0.00464087 0.0626088 0.0718906
395 0.0667993 0.00423234 0.0625669 0.0710316
396 0.0678803 0.00646248 0.0614178 0.0743428
397 0.0683908 0.00509508 0.0632957 0.0734859
398 0.0667242 0.0027384 0.0639858 0.0694626
399 0.0691565 0.00813229 0.0610243 0.0772888
400 0.0683157 0.00715009 0.0611656 0.0754658
401 0.0667092 0.0033348 0.0633744 0.070044
402 0.0680305 0.00810973 0.0599207 0.0761402
403 0.0673098 0.00510339 0.0622064 0.0724132
404 0.0653729 0.00131271 0.0640602 0.0666856
405 0.0670695 0.00685046 0.0602191 0.07392
406 0.0650276 0.00269504 0.0623325 0.0677226
407 0.0691565 0.0104534 0.0587032 0.0796099
408 0.0739161 0.0284884 0.0454277 0.102405
409 0.0681356 0.00744868 0.0606869 0.0755842
410 0.070718 0.0111251 0.059593 0.0818431
411 0.0691265 0.0100373 0.0590892 0.0791638
412 0.0697871 0.00734414 0.062443 0.0771313
413 0.0692466 0.00599631 0.0632503 0.0752429
414 0.0699523 0.00771367 0.0622386 0.077666
415 0.0700874 0.00908015 0.0610073 0.0791676
416 0.0703277 0.0046225 0.0657052 0.0749502
417 0.0701625 0.00381884 0.0663437 0.0739813
418 0.068601 0.00261868 0.0659823 0.0712197
419 0.0707481 0.00602257 0.0647255 0.0767706
420 0.0698472 0.00499636 0.0648508 0.0748436
421 0.0689764 0.00461322 0.0643631 0.0735896
422 0.0698772 0.00878472 0.0610925 0.078662
423 0.0701175 0.00750872 0.0626087 0.0776262
424 0.0674749 0.00150175 0.0659732 0.0689767
425 0.0689013 0.00551786 0.0633834 0.0744192
426 0.0692466 0.00755834 0.0616883 0.076805
427 0.0696971 0.00693719 0.0627599 0.0766343
428 0.0690665 0.00631464 0.0627518 0.0753811
429 0.0667392 0.00223281 0.0645064 0.068972
430 0.0673999 0.00436761 0.0630322 0.0717675
431 0.0673848 0.00576555 0.0616193 0.0731504
432 0.0666191 0.000773062 0.065846 0.0673922
433 0.0671146 0.00478911 0.0623255 0.0719037
434 0.0676551 0.00523408 0.062421 0.0728892
435 0.0705078 0.0110825 0.0594254 0.0815903
436 0.0682106 0.00634689 0.0618637 0.0745575
437 0.0672797 0.00409041 0.0631893 0.0713701
438 0.0682707 0.00633266 0.061938 0.0746034
439 0.0696971 0.00878924 0.0609078 0.0784863
440 0.068601 0.0102774 0.0583236 0.0788784
441 0.0676701 0.00657508 0.061095 0.0742452
442 0.0681356 0.00534388 0.0627917 0.0734794
443 0.0668293 0.00187885 0.0649505 0.0687081
444 0.0665741 0.00277682 0.0637972 0.0693509
445 0.0678203 0.00655997 0.0612603 0.0743802
446 0.0701175 0.00845221 0.0616653 0.0785697
447 0.0694268 0.0066503 0.0627765 0.0760771
448 0.0746218 0.0145004 0.0601214 0.0891222
449 0.0700424 0.0119286 0.0581138 0.081971
450 0.0727 0.0104096 0.0622903 0.0831096
451 0.0692166 0.00777656 0.06144 0.0769932
452 0.0698322 0.00774226 0.0620899 0.0775745
453 0.0685409 0.00543338 0.0631076 0.0739743
454 0.0680305 0.00452478 0.0635057 0.0725552
455 0.0690364 0.00115484 0.0678816 0.0701913
456 0.0697271 0.00486764 0.0648594 0.0745947
457 0.068541 0.00108634 0.0674546 0.0696273
458 0.0684208 0.000840139 0.0675807 0.069261
459 0.0692466 0.00399102 0.0652556 0.0732376
460 0.0721744 0.00934969 0.0628248 0.0815241
461 0.0724147 0.008225 0.0641897 0.0806397
462 0.0701475 0.00438607 0.0657614 0.0745336
463 0.0747269 0.0133729 0.061354 0.0880998
464 0.0703127 0.00338711 0.0669255 0.0736998
465 0.0746518 0.0107809 0.0638709 0.0854327
466 0.0710784 0.00557204 0.0655064 0.0766504
467 0.071754 0.0072041 0.0645499 0.0789581
468 0.070628 0.00638959 0.0642384 0.0770176
469 0.0713937 0.00931083 0.0620829 0.0807045
470 0.0702226 0.00614256 0.06408 0.0763651
471 0.0677752 0.00123118 0.066544 0.0690064
472 0.0681356 0.0019689 0.0661667 0.0701045
473 0.0732705 0.0105084 0.0627621 0.0837789
474 0.0698022 0.00356507 0.0662371 0.0733672
475 0.0710634 0.00761946 0.0634439 0.0786828
476 0.0705078 0.00705238 0.0634555 0.0775602
477 0.0680305 0.00115318 0.0668773 0.0691836
478 0.0693217 0.00515175 0.06417 0.0744735
479 0.0742164 0.0208309 0.0533855 0.0950473
480 0.0703127 0.00280135 0.0675113 0.073114
481 0.0733756 0.00852856 0.064847 0.0819042
482 0.0722946 0.00790785 0.0643867 0.0802024
483 0.0702526 0.00479003 0.0654626 0.0750426
484 0.0719042 0.00935749 0.0625467 0.0812617
485 0.0711685 0.00927694 0.0618915 0.0804454
486 0.0712736 0.0128656 0.0584079 0.0841392
487 0.0702676 0.00682191 0.0634457 0.0770895
488 0.0701325 0.00836534 0.0617671 0.0784978
489 0.0682106 0.00109214 0.0671185 0.0693028
490 0.0715739 0.00888534 0.0626885 0.0804592
491 0.0704928 0.00594001 0.0645528 0.0764328
492 0.0731504 0.00895415 0.0641962 0.0821045
493 0.0714237 0.00757852 0.0638452 0.0790022
494 0.0718291 0.00877368 0.0630554 0.0806028
495 0.0760332 0.0162485 0.0597846 0.0922817
496 0.0731654 0.00988187 0.0632835 0.0830473
497 0.0681656 0.000865124 0.0673005 0.0690307
498 0.0681055 0.00230382 0.0658017 0.0704094
499 0.067505 0.00236753 0.0651374 0.0698725
500 0.0674599 0.00435292 0.063107 0.0718128
501 0.06755 0.00409592 0.0634541 0.0716459
502 0.06755 0.0054131 0.0621369 0.0729631
503 0.0704778 0.0089982 0.0614796 0.079476
504 0.0681055 0.00454181 0.0635637 0.0726473
505 0.0683458 0.00513959 0.0632062 0.0734854
506 0.0670845 0.00393871 0.0631458 0.0710233
507 0.068586 0.00756549 0.0610205 0.0761515
508 0.0672047 0.00211613 0.0650885 0.0693208
509 0.0723846 0.0123208 0.0600638 0.0847055
510 0.0690064 0.00766919 0.0613372 0.0766756
511 0.0721144 0.0104931 0.0616213 0.0826074
512 0.0736609 0.0128953 0.0607655 0.0865562
513 0.0677302 0.00208366 0.0656465 0.0698138
514 0.0687512 0.00412553 0.0646256 0.0728767
515 0.0680605 0.00408136 0.0639791 0.0721418
516 0.0715438 0.0114783 0.0600655 0.0830221
517 0.0660035 0.00137479 0.0646287 0.0673783
518 0.0674149 0.00417553 0.0632393 0.0715904
519 0.0683908 0.00743776 0.060953 0.0758286
520 0.0699223 0.0102992 0.0596231 0.0802215
521 0.066514 0.00330522 0.0632088 0.0698192
522 0.0697421 0.0110863 0.0586558 0.0808284
523 0.0663188 0.00185177 0.064467 0.0681706
524 0.070658 0.0102425 0.0604155 0.0809005
525 0.0684809 0.00519463 0.0632863 0.0736755
526 0.0695469 0.00741379 0.0621331 0.0769607
527 0.0681656 0.0079975 0.0601681 0.0761631
528 0.0669494 0.0043676 0.0625818 0.071317
529 0.0667542 0.00278655 0.0639677 0.0695408
530 0.0683307 0.00625112 0.0620796 0.0745819
531 0.0679254 0.00768916 0.0602362 0.0756145
532 0.0673999 0.0033011 0.0640988 0.0707009
533 0.0690214 0.00618644 0.062835 0.0752079
534 0.0691565 0.00906609 0.0600905 0.0782226
535 0.0665891 0.00240208 0.064187 0.0689911
536 0.0670395 0.00407096 0.0629685 0.0711105
537 0.0702826 0.0103938 0.0598888 0.0806765
538 0.0669194 0.00131331 0.0656061 0.0682327
539 0.0679554 0.00447229 0.0634831 0.0724277
540 0.0697271 0.00870403 0.0610231 0.0784311
541 0.0669194 0.00202617 0.0648932 0.0689456
542 0.0691716 0.00818323 0.0609883 0.0773548
543 0.0687662 0.00593251 0.0628337 0.0746987
544 0.0681956 0.00161124 0.0665844 0.0698069
545 0.0682407 0.00201636 0.0662243 0.070257
546 0.0698022 0.00382025 0.0659819 0.0736224
547 0.0708982 0.00514617 0.0657521 0.0760444
548 0.0698772 0.0071951 0.0626821 0.0770723
549 0.0741564 0.0160744 0.0580819 0.0902308
550 0.0703877 0.00853761 0.0618501 0.0789253
551 0.0726099 0.00796791 0.064642 0.0805778
552 0.0680455 0.00199053 0.0660549 0.070036
553 0.0705829 0.00810362 0.0624793 0.0786865
554 0.0719042 0.0115849 0.0603193 0.0834891
555 0.0762283 0.0215908 0.0546375 0.0978192
556 0.0690364 0.002968 0.0660684 0.0720044
557 0.0670095 0.00112868 0.0658808 0.0681382
558 0.0676251 0.00434185 0.0632832 0.0719669
559 0.06758 0.00686505 0.060715 0.0744451
560 0.0671746 0.00453735 0.0626373 0.071712
561 0.0691265 0.00698299 0.0621435 0.0761095
562 0.0663038 0.00426854 0.0620353 0.0705723
563 0.0663639 0.00409209 0.0622718 0.0704559
564 0.0667092 0.00463971 0.0620695 0.0713489
565 0.0699523 0.00666511 0.0632872 0.0766174
566 0.068601 0.00655323 0.0620478 0.0751542
567 0.0682106 0.00789096 0.0603197 0.0761016
568 0.0674299 0.00448374 0.0629461 0.0719136
569 0.0661687 0.00315414 0.0630145 0.0693228
570 0.0657332 0.00229461 0.0634386 0.0680279
571 0.0715138 0.0131858 0.058328 0.0846996
572 0.0683608 0.00800047 0.0603603 0.0763613
573 0.0677452 0.00538297 0.0623622 0.0731282
574 0.0667542 0.0041043 0.0626499 0.0708585
575 0.0659284 0.00195413 0.0639743 0.0678826
576 0.0700124 0.0106067 0.0594056 0.0806191
577 0.0651177 0.00116795 0.0639497 0.0662856
578 0.0700424 0.00868654 0.0613559 0.0787289
579 0.0695169 0.00855982 0.0609571 0.0780767
580 0.0678203 0.00776366 0.0600566 0.0755839
581 0.0678203 0.00748634 0.0603339 0.0753066
582 0.0718441 0.0114571 0.0603871 0.0833012
583 0.0687662 0.00318363 0.0655825 0.0719498
584 0.0731204 0.00921965 0.0639007 0.08234
585 0.0736158 0.0146624 0.0589535 0.0882782
586 0.0712736 0.00815508 0.0631185 0.0794287
587 0.0701625 0.00287914 0.0672834 0.0730416
588 0.0700274 0.00260335 0.067424 0.0726307
589 0.0700274 0.00345737 0.06657 0.0734847
590 0.0698472 0.00285101 0.0669962 0.0726982
591 0.0697121 0.00383533 0.0658767 0.0735474
592 0.0700424 0.00626869 0.0637737 0.0763111
593 0.0699223 0.00477665 0.0651456 0.0746989
594 0.0736759 0.0116523 0.0620236 0.0853282
595 0.0694869 0.00390191 0.065585 0.0733888
596 0.0701025 0.00434795 0.0657545 0.0744504
597 0.0699223 0.00447851 0.0654438 0.0744008
598 0.0706129 0.00960468 0.0610083 0.0802176
599 0.0680755 0.0027111 0.0653644 0.0707866
600 0.0679103 0.00317125 0.0647391 0.0710816
601 0.072775 0.0125689 0.0602061 0.0853439
602 0.0712135 0.00957695 0.0616366 0.0807905
603 0.0699073 0.00773767 0.0621696 0.0776449
604 0.0684809 0.00586946 0.0626114 0.0743504
605 0.0668743 0.00105358 0.0658208 0.0679279
606 0.0674149 0.00280814 0.0646067 0.070223
607 0.0682407 0.00420713 0.0640335 0.0724478
608 0.0693067 0.00312012 0.0661866 0.0724268
609 0.0683608 0.00206365 0.0662971 0.0704244
610 0.0713036 0.00886818 0.0624354 0.0801718
611 0.0730303 0.00918688 0.0638434 0.0822171
612 0.0689914 0.00562982 0.0633616 0.0746212
613 0.0701025 0.00501894 0.0650835 0.0751214
614 0.0720243 0.00870179 0.0633225 0.0807261
615 0.0699673 0.00799412 0.0619732 0.0779614
616 0.0683007 0.00404831 0.0642524 0.072349
617 0.0697121 0.00817772 0.0615344 0.0778898
618 0.0705078 0.00534109 0.0651668 0.0758489
619 0.0730303 0.0131277 0.0599026 0.0861579
620 0.0690665 0.00377935 0.0652871 0.0728458
621 0.070643 0.00841446 0.0622285 0.0790574
622 0.0700124 0.00827473 0.0617376 0.0782871
623 0.0712285 0.00968338 0.0615452 0.0809119
624 0.0758079 0.0263507 0.0494573 0.102159
625 0.0688713 0.00475584 0.0641154 0.0736271
626 0.0678353 0.00737324 0.060462 0.0752085
627 0.0656882 0.0011069 0.0645813 0.0667951
628 0.0673698 0.00473017 0.0626397 0.0721
629 0.0670845 0.00296116 0.0641234 0.0700457
630 0.067505 0.006379 0.061126 0.073884
631 0.0656582 0.00103273 0.0646254 0.0666909
632 0.0659585 0.0023821 0.0635764 0.0683406
633 0.0697271 0.0077038 0.0620233 0.0774309
634 0.0673248 0.00572647 0.0615983 0.0730513
635 0.0669344 0.00519587 0.0617385 0.0721303
636 0.0663488 0.00337271 0.0629761 0.0697215
637 0.0674299 0.00491179 0.0625181 0.0723417
638 0.0684809 0.00837073 0.0601102 0.0768516
639 0.0703427 0.0125303 0.0578124 0.082873
640 0.0686611 0.00504385 0.0636172 0.0737049
641 0.069667 0.00663632 0.0630307 0.0763034
642 0.0669945 0.00198031 0.0650141 0.0689748
643 0.0687962 0.00752396 0.0612722 0.0763202
644 0.0684358 0.00608328 0.0623526 0.0745191
645 0.0700874 0.0101635 0.0599239 0.080251
646 0.065493 0.00102671 0.0644663 0.0665197
647 0.0708832 0.0156696 0.0552136 0.0865528
648 0.0687962 0.0078063 0.0609899 0.0766025
649 0.0683007 0.00763022 0.0606705 0.0759309
650 0.0674449 0.00596162 0.0614833 0.0734065
651 0.0699673 0.0132916 0.0566757 0.083259
652 0.0651026 0.00187915 0.0632235 0.0669818
653 0.0660936 0.00301323 0.0630804 0.0691068
654 0.066469 0.00735142 0.0591175 0.0738204
655 0.064487 0.00136251 0.0631245 0.0658496
656 0.0666491 0.00964226 0.0570069 0.0762914
657 0.0652228 0.00245724 0.0627655 0.06768
658 0.116167 0.221533 -0.105367 0.3377
659 0.0676101 0.00856391 0.0590461 0.076174
660 0.0662137 0.00377994 0.0624338 0.0699937
661 0.0673999 0.00547274 0.0619271 0.0728726
662 0.066514 0.00408713 0.0624269 0.0706011
663 0.0676101 0.00628191 0.0613281 0.073892
664 0.0686761 0.00641811 0.062258 0.0750942
665 0.0667692 0.00305244 0.0637168 0.0698217
666 0.0669494 0.00733251 0.0596169 0.0742819
667 0.0672497 0.00477117 0.0624785 0.0720209
668 0.068601 0.00856928 0.0600317 0.0771703
669 0.0707481 0.0122962 0.0584518 0.0830443
670 0.06758 0.00486475 0.0627153 0.0724448
671 0.0704928 0.0101246 0.0603682 0.0806175
672 0.0703127 0.00837385 0.0619388 0.0786865
673 0.0683608 0.0024047 0.0659561 0.0707655
674 0.0683908 0.00314641 0.0652444 0.0715372
675 0.0700424 0.00915358 0.0608888 0.079196
676 0.0678052 0.00322807 0.0645772 0.0710333
677 0.0685259 0.00699138 0.0615346 0.0755173
678 0.0678503 0.00320266 0.0646476 0.0710529
679 0.0702976 0.00935288 0.0609448 0.0796505
680 0.0697721 0.00801399 0.0617581 0.0777861
681 0.0680605 0.00434151 0.063719 0.072402
682 0.069682 0.00856665 0.0611154 0.0782487
683 0.0701175 0.00910549 0.061012 0.079223
684 0.0676251 0.0097885 0.0578366 0.0774136
685 0.071724 0.0128562 0.0588678 0.0845802
686 0.0678803 0.00608963 0.0617907 0.0739699
687 0.0661837 0.00310824 0.0630754 0.0692919
688 0.0657783 0.00255241 0.0632259 0.0683307
689 0.066469 0.00458496 0.061884 0.0710539
690 0.0657933 0.00259867 0.0631946 0.068392
691 0.0667692 0.00479455 0.0619747 0.0715638
692 0.0676701 0.00776656 0.0599036 0.0754367
693 0.0680455 0.00748581 0.0605597 0.0755313
694 0.066529 0.00622944 0.0602996 0.0727585
695 0.0667692 0.00699311 0.0597761 0.0737624
696 0.0656882 0.00763577 0.0580524 0.073324
697 0.0666641 0.00649347 0.0601707 0.0731576
698 0.0650576 0.0031684 0.0618892 0.068226
699 0.0686611 0.0100362 0.0586248 0.0786973
700 0.066499 0.00472177 0.0617772 0.0712208
701 0.0645471 0.00119542 0.0633517 0.0657425
702 0.0676851 0.00844522 0.0592399 0.0761303
703 0.0661837 0.00348309 0.0627006 0.0696668
704 0.0667242 0.00478733 0.0619369 0.0715115
705 0.0709433 0.00855369 0.0623896 0.079497
706 0.067535 0.00171428 0.0658207 0.0692493
707 0.0718591 0.0109402 0.0609189 0.0827993
708 0.0677602 0.0024822 0.065278 0.0702424
709 0.0709583 0.0107196 0.0602387 0.0816778
710 0.0724747 0.00903829 0.0634364 0.081513
711 0.0725048 0.00834915 0.0641556 0.0808539
712 0.0711384 0.00576437 0.0653741 0.0769028
713 0.0699823 0.00434483 0.0656375 0.0743272
714 0.0705078 0.00445259 0.0660553 0.0749604
715 0.0690965 0.00210609 0.0669904 0.0712026
716 0.070643 0.00725922 0.0633838 0.0779022
717 0.0714087 0.0082312 0.0631775 0.0796399
718 0.0693067 0.00449792 0.0648088 0.0738046
719 0.0695769 0.00425426 0.0653227 0.0738312
720 0.0695769 0.00439603 0.0651809 0.073973
721 0.0699073 0.00434911 0.0655582 0.0742564
722 0.0702826 0.00755003 0.0627326 0.0778327
723 0.0708832 0.00868893 0.0621943 0.0795721
724 0.0693667 0.00480931 0.0645574 0.0741761
725 0.0678653 0.00116688 0.0666984 0.0690322
726 0.0687962 0.00293286 0.0658633 0.0717291
727 0.071739 0.0071048 0.0646342 0.0788438
728 0.0690364 0.00435771 0.0646787 0.0733941
729 0.0716189 0.00705679 0.0645621 0.0786757
730 0.0722645 0.0102421 0.0620224 0.0825067
731 0.0719793 0.0132049 0.0587744 0.0851842
732 0.0698472 0.00625755 0.0635897 0.0761048
733 0.0690514 0.00320828 0.0658432 0.0722597
734 0.0695019 0.00453175 0.0649701 0.0740336
735 0.068601 0.00224209 0.0663589 0.0708431
736 0.0750722 0.0133644 0.0617079 0.0884366
737 0.0705229 0.00469285 0.06583 0.0752157
738 0.070628 0.00487042 0.0657575 0.0754984
739 0.071754 0.00782163 0.0639324 0.0795757
740 0.0697871 0.00320958 0.0665776 0.0729967
741 0.0682106 0.00135055 0.0668601 0.0695612
742 0.0697121 0.00463679 0.0650753 0.0743489
743 0.0726849 0.0100341 0.0626508 0.082719
744 0.0680905 0.000890168 0.0672003 0.0689807
745 0.0705379 0.00580646 0.0647314 0.0763443
746 0.0698022 0.0035978 0.0662044 0.0734
747 0.0718892 0.00774862 0.0641406 0.0796378
748 0.0718441 0.00651833 0.0653258 0.0783625
749 0.0705529 0.00670625 0.0638466 0.0772591
750 0.0690514 0.00285113 0.0662003 0.0719026
751 0.0691565 0.00300904 0.0661475 0.0721656
752 0.0700574 0.00540028 0.0646571 0.0754577
753 0.0708231 0.00854546 0.0622777 0.0793686
754 0.0709583 0.0147555 0.0562028 0.0857138
755 0.068616 0.00784065 0.0607754 0.0764567
756 0.0669945 0.0027041 0.0642904 0.0696986
757 0.0671746 0.00511911 0.0620555 0.0722937
758 0.0679854 0.00566616 0.0623193 0.0736516
759 0.0687512 0.00475223 0.0639989 0.0735034
760 0.0669644 0.00805256 0.0589119 0.075017
761 0.0663939 0.00372758 0.0626663 0.0701215
762 0.0673098 0.00577795 0.0615318 0.0730877
763 0.0685409 0.00645438 0.0620866 0.0749953
764 0.0666341 0.00437938 0.0622547 0.0710135
765 0.0643819 0.000867205 0.0635147 0.0652492
766 0.0638114 0.00081963 0.0629918 0.064631
767 0.066559 0.0030123 0.0635467 0.0695713
768 0.0693968 0.0115026 0.0578941 0.0808994
769 0.0680305 0.0083156 0.0597149 0.0763461
770 0.0668743 0.00294544 0.0639289 0.0698198
771 0.0673398 0.00442544 0.0629144 0.0717652
772 0.0690514 0.00829498 0.0607565 0.0773464
773 0.0683007 0.00806122 0.0602395 0.0763619
774 0.0691415 0.00851459 0.0606269 0.0776561
775 0.066469 0.00287443 0.0635945 0.0693434
776 0.0707931 0.012173 0.0586202 0.0829661
777 0.0686761 0.0059417 0.0627344 0.0746178
778 0.0663789 0.00238815 0.0639907 0.068767
779 0.0661537 0.00184891 0.0643047 0.0680026
780 0.0667542 0.00274415 0.0640101 0.0694984
781 0.0664089 0.00435499 0.0620539 0.0707639
782 0.0662888 0.00428675 0.062002 0.0705755
783 0.0680755 0.0100249 0.0580506 0.0781004
784 0.0657182 0.00171789 0.0640003 0.0674361
785 0.0660035 0.00225637 0.0637471 0.0682599
786 0.0690214 0.0150909 0.0539305 0.0841123
787 0.0674599 0.00671888 0.060741 0.0741788
788 0.0690514 0.00755719 0.0614943 0.0766086
789 0.0663038 0.00247552 0.0638283 0.0687793
790 0.0687812 0.011488 0.0572932 0.0802691
791 0.0657182 0.00217637 0.0635419 0.0678946
792 0.0694268 0.008615 0.0608118 0.0780418
793 0.0669494 0.00217471 0.0647747 0.0691241
794 0.068601 0.00593059 0.0626704 0.0745316
795 0.0684358 0.00734629 0.0610896 0.0757821
796 0.0676401 0.00789073 0.0597494 0.0755308
797 0.0683157 0.00813417 0.0601816 0.0764499
798 0.0735858 0.0244503 0.0491355 0.0980361
799 0.069592 0.00802051 0.0615715 0.0776125
