# ../output/graphs/perf_parallel87QUADRUPED_thread4
# step - mean (0.379101) - standard deviation (0.0413018) r=2 - ylow - yhigh
0 0.67783 0.325444 0.352386 1.00327
1 0.321809 0.0827509 0.239058 0.40456
2 0.375693 0.0117604 0.363933 0.387453
3 0.386598 0.0106913 0.375907 0.39729
4 0.464645 0.0895932 0.375052 0.554238
5 0.384888 0.00812538 0.376762 0.393013
6 0.390019 0.00812538 0.381894 0.398145
7 0.383177 0.00342122 0.379756 0.386598
8 0.376548 0.00149681 0.375052 0.378045
9 0.384246 0.0109051 0.373341 0.395151
10 0.316035 0.0662862 0.249749 0.382322
11 0.382108 0.00534573 0.376762 0.387454
12 0.37719 0.0012829 0.375907 0.378473
13 0.308338 0.0662862 0.242052 0.374624
14 0.377404 0.0096222 0.367781 0.387026
15 0.307696 0.0617959 0.2459 0.369492
16 0.311545 0.0673553 0.24419 0.3789
17 0.378687 0.00449038 0.374196 0.383177
18 0.382749 0.00769772 0.375052 0.390447
19 0.381894 0.00342122 0.378473 0.385315
20 0.310262 0.0669276 0.243335 0.37719
21 0.378687 0.00876683 0.36992 0.387453
22 0.378259 0.00449032 0.373769 0.382749
23 0.308765 0.0632926 0.245473 0.372058
24 0.376976 0.00662863 0.370347 0.383605
25 0.383605 0.000855297 0.382749 0.38446
26 0.310476 0.0654309 0.245045 0.375907
27 0.37719 0.000427648 0.376762 0.377617
28 0.243762 0.00128295 0.242479 0.245045
29 0.384246 0.000213861 0.384032 0.38446
30 0.382536 0.00662857 0.375907 0.389164
31 0.383177 0.00427651 0.3789 0.387453
32 0.383819 0.00449036 0.379328 0.388309
33 0.317532 0.0699212 0.247611 0.387453
34 0.378687 0.0010691 0.377618 0.379756
35 0.389164 0.000427648 0.388736 0.389592
36 0.376976 0.0109051 0.366071 0.387881
37 0.387454 0.00256591 0.384888 0.39002
38 0.388095 0.00449036 0.383605 0.392585
39 0.391302 0.000855312 0.390447 0.392158
40 0.385957 0.0143264 0.37163 0.400283
41 0.39451 0.0109052 0.383605 0.405415
42 0.389164 0.00171061 0.387454 0.390875
43 0.365002 0.0164646 0.348537 0.381466
44 0.385315 0.00256591 0.382749 0.387881
45 0.388523 0.00277971 0.385743 0.391302
46 0.384246 0.00277977 0.381466 0.387026
47 0.376335 0.000855312 0.375479 0.37719
48 0.368209 0.00727008 0.360939 0.375479
49 0.384674 0.0164647 0.368209 0.401138
50 0.378473 0.00598718 0.372486 0.38446
51 0.378259 0.00449038 0.373769 0.382749
52 0.375693 0.00277975 0.372913 0.378473
53 0.372913 0.00299357 0.36992 0.375907
54 0.374624 0.000855297 0.373769 0.375479
55 0.373769 0.00342128 0.370347 0.37719
56 0.373555 0.00277971 0.370775 0.376335
57 0.372058 0.0021382 0.36992 0.374196
58 0.309621 0.062865 0.246756 0.372486
59 0.424659 0.0521736 0.372486 0.476833
60 0.381253 0.00491802 0.376335 0.386171
61 0.374624 0.00940838 0.365216 0.384032
62 0.366071 0.000427708 0.365643 0.366499
63 0.363077 0.00641485 0.356662 0.369492
64 0.375479 0.000855297 0.374624 0.376335
65 0.374838 0.00534567 0.369492 0.380183
66 0.383605 0.000855237 0.382749 0.38446
67 0.379542 0.00106911 0.378473 0.380611
68 0.382322 0.00128296 0.381039 0.383605
69 0.384246 0.00748393 0.376762 0.39173
70 0.381894 0.00684242 0.375052 0.388736
71 0.375265 0.00491796 0.370347 0.380183
72 0.392799 0.00534561 0.387454 0.398145
73 0.395365 0.0010691 0.394296 0.396434
74 0.39451 0.00277983 0.39173 0.39729
75 0.393227 0.00149676 0.39173 0.394724
76 0.327368 0.0712042 0.256164 0.398573
77 0.393441 0.00256591 0.390875 0.396006
78 0.324802 0.0669277 0.257875 0.39173
79 0.397717 0.00171061 0.396007 0.399428
80 0.397717 0.00213826 0.395579 0.399855
81 0.551672 0.1531 0.398573 0.704772
82 0.391302 0.00213832 0.389164 0.393441
83 0.392158 0.00213826 0.390019 0.394296
84 0.392158 0.00769779 0.38446 0.399855
85 0.395151 0.000427648 0.394724 0.395579
86 0.319243 0.0712042 0.248039 0.390447
87 0.396862 0.00470416 0.392158 0.401566
88 0.396648 0.00149681 0.395151 0.398145
89 0.390661 0.00149681 0.389164 0.392158
90 0.399855 0 0.399855 0.399855
91 0.329079 0.0716319 0.257447 0.400711
92 0.381466 0.000855312 0.380611 0.382322
93 0.388309 0.00128295 0.387026 0.389592
94 0.396007 0.00256585 0.393441 0.398572
95 0.395151 0 0.395151 0.395151
96 0.398359 0.00406267 0.394296 0.402421
97 0.400283 0.00299357 0.39729 0.403277
98 0.322664 0.0699213 0.252743 0.392585
99 0.393868 0.00342122 0.390447 0.39729
100 0.389164 0.00727014 0.381894 0.396434
101 0.393441 0 0.393441 0.393441
102 0.394724 0.0034212 0.391302 0.398145
103 0.390233 0.00277971 0.387454 0.393013
104 0.392158 0.00470424 0.387453 0.396862
105 0.477688 0.230077 0.247611 0.707766
106 0.392585 0.00470416 0.387881 0.39729
107 0.396434 0.00171059 0.394724 0.398145
108 0.388523 0.0019244 0.386598 0.390447
109 0.399214 0.00833918 0.390875 0.407553
110 0.392585 0.00555946 0.387026 0.398145
111 0.39173 0.00128296 0.390447 0.393013
112 0.38168 0.00106916 0.380611 0.382749
113 0.321167 0.0722734 0.248894 0.393441
114 0.398573 0.00427651 0.394296 0.402849
115 0.393227 0.00791153 0.385315 0.401138
116 0.391944 0.00277975 0.389164 0.394724
117 0.380825 0.00705628 0.373769 0.387881
118 0.377618 0.00256591 0.375052 0.380183
119 0.378473 0.000427648 0.378045 0.3789
120 0.381894 0.00256591 0.379328 0.38446
121 0.379114 0.00277977 0.376335 0.381894
122 0.392158 0.00171061 0.390447 0.393868
123 0.38724 0.000213847 0.387026 0.387453
124 0.379542 0.00064151 0.3789 0.380183
125 0.381039 0.00171067 0.379328 0.382749
126 0.385101 0.00833918 0.376762 0.393441
127 0.376121 0.00149675 0.374624 0.377618
128 0.389806 0.00791159 0.381894 0.397717
129 0.382108 0.00277977 0.379328 0.384888
130 0.375265 0.0151817 0.360084 0.390447
131 0.317746 0.0701351 0.247611 0.387881
132 0.386384 0.00149681 0.384888 0.387881
133 0.315822 0.0703489 0.245473 0.386171
134 0.393868 0.00299351 0.390875 0.396862
135 0.38724 0.0023521 0.384888 0.389592
136 0.382322 0.000855237 0.381466 0.383177
137 0.427225 0.039344 0.387881 0.466569
138 0.399428 0.00641483 0.393013 0.405843
139 0.381466 0.00555953 0.375907 0.387026
140 0.385315 0.0021382 0.383177 0.387453
141 0.380611 0.00256597 0.378045 0.383177
142 0.313256 0.0716319 0.241624 0.384888
143 0.385101 0.00106916 0.384032 0.386171
144 0.377831 0.00406271 0.373769 0.381894
145 0.321595 0.0731287 0.248466 0.394724
146 0.38724 0.00149681 0.385743 0.388736
147 0.382963 0.000213787 0.382749 0.383177
148 0.381253 0.00235212 0.3789 0.383605
149 0.383605 0.00342122 0.380183 0.387026
150 0.378473 0.00555946 0.372913 0.384032
151 0.383391 0.00320736 0.380183 0.386598
152 0.383605 0 0.383605 0.383605
153 0.382108 0.00277971 0.379328 0.384888
154 0.383605 0.00641477 0.37719 0.390019
155 0.383391 0.00192446 0.381466 0.385315
156 0.37997 0.00149676 0.378473 0.381466
157 0.385101 0.00106916 0.384032 0.386171
158 0.317105 0.0669277 0.250177 0.384032
159 0.309834 0.0699212 0.239913 0.379756
160 0.37997 0.00149681 0.378473 0.381466
161 0.384888 0.00384893 0.381039 0.388736
162 0.397931 0.00192447 0.396006 0.399855
163 0.388095 0.00534561 0.382749 0.393441
164 0.393227 0.00791159 0.385315 0.401138
165 0.382536 0.00363506 0.3789 0.386171
166 0.388095 0.00833924 0.379756 0.396434
167 0.400711 0.0192444 0.381466 0.419955
168 0.38724 0.00791164 0.379328 0.395151
169 0.383177 0.00555947 0.377618 0.388736
170 0.382536 0.00277977 0.379756 0.385315
171 0.444545 0.0643617 0.380183 0.508907
172 0.391516 0.00149681 0.390019 0.393013
173 0.372058 0.00855309 0.363505 0.380611
174 0.383818 0.00277977 0.381039 0.386598
175 0.378045 0.00513181 0.372913 0.383177
176 0.377831 0.000641495 0.37719 0.378473
177 0.369492 0.00299363 0.366498 0.372486
178 0.374196 0.00299357 0.371203 0.37719
179 0.537987 0.158659 0.379328 0.696647
180 0.378259 0.00449038 0.373769 0.382749
181 0.372058 0.00213826 0.36992 0.374196
182 0.377404 0.00149681 0.375907 0.3789
183 0.36265 0.0171061 0.345544 0.379756
184 0.370347 0.00555947 0.364788 0.375907
185 0.377404 0.00192447 0.375479 0.379328
186 0.357945 0.0102638 0.347682 0.368209
187 0.36992 0.00256591 0.367354 0.372486
188 0.370347 0.0119743 0.358373 0.382322
189 0.372272 0.00406271 0.368209 0.376335
190 0.375907 0.00171055 0.374196 0.377617
191 0.376976 0.000213802 0.376762 0.37719
192 0.381039 0.00256597 0.378473 0.383605
193 0.365429 0.0156094 0.34982 0.381039
194 0.384674 0.0032073 0.381466 0.387881
195 0.389378 0.00919448 0.380183 0.398572
196 0.375265 0.00363506 0.37163 0.3789
197 0.377831 0.00235212 0.375479 0.380183
198 0.379756 0.000855312 0.3789 0.380611
199 0.386384 0.016037 0.370347 0.402421
200 0.394082 0.00106916 0.393013 0.395151
201 0.393441 0.00171055 0.39173 0.395151
202 0.39451 0.00149675 0.393013 0.396006
203 0.384032 0.00470422 0.379328 0.388736
204 0.412044 0.0233072 0.388736 0.435351
205 0.390661 0.000213861 0.390447 0.390875
206 0.385529 0.00705628 0.378473 0.392585
207 0.323947 0.0720595 0.251887 0.396006
208 0.388523 0.00064145 0.387881 0.389164
209 0.38895 0.00577328 0.383177 0.394724
210 0.386812 0.0280112 0.358801 0.414823
211 0.395579 0.000427708 0.395151 0.396007
212 0.390233 0.000213787 0.39002 0.390447
213 0.386384 0.00662857 0.379756 0.393013
214 0.388736 0.00128296 0.387453 0.390019
215 0.3124 0.0682106 0.24419 0.380611
216 0.390447 0.00513183 0.385315 0.395579
217 0.388095 0.00106916 0.387026 0.389164
218 0.38446 0 0.38446 0.38446
219 0.381466 0.00641477 0.375052 0.387881
220 0.391302 0.00299363 0.388309 0.394296
221 0.389378 0.00106916 0.388309 0.390447
222 0.316891 0.0718457 0.245045 0.388736
223 0.390661 0.00064151 0.390019 0.391302
224 0.405629 0.014754 0.390875 0.420383
225 0.392372 0.00534561 0.387026 0.397717
226 0.387667 0.00106916 0.386598 0.388736
227 0.386171 0.00299363 0.383177 0.389164
228 0.393868 0.00342122 0.390447 0.39729
229 0.39451 0.0010691 0.393441 0.395579
230 0.391089 0.00662857 0.38446 0.397717
231 0.388737 0.00384881 0.384888 0.392585
232 0.380825 0.00534567 0.375479 0.386171
233 0.317746 0.0709904 0.246756 0.388736
234 0.382108 0.00577334 0.376335 0.387881
235 0.392372 0.0010691 0.391302 0.393441
236 0.389592 0.000855297 0.388736 0.390447
237 0.395151 0.00684243 0.388309 0.401994
238 0.385957 0.00662857 0.379328 0.392585
239 0.392158 0.00898063 0.383177 0.401138
240 0.392372 0.00363506 0.388736 0.396007
241 0.396007 0.00299357 0.393013 0.399
242 0.391089 0.00363508 0.387453 0.394724
243 0.385101 0.00320736 0.381894 0.388309
244 0.378045 0.00299349 0.375052 0.381039
245 0.314111 0.067783 0.246328 0.381894
246 0.385101 0.00149675 0.383605 0.386598
247 0.380397 0.00662863 0.373769 0.387026
248 0.378473 0.00384887 0.374624 0.382322
249 0.388523 0.00064151 0.387881 0.389164
250 0.382322 5.96046e-008 0.382322 0.382322
251 0.377831 0.00320742 0.374624 0.381039
252 0.308552 0.0652171 0.243334 0.373769
253 0.370561 0.00235206 0.368209 0.372913
254 0.362222 0.00128296 0.360939 0.363505
255 0.366071 0.0132572 0.352814 0.379328
256 0.374838 0.0019244 0.372913 0.376762
257 0.388095 0.003635 0.38446 0.39173
258 0.394937 0.0130435 0.381894 0.407981
259 0.390019 0.00342116 0.386598 0.393441
260 0.38168 0.0134711 0.368209 0.395151
261 0.388523 0.000213861 0.388309 0.388736
262 0.384246 0.00449038 0.379756 0.388736
263 0.386171 0.00598712 0.380183 0.392158
264 0.38168 0.0010691 0.380611 0.382749
265 0.38168 0.00491796 0.376762 0.386598
266 0.377617 0.00299357 0.374624 0.380611
267 0.376335 0.00812544 0.368209 0.38446
268 0.379328 0.00555953 0.373769 0.384888
269 0.368637 0.00256591 0.366071 0.371203
270 0.369706 0.000213787 0.369492 0.36992
271 0.372058 0.00555947 0.366498 0.377617
272 0.374838 0.00064145 0.374196 0.375479
273 0.36992 0.00128296 0.368637 0.371203
274 0.379114 0.0019244 0.37719 0.381039
275 0.373769 0.00342128 0.370347 0.37719
276 0.375265 0.00320742 0.372058 0.378473
277 0.330576 0.0496076 0.280968 0.380183
278 0.310476 0.072701 0.237775 0.383177
279 0.341053 0.0412685 0.299785 0.382322
280 0.371844 0.000213847 0.37163 0.372058
281 0.374624 0.00684243 0.367781 0.381466
282 0.379114 0.00277971 0.376335 0.381894
283 0.316463 0.0684245 0.248039 0.384888
284 0.380825 0.00449032 0.376335 0.385315
285 0.376121 0.0113327 0.364788 0.387453
286 0.390233 0.003635 0.386598 0.393868
287 0.388523 0.00791158 0.380611 0.396434
288 0.3789 0.00769773 0.371203 0.386598
289 0.38895 0.00192446 0.387026 0.390875
290 0.391089 0.00534573 0.385743 0.396434
291 0.363291 0.0173199 0.345971 0.380611
292 0.389592 0.00684242 0.382749 0.396434
293 0.387026 0.000427648 0.386598 0.387453
294 0.385743 0.000855237 0.384888 0.386598
295 0.381039 0.000855297 0.380183 0.381894
296 0.382749 0.00384893 0.3789 0.386598
297 0.387881 0.00128296 0.386598 0.389164
298 0.389164 0.00213826 0.387026 0.391302
299 0.390447 0.00470422 0.385743 0.395151
300 0.389378 0.00534563 0.384032 0.394724
301 0.388736 0.00213832 0.386598 0.390875
302 0.378259 0.00406267 0.374196 0.382322
303 0.303847 0.0532428 0.250605 0.35709
304 0.378045 0.00513181 0.372913 0.383177
305 0.379114 0.000641495 0.378473 0.379756
306 0.376121 0.00064151 0.375479 0.376762
307 0.378045 0.00256592 0.375479 0.380611
308 0.391302 0.00555947 0.385743 0.396862
309 0.380183 0.00513187 0.375052 0.385315
310 0.370775 0.000427648 0.370347 0.371203
311 0.372913 0.000427589 0.372486 0.373341
312 0.309835 0.067783 0.242052 0.377618
313 0.376121 0.00491802 0.371203 0.381039
314 0.375693 0.00406265 0.37163 0.379756
315 0.383391 0.00705628 0.376335 0.390447
316 0.38168 0.0023521 0.379328 0.384032
317 0.380397 0.00363512 0.376762 0.384032
318 0.315394 0.0677829 0.247611 0.383177
319 0.373982 0.00277977 0.371203 0.376762
320 0.312828 0.0733425 0.239486 0.38617
321 0.382749 0.000855371 0.381894 0.383605
322 0.377618 0.00470422 0.372913 0.382322
323 0.325444 0.0667138 0.25873 0.392158
324 0.385529 0.00320742 0.382322 0.388736
325 0.387667 0.00106916 0.386598 0.388736
326 0.383391 0.00106916 0.382322 0.38446
327 0.393654 0.000213847 0.393441 0.393868
328 0.391944 0.00106916 0.390875 0.393013
329 0.395365 0.00320742 0.392158 0.398573
330 0.390661 0.00192441 0.388736 0.392585
331 0.396862 0.00769779 0.389164 0.40456
332 0.392585 0.000427648 0.392158 0.393013
333 0.399 0.000855312 0.398145 0.399855
334 0.393654 0.00235204 0.391302 0.396006
335 0.394724 0.00513183 0.389592 0.399855
336 0.395793 0.00363506 0.392158 0.399428
337 0.393655 0.00320743 0.390447 0.396862
338 0.391944 0.000213861 0.39173 0.392158
339 0.402635 0.00662857 0.396007 0.409264
340 0.392158 0.00342122 0.388736 0.395579
341 0.390875 0.00299355 0.387881 0.393868
342 0.397503 0.00106904 0.396434 0.398572
343 0.391516 0.00449036 0.387026 0.396007
344 0.394937 0.00491796 0.39002 0.399855
345 0.319243 0.0622235 0.257019 0.381466
346 0.395365 0.00320742 0.392158 0.398573
347 0.38895 0.00320742 0.385743 0.392158
348 0.393013 0.00727008 0.385743 0.400283
349 0.39729 0.00342122 0.393868 0.400711
350 0.391944 0.00277977 0.389164 0.394724
351 0.393013 0.000427708 0.392585 0.393441
352 0.392799 0.000213802 0.392585 0.393013
353 0.39622 0.00064151 0.395579 0.396862
354 0.398573 0.000427723 0.398145 0.399
355 0.325016 0.0688521 0.256164 0.393868
356 0.395579 0.00299351 0.392585 0.398572
357 0.396862 0.00128295 0.395579 0.398145
358 0.314539 0.069066 0.245473 0.383605
359 0.390875 0.00299355 0.387881 0.393868
360 0.395151 0.00470418 0.390447 0.399855
361 0.392799 0.00235212 0.390447 0.395151
362 0.395793 0.00106916 0.394724 0.396862
363 0.408622 0.00662869 0.401994 0.415251
364 0.329293 0.0731287 0.256164 0.402421
365 0.324375 0.0707766 0.253598 0.395151
366 0.390875 0 0.390875 0.390875
367 0.393655 0.00149681 0.392158 0.395151
368 0.388309 0.000427648 0.387881 0.388736
369 0.394937 0.00106916 0.393868 0.396007
370 0.394724 0.00213832 0.392585 0.396862
371 0.387667 0.000641435 0.387026 0.388309
372 0.37997 0.00406265 0.375907 0.384032
373 0.382963 0.00149681 0.381466 0.38446
374 0.389806 0.00491802 0.384888 0.394724
375 0.384032 0.000427648 0.383605 0.38446
376 0.383818 0.00320742 0.380611 0.387026
377 0.38168 0.00106916 0.380611 0.382749
378 0.372699 0.000213861 0.372486 0.372913
379 0.380183 0.00128302 0.3789 0.381466
380 0.383391 0.00577328 0.377618 0.389164
381 0.38168 0.00064145 0.381039 0.382322
382 0.379756 0.00384887 0.375907 0.383605
383 0.376976 0.00064145 0.376335 0.377617
384 0.376335 0.000427648 0.375907 0.376762
385 0.385957 0.00106916 0.384888 0.387026
386 0.388095 0.00192441 0.386171 0.390019
387 0.386171 0.00171061 0.38446 0.387881
388 0.382322 0.00128302 0.381039 0.383605
389 0.315394 0.0690659 0.246328 0.38446
390 0.316463 0.0654309 0.251032 0.381894
391 0.380183 0.00171061 0.378473 0.381894
392 0.387026 0.00555946 0.381466 0.392585
393 0.382963 0.00192447 0.381039 0.384888
394 0.384888 0.00256591 0.382322 0.387453
395 0.382963 0.00149675 0.381466 0.38446
396 0.380825 0.00320742 0.377618 0.384032
397 0.375907 0.00171061 0.374196 0.377618
398 0.37997 0.00277977 0.37719 0.382749
399 0.376976 0.00491802 0.372058 0.381894
400 0.384032 0.00128295 0.382749 0.385315
401 0.38446 0.00727013 0.37719 0.39173
402 0.376762 0.000427663 0.376335 0.37719
403 0.379114 0.00192446 0.37719 0.381039
404 0.382108 0.00320742 0.3789 0.385315
405 0.37441 0.00235212 0.372058 0.376762
406 0.382108 0.00277983 0.379328 0.384888
407 0.37163 0.00427645 0.367354 0.375907
408 0.37719 0.00213832 0.375052 0.379328
409 0.382963 0.00064145 0.382322 0.383605
410 0.385101 0.00106904 0.384032 0.38617
411 0.316677 0.0729148 0.243762 0.389592
412 0.390875 0.000427663 0.390447 0.391302
413 0.392372 0.00705628 0.385315 0.399428
414 0.386812 0.00192446 0.384888 0.388736
415 0.38168 0.00106916 0.380611 0.382749
416 0.394296 0.00171065 0.392585 0.396007
417 0.394296 0.00555953 0.388736 0.399855
418 0.389592 0.000855297 0.388736 0.390447
419 0.397503 0.000641435 0.396862 0.398145
420 0.394082 0.00406265 0.39002 0.398145
421 0.384888 0.000427648 0.38446 0.385315
422 0.31518 0.0650032 0.250177 0.380183
423 0.39451 0.00491796 0.389592 0.399428
424 0.383818 0.000213787 0.383605 0.384032
425 0.387881 0.00555947 0.382322 0.393441
426 0.393013 0.00812538 0.384888 0.401138
427 0.386598 0.00171059 0.384888 0.388309
428 0.386384 0.00064151 0.385743 0.387026
429 0.307055 0.0611544 0.2459 0.368209
430 0.319029 0.0658585 0.25317 0.384888
431 0.37441 0.00662857 0.367781 0.381039
432 0.376976 0.00277977 0.374196 0.379756
433 0.375479 0.000855237 0.374624 0.376335
434 0.375479 0.00470418 0.370775 0.380183
435 0.380611 0.00256591 0.378045 0.383177
436 0.380611 0.011119 0.369492 0.39173
437 0.385315 0.00427651 0.381039 0.389592
438 0.388523 0.00406271 0.38446 0.392585
439 0.3727 0.00064151 0.372058 0.373341
440 0.381466 0.000855252 0.380611 0.382322
441 0.369492 0.00641479 0.363077 0.375907
442 0.376762 0.00256586 0.374196 0.379328
443 0.376976 0.0010691 0.375907 0.378045
444 0.375052 0.000427648 0.374624 0.375479
445 0.374838 0.0010691 0.373769 0.375907
446 0.379328 0.00171055 0.377618 0.381039
447 0.31518 0.0594438 0.255736 0.374624
448 0.380825 0.00320747 0.377617 0.384032
449 0.382963 0.0010691 0.381894 0.384032
450 0.385743 0.00555953 0.380183 0.391302
451 0.387026 0.000427589 0.386598 0.387453
452 0.384246 0.00620097 0.378045 0.390447
453 0.375907 0.00128296 0.374624 0.37719
454 0.378687 0.00620098 0.372486 0.384888
455 0.411188 0.0177475 0.393441 0.428936
456 0.336563 0.0833923 0.25317 0.419955
457 0.394296 0.00555953 0.388736 0.399855
458 0.39729 0.00384881 0.393441 0.401138
459 0.394937 0.0121881 0.382749 0.407126
460 0.392799 0.00534573 0.387453 0.398145
461 0.395579 0.00641477 0.389164 0.401994
462 0.386171 0.0085531 0.377617 0.394724
463 0.394937 0.00577326 0.389164 0.400711
464 0.400497 0.0010691 0.399428 0.401566
465 0.386171 0.00427651 0.381894 0.390447
466 0.391302 0.00213826 0.389164 0.393441
467 0.400497 0.00577332 0.394724 0.40627
468 0.384888 0.0115467 0.373341 0.396434
469 0.506127 0.109693 0.396434 0.61582
470 0.385957 0.00235204 0.383605 0.388309
471 0.371203 0.0932283 0.277974 0.464431
472 0.395579 0.00470422 0.390875 0.400283
473 0.392799 0.00320742 0.389592 0.396007
474 0.325658 0.0741978 0.25146 0.399855
475 0.395365 0.00534567 0.390019 0.400711
476 0.392799 0.00106916 0.39173 0.393868
477 0.390661 0.00106916 0.389592 0.39173
478 0.391302 0.00855309 0.382749 0.399856
479 0.396648 0.000641569 0.396006 0.39729
480 0.443904 0.0521736 0.39173 0.496077
481 0.398359 0.00620098 0.392158 0.40456
482 0.403704 0.0106913 0.393013 0.414396
483 0.397503 0.00106916 0.396434 0.398573
484 0.398786 0.00277971 0.396007 0.401566
485 0.394296 0.00555947 0.388736 0.399855
486 0.404346 0.00791158 0.396434 0.412257
487 0.39729 0.000855297 0.396434 0.398145
488 0.39622 0.00577328 0.390447 0.401994
489 0.388309 0.00769778 0.380611 0.396007
490 0.389378 0.00705628 0.382322 0.396434
491 0.391089 0.00491802 0.386171 0.396007
492 0.394082 0.00363508 0.390447 0.397717
493 0.388095 0.00192447 0.386171 0.39002
494 0.391944 0.00577328 0.386171 0.397717
495 0.402635 0.00534567 0.39729 0.407981
496 0.393227 0.00149676 0.39173 0.394724
497 0.323947 0.0733425 0.250605 0.39729
498 0.387026 0.00171061 0.385315 0.388736
499 0.3124 0.0660723 0.246328 0.378473
500 0.385957 0.00491802 0.381039 0.390875
501 0.377404 0.00192447 0.375479 0.379328
502 0.384674 0.00577326 0.378901 0.390447
503 0.389164 0.00898074 0.380183 0.398145
504 0.380825 0.00320742 0.377617 0.384032
505 0.37997 0.00320742 0.376762 0.383177
506 0.378045 0.00128296 0.376762 0.379328
507 0.386171 0.0021382 0.384032 0.388309
508 0.388736 0.000855297 0.387881 0.389592
509 0.379114 0.00192446 0.37719 0.381039
510 0.374838 0.000213802 0.374624 0.375052
511 0.373127 0.00106916 0.372058 0.374196
512 0.388737 0.00213826 0.386598 0.390875
513 0.386384 0.00149681 0.384888 0.387881
514 0.394296 0.00256592 0.39173 0.396862
515 0.387026 0.00684242 0.380183 0.393868
516 0.395793 0.00662857 0.389164 0.402421
517 0.376762 0.00513175 0.37163 0.381894
518 0.382536 0.00363506 0.3789 0.386171
519 0.377404 0.00149675 0.375907 0.3789
520 0.375479 0.00641483 0.369064 0.381894
521 0.3789 0.00299355 0.375907 0.381894
522 0.372913 0.00256591 0.370347 0.375479
523 0.376762 0.00684243 0.36992 0.383605
524 0.380825 0.00277977 0.378045 0.383605
525 0.37997 0.00320736 0.376762 0.383177
526 0.314325 0.0697074 0.244617 0.384032
527 0.378687 0.00491802 0.373769 0.383605
528 0.378259 0.00192441 0.376335 0.380183
529 0.376335 0.00256591 0.373769 0.3789
530 0.382322 0.00299349 0.379328 0.385315
531 0.375693 0.00791159 0.367781 0.383605
532 0.375479 0.000855297 0.374624 0.376335
533 0.577545 0.200783 0.376762 0.778328
534 0.385101 0.0023521 0.382749 0.387453
535 0.38446 0 0.38446 0.38446
536 0.381253 0.00235212 0.3789 0.383605
537 0.38168 0.00149675 0.380183 0.383177
538 0.382749 0.001283 0.381466 0.384032
539 0.384032 0.00256597 0.381466 0.386598
540 0.382536 0.00106904 0.381466 0.383605
541 0.380825 0.00534567 0.375479 0.386171
542 0.386171 0.00213826 0.384032 0.388309
543 0.383605 0.000427589 0.383177 0.384032
544 0.393441 0.00299363 0.390447 0.396434
545 0.394296 0.00299355 0.391302 0.39729
546 0.391302 0.00171061 0.389592 0.393013
547 0.393227 0.00235212 0.390875 0.395579
548 0.393441 0.00555947 0.387881 0.399
549 0.388523 0.00277971 0.385743 0.391302
550 0.317532 0.0626512 0.254881 0.380183
551 0.38895 0.00534567 0.383605 0.394296
552 0.399642 0.0019244 0.397717 0.401566
553 0.32801 0.0735563 0.254454 0.401566
554 0.318388 0.0729148 0.245473 0.391302
555 0.393655 0.0104776 0.383177 0.404132
556 0.346613 0.0387026 0.30791 0.385315
557 0.385101 0.00534567 0.379756 0.390447
558 0.310048 0.0671415 0.242907 0.37719
559 0.371203 0 0.371203 0.371203
560 0.3789 0.00299355 0.375907 0.381894
561 0.373341 0.000855237 0.372486 0.374196
562 0.37997 0.000213861 0.379756 0.380183
563 0.378687 0.00491796 0.373769 0.383605
564 0.37441 0.00235212 0.372058 0.376762
565 0.376548 0.000213802 0.376335 0.376762
566 0.381252 0.00449038 0.376762 0.385743
567 0.376121 0.00363506 0.372486 0.379756
568 0.375052 0.0034212 0.37163 0.378473
569 0.381466 0.000427708 0.381039 0.381894
570 0.3124 0.0635064 0.248894 0.375907
571 0.378259 0.000213802 0.378045 0.378473
572 0.375479 0.00769773 0.367781 0.383177
573 0.379114 0.00064145 0.378473 0.379756
574 0.375907 0.00470418 0.371203 0.380611
575 0.377831 0.0019244 0.375907 0.379756
576 0.380183 0.00342122 0.376762 0.383605
577 0.372272 0.000213802 0.372058 0.372486
578 0.386171 0.00213826 0.384032 0.388309
579 0.311973 0.070349 0.241624 0.382322
580 0.375479 0.000427648 0.375052 0.375907
581 0.370561 0.003635 0.366926 0.374196
582 0.324161 0.0718457 0.252315 0.396006
583 0.391302 0.000427589 0.390875 0.39173
584 0.385101 0.0010691 0.384032 0.386171
585 0.398572 0.00213826 0.396434 0.400711
586 0.322878 0.0637203 0.259158 0.386598
587 0.390875 0.00555959 0.385315 0.396434
588 0.323519 0.0686383 0.254881 0.392158
589 0.394296 0.00171055 0.392585 0.396006
590 0.39729 0.000855356 0.396434 0.398145
591 0.39622 0.00149675 0.394724 0.397717
592 0.322664 0.067783 0.254881 0.390447
593 0.391302 0.000427648 0.390875 0.39173
594 0.391302 0.00256591 0.388736 0.393868
595 0.387667 0.0010691 0.386598 0.388736
596 0.392158 0.0021382 0.39002 0.394296
597 0.394296 0.000427663 0.393868 0.394724
598 0.383819 0.00064145 0.383177 0.38446
599 0.393655 0.00919454 0.38446 0.402849
600 0.391944 0.00192451 0.390019 0.393868
601 0.390661 0.00534561 0.385315 0.396006
602 0.32245 0.0709904 0.25146 0.393441
603 0.390661 0.00064145 0.39002 0.391302
604 0.391089 0.00449038 0.386598 0.395579
605 0.389592 0.00812544 0.381466 0.397717
606 0.319884 0.0735563 0.246328 0.393441
607 0.387454 0.000427648 0.387026 0.387881
608 0.393227 0.00320742 0.390019 0.396434
609 0.396648 0.00149681 0.395151 0.398145
610 0.394082 0.00320742 0.390875 0.39729
611 0.38895 0.00320742 0.385743 0.392158
612 0.393655 0.00577332 0.387881 0.399428
613 0.390447 0.00171061 0.388736 0.392158
614 0.396007 0.0115466 0.38446 0.407553
615 0.388523 0.00149675 0.387026 0.390019
616 0.386812 0.00149681 0.385315 0.388309
617 0.390875 0.00256586 0.388309 0.393441
618 0.321381 0.0746254 0.246756 0.396006
619 0.386598 0.00384885 0.382749 0.390447
620 0.327582 0.0662862 0.261296 0.393868
621 0.387667 0.00149682 0.386171 0.389164
622 0.385101 0.00449036 0.380611 0.389592
623 0.389164 0.00384887 0.385315 0.393013
624 0.378045 0.00171061 0.376335 0.379756
625 0.379542 0.00491796 0.374624 0.38446
626 0.390233 0.00577338 0.38446 0.396007
627 0.372913 0.00256591 0.370347 0.375479
628 0.378687 0.00235212 0.376335 0.381039
629 0.379114 0.00277977 0.376335 0.381894
630 0.37719 5.96046e-008 0.37719 0.37719
631 0.369064 0.000427663 0.368637 0.369492
632 0.370347 0.00384881 0.366499 0.374196
633 0.380183 0.00256592 0.377618 0.382749
634 0.371844 0.00106911 0.370775 0.372913
635 0.309621 0.0692797 0.240341 0.3789
636 0.301495 0.0654308 0.236064 0.366926
637 0.370989 0.00449044 0.366498 0.375479
638 0.373769 0.00299357 0.370775 0.376762
639 0.376976 0.0010691 0.375907 0.378045
640 0.379542 0.00277977 0.376762 0.382322
641 0.318388 0.0694936 0.248894 0.387881
642 0.380183 0.000427663 0.379756 0.380611
643 0.381894 0.00256591 0.379328 0.38446
644 0.321167 0.0774051 0.243762 0.398572
645 0.313897 0.0675691 0.246328 0.381466
646 0.379114 0.00277971 0.376335 0.381894
647 0.383605 0.00427645 0.379328 0.387881
648 0.382536 0.00491796 0.377618 0.387453
649 0.378687 0.00149675 0.37719 0.380183
650 0.385529 0.00748393 0.378045 0.393013
651 0.367354 0.000855312 0.366499 0.368209
652 0.370989 0.00577332 0.365216 0.376762
653 0.376121 0.00106916 0.375052 0.37719
654 0.376121 0.00406273 0.372058 0.380183
655 0.376976 0.000213802 0.376762 0.37719
656 0.371844 0.00277971 0.369065 0.374624
657 0.378687 0.00149681 0.37719 0.380183
658 0.36714 0.00363502 0.363505 0.370775
659 0.307269 0.0694935 0.237775 0.376762
660 0.376762 0.00384887 0.372913 0.380611
661 0.373127 0.00534567 0.367781 0.378473
662 0.371417 0.00149676 0.36992 0.372913
663 0.308124 0.0652171 0.242907 0.373341
664 0.309621 0.062865 0.246756 0.372486
665 0.37997 0.0010691 0.3789 0.381039
666 0.373555 0.00235212 0.371203 0.375907
667 0.377831 0.00320736 0.374624 0.381039
668 0.377618 0.00299361 0.374624 0.380611
669 0.374838 0.00149681 0.373341 0.376335
670 0.311118 0.0677829 0.243335 0.3789
671 0.385315 0.00727008 0.378045 0.392585
672 0.390019 5.96046e-008 0.390019 0.39002
673 0.381039 0.000855297 0.380183 0.381894
674 0.387026 0 0.387026 0.387026
675 0.390447 0.00256591 0.387881 0.393013
676 0.388523 0.00235206 0.386171 0.390875
677 0.386171 0.00427651 0.381894 0.390447
678 0.386384 0.00149681 0.384888 0.387881
679 0.375907 0.00427651 0.37163 0.380183
680 0.404773 0.0224517 0.382322 0.427225
681 0.389378 0.000213787 0.389164 0.389592
682 0.379756 0.000427648 0.379328 0.380183
683 0.401138 0.0149679 0.386171 0.416106
684 0.373769 0.00213826 0.37163 0.375907
685 0.311331 0.0654308 0.2459 0.376762
686 0.3789 0.0106913 0.368209 0.389592
687 0.371417 0.000213802 0.371203 0.37163
688 0.376121 0.000213787 0.375907 0.376335
689 0.370134 0.00064145 0.369492 0.370775
690 0.372272 0.00149681 0.370775 0.373769
691 0.370134 0.00149682 0.368637 0.37163
692 0.370134 0.00277971 0.367354 0.372913
693 0.366712 0.00534561 0.361367 0.372058
694 0.370347 0.00641477 0.363933 0.376762
695 0.373769 0.00384893 0.36992 0.377618
696 0.371844 0.00149675 0.370347 0.373341
697 0.308765 0.0598714 0.248894 0.368637
698 0.368423 0.00449038 0.363933 0.372913
699 0.370989 0.000213802 0.370775 0.371203
700 0.372058 0.00299351 0.369065 0.375052
701 0.370775 0.00213827 0.368637 0.372913
702 0.374838 0.00406271 0.370775 0.3789
703 0.368423 0.0010691 0.367354 0.369492
704 0.380397 0.00235212 0.378045 0.382749
705 0.388523 0.000213861 0.388309 0.388736
706 0.393227 0.000213861 0.393013 0.393441
707 0.390019 5.96046e-008 0.390019 0.39002
708 0.377404 0.0130435 0.36436 0.390447
709 0.382749 0.000427648 0.382322 0.383177
710 0.394724 0.00684242 0.387881 0.401566
711 0.39173 0.00384887 0.387881 0.395579
712 0.390447 0.00769772 0.382749 0.398145
713 0.39451 0.00106916 0.393441 0.395579
714 0.320953 0.067783 0.25317 0.388736
715 0.393227 0.0117604 0.381466 0.404987
716 0.325444 0.0632926 0.262151 0.388736
717 0.389806 0.00320742 0.386598 0.393013
718 0.404773 0.00748393 0.39729 0.412257
719 0.39729 0.00213832 0.395151 0.399428
720 0.389806 0.00192446 0.387881 0.39173
721 0.393655 0.00277971 0.390875 0.396434
722 0.386598 0.00128296 0.385315 0.387881
723 0.396434 0.00427651 0.392158 0.400711
724 0.328865 0.0769775 0.251888 0.405843
725 0.397931 0.0023521 0.395579 0.400283
726 0.393868 0.00555953 0.388309 0.399428
727 0.389592 0.00256591 0.387026 0.392158
728 0.388523 0.00192446 0.386598 0.390447
729 0.392372 0.0010691 0.391302 0.393441
730 0.39173 0.000427648 0.391302 0.392158
731 0.3789 0.0106913 0.368209 0.389592
732 0.393441 0.00470416 0.388736 0.398145
733 0.393868 0.000427648 0.393441 0.394296
734 0.397717 0.00171067 0.396006 0.399428
735 0.393013 0.000855297 0.392158 0.393868
736 0.399 0.00256591 0.396434 0.401566
737 0.399642 0.00363502 0.396007 0.403277
738 0.397503 0.00235212 0.395151 0.399856
739 0.395579 0.00384893 0.39173 0.399428
740 0.392799 0.000213847 0.392585 0.393013
741 0.410119 0.0149678 0.395151 0.425087
742 0.396648 0.00064145 0.396007 0.39729
743 0.409264 0.00684248 0.402421 0.416106
744 0.397503 0.00149676 0.396007 0.399
745 0.394296 0.000427663 0.393868 0.394724
746 0.387667 0.00277975 0.384888 0.390447
747 0.400497 0.003635 0.396862 0.404132
748 0.390447 0.00513183 0.385315 0.395579
749 0.392585 0.00555958 0.387026 0.398145
750 0.394724 0.0034212 0.391302 0.398145
751 0.393441 0.00384887 0.389592 0.39729
752 0.393013 0.000427648 0.392585 0.393441
753 0.383818 0.0023521 0.381466 0.386171
754 0.382536 0.00449038 0.378045 0.387026
755 0.38895 0.0109052 0.378045 0.399856
756 0.378259 0.000213802 0.378045 0.378473
757 0.36992 0.00171067 0.368209 0.37163
758 0.371203 0.00427651 0.366926 0.375479
759 0.37997 0.00705628 0.372913 0.387026
760 0.37719 0.00171061 0.375479 0.3789
761 0.316677 0.0669277 0.249749 0.383605
762 0.379114 0.000213861 0.3789 0.379328
763 0.368209 0.00213826 0.366071 0.370347
764 0.370134 0.00449038 0.365643 0.374624
765 0.30791 0.0637203 0.24419 0.37163
766 0.373341 0.000855297 0.372486 0.374196
767 0.371417 0.00277977 0.368637 0.374196
768 0.3789 0.00299355 0.375907 0.381894
769 0.3789 0.00555947 0.373341 0.38446
770 0.372913 0 0.372913 0.372913
771 0.38446 0.00470418 0.379756 0.389164
772 0.379114 0.00320742 0.375907 0.382322
773 0.407553 0.0230933 0.38446 0.430646
774 0.38168 0.00149675 0.380183 0.383177
775 0.380397 0.00149675 0.378901 0.381894
776 0.376976 0.000213861 0.376762 0.37719
777 0.379328 0.00299357 0.376335 0.382322
778 0.37997 0.00064151 0.379328 0.380611
779 0.381466 0.000855297 0.380611 0.382322
780 0.386598 0.000427663 0.386171 0.387026
781 0.381894 0.00555947 0.376335 0.387453
782 0.379328 0.00384887 0.375479 0.383177
783 0.378473 0.0034212 0.375052 0.381894
784 0.382322 0.00128302 0.381039 0.383605
785 0.381894 0.000427708 0.381466 0.382322
786 0.376548 0.00277971 0.373769 0.379328
787 0.378045 0.000855356 0.37719 0.378901
788 0.313683 0.0626511 0.251032 0.376335
789 0.381466 0.000427589 0.381039 0.381894
790 0.385315 0.000427589 0.384888 0.385743
791 0.378473 0.00171067 0.376762 0.380183
792 0.387454 0.000427648 0.387026 0.387881
793 0.384674 0.00235212 0.382322 0.387026
794 0.387667 0.00277975 0.384888 0.390447
795 0.313042 0.0658585 0.247183 0.3789
796 0.379756 0.00641471 0.373341 0.38617
797 0.381039 0.00213832 0.3789 0.383177
798 0.383177 0.00256591 0.380611 0.385743
799 0.386812 0.00449038 0.382322 0.391302
