# ../output/graphs/perf_parallel64BIPED_thread4
# step - mean (0.0638036) - standard deviation (0.0468558) r=20 - ylow - yhigh
0 0.422146 0.243876 0.17827 0.666022
1 0.140625 0.18741 -0.0467851 0.328036
2 0.0619346 0.00980151 0.0521331 0.0717361
3 0.0598176 0.00303069 0.0567869 0.0628482
4 0.125866 0.163868 -0.0380017 0.289734
5 0.0683007 0.0362798 0.032021 0.10458
6 0.109275 0.144893 -0.0356179 0.254168
7 0.0586014 0.00831061 0.0502908 0.066912
8 0.0850268 0.118769 -0.0337417 0.203795
9 0.082114 0.115299 -0.0331849 0.197413
10 0.0687211 0.0398872 0.028834 0.108608
11 0.0692316 0.0545022 0.0147294 0.123734
12 0.0622799 0.0251563 0.0371236 0.0874363
13 0.0814834 0.0934713 -0.0119879 0.174955
14 0.0557787 0.00154547 0.0542332 0.0573241
15 0.0713036 0.0546803 0.0166233 0.125984
16 0.0559138 0.00112598 0.0547878 0.0570398
17 0.0558688 0.00156748 0.0543013 0.0574362
18 0.0554333 0.000506056 0.0549273 0.0559394
19 0.0554784 0.00104402 0.0544344 0.0565224
20 0.0561991 0.00148719 0.0547119 0.0576863
21 0.0595023 0.0076088 0.0518935 0.0671111
22 0.0564693 0.00234047 0.0541289 0.0588098
23 0.0605683 0.0273073 0.0332609 0.0878756
24 0.078946 0.0709085 0.00803745 0.149854
25 0.0928043 0.164463 -0.0716584 0.257267
26 0.0639165 0.040427 0.0234895 0.104343
27 0.0546676 0.00246799 0.0521996 0.0571356
28 0.0802822 0.105461 -0.0251784 0.185743
29 0.0553433 0.00633396 0.0490093 0.0616772
30 0.0545775 0.0026331 0.0519444 0.0572106
31 0.0653579 0.0401019 0.025256 0.10546
32 0.0714237 0.0411859 0.0302378 0.11261
33 0.0559138 0.00318731 0.0527265 0.0591011
34 0.0770992 0.0778577 -0.000758554 0.154957
35 0.0595623 0.00198117 0.0575811 0.0615435
36 0.0599076 0.00523787 0.0546698 0.0651455
37 0.0717691 0.034732 0.037037 0.106501
38 0.0603731 0.00628779 0.0540853 0.0666609
39 0.0598025 0.00206365 0.0577389 0.0618662
40 0.086228 0.103287 -0.0170589 0.189515
41 0.0588716 0.00175219 0.0571195 0.0606238
42 0.0596674 0.00305366 0.0566138 0.0627211
43 0.063421 0.0170549 0.0463661 0.0804759
44 0.0588416 0.00153258 0.057309 0.0603742
45 0.0605232 0.0073852 0.053138 0.0679084
46 0.0599377 0.00539886 0.0545388 0.0653365
47 0.0979543 0.166791 -0.0688363 0.264745
48 0.0604482 0.00652056 0.0539276 0.0669687
49 0.0598326 0.00535481 0.0544778 0.0651874
50 0.059262 0.00193512 0.0573269 0.0611971
51 0.0618895 0.00803288 0.0538567 0.0699224
52 0.103179 0.111717 -0.00853787 0.214896
53 0.0596374 0.00261855 0.0570188 0.0622559
54 0.0585113 0.00074937 0.0577619 0.0592607
55 0.060328 0.00726358 0.0530645 0.0675916
56 0.0679254 0.0291898 0.0387355 0.0971152
57 0.0837506 0.10694 -0.0231894 0.190691
58 0.0667843 0.0277676 0.0390166 0.0945519
59 0.0596374 0.00317569 0.0564617 0.0628131
60 0.059247 0.00256233 0.0566847 0.0618093
61 0.0596824 0.00269738 0.056985 0.0623798
62 0.0782703 0.0823953 -0.00412496 0.160666
63 0.0818738 0.0961936 -0.0143199 0.178067
64 0.0666942 0.0170092 0.049685 0.0837033
65 0.0591269 0.00173259 0.0573943 0.0608595
66 0.0633159 0.0200104 0.0433055 0.0833264
67 0.0595473 0.0031453 0.056402 0.0626926
68 0.0601028 0.00528737 0.0548155 0.0653902
69 0.0615592 0.00863507 0.0529242 0.0701943
70 0.078991 0.0871618 -0.00817075 0.166153
71 0.0585413 0.000573505 0.0579678 0.0591148
72 0.0595623 0.00292574 0.0566366 0.062488
73 0.0624451 0.0127803 0.0496648 0.0752254
74 0.0607034 0.00506081 0.0556426 0.0657642
75 0.0960324 0.13805 -0.0420174 0.234082
76 0.0604181 0.00747508 0.0529431 0.0678932
77 0.066514 0.0302885 0.0362255 0.0968025
78 0.0734507 0.0582894 0.0151612 0.13174
79 0.0694418 0.0400346 0.0294072 0.109476
80 0.0764986 0.0579333 0.0185653 0.134432
81 0.0607485 0.00747177 0.0532767 0.0682202
82 0.0673398 0.0253341 0.0420057 0.0926739
83 0.0601929 0.00428212 0.0559108 0.064475
84 0.0597725 0.00336334 0.0564092 0.0631358
85 0.0611689 0.00612847 0.0550404 0.0672973
86 0.0700124 0.0475581 0.0224543 0.11757
87 0.0643369 0.0188824 0.0454545 0.0832193
88 0.06234 0.0149556 0.0473844 0.0772956
89 0.082084 0.0703366 0.0117474 0.152421
90 0.0627304 0.00999601 0.0527343 0.0727264
91 0.0736459 0.0660516 0.00759425 0.139697
92 0.0756428 0.0599224 0.0157204 0.135565
93 0.0589918 0.00212012 0.0568716 0.0611119
94 0.0599827 0.00631384 0.0536689 0.0662966
95 0.0607935 0.00811474 0.0526788 0.0689082
96 0.0849517 0.0947737 -0.00982194 0.179725
97 0.0596824 0.00349792 0.0561845 0.0631803
98 0.0573552 0.0013158 0.0560394 0.058671
99 0.0607785 0.00795987 0.0528186 0.0687383
100 0.0661987 0.0284124 0.0377863 0.0946111
101 0.0686761 0.031379 0.0372971 0.100055
102 0.0585864 0.00741957 0.0511668 0.0660059
103 0.0732555 0.0578848 0.0153707 0.13114
104 0.0594872 0.00268738 0.0567999 0.0621746
105 0.0712436 0.0483181 0.0229255 0.119562
106 0.0714087 0.0314107 0.0399981 0.102819
107 0.0771893 0.071069 0.00612029 0.148258
108 0.0928493 0.104026 -0.0111766 0.196875
109 0.0579257 0.00400286 0.0539229 0.0619286
110 0.0579558 0.00253384 0.0554219 0.0604896
111 0.0773845 0.0453192 0.0320653 0.122704
112 0.0674449 0.0233847 0.0440602 0.0908296
113 0.0785406 0.0789487 -0.000408155 0.157489
114 0.0709583 0.0406469 0.0303114 0.111605
115 0.0604031 0.00583 0.0545731 0.0662331
116 0.0829398 0.106985 -0.0240451 0.189925
117 0.0605833 0.00700509 0.0535782 0.0675884
118 0.0636162 0.0110015 0.0526147 0.0746177
119 0.0640216 0.0132058 0.0508159 0.0772274
120 0.0607485 0.00397143 0.056777 0.0647199
121 0.0606584 0.00602452 0.0546338 0.0666829
122 0.059262 0.00199703 0.057265 0.0612591
123 0.0711985 0.0459692 0.0252293 0.117168
124 0.0591419 0.00181786 0.057324 0.0609598
125 0.059217 0.00238271 0.0568343 0.0615997
126 0.0740963 0.059256 0.0148403 0.133352
127 0.0600428 0.00507344 0.0549693 0.0651162
128 0.0837356 0.0535277 0.0302079 0.137263
129 0.0621148 0.0124511 0.0496637 0.0745658
130 0.0881348 0.0821816 0.0059532 0.170316
131 0.0714087 0.0526068 0.0188019 0.124015
132 0.0593221 0.00387998 0.0554421 0.0632021
133 0.0690965 0.0407358 0.0283607 0.109832
134 0.0801171 0.0785605 0.00155656 0.158678
135 0.0619496 0.00847597 0.0534736 0.0704256
136 0.0610638 0.00696533 0.0540984 0.0680291
137 0.0920686 0.138077 -0.0460089 0.230146
138 0.0719492 0.0407726 0.0311766 0.112722
139 0.0580609 0.00141574 0.0566451 0.0594766
140 0.0586464 0.00337354 0.0552729 0.06202
141 0.0660786 0.0336839 0.0323947 0.0997624
142 0.0699523 0.0439992 0.0259531 0.113951
143 0.0755377 0.0558514 0.0196863 0.131389
144 0.0610938 0.0086619 0.0524319 0.0697557
145 0.0599076 0.00594049 0.0539672 0.0658481
146 0.0655381 0.0213199 0.0442182 0.0868579
147 0.0586014 0.00289319 0.0557082 0.0614946
148 0.0590668 0.00310781 0.055959 0.0621746
149 0.0773394 0.084493 -0.00715356 0.161832
150 0.0614241 0.00694017 0.0544839 0.0683643
151 0.058151 0.00125359 0.0568974 0.0594045
152 0.0728801 0.0587537 0.0141264 0.131634
153 0.0659134 0.0294771 0.0364363 0.0953905
154 0.0593972 0.00596102 0.0534361 0.0653582
155 0.059217 0.00549258 0.0537244 0.0647096
156 0.0586464 0.0031453 0.0555011 0.0617917
157 0.0588116 0.00260798 0.0562036 0.0614196
158 0.0586765 0.00236142 0.056315 0.0610379
159 0.0590969 0.00445259 0.0546443 0.0635494
160 0.0646672 0.0125908 0.0520765 0.077258
161 0.0707931 0.0538942 0.0168989 0.124687
162 0.0757329 0.0403737 0.0353592 0.116107
163 0.0653279 0.0298029 0.035525 0.0951308
164 0.0888255 0.12673 -0.0379041 0.215555
165 0.0596674 0.0038679 0.0557995 0.0635353
166 0.0764385 0.0701123 0.00632623 0.146551
167 0.0610938 0.0080601 0.0530337 0.0691539
168 0.0851169 0.0861726 -0.00105569 0.171289
169 0.0597725 0.00700097 0.0527715 0.0667735
170 0.0597125 0.00558995 0.0541225 0.0653024
171 0.0793664 0.0814494 -0.00208305 0.160816
172 0.0605383 0.00748943 0.0530488 0.0680277
173 0.0739161 0.0545396 0.0193765 0.128456
174 0.0676101 0.0386515 0.0289585 0.106262
175 0.0649225 0.0161257 0.0487968 0.0810482
176 0.0599377 0.00520843 0.0547292 0.0651461
177 0.0586614 0.000946148 0.0577153 0.0596076
178 0.0591719 0.00238626 0.0567857 0.0615582
179 0.0739311 0.0500844 0.0238467 0.124016
180 0.0764385 0.0501262 0.0263124 0.126565
181 0.0599227 0.00680966 0.053113 0.0667323
182 0.0603581 0.00641804 0.05394 0.0667761
183 0.089336 0.12864 -0.0393038 0.217976
184 0.0609587 0.0120685 0.0488902 0.0730271
185 0.0591569 0.00515063 0.0540063 0.0643076
186 0.0601479 0.00723696 0.0529109 0.0673848
187 0.0760482 0.0762045 -0.000156314 0.152253
188 0.059202 0.0028932 0.0563088 0.0620952
189 0.0599076 0.00491915 0.0549885 0.0648268
190 0.060313 0.007461 0.052852 0.067774
191 0.0595173 0.00765448 0.0518628 0.0671717
192 0.0631057 0.012866 0.0502397 0.0759717
193 0.060253 0.00750018 0.0527528 0.0677532
194 0.0640366 0.0215755 0.0424611 0.0856121
195 0.063406 0.0139433 0.0494627 0.0773493
196 0.0828347 0.0970695 -0.0142348 0.179904
197 0.061304 0.00705728 0.0542467 0.0683613
198 0.0735107 0.0561863 0.0173244 0.129697
199 0.0619496 0.0245894 0.0373602 0.0865391
200 0.0738861 0.0726512 0.00123494 0.146537
201 0.0557486 0.0010755 0.0546731 0.0568241
202 0.0562591 0.00432903 0.0519301 0.0605882
203 0.0616193 0.0196469 0.0419724 0.0812662
204 0.0581209 0.0106221 0.0474988 0.068743
205 0.0558237 0.00159436 0.0542294 0.0574181
206 0.0607034 0.0201827 0.0405207 0.0808861
207 0.0608686 0.015923 0.0449456 0.0767916
208 0.0667993 0.0353767 0.0314226 0.102176
209 0.0573402 0.00980087 0.0475393 0.067141
210 0.0784205 0.0675561 0.0108644 0.145977
211 0.0823843 0.107817 -0.0254328 0.190201
212 0.0565144 0.00330127 0.0532131 0.0598156
213 0.05716 0.00531374 0.0518463 0.0624737
214 0.0552682 0.000581313 0.0546869 0.0558495
215 0.064472 0.0319668 0.0325053 0.0964388
216 0.0559739 0.00396381 0.05201 0.0599377
217 0.0569498 0.00560847 0.0513413 0.0625583
218 0.0566645 0.00534152 0.051323 0.062006
219 0.0558838 0.00310607 0.0527777 0.0589898
220 0.0601329 0.0248714 0.0352614 0.0850043
221 0.0536917 0.000420405 0.0532713 0.0541121
222 0.0600728 0.0261363 0.0339365 0.0862091
223 0.0556586 0.0049836 0.050675 0.0606422
224 0.0569948 0.00692334 0.0500715 0.0639182
225 0.0549379 0.00244966 0.0524882 0.0573875
226 0.0586014 0.0138137 0.0447877 0.0724151
227 0.0567696 0.00690761 0.049862 0.0636772
228 0.0556886 0.0041299 0.0515587 0.0598185
229 0.0544424 0.00102759 0.0534148 0.05547
230 0.0794865 0.0669342 0.0125523 0.146421
231 0.0804174 0.0903371 -0.00991973 0.170754
232 0.0591419 0.0101088 0.0490331 0.0692508
233 0.0593821 0.00698252 0.0523996 0.0663647
234 0.0570999 0.00107968 0.0560203 0.0581796
235 0.0583912 0.0048294 0.0535618 0.0632206
236 0.071724 0.0571482 0.0145758 0.128872
237 0.0728801 0.0630836 0.00979656 0.135964
238 0.0561991 0.000712356 0.0554867 0.0569114
239 0.0591419 0.00732328 0.0518186 0.0664652
240 0.0577305 0.00316071 0.0545698 0.0608913
241 0.0589167 0.00832488 0.0505918 0.0672416
242 0.0593521 0.0102654 0.0490867 0.0696175
243 0.076934 0.0616193 0.0153147 0.138553
244 0.0567846 0.0014304 0.0553542 0.058215
245 0.0591569 0.00819134 0.0509656 0.0673483
246 0.0621148 0.0220493 0.0400654 0.0841641
247 0.0581209 0.00684664 0.0512743 0.0649676
248 0.0589918 0.0116078 0.0473839 0.0705996
249 0.0814684 0.09163 -0.0101616 0.173098
250 0.0569498 0.00301678 0.053933 0.0599666
251 0.0780151 0.0937273 -0.0157122 0.171742
252 0.0599827 0.0116591 0.0483236 0.0716418
253 0.0559739 0.000660636 0.0553132 0.0566345
254 0.0619796 0.0208932 0.0410865 0.0828728
255 0.0583011 0.00835822 0.0499429 0.0666593
256 0.0731954 0.0455893 0.0276062 0.118785
257 0.064487 0.0342275 0.0302595 0.0987146
258 0.0563792 0.00107801 0.0553012 0.0574573
259 0.05719 0.00349482 0.0536952 0.0606848
260 0.0575203 0.00652082 0.0509995 0.0640412
261 0.0572801 0.00308418 0.0541959 0.0603643
262 0.0682407 0.04381 0.0244307 0.112051
263 0.0585263 0.00530152 0.0532248 0.0638278
264 0.0574903 0.00454467 0.0529457 0.062035
265 0.0698172 0.0455262 0.024291 0.115343
266 0.0574152 0.00329169 0.0541236 0.0607069
267 0.0766788 0.0585681 0.0181107 0.135247
268 0.0576705 0.00557558 0.0520949 0.0632461
269 0.0568897 0.00230944 0.0545803 0.0591992
270 0.0595623 0.00725139 0.0523109 0.0668137
271 0.0573702 0.00310545 0.0542648 0.0604757
272 0.0643819 0.0244498 0.0399322 0.0888317
273 0.0795616 0.0964119 -0.0168503 0.175973
274 0.0637063 0.0278792 0.0358271 0.0915855
275 0.0606283 0.0137242 0.0469041 0.0743525
276 0.0570099 0.00171526 0.0552946 0.0587251
277 0.0567696 0.00200649 0.0547631 0.0587761
278 0.0550279 0.00195043 0.0530775 0.0569784
279 0.0543973 0.00191639 0.052481 0.0563137
280 0.0557336 0.0067062 0.0490274 0.0624398
281 0.059217 0.0191187 0.0400983 0.0783356
282 0.057205 0.00949051 0.0477145 0.0666956
283 0.0580158 0.00968943 0.0483264 0.0677053
284 0.0569198 0.00736013 0.0495596 0.0642799
285 0.0547577 0.00215765 0.0526 0.0569153
286 0.0576855 0.00991313 0.0477724 0.0675986
287 0.0552532 0.0027993 0.0524539 0.0580525
288 0.074787 0.0612785 0.0135085 0.136065
289 0.057145 0.0107296 0.0464153 0.0678746
290 0.0771743 0.0678737 0.00930052 0.145048
291 0.0795616 0.0999693 -0.0204077 0.179531
292 0.0578807 0.016102 0.0417787 0.0739827
293 0.0805375 0.106957 -0.0264198 0.187495
294 0.143523 0.14512 -0.00159662 0.288643
295 0.0618145 0.0218827 0.0399318 0.0836971
296 0.0707931 0.0505825 0.0202106 0.121376
297 0.0552982 0.0017491 0.0535491 0.0570473
298 0.0588566 0.00994088 0.0489158 0.0687975
299 0.0552231 0.0014708 0.0537523 0.0566939
300 0.0570999 0.00500346 0.0520965 0.0621034
301 0.0682557 0.0281733 0.0400824 0.096429
302 0.0634961 0.0135927 0.0499034 0.0770888
303 0.0573852 0.00493325 0.052452 0.0623185
304 0.0757179 0.0830357 -0.00731789 0.158754
305 0.0554784 0.00129464 0.0541837 0.056773
306 0.0793363 0.101414 -0.0220775 0.18075
307 0.056154 0.00474228 0.0514117 0.0608963
308 0.0612289 0.00757473 0.0536542 0.0688036
309 0.0752975 0.0728063 0.00249111 0.148104
310 0.0598776 0.00651177 0.0533658 0.0663894
311 0.0564843 0.00128424 0.0552001 0.0577686
312 0.0566495 0.00135388 0.0552956 0.0580034
313 0.073751 0.0773958 -0.00364489 0.151147
314 0.0713186 0.0660381 0.00528055 0.137357
315 0.0584813 0.00800025 0.050481 0.0664815
316 0.0597275 0.00952247 0.050205 0.0692499
317 0.0569948 0.00505931 0.0519355 0.0620542
318 0.0662888 0.0315806 0.0347082 0.0978694
319 0.0574753 0.00517979 0.0522955 0.0626551
320 0.0618896 0.0139299 0.0479596 0.0758195
321 0.0548778 0.00418456 0.0506932 0.0590624
322 0.0541571 0.00141256 0.0527446 0.0555697
323 0.0837806 0.107001 -0.0232201 0.190781
324 0.0599227 0.0193886 0.040534 0.0793113
325 0.0635111 0.037866 0.0256451 0.101377
326 0.0543973 0.00314699 0.0512504 0.0575443
327 0.0596824 0.0195879 0.0400945 0.0792704
328 0.0542472 0.00276245 0.0514847 0.0570097
329 0.0542772 0.00298614 0.0512911 0.0572634
330 0.0621298 0.0317003 0.0304295 0.0938301
331 0.0532863 0.000661147 0.0526251 0.0539474
332 0.0609887 0.0192812 0.0417074 0.0802699
333 0.0545024 0.00252582 0.0519766 0.0570283
334 0.0689463 0.0541483 0.014798 0.123095
335 0.0545475 0.00369401 0.0508535 0.0582415
336 0.054007 0.00237451 0.0516325 0.0563815
337 0.0589918 0.0121695 0.0468223 0.0711612
338 0.0564093 0.00544863 0.0509606 0.0618579
339 0.0543073 0.00432799 0.0499793 0.0586352
340 0.0719342 0.0794724 -0.00753823 0.151407
341 0.0542322 0.00508403 0.0491482 0.0593162
342 0.066544 0.050161 0.0163831 0.116705
343 0.0877745 0.0992884 -0.011514 0.187063
344 0.0588716 0.0216863 0.0371854 0.0805579
345 0.0790811 0.106831 -0.0277495 0.185912
346 0.0690214 0.0647546 0.00426682 0.133776
347 0.0762734 0.0919097 -0.0156363 0.168183
348 0.055043 0.0072407 0.0478023 0.0622837
349 0.0548328 0.00565979 0.049173 0.0604926
350 0.0543673 0.00347282 0.0508945 0.0578401
351 0.0554634 0.0036938 0.0517696 0.0591572
352 0.0610487 0.0185813 0.0424674 0.0796301
353 0.0770091 0.0918445 -0.0148354 0.168854
354 0.0589918 0.0188335 0.0401582 0.0778253
355 0.0560339 0.0114107 0.0446232 0.0674447
356 0.0572201 0.00926355 0.0479565 0.0664836
357 0.0535415 0.000777858 0.0527637 0.0543194
358 0.0593671 0.0213021 0.038065 0.0806693
359 0.0544724 0.00280638 0.051666 0.0572788
360 0.0566946 0.00741939 0.0492752 0.0641139
361 0.0615742 0.0305155 0.0310587 0.0920898
362 0.0561841 0.00679005 0.049394 0.0629741
363 0.056154 0.00753241 0.0486216 0.0636864
364 0.0685109 0.0521068 0.0164041 0.120618
365 0.0541571 0.00220518 0.0519519 0.0563623
366 0.0651026 0.0319321 0.0331705 0.0970348
367 0.0542322 0.0017927 0.0524395 0.0560249
368 0.0545175 0.00207281 0.0524446 0.0565903
369 0.060268 0.0219803 0.0382877 0.0822483
370 0.0537817 0.000670795 0.053111 0.0544525
371 0.0582711 0.0198499 0.0384212 0.0781209
372 0.0544424 0.00255352 0.0518889 0.0569959
373 0.0560639 0.00787656 0.0481874 0.0639405
374 0.0574753 0.0115743 0.045901 0.0690496
375 0.0734206 0.052042 0.0213786 0.125463
376 0.0557637 0.00912557 0.0466381 0.0648892
377 0.0624151 0.0346004 0.0278146 0.0970155
378 0.0553282 0.00564421 0.049684 0.0609724
379 0.0622649 0.0218146 0.0404504 0.0840795
380 0.0635411 0.0363726 0.0271685 0.0999137
381 0.0572351 0.00902187 0.0482132 0.0662569
382 0.0653879 0.0382504 0.0271376 0.103638
383 0.0872339 0.116604 -0.0293696 0.203837
384 0.0749821 0.0741038 0.000878398 0.149086
385 0.0552231 0.00269742 0.0525257 0.0579206
386 0.05713 0.0103397 0.0467903 0.0674696
387 0.0591569 0.020599 0.0385579 0.079756
388 0.0678803 0.033656 0.0342243 0.101536
389 0.0793363 0.0860578 -0.00672149 0.165394
390 0.0570249 0.00797995 0.0490449 0.0650048
391 0.0553583 0.00530779 0.0500505 0.0606661
392 0.0558838 0.00334239 0.0525414 0.0592262
393 0.056154 0.00539017 0.0507639 0.0615442
394 0.0676851 0.0507839 0.0169013 0.118469
395 0.0759281 0.0916773 -0.0157492 0.167605
396 0.0570999 0.00299729 0.0541027 0.0600972
397 0.0553583 0.00103273 0.0543255 0.056391
398 0.0572651 0.0057032 0.0515619 0.0629683
399 0.061289 0.0173126 0.0439764 0.0786016
400 0.0570399 0.00530456 0.0517353 0.0623444
401 0.0560339 0.00219519 0.0538387 0.0582291
402 0.0593671 0.0164382 0.0429289 0.0758053
403 0.0692466 0.0441521 0.0250945 0.113399
404 0.0566645 0.00520644 0.0514581 0.061871
405 0.0558537 0.00194378 0.05391 0.0577975
406 0.0617094 0.0134503 0.0482591 0.0751597
407 0.0559739 0.00280959 0.0531643 0.0587834
408 0.0553883 0.00176501 0.0536233 0.0571533
409 0.0578056 0.00809361 0.049712 0.0658992
410 0.0799519 0.0709791 0.00897282 0.150931
411 0.0570849 0.0105186 0.0465663 0.0676036
412 0.0546826 0.00429938 0.0503832 0.058982
413 0.053992 0.00277113 0.0512208 0.0567631
414 0.066484 0.0395899 0.026894 0.106074
415 0.0590518 0.0250421 0.0340098 0.0840939
416 0.061304 0.0174512 0.0438528 0.0787552
417 0.0563642 0.0149072 0.041457 0.0712714
418 0.0566946 0.0123643 0.0443302 0.0690589
419 0.0538418 0.00692431 0.0469175 0.0607661
420 0.0532412 0.0035608 0.0496804 0.056802
421 0.0534064 0.00766195 0.0457444 0.0610683
422 0.052986 0.00526189 0.0477241 0.0582479
423 0.0753125 0.0981207 -0.0228082 0.173433
424 0.0600878 0.0371437 0.0229441 0.0972315
425 0.0589918 0.0243367 0.0346551 0.0833284
426 0.0626403 0.0330038 0.0296364 0.0956441
427 0.0547727 0.00137741 0.0533953 0.0561501
428 0.0652378 0.0375413 0.0276965 0.102779
429 0.0554033 0.0036253 0.051778 0.0590286
430 0.0570549 0.00769818 0.0493567 0.0647531
431 0.0556435 0.00515247 0.0504911 0.060796
432 0.0728951 0.0695562 0.00333893 0.142451
433 0.0612139 0.0308853 0.0303286 0.0920992
434 0.0553433 0.0057308 0.0496125 0.0610741
435 0.057145 0.00907554 0.0480695 0.0662205
436 0.0606133 0.0294461 0.0311672 0.0900594
437 0.0634661 0.0259555 0.0375106 0.0894216
438 0.0572501 0.00820469 0.0490454 0.0654548
439 0.055103 0.00486477 0.0502382 0.0599678
440 0.0555234 0.00709146 0.048432 0.0626149
441 0.0637213 0.0414541 0.0222672 0.105175
442 0.0607935 0.0279857 0.0328078 0.0887791
443 0.0734807 0.0698148 0.00366588 0.143296
444 0.0775796 0.100983 -0.0234037 0.178563
445 0.0543673 0.00140037 0.0529669 0.0557677
446 0.0699373 0.0678252 0.00211207 0.137763
447 0.0538118 0.000769115 0.0530427 0.0545809
448 0.0679254 0.0436216 0.0243037 0.111547
449 0.0775346 0.0974826 -0.019948 0.175017
450 0.0609587 0.0145741 0.0463846 0.0755327
451 0.0587665 0.00668242 0.0520841 0.065449
452 0.0619947 0.0204284 0.0415663 0.082423
453 0.074877 0.0485295 0.0263475 0.123407
454 0.0714237 0.0462089 0.0252148 0.117633
455 0.0603731 0.0140987 0.0462744 0.0744718
456 0.0596674 0.0134079 0.0462596 0.0730753
457 0.0787207 0.0919423 -0.0132215 0.170663
458 0.0606584 0.0292861 0.0313723 0.0899445
459 0.0915581 0.121568 -0.0300099 0.213126
460 0.0554183 0.00435106 0.0510673 0.0597694
461 0.0806726 0.0793553 0.00131737 0.160028
462 0.0555535 0.00753958 0.0480139 0.063093
463 0.0558688 0.00538554 0.0504832 0.0612543
464 0.0626703 0.0372379 0.0254324 0.0999082
465 0.0817386 0.11917 -0.037431 0.200908
466 0.0635712 0.0388775 0.0246937 0.102449
467 0.07279 0.0728802 -9.01791e-005 0.14567
468 0.0688262 0.0639212 0.00490504 0.132747
469 0.0616193 0.0299535 0.0316658 0.0915728
470 0.0551481 0.00316983 0.0519782 0.0583179
471 0.0668293 0.0525584 0.0142709 0.119388
472 0.0562892 0.00734541 0.0489438 0.0636346
473 0.0572501 0.0120233 0.0452268 0.0692734
474 0.0743666 0.0877285 -0.013362 0.162095
475 0.055103 0.00274317 0.0523599 0.0578462
476 0.0590218 0.018517 0.0405048 0.0775388
477 0.055058 0.0026678 0.0523902 0.0577258
478 0.0576555 0.0079483 0.0497072 0.0656038
479 0.0599827 0.0196686 0.0403142 0.0796513
480 0.0680154 0.021104 0.0469114 0.0891195
481 0.0594422 0.0141364 0.0453058 0.0735786
482 0.0678052 0.0570105 0.0107947 0.124816
483 0.0814834 0.117988 -0.036505 0.199472
484 0.0557486 0.00501786 0.0507308 0.0607665
485 0.0562291 0.00560172 0.0506274 0.0618308
486 0.0627153 0.0257417 0.0369737 0.088457
487 0.0702526 0.0382665 0.0319861 0.108519
488 0.0569948 0.0101623 0.0468326 0.0671571
489 0.0633009 0.0372859 0.026015 0.100587
490 0.0570999 0.0079598 0.0491401 0.0650597
491 0.0559889 0.00750991 0.048479 0.0634988
492 0.0646222 0.0390325 0.0255896 0.103655
493 0.057205 0.00641277 0.0507923 0.0636178
494 0.0591119 0.00991512 0.0491968 0.069027
495 0.0640817 0.0263063 0.0377754 0.090388
496 0.0557036 0.00248624 0.0532174 0.0581898
497 0.0619646 0.0185561 0.0434085 0.0805207
498 0.0647723 0.029692 0.0350803 0.0944644
499 0.0765587 0.0852325 -0.00867382 0.161791
500 0.0705679 0.0600519 0.010516 0.13062
501 0.0794715 0.101461 -0.0219892 0.180932
502 0.0551931 0.00119589 0.0539972 0.056389
503 0.0636162 0.0212795 0.0423367 0.0848957
504 0.0621148 0.0206965 0.0414183 0.0828112
505 0.0724747 0.0527481 0.0197267 0.125223
506 0.0579708 0.00197707 0.0559937 0.0599478
507 0.0580759 0.00584631 0.0522296 0.0639222
508 0.0699523 0.0578512 0.0121012 0.127803
509 0.0562441 0.00148666 0.0547575 0.0577308
510 0.0844713 0.0979664 -0.0134952 0.182438
511 0.0702076 0.0583837 0.0118238 0.128591
512 0.0581209 0.00217056 0.0559504 0.0602915
513 0.073766 0.0579863 0.0157797 0.131752
514 0.0645471 0.0249441 0.039603 0.0894912
515 0.101212 0.136931 -0.035719 0.238144
516 0.0541271 0.00151304 0.052614 0.0556401
517 0.071739 0.0674594 0.00427967 0.139198
518 0.0639615 0.041435 0.0225266 0.105397
519 0.0609737 0.0255238 0.0354499 0.0864974
520 0.0577906 0.0108285 0.0469621 0.0686191
521 0.0652678 0.0447335 0.0205343 0.110001
522 0.0548328 0.00530875 0.049524 0.0601415
523 0.0543223 0.00231612 0.0520061 0.0566384
524 0.054007 0.00234394 0.051663 0.0563509
525 0.0714087 0.0714953 -8.65852e-005 0.142904
526 0.0536016 0.00120303 0.0523985 0.0548046
527 0.0559588 0.00664737 0.0493115 0.0626062
528 0.0619046 0.020174 0.0417305 0.0820786
529 0.0604632 0.0259046 0.0345586 0.0863677
530 0.063391 0.0419145 0.0214765 0.105305
531 0.0574453 0.0107502 0.0466951 0.0681955
532 0.0729552 0.0789879 -0.00603275 0.151943
533 0.0542772 0.00239456 0.0518827 0.0566718
534 0.0535115 0.00109348 0.052418 0.054605
535 0.0537968 0.00105005 0.0527467 0.0548468
536 0.0585263 0.0168587 0.0416676 0.075385
537 0.0534364 0.00084121 0.0525952 0.0542776
538 0.0743065 0.0842997 -0.00999325 0.158606
539 0.0583161 0.0197894 0.0385267 0.0781055
540 0.055118 0.00726145 0.0478566 0.0623795
541 0.0562291 0.00723121 0.0489979 0.0634603
542 0.0554934 0.00664759 0.0488458 0.062141
543 0.0552081 0.00622423 0.0489839 0.0614323
544 0.0843812 0.0590809 0.0253003 0.143462
545 0.0562591 0.00841145 0.0478477 0.0646706
546 0.0547126 0.00627352 0.0484391 0.0609862
547 0.0867535 0.10189 -0.0151368 0.188644
548 0.0537968 0.00166186 0.0521349 0.0554586
549 0.0701175 0.0616448 0.00847264 0.131762
550 0.077925 0.0866291 -0.00870416 0.164554
551 0.0637213 0.0323635 0.0313578 0.0960848
552 0.0565594 0.00696209 0.0495973 0.0635215
553 0.0589918 0.017207 0.0417848 0.0761987
554 0.0603731 0.0284853 0.0318878 0.0888584
555 0.0558087 0.00587391 0.0499348 0.0616826
556 0.0545625 0.00261631 0.0519462 0.0571788
557 0.0555535 0.0058042 0.0497492 0.0613577
558 0.0536016 0.000611736 0.0529898 0.0542133
559 0.0552382 0.00536541 0.0498727 0.0606036
560 0.0574002 0.0149676 0.0424326 0.0723678
561 0.0542772 0.00294356 0.0513337 0.0572208
562 0.0597875 0.0259057 0.0338818 0.0856932
563 0.0662588 0.0440476 0.0222111 0.110306
564 0.0762283 0.0955355 -0.0193071 0.171764
565 0.0539019 0.00234052 0.0515613 0.0562424
566 0.068601 0.05162 0.016981 0.120221
567 0.056154 0.00686934 0.0492847 0.0630234
568 0.0555084 0.00728365 0.0482248 0.0627921
569 0.0761983 0.0756806 0.000517766 0.151879
570 0.0680305 0.0564944 0.0115361 0.124525
571 0.0549679 0.0034546 0.0515133 0.0584225
572 0.055043 0.00364093 0.051402 0.0586839
573 0.0663639 0.0298498 0.036514 0.0962137
574 0.0671446 0.0425247 0.0246199 0.109669
575 0.0541871 0.00171842 0.0524687 0.0559056
576 0.0573402 0.00790877 0.0494314 0.0652489
577 0.0538718 0.00118376 0.0526881 0.0550556
578 0.060313 0.0165683 0.0437447 0.0768813
579 0.0827146 0.117424 -0.0347098 0.200139
580 0.0585413 0.0209582 0.0375831 0.0794996
581 0.0584512 0.00943513 0.0490161 0.0678864
582 0.0547727 0.00211357 0.0526591 0.0568863
583 0.0599527 0.0195882 0.0403644 0.0795409
584 0.0670245 0.0404351 0.0265894 0.10746
585 0.0567997 0.0087137 0.048086 0.0655133
586 0.0546676 0.00326677 0.0514008 0.0579344
587 0.0771893 0.0974429 -0.0202536 0.174632
588 0.0541871 0.00134453 0.0528426 0.0555317
589 0.0710484 0.0367507 0.0342977 0.107799
590 0.0578206 0.00680171 0.0510189 0.0646223
591 0.0548177 0.00480225 0.0500155 0.05962
592 0.063436 0.0358449 0.0275912 0.0992809
593 0.0587215 0.0084212 0.0503003 0.0671427
594 0.0621148 0.028054 0.0340608 0.0901688
595 0.0564243 0.00463545 0.0517888 0.0610597
596 0.0555535 0.00214449 0.053409 0.0576979
597 0.0606734 0.0186881 0.0419853 0.0793615
598 0.0558988 0.0025039 0.0533949 0.0584027
599 0.0570699 0.00593895 0.051131 0.0630089
600 0.079997 0.100562 -0.0205647 0.180559
601 0.0663639 0.0446361 0.0217277 0.111
602 0.0558087 0.00259411 0.0532146 0.0584028
603 0.0638564 0.0272667 0.0365897 0.0911232
604 0.0573101 0.0072352 0.0500749 0.0645453
605 0.057145 0.00559868 0.0515463 0.0627437
606 0.0689013 0.051756 0.0171453 0.120657
607 0.0559138 0.0118287 0.0440851 0.0677425
608 0.0819489 0.0684754 0.0134735 0.150424
609 0.0783454 0.0944316 -0.0160862 0.172777
610 0.0587665 0.0203418 0.0384247 0.0791083
611 0.0577005 0.00990329 0.0477972 0.0676038
612 0.0577906 0.0249922 0.0327984 0.0827828
613 0.075868 0.0666413 0.0092267 0.142509
614 0.0568747 0.00985863 0.0470161 0.0667334
615 0.0558688 0.0152571 0.0406117 0.0711258
616 0.0552832 0.00667959 0.0486036 0.0619628
617 0.065508 0.0392832 0.0262249 0.104791
618 0.0678203 0.0535397 0.0142806 0.12136
619 0.0551931 0.0127895 0.0424036 0.0679826
620 0.0601629 0.0303687 0.0297941 0.0905316
621 0.0593521 0.0316627 0.0276895 0.0910148
622 0.0601479 0.0264871 0.0336607 0.086635
623 0.0559889 0.00356001 0.0524289 0.0595489
624 0.060253 0.0278663 0.0323867 0.0881193
625 0.0691716 0.0371983 0.0319733 0.10637
626 0.0548027 0.00257707 0.0522257 0.0573798
627 0.06237 0.0341375 0.0282325 0.0965075
628 0.0826395 0.115423 -0.0327831 0.198062
629 0.0772193 0.0752354 0.00198387 0.152455
630 0.0538118 0.000928471 0.0528833 0.0547402
631 0.0622649 0.0323792 0.0298857 0.0946441
632 0.0539019 0.00109307 0.0528088 0.0549949
633 0.0855073 0.101249 -0.0157414 0.186756
634 0.0604632 0.0199267 0.0405365 0.0803898
635 0.0548478 0.00538286 0.0494649 0.0602306
636 0.0545175 0.00344283 0.0510746 0.0579603
637 0.0574152 0.00972565 0.0476896 0.0671409
638 0.066484 0.0576364 0.00884755 0.12412
639 0.0583161 0.021227 0.0370891 0.0795431
640 0.074802 0.059322 0.01548 0.134124
641 0.0542922 0.0014326 0.0528596 0.0557248
642 0.0728651 0.0644995 0.00836564 0.137365
643 0.0574152 0.00670297 0.0507123 0.0641182
644 0.0625352 0.0238002 0.038735 0.0863354
645 0.0565895 0.00108468 0.0555048 0.0576741
646 0.0610337 0.017843 0.0431907 0.0788768
647 0.0689614 0.0296217 0.0393397 0.098583
648 0.0569498 0.0020549 0.0548949 0.0590047
649 0.0586014 0.00891473 0.0496867 0.0675161
650 0.0761232 0.0771877 -0.00106442 0.153311
651 0.0585263 0.00725551 0.0512708 0.0657818
652 0.0559288 0.000657043 0.0552718 0.0565859
653 0.0583311 0.00577842 0.0525527 0.0641095
654 0.0587065 0.00939165 0.0493148 0.0680981
655 0.0645471 0.0266907 0.0378564 0.0912378
656 0.058151 0.00718267 0.0509683 0.0653336
657 0.056139 0.00484339 0.0512956 0.0609824
658 0.0771743 0.0715959 0.00557836 0.14877
659 0.0541571 0.00157551 0.0525816 0.0557326
660 0.0562141 0.00692334 0.0492908 0.0631374
661 0.0824293 0.0910739 -0.00864454 0.173503
662 0.0555835 0.00303559 0.0525479 0.0586191
663 0.0548928 0.00345215 0.0514407 0.058345
664 0.0547877 0.001314 0.0534737 0.0561017
665 0.0588266 0.0191816 0.039645 0.0780082
666 0.0599827 0.0146718 0.0453109 0.0746545
667 0.0558087 0.00533406 0.0504746 0.0611428
668 0.0549979 0.00233816 0.0526598 0.0573361
669 0.0622049 0.0153072 0.0468977 0.077512
670 0.0642618 0.0333556 0.0309062 0.0976174
671 0.0637664 0.0300565 0.0337098 0.0938229
672 0.0763485 0.0411159 0.0352326 0.117464
673 0.0659885 0.048127 0.0178615 0.114116
674 0.0780151 0.0951149 -0.0170998 0.17313
675 0.0674899 0.054296 0.0131939 0.121786
676 0.0584212 0.0178866 0.0405346 0.0763078
677 0.0578507 0.0105025 0.0473482 0.0683532
678 0.0562591 0.00542458 0.0508346 0.0616837
679 0.0582861 0.00857476 0.0497113 0.0668608
680 0.0860628 0.092445 -0.00638217 0.178508
681 0.0573552 0.00676617 0.050589 0.0641214
682 0.0542622 0.000593782 0.0536684 0.054856
683 0.0616493 0.0149712 0.0466781 0.0766205
684 0.056139 0.00779102 0.048348 0.06393
685 0.0583461 0.00776124 0.0505849 0.0661074
686 0.0582861 0.0101837 0.0481024 0.0684698
687 0.0666041 0.0274012 0.0392029 0.0940053
688 0.0775947 0.0732288 0.00436587 0.150823
689 0.0784205 0.10051 -0.0220895 0.17893
690 0.0566795 0.00694173 0.0497378 0.0636213
691 0.0943358 0.0954137 -0.0010779 0.189749
692 0.0557036 0.00201104 0.0536926 0.0577146
693 0.0556586 0.00318119 0.0524774 0.0588397
694 0.0608536 0.0235855 0.0372681 0.084439
695 0.0582711 0.00811029 0.0501608 0.0663814
696 0.0803423 0.104186 -0.0238434 0.184528
697 0.0720093 0.0730446 -0.00103532 0.145054
698 0.0576855 0.0116499 0.0460356 0.0693354
699 0.0574303 0.00811218 0.0493181 0.0655424
700 0.0636462 0.0364778 0.0271684 0.100124
701 0.0600127 0.00551934 0.0544934 0.0655321
702 0.0628805 0.0207581 0.0421224 0.0836386
703 0.0566795 0.00124855 0.055431 0.0579281
704 0.0635712 0.0151517 0.0484195 0.0787229
705 0.0731654 0.0515229 0.0216425 0.124688
706 0.0564393 0.000857139 0.0555822 0.0572964
707 0.0582711 0.00791219 0.0503589 0.0661833
708 0.0572351 0.00514748 0.0520876 0.0623826
709 0.0573101 0.00488029 0.0524298 0.0621904
710 0.0563492 0.00136384 0.0549854 0.0577131
711 0.0570099 0.00257667 0.0544332 0.0595865
712 0.0566795 0.00256545 0.0541141 0.059245
713 0.0615592 0.0175524 0.0440068 0.0791116
714 0.0579858 0.00628666 0.0516991 0.0642725
715 0.058166 0.00652056 0.0516454 0.0646865
716 0.0689463 0.040323 0.0286233 0.109269
717 0.0541421 0.000783634 0.0533585 0.0549257
718 0.0793063 0.0745593 0.00474704 0.153866
719 0.0575053 0.0114675 0.0460378 0.0689729
720 0.0609737 0.0258664 0.0351072 0.0868401
721 0.0568747 0.006968 0.0499067 0.0638427
722 0.0702676 0.0681183 0.00214927 0.138386
723 0.0550279 0.00542259 0.0496054 0.0604505
724 0.0537817 0.00187025 0.0519115 0.055652
725 0.0726099 0.0819346 -0.00932471 0.154544
726 0.0890507 0.0878102 0.00124045 0.176861
727 0.0554634 0.0073648 0.0480986 0.0628282
728 0.0733306 0.05685 0.0164806 0.130181
729 0.0679554 0.0626126 0.0053428 0.130568
730 0.0551931 0.00662176 0.0485713 0.0618149
731 0.0551931 0.00520254 0.0499906 0.0603957
732 0.0592921 0.0204555 0.0388366 0.0797475
733 0.070643 0.0741951 -0.00355215 0.144838
734 0.0554634 0.00618121 0.0492822 0.0616446
735 0.0544124 0.00314888 0.0512635 0.0575612
736 0.0652828 0.0182598 0.047023 0.0835426
737 0.0539319 0.00174168 0.0521902 0.0556736
738 0.0912428 0.139176 -0.0479335 0.230419
739 0.0542622 0.00341604 0.0508462 0.0576783
740 0.0557186 0.00516067 0.0505579 0.0608793
741 0.0846064 0.0943323 -0.0097259 0.178939
742 0.0556135 0.00613766 0.0494759 0.0617512
743 0.0548778 0.00522268 0.0496551 0.0601005
744 0.0746969 0.0820924 -0.0073955 0.156789
745 0.0596374 0.0250649 0.0345724 0.0847023
746 0.0548778 0.00599968 0.0488781 0.0608775
747 0.0533463 0.000371134 0.0529752 0.0537175
748 0.0743816 0.064428 0.00995352 0.13881
749 0.0535415 0.00133654 0.052205 0.0548781
750 0.0599227 0.0267725 0.0331502 0.0866951
751 0.0662287 0.0561291 0.0100996 0.122358
752 0.0541421 0.00180698 0.0523351 0.0559491
753 0.0546226 0.0050569 0.0495657 0.0596795
754 0.0539019 0.00163788 0.052264 0.0555397
755 0.0557937 0.00807079 0.0477229 0.0638645
756 0.0680004 0.0565456 0.0114549 0.124546
757 0.0647873 0.0396084 0.0251789 0.104396
758 0.0554934 0.00403506 0.0514583 0.0595285
759 0.0639315 0.037461 0.0264706 0.101392
760 0.0541421 0.0021108 0.0520313 0.0562529
761 0.0542622 0.00182436 0.0524378 0.0560866
762 0.0538718 0.00113714 0.0527347 0.055009
763 0.0583762 0.0115424 0.0468338 0.0699185
764 0.0661837 0.0402102 0.0259735 0.106394
765 0.0569948 0.00839231 0.0486025 0.0653872
766 0.0537367 0.000808413 0.0529283 0.0545451
767 0.0559438 0.00917534 0.0467685 0.0651192
768 0.06231 0.0160938 0.0462162 0.0784037
769 0.0625502 0.0204481 0.0421021 0.0829983
770 0.0579408 0.00978475 0.048156 0.0677255
771 0.054022 0.000770872 0.0532511 0.0547929
772 0.0586014 0.0200541 0.0385473 0.0786555
773 0.0565895 0.00743145 0.049158 0.0640209
774 0.060328 0.0255905 0.0347375 0.0859186
775 0.0544124 0.00160479 0.0528076 0.0560171
776 0.0646522 0.0321612 0.032491 0.0968134
777 0.0545625 0.00175637 0.0528061 0.0563189
778 0.0610337 0.0161222 0.0449116 0.0771559
779 0.0553433 0.00574416 0.0495991 0.0610874
780 0.0544574 0.00242338 0.052034 0.0568808
781 0.0649375 0.0275547 0.0373828 0.0924921
782 0.0764085 0.0960808 -0.0196722 0.172489
783 0.0544574 0.00183956 0.0526178 0.056297
784 0.054082 0.0016851 0.0523969 0.0557671
785 0.0576254 0.0101766 0.0474488 0.0678021
786 0.0725498 0.0566593 0.0158905 0.129209
787 0.0586314 0.0195895 0.0390419 0.078221
788 0.0548928 0.00504146 0.0498514 0.0599343
789 0.0607635 0.0130404 0.0477231 0.0738038
790 0.0575654 0.00832895 0.0492364 0.0658943
791 0.0637063 0.0350303 0.028676 0.0987366
792 0.0576855 0.00581267 0.0518728 0.0634982
793 0.0753275 0.0597979 0.0155296 0.135125
794 0.0700724 0.0549906 0.0150818 0.125063
795 0.0590068 0.00736137 0.0516454 0.0663681
796 0.0628655 0.0218977 0.0409678 0.0847632
797 0.0543073 0.00547587 0.0488314 0.0597831
798 0.0555234 0.00709019 0.0484332 0.0626136
799 0.0570099 0.00909597 0.0479139 0.0661058
