# ../output/graphs/perf_parallel70BIPED_thread3
# step - mean (0.107064) - standard deviation (0.0251762) r=20 - ylow - yhigh
0 0.1197 0.0440453 0.0756547 0.163745
1 0.108517 0.0224214 0.0860956 0.130938
2 0.109051 0.0248451 0.0842064 0.133897
3 0.106828 0.0230142 0.0838135 0.129842
4 0.106336 0.023129 0.0832069 0.129465
5 0.106165 0.0233237 0.0828411 0.129489
6 0.108945 0.0235007 0.0854439 0.132445
7 0.112751 0.0243925 0.0883582 0.137143
8 0.108025 0.0213194 0.0867057 0.129345
9 0.106507 0.0230086 0.0834984 0.129516
10 0.103471 0.0217752 0.0816954 0.125246
11 0.11166 0.0400421 0.0716181 0.151702
12 0.114419 0.0270787 0.0873398 0.141497
13 0.113114 0.0248136 0.0883006 0.137928
14 0.112622 0.0242967 0.0883257 0.136919
15 0.111404 0.0259471 0.0854565 0.137351
16 0.103022 0.0214398 0.0815817 0.124461
17 0.101076 0.0225281 0.0785476 0.123604
18 0.102744 0.0226365 0.0801071 0.12538
19 0.101012 0.0214009 0.0796108 0.122412
20 0.103107 0.0225028 0.0806043 0.12561
21 0.110056 0.024527 0.0855294 0.134583
22 0.1166 0.0240941 0.0925055 0.140694
23 0.115231 0.0244419 0.0907891 0.139673
24 0.121304 0.0236238 0.0976799 0.144928
25 0.113756 0.0231826 0.0905731 0.136938
26 0.114932 0.024405 0.0905267 0.139337
27 0.114397 0.0242851 0.0901121 0.138682
28 0.109714 0.0235572 0.0861571 0.133272
29 0.105823 0.0227813 0.0830414 0.128604
30 0.108624 0.0239226 0.0847012 0.132546
31 0.111254 0.0233943 0.0878596 0.134648
32 0.105245 0.0210481 0.0841973 0.126294
33 0.10315 0.0195399 0.08361 0.12269
34 0.106828 0.0243231 0.0825046 0.131151
35 0.103513 0.0224717 0.0810417 0.125985
36 0.105181 0.0220788 0.0831024 0.12726
37 0.105716 0.0202355 0.0854803 0.125951
38 0.105844 0.023502 0.0823421 0.129346
39 0.108474 0.023933 0.0845412 0.132407
40 0.13253 0.0914928 0.0410368 0.224022
41 0.112045 0.0252518 0.0867932 0.137297
42 0.106935 0.0225246 0.0844101 0.129459
43 0.110121 0.0249998 0.0851208 0.13512
44 0.108945 0.0247329 0.0842116 0.133678
45 0.112238 0.0252302 0.0870073 0.137468
46 0.112195 0.0242869 0.0879079 0.136482
47 0.116428 0.025647 0.0907815 0.142075
48 0.110869 0.0231308 0.0877382 0.134
49 0.109779 0.0216424 0.0881361 0.131421
50 0.10779 0.0234397 0.0843502 0.13123
51 0.109714 0.0234475 0.0862669 0.133162
52 0.103107 0.0204241 0.082683 0.123531
53 0.101781 0.0263269 0.0754545 0.128108
54 0.101311 0.0226405 0.0786704 0.123951
55 0.109351 0.0278373 0.0815136 0.137188
56 0.112622 0.0250826 0.0875398 0.137705
57 0.112793 0.024249 0.0885444 0.137042
58 0.111404 0.0239709 0.0874327 0.135374
59 0.114568 0.0228684 0.0916998 0.137437
60 0.113585 0.0221524 0.0914322 0.135737
61 0.116407 0.0223714 0.0940357 0.138779
62 0.113841 0.0229883 0.0908529 0.13683
63 0.111275 0.0224359 0.0888394 0.133711
64 0.10516 0.0232408 0.081919 0.128401
65 0.105865 0.0231883 0.0826772 0.129054
66 0.105032 0.0314612 0.0735703 0.136493
67 0.0990444 0.0213537 0.0776907 0.120398
68 0.0957515 0.0187953 0.0769562 0.114547
69 0.0959012 0.0192091 0.076692 0.11511
70 0.103022 0.0221245 0.080897 0.125146
71 0.109116 0.0243087 0.0848069 0.133424
72 0.110527 0.0246954 0.0858315 0.135222
73 0.123506 0.0240893 0.0994169 0.147595
74 0.122309 0.0275881 0.0947206 0.149897
75 0.118417 0.024747 0.0936701 0.143164
76 0.12047 0.0259818 0.094488 0.146452
77 0.116257 0.0246557 0.0916017 0.140913
78 0.109073 0.0238051 0.0852678 0.132878
79 0.106165 0.022401 0.0837639 0.128566
80 0.109073 0.0248975 0.0841754 0.13397
81 0.110783 0.0248214 0.0859621 0.135605
82 0.109158 0.0247496 0.0844088 0.133908
83 0.121175 0.0279095 0.093266 0.149085
84 0.120662 0.0268239 0.0938384 0.147486
85 0.123485 0.0253663 0.0981184 0.148851
86 0.120705 0.0256891 0.095016 0.146394
87 0.118417 0.0263338 0.0920833 0.144751
88 0.121539 0.0264148 0.0951241 0.147954
89 0.118011 0.0238243 0.0941865 0.141835
90 0.109992 0.0221294 0.087863 0.132122
91 0.106015 0.0218446 0.0841706 0.12786
92 0.103556 0.0204274 0.0831287 0.123984
93 0.100049 0.0178585 0.0821909 0.117908
94 0.101119 0.0188437 0.0822749 0.119962
95 0.106828 0.0257039 0.0811238 0.132532
96 0.109116 0.024253 0.0848626 0.133369
97 0.103107 0.0214978 0.0816094 0.124605
98 0.100327 0.0199074 0.08042 0.120235
99 0.0997287 0.0194319 0.0802967 0.119161
100 0.102017 0.0208857 0.0811309 0.122902
101 0.100841 0.0220267 0.0788139 0.122867
102 0.110078 0.0226545 0.0874234 0.132732
103 0.110121 0.0228362 0.0872844 0.132957
104 0.104326 0.0214115 0.0829144 0.125737
105 0.111468 0.0243015 0.0871662 0.135769
106 0.108859 0.02264 0.0862191 0.131499
107 0.106592 0.0230139 0.0835786 0.129606
108 0.100541 0.0184179 0.0821233 0.118959
109 0.100071 0.0195522 0.0805186 0.119623
110 0.107533 0.023909 0.0836243 0.131442
111 0.110035 0.023887 0.086148 0.133922
112 0.109907 0.0233621 0.0865447 0.133269
113 0.110505 0.0239323 0.0865732 0.134438
114 0.111339 0.0234088 0.0879306 0.134748
115 0.11057 0.0237185 0.0868511 0.134288
116 0.110356 0.0246001 0.0857557 0.134956
117 0.107555 0.0230217 0.084533 0.130576
118 0.105652 0.0225485 0.0831032 0.1282
119 0.117412 0.0240786 0.0933335 0.141491
120 0.116514 0.024107 0.092407 0.140621
121 0.111938 0.0238103 0.0881279 0.135748
122 0.112665 0.0241249 0.0885403 0.13679
123 0.112708 0.0240063 0.0887016 0.136714
124 0.109073 0.0227443 0.0863285 0.131817
125 0.11258 0.0243063 0.0882733 0.136886
126 0.112259 0.0225339 0.089725 0.134793
127 0.112537 0.0234973 0.0890396 0.136034
128 0.119593 0.0317946 0.0877985 0.151388
129 0.115637 0.0239556 0.0916817 0.139593
130 0.113991 0.0249258 0.0890651 0.138917
131 0.109907 0.0234337 0.0864731 0.13334
132 0.108923 0.0233203 0.0856029 0.132243
133 0.10841 0.0238343 0.0845757 0.132244
134 0.114825 0.0257508 0.089074 0.140576
135 0.111724 0.0239072 0.0878171 0.135632
136 0.118332 0.0343949 0.0839367 0.152726
137 0.11429 0.0236763 0.090614 0.137966
138 0.115146 0.0243766 0.090769 0.139522
139 0.11042 0.0233968 0.0870232 0.133817
140 0.111147 0.0239714 0.0871756 0.135118
141 0.107747 0.0217189 0.0860283 0.129466
142 0.109223 0.0233744 0.0858481 0.132597
143 0.103535 0.021019 0.0825158 0.124554
144 0.105053 0.0225634 0.0824895 0.127616
145 0.106101 0.0220583 0.0840424 0.128159
146 0.109479 0.0238533 0.0856258 0.133332
147 0.123656 0.0249206 0.0987353 0.148576
148 0.12124 0.0252791 0.0959605 0.146519
149 0.121603 0.0236393 0.0979638 0.145242
150 0.121646 0.0218168 0.0998291 0.143463
151 0.12171 0.0230352 0.0986748 0.144745
152 0.117284 0.0233186 0.0939652 0.140602
153 0.116771 0.024253 0.0925176 0.141024
154 0.118503 0.0232916 0.0952111 0.141794
155 0.117198 0.0239499 0.0932484 0.141148
156 0.116835 0.0238658 0.092969 0.140701
157 0.116685 0.0241043 0.0925807 0.140789
158 0.113029 0.0225528 0.0904758 0.135581
159 0.10702 0.0222929 0.0847272 0.129313
160 0.112002 0.0298252 0.0821771 0.141828
161 0.107063 0.0225496 0.0845133 0.129613
162 0.104989 0.02312 0.0818688 0.128109
163 0.101012 0.0200083 0.0810033 0.12102
164 0.108795 0.0229153 0.0858796 0.13171
165 0.106293 0.021885 0.0844081 0.128178
166 0.106699 0.0220648 0.0846346 0.128764
167 0.0992796 0.0195032 0.0797765 0.118783
168 0.100498 0.021036 0.0794624 0.121534
169 0.104925 0.0224786 0.0824461 0.127403
170 0.106122 0.0233939 0.0827281 0.129516
171 0.103513 0.0221339 0.0813795 0.125647
172 0.103513 0.021364 0.0821494 0.124877
173 0.103791 0.0223287 0.0814627 0.12612
174 0.107747 0.0231397 0.0846074 0.130887
175 0.105331 0.0225568 0.0827741 0.127888
176 0.106165 0.0219682 0.0841967 0.128133
177 0.106828 0.0214738 0.0853539 0.128301
178 0.105866 0.0221475 0.083718 0.128013
179 0.106507 0.0231373 0.0833696 0.129644
180 0.104027 0.0219698 0.0820567 0.125996
181 0.106037 0.0251369 0.0808996 0.131173
182 0.108175 0.0246045 0.0835703 0.132779
183 0.111617 0.0245913 0.0870261 0.136209
184 0.115701 0.0240334 0.0916681 0.139735
185 0.116151 0.0233212 0.0928294 0.139472
186 0.116386 0.0233916 0.0929942 0.139777
187 0.116001 0.023771 0.0922298 0.139772
188 0.114996 0.0235018 0.091494 0.138498
189 0.113371 0.0243578 0.089013 0.137729
190 0.110228 0.0229299 0.0872976 0.133157
191 0.110698 0.0244179 0.08628 0.135116
192 0.113157 0.0227028 0.0904541 0.13586
193 0.108004 0.0239358 0.084068 0.131939
194 0.10578 0.0223079 0.0834721 0.128088
195 0.105844 0.0226145 0.0832296 0.128459
196 0.103428 0.0221573 0.0812705 0.125585
197 0.105652 0.0219784 0.0836733 0.12763
198 0.097398 0.0171482 0.0802497 0.114546
199 0.0962433 0.0181067 0.0781366 0.11435
200 0.104689 0.0236243 0.0810651 0.128314
201 0.107576 0.025014 0.082562 0.13259
202 0.118396 0.0280686 0.0903271 0.146464
203 0.122672 0.0236636 0.0990086 0.146336
204 0.124639 0.0228045 0.101835 0.147444
205 0.123292 0.0223949 0.100897 0.145687
206 0.128681 0.0191786 0.109502 0.147859
207 0.130691 0.0311942 0.0994966 0.161885
208 0.117284 0.0247055 0.0925783 0.141989
209 0.114012 0.0235389 0.0904733 0.137551
210 0.113777 0.0242636 0.0895135 0.138041
211 0.113349 0.0247579 0.0885915 0.138107
212 0.107704 0.0220589 0.0856455 0.129763
213 0.106058 0.0217927 0.0842652 0.127851
214 0.111233 0.0240134 0.0872192 0.135246
215 0.115894 0.0247718 0.0911222 0.140666
216 0.112751 0.0240279 0.0887228 0.136779
217 0.111639 0.0233569 0.0882819 0.134996
218 0.112002 0.022456 0.0895463 0.134458
219 0.110783 0.0229293 0.0878542 0.133713
220 0.112409 0.0232559 0.0891526 0.135664
221 0.1132 0.0247212 0.0884785 0.137921
222 0.108239 0.0229307 0.0853083 0.13117
223 0.101589 0.0198624 0.0817266 0.121451
224 0.104005 0.0234491 0.0805561 0.127454
225 0.10593 0.0213463 0.0845833 0.127276
226 0.100605 0.0209025 0.0797028 0.121508
227 0.0997928 0.0209394 0.0788534 0.120732
228 0.103449 0.02173 0.0817192 0.125179
229 0.104005 0.0209692 0.083036 0.124974
230 0.102936 0.021551 0.0813851 0.124487
231 0.104839 0.0226823 0.0821568 0.127521
232 0.112173 0.0265552 0.0856182 0.138729
233 0.134069 0.105735 0.0283346 0.239804
234 0.110848 0.021926 0.0889217 0.132774
235 0.110206 0.0229036 0.0873025 0.13311
236 0.10702 0.0225628 0.0844573 0.129583
237 0.10918 0.0251666 0.0840132 0.134346
238 0.102637 0.0203789 0.0822578 0.123016
239 0.102059 0.0199487 0.0821107 0.122008
240 0.105053 0.0230993 0.0819536 0.128152
241 0.114889 0.0260403 0.0888487 0.140929
242 0.115701 0.0257699 0.0899316 0.141471
243 0.114761 0.0249231 0.0898375 0.139684
244 0.119679 0.0254054 0.0942733 0.145084
245 0.11908 0.0252331 0.0938468 0.144313
246 0.117305 0.0265342 0.090771 0.143839
247 0.10918 0.0237719 0.0854079 0.132952
248 0.11119 0.031936 0.0792538 0.143126
249 0.106764 0.0218552 0.0849083 0.128619
250 0.106443 0.0227006 0.0837422 0.129143
251 0.103684 0.0188233 0.0848612 0.122508
252 0.104882 0.0212001 0.0836818 0.126082
253 0.105716 0.0218432 0.0838726 0.127559
254 0.108709 0.023646 0.0850634 0.132355
255 0.108453 0.022453 0.0859998 0.130906
256 0.111746 0.0229511 0.0887946 0.134697
257 0.109094 0.023299 0.0857952 0.132393
258 0.111168 0.0242462 0.0869221 0.135415
259 0.110997 0.0250184 0.0859789 0.136016
260 0.110377 0.0240943 0.0862829 0.134472
261 0.112772 0.0249062 0.0878659 0.137678
262 0.112558 0.0245249 0.0880333 0.137083
263 0.104732 0.0202461 0.0844861 0.124978
264 0.1064 0.0232604 0.0831397 0.12966
265 0.104775 0.0222569 0.0825181 0.127032
266 0.105887 0.0214707 0.0844161 0.127358
267 0.109522 0.0245299 0.084992 0.134052
268 0.115787 0.0245191 0.0912679 0.140306
269 0.117241 0.0232052 0.0940359 0.140446
270 0.116621 0.0239463 0.0926746 0.140567
271 0.114504 0.0249204 0.0895837 0.139424
272 0.112238 0.0244397 0.0877978 0.136677
273 0.106592 0.029801 0.0767915 0.136393
274 0.10022 0.0191841 0.0810364 0.119405
275 0.0998783 0.0182721 0.0816063 0.11815
276 0.10439 0.0217237 0.0826663 0.126114
277 0.097569 0.0159826 0.0815864 0.113552
278 0.103856 0.0204386 0.0834169 0.124294
279 0.10501 0.0208327 0.0841775 0.125843
280 0.103321 0.0196815 0.0836394 0.123002
281 0.104711 0.0209669 0.0837439 0.125678
282 0.103 0.0211614 0.0818388 0.124162
283 0.102979 0.0203095 0.0826693 0.123288
284 0.102102 0.0206348 0.0814673 0.122737
285 0.107854 0.0215138 0.0863403 0.129368
286 0.110976 0.0241688 0.0868071 0.135145
287 0.112793 0.0234866 0.0893068 0.13628
288 0.109351 0.0222483 0.0871026 0.131599
289 0.111254 0.0232901 0.0879638 0.134544
290 0.107662 0.0221638 0.0854979 0.129825
291 0.113991 0.0256394 0.0883515 0.13963
292 0.115787 0.0246359 0.0911511 0.140423
293 0.118246 0.0239419 0.0943042 0.142188
294 0.117027 0.0233435 0.0936838 0.140371
295 0.114696 0.0227982 0.0918983 0.137495
296 0.11151 0.0240791 0.0874313 0.13559
297 0.107277 0.0231693 0.0841075 0.130446
298 0.109907 0.0258658 0.084041 0.135773
299 0.110334 0.0247185 0.0856159 0.135053
300 0.10702 0.0224438 0.0845763 0.129464
301 0.111724 0.0242071 0.0875172 0.135931
302 0.110955 0.0233596 0.0875949 0.134314
303 0.110698 0.0226302 0.0880678 0.133328
304 0.110933 0.0230958 0.0878374 0.134029
305 0.106122 0.0208812 0.0852408 0.127003
306 0.101546 0.0206966 0.0808496 0.122243
307 0.101696 0.0216498 0.0800461 0.123346
308 0.104946 0.0231508 0.0817952 0.128097
309 0.102038 0.0227165 0.0793214 0.124755
310 0.102979 0.0221236 0.0808552 0.125102
311 0.105074 0.0222405 0.0828339 0.127315
312 0.107448 0.0233374 0.0841103 0.130785
313 0.105652 0.0222965 0.0833552 0.127948
314 0.0991086 0.0203078 0.0788007 0.119416
315 0.0968848 0.0184549 0.0784299 0.11534
316 0.106058 0.0226482 0.0834096 0.128706
317 0.101354 0.0207995 0.0805542 0.122153
318 0.0994079 0.0221714 0.0772365 0.121579
319 0.105737 0.026373 0.0793642 0.13211
320 0.103855 0.0228513 0.0810042 0.126707
321 0.101204 0.0229384 0.0782656 0.124142
322 0.101397 0.0224654 0.0789311 0.123862
323 0.10439 0.0233926 0.0809975 0.127783
324 0.101012 0.0223248 0.0786868 0.123336
325 0.108987 0.0245822 0.0844052 0.133569
326 0.11196 0.0239286 0.088031 0.135888
327 0.109223 0.0240109 0.0852117 0.133233
328 0.112323 0.0233219 0.0890011 0.135645
329 0.111468 0.025816 0.0856518 0.137284
330 0.110826 0.0254061 0.0854202 0.136232
331 0.117605 0.0254088 0.0921957 0.143013
332 0.127505 0.025766 0.101739 0.153271
333 0.127248 0.0243464 0.102902 0.151594
334 0.11985 0.0215028 0.0983469 0.141353
335 0.115573 0.023194 0.0923792 0.138767
336 0.113884 0.0264703 0.0874136 0.140354
337 0.111318 0.0245713 0.0867468 0.135889
338 0.0977615 0.0217176 0.0760438 0.119479
339 0.099023 0.021948 0.077075 0.120971
340 0.0995576 0.0219497 0.0776079 0.121507
341 0.0957515 0.0213882 0.0743633 0.11714
342 0.0938484 0.0206758 0.0731726 0.114524
343 0.0959439 0.0214928 0.0744511 0.117437
344 0.0980608 0.0261002 0.0719606 0.124161
345 0.0944685 0.0208994 0.0735691 0.115368
346 0.0967992 0.0222529 0.0745464 0.119052
347 0.104711 0.0244516 0.0802592 0.129162
348 0.102701 0.0227708 0.0799301 0.125472
349 0.101204 0.0222105 0.0789936 0.123415
350 0.0991941 0.0227459 0.0764482 0.12194
351 0.0964357 0.0215774 0.0748583 0.118013
352 0.103492 0.0431052 0.0603868 0.146597
353 0.0970558 0.0226694 0.0743864 0.119725
354 0.0998356 0.0278485 0.071987 0.127684
355 0.100049 0.0227294 0.07732 0.122779
356 0.103706 0.0232792 0.0804266 0.126985
357 0.104818 0.0234129 0.0814048 0.128231
358 0.105737 0.0234983 0.0822389 0.129235
359 0.104497 0.0232787 0.0812182 0.127776
360 0.10176 0.0225611 0.0791989 0.124321
361 0.104005 0.0220656 0.0819395 0.126071
362 0.10037 0.0204363 0.0799338 0.120806
363 0.0991085 0.0211158 0.0779928 0.120224
364 0.0969275 0.0210604 0.0758671 0.117988
365 0.0966282 0.0196168 0.0770113 0.116245
366 0.100413 0.0232466 0.0771663 0.12366
367 0.100092 0.0249533 0.0751389 0.125045
368 0.106421 0.0244677 0.0819537 0.130889
369 0.109265 0.0301941 0.0790712 0.139459
370 0.109052 0.0233758 0.0856757 0.132427
371 0.10223 0.0219301 0.0803003 0.124161
372 0.0957087 0.0192214 0.0764874 0.11493
373 0.0938698 0.0189076 0.0749622 0.112777
374 0.0968848 0.0206674 0.0762174 0.117552
375 0.0957729 0.0194662 0.0763067 0.115239
376 0.0973124 0.0194295 0.0778829 0.116742
377 0.0993224 0.0227183 0.0766041 0.122041
378 0.106528 0.0239962 0.0825321 0.130525
379 0.106592 0.023536 0.0830565 0.130129
380 0.104754 0.023458 0.0812956 0.128212
381 0.10424 0.0240544 0.080186 0.128295
382 0.0998142 0.0215981 0.078216 0.121412
383 0.09712 0.0216778 0.0754422 0.118798
384 0.100156 0.0221083 0.078048 0.122265
385 0.102209 0.0232248 0.0789843 0.125434
386 0.10176 0.022964 0.078796 0.124724
387 0.104283 0.0233387 0.0809444 0.127622
388 0.1064 0.0227946 0.0836054 0.129195
389 0.104604 0.0223636 0.0822403 0.126967
390 0.100841 0.0220661 0.0787745 0.122907
391 0.105994 0.030499 0.0754948 0.136493
392 0.0984243 0.0226847 0.0757397 0.121109
393 0.0975263 0.0222653 0.075261 0.119792
394 0.105074 0.0243387 0.0807356 0.129413
395 0.102487 0.0224358 0.0800512 0.124923
396 0.100841 0.0229569 0.0778837 0.123797
397 0.100669 0.0227885 0.077881 0.123458
398 0.0978898 0.0223118 0.0755779 0.120202
399 0.110056 0.0234502 0.0866063 0.133507
400 0.108474 0.0242307 0.0842435 0.132705
401 0.106443 0.0237722 0.0826706 0.130215
402 0.104476 0.022745 0.0817306 0.127221
403 0.101461 0.0230932 0.0783674 0.124554
404 0.10578 0.0244875 0.0812925 0.130267
405 0.105096 0.0244005 0.0806952 0.129496
406 0.1033 0.0240668 0.0792328 0.127366
407 0.110719 0.0248753 0.0858441 0.135595
408 0.115424 0.0311348 0.0842887 0.146558
409 0.10995 0.0240727 0.0858769 0.134022
410 0.106293 0.0241768 0.0821164 0.13047
411 0.09975 0.0228147 0.0769353 0.122565
412 0.101888 0.0222835 0.0796048 0.124172
413 0.102316 0.021284 0.0810319 0.1236
414 0.102102 0.0212604 0.0808418 0.123363
415 0.101632 0.0211488 0.0804829 0.122781
416 0.105481 0.0225906 0.08289 0.128071
417 0.103855 0.0232327 0.0806228 0.127088
418 0.105523 0.0220027 0.0835207 0.127526
419 0.105181 0.023322 0.0818593 0.128503
420 0.106806 0.0241508 0.0826555 0.130957
421 0.110826 0.0241047 0.0867215 0.134931
422 0.108303 0.0261984 0.0821047 0.134501
423 0.108068 0.0250395 0.0830284 0.133107
424 0.106657 0.0241226 0.082534 0.130779
425 0.114226 0.028527 0.0856991 0.142753
426 0.110014 0.0258989 0.0841148 0.135913
427 0.107597 0.0246491 0.0829484 0.132247
428 0.114247 0.0258082 0.0884393 0.140056
429 0.115595 0.0249333 0.0906612 0.140528
430 0.121475 0.0260856 0.0953892 0.14756
431 0.121731 0.0259269 0.0958045 0.147658
432 0.116706 0.0241568 0.0925496 0.140863
433 0.110869 0.0226942 0.0881748 0.133563
434 0.107426 0.0225939 0.0848325 0.13002
435 0.10687 0.0227855 0.084085 0.129656
436 0.102359 0.0215701 0.0807886 0.123929
437 0.10454 0.0217063 0.0828335 0.126246
438 0.106721 0.0240044 0.0827163 0.130725
439 0.114226 0.023147 0.0910791 0.137373
440 0.1129 0.0260409 0.0868595 0.138941
441 0.109629 0.0233802 0.0862486 0.133009
442 0.109843 0.0245151 0.0853276 0.134358
443 0.111147 0.0242208 0.0869262 0.135368
444 0.105074 0.0232346 0.0818397 0.128309
445 0.111917 0.0259248 0.085992 0.137842
446 0.109009 0.0254756 0.0835331 0.134484
447 0.113777 0.0265643 0.0872128 0.140341
448 0.116172 0.0276603 0.0885116 0.143832
449 0.115787 0.0236666 0.0921204 0.139454
450 0.115766 0.0246697 0.0910959 0.140435
451 0.113093 0.0233294 0.0897634 0.136422
452 0.112836 0.0236455 0.0891907 0.136482
453 0.111981 0.0231697 0.0888113 0.135151
454 0.11181 0.0250411 0.0867688 0.136851
455 0.110612 0.0244726 0.0861399 0.135085
456 0.111981 0.0223852 0.0895957 0.134366
457 0.109116 0.0234193 0.0856963 0.132535
458 0.110014 0.0220877 0.087926 0.132101
459 0.111617 0.0235679 0.0880495 0.135185
460 0.10903 0.0235832 0.0854469 0.132613
461 0.110228 0.024865 0.0853626 0.135092
462 0.10424 0.0228252 0.0814153 0.127066
463 0.106101 0.0234901 0.0826105 0.129591
464 0.100135 0.0228401 0.0772948 0.122975
465 0.0994935 0.0218352 0.0776583 0.121329
466 0.0994293 0.0224969 0.0769324 0.121926
467 0.099023 0.0218176 0.0772054 0.120841
468 0.0994079 0.0215278 0.0778802 0.120936
469 0.100413 0.0242399 0.076173 0.124653
470 0.102166 0.0222773 0.0798889 0.124444
471 0.0997287 0.0215596 0.078169 0.121288
472 0.0966923 0.0213205 0.0753718 0.118013
473 0.0999211 0.0229201 0.077001 0.122841
474 0.0996859 0.0220164 0.0776695 0.121702
475 0.0954949 0.0214612 0.0740337 0.116956
476 0.100712 0.0235844 0.0771279 0.124297
477 0.102829 0.0242892 0.0785399 0.127118
478 0.106614 0.0251659 0.081448 0.13178
479 0.108816 0.0243024 0.0845139 0.133119
480 0.113029 0.0242748 0.0887539 0.137303
481 0.11166 0.0230619 0.0885982 0.134722
482 0.11151 0.0221996 0.0893109 0.13371
483 0.106186 0.0232417 0.0829445 0.129428
484 0.103107 0.0232302 0.0798769 0.126337
485 0.0979111 0.0220884 0.0758228 0.12
486 0.0993865 0.0243959 0.0749907 0.123782
487 0.0933566 0.019619 0.0737376 0.112976
488 0.0917102 0.0193451 0.0723651 0.111055
489 0.0907266 0.016826 0.0739006 0.107553
490 0.0932925 0.0196284 0.0736641 0.112921
491 0.0906197 0.0169708 0.0736488 0.10759
492 0.0972269 0.0210226 0.0762042 0.118249
493 0.0976118 0.0192386 0.0783732 0.11685
494 0.0984029 0.0212345 0.0771684 0.119637
495 0.108389 0.0243644 0.0840243 0.132753
496 0.108838 0.0237166 0.0851211 0.132554
497 0.105053 0.0223864 0.0826665 0.127439
498 0.112259 0.0243907 0.0878682 0.13665
499 0.113242 0.0254382 0.0878043 0.138681
500 0.11243 0.0247754 0.0876545 0.137205
501 0.105416 0.0227029 0.0827135 0.128119
502 0.107255 0.0241083 0.0831471 0.131364
503 0.10826 0.0233368 0.0849236 0.131597
504 0.109415 0.024536 0.084879 0.133951
505 0.111511 0.0239149 0.0875956 0.135425
506 0.111254 0.0242515 0.0870024 0.135505
507 0.117348 0.0220266 0.0953214 0.139375
508 0.113969 0.0211576 0.0928119 0.135127
509 0.106058 0.0216977 0.0843602 0.127756
510 0.109629 0.0237177 0.0859111 0.133347
511 0.108945 0.0244395 0.0845051 0.133384
512 0.112366 0.0234987 0.0888671 0.135864
513 0.11089 0.0237007 0.0871897 0.134591
514 0.113456 0.0225771 0.0908792 0.136033
515 0.110249 0.0220017 0.0882472 0.132251
516 0.108068 0.0223908 0.085677 0.130459
517 0.10702 0.0223397 0.0846805 0.12936
518 0.105972 0.0215308 0.0844416 0.127503
519 0.104305 0.0215678 0.0827367 0.125872
520 0.133214 0.115781 0.0174333 0.248994
521 0.110463 0.0236891 0.0867737 0.134152
522 0.105994 0.0231787 0.082815 0.129173
523 0.109158 0.0250401 0.0841183 0.134199
524 0.107255 0.0223342 0.0849211 0.12959
525 0.107277 0.0221028 0.0851739 0.129379
526 0.111853 0.024467 0.0873856 0.13632
527 0.10841 0.0236807 0.0847293 0.132091
528 0.110249 0.0238658 0.0863831 0.134115
529 0.111061 0.0236821 0.0873793 0.134744
530 0.106186 0.0233418 0.0828444 0.129528
531 0.108645 0.0244924 0.0841528 0.133138
532 0.109607 0.0228889 0.0867186 0.132496
533 0.106892 0.0224591 0.0844328 0.129351
534 0.10516 0.0218764 0.0832834 0.127036
535 0.108111 0.0222226 0.0858881 0.130333
536 0.109009 0.0240959 0.0849129 0.133105
537 0.112131 0.0240102 0.0881204 0.136141
538 0.115808 0.0243355 0.0914729 0.140144
539 0.115252 0.0262293 0.0890231 0.141482
540 0.112858 0.0240928 0.0887648 0.13695
541 0.115894 0.0234563 0.0924377 0.13935
542 0.111596 0.0249522 0.0866439 0.136548
543 0.110399 0.024839 0.0855596 0.135238
544 0.111468 0.0241778 0.0872899 0.135646
545 0.112858 0.0245019 0.0883557 0.137359
546 0.11181 0.023754 0.0880559 0.135564
547 0.116728 0.0252911 0.0914368 0.142019
548 0.114034 0.0242522 0.0897814 0.138286
549 0.116706 0.0241076 0.0925989 0.140814
550 0.115039 0.0240035 0.0910351 0.139042
551 0.107277 0.0246123 0.0826645 0.131889
552 0.109843 0.0248184 0.0850243 0.134661
553 0.103171 0.022699 0.0804723 0.12587
554 0.109778 0.0234017 0.0863768 0.13318
555 0.106913 0.0231719 0.0837413 0.130085
556 0.107854 0.0243535 0.0835005 0.132208
557 0.104069 0.0230565 0.0810128 0.127126
558 0.1033 0.0216472 0.0816524 0.124947
559 0.0992796 0.0220866 0.077193 0.121366
560 0.10191 0.0253386 0.0765711 0.127248
561 0.0959225 0.0212682 0.0746543 0.117191
562 0.0973552 0.021027 0.0763282 0.118382
563 0.109094 0.0500507 0.0590435 0.159145
564 0.0964785 0.0206315 0.075847 0.11711
565 0.102166 0.0234781 0.0786882 0.125644
566 0.096115 0.0197962 0.0763188 0.115911
567 0.0970986 0.0230574 0.0740412 0.120156
568 0.104518 0.0249639 0.0795545 0.129482
569 0.101033 0.0228848 0.0781482 0.123918
570 0.102295 0.0250528 0.0772418 0.127347
571 0.0991941 0.0225343 0.0766598 0.121728
572 0.0992155 0.0215704 0.077645 0.120786
573 0.100841 0.0216756 0.079165 0.122516
574 0.10424 0.023753 0.0804874 0.127993
575 0.109308 0.0255597 0.0837484 0.134868
576 0.113157 0.0260603 0.0870966 0.139217
577 0.112879 0.0255468 0.0873321 0.138426
578 0.11583 0.0240986 0.0917311 0.139928
579 0.118374 0.0270183 0.091356 0.145393
580 0.119593 0.0255303 0.0940628 0.145123
581 0.121603 0.023996 0.0976071 0.145599
582 0.119443 0.0240937 0.0953498 0.143537
583 0.119358 0.024608 0.0947499 0.143966
584 0.119101 0.0276611 0.0914402 0.146762
585 0.111617 0.0243529 0.0872645 0.13597
586 0.115659 0.0267375 0.0889212 0.142396
587 0.112708 0.0245606 0.0881473 0.137269
588 0.117669 0.0264386 0.0912301 0.144107
589 0.110185 0.0241419 0.0860429 0.134327
590 0.109116 0.024394 0.0847217 0.13351
591 0.11352 0.0250673 0.0884531 0.138588
592 0.116022 0.0262267 0.0897955 0.142249
593 0.112986 0.0246532 0.0883327 0.137639
594 0.106892 0.0213914 0.0855005 0.128283
595 0.108923 0.0240355 0.0848877 0.132959
596 0.106293 0.0224945 0.0837986 0.128788
597 0.109864 0.0233426 0.0865215 0.133207
598 0.10563 0.0213124 0.0843179 0.126943
599 0.104839 0.0229081 0.081931 0.127747
600 0.107897 0.0232999 0.084597 0.131197
601 0.115146 0.024848 0.0902975 0.139994
602 0.116899 0.024944 0.0919549 0.141843
603 0.112965 0.0253877 0.0875768 0.138352
604 0.113948 0.0242538 0.0896943 0.138202
605 0.114525 0.0237548 0.0907707 0.13828
606 0.112836 0.0238787 0.0889575 0.136715
607 0.106806 0.0223384 0.0844679 0.129145
608 0.115188 0.0244893 0.090699 0.139678
609 0.11181 0.0260207 0.0857892 0.137831
610 0.113136 0.0219192 0.0912163 0.135055
611 0.113606 0.0226693 0.0909367 0.136275
612 0.11258 0.0229394 0.0896402 0.135519
613 0.110698 0.0228809 0.087817 0.133579
614 0.113585 0.0239865 0.0895981 0.137571
615 0.112858 0.0232424 0.0896152 0.1361
616 0.110976 0.0223783 0.0885976 0.133354
617 0.110099 0.0226258 0.0874734 0.132725
618 0.110826 0.0235128 0.0873134 0.134339
619 0.106764 0.0225102 0.0842533 0.129274
620 0.105395 0.0227471 0.0826479 0.128142
621 0.102701 0.0221734 0.0805275 0.124874
622 0.10424 0.0227155 0.0815249 0.126956
623 0.103706 0.0224778 0.081228 0.126184
624 0.10392 0.0232039 0.0807158 0.127123
625 0.106486 0.0237688 0.0827168 0.130254
626 0.105502 0.0228401 0.0826619 0.128342
627 0.106507 0.0229815 0.0835255 0.129488
628 0.111895 0.0248699 0.0870255 0.136765
629 0.109992 0.0246209 0.0853714 0.134613
630 0.106849 0.0240207 0.0828284 0.13087
631 0.109158 0.0240278 0.0851306 0.133186
632 0.110334 0.0234126 0.0869219 0.133747
633 0.110334 0.0239531 0.0863813 0.134288
634 0.106571 0.023612 0.0829591 0.130183
635 0.107213 0.0238372 0.0833753 0.13105
636 0.10392 0.0227176 0.0812021 0.126637
637 0.104112 0.022587 0.0815251 0.126699
638 0.104305 0.0233734 0.0809311 0.127678
639 0.105352 0.0235866 0.0817657 0.128939
640 0.107148 0.0241654 0.082983 0.131314
641 0.107384 0.0231751 0.0842086 0.130559
642 0.100648 0.0238925 0.0767557 0.124541
643 0.103193 0.02337 0.0798226 0.126563
644 0.105416 0.0248442 0.0805722 0.130261
645 0.0993865 0.0223836 0.0770029 0.12177
646 0.0993438 0.0226572 0.0766866 0.122001
647 0.101033 0.0214223 0.0796107 0.122455
648 0.0954735 0.0203173 0.0751562 0.115791
649 0.0984243 0.0231238 0.0753005 0.121548
650 0.0963288 0.020687 0.0756418 0.117016
651 0.102337 0.0243781 0.0779592 0.126715
652 0.101247 0.0230476 0.0781992 0.124294
653 0.105737 0.0210907 0.0846465 0.126828
654 0.10841 0.0223043 0.0861057 0.130714
655 0.104796 0.022727 0.0820693 0.127523
656 0.101354 0.0225799 0.0787738 0.123934
657 0.0995362 0.0220886 0.0774477 0.121625
658 0.0949389 0.0195049 0.075434 0.114444
659 0.0948962 0.0191543 0.0757419 0.11405
660 0.0980394 0.0219123 0.0761271 0.119952
661 0.0942975 0.0189125 0.075385 0.11321
662 0.0965854 0.0195911 0.0769943 0.116177
663 0.0978042 0.0207705 0.0770337 0.118575
664 0.103086 0.0231559 0.0799298 0.126242
665 0.109586 0.024237 0.0853491 0.133823
666 0.114803 0.0246973 0.0901061 0.139501
667 0.111724 0.024089 0.0876353 0.135813
668 0.0996645 0.0205396 0.0791249 0.120204
669 0.0998997 0.0231721 0.0767276 0.123072
670 0.0954949 0.0197907 0.0757042 0.115286
671 0.0996645 0.021458 0.0782065 0.121122
672 0.104925 0.0250128 0.0799118 0.129937
673 0.104133 0.0232273 0.0809062 0.127361
674 0.109094 0.0224116 0.0866827 0.131506
675 0.10439 0.0231581 0.081232 0.127548
676 0.104604 0.0235723 0.0810316 0.128176
677 0.107063 0.0275865 0.0794764 0.134649
678 0.107597 0.0228686 0.0847289 0.130466
679 0.111532 0.0212581 0.0902738 0.13279
680 0.109009 0.0220658 0.086943 0.131074
681 0.104946 0.0225801 0.0823659 0.127526
682 0.100969 0.0242849 0.076684 0.125254
683 0.100947 0.0225918 0.0783556 0.123539
684 0.0952169 0.0205671 0.0746498 0.115784
685 0.0940623 0.0203243 0.073738 0.114387
686 0.0969275 0.0221961 0.0747315 0.119124
687 0.0940622 0.0208783 0.073184 0.114941
688 0.0988733 0.0219535 0.0769199 0.120827
689 0.102273 0.023285 0.0789882 0.125558
690 0.105438 0.0238726 0.0815652 0.12931
691 0.111019 0.0252726 0.0857461 0.136291
692 0.109201 0.0235327 0.0856685 0.132734
693 0.112045 0.0239321 0.0881129 0.135977
694 0.115958 0.0263433 0.0896148 0.142301
695 0.112515 0.024993 0.0875225 0.137508
696 0.108025 0.0238856 0.0841395 0.131911
697 0.104369 0.022625 0.0817437 0.126994
698 0.104347 0.0228116 0.0815357 0.127159
699 0.109479 0.024959 0.0845202 0.134438
700 0.103535 0.0227525 0.0807822 0.126287
701 0.102615 0.0226638 0.0799515 0.125279
702 0.100178 0.0212681 0.0789096 0.121446
703 0.102466 0.022851 0.0796146 0.125317
704 0.10129 0.0240177 0.0772719 0.125307
705 0.0973338 0.0204288 0.076905 0.117763
706 0.0981677 0.0210718 0.0770959 0.11924
707 0.09975 0.0214449 0.0783051 0.121195
708 0.102573 0.0226286 0.079944 0.125201
709 0.104668 0.0241527 0.0805154 0.128821
710 0.10362 0.0235598 0.0800605 0.12718
711 0.109672 0.0262261 0.0834454 0.135898
712 0.0940836 0.019699 0.0743846 0.113783
713 0.0935705 0.0189666 0.0746039 0.112537
714 0.0913894 0.0186802 0.0727092 0.11007
715 0.0906196 0.018188 0.0724316 0.108808
716 0.0861934 0.0137086 0.0724848 0.099902
717 0.100199 0.022808 0.0773911 0.123007
718 0.107127 0.0311901 0.075937 0.138317
719 0.10717 0.0235047 0.0836651 0.130675
720 0.103941 0.0228778 0.0810632 0.126819
721 0.0974193 0.0209234 0.076496 0.118343
722 0.0957301 0.0208571 0.0748729 0.116587
723 0.093378 0.0195172 0.0738608 0.112895
724 0.0956446 0.0198287 0.0758159 0.115473
725 0.0916674 0.0182269 0.0734405 0.109894
726 0.0897644 0.015932 0.0738324 0.105696
727 0.0953666 0.0222133 0.0731534 0.11758
728 0.0930359 0.0206758 0.0723601 0.113712
729 0.0953025 0.0202697 0.0750328 0.115572
730 0.0907052 0.0186051 0.0721001 0.10931
731 0.103171 0.0242351 0.0789362 0.127406
732 0.106037 0.0250961 0.0809404 0.131133
733 0.103535 0.0246121 0.0789226 0.128147
734 0.106293 0.0243009 0.0819923 0.130594
735 0.109693 0.02495 0.084743 0.134643
736 0.106571 0.0239747 0.0825964 0.130546
737 0.104839 0.0245881 0.080251 0.129427
738 0.104454 0.0218898 0.0825644 0.126344
739 0.102102 0.022345 0.0797571 0.124447
740 0.095388 0.0196778 0.0757102 0.115066
741 0.0997073 0.0203983 0.079309 0.120106
742 0.103428 0.0257383 0.0776896 0.129166
743 0.103813 0.0231636 0.0806492 0.126976
744 0.107512 0.0243591 0.0831529 0.131871
745 0.103556 0.0234108 0.0801454 0.126967
746 0.102851 0.0245651 0.0782854 0.127416
747 0.0985098 0.0214669 0.077043 0.119977
748 0.095559 0.0200521 0.075507 0.115611
749 0.0958798 0.0191045 0.0767753 0.114984
750 0.098018 0.0220897 0.0759284 0.120108
751 0.0996431 0.0232177 0.0764255 0.122861
752 0.101931 0.0235121 0.078419 0.125443
753 0.105673 0.0241883 0.0814848 0.129861
754 0.103449 0.0235768 0.0798724 0.127026
755 0.100905 0.0218168 0.0790879 0.122721
756 0.104668 0.024301 0.080367 0.128969
757 0.0975476 0.0206432 0.0769044 0.118191
758 0.095388 0.0201907 0.0751973 0.115579
759 0.0975262 0.0210536 0.0764727 0.11858
760 0.102936 0.0237804 0.0791557 0.126716
761 0.10161 0.0229094 0.0787009 0.12452
762 0.103706 0.0233983 0.0803075 0.127104
763 0.10315 0.0221834 0.0809664 0.125333
764 0.105823 0.02513 0.0806927 0.130953
765 0.101846 0.0236312 0.0782144 0.125477
766 0.098018 0.022025 0.075993 0.120043
767 0.0981891 0.0223963 0.0757928 0.120585
768 0.09975 0.0217283 0.0780217 0.121478
769 0.0994935 0.0208242 0.0786692 0.120318
770 0.102359 0.0240865 0.0782722 0.126445
771 0.104005 0.0231026 0.0809026 0.127108
772 0.103684 0.0237413 0.0799432 0.127426
773 0.103749 0.0229532 0.0807954 0.126702
774 0.107448 0.0227662 0.0846816 0.130214
775 0.106849 0.0240804 0.0827686 0.13093
776 0.104882 0.0227718 0.0821101 0.127654
777 0.102316 0.023033 0.079283 0.125349
778 0.101717 0.0231005 0.0786167 0.124818
779 0.103834 0.0231694 0.0806648 0.127003
780 0.105545 0.0246766 0.0808682 0.130221
781 0.104027 0.0227646 0.081262 0.126791
782 0.101781 0.0220048 0.0797766 0.123786
783 0.0986381 0.0214839 0.0771543 0.120122
784 0.0982746 0.0213923 0.0768824 0.119667
785 0.0999639 0.0233515 0.0766123 0.123315
786 0.104005 0.0239786 0.0800266 0.127984
787 0.105416 0.0231808 0.0822356 0.128597
788 0.107042 0.023406 0.0836355 0.130448
789 0.104476 0.0230259 0.0814497 0.127501
790 0.101054 0.0218865 0.0791679 0.122941
791 0.102209 0.0231004 0.0791087 0.125309
792 0.09913 0.0220677 0.0770622 0.121198
793 0.102786 0.0234607 0.0793257 0.126247
794 0.106486 0.0237002 0.0827853 0.130186
795 0.104433 0.0237883 0.0806445 0.128221
796 0.109415 0.0246319 0.0847831 0.134047
797 0.110762 0.0228792 0.0878829 0.133641
798 0.108153 0.0227907 0.0853627 0.130944
799 0.109415 0.0219421 0.0874729 0.131357
