# ../output/graphs/perf_serial76BIPED
# step - mean (0.244623) - standard deviation (0.0209407) r=20 - ylow - yhigh
0 0.259975 0.0130074 0.246968 0.272983
1 0.263549 0.0129502 0.250598 0.276499
2 0.258909 0.00707982 0.251829 0.265989
3 0.269209 0.0193535 0.249856 0.288563
4 0.261462 0.0129278 0.248534 0.274389
5 0.256672 0.0107828 0.245889 0.267455
6 0.256612 0.013057 0.243555 0.269669
7 0.2446 0.0118812 0.232719 0.256482
8 0.246687 0.0147858 0.231902 0.261473
9 0.244901 0.0119553 0.232945 0.256856
10 0.242558 0.0100947 0.232464 0.252653
11 0.246267 0.0162284 0.230039 0.262495
12 0.243069 0.0122046 0.230864 0.255274
13 0.245306 0.0120085 0.233298 0.257315
14 0.245501 0.0122544 0.233247 0.257756
15 0.251252 0.0202828 0.230969 0.271535
16 0.250336 0.0156079 0.234728 0.265944
17 0.248234 0.0155983 0.232635 0.263832
18 0.250546 0.0144885 0.236058 0.265035
19 0.241057 0.00674406 0.234313 0.247801
20 0.249645 0.0152402 0.234405 0.264885
21 0.242904 0.00915162 0.233752 0.252055
22 0.24403 0.00953117 0.234499 0.253561
23 0.233595 0.00534051 0.228254 0.238935
24 0.237393 0.0127028 0.224691 0.250096
25 0.245561 0.0179441 0.227617 0.263505
26 0.241267 0.0101649 0.231102 0.251432
27 0.241312 0.0137112 0.227601 0.255023
28 0.243249 0.010152 0.233097 0.253401
29 0.239135 0.00983843 0.229297 0.248974
30 0.232754 0.00287228 0.229882 0.235626
31 0.24445 0.0197213 0.224729 0.264172
32 0.238144 0.0115056 0.226639 0.24965
33 0.241627 0.00967251 0.231955 0.2513
34 0.256537 0.0234967 0.23304 0.280034
35 0.270635 0.017841 0.252794 0.288476
36 0.256267 0.00772589 0.248541 0.263992
37 0.260981 0.0134491 0.247532 0.27443
38 0.260591 0.00868225 0.251908 0.269273
39 0.263849 0.0143337 0.249515 0.278183
40 0.267903 0.0337212 0.234182 0.301624
41 0.261597 0.0137115 0.247885 0.275308
42 0.259029 0.010577 0.248452 0.269606
43 0.267062 0.0197889 0.247273 0.286851
44 0.261296 0.0153286 0.245968 0.276625
45 0.261732 0.0205632 0.241169 0.282295
46 0.263519 0.0266381 0.23688 0.290157
47 0.264735 0.019838 0.244897 0.284573
48 0.262092 0.0146135 0.247479 0.276706
49 0.257873 0.00952909 0.248344 0.267402
50 0.260666 0.0118302 0.248836 0.272496
51 0.267422 0.0171026 0.25032 0.284525
52 0.27002 0.0253303 0.244689 0.29535
53 0.262017 0.0186937 0.243323 0.280711
54 0.261807 0.0109662 0.250841 0.272773
55 0.265591 0.0234582 0.242132 0.289049
56 0.258354 0.0130621 0.245291 0.271416
57 0.262092 0.0115284 0.250564 0.273621
58 0.263939 0.014146 0.249793 0.278085
59 0.263053 0.0115223 0.251531 0.274575
60 0.257348 0.00825986 0.249088 0.265607
61 0.260951 0.01083 0.250121 0.271781
62 0.259735 0.0118663 0.247869 0.271601
63 0.263864 0.014275 0.249589 0.278139
64 0.261086 0.007991 0.253095 0.269077
65 0.260846 0.0110958 0.24975 0.271942
66 0.257708 0.00824762 0.24946 0.265956
67 0.264329 0.0150225 0.249307 0.279352
68 0.260846 0.0163536 0.244492 0.2772
69 0.25999 0.0156907 0.2443 0.275681
70 0.261131 0.0191953 0.241936 0.280327
71 0.257032 0.00798253 0.24905 0.265015
72 0.26026 0.0145896 0.245671 0.27485
73 0.263248 0.020981 0.242267 0.284229
74 0.257212 0.00978061 0.247432 0.266993
75 0.264209 0.0179598 0.246249 0.282169
76 0.263293 0.0229788 0.240315 0.286272
77 0.262753 0.0174403 0.245313 0.280193
78 0.263864 0.0107137 0.25315 0.274578
79 0.261912 0.0127492 0.249163 0.274661
80 0.265576 0.0161854 0.24939 0.281761
81 0.26514 0.0151277 0.250012 0.280268
82 0.262032 0.00985543 0.252177 0.271888
83 0.262573 0.0122665 0.250306 0.274839
84 0.261221 0.00901512 0.252206 0.270236
85 0.258804 0.00727374 0.25153 0.266078
86 0.257122 0.0083066 0.248816 0.265429
87 0.260125 0.0110647 0.249061 0.27119
88 0.266326 0.0189067 0.24742 0.285233
89 0.262077 0.0148823 0.247195 0.276959
90 0.265876 0.0233617 0.242514 0.289238
91 0.259585 0.0122345 0.24735 0.271819
92 0.260801 0.0131407 0.24766 0.273942
93 0.261567 0.0114711 0.250096 0.273038
94 0.255306 0.00868588 0.24662 0.263992
95 0.255831 0.00741262 0.248419 0.263244
96 0.270065 0.0149196 0.255145 0.284984
97 0.259239 0.0106609 0.248579 0.2699
98 0.254014 0.0129054 0.241109 0.26692
99 0.25466 0.0144768 0.240183 0.269137
100 0.250456 0.0179713 0.232485 0.268427
101 0.257002 0.0108409 0.246161 0.267843
102 0.249991 0.00982248 0.240168 0.259813
103 0.247889 0.00720225 0.240686 0.255091
104 0.261056 0.0194397 0.241617 0.280496
105 0.259074 0.0092462 0.249828 0.26832
106 0.25448 0.00440768 0.250072 0.258888
107 0.259029 0.00965483 0.249374 0.268684
108 0.252438 0.0110367 0.241401 0.263475
109 0.250696 0.0120682 0.238628 0.262764
110 0.261011 0.0174474 0.243564 0.278459
111 0.251372 0.0101113 0.241261 0.261483
112 0.261777 0.00776633 0.254011 0.269543
113 0.263218 0.00989336 0.253325 0.273112
114 0.260531 0.0115079 0.249023 0.272039
115 0.260891 0.0085208 0.25237 0.269412
116 0.25466 0.00798592 0.246674 0.262646
117 0.263729 0.0136606 0.250068 0.277389
118 0.258924 0.00896194 0.249962 0.267886
119 0.270125 0.0479334 0.222191 0.318058
120 0.263954 0.0123747 0.251579 0.276329
121 0.263338 0.0259489 0.237389 0.289287
122 0.258248 0.0155919 0.242657 0.27384
123 0.263323 0.0176124 0.245711 0.280936
124 0.256477 0.00831692 0.24816 0.264794
125 0.259975 0.0143033 0.245672 0.274278
126 0.252858 0.00648615 0.246372 0.259344
127 0.258534 0.0122076 0.246326 0.270741
128 0.26466 0.0116136 0.253046 0.276273
129 0.264479 0.0154355 0.249044 0.279915
130 0.258339 0.0121552 0.246183 0.270494
131 0.256927 0.0172378 0.239689 0.274165
132 0.255516 0.010337 0.245179 0.265853
133 0.25427 0.0105023 0.243767 0.264772
134 0.258474 0.0136923 0.244781 0.272166
135 0.25966 0.0148128 0.244847 0.274473
136 0.257047 0.0126966 0.244351 0.269744
137 0.258744 0.0165244 0.24222 0.275268
138 0.257798 0.0124435 0.245355 0.270242
139 0.25436 0.0105979 0.243762 0.264958
140 0.253999 0.00963 0.244369 0.263629
141 0.256477 0.0162644 0.240212 0.272741
142 0.254074 0.0100545 0.24402 0.264129
143 0.253729 0.0135068 0.240222 0.267236
144 0.252108 0.00788307 0.244225 0.259991
145 0.250111 0.00592179 0.244189 0.256032
146 0.253909 0.0108206 0.243089 0.26473
147 0.257438 0.0111739 0.246264 0.268612
148 0.257122 0.0107497 0.246373 0.267872
149 0.259375 0.0175634 0.241811 0.276938
150 0.251312 0.0117485 0.239563 0.26306
151 0.258924 0.0142471 0.244677 0.273171
152 0.257032 0.01451 0.242522 0.271542
153 0.258309 0.0137955 0.244513 0.272104
154 0.264464 0.0189073 0.245557 0.283372
155 0.26026 0.0165241 0.243736 0.276785
156 0.255366 0.0181028 0.237263 0.273469
157 0.25478 0.0112275 0.243553 0.266008
158 0.253999 0.0109892 0.24301 0.264989
159 0.258309 0.0127422 0.245566 0.271051
160 0.261582 0.0133883 0.248193 0.27497
161 0.260381 0.0207029 0.239678 0.281083
162 0.261807 0.0289121 0.232895 0.290719
163 0.258008 0.0164301 0.241578 0.274438
164 0.256987 0.0152615 0.241726 0.272249
165 0.265035 0.0240286 0.241006 0.289064
166 0.262588 0.0160834 0.246504 0.278671
167 0.257678 0.0096546 0.248023 0.267333
168 0.265425 0.0181044 0.247321 0.28353
169 0.259134 0.0145476 0.244587 0.273682
170 0.253459 0.00757626 0.245883 0.261035
171 0.258263 0.0112772 0.246986 0.269541
172 0.256056 0.00885883 0.247198 0.264915
173 0.253354 0.00733781 0.246016 0.260692
174 0.257738 0.011413 0.246325 0.269151
175 0.263143 0.0130728 0.25007 0.276216
176 0.266131 0.0176877 0.248443 0.283819
177 0.257573 0.0104929 0.24708 0.268066
178 0.260561 0.0110133 0.249547 0.271574
179 0.255696 0.0082125 0.247484 0.263909
180 0.255471 0.00933694 0.246134 0.264808
181 0.258624 0.00860414 0.25002 0.267228
182 0.256492 0.0147998 0.241692 0.271292
183 0.261296 0.021188 0.240108 0.282484
184 0.255591 0.0106821 0.244909 0.266273
185 0.260245 0.0112559 0.248989 0.271501
186 0.255606 0.011036 0.24457 0.266642
187 0.256507 0.00858774 0.247919 0.265095
188 0.255456 0.0111626 0.244293 0.266618
189 0.257107 0.0124815 0.244626 0.269589
190 0.261912 0.0222513 0.239661 0.284163
191 0.261341 0.0179871 0.243354 0.279329
192 0.265951 0.0212158 0.244735 0.287167
193 0.25978 0.0139884 0.245792 0.273768
194 0.25972 0.0116367 0.248083 0.271357
195 0.258954 0.00840287 0.250551 0.267357
196 0.264119 0.0134717 0.250647 0.277591
197 0.259179 0.00929388 0.249886 0.268473
198 0.252918 0.00892817 0.24399 0.261847
199 0.247708 0.0202792 0.227429 0.267987
200 0.253444 0.0176211 0.235823 0.271065
201 0.243309 0.00864492 0.234664 0.251954
202 0.243459 0.0106401 0.232819 0.254099
203 0.24951 0.0158446 0.233665 0.265355
204 0.245171 0.0142808 0.23089 0.259452
205 0.242363 0.0109726 0.231391 0.253336
206 0.248459 0.0220743 0.226385 0.270533
207 0.251522 0.0157202 0.235802 0.267242
208 0.246372 0.0110339 0.235338 0.257406
209 0.243219 0.0140882 0.229131 0.257307
210 0.252318 0.018391 0.233927 0.270709
211 0.239616 0.00591613 0.233699 0.245532
212 0.241582 0.00728874 0.234294 0.248871
213 0.246792 0.0126803 0.234112 0.259473
214 0.247258 0.0144449 0.232813 0.261703
215 0.245336 0.0116712 0.233665 0.257007
216 0.249165 0.0279615 0.221203 0.277126
217 0.239991 0.00670297 0.233288 0.246694
218 0.250546 0.0204729 0.230073 0.271019
219 0.237363 0.00989609 0.227467 0.247259
220 0.241027 0.0152992 0.225728 0.256326
221 0.23939 0.013805 0.225585 0.253195
222 0.23867 0.0134788 0.225191 0.252148
223 0.245982 0.0149531 0.231029 0.260935
224 0.246027 0.0208096 0.225217 0.266836
225 0.239646 0.0129968 0.226649 0.252642
226 0.238129 0.00934907 0.22878 0.247478
227 0.235922 0.00812129 0.227801 0.244043
228 0.238309 0.0109061 0.227403 0.249215
229 0.237739 0.0102019 0.227537 0.247941
230 0.235637 0.0103332 0.225304 0.24597
231 0.247423 0.0104073 0.237016 0.25783
232 0.246567 0.0110565 0.235511 0.257624
233 0.24957 0.0123232 0.237247 0.261893
234 0.258143 0.0280937 0.23005 0.286237
235 0.246357 0.00883503 0.237522 0.255192
236 0.247603 0.0127099 0.234893 0.260313
237 0.248174 0.016231 0.231943 0.264405
238 0.24954 0.0195035 0.230037 0.269044
239 0.247633 0.0131817 0.234452 0.260815
240 0.248414 0.0124114 0.236003 0.260825
241 0.246072 0.00811084 0.237961 0.254183
242 0.247979 0.0129566 0.235022 0.260935
243 0.243955 0.00871221 0.235243 0.252667
244 0.253564 0.0273691 0.226195 0.280933
245 0.244045 0.00631899 0.237726 0.250364
246 0.245832 0.0118286 0.234003 0.25766
247 0.24972 0.0163003 0.23342 0.266021
248 0.244811 0.00668497 0.238126 0.251496
249 0.250111 0.0113995 0.238711 0.26151
250 0.24912 0.0121913 0.236928 0.261311
251 0.245546 0.0133941 0.232152 0.25894
252 0.246132 0.0095614 0.23657 0.255693
253 0.248279 0.0138763 0.234403 0.262155
254 0.248309 0.0117185 0.23659 0.260027
255 0.253654 0.0168657 0.236788 0.27052
256 0.24933 0.00780757 0.241522 0.257137
257 0.24921 0.0138975 0.235312 0.263107
258 0.24379 0.00637736 0.237412 0.250167
259 0.246297 0.00993208 0.236365 0.256229
260 0.250921 0.0144118 0.23651 0.265333
261 0.247078 0.0139153 0.233162 0.260993
262 0.246612 0.00904457 0.237568 0.255657
263 0.249075 0.0141316 0.234943 0.263206
264 0.248804 0.0154803 0.233324 0.264285
265 0.248699 0.0146184 0.234081 0.263318
266 0.247123 0.00893049 0.238192 0.256053
267 0.250141 0.0148748 0.235266 0.265015
268 0.248834 0.0124199 0.236415 0.261254
269 0.248955 0.0117599 0.237195 0.260714
270 0.25957 0.0259176 0.233652 0.285487
271 0.245591 0.00846169 0.23713 0.254053
272 0.253579 0.0156206 0.237958 0.2692
273 0.255065 0.0125168 0.242549 0.267582
274 0.247528 0.0106385 0.23689 0.258167
275 0.245967 0.00813495 0.237832 0.254102
276 0.251147 0.0165664 0.23458 0.267713
277 0.248384 0.0151731 0.233211 0.263557
278 0.243084 0.0145057 0.228578 0.25759
279 0.242483 0.0130729 0.22941 0.255556
280 0.23852 0.00848714 0.230032 0.247007
281 0.241733 0.014807 0.226926 0.25654
282 0.241072 0.0108323 0.23024 0.251904
283 0.239751 0.0107138 0.229037 0.250464
284 0.240051 0.0144882 0.225563 0.254539
285 0.243129 0.0150304 0.228099 0.258159
286 0.236718 0.00711317 0.229605 0.243831
287 0.241042 0.0111046 0.229937 0.252147
288 0.241492 0.0139657 0.227527 0.255458
289 0.241913 0.0138668 0.228046 0.25578
290 0.23948 0.0105514 0.228929 0.250032
291 0.238715 0.0129798 0.225735 0.251694
292 0.241162 0.011208 0.229954 0.25237
293 0.238955 0.00964806 0.229307 0.248603
294 0.242919 0.0172833 0.225635 0.260202
295 0.229135 0.0128976 0.216238 0.242033
296 0.232979 0.012397 0.220582 0.245376
297 0.243294 0.0171695 0.226125 0.260464
298 0.244856 0.0156621 0.229193 0.260518
299 0.24978 0.0220608 0.22772 0.271841
300 0.242258 0.00874345 0.233515 0.251002
301 0.234646 0.00295048 0.231695 0.237596
302 0.242033 0.0134317 0.228601 0.255465
303 0.24993 0.0147763 0.235154 0.264707
304 0.241597 0.00949857 0.232099 0.251096
305 0.244841 0.0104111 0.234429 0.255252
306 0.242904 0.00966207 0.233242 0.252566
307 0.243925 0.0102851 0.23364 0.25421
308 0.256582 0.0138948 0.242687 0.270477
309 0.253654 0.0104097 0.243244 0.264064
310 0.253924 0.0104884 0.243436 0.264413
311 0.247558 0.0114013 0.236157 0.258959
312 0.255186 0.0174797 0.237706 0.272665
313 0.252453 0.0121564 0.240297 0.264609
314 0.252528 0.01197 0.240558 0.264498
315 0.245877 0.0124913 0.233385 0.258368
316 0.255336 0.0189801 0.236356 0.274316
317 0.245246 0.00838183 0.236864 0.253628
318 0.248639 0.0140899 0.234549 0.262729
319 0.248849 0.0124871 0.236362 0.261337
320 0.238339 0.0128027 0.225537 0.251142
321 0.241552 0.01557 0.225982 0.257122
322 0.237874 0.0168495 0.221024 0.254723
323 0.237559 0.0105058 0.227053 0.248064
324 0.237814 0.0139995 0.223814 0.251813
325 0.241808 0.0198463 0.221961 0.261654
326 0.287482 0.230959 0.0565224 0.518441
327 0.236012 0.0123595 0.223653 0.248372
328 0.239601 0.0137783 0.225822 0.253379
329 0.235907 0.00887932 0.227028 0.244786
330 0.235892 0.00859817 0.227294 0.24449
331 0.234826 0.0081078 0.226718 0.242934
332 0.234045 0.00995828 0.224087 0.244003
333 0.237453 0.0125788 0.224875 0.250032
334 0.232439 0.0104337 0.222005 0.242872
335 0.235156 0.01343 0.221726 0.248586
336 0.236838 0.0113006 0.225537 0.248139
337 0.234616 0.0118358 0.22278 0.246452
338 0.239075 0.0137223 0.225353 0.252797
339 0.232108 0.00889255 0.223216 0.241001
340 0.242318 0.01251 0.229808 0.254828
341 0.232183 0.00994659 0.222237 0.24213
342 0.23373 0.0105355 0.223194 0.244265
343 0.231147 0.00554753 0.2256 0.236695
344 0.234315 0.00979149 0.224524 0.244107
345 0.237979 0.0150401 0.222939 0.253019
346 0.23352 0.0119042 0.221615 0.245424
347 0.23918 0.0235581 0.215622 0.262738
348 0.234481 0.0104362 0.224044 0.244917
349 0.23897 0.0164578 0.222512 0.255428
350 0.241387 0.0147491 0.226638 0.256136
351 0.230547 0.00722934 0.223317 0.237776
352 0.234661 0.00974875 0.224912 0.24441
353 0.235532 0.0133314 0.2222 0.248863
354 0.236417 0.0101926 0.226225 0.24661
355 0.234436 0.0117808 0.222655 0.246216
356 0.237979 0.0129947 0.224984 0.250974
357 0.240021 0.0404974 0.199524 0.280518
358 0.238595 0.013591 0.225004 0.252186
359 0.235982 0.0133597 0.222622 0.249342
360 0.233625 0.00880057 0.224824 0.242425
361 0.235667 0.0110951 0.224572 0.246762
362 0.236808 0.012501 0.224307 0.249309
363 0.237874 0.0168802 0.220994 0.254754
364 0.232499 0.00721686 0.225282 0.239716
365 0.236988 0.010654 0.226334 0.247642
366 0.235997 0.010361 0.225636 0.246358
367 0.234841 0.00736747 0.227473 0.242208
368 0.237468 0.0125266 0.224942 0.249995
369 0.236237 0.00893182 0.227305 0.245169
370 0.237739 0.0132076 0.224531 0.250946
371 0.237859 0.0111033 0.226756 0.248962
372 0.237724 0.010798 0.226926 0.248522
373 0.240306 0.0146567 0.22565 0.254963
374 0.233475 0.00666851 0.226806 0.240143
375 0.236463 0.00978061 0.226682 0.246243
376 0.243684 0.022465 0.221219 0.26615
377 0.236538 0.0203867 0.216151 0.256924
378 0.232183 0.00825746 0.223926 0.240441
379 0.240576 0.0136495 0.226927 0.254226
380 0.244 0.0222914 0.221708 0.266291
381 0.236372 0.0133006 0.223072 0.249673
382 0.234225 0.00926964 0.224956 0.243495
383 0.236072 0.00979572 0.226276 0.245868
384 0.235351 0.00926618 0.226085 0.244618
385 0.241192 0.0118519 0.22934 0.253044
386 0.238039 0.0180284 0.220011 0.256067
387 0.235186 0.0135172 0.221669 0.248703
388 0.239435 0.0149471 0.224488 0.254382
389 0.237363 0.0104462 0.226917 0.24781
390 0.234931 0.010167 0.224764 0.245098
391 0.235066 0.00804449 0.227022 0.243111
392 0.247258 0.0195173 0.227741 0.266775
393 0.236523 0.00538621 0.231136 0.241909
394 0.237484 0.0186707 0.218813 0.256154
395 0.236177 0.0143117 0.221866 0.250489
396 0.24427 0.0095563 0.234714 0.253826
397 0.242213 0.00894659 0.233266 0.25116
398 0.246087 0.016307 0.22978 0.262394
399 0.241267 0.0133949 0.227872 0.254662
400 0.244916 0.0125869 0.232329 0.257503
401 0.242979 0.0103894 0.232589 0.253368
402 0.246582 0.0129881 0.233594 0.25957
403 0.239961 0.00966487 0.230296 0.249626
404 0.24457 0.0177931 0.226777 0.262363
405 0.24475 0.0140349 0.230716 0.258785
406 0.241207 0.00921494 0.231992 0.250422
407 0.242799 0.00987557 0.232923 0.252674
408 0.240006 0.0124331 0.227573 0.252439
409 0.248459 0.0171271 0.231332 0.265586
410 0.226553 0.00770256 0.21885 0.234256
411 0.228145 0.0104066 0.217738 0.238551
412 0.229946 0.0118532 0.218093 0.241799
413 0.233565 0.0147318 0.218833 0.248297
414 0.230922 0.00997258 0.22095 0.240895
415 0.230997 0.0112926 0.219705 0.24229
416 0.232634 0.0168778 0.215756 0.249512
417 0.22906 0.0144084 0.214652 0.243469
418 0.222664 0.00682621 0.215838 0.22949
419 0.225487 0.0128139 0.212673 0.238301
420 0.227964 0.0113652 0.216599 0.23933
421 0.225367 0.0103094 0.215057 0.235676
422 0.226283 0.0138369 0.212446 0.24012
423 0.226793 0.0117143 0.215079 0.238508
424 0.224961 0.00720273 0.217759 0.232164
425 0.234451 0.0216395 0.212811 0.25609
426 0.227979 0.0168434 0.211136 0.244823
427 0.237799 0.0155226 0.222276 0.253321
428 0.234105 0.00642745 0.227678 0.240533
429 0.237559 0.0115878 0.225971 0.249146
430 0.240591 0.0149309 0.225661 0.255522
431 0.239105 0.0158161 0.223289 0.254921
432 0.236913 0.00815741 0.228756 0.24507
433 0.239556 0.0119528 0.227603 0.251508
434 0.24436 0.0221689 0.222191 0.266529
435 0.235487 0.0105579 0.224929 0.246044
436 0.235577 0.00991022 0.225666 0.245487
437 0.231823 0.00849558 0.223327 0.240319
438 0.235637 0.0129654 0.222671 0.248602
439 0.237183 0.0135351 0.223648 0.250718
440 0.231733 0.00947938 0.222254 0.241212
441 0.236883 0.0120671 0.224816 0.24895
442 0.240967 0.016589 0.224378 0.257556
443 0.23412 0.00893494 0.225185 0.243055
444 0.232994 0.00582506 0.227169 0.238819
445 0.23852 0.0201295 0.21839 0.258649
446 0.239886 0.0119793 0.227906 0.251865
447 0.236282 0.0100681 0.226214 0.24635
448 0.238084 0.0135428 0.224541 0.251627
449 0.241237 0.0112499 0.229987 0.252487
450 0.249795 0.0271168 0.222679 0.276912
451 0.257528 0.0380202 0.219508 0.295548
452 0.252513 0.0144423 0.238071 0.266955
453 0.250486 0.0118909 0.238595 0.262377
454 0.255246 0.0160934 0.239152 0.271339
455 0.253159 0.0115271 0.241631 0.264686
456 0.247543 0.00793143 0.239612 0.255475
457 0.246717 0.0102259 0.236492 0.256943
458 0.237814 0.0162505 0.221563 0.254064
459 0.245696 0.0259882 0.219708 0.271685
460 0.238249 0.0112836 0.226966 0.249533
461 0.23942 0.0124832 0.226937 0.251904
462 0.238414 0.0140593 0.224355 0.252474
463 0.237829 0.0104477 0.227381 0.248277
464 0.236613 0.00779623 0.228816 0.244409
465 0.23936 0.00988398 0.229476 0.249244
466 0.236327 0.00723566 0.229092 0.243563
467 0.241522 0.0138384 0.227684 0.255361
468 0.239691 0.0107517 0.228939 0.250442
469 0.256026 0.0674462 0.18858 0.323473
470 0.243699 0.0124634 0.231236 0.256163
471 0.242648 0.016007 0.226642 0.258655
472 0.243534 0.0150063 0.228528 0.258541
473 0.238474 0.0118925 0.226582 0.250367
474 0.240246 0.00975568 0.23049 0.250002
475 0.245892 0.0188968 0.226995 0.264788
476 0.240832 0.0144701 0.226362 0.255302
477 0.238595 0.0107977 0.227797 0.249392
478 0.240126 0.0137286 0.226397 0.253855
479 0.239255 0.0108028 0.228452 0.250058
480 0.237799 0.00947692 0.228322 0.247276
481 0.241778 0.0123799 0.229398 0.254158
482 0.241462 0.0160793 0.225383 0.257542
483 0.236823 0.00926734 0.227556 0.24609
484 0.241582 0.0154698 0.226113 0.257052
485 0.238625 0.0154321 0.223192 0.254057
486 0.239375 0.0120884 0.227287 0.251464
487 0.244195 0.0122386 0.231956 0.256434
488 0.244901 0.0104436 0.234457 0.255344
489 0.239826 0.011004 0.228822 0.25083
490 0.240471 0.0160921 0.224379 0.256564
491 0.233595 0.0227731 0.210822 0.256368
492 0.227048 0.00571015 0.221338 0.232759
493 0.242904 0.0140838 0.22882 0.256988
494 0.241222 0.00907056 0.232152 0.250293
495 0.245696 0.020229 0.225467 0.265925
496 0.24409 0.0137712 0.230319 0.257861
497 0.243309 0.0114555 0.231854 0.254765
498 0.241838 0.0139895 0.227848 0.255827
499 0.244075 0.0109359 0.233139 0.255011
500 0.245591 0.021182 0.224409 0.266773
501 0.243805 0.0118794 0.231925 0.255684
502 0.244916 0.0120267 0.232889 0.256942
503 0.241267 0.00911785 0.232149 0.250385
504 0.246928 0.0119367 0.234991 0.258864
505 0.253534 0.00861159 0.244922 0.262146
506 0.256026 0.0129056 0.243121 0.268932
507 0.250531 0.0159085 0.234623 0.26644
508 0.250231 0.0128161 0.237415 0.263047
509 0.254225 0.0134415 0.240783 0.267666
510 0.250291 0.0095747 0.240716 0.259866
511 0.244225 0.00938329 0.234842 0.253608
512 0.24903 0.00880728 0.240222 0.257837
513 0.247768 0.0103814 0.237387 0.25815
514 0.24903 0.0154828 0.233547 0.264512
515 0.248504 0.0133541 0.23515 0.261858
516 0.236778 0.0136417 0.223136 0.25042
517 0.233249 0.00705703 0.226192 0.240306
518 0.239931 0.0134135 0.226517 0.253344
519 0.237829 0.0133505 0.224478 0.251179
520 0.232198 0.00599592 0.226203 0.238194
521 0.243444 0.0258812 0.217563 0.269325
522 0.244165 0.0191154 0.225049 0.26328
523 0.230322 0.00503376 0.225288 0.235355
524 0.230517 0.00490058 0.225616 0.235417
525 0.23933 0.0224583 0.216872 0.261789
526 0.231192 0.00814215 0.22305 0.239335
527 0.231207 0.00754226 0.223665 0.23875
528 0.237408 0.0186567 0.218752 0.256065
529 0.240862 0.0168539 0.224008 0.257716
530 0.233024 0.00724749 0.225777 0.240272
531 0.236853 0.0167379 0.220115 0.253591
532 0.237769 0.0184231 0.219346 0.256192
533 0.231132 0.00659755 0.224535 0.23773
534 0.240802 0.0154174 0.225384 0.256219
535 0.233655 0.00911757 0.224537 0.242772
536 0.236042 0.0122794 0.223763 0.248322
537 0.237664 0.0165836 0.22108 0.254247
538 0.237994 0.0143642 0.22363 0.252358
539 0.236177 0.0101747 0.226003 0.246352
540 0.233024 0.00921745 0.223807 0.242242
541 0.237453 0.0154886 0.221965 0.252942
542 0.234946 0.00852757 0.226418 0.243474
543 0.240216 0.0155469 0.224669 0.255763
544 0.237333 0.00823979 0.229094 0.245573
545 0.235802 0.0108237 0.224978 0.246626
546 0.237964 0.0143708 0.223593 0.252335
547 0.232784 0.00741574 0.225368 0.2402
548 0.23343 0.00815895 0.225271 0.241589
549 0.242919 0.0216499 0.221269 0.264569
550 0.236658 0.0138816 0.222776 0.250539
551 0.235397 0.0129131 0.222483 0.24831
552 0.238685 0.0133344 0.22535 0.252019
553 0.235216 0.010502 0.224714 0.245718
554 0.2387 0.0162217 0.222478 0.254921
555 0.233144 0.00874578 0.224399 0.24189
556 0.235171 0.0106008 0.22457 0.245772
557 0.23376 0.0083648 0.225395 0.242125
558 0.232934 0.00814835 0.224786 0.241082
559 0.236372 0.0105175 0.225855 0.24689
560 0.236252 0.0121763 0.224076 0.248429
561 0.238399 0.0113591 0.22704 0.249758
562 0.230727 0.00498179 0.225745 0.235709
563 0.234751 0.0105212 0.22423 0.245272
564 0.233475 0.00872984 0.224745 0.242204
565 0.236463 0.012304 0.224159 0.248766
566 0.231027 0.00545938 0.225568 0.236487
567 0.235396 0.0101837 0.225213 0.24558
568 0.233685 0.00807973 0.225605 0.241765
569 0.230817 0.00694458 0.223873 0.237762
570 0.240757 0.0169204 0.223836 0.257677
571 0.236192 0.0113362 0.224856 0.247529
572 0.237769 0.0108227 0.226946 0.248592
573 0.23406 0.0082059 0.225854 0.242266
574 0.23906 0.018073 0.220987 0.257133
575 0.235442 0.00766971 0.227772 0.243111
576 0.236673 0.0124405 0.224232 0.249113
577 0.23882 0.0147081 0.224112 0.253528
578 0.238895 0.0148688 0.224026 0.253764
579 0.237874 0.0175828 0.220291 0.255457
580 0.237829 0.0102561 0.227573 0.248085
581 0.241102 0.024559 0.216543 0.265661
582 0.241177 0.0151073 0.22607 0.256284
583 0.239871 0.00937777 0.230493 0.249249
584 0.239495 0.0141342 0.225361 0.25363
585 0.235351 0.0100903 0.225261 0.245442
586 0.239901 0.0144026 0.225498 0.254303
587 0.238324 0.0136267 0.224698 0.251951
588 0.237363 0.0144493 0.222914 0.251813
589 0.237529 0.00771456 0.229814 0.245243
590 0.236808 0.00706439 0.229743 0.243872
591 0.230232 0.00902172 0.22121 0.239253
592 0.232604 0.0104285 0.222175 0.243032
593 0.245516 0.0162157 0.229301 0.261732
594 0.245336 0.0126143 0.232722 0.25795
595 0.246537 0.0112085 0.235329 0.257746
596 0.242288 0.0113314 0.230957 0.25362
597 0.247318 0.0131245 0.234193 0.260442
598 0.245621 0.0167376 0.228884 0.262359
599 0.24903 0.0179665 0.231063 0.266996
600 0.241733 0.0105922 0.23114 0.252325
601 0.242829 0.00968881 0.23314 0.252517
602 0.242153 0.0103564 0.231797 0.252509
603 0.243775 0.014774 0.229001 0.258549
604 0.241492 0.00782113 0.233671 0.249313
605 0.240501 0.00928951 0.231212 0.249791
606 0.241643 0.0096271 0.232015 0.25127
607 0.227274 0.00449459 0.222779 0.231768
608 0.235186 0.0157832 0.219403 0.25097
609 0.234 0.0150105 0.21899 0.249011
610 0.231388 0.0106353 0.220752 0.242023
611 0.23382 0.0133614 0.220459 0.247181
612 0.224946 0.0106756 0.214271 0.235622
613 0.226598 0.0128846 0.213713 0.239483
614 0.227033 0.0100968 0.216937 0.23713
615 0.222649 0.0055244 0.217125 0.228174
616 0.232484 0.0152459 0.217238 0.24773
617 0.229015 0.0137895 0.215226 0.242805
618 0.231658 0.0301024 0.201555 0.26176
619 0.229571 0.0268036 0.202767 0.256375
620 0.226223 0.0090033 0.217219 0.235226
621 0.223865 0.00715135 0.216714 0.231017
622 0.226133 0.00846286 0.21767 0.234595
623 0.236973 0.00933086 0.227642 0.246304
624 0.235472 0.0142066 0.221265 0.249678
625 0.234691 0.0093878 0.225303 0.244079
626 0.235757 0.0104925 0.225264 0.246249
627 0.23882 0.0132458 0.225574 0.252066
628 0.233144 0.0105548 0.22259 0.243699
629 0.238459 0.012495 0.225964 0.250954
630 0.237799 0.0151594 0.222639 0.252958
631 0.234165 0.0104069 0.223758 0.244572
632 0.234616 0.0107557 0.22386 0.245371
633 0.236718 0.0116236 0.225094 0.248341
634 0.235772 0.00915378 0.226618 0.244926
635 0.236132 0.0104379 0.225694 0.24657
636 0.232994 0.00835424 0.22464 0.241348
637 0.237303 0.0121121 0.225191 0.249415
638 0.234946 0.0120836 0.222863 0.24703
639 0.232514 0.00859954 0.223914 0.241113
640 0.235622 0.0117782 0.223844 0.2474
641 0.234721 0.00776017 0.226961 0.242481
642 0.238174 0.0125768 0.225597 0.250751
643 0.250126 0.0172106 0.232915 0.267336
644 0.244856 0.00832748 0.236528 0.253183
645 0.251582 0.0161433 0.235439 0.267725
646 0.248444 0.0182299 0.230214 0.266674
647 0.26002 0.0287642 0.231256 0.288784
648 0.25436 0.0263363 0.228023 0.280696
649 0.247378 0.0113331 0.236045 0.258711
650 0.250066 0.0140646 0.236001 0.26413
651 0.247678 0.0109984 0.23668 0.258677
652 0.251717 0.014941 0.236776 0.266658
653 0.246822 0.00836264 0.23846 0.255185
654 0.252723 0.0152883 0.237435 0.268012
655 0.245111 0.0109533 0.234158 0.256064
656 0.251267 0.0379329 0.213334 0.2892
657 0.23891 0.0152366 0.223673 0.254147
658 0.235186 0.00898391 0.226202 0.24417
659 0.232619 0.00597966 0.226639 0.238598
660 0.242994 0.0196978 0.223296 0.262692
661 0.292061 0.232831 0.05923 0.524892
662 0.242378 0.0116666 0.230712 0.254045
663 0.238474 0.00806502 0.230409 0.246539
664 0.239886 0.0152325 0.224653 0.255118
665 0.241042 0.0110526 0.229989 0.252094
666 0.23942 0.0159874 0.223433 0.255408
667 0.242108 0.0148404 0.227268 0.256948
668 0.23942 0.015262 0.224158 0.254682
669 0.242709 0.0121016 0.230607 0.25481
670 0.248189 0.0177078 0.230481 0.265897
671 0.234586 0.00893459 0.225651 0.24352
672 0.23879 0.006937 0.231853 0.245727
673 0.241027 0.0141414 0.226885 0.255168
674 0.242724 0.0109604 0.231763 0.253684
675 0.250756 0.0228335 0.227923 0.27359
676 0.236042 0.00847351 0.227569 0.244516
677 0.239255 0.0168317 0.222424 0.256087
678 0.240952 0.0168452 0.224107 0.257797
679 0.240306 0.0121139 0.228192 0.25242
680 0.236628 0.00834133 0.228286 0.244969
681 0.246297 0.0101143 0.236183 0.256411
682 0.23391 0.00659233 0.227318 0.240502
683 0.244781 0.0141089 0.230672 0.258889
684 0.237273 0.00858442 0.228689 0.245858
685 0.243684 0.010718 0.232966 0.254403
686 0.237664 0.0115232 0.22614 0.249187
687 0.234285 0.0115904 0.222695 0.245876
688 0.228925 0.00833499 0.22059 0.23726
689 0.236372 0.00495001 0.231422 0.241322
690 0.243519 0.0115818 0.231938 0.255101
691 0.247723 0.0160641 0.231659 0.263787
692 0.241402 0.0127882 0.228614 0.25419
693 0.239676 0.0101586 0.229517 0.249834
694 0.244045 0.0177702 0.226275 0.261815
695 0.244555 0.0106809 0.233874 0.255236
696 0.239691 0.00984865 0.229842 0.249539
697 0.241958 0.0123611 0.229597 0.254319
698 0.245381 0.0203883 0.224993 0.265769
699 0.243985 0.0166549 0.22733 0.26064
700 0.242859 0.0103662 0.232492 0.253225
701 0.258594 0.0248031 0.233791 0.283397
702 0.256192 0.0259501 0.230241 0.282142
703 0.244826 0.00904618 0.235779 0.253872
704 0.250426 0.0192292 0.231197 0.269655
705 0.257167 0.0359886 0.221179 0.293156
706 0.247063 0.00690982 0.240153 0.253973
707 0.248714 0.0106849 0.238029 0.259399
708 0.248549 0.0162797 0.232269 0.264829
709 0.249075 0.0108073 0.238267 0.259882
710 0.251642 0.0187893 0.232853 0.270431
711 0.250201 0.0172491 0.232952 0.26745
712 0.246792 0.0131492 0.233643 0.259942
713 0.243174 0.00875258 0.234421 0.251927
714 0.245246 0.0117678 0.233478 0.257014
715 0.249465 0.0118143 0.237651 0.261279
716 0.250997 0.0150885 0.235908 0.266085
717 0.241673 0.0147904 0.226882 0.256463
718 0.236147 0.0107516 0.225396 0.246899
719 0.241117 0.0153701 0.225747 0.256487
720 0.236117 0.00950171 0.226615 0.245619
721 0.238775 0.0121479 0.226627 0.250923
722 0.241808 0.0309023 0.210905 0.27271
723 0.234556 0.00849234 0.226063 0.243048
724 0.243189 0.0249912 0.218198 0.26818
725 0.233685 0.0128749 0.22081 0.24656
726 0.235006 0.0162024 0.218804 0.251208
727 0.231388 0.00997776 0.22141 0.241365
728 0.231703 0.00919855 0.222504 0.240901
729 0.235907 0.0135275 0.22238 0.249434
730 0.234451 0.0129813 0.221469 0.247432
731 0.232529 0.00732623 0.225203 0.239855
732 0.236778 0.0126466 0.224131 0.249424
733 0.235036 0.0156945 0.219342 0.250731
734 0.237363 0.0129067 0.224457 0.25027
735 0.242228 0.0397617 0.202466 0.28199
736 0.241387 0.0145373 0.22685 0.255925
737 0.240471 0.0136308 0.226841 0.254102
738 0.233159 0.0123208 0.220839 0.24548
739 0.2343 0.00742805 0.226872 0.241729
740 0.234 0.00945451 0.224546 0.243455
741 0.233715 0.00839043 0.225324 0.242105
742 0.23412 0.00918034 0.22494 0.243301
743 0.237694 0.0151479 0.222546 0.252842
744 0.234421 0.00991785 0.224503 0.244338
745 0.234916 0.00951357 0.225402 0.24443
746 0.232919 0.00896918 0.22395 0.241888
747 0.231373 0.00655463 0.224818 0.237927
748 0.243069 0.0171758 0.225893 0.260245
749 0.236598 0.0184067 0.218191 0.255004
750 0.235321 0.012561 0.22276 0.247882
751 0.235517 0.0105589 0.224958 0.246076
752 0.235186 0.00858721 0.226599 0.243774
753 0.235276 0.0135804 0.221696 0.248857
754 0.242213 0.0149505 0.227263 0.257164
755 0.23382 0.00809293 0.225727 0.241913
756 0.240847 0.0150134 0.225833 0.25586
757 0.234991 0.00736503 0.227626 0.242356
758 0.23373 0.010967 0.222763 0.244697
759 0.238399 0.0133383 0.225061 0.251738
760 0.240877 0.0171313 0.223745 0.258008
761 0.239195 0.0144687 0.224726 0.253664
762 0.238369 0.0142584 0.224111 0.252628
763 0.234916 0.00984797 0.225068 0.244764
764 0.23364 0.0061581 0.227482 0.239798
765 0.238234 0.0135261 0.224708 0.25176
766 0.236778 0.0118119 0.224966 0.24859
767 0.235351 0.0110018 0.22435 0.246353
768 0.242844 0.0126304 0.230213 0.255474
769 0.243549 0.0160842 0.227465 0.259634
770 0.238069 0.00952186 0.228547 0.247591
771 0.235592 0.00963103 0.225961 0.245223
772 0.235862 0.00977738 0.226085 0.245639
773 0.234195 0.00670519 0.22749 0.240901
774 0.236372 0.00911132 0.227261 0.245484
775 0.238129 0.0109529 0.227176 0.249082
776 0.237033 0.00750619 0.229527 0.244539
777 0.241522 0.0132645 0.228258 0.254787
778 0.242874 0.017599 0.225275 0.260473
779 0.237679 0.0147968 0.222882 0.252476
780 0.233535 0.00631257 0.227222 0.239847
781 0.237514 0.0183426 0.219171 0.255856
782 0.235682 0.00906021 0.226622 0.244742
783 0.241267 0.014324 0.226943 0.255591
784 0.237003 0.0114149 0.225588 0.248418
785 0.241132 0.0115527 0.229579 0.252685
786 0.241507 0.0132505 0.228257 0.254758
787 0.234691 0.00901941 0.225671 0.24371
788 0.22831 0.00320775 0.225102 0.231517
789 0.243474 0.00937536 0.234099 0.25285
790 0.241237 0.00729169 0.233945 0.248529
791 0.24439 0.0162693 0.228121 0.260659
792 0.241913 0.00938344 0.232529 0.251296
793 0.242769 0.0131074 0.229661 0.255876
794 0.241627 0.00918328 0.232444 0.250811
795 0.24457 0.0106966 0.233874 0.255267
796 0.24936 0.0174861 0.231874 0.266846
797 0.230066 0.0126226 0.217444 0.242689
798 0.232514 0.0162281 0.216286 0.248742
799 0.228895 0.0114995 0.217396 0.240395
