# ../output/graphs/perf_parallel80BIPED_thread2
# step - mean (0.15193) - standard deviation (0.0290825) r=20 - ylow - yhigh
0 0.162487 0.0331061 0.129381 0.195593
1 0.156243 0.0244108 0.131832 0.180654
2 0.164475 0.0433673 0.121108 0.207843
3 0.152052 0.0215672 0.130485 0.173619
4 0.151218 0.0207349 0.130483 0.171953
5 0.153292 0.0188989 0.134393 0.172191
6 0.155003 0.0167444 0.138258 0.171747
7 0.154554 0.0327517 0.121802 0.187305
8 0.158125 0.0299482 0.128176 0.188073
9 0.159857 0.030556 0.129301 0.190413
10 0.171874 0.0348386 0.137035 0.206712
11 0.163449 0.0325265 0.130922 0.195975
12 0.15481 0.022372 0.132438 0.177182
13 0.15697 0.0291085 0.127861 0.186079
14 0.147647 0.0179949 0.129652 0.165642
15 0.165117 0.0384488 0.126668 0.203566
16 0.153249 0.0282446 0.125005 0.181494
17 0.158317 0.0294366 0.128881 0.187754
18 0.156029 0.0281405 0.127889 0.18417
19 0.156093 0.0307143 0.125379 0.186808
20 0.158552 0.0356194 0.122933 0.194172
21 0.155944 0.0297805 0.126163 0.185724
22 0.155495 0.0271337 0.128361 0.182628
23 0.147027 0.00965076 0.137376 0.156678
24 0.152843 0.018562 0.134281 0.171405
25 0.149165 0.0170336 0.132132 0.166199
26 0.148075 0.0172577 0.130817 0.165333
27 0.153164 0.0253037 0.12786 0.178468
28 0.159386 0.0292904 0.130096 0.188677
29 0.159878 0.0306613 0.129217 0.190539
30 0.157291 0.0271651 0.130126 0.184456
31 0.154682 0.0227382 0.131944 0.17742
32 0.156778 0.0334329 0.123345 0.19021
33 0.162743 0.0501441 0.112599 0.212887
34 0.158338 0.0364655 0.121873 0.194804
35 0.163321 0.037865 0.125456 0.201186
36 0.164411 0.0387861 0.125625 0.203197
37 0.16486 0.036424 0.128436 0.201284
38 0.159023 0.0316559 0.127367 0.190679
39 0.15156 0.0179443 0.133616 0.169504
40 0.153249 0.0218786 0.131371 0.175128
41 0.151026 0.0186268 0.132399 0.169652
42 0.159728 0.0312542 0.128474 0.190983
43 0.154511 0.0247663 0.129745 0.179277
44 0.155217 0.0228246 0.132392 0.178041
45 0.154147 0.0303418 0.123806 0.184489
46 0.149871 0.0191861 0.130685 0.169057
47 0.152266 0.0225615 0.129704 0.174827
48 0.15449 0.0219157 0.132574 0.176405
49 0.15682 0.0311119 0.125708 0.187932
50 0.14816 0.0117036 0.136457 0.159864
51 0.14615 0.00930466 0.136846 0.155455
52 0.146215 0.00816009 0.138054 0.154375
53 0.143264 0.0121772 0.131087 0.155441
54 0.140056 0.00881161 0.131245 0.148868
55 0.150726 0.0343692 0.116357 0.185095
56 0.148267 0.0307384 0.117529 0.179006
57 0.147113 0.030925 0.116188 0.178038
58 0.148609 0.0344186 0.114191 0.183028
59 0.145338 0.0222467 0.123091 0.167585
60 0.148246 0.0188319 0.129414 0.167078
61 0.143606 0.018352 0.125254 0.161958
62 0.147262 0.0252649 0.121997 0.172527
63 0.148951 0.0263509 0.122601 0.175302
64 0.150897 0.0270523 0.123845 0.17795
65 0.146685 0.0187797 0.127905 0.165465
66 0.142173 0.00756413 0.134609 0.149737
67 0.14151 0.00856151 0.132949 0.150072
68 0.139693 0.00685484 0.132838 0.146548
69 0.14414 0.0203665 0.123774 0.164507
70 0.15821 0.0335231 0.124687 0.191733
71 0.157889 0.0278886 0.130001 0.185778
72 0.153228 0.0266734 0.126555 0.179901
73 0.162016 0.0224619 0.139554 0.184478
74 0.153378 0.00986597 0.143512 0.163244
75 0.155794 0.0189244 0.13687 0.174718
76 0.160669 0.0271083 0.133561 0.187778
77 0.160391 0.0267587 0.133632 0.18715
78 0.161054 0.0261126 0.134942 0.187167
79 0.168388 0.0360521 0.132336 0.20444
80 0.158061 0.0187722 0.139288 0.176833
81 0.161418 0.0219538 0.139464 0.183371
82 0.154276 0.0185819 0.135694 0.172858
83 0.152907 0.00777632 0.145131 0.160684
84 0.170227 0.0812199 0.0890073 0.251447
85 0.162337 0.0325669 0.12977 0.194904
86 0.16749 0.0404602 0.12703 0.20795
87 0.169543 0.0396751 0.129868 0.209218
88 0.174183 0.060307 0.113876 0.23449
89 0.169073 0.0406055 0.128467 0.209678
90 0.163834 0.0331526 0.130681 0.196986
91 0.158189 0.0280818 0.130107 0.186271
92 0.159771 0.0288374 0.130934 0.188608
93 0.156842 0.026791 0.130051 0.183633
94 0.163428 0.0293646 0.134063 0.192792
95 0.157889 0.02623 0.131659 0.184119
96 0.163877 0.0296418 0.134235 0.193518
97 0.1596 0.0284299 0.13117 0.18803
98 0.157847 0.0276208 0.130226 0.185468
99 0.166421 0.0296753 0.136746 0.196096
100 0.166015 0.0348007 0.131214 0.200816
101 0.166036 0.0391617 0.126875 0.205198
102 0.167148 0.0397681 0.12738 0.206916
103 0.169244 0.0424412 0.126802 0.211685
104 0.15975 0.0318093 0.12794 0.191559
105 0.162807 0.0294941 0.133313 0.192302
106 0.164775 0.0329712 0.131803 0.197746
107 0.158552 0.027599 0.130953 0.186151
108 0.162423 0.0290815 0.133341 0.191504
109 0.15682 0.0257652 0.131055 0.182586
110 0.165309 0.0411026 0.124207 0.206412
111 0.163021 0.0306391 0.132382 0.19366
112 0.166656 0.0335325 0.133124 0.200189
113 0.159365 0.0280448 0.13132 0.18741
114 0.159514 0.0238326 0.135682 0.183347
115 0.159279 0.0301195 0.12916 0.189399
116 0.155986 0.0252803 0.130706 0.181267
117 0.152351 0.0268687 0.125483 0.17922
118 0.151517 0.0225114 0.129006 0.174029
119 0.157676 0.0209 0.136776 0.178576
120 0.157205 0.01773 0.139475 0.174935
121 0.155516 0.0198816 0.135634 0.175398
122 0.151624 0.0173199 0.134304 0.168944
123 0.150149 0.0106895 0.139459 0.160838
124 0.155067 0.018865 0.136202 0.173932
125 0.16347 0.0419499 0.12152 0.20542
126 0.157526 0.0240884 0.133438 0.181614
127 0.160648 0.0408435 0.119804 0.201491
128 0.162059 0.0312191 0.13084 0.193278
129 0.161931 0.0334782 0.128453 0.195409
130 0.166015 0.0365421 0.129473 0.202557
131 0.161118 0.033867 0.127251 0.194985
132 0.16826 0.0424693 0.125791 0.210729
133 0.165053 0.0330301 0.132023 0.198083
134 0.158531 0.0209655 0.137565 0.179496
135 0.154981 0.0195519 0.135429 0.174533
136 0.154083 0.0187613 0.135322 0.172845
137 0.153527 0.0107731 0.142754 0.1643
138 0.152522 0.0113753 0.141147 0.163898
139 0.156093 0.0245415 0.131552 0.180635
140 0.152266 0.019715 0.132551 0.171981
141 0.153955 0.0186576 0.135297 0.172613
142 0.156863 0.0237594 0.133104 0.180623
143 0.161974 0.0361142 0.125859 0.198088
144 0.158766 0.0327105 0.126056 0.191477
145 0.158873 0.0332007 0.125672 0.192074
146 0.152522 0.0253899 0.127133 0.177912
147 0.156542 0.0234861 0.133056 0.180028
148 0.158809 0.023336 0.135473 0.182145
149 0.157483 0.0258023 0.131681 0.183286
150 0.153249 0.0178046 0.135445 0.171054
151 0.150128 0.00756653 0.142561 0.157694
152 0.175744 0.063135 0.112609 0.238879
153 0.165266 0.0370767 0.12819 0.202343
154 0.164112 0.0355963 0.128516 0.199708
155 0.162914 0.0358623 0.127052 0.198777
156 0.156008 0.0195043 0.136504 0.175512
157 0.153891 0.019245 0.134646 0.173136
158 0.153356 0.0181757 0.135181 0.171532
159 0.149999 0.00878604 0.141213 0.158785
160 0.153485 0.0175577 0.135927 0.171042
161 0.160755 0.0256652 0.13509 0.18642
162 0.15481 0.0238096 0.131001 0.17862
163 0.15851 0.0254147 0.133095 0.183924
164 0.159536 0.01836 0.141176 0.177896
165 0.153314 0.00719234 0.146121 0.160506
166 0.153763 0.00719611 0.146566 0.160959
167 0.157398 0.0284402 0.128957 0.185838
168 0.152544 0.0246571 0.127887 0.177201
169 0.155259 0.0241491 0.13111 0.179409
170 0.15017 0.0180742 0.132096 0.168245
171 0.145594 0.00705106 0.138543 0.152645
172 0.151475 0.0190253 0.132449 0.1705
173 0.154789 0.0244883 0.130301 0.179277
174 0.158788 0.0280483 0.130739 0.186836
175 0.159215 0.029032 0.130183 0.188247
176 0.154254 0.023874 0.13038 0.178128
177 0.149807 0.0188493 0.130958 0.168656
178 0.15047 0.0193634 0.131106 0.169833
179 0.154511 0.0216964 0.132815 0.176207
180 0.15171 0.0195081 0.132202 0.171218
181 0.151047 0.017508 0.133539 0.168555
182 0.146792 0.00973125 0.137061 0.156523
183 0.146129 0.00822397 0.137905 0.154353
184 0.1463 0.00952419 0.136776 0.155824
185 0.149101 0.0123962 0.136705 0.161497
186 0.147027 0.0105063 0.136521 0.157533
187 0.145466 0.00915943 0.136307 0.154626
188 0.14553 0.00867945 0.136851 0.15421
189 0.153335 0.0236158 0.129719 0.176951
190 0.153442 0.0239499 0.129492 0.177392
191 0.152437 0.0192018 0.133235 0.171639
192 0.153207 0.0188778 0.134329 0.172084
193 0.154661 0.02524 0.129421 0.179901
194 0.151496 0.0189494 0.132547 0.170445
195 0.155879 0.0286139 0.127266 0.184493
196 0.15156 0.0198066 0.131754 0.171367
197 0.147155 0.00946834 0.137687 0.156624
198 0.146642 0.00805976 0.138582 0.154702
199 0.147113 0.00818481 0.138928 0.155297
200 0.156457 0.0316432 0.124814 0.1881
201 0.151603 0.0273017 0.124301 0.178905
202 0.154105 0.0311169 0.122988 0.185222
203 0.151667 0.0199482 0.131719 0.171615
204 0.157932 0.0288528 0.129079 0.186785
205 0.161909 0.0399617 0.121948 0.201871
206 0.15682 0.025283 0.131537 0.182103
207 0.152693 0.0181218 0.134572 0.170815
208 0.151753 0.0257052 0.126047 0.177458
209 0.159343 0.0386598 0.120684 0.198003
210 0.164197 0.0414498 0.122748 0.205647
211 0.157141 0.0284794 0.128662 0.18562
212 0.160947 0.0397237 0.121223 0.200671
213 0.15186 0.0194748 0.132385 0.171334
214 0.155965 0.0209594 0.135006 0.176924
215 0.150726 0.0185443 0.132182 0.169271
216 0.149871 0.0173968 0.132474 0.167268
217 0.155687 0.0261182 0.129569 0.181805
218 0.160733 0.04098 0.119753 0.201713
219 0.161161 0.036001 0.12516 0.197162
220 0.166806 0.0367701 0.130036 0.203576
221 0.16315 0.0340559 0.129094 0.197206
222 0.160969 0.0339092 0.127059 0.194878
223 0.159408 0.028677 0.130731 0.188085
224 0.149785 0.00927807 0.140507 0.159063
225 0.151453 0.0190468 0.132406 0.1705
226 0.157932 0.0271498 0.130782 0.185082
227 0.159279 0.0293799 0.129899 0.188659
228 0.171147 0.0468838 0.124263 0.21803
229 0.163898 0.0313373 0.132561 0.195235
230 0.158296 0.0240124 0.134283 0.182308
231 0.152907 0.0191312 0.133776 0.172038
232 0.148417 0.00775866 0.140658 0.156176
233 0.148267 0.0101392 0.138128 0.158406
234 0.149572 0.0100829 0.139489 0.159654
235 0.148802 0.00835454 0.140447 0.157156
236 0.147348 0.00726693 0.140081 0.154615
237 0.156606 0.0297754 0.126831 0.186382
238 0.157847 0.0248061 0.133041 0.182653
239 0.164069 0.0390539 0.125015 0.203123
240 0.164753 0.0373182 0.127435 0.202071
241 0.155495 0.0311431 0.124351 0.186638
242 0.152608 0.0273762 0.125232 0.179984
243 0.147048 0.00915244 0.137896 0.156201
244 0.159001 0.0198426 0.139159 0.178844
245 0.15233 0.00700958 0.14532 0.15934
246 0.160177 0.0216354 0.138542 0.181813
247 0.159878 0.0212248 0.138653 0.181103
248 0.159108 0.0247398 0.134368 0.183848
249 0.160049 0.0263317 0.133717 0.186381
250 0.155623 0.0188788 0.136744 0.174502
251 0.165951 0.0316909 0.13426 0.197642
252 0.162679 0.0243801 0.138299 0.187059
253 0.160626 0.0199954 0.140631 0.180622
254 0.159899 0.0216013 0.138298 0.181501
255 0.154618 0.0105175 0.1441 0.165135
256 0.157847 0.0120123 0.145834 0.169859
257 0.158039 0.0198923 0.138147 0.177931
258 0.16176 0.0339269 0.127833 0.195687
259 0.175872 0.0573162 0.118556 0.233188
260 0.164176 0.0305366 0.133639 0.194713
261 0.168837 0.040482 0.128355 0.209319
262 0.162893 0.0268176 0.136075 0.189711
263 0.161589 0.0239529 0.137636 0.185542
264 0.166849 0.0262114 0.140637 0.19306
265 0.152993 0.0193315 0.133661 0.172324
266 0.151475 0.0174237 0.134051 0.168898
267 0.150983 0.0178524 0.13313 0.168835
268 0.150363 0.0173652 0.132998 0.167728
269 0.148053 0.00940897 0.138644 0.157462
270 0.155131 0.0208157 0.134315 0.175947
271 0.153057 0.0195699 0.133487 0.172627
272 0.158167 0.037887 0.12028 0.196054
273 0.156307 0.0305838 0.125723 0.186891
274 0.152223 0.0222838 0.129939 0.174507
275 0.160306 0.0302451 0.130061 0.190551
276 0.163834 0.0344559 0.129378 0.19829
277 0.160584 0.0283968 0.132187 0.18898
278 0.155944 0.0238986 0.132045 0.179842
279 0.156756 0.0228346 0.133922 0.179591
280 0.15357 0.017337 0.136233 0.170907
281 0.158061 0.0253235 0.132737 0.183384
282 0.155174 0.0227808 0.132393 0.177955
283 0.161952 0.0372103 0.124742 0.199162
284 0.164283 0.0392881 0.124995 0.203571
285 0.165095 0.0373773 0.127718 0.202473
286 0.163256 0.0311397 0.132117 0.194396
287 0.161909 0.0267265 0.135183 0.188636
288 0.159664 0.0235688 0.136095 0.183233
289 0.159964 0.0324452 0.127518 0.192409
290 0.152073 0.013594 0.138479 0.165667
291 0.149892 0.0101179 0.139774 0.16001
292 0.161439 0.035511 0.125928 0.19695
293 0.156542 0.0249372 0.131605 0.181479
294 0.149807 0.0208882 0.128919 0.170695
295 0.152073 0.0262397 0.125834 0.178313
296 0.146963 0.0197677 0.127195 0.166731
297 0.16161 0.0404196 0.12119 0.20203
298 0.154874 0.0277003 0.127174 0.182575
299 0.174867 0.0483004 0.126567 0.223168
300 0.16022 0.031993 0.128227 0.192213
301 0.155901 0.0268553 0.129046 0.182756
302 0.15419 0.0260252 0.128165 0.180216
303 0.150021 0.0233518 0.126669 0.173372
304 0.153527 0.0280147 0.125513 0.181542
305 0.153549 0.0246071 0.128942 0.178156
306 0.155495 0.0317024 0.123792 0.187197
307 0.150683 0.0206447 0.130039 0.171328
308 0.151132 0.0286758 0.122457 0.179808
309 0.152693 0.0280129 0.124681 0.180706
310 0.15543 0.0313632 0.124067 0.186794
311 0.149422 0.0207552 0.128667 0.170177
312 0.145894 0.0187316 0.127162 0.164625
313 0.14228 0.00792153 0.134359 0.150202
314 0.146856 0.0174147 0.129441 0.164271
315 0.153677 0.0226871 0.13099 0.176364
316 0.149679 0.0224553 0.127223 0.172134
317 0.150106 0.022824 0.127282 0.17293
318 0.142323 0.0179928 0.12433 0.160316
319 0.144055 0.0238266 0.120228 0.167881
320 0.144825 0.0176535 0.127171 0.162478
321 0.142302 0.0177029 0.124599 0.160004
322 0.146578 0.0237622 0.122816 0.17034
323 0.147198 0.0187274 0.128471 0.165926
324 0.153891 0.02644 0.127451 0.180331
325 0.151239 0.0207459 0.130494 0.171985
326 0.154917 0.0292684 0.125649 0.184186
327 0.155131 0.026364 0.128767 0.181495
328 0.154233 0.019521 0.134712 0.173754
329 0.154126 0.0186779 0.135448 0.172804
330 0.156735 0.0270084 0.129726 0.183743
331 0.150063 0.0141958 0.135868 0.164259
332 0.150128 0.010144 0.139984 0.160272
333 0.154618 0.0296988 0.124919 0.184317
334 0.146578 0.0210603 0.125518 0.167638
335 0.145359 0.019799 0.12556 0.165158
336 0.14568 0.024088 0.121592 0.169768
337 0.149272 0.031208 0.118064 0.18048
338 0.148396 0.029432 0.118964 0.177828
339 0.153185 0.0366028 0.116582 0.189788
340 0.156713 0.0456988 0.111015 0.202412
341 0.151197 0.0339849 0.117212 0.185182
342 0.140741 0.0224079 0.118333 0.163148
343 0.139736 0.0228172 0.116918 0.162553
344 0.13439 0.0176936 0.116696 0.152084
345 0.139158 0.0186254 0.120533 0.157784
346 0.144632 0.0327627 0.11187 0.177395
347 0.136336 0.0196025 0.116733 0.155938
348 0.14042 0.0244378 0.115982 0.164858
349 0.143542 0.0293481 0.114194 0.17289
350 0.140334 0.022518 0.117816 0.162852
351 0.141703 0.0237516 0.117951 0.165454
352 0.138581 0.0181667 0.120414 0.156748
353 0.136336 0.0144826 0.121853 0.150818
354 0.136934 0.014046 0.122888 0.15098
355 0.140976 0.0243756 0.1166 0.165351
356 0.144012 0.0179262 0.126086 0.161938
357 0.145145 0.0187053 0.12644 0.163851
358 0.14476 0.0176629 0.127098 0.162423
359 0.144696 0.0146394 0.130057 0.159336
360 0.141318 0.00890758 0.13241 0.150225
361 0.153912 0.0351896 0.118723 0.189102
362 0.151774 0.0319594 0.119815 0.183733
363 0.151453 0.0321691 0.119284 0.183622
364 0.151239 0.0322787 0.118961 0.183518
365 0.146386 0.0205069 0.125879 0.166892
366 0.144461 0.0205298 0.123931 0.164991
367 0.143584 0.0177761 0.125808 0.161361
368 0.141425 0.0171254 0.124299 0.15855
369 0.142301 0.0181714 0.12413 0.160473
370 0.158852 0.0774952 0.0813565 0.236347
371 0.148374 0.0316418 0.116732 0.180016
372 0.14677 0.0292924 0.117478 0.176063
373 0.142879 0.0254491 0.11743 0.168328
374 0.148973 0.0232047 0.125768 0.172178
375 0.147091 0.0307492 0.116342 0.17784
376 0.151475 0.0282868 0.123188 0.179761
377 0.149636 0.0264084 0.123227 0.176044
378 0.146706 0.0224664 0.12424 0.169173
379 0.150641 0.0312722 0.119369 0.181913
380 0.173435 0.12787 0.0455644 0.301305
381 0.14027 0.0251451 0.115125 0.165415
382 0.161567 0.038327 0.12324 0.199894
383 0.156393 0.0344289 0.121964 0.190822
384 0.157654 0.0423882 0.115266 0.200042
385 0.15558 0.0402177 0.115362 0.195798
386 0.151154 0.0454286 0.105725 0.196583
387 0.141895 0.0230634 0.118832 0.164959
388 0.140634 0.0274786 0.113155 0.168112
389 0.142579 0.0212068 0.121373 0.163786
390 0.142408 0.0229267 0.119482 0.165335
391 0.137768 0.0177181 0.12005 0.155486
392 0.142964 0.0268415 0.116123 0.169806
393 0.138367 0.0182605 0.120107 0.156628
394 0.142259 0.0190155 0.123243 0.161274
395 0.138966 0.019293 0.119673 0.158259
396 0.133684 0.00679874 0.126886 0.140483
397 0.137405 0.0119016 0.125503 0.149306
398 0.135823 0.0173399 0.118483 0.153162
399 0.141361 0.0188247 0.122536 0.160185
400 0.142237 0.0221632 0.120074 0.164401
401 0.145188 0.0238715 0.121317 0.16906
402 0.143649 0.0228672 0.120781 0.166516
403 0.149914 0.0335331 0.116381 0.183447
404 0.147177 0.0239234 0.123253 0.1711
405 0.14893 0.0292093 0.119721 0.178139
406 0.143798 0.0237052 0.120093 0.167503
407 0.147476 0.0249066 0.12257 0.172383
408 0.151646 0.0298465 0.121799 0.181492
409 0.144354 0.0189163 0.125438 0.163271
410 0.14367 0.0155406 0.128129 0.159211
411 0.140762 0.00864376 0.132118 0.149406
412 0.145915 0.00982729 0.136088 0.155742
413 0.154725 0.0270274 0.127697 0.181752
414 0.159408 0.0283846 0.131023 0.187792
415 0.153228 0.0253014 0.127927 0.178529
416 0.157911 0.0287123 0.129199 0.186623
417 0.152758 0.0253781 0.12738 0.178136
418 0.150555 0.0191006 0.131455 0.169656
419 0.150876 0.0187357 0.13214 0.169612
420 0.157889 0.0291835 0.128706 0.187073
421 0.155495 0.0266392 0.128855 0.182134
422 0.154425 0.0280078 0.126418 0.182433
423 0.157162 0.0278367 0.129326 0.184999
424 0.14955 0.0148403 0.13471 0.164391
425 0.16223 0.0412115 0.121019 0.203442
426 0.163278 0.0367656 0.126512 0.200043
427 0.164625 0.0470485 0.117576 0.211673
428 0.164903 0.0387375 0.126165 0.20364
429 0.165993 0.0430161 0.122977 0.20901
430 0.170356 0.0328348 0.137521 0.20319
431 0.17181 0.032857 0.138953 0.204666
432 0.157526 0.0245125 0.133013 0.182038
433 0.157718 0.0276313 0.130087 0.18535
434 0.161631 0.0317877 0.129844 0.193419
435 0.156949 0.0243758 0.132573 0.181324
436 0.153335 0.0198108 0.133524 0.173146
437 0.155024 0.0254924 0.129532 0.180517
438 0.186136 0.117413 0.0687233 0.303549
439 0.156756 0.0257866 0.13097 0.182543
440 0.157312 0.0239704 0.133342 0.181283
441 0.154725 0.0189569 0.135768 0.173682
442 0.148887 0.00944355 0.139444 0.158331
443 0.15481 0.0316509 0.123159 0.186461
444 0.153121 0.0242274 0.128894 0.177348
445 0.15218 0.0224048 0.129776 0.174585
446 0.152244 0.0265252 0.125719 0.17877
447 0.151667 0.0342091 0.117458 0.185876
448 0.160455 0.0371698 0.123286 0.197625
449 0.169842 0.0472606 0.122582 0.217103
450 0.16486 0.0292746 0.135586 0.194135
451 0.159942 0.0263883 0.133554 0.18633
452 0.147647 0.008586 0.139061 0.156233
453 0.146664 0.0185891 0.128074 0.165253
454 0.155559 0.0268039 0.128755 0.182363
455 0.147219 0.0243337 0.122886 0.171553
456 0.141767 0.0119395 0.129827 0.153706
457 0.141831 0.0204663 0.121365 0.162297
458 0.142857 0.0265333 0.116324 0.169391
459 0.148246 0.0297443 0.118502 0.17799
460 0.146813 0.0191897 0.127624 0.166003
461 0.141147 0.0176882 0.123459 0.158835
462 0.140334 0.0180413 0.122293 0.158376
463 0.139629 0.0174467 0.122182 0.157075
464 0.144333 0.0276654 0.116667 0.171998
465 0.158852 0.0437314 0.11512 0.202583
466 0.156799 0.0453186 0.11148 0.202117
467 0.14816 0.0352881 0.112872 0.183448
468 0.160712 0.0457932 0.114919 0.206505
469 0.159878 0.0358493 0.124029 0.195727
470 0.158103 0.0358877 0.122216 0.193991
471 0.141938 0.0251451 0.116793 0.167083
472 0.135887 0.0104708 0.125416 0.146358
473 0.144183 0.0195177 0.124665 0.163701
474 0.141211 0.0166667 0.124544 0.157878
475 0.140527 0.0175178 0.123009 0.158045
476 0.14414 0.0248309 0.119309 0.168971
477 0.140676 0.0164129 0.124264 0.157089
478 0.143264 0.0191701 0.124094 0.162434
479 0.140869 0.0169824 0.123886 0.157851
480 0.148588 0.0226363 0.125952 0.171224
481 0.145103 0.0270472 0.118055 0.17215
482 0.143884 0.0227969 0.121087 0.166681
483 0.143221 0.0230171 0.120204 0.166238
484 0.156264 0.0358506 0.120414 0.192115
485 0.145188 0.0240817 0.121107 0.16927
486 0.140933 0.0232804 0.117653 0.164213
487 0.141446 0.0182602 0.123186 0.159706
488 0.137811 0.00955482 0.128256 0.147366
489 0.143606 0.0180551 0.125551 0.161661
490 0.140313 0.0189388 0.121374 0.159252
491 0.140612 0.0183206 0.122292 0.158933
492 0.147626 0.0242674 0.123358 0.171893
493 0.15017 0.0257162 0.124454 0.175887
494 0.157162 0.02894 0.128222 0.186102
495 0.160455 0.0291538 0.131302 0.189609
496 0.157526 0.0296599 0.127866 0.187186
497 0.153014 0.0208963 0.132118 0.17391
498 0.153549 0.0200375 0.133511 0.173586
499 0.154447 0.0320198 0.122427 0.186467
500 0.152159 0.0269935 0.125165 0.179152
501 0.146364 0.0258586 0.120506 0.172223
502 0.145915 0.0259546 0.119961 0.17187
503 0.144632 0.0258737 0.118758 0.170506
504 0.147797 0.0310172 0.11678 0.178814
505 0.149251 0.0320985 0.117152 0.181349
506 0.157783 0.03778 0.120002 0.195563
507 0.153399 0.0305696 0.12283 0.183969
508 0.156115 0.0314694 0.124645 0.187584
509 0.146856 0.0224798 0.124376 0.169336
510 0.143413 0.0176135 0.1258 0.161027
511 0.142002 0.0176712 0.124331 0.159673
512 0.15079 0.0235937 0.127197 0.174384
513 0.15434 0.0307901 0.12355 0.18513
514 0.149016 0.0248721 0.124144 0.173888
515 0.146835 0.0229229 0.123912 0.169758
516 0.149807 0.0283708 0.121436 0.178178
517 0.151325 0.0292829 0.122042 0.180608
518 0.14846 0.0244464 0.124013 0.172906
519 0.145744 0.0236201 0.122124 0.169364
520 0.156842 0.0369995 0.119842 0.193841
521 0.150726 0.0277555 0.122971 0.178482
522 0.14893 0.0239889 0.124941 0.172919
523 0.147476 0.0224011 0.125075 0.169877
524 0.147113 0.0183517 0.128761 0.165464
525 0.156884 0.02732 0.129564 0.184205
526 0.152394 0.0243433 0.128051 0.176737
527 0.153891 0.0222968 0.131594 0.176188
528 0.152822 0.022973 0.129849 0.175795
529 0.159172 0.0317973 0.127375 0.19097
530 0.150961 0.0168698 0.134092 0.167831
531 0.149422 0.0226258 0.126796 0.172048
532 0.148353 0.0100265 0.138326 0.158379
533 0.146877 0.00881368 0.138064 0.155691
534 0.150192 0.0181557 0.132036 0.168347
535 0.150363 0.0173135 0.133049 0.167676
536 0.162337 0.0470716 0.115265 0.209409
537 0.160049 0.0286269 0.131422 0.188676
538 0.161653 0.0418023 0.119851 0.203455
539 0.15945 0.0284166 0.131034 0.187867
540 0.159643 0.0312673 0.128376 0.19091
541 0.151304 0.0239629 0.127341 0.175266
542 0.154297 0.0287231 0.125574 0.18302
543 0.150042 0.0201075 0.129934 0.17015
544 0.156115 0.0218829 0.134232 0.177998
545 0.151667 0.0206779 0.130989 0.172345
546 0.152159 0.0216604 0.130499 0.173819
547 0.153142 0.0210481 0.132094 0.174191
548 0.154618 0.0352746 0.119343 0.189892
549 0.154083 0.02279 0.131293 0.176873
550 0.145701 0.018026 0.127675 0.163727
551 0.142665 0.0165294 0.126136 0.159194
552 0.14305 0.0114628 0.131587 0.154513
553 0.141297 0.00935319 0.131943 0.15065
554 0.143627 0.0115579 0.132069 0.155185
555 0.132658 0.0104321 0.122226 0.14309
556 0.136101 0.0128935 0.123207 0.148994
557 0.141703 0.0233372 0.118366 0.16504
558 0.138517 0.0223307 0.116186 0.160847
559 0.139671 0.0205796 0.119092 0.160251
560 0.142494 0.0261721 0.116322 0.168666
561 0.138303 0.0203076 0.117995 0.158611
562 0.139115 0.0192097 0.119906 0.158325
563 0.137854 0.0175709 0.120283 0.155425
564 0.139436 0.019187 0.120249 0.158623
565 0.142066 0.0279878 0.114079 0.170054
566 0.139586 0.0238695 0.115716 0.163455
567 0.145787 0.0265493 0.119238 0.172336
568 0.144183 0.0265049 0.117678 0.170688
569 0.152522 0.0322118 0.120311 0.184734
570 0.147006 0.0257221 0.121284 0.172728
571 0.148545 0.030684 0.117861 0.179229
572 0.153912 0.043462 0.11045 0.197374
573 0.163727 0.0346721 0.129055 0.198399
574 0.170227 0.0434348 0.126792 0.213662
575 0.165438 0.0366869 0.128751 0.202124
576 0.158125 0.0303419 0.127783 0.188467
577 0.152651 0.031109 0.121542 0.18376
578 0.15109 0.0263592 0.124731 0.177449
579 0.155046 0.0332731 0.121772 0.188319
580 0.155794 0.0318431 0.123951 0.187637
581 0.158082 0.0348513 0.123231 0.192933
582 0.150598 0.0209773 0.129621 0.171575
583 0.150833 0.0207921 0.130041 0.171625
584 0.145252 0.00819963 0.137053 0.153452
585 0.148994 0.0148288 0.134165 0.163823
586 0.152758 0.0186623 0.134095 0.17142
587 0.15079 0.0182089 0.132582 0.168999
588 0.153314 0.0210571 0.132256 0.174371
589 0.148524 0.0159859 0.132538 0.16451
590 0.152009 0.018926 0.133083 0.170935
591 0.16022 0.0268811 0.133339 0.187101
592 0.1596 0.0278528 0.131747 0.187453
593 0.162316 0.0312475 0.131068 0.193563
594 0.160113 0.0306778 0.129435 0.190791
595 0.172023 0.0405357 0.131488 0.212559
596 0.172472 0.0399379 0.132535 0.21241
597 0.181154 0.0423001 0.138854 0.223454
598 0.190819 0.0612502 0.129568 0.252069
599 0.172665 0.0356281 0.137037 0.208293
600 0.170527 0.0373449 0.133182 0.207871
601 0.158274 0.0226656 0.135609 0.18094
602 0.153912 0.0187378 0.135174 0.17265
603 0.151924 0.013979 0.137945 0.165903
604 0.150384 0.0107844 0.1396 0.161169
605 0.156157 0.0220394 0.134118 0.178197
606 0.155858 0.021504 0.134354 0.177362
607 0.155837 0.0181923 0.137644 0.174029
608 0.15233 0.0091996 0.14313 0.16153
609 0.155409 0.026232 0.129177 0.181641
610 0.153634 0.0237299 0.129904 0.177364
611 0.158766 0.0339937 0.124772 0.19276
612 0.160733 0.0296155 0.131118 0.190349
613 0.171275 0.0400742 0.131201 0.211349
614 0.163363 0.0261086 0.137255 0.189472
615 0.168538 0.0456898 0.122848 0.214228
616 0.166378 0.0304026 0.135976 0.196781
617 0.159921 0.0240341 0.135887 0.183955
618 0.156991 0.0224397 0.134552 0.179431
619 0.154319 0.0287252 0.125593 0.183044
620 0.161524 0.0327321 0.128792 0.194257
621 0.164817 0.037977 0.12684 0.202794
622 0.159023 0.030013 0.12901 0.189036
623 0.154981 0.0231132 0.131868 0.178095
624 0.145466 0.00922607 0.13624 0.154692
625 0.145509 0.0116349 0.133874 0.157144
626 0.145167 0.00850747 0.136659 0.153674
627 0.151453 0.0251263 0.126327 0.17658
628 0.153463 0.0234922 0.129971 0.176955
629 0.158232 0.0318212 0.12641 0.190053
630 0.158809 0.0337397 0.125069 0.192549
631 0.159194 0.0305252 0.128669 0.189719
632 0.16099 0.0311783 0.129812 0.192168
633 0.156521 0.0277368 0.128784 0.184258
634 0.151795 0.0239594 0.127836 0.175755
635 0.153399 0.0269612 0.126438 0.18036
636 0.149743 0.0229643 0.126778 0.172707
637 0.149315 0.022406 0.126909 0.171721
638 0.147754 0.0174829 0.130271 0.165237
639 0.148118 0.0245851 0.123532 0.172703
640 0.147797 0.0183938 0.129403 0.166191
641 0.147391 0.0178809 0.12951 0.165271
642 0.137939 0.00947564 0.128464 0.147415
643 0.139543 0.0150781 0.124465 0.154621
644 0.139009 0.015322 0.123687 0.154331
645 0.136785 0.00991866 0.126866 0.146703
646 0.13687 0.0083993 0.128471 0.14527
647 0.149828 0.0277241 0.122104 0.177552
648 0.135801 0.00899339 0.126808 0.144795
649 0.139287 0.0192843 0.120002 0.158571
650 0.139843 0.0186424 0.1212 0.158485
651 0.142494 0.0195716 0.122922 0.162066
652 0.145017 0.0205331 0.124484 0.16555
653 0.137982 0.0139216 0.124061 0.151904
654 0.136934 0.0120501 0.124884 0.148985
655 0.136143 0.00837069 0.127773 0.144514
656 0.136656 0.0100607 0.126596 0.146717
657 0.146172 0.0255984 0.120573 0.17177
658 0.145167 0.037744 0.107423 0.182911
659 0.137982 0.0188149 0.119167 0.156797
660 0.138388 0.0174488 0.12094 0.155837
661 0.138217 0.0169933 0.121224 0.155211
662 0.158125 0.0395187 0.118606 0.197643
663 0.150683 0.0261919 0.124492 0.176875
664 0.148481 0.0264498 0.122031 0.174931
665 0.157056 0.0291159 0.12794 0.186171
666 0.155238 0.0259783 0.12926 0.181216
667 0.166271 0.0438453 0.122426 0.210117
668 0.149935 0.0277459 0.122189 0.177681
669 0.148567 0.0275029 0.121064 0.176069
670 0.142793 0.0178311 0.124962 0.160624
671 0.14119 0.00967507 0.131515 0.150865
672 0.148674 0.0194539 0.12922 0.168127
673 0.134454 0.0130867 0.121367 0.147541
674 0.147947 0.0499903 0.0979562 0.197937
675 0.13903 0.0231683 0.115862 0.162198
676 0.174739 0.115792 0.0589472 0.290531
677 0.141468 0.0225027 0.118965 0.16397
678 0.143135 0.027541 0.115594 0.170676
679 0.141083 0.020622 0.120461 0.161705
680 0.135416 0.0181469 0.117269 0.153563
681 0.145616 0.0222768 0.123339 0.167893
682 0.140334 0.0231756 0.117159 0.16351
683 0.140249 0.0324646 0.107784 0.172713
684 0.138923 0.0185269 0.120396 0.15745
685 0.141874 0.017406 0.124468 0.15928
686 0.141061 0.0237832 0.117278 0.164844
687 0.142857 0.028097 0.11476 0.170954
688 0.135438 0.0183682 0.117069 0.153806
689 0.134753 0.0089969 0.125757 0.14375
690 0.140676 0.0185374 0.122139 0.159214
691 0.143756 0.0181847 0.125571 0.16194
692 0.142259 0.0174041 0.124855 0.159663
693 0.150897 0.0259509 0.124946 0.176848
694 0.146065 0.0195758 0.126489 0.165641
695 0.154447 0.0388516 0.115595 0.193298
696 0.154276 0.0380253 0.116251 0.192301
697 0.149443 0.0308958 0.118547 0.180339
698 0.147497 0.0303431 0.117154 0.177841
699 0.153698 0.0285099 0.125189 0.182208
700 0.14305 0.0177218 0.125328 0.160772
701 0.142686 0.0174712 0.125215 0.160158
702 0.144333 0.020974 0.123359 0.165307
703 0.158574 0.0381057 0.120468 0.196679
704 0.168196 0.036447 0.131749 0.204643
705 0.166806 0.0386087 0.128197 0.205415
706 0.156585 0.0361601 0.120425 0.192745
707 0.146706 0.0215986 0.125108 0.168305
708 0.14831 0.0254956 0.122814 0.173806
709 0.145124 0.0194087 0.125715 0.164533
710 0.150705 0.0292933 0.121412 0.179998
711 0.150234 0.0279288 0.122306 0.178163
712 0.143606 0.0250791 0.118527 0.168685
713 0.140527 0.0244374 0.116089 0.164964
714 0.142109 0.0209039 0.121205 0.163013
715 0.137212 0.0166874 0.120525 0.1539
716 0.13918 0.018014 0.121166 0.157194
717 0.143114 0.0306234 0.112491 0.173737
718 0.145231 0.0329124 0.112318 0.178143
719 0.148823 0.0355742 0.113249 0.184397
720 0.141361 0.0223239 0.119037 0.163685
721 0.138944 0.0178981 0.121046 0.156843
722 0.139201 0.0194761 0.119725 0.158677
723 0.141724 0.0224688 0.119255 0.164193
724 0.15975 0.0856104 0.0741394 0.24536
725 0.143862 0.0188232 0.125039 0.162686
726 0.142408 0.0215954 0.120813 0.164004
727 0.14908 0.0293182 0.119762 0.178398
728 0.148203 0.0339664 0.114237 0.182169
729 0.157056 0.0321929 0.124863 0.189248
730 0.146749 0.0259192 0.12083 0.172668
731 0.143242 0.0232072 0.120035 0.16645
732 0.136934 0.0218101 0.115124 0.158745
733 0.144418 0.0278277 0.116591 0.172246
734 0.138944 0.0198405 0.119104 0.158785
735 0.137127 0.00861621 0.128511 0.145743
736 0.136272 0.00739144 0.12888 0.143663
737 0.140014 0.0143951 0.125618 0.154409
738 0.138966 0.0198361 0.11913 0.158802
739 0.142751 0.016745 0.126006 0.159496
740 0.139671 0.0175095 0.122162 0.157181
741 0.146022 0.0217547 0.124267 0.167777
742 0.142494 0.0124421 0.130052 0.154936
743 0.145188 0.010731 0.134457 0.155919
744 0.1398 0.00860413 0.131196 0.148404
745 0.139458 0.0084302 0.131027 0.147888
746 0.141574 0.00934152 0.132233 0.150916
747 0.153677 0.0312805 0.122397 0.184958
748 0.151582 0.0297283 0.121853 0.18131
749 0.150149 0.0296999 0.120449 0.179849
750 0.165416 0.0370169 0.128399 0.202433
751 0.147113 0.0258693 0.121243 0.172982
752 0.150534 0.0288246 0.121709 0.179358
753 0.150213 0.0277721 0.122441 0.177985
754 0.14878 0.0245243 0.124256 0.173305
755 0.161311 0.044518 0.116793 0.205829
756 0.156991 0.0306182 0.126373 0.18761
757 0.15357 0.0308515 0.122719 0.184422
758 0.157419 0.0332066 0.124212 0.190626
759 0.160883 0.0432984 0.117585 0.204181
760 0.158146 0.0397463 0.1184 0.197892
761 0.169051 0.0481686 0.120883 0.21722
762 0.14583 0.0289569 0.116873 0.174787
763 0.143841 0.0281272 0.115714 0.171968
764 0.14645 0.032145 0.114305 0.178595
765 0.156564 0.04022 0.116344 0.196784
766 0.157269 0.0384609 0.118808 0.19573
767 0.154703 0.0326551 0.122048 0.187359
768 0.158959 0.0329715 0.125987 0.19193
769 0.143948 0.022772 0.121176 0.16672
770 0.142408 0.0226729 0.119736 0.165081
771 0.143264 0.0228072 0.120457 0.166071
772 0.148588 0.0254292 0.123159 0.174017
773 0.142451 0.022221 0.12023 0.164672
774 0.141489 0.0192801 0.122209 0.160769
775 0.139158 0.0186608 0.120497 0.157819
776 0.13841 0.0138088 0.124601 0.152219
777 0.135267 0.0100094 0.125257 0.145276
778 0.135288 0.00758319 0.127705 0.142871
779 0.136357 0.00989282 0.126464 0.14625
780 0.13454 0.00785463 0.126685 0.142394
781 0.13749 0.00899852 0.128492 0.146489
782 0.137255 0.0105245 0.126731 0.14778
783 0.140099 0.0206071 0.119492 0.160706
784 0.140484 0.0210948 0.119389 0.161579
785 0.138581 0.0139473 0.124634 0.152528
786 0.137255 0.00992069 0.127335 0.147176
787 0.141361 0.019445 0.121916 0.160806
788 0.145359 0.0278756 0.117484 0.173235
789 0.144589 0.0254329 0.119157 0.170022
790 0.145659 0.0192968 0.126362 0.164955
791 0.141575 0.0173046 0.12427 0.158879
792 0.141147 0.017443 0.123704 0.15859
793 0.139671 0.0172219 0.122449 0.156893
794 0.143093 0.0242458 0.118847 0.167338
795 0.150855 0.0262298 0.124625 0.177084
796 0.151817 0.0337635 0.118053 0.18558
797 0.14677 0.0224049 0.124366 0.169175
798 0.145573 0.0220029 0.12357 0.167576
799 0.148481 0.0269094 0.121572 0.17539
