# ../output/graphs/perf_serial79QUADRUPED
# step - mean (0.739593) - standard deviation (0.0520872) r=20 - ylow - yhigh
0 0.708386 0.0317506 0.676635 0.740136
1 0.73443 0.0305421 0.703888 0.764972
2 0.744971 0.0452922 0.699679 0.790264
3 0.747152 0.0718071 0.675345 0.818959
4 0.739091 0.031734 0.707357 0.770825
5 0.756924 0.100411 0.656513 0.857336
6 0.733724 0.0268606 0.706863 0.760585
7 0.722028 0.0195139 0.702514 0.741542
8 0.730944 0.0150687 0.715876 0.746013
9 0.730709 0.019614 0.711095 0.750323
10 0.734002 0.0369098 0.697092 0.770912
11 0.728913 0.0220896 0.706823 0.751003
12 0.729084 0.0286949 0.700389 0.757779
13 0.747708 0.0583586 0.68935 0.806067
14 0.733639 0.0316337 0.702005 0.765272
15 0.745506 0.0463464 0.69916 0.791852
16 0.728827 0.0231269 0.705701 0.751954
17 0.737466 0.0327615 0.704705 0.770228
18 0.737851 0.0423992 0.695452 0.78025
19 0.73366 0.0277788 0.705881 0.761439
20 0.752926 0.0804277 0.672498 0.833353
21 0.749996 0.0688359 0.68116 0.818832
22 0.74448 0.057383 0.687096 0.801863
23 0.735948 0.0353837 0.700564 0.771332
24 0.751664 0.101519 0.650145 0.853183
25 0.748564 0.0983126 0.650251 0.846876
26 0.728956 0.0214669 0.707489 0.750423
27 0.774886 0.125856 0.64903 0.900742
28 0.738834 0.0356582 0.703176 0.774493
29 0.735477 0.0299292 0.705548 0.765407
30 0.732634 0.0307899 0.701844 0.763423
31 0.728892 0.0170002 0.711891 0.745892
32 0.757224 0.0544952 0.702728 0.811719
33 0.748115 0.0512121 0.696903 0.799327
34 0.739348 0.0209987 0.718349 0.760346
35 0.768898 0.108412 0.660487 0.87731
36 0.7318 0.024173 0.707627 0.755973
37 0.750167 0.0645843 0.685583 0.814752
38 0.749312 0.0558596 0.693452 0.805172
39 0.747452 0.0423296 0.705122 0.789781
40 0.747409 0.0586267 0.688782 0.806036
41 0.758656 0.119605 0.639051 0.878261
42 0.764494 0.121703 0.642791 0.886197
43 0.762355 0.081257 0.681098 0.843612
44 0.75748 0.0868453 0.670635 0.844325
45 0.737423 0.0392601 0.698163 0.776683
46 0.745142 0.0464628 0.69868 0.791605
47 0.740994 0.0290729 0.711921 0.770067
48 0.768 0.0907425 0.677258 0.858743
49 0.753118 0.0637156 0.689403 0.816834
50 0.731286 0.0228272 0.708459 0.754114
51 0.742619 0.0536154 0.689004 0.796235
52 0.756646 0.0536422 0.703004 0.810289
53 0.742683 0.0348327 0.707851 0.777516
54 0.765456 0.115897 0.649559 0.881353
55 0.783631 0.139408 0.644223 0.923039
56 0.734152 0.0275248 0.706627 0.761676
57 0.750509 0.0617616 0.688748 0.812271
58 0.734216 0.033145 0.701071 0.767361
59 0.740289 0.0230423 0.717246 0.763331
60 0.742876 0.0362257 0.70665 0.779102
61 0.749376 0.0485302 0.700846 0.797906
62 0.73907 0.0372843 0.701785 0.776354
63 0.768428 0.0880669 0.680361 0.856495
64 0.746383 0.0212536 0.725129 0.767636
65 0.774672 0.0987358 0.675936 0.873408
66 0.753225 0.0480875 0.705138 0.801313
67 0.749141 0.0235325 0.725608 0.772673
68 0.753033 0.0345599 0.718473 0.787592
69 0.734579 0.0245378 0.710042 0.759117
70 0.737637 0.0206885 0.716949 0.758326
71 0.737466 0.0282252 0.709241 0.765691
72 0.749847 0.0642346 0.685612 0.814081
73 0.734045 0.0234861 0.710559 0.757531
74 0.752049 0.0631244 0.688925 0.815173
75 0.748157 0.0679447 0.680213 0.816102
76 0.72917 0.0104949 0.718675 0.739664
77 0.763981 0.131032 0.632949 0.895013
78 0.742021 0.0300871 0.711933 0.772108
79 0.728528 0.0185778 0.70995 0.747106
80 0.729854 0.0225318 0.707322 0.752386
81 0.727502 0.0150576 0.712444 0.742559
82 0.746105 0.0513038 0.694801 0.797408
83 0.729255 0.0197105 0.709545 0.748966
84 0.742341 0.0418432 0.700498 0.784185
85 0.74078 0.0368193 0.703961 0.7776
86 0.745442 0.057684 0.687758 0.803126
87 0.735007 0.0263016 0.708705 0.761309
88 0.750702 0.053073 0.697629 0.803775
89 0.771507 0.12573 0.645777 0.897237
90 0.737316 0.0269642 0.710352 0.764281
91 0.736461 0.0236782 0.712783 0.760139
92 0.734622 0.0229066 0.711715 0.757529
93 0.732527 0.0199393 0.712587 0.752466
94 0.763724 0.122302 0.641422 0.886026
95 0.731137 0.0186052 0.712532 0.749742
96 0.74309 0.0428139 0.700276 0.785904
97 0.771507 0.0754607 0.696046 0.846968
98 0.736653 0.028644 0.70801 0.765297
99 0.735328 0.0313809 0.703947 0.766709
100 0.739219 0.0406107 0.698609 0.77983
101 0.740524 0.0168244 0.723699 0.757348
102 0.735306 0.0176198 0.717687 0.752926
103 0.741614 0.031869 0.709745 0.773483
104 0.74232 0.0278614 0.714459 0.770181
105 0.726668 0.00904727 0.717621 0.735715
106 0.739048 0.0252037 0.713845 0.764252
107 0.74572 0.0632073 0.682512 0.808927
108 0.768813 0.0964703 0.672343 0.865283
109 0.748115 0.0430131 0.705102 0.791128
110 0.733489 0.0128519 0.720637 0.746341
111 0.74696 0.0513102 0.69565 0.79827
112 0.745827 0.0609535 0.684873 0.80678
113 0.748564 0.0462299 0.702334 0.794794
114 0.736461 0.0332113 0.70325 0.769672
115 0.777494 0.0966306 0.680864 0.874125
116 0.72748 0.012356 0.715124 0.739836
117 0.738578 0.0188824 0.719695 0.75746
118 0.751685 0.0600459 0.69164 0.811731
119 0.735948 0.0267623 0.709186 0.76271
120 0.751087 0.0659428 0.685144 0.81703
121 0.754615 0.045621 0.708994 0.800236
122 0.766824 0.0636657 0.703159 0.83049
123 0.743068 0.0428453 0.700223 0.785914
124 0.736889 0.0202321 0.716657 0.757121
125 0.746532 0.0346993 0.711833 0.781232
126 0.75686 0.0964999 0.66036 0.85336
127 0.747024 0.0367261 0.710298 0.78375
128 0.752648 0.0582289 0.694419 0.810877
129 0.751365 0.0463558 0.705009 0.797721
130 0.751557 0.041461 0.710096 0.793018
131 0.741978 0.0508661 0.691112 0.792844
132 0.734066 0.0430667 0.690999 0.777133
133 0.74046 0.0399215 0.700538 0.780381
134 0.719013 0.0240081 0.695005 0.743021
135 0.717708 0.0248429 0.692866 0.742551
136 0.726155 0.0625931 0.663562 0.788748
137 0.715976 0.0138209 0.702156 0.729797
138 0.726005 0.0389263 0.687079 0.764931
139 0.726625 0.0343903 0.692235 0.761015
140 0.72098 0.0135404 0.70744 0.73452
141 0.726347 0.0329818 0.693365 0.759329
142 0.716447 0.0122648 0.704182 0.728712
143 0.723674 0.0221892 0.701485 0.745863
144 0.737958 0.09927 0.638688 0.837228
145 0.714629 0.0158667 0.698763 0.730496
146 0.718671 0.0137685 0.704902 0.732439
147 0.719227 0.0152082 0.704018 0.734435
148 0.729747 0.0455843 0.684163 0.775331
149 0.71696 0.0294107 0.687549 0.746371
150 0.717858 0.0298097 0.688048 0.747668
151 0.729832 0.0259703 0.703862 0.755803
152 0.718115 0.0181234 0.699991 0.736238
153 0.726946 0.0432721 0.683674 0.770218
154 0.712363 0.00946058 0.702902 0.721823
155 0.714651 0.0235108 0.69114 0.738162
156 0.719098 0.0219534 0.697145 0.741052
157 0.723653 0.0184364 0.705216 0.742089
158 0.720574 0.0222591 0.698315 0.742833
159 0.720424 0.0294827 0.690941 0.749907
160 0.735007 0.0360514 0.698956 0.771058
161 0.734964 0.0344037 0.700561 0.769368
162 0.74046 0.0499636 0.690496 0.790423
163 0.745869 0.0569161 0.688953 0.802785
164 0.733959 0.0373796 0.69658 0.771339
165 0.754636 0.102856 0.65178 0.857492
166 0.729084 0.0208154 0.708269 0.749899
167 0.727224 0.0468428 0.680381 0.774067
168 0.717837 0.024998 0.692839 0.742835
169 0.710759 0.0194142 0.691345 0.730173
170 0.709284 0.0130707 0.696213 0.722354
171 0.724936 0.0296947 0.695241 0.754631
172 0.721707 0.0430728 0.678634 0.76478
173 0.722477 0.0364099 0.686067 0.758887
174 0.721557 0.0538123 0.667745 0.77537
175 0.71294 0.023457 0.689483 0.736397
176 0.716768 0.0361187 0.680649 0.752886
177 0.718521 0.0133646 0.705156 0.731886
178 0.726475 0.0513613 0.675114 0.777837
179 0.728849 0.0632208 0.665628 0.79207
180 0.72979 0.0531778 0.676612 0.782967
181 0.743368 0.0876172 0.65575 0.830985
182 0.713282 0.0208627 0.69242 0.734145
183 0.714972 0.0273892 0.687582 0.742361
184 0.719269 0.0235977 0.695672 0.742867
185 0.718158 0.0184745 0.699683 0.736632
186 0.720552 0.0243168 0.696235 0.744869
187 0.713667 0.0203985 0.693269 0.734066
188 0.720809 0.0265105 0.694298 0.747319
189 0.728336 0.0394707 0.688865 0.767806
190 0.729683 0.0791023 0.65058 0.808785
191 0.719034 0.0191091 0.699925 0.738143
192 0.734708 0.0271989 0.707509 0.761907
193 0.729747 0.0326659 0.697081 0.762413
194 0.740759 0.0587481 0.682011 0.799507
195 0.735969 0.0479787 0.687991 0.783948
196 0.729319 0.0306709 0.698648 0.75999
197 0.717302 0.0180093 0.699293 0.735311
198 0.751835 0.0548898 0.696945 0.806725
199 0.725941 0.0233134 0.702627 0.749254
200 0.730859 0.0183537 0.712505 0.749213
201 0.724743 0.0226608 0.702083 0.747404
202 0.735905 0.0400553 0.69585 0.77596
203 0.732056 0.0262816 0.705775 0.758338
204 0.743282 0.0511016 0.69218 0.794384
205 0.731265 0.0401305 0.691135 0.771396
206 0.738193 0.0481329 0.69006 0.786326
207 0.723995 0.0305532 0.693442 0.754548
208 0.735477 0.029555 0.705922 0.765032
209 0.72346 0.0176896 0.705771 0.74115
210 0.732056 0.0385191 0.693537 0.770575
211 0.730175 0.0354068 0.694768 0.765581
212 0.731436 0.0247131 0.706723 0.756149
213 0.756069 0.0629087 0.69316 0.818978
214 0.736611 0.0264134 0.710197 0.763024
215 0.722455 0.017006 0.705449 0.739461
216 0.734708 0.0169315 0.717776 0.751639
217 0.74247 0.0356885 0.706781 0.778158
218 0.735242 0.0345182 0.700724 0.76976
219 0.742619 0.0343873 0.708232 0.777007
220 0.760709 0.0727789 0.68793 0.833488
221 0.737958 0.0244883 0.71347 0.762446
222 0.746981 0.0850286 0.661953 0.83201
223 0.729704 0.0103339 0.71937 0.740038
224 0.744822 0.0258648 0.718957 0.770686
225 0.750766 0.0574651 0.693301 0.808231
226 0.742106 0.0151048 0.727001 0.757211
227 0.741593 0.021284 0.720309 0.762877
228 0.763831 0.0705573 0.693274 0.834388
229 0.748136 0.026799 0.721337 0.774935
230 0.744779 0.0346263 0.710153 0.779405
231 0.738792 0.0253514 0.71344 0.764143
232 0.743838 0.0420586 0.701779 0.785897
233 0.741657 0.03439 0.707267 0.776047
234 0.733574 0.017371 0.716203 0.750945
235 0.77031 0.0958488 0.674461 0.866159
236 0.740716 0.024196 0.71652 0.764912
237 0.736675 0.0294216 0.707253 0.766096
238 0.739433 0.0247106 0.714723 0.764144
239 0.742021 0.0428531 0.699167 0.784874
240 0.734237 0.0161491 0.718088 0.750386
241 0.733917 0.0162025 0.717714 0.750119
242 0.732612 0.0218203 0.710792 0.754432
243 0.74279 0.0348289 0.707961 0.777619
244 0.744608 0.0465498 0.698058 0.791158
245 0.734451 0.0202941 0.714157 0.754745
246 0.741144 0.0265883 0.714556 0.767732
247 0.74681 0.052687 0.694123 0.799497
248 0.731222 0.0102995 0.720923 0.741522
249 0.728443 0.015759 0.712684 0.744202
250 0.749055 0.0399279 0.709128 0.788983
251 0.744052 0.0406278 0.703424 0.78468
252 0.730089 0.0104172 0.719672 0.740506
253 0.734023 0.0120659 0.721958 0.746089
254 0.731842 0.0179431 0.713899 0.749786
255 0.734472 0.0255002 0.708972 0.759973
256 0.775848 0.104659 0.671189 0.880507
257 0.747067 0.0301648 0.716902 0.777232
258 0.772106 0.0961728 0.675933 0.868279
259 0.751557 0.0429374 0.70862 0.794495
260 0.756582 0.0503277 0.706254 0.80691
261 0.741807 0.0360931 0.705714 0.7779
262 0.735199 0.016238 0.718961 0.751437
263 0.738043 0.0278762 0.710167 0.76592
264 0.763275 0.0844314 0.678844 0.847706
265 0.739797 0.0305504 0.709246 0.770347
266 0.729383 0.0151714 0.714212 0.744555
267 0.737552 0.0293216 0.70823 0.766873
268 0.750552 0.0841026 0.66645 0.834655
269 0.736183 0.0251176 0.711065 0.761301
270 0.728421 0.0208277 0.707593 0.749249
271 0.75284 0.0437726 0.709068 0.796613
272 0.735007 0.0333753 0.701632 0.768382
273 0.748756 0.0849116 0.663844 0.833668
274 0.731736 0.0230276 0.708708 0.754763
275 0.754743 0.0547258 0.700017 0.809469
276 0.725171 0.0146561 0.710515 0.739827
277 0.738941 0.0464008 0.692541 0.785342
278 0.744907 0.0485231 0.696384 0.79343
279 0.74016 0.0894152 0.650745 0.829575
280 0.726989 0.0263479 0.700641 0.753336
281 0.726433 0.0460072 0.680425 0.77244
282 0.736589 0.0706008 0.665989 0.80719
283 0.756497 0.0864129 0.670084 0.842909
284 0.713539 0.0144225 0.699116 0.727961
285 0.72299 0.032067 0.690923 0.755057
286 0.726304 0.0348652 0.691439 0.761169
287 0.731115 0.0526702 0.678445 0.783786
288 0.737958 0.0560785 0.681879 0.794036
289 0.746404 0.0646218 0.681782 0.811026
290 0.738214 0.0496138 0.688601 0.787828
291 0.749526 0.0935612 0.655965 0.843087
292 0.73644 0.0321396 0.7043 0.768579
293 0.736269 0.0409294 0.695339 0.777198
294 0.725898 0.0205248 0.705373 0.746423
295 0.743154 0.0513833 0.69177 0.794537
296 0.733831 0.0315028 0.702328 0.765334
297 0.722113 0.0221549 0.699958 0.744268
298 0.727031 0.0228378 0.704193 0.749869
299 0.73768 0.0401309 0.697549 0.777811
300 0.75361 0.0889556 0.664654 0.842565
301 0.731222 0.0269048 0.704317 0.758127
302 0.724914 0.0145696 0.710345 0.739484
303 0.722584 0.0237562 0.698828 0.74634
304 0.731928 0.0370628 0.694865 0.768991
305 0.745249 0.0611918 0.684058 0.806441
306 0.73845 0.0583917 0.680058 0.796841
307 0.728721 0.0265341 0.702186 0.755255
308 0.740866 0.0499422 0.690924 0.790808
309 0.723888 0.0223008 0.701587 0.746189
310 0.727245 0.0283887 0.698856 0.755634
311 0.746939 0.0631815 0.683757 0.81012
312 0.721493 0.0153133 0.70618 0.736806
313 0.725877 0.0210808 0.704796 0.746957
314 0.732505 0.0422092 0.690296 0.774714
315 0.732185 0.0509557 0.681229 0.78314
316 0.727523 0.0275043 0.700019 0.755027
317 0.724038 0.0283803 0.695657 0.752418
318 0.739412 0.0549844 0.684427 0.794396
319 0.740631 0.0719482 0.668682 0.812579
320 0.733788 0.0309472 0.702841 0.764735
321 0.736931 0.0327557 0.704176 0.769687
322 0.741978 0.0408219 0.701156 0.7828
323 0.741358 0.0357249 0.705633 0.777083
324 0.747281 0.0764723 0.670808 0.823753
325 0.736889 0.0475888 0.6893 0.784477
326 0.719868 0.0241323 0.695736 0.744
327 0.712855 0.0125717 0.700283 0.725426
328 0.720745 0.0130018 0.707743 0.733747
329 0.726903 0.0251829 0.70172 0.752086
330 0.737038 0.0380788 0.69896 0.775117
331 0.755898 0.0964472 0.659451 0.852345
332 0.771871 0.204799 0.567072 0.97667
333 0.730923 0.0379806 0.692942 0.768904
334 0.7281 0.0324756 0.695625 0.760576
335 0.742405 0.0467552 0.69565 0.789161
336 0.724273 0.020786 0.703487 0.745059
337 0.733959 0.0257065 0.708253 0.759666
338 0.740053 0.0484532 0.6916 0.788507
339 0.73289 0.0224148 0.710475 0.755305
340 0.735199 0.0285233 0.706676 0.763723
341 0.738321 0.0266646 0.711657 0.764986
342 0.729512 0.021116 0.708396 0.750628
343 0.740994 0.0325283 0.708466 0.773523
344 0.75934 0.0707057 0.688635 0.830046
345 0.75763 0.0471023 0.710528 0.804732
346 0.759832 0.0658133 0.694019 0.825646
347 0.742833 0.0222017 0.720631 0.765035
348 0.743795 0.0179568 0.725839 0.761752
349 0.748735 0.0399439 0.708791 0.788679
350 0.741785 0.0175022 0.724283 0.759287
351 0.742363 0.0182212 0.724141 0.760584
352 0.758849 0.0316071 0.727242 0.790456
353 0.771229 0.0597378 0.711491 0.830967
354 0.766931 0.0287232 0.738208 0.795655
355 0.751108 0.0131758 0.737932 0.764284
356 0.757416 0.0274558 0.72996 0.784872
357 0.754294 0.0363237 0.71797 0.790618
358 0.745549 0.0222722 0.723276 0.767821
359 0.741529 0.024273 0.717256 0.765802
360 0.745057 0.0134263 0.731631 0.758483
361 0.73567 0.00889465 0.726775 0.744565
362 0.743346 0.0155513 0.727795 0.758898
363 0.745976 0.0274786 0.718498 0.773455
364 0.749889 0.0345681 0.715321 0.784457
365 0.742127 0.0223013 0.719826 0.764429
366 0.767722 0.0791209 0.688602 0.846843
367 0.748991 0.0245476 0.724444 0.773539
368 0.768407 0.0673279 0.701079 0.835735
369 0.75547 0.0324902 0.72298 0.78796
370 0.754487 0.0441146 0.710372 0.798601
371 0.756625 0.0299824 0.726642 0.786607
372 0.750531 0.0338557 0.716675 0.784387
373 0.757117 0.0403792 0.716737 0.797496
374 0.747473 0.0337356 0.713738 0.781209
375 0.754422 0.0314698 0.722953 0.785892
376 0.746468 0.0233619 0.723106 0.76983
377 0.755321 0.0242787 0.731042 0.779599
378 0.788656 0.0824306 0.706225 0.871087
379 0.747152 0.0243473 0.722805 0.7715
380 0.745955 0.0236605 0.722294 0.769615
381 0.7516 0.0259387 0.725661 0.777539
382 0.768086 0.121209 0.646877 0.889295
383 0.741807 0.011268 0.730539 0.753075
384 0.754936 0.0201134 0.734822 0.775049
385 0.764665 0.0417084 0.722956 0.806373
386 0.764879 0.0605664 0.704312 0.825445
387 0.776725 0.0664501 0.710274 0.843175
388 0.74572 0.0216491 0.724071 0.767369
389 0.7516 0.0512896 0.70031 0.80289
390 0.731586 0.015367 0.716219 0.746953
391 0.727716 0.00753114 0.720184 0.735247
392 0.734472 0.0333609 0.701112 0.767833
393 0.738599 0.0306006 0.707999 0.7692
394 0.733446 0.0243298 0.709116 0.757776
395 0.731543 0.018264 0.713279 0.749807
396 0.774971 0.0987178 0.676253 0.873689
397 0.733724 0.0231356 0.710588 0.75686
398 0.759127 0.0989241 0.660203 0.858051
399 0.746468 0.0742025 0.672266 0.820671
400 0.735477 0.0311385 0.704339 0.766616
401 0.728229 0.0127059 0.715523 0.740935
402 0.737231 0.0475859 0.689645 0.784817
403 0.720103 0.00780777 0.712296 0.727911
404 0.729961 0.0146385 0.715322 0.744599
405 0.730239 0.0219896 0.708249 0.752228
406 0.726839 0.0108639 0.715975 0.737703
407 0.744758 0.0431072 0.70165 0.787865
408 0.74341 0.0488291 0.694581 0.79224
409 0.797295 0.187285 0.61001 0.984579
410 0.740075 0.0368029 0.703272 0.776878
411 0.72949 0.0172613 0.712229 0.746752
412 0.729619 0.0118112 0.717807 0.74143
413 0.733168 0.0144559 0.718712 0.747624
414 0.746939 0.0581693 0.688769 0.805108
415 0.733425 0.0336688 0.699756 0.767094
416 0.754251 0.0471364 0.707115 0.801388
417 0.75609 0.0893457 0.666745 0.845436
418 0.744565 0.0315892 0.712976 0.776154
419 0.756454 0.0703069 0.686147 0.826761
420 0.747259 0.0282663 0.718993 0.775526
421 0.747131 0.0449692 0.702162 0.7921
422 0.732441 0.0166137 0.715827 0.749055
423 0.753353 0.0487398 0.704614 0.802093
424 0.730538 0.0106286 0.719909 0.741167
425 0.750702 0.0454385 0.705263 0.79614
426 0.733168 0.0228978 0.71027 0.756066
427 0.732142 0.0288955 0.703246 0.761037
428 0.730859 0.0171173 0.713741 0.747976
429 0.742127 0.033976 0.708151 0.776103
430 0.722284 0.0066945 0.71559 0.728979
431 0.754765 0.061081 0.693684 0.815846
432 0.738792 0.0525327 0.686259 0.791324
433 0.739519 0.0333202 0.706199 0.772839
434 0.726882 0.0117001 0.715181 0.738582
435 0.721835 0.0269027 0.694933 0.748738
436 0.731885 0.0610249 0.67086 0.79291
437 0.735777 0.039215 0.696562 0.774992
438 0.724145 0.0306595 0.693485 0.754804
439 0.721579 0.0134096 0.708169 0.734988
440 0.725171 0.0339407 0.69123 0.759112
441 0.717837 0.0090137 0.708823 0.72685
442 0.726732 0.0496052 0.677127 0.776337
443 0.716447 0.0198502 0.696597 0.736297
444 0.723439 0.0429448 0.680494 0.766384
445 0.721215 0.0234911 0.697724 0.744706
446 0.716832 0.0111022 0.70573 0.727934
447 0.714907 0.026787 0.68812 0.741694
448 0.739583 0.0450072 0.694576 0.78459
449 0.734943 0.0267553 0.708188 0.761698
450 0.742705 0.0507224 0.691982 0.793427
451 0.728956 0.0322535 0.696702 0.761209
452 0.729619 0.0335131 0.696106 0.763132
453 0.722883 0.0199583 0.702925 0.742841
454 0.735755 0.0664146 0.669341 0.80217
455 0.730859 0.0367421 0.694117 0.767601
456 0.717495 0.0216309 0.695864 0.739126
457 0.725064 0.0457274 0.679337 0.770791
458 0.711892 0.0211583 0.690734 0.733051
459 0.710887 0.0227626 0.688125 0.73365
460 0.711957 0.0275352 0.684421 0.739492
461 0.712192 0.0144179 0.697774 0.72661
462 0.720424 0.0463074 0.674117 0.766731
463 0.72175 0.0336283 0.688121 0.755378
464 0.729448 0.0358306 0.693617 0.765278
465 0.710438 0.0154292 0.695009 0.725868
466 0.724957 0.0285801 0.696377 0.753537
467 0.713304 0.0262547 0.687049 0.739558
468 0.720788 0.031788 0.689 0.752576
469 0.735563 0.078168 0.657395 0.813731
470 0.725214 0.0330115 0.692202 0.758225
471 0.70458 0.00696229 0.697617 0.711542
472 0.722691 0.0651941 0.657497 0.787885
473 0.715057 0.0361078 0.678949 0.751165
474 0.723546 0.0408747 0.682671 0.764421
475 0.739369 0.0896127 0.649756 0.828982
476 0.712919 0.0161941 0.696725 0.729113
477 0.710267 0.0193889 0.690878 0.729656
478 0.719141 0.0398451 0.679296 0.758986
479 0.715784 0.0222449 0.693539 0.738029
480 0.731992 0.033177 0.698815 0.765169
481 0.736418 0.0577583 0.67866 0.794177
482 0.734793 0.0718307 0.662962 0.806624
483 0.724358 0.0239217 0.700437 0.74828
484 0.745805 0.0547662 0.691039 0.800571
485 0.741016 0.0454637 0.695552 0.786479
486 0.754914 0.106291 0.648623 0.861205
487 0.768193 0.137838 0.630355 0.906031
488 0.752562 0.0695473 0.683015 0.822109
489 0.738813 0.0694063 0.669407 0.808219
490 0.743603 0.0510779 0.692525 0.794681
491 0.733532 0.0272143 0.706317 0.760746
492 0.726262 0.0307491 0.695512 0.757011
493 0.723845 0.012734 0.711111 0.736579
494 0.72346 0.0171574 0.706303 0.740618
495 0.720274 0.0159543 0.70432 0.736229
496 0.756539 0.106474 0.650066 0.863013
497 0.725342 0.0182943 0.707048 0.743636
498 0.731351 0.0227406 0.70861 0.754091
499 0.738706 0.0494769 0.689229 0.788183
500 0.730281 0.0276729 0.702609 0.757954
501 0.733788 0.0308774 0.702911 0.764666
502 0.733489 0.0297341 0.703755 0.763223
503 0.728614 0.0217746 0.706839 0.750388
504 0.730773 0.0323393 0.698434 0.763113
505 0.737958 0.0248445 0.713113 0.762802
506 0.754893 0.0798664 0.675027 0.834759
507 0.737915 0.0307106 0.707204 0.768626
508 0.737744 0.0214428 0.716301 0.759187
509 0.754358 0.0769819 0.677376 0.83134
510 0.731158 0.0150362 0.716122 0.746194
511 0.764601 0.096278 0.668323 0.860879
512 0.76135 0.038504 0.722846 0.799854
513 0.758699 0.0506804 0.708019 0.809379
514 0.751172 0.0412044 0.709968 0.792377
515 0.766546 0.0715738 0.694973 0.83812
516 0.746105 0.0222397 0.723865 0.768344
517 0.736974 0.0192743 0.7177 0.756249
518 0.745078 0.0448301 0.700248 0.789908
519 0.735477 0.0288533 0.706624 0.764331
520 0.746083 0.0476923 0.698391 0.793776
521 0.736953 0.0237002 0.713253 0.760653
522 0.738364 0.0402095 0.698155 0.778574
523 0.743881 0.0330303 0.710851 0.776911
524 0.735285 0.021 0.714285 0.756285
525 0.735392 0.0233549 0.712037 0.758747
526 0.752819 0.0984975 0.654321 0.851316
527 0.733938 0.0146146 0.719323 0.748552
528 0.73907 0.0236588 0.715411 0.762728
529 0.737872 0.0328543 0.705018 0.770727
530 0.740139 0.0184085 0.72173 0.758547
531 0.758806 0.0769363 0.68187 0.835742
532 0.74448 0.0354556 0.709024 0.779935
533 0.796439 0.221417 0.575022 1.01786
534 0.734002 0.0286049 0.705397 0.762607
535 0.739668 0.0244475 0.715221 0.764116
536 0.737466 0.0225854 0.714881 0.760051
537 0.731778 0.013456 0.718322 0.745234
538 0.731821 0.0251778 0.706643 0.756999
539 0.738578 0.0308205 0.707757 0.769398
540 0.738407 0.0237851 0.714622 0.762192
541 0.738599 0.0426428 0.695957 0.781242
542 0.752113 0.0398753 0.712238 0.791988
543 0.745506 0.037622 0.707884 0.783128
544 0.740631 0.0272788 0.713352 0.76791
545 0.749333 0.0360275 0.713306 0.785361
546 0.751386 0.0529489 0.698437 0.804335
547 0.754508 0.0340123 0.720496 0.78852
548 0.744715 0.029664 0.715051 0.774379
549 0.742427 0.0300572 0.71237 0.772484
550 0.732356 0.0169453 0.71541 0.749301
551 0.737979 0.0309826 0.706997 0.768962
552 0.738514 0.0273474 0.711166 0.765861
553 0.734836 0.0193567 0.715479 0.754193
554 0.730624 0.0158731 0.714751 0.746497
555 0.736547 0.0210899 0.715457 0.757636
556 0.770032 0.100175 0.669856 0.870207
557 0.750445 0.0578682 0.692577 0.808313
558 0.732035 0.0230987 0.708936 0.755134
559 0.742576 0.0495825 0.692994 0.792159
560 0.737894 0.0247317 0.713162 0.762625
561 0.766397 0.0649536 0.701443 0.83135
562 0.730324 0.0146016 0.715723 0.744926
563 0.749098 0.0354251 0.713673 0.784523
564 0.748157 0.0418306 0.706327 0.789988
565 0.75748 0.109503 0.647977 0.866983
566 0.751685 0.0436776 0.708008 0.795363
567 0.734665 0.0257356 0.708929 0.760401
568 0.740331 0.029981 0.71035 0.770312
569 0.722434 0.022898 0.699536 0.745332
570 0.74448 0.0574627 0.687017 0.801942
571 0.740267 0.0465969 0.69367 0.786864
572 0.774993 0.140008 0.634985 0.915001
573 0.735606 0.038871 0.696735 0.774477
574 0.728079 0.0292805 0.698799 0.75736
575 0.742234 0.0445981 0.697636 0.786833
576 0.740524 0.0293282 0.711196 0.769852
577 0.729063 0.0333458 0.695717 0.762408
578 0.745677 0.0546881 0.690989 0.800365
579 0.739284 0.0301403 0.709143 0.769424
580 0.728934 0.0237432 0.705191 0.752678
581 0.740673 0.0435372 0.697136 0.784211
582 0.7414 0.054299 0.687101 0.795699
583 0.746083 0.0482015 0.697882 0.794285
584 0.753781 0.102397 0.651384 0.856178
585 0.745485 0.118166 0.627318 0.863651
586 0.738107 0.049021 0.689087 0.787128
587 0.739155 0.0401945 0.698961 0.77935
588 0.746981 0.0751864 0.671795 0.822168
589 0.71758 0.0147031 0.702877 0.732283
590 0.730153 0.0299843 0.700169 0.760137
591 0.719526 0.0140713 0.705455 0.733597
592 0.722413 0.0223089 0.700104 0.744722
593 0.734301 0.0360609 0.69824 0.770362
594 0.725556 0.0279154 0.69764 0.753471
595 0.741058 0.0519871 0.689071 0.793045
596 0.73088 0.0396929 0.691187 0.770573
597 0.734644 0.0396004 0.695043 0.774244
598 0.724701 0.0235863 0.701114 0.748287
599 0.72748 0.0316844 0.695796 0.759165
600 0.726433 0.0387455 0.687687 0.765178
601 0.719697 0.0149415 0.704756 0.734639
602 0.740075 0.0501671 0.689908 0.790242
603 0.7482 0.073069 0.675131 0.821269
604 0.738963 0.0393495 0.699613 0.778312
605 0.723054 0.0316749 0.691379 0.754729
606 0.730175 0.0377284 0.692446 0.767903
607 0.742256 0.0738449 0.668411 0.816101
608 0.729041 0.0259596 0.703082 0.755001
609 0.749077 0.117049 0.632027 0.866126
610 0.735841 0.0283051 0.707536 0.764146
611 0.741229 0.0552336 0.685996 0.796463
612 0.752498 0.106091 0.646407 0.858589
613 0.757288 0.0604453 0.696842 0.817733
614 0.718243 0.0123291 0.705914 0.730572
615 0.71016 0.0136624 0.696498 0.723823
616 0.726176 0.0309289 0.695247 0.757105
617 0.723803 0.0363149 0.687488 0.760117
618 0.733446 0.0309032 0.702543 0.764349
619 0.738749 0.0492365 0.689512 0.787985
620 0.731757 0.0350831 0.696674 0.76684
621 0.744864 0.0510552 0.693809 0.79592
622 0.721493 0.0210338 0.700459 0.742527
623 0.731329 0.0362757 0.695054 0.767605
624 0.734772 0.029072 0.7057 0.763844
625 0.718885 0.0150707 0.703814 0.733955
626 0.741828 0.0676512 0.674177 0.809479
627 0.72748 0.0187388 0.708742 0.746219
628 0.733639 0.0236104 0.710028 0.757249
629 0.736696 0.0237701 0.712926 0.760466
630 0.724808 0.0128198 0.711988 0.737627
631 0.734344 0.0441224 0.690222 0.778467
632 0.742149 0.0351484 0.707 0.777297
633 0.734451 0.030188 0.704263 0.764639
634 0.729854 0.0215264 0.708327 0.75138
635 0.733596 0.0396027 0.693993 0.773198
636 0.73984 0.0321187 0.707721 0.771958
637 0.733382 0.023778 0.709604 0.75716
638 0.735135 0.0422403 0.692895 0.777376
639 0.742683 0.0340695 0.708614 0.776753
640 0.754401 0.0284939 0.725907 0.782895
641 0.746618 0.0246902 0.721928 0.771308
642 0.757138 0.0327327 0.724405 0.789871
643 0.811258 0.128288 0.682969 0.939546
644 0.783032 0.0612071 0.721825 0.84424
645 0.763211 0.0349503 0.72826 0.798161
646 0.749504 0.0241378 0.725367 0.773642
647 0.766183 0.0438436 0.722339 0.810027
648 0.758528 0.0811635 0.677364 0.839691
649 0.768984 0.0712316 0.697752 0.840216
650 0.740738 0.0203573 0.72038 0.761095
651 0.753246 0.0398668 0.71338 0.793113
652 0.744651 0.0230726 0.721578 0.767723
653 0.749526 0.0259572 0.723569 0.775483
654 0.754658 0.0400049 0.714653 0.794663
655 0.744394 0.0180666 0.726327 0.762461
656 0.770823 0.0795321 0.691291 0.850355
657 0.752755 0.0249976 0.727757 0.777752
658 0.752584 0.0273138 0.72527 0.779897
659 0.755256 0.0462345 0.709022 0.801491
660 0.748649 0.022652 0.725997 0.771301
661 0.743004 0.0218511 0.721153 0.764855
662 0.765157 0.0736983 0.691458 0.838855
663 0.745698 0.0194993 0.726199 0.765198
664 0.751899 0.0326038 0.719296 0.784503
665 0.751322 0.0291794 0.722143 0.780501
666 0.747516 0.0263545 0.721161 0.77387
667 0.774479 0.112562 0.661918 0.887041
668 0.77294 0.0564635 0.716476 0.829403
669 0.758464 0.0340701 0.724394 0.792534
670 0.760153 0.0870942 0.673059 0.847247
671 0.793595 0.115933 0.677663 0.909528
672 0.762676 0.0459378 0.716738 0.808614
673 0.774779 0.0577862 0.716993 0.832565
674 0.757309 0.0272205 0.730089 0.78453
675 0.771058 0.0692748 0.701783 0.840333
676 0.75299 0.0286715 0.724318 0.781661
677 0.770139 0.108502 0.661637 0.878641
678 0.772854 0.112283 0.660571 0.885137
679 0.743539 0.0298103 0.713728 0.773349
680 0.752562 0.0406036 0.711959 0.793166
681 0.766354 0.110422 0.655932 0.876776
682 0.737958 0.0242096 0.713748 0.762167
683 0.742213 0.0276786 0.714534 0.769892
684 0.736931 0.0255136 0.711418 0.762445
685 0.738899 0.0319307 0.706968 0.770829
686 0.736482 0.0189775 0.717505 0.75546
687 0.755321 0.0645104 0.69081 0.819831
688 0.75733 0.0587264 0.698604 0.816057
689 0.75547 0.0528989 0.702571 0.808369
690 0.751279 0.0598844 0.691395 0.811164
691 0.751215 0.0486575 0.702558 0.799873
692 0.744822 0.0252269 0.719595 0.770049
693 0.741743 0.0276634 0.714079 0.769406
694 0.73892 0.0172049 0.721715 0.756125
695 0.737423 0.0234299 0.713993 0.760853
696 0.756154 0.0561243 0.70003 0.812279
697 0.761179 0.0570565 0.704123 0.818236
698 0.756069 0.0525589 0.70351 0.808628
699 0.740075 0.0267673 0.713307 0.766842
700 0.739604 0.0279913 0.711613 0.767596
701 0.740246 0.0341583 0.706087 0.774404
702 0.742854 0.0257742 0.71708 0.768629
703 0.734237 0.0257253 0.708512 0.759963
704 0.744864 0.0246437 0.720221 0.769508
705 0.740289 0.0245282 0.71576 0.764817
706 0.762826 0.0450574 0.717768 0.807883
707 0.751835 0.0350003 0.716835 0.786835
708 0.738578 0.0163397 0.722238 0.754918
709 0.746981 0.0256499 0.721331 0.772631
710 0.746318 0.0375537 0.708765 0.783872
711 0.766931 0.0847634 0.682168 0.851695
712 0.748692 0.0354491 0.713243 0.784141
713 0.771229 0.122711 0.648518 0.89394
714 0.756539 0.0431111 0.713428 0.79965
715 0.74232 0.0246769 0.717643 0.766997
716 0.753075 0.102606 0.65047 0.855681
717 0.757395 0.0928049 0.66459 0.8502
718 0.735734 0.0250801 0.710654 0.760814
719 0.736461 0.0179517 0.718509 0.754413
720 0.76537 0.149618 0.615753 0.914988
721 0.735755 0.0207953 0.71496 0.756551
722 0.76242 0.0492282 0.713191 0.811648
723 0.733232 0.0184007 0.714832 0.751633
724 0.74232 0.0271375 0.715182 0.769457
725 0.723803 0.0247786 0.699024 0.748581
726 0.760752 0.126419 0.634333 0.887171
727 0.733745 0.055905 0.67784 0.78965
728 0.739711 0.033863 0.705848 0.773574
729 0.729276 0.0364224 0.692854 0.765699
730 0.739326 0.0518215 0.687505 0.791148
731 0.733446 0.0291691 0.704277 0.762615
732 0.740374 0.107538 0.632836 0.847912
733 0.728272 0.0322005 0.696071 0.760472
734 0.714437 0.0185615 0.695875 0.732998
735 0.723011 0.0199422 0.703069 0.742954
736 0.775933 0.138679 0.637255 0.914612
737 0.74093 0.0458821 0.695048 0.786812
738 0.748243 0.0754562 0.672787 0.823699
739 0.747259 0.0437924 0.703467 0.791052
740 0.734259 0.028634 0.705625 0.762893
741 0.724658 0.0201258 0.704532 0.744784
742 0.718307 0.0215612 0.696746 0.739868
743 0.720082 0.0192656 0.700816 0.739347
744 0.772769 0.147286 0.625483 0.920055
745 0.729234 0.0343119 0.694922 0.763546
746 0.731158 0.110829 0.62033 0.841987
747 0.733061 0.114278 0.618783 0.84734
748 0.718286 0.0307959 0.68749 0.749082
749 0.718435 0.0224412 0.695994 0.740877
750 0.713346 0.0279809 0.685366 0.741327
751 0.721814 0.0494834 0.672331 0.771297
752 0.723033 0.0423426 0.68069 0.765375
753 0.718906 0.0376141 0.681292 0.75652
754 0.721258 0.0349893 0.686269 0.756247
755 0.733553 0.0453587 0.688194 0.778912
756 0.71944 0.0408848 0.678556 0.760325
757 0.71882 0.0379196 0.680901 0.75674
758 0.724508 0.0423597 0.682148 0.766868
759 0.737808 0.0664313 0.671377 0.804239
760 0.731201 0.0334849 0.697716 0.764686
761 0.749184 0.0808109 0.668373 0.829995
762 0.720445 0.0401555 0.68029 0.760601
763 0.726817 0.031857 0.69496 0.758674
764 0.72654 0.0184159 0.708124 0.744955
765 0.727609 0.0196768 0.707932 0.747286
766 0.733318 0.0226894 0.710628 0.756007
767 0.733959 0.0310939 0.702865 0.765053
768 0.742085 0.024802 0.717283 0.766887
769 0.740438 0.0393662 0.701072 0.779804
770 0.736333 0.0267984 0.709534 0.763131
771 0.740182 0.0303189 0.709863 0.770501
772 0.736953 0.0414737 0.695479 0.778427
773 0.732847 0.0214545 0.711393 0.754302
774 0.734964 0.027956 0.707008 0.76292
775 0.741529 0.034464 0.707065 0.775993
776 0.730495 0.0185846 0.711911 0.74908
777 0.740075 0.0417124 0.698362 0.781787
778 0.73381 0.0321673 0.701642 0.765977
779 0.731008 0.0235296 0.707479 0.754538
780 0.740203 0.0391164 0.701087 0.779319
781 0.725449 0.0179488 0.7075 0.743398
782 0.735563 0.0371689 0.698394 0.772732
783 0.719184 0.0139333 0.705251 0.733117
784 0.734815 0.0388981 0.695917 0.773713
785 0.723204 0.017871 0.705333 0.741075
786 0.731842 0.0301224 0.70172 0.761965
787 0.737466 0.0362117 0.701254 0.773678
788 0.740738 0.0418949 0.698843 0.782632
789 0.737936 0.0339359 0.704001 0.771872
790 0.733852 0.0412695 0.692583 0.775122
791 0.729982 0.0265925 0.70339 0.756575
792 0.751301 0.107935 0.643366 0.859235
793 0.726411 0.0213648 0.705046 0.747776
794 0.723931 0.0168071 0.707124 0.740738
795 0.738407 0.0310336 0.707373 0.769441
796 0.741849 0.0337981 0.708051 0.775648
797 0.748307 0.0443737 0.703933 0.792681
798 0.738706 0.0425518 0.696154 0.781258
799 0.746447 0.0471572 0.69929 0.793604
