# ../output/graphs/perf_parallel15BIPED_thread4
# step - mean (0.0280409) - standard deviation (0.00797165) r=20 - ylow - yhigh
0 0.0391089 0.0418349 -0.00272608 0.0809438
1 0.028332 0.00658346 0.0217485 0.0349154
2 0.02861 0.00654167 0.0220683 0.0351517
3 0.0291659 0.00588797 0.023278 0.0350539
4 0.0284389 0.00581436 0.0226246 0.0342533
5 0.0297219 0.00559148 0.0241304 0.0353134
6 0.0289307 0.00544191 0.0234888 0.0343726
7 0.0287383 0.00546594 0.0232723 0.0342042
8 0.0301281 0.00585974 0.0242684 0.0359879
9 0.0288238 0.00543709 0.0233867 0.0342609
10 0.0294011 0.00555436 0.0238468 0.0349555
11 0.0289093 0.00523312 0.0236762 0.0341425
12 0.0288879 0.00546738 0.0234206 0.0343553
13 0.0311545 0.0124367 0.0187178 0.0435913
14 0.0286527 0.00509067 0.0235621 0.0337434
15 0.0283106 0.00532183 0.0229888 0.0336325
16 0.0282251 0.00535166 0.0228734 0.0335768
17 0.0281396 0.0052683 0.0228713 0.0334079
18 0.0281823 0.00527056 0.0229118 0.0334529
19 0.0284389 0.00525423 0.0231847 0.0336932
20 0.0282251 0.00531737 0.0229077 0.0335425
21 0.029059 0.00542881 0.0236302 0.0344878
22 0.0293156 0.0058143 0.0235013 0.0351299
23 0.0286741 0.00538651 0.0232876 0.0340606
24 0.0282465 0.0053933 0.0228532 0.0336398
25 0.0285886 0.00560416 0.0229844 0.0341928
26 0.0286527 0.00547996 0.0231728 0.0341327
27 0.029059 0.00544898 0.02361 0.034508
28 0.0286528 0.0049486 0.0237042 0.0336014
29 0.0292515 0.00538468 0.0238668 0.0346361
30 0.0287597 0.0051565 0.0236032 0.0339162
31 0.0296791 0.00533693 0.0243422 0.0350161
32 0.0305344 0.00697403 0.0235604 0.0375085
33 0.0279899 0.00538482 0.0226051 0.0333747
34 0.0276478 0.0054335 0.0222143 0.0330813
35 0.0276478 0.00543854 0.0222092 0.0330863
36 0.0280968 0.00584041 0.0222564 0.0339372
37 0.0274553 0.00558345 0.0218719 0.0330388
38 0.0275622 0.00572236 0.0218399 0.0332846
39 0.0291873 0.0062544 0.0229329 0.0354417
40 0.0292515 0.00568537 0.0235661 0.0349368
41 0.0294867 0.00597414 0.0235125 0.0354608
42 0.0289307 0.00539635 0.0235344 0.0343271
43 0.0286741 0.00553721 0.0231369 0.0342113
44 0.0286314 0.00555038 0.023081 0.0341817
45 0.0286741 0.00576693 0.0229072 0.034441
46 0.02861 0.00549146 0.0231185 0.0341014
47 0.0285672 0.0055621 0.0230051 0.0341293
48 0.0283106 0.00536801 0.0229426 0.0336786
49 0.0281396 0.00551258 0.022627 0.0336522
50 0.0282892 0.00573003 0.0225592 0.0340192
51 0.0278188 0.00538481 0.022434 0.0332036
52 0.0284817 0.00580633 0.0226754 0.034288
53 0.0268138 0.00535865 0.0214552 0.0321725
54 0.0264503 0.00519431 0.021256 0.0316446
55 0.0275195 0.00550541 0.0220141 0.0330249
56 0.0359015 0.0291327 0.00676879 0.0650342
57 0.0274767 0.00515649 0.0223202 0.0326332
58 0.0264076 0.00477149 0.0216361 0.031179
59 0.027883 0.00567603 0.022207 0.033559
60 0.0273484 0.00565326 0.0216951 0.0330017
61 0.0276692 0.0054868 0.0221824 0.0331559
62 0.0269421 0.0051744 0.0217677 0.0321166
63 0.027605 0.00567262 0.0219324 0.0332776
64 0.0281396 0.00542561 0.0227139 0.0335652
65 0.0270277 0.00509895 0.0219287 0.0321266
66 0.0270704 0.00522737 0.021843 0.0322978
67 0.0276264 0.00522962 0.0223968 0.032856
68 0.0271559 0.00534906 0.0218069 0.032505
69 0.0270277 0.00529945 0.0217282 0.0323271
70 0.0271346 0.00533364 0.0218009 0.0324682
71 0.0270704 0.00487805 0.0221924 0.0319485
72 0.0264717 0.00516541 0.0213063 0.0316371
73 0.0301282 0.00666571 0.0234624 0.0367939
74 0.0291445 0.00571245 0.0234321 0.034857
75 0.0292087 0.0056153 0.0235934 0.034824
76 0.0299571 0.00706013 0.0228969 0.0370172
77 0.0291873 0.00577549 0.0234118 0.0349628
78 0.029337 0.00566766 0.0236693 0.0350046
79 0.0305344 0.00830173 0.0222327 0.0388361
80 0.029059 0.00561591 0.0234431 0.0346749
81 0.0296791 0.00641966 0.0232595 0.0360988
82 0.0301923 0.00603642 0.0241559 0.0362287
83 0.0289093 0.00536086 0.0235485 0.0342702
84 0.0286955 0.00548313 0.0232124 0.0341786
85 0.029337 0.0057398 0.0235972 0.0350768
86 0.0291018 0.00533535 0.0237664 0.0344371
87 0.0290163 0.00545532 0.0235609 0.0344716
88 0.0283106 0.00532527 0.0229853 0.0336359
89 0.0280968 0.00545171 0.0226451 0.0335485
90 0.0282465 0.0056403 0.0226062 0.0338868
91 0.0278402 0.00509231 0.0227479 0.0329325
92 0.0274767 0.00519008 0.0222866 0.0326668
93 0.0275195 0.00508398 0.0224355 0.0326035
94 0.0274339 0.00515367 0.0222803 0.0325876
95 0.0273911 0.00508616 0.022305 0.0324773
96 0.0288024 0.00584379 0.0229586 0.0346462
97 0.0275622 0.0051611 0.0224011 0.0327233
98 0.0269635 0.00537461 0.0215889 0.0323381
99 0.0265358 0.00490865 0.0216272 0.0314445
100 0.0267711 0.00492341 0.0218477 0.0316945
101 0.0276905 0.00659871 0.0210918 0.0342892
102 0.0280968 0.00551176 0.022585 0.0336085
103 0.0290163 0.0056932 0.0233231 0.0347095
104 0.0276905 0.00510482 0.0225857 0.0327954
105 0.0276264 0.00522961 0.0223968 0.032856
106 0.0277761 0.00547409 0.022302 0.0332502
107 0.0278188 0.00559306 0.0222258 0.0334119
108 0.0270918 0.00511983 0.021972 0.0322117
109 0.0266428 0.00475466 0.0218881 0.0313974
110 0.0264931 0.00487688 0.0216162 0.03137
111 0.0282251 0.00578359 0.0224415 0.0340087
112 0.0284603 0.00535929 0.023101 0.0338196
113 0.0290162 0.00553355 0.0234827 0.0345498
114 0.0289949 0.00555225 0.0234426 0.0345471
115 0.02861 0.00527403 0.023336 0.033884
116 0.0284817 0.00526102 0.0232207 0.0337427
117 0.0283106 0.00521946 0.0230912 0.0335301
118 0.028332 0.00529473 0.0230373 0.0336267
119 0.0289735 0.00511733 0.0238562 0.0340908
120 0.0300212 0.0058019 0.0242193 0.0358231
121 0.0324589 0.0148211 0.0176378 0.0472799
122 0.0292087 0.00532095 0.0238877 0.0345296
123 0.0285031 0.00527467 0.0232284 0.0337778
124 0.0290163 0.00529888 0.0237174 0.0343151
125 0.0292514 0.00562719 0.0236243 0.0348786
126 0.0281823 0.00494102 0.0232413 0.0331234
127 0.0278188 0.00518586 0.022633 0.0330047
128 0.0292942 0.00950168 0.0197926 0.0387959
129 0.0284817 0.00619049 0.0222912 0.0346722
130 0.0277333 0.00510553 0.0226278 0.0328388
131 0.028054 0.00528353 0.0227705 0.0333376
132 0.0273698 0.00513718 0.0222326 0.032507
133 0.0271346 0.00487877 0.0222558 0.0320134
134 0.0280327 0.0052906 0.0227421 0.0333233
135 0.0275836 0.00532854 0.0222551 0.0329122
136 0.0280968 0.00530203 0.0227948 0.0333988
137 0.0277333 0.00499692 0.0227364 0.0327302
138 0.0282037 0.00529751 0.0229062 0.0335012
139 0.0291659 0.00552416 0.0236418 0.0346901
140 0.0291231 0.00554286 0.0235803 0.034666
141 0.0295722 0.00591843 0.0236537 0.0354906
142 0.0342336 0.0256786 0.00855503 0.0599122
143 0.0600852 0.131952 -0.0718666 0.192037
144 0.0295508 0.00546811 0.0240827 0.0350189
145 0.0285031 0.00555338 0.0229497 0.0340565
146 0.0287383 0.00567604 0.0230622 0.0344143
147 0.0288024 0.00564319 0.0231592 0.0344456
148 0.0285886 0.00569962 0.022889 0.0342882
149 0.0285886 0.00573162 0.022857 0.0343202
150 0.0286314 0.00536099 0.0232704 0.0339923
151 0.0296364 0.00823506 0.0214013 0.0378714
152 0.0290163 0.00586877 0.0231475 0.034885
153 0.0286741 0.0055339 0.0231402 0.034208
154 0.0291659 0.00556047 0.0236055 0.0347264
155 0.0285672 0.00547095 0.0230963 0.0340382
156 0.0284175 0.00549243 0.0229251 0.03391
157 0.0283961 0.00548896 0.0229072 0.0338851
158 0.0284175 0.0056597 0.0227578 0.0340772
159 0.0279899 0.00536613 0.0226238 0.033356
160 0.0303634 0.00585434 0.024509 0.0362177
161 0.0290804 0.00563952 0.0234409 0.0347199
162 0.0285672 0.00574488 0.0228223 0.0343121
163 0.0291873 0.00602199 0.0231653 0.0352093
164 0.0314539 0.00713102 0.0243229 0.0385849
165 0.0301068 0.0059402 0.0241666 0.036047
166 0.0301495 0.00580649 0.024343 0.035956
167 0.0297433 0.0058722 0.0238711 0.0356155
168 0.0291232 0.00562636 0.0234968 0.0347495
169 0.0295722 0.00543518 0.024137 0.0350074
170 0.0303847 0.00533705 0.0250477 0.0357218
171 0.0301709 0.00527676 0.0248942 0.0354477
172 0.0313683 0.00666956 0.0246988 0.0380379
173 0.0302778 0.00537483 0.024903 0.0356527
174 0.0303206 0.00517779 0.0251428 0.0354984
175 0.0319671 0.00435887 0.0276082 0.0363259
176 0.0312186 0.00473903 0.0264796 0.0359577
177 0.0306841 0.00487201 0.0258121 0.0355561
178 0.0308338 0.00497973 0.025854 0.0358135
179 0.0315394 0.00480966 0.0267297 0.0363491
180 0.0309193 0.00495801 0.0259613 0.0358773
181 0.0308765 0.00500482 0.0258717 0.0358813
182 0.0309621 0.00507521 0.0258869 0.0360373
183 0.0307696 0.00505549 0.0257141 0.0358251
184 0.0305344 0.00497329 0.0255611 0.0355077
185 0.0306841 0.00582908 0.024855 0.0365132
186 0.0301282 0.00524198 0.0248862 0.0353701
187 0.0301281 0.00512019 0.025008 0.0352483
188 0.0301923 0.00513076 0.0250615 0.0353231
189 0.0301709 0.00519817 0.0249728 0.0353691
190 0.0315608 0.00666314 0.0248976 0.0382239
191 0.0292728 0.00521223 0.0240606 0.0344851
192 0.0313256 0.00724728 0.0240783 0.0385729
193 0.029508 0.0053687 0.0241393 0.0348767
194 0.0290376 0.00535829 0.0236793 0.0343959
195 0.0285458 0.00517599 0.0233698 0.0337218
196 0.0291018 0.00548575 0.023616 0.0345875
197 0.0297433 0.00534049 0.0244028 0.0350838
198 0.0297005 0.00561427 0.0240862 0.0353148
199 0.0292087 0.00518167 0.024027 0.0343904
200 0.0299143 0.00498078 0.0249335 0.0348951
201 0.0291873 0.00516536 0.0240219 0.0343527
202 0.0302992 0.00512876 0.0251705 0.035428
203 0.0292729 0.00530957 0.0239633 0.0345824
204 0.0292942 0.00540351 0.0238907 0.0346978
205 0.0291018 0.00547241 0.0236294 0.0345742
206 0.0295722 0.00532985 0.0242424 0.0349021
207 0.0291446 0.00520309 0.0239415 0.0343477
208 0.0290804 0.00603885 0.0230415 0.0351192
209 0.0290804 0.00614394 0.0229365 0.0352243
210 0.0285459 0.00520944 0.0233364 0.0337553
211 0.0292942 0.00552566 0.0237685 0.0348199
212 0.0292087 0.00520982 0.0239989 0.0344185
213 0.0296791 0.00527837 0.0244007 0.0349575
214 0.0294867 0.00529233 0.0241943 0.034779
215 0.0294011 0.0053206 0.0240805 0.0347217
216 0.0301068 0.00576522 0.0243415 0.035872
217 0.029786 0.00555007 0.024236 0.0353361
218 0.0297005 0.00556851 0.024132 0.035269
219 0.030342 0.00507356 0.0252684 0.0354155
220 0.0299785 0.00507791 0.0249006 0.0350564
221 0.0286527 0.00485534 0.0237974 0.0335081
222 0.0299143 0.00632938 0.023585 0.0362437
223 0.0294011 0.0054362 0.0239649 0.0348373
224 0.029508 0.00542631 0.0240817 0.0349344
225 0.0299571 0.0052315 0.0247256 0.0351886
226 0.0284603 0.00508435 0.023376 0.0335447
227 0.0281182 0.00524093 0.0228772 0.0333591
228 0.0277761 0.00497711 0.0227989 0.0327532
229 0.0294225 0.010314 0.0191085 0.0397365
230 0.0275836 0.00513807 0.0224455 0.0327217
231 0.0283961 0.007312 0.0210841 0.0357081
232 0.0284175 0.00565648 0.0227611 0.034074
233 0.0289949 0.00552085 0.023474 0.0345157
234 0.027883 0.00505029 0.0228327 0.0329333
235 0.0271774 0.00483734 0.02234 0.0320147
236 0.0275408 0.00535235 0.0221885 0.0328932
237 0.0271987 0.00490853 0.0222902 0.0321072
238 0.0270277 0.00496816 0.0220595 0.0319958
239 0.0269635 0.00505911 0.0219044 0.0320226
240 0.0280754 0.00534526 0.0227302 0.0334207
241 0.0282679 0.00564258 0.0226253 0.0339104
242 0.0277333 0.00516961 0.0225637 0.0329029
243 0.027049 0.00473879 0.0223103 0.0317878
244 0.0276264 0.00506077 0.0225656 0.0326871
245 0.0274981 0.00497274 0.0225253 0.0324708
246 0.0274339 0.00511091 0.022323 0.0325448
247 0.027605 0.00493838 0.0226666 0.0325434
248 0.0275836 0.00498267 0.0226009 0.0325663
249 0.0286955 0.00577869 0.0229168 0.0344742
250 0.0275195 0.00491945 0.0226 0.0324389
251 0.0280326 0.0053044 0.0227282 0.033337
252 0.0284175 0.00615358 0.022264 0.0345711
253 0.0288666 0.00559473 0.0232718 0.0344613
254 0.0299571 0.00700289 0.0229542 0.03696
255 0.0293797 0.00576476 0.023615 0.0351445
256 0.030513 0.00663244 0.0238806 0.0371455
257 0.0305772 0.00692415 0.023653 0.0375013
258 0.0294012 0.00546472 0.0239364 0.0348659
259 0.0301495 0.00574634 0.0244032 0.0358959
260 0.0293156 0.00558161 0.023734 0.0348972
261 0.0292087 0.00557608 0.0236326 0.0347848
262 0.0296791 0.00547562 0.0242035 0.0351547
263 0.0292515 0.00548896 0.0237625 0.0347404
264 0.0300212 0.0058365 0.0241847 0.0358577
265 0.0304916 0.00508726 0.0254044 0.0355789
266 0.0296791 0.00498798 0.0246911 0.0346671
267 0.0292301 0.00537258 0.0238575 0.0346027
268 0.0297646 0.00527489 0.0244897 0.0350395
269 0.0292515 0.00516628 0.0240852 0.0344177
270 0.0291873 0.00530854 0.0238788 0.0344958
271 0.0291873 0.00532058 0.0238667 0.0345079
272 0.0291445 0.00511268 0.0240318 0.0342572
273 0.0297647 0.00511828 0.0246464 0.0348829
274 0.0296577 0.00520134 0.0244564 0.0348591
275 0.0297005 0.00510947 0.024591 0.03481
276 0.0314753 0.00594329 0.025532 0.0374185
277 0.031069 0.00504608 0.0260229 0.0361151
278 0.0319457 0.00446502 0.0274807 0.0364107
279 0.0317318 0.00461707 0.0271148 0.0363489
280 0.0313469 0.00472958 0.0266174 0.0360765
281 0.0308552 0.00481233 0.0260428 0.0356675
282 0.0309193 0.00496905 0.0259502 0.0358883
283 0.0310048 0.00478226 0.0262226 0.0357871
284 0.0310476 0.00485797 0.0261896 0.0359056
285 0.0307696 0.00475922 0.0260104 0.0355289
286 0.0310476 0.00573183 0.0253158 0.0367794
287 0.0307482 0.0047427 0.0260055 0.0354909
288 0.0310048 0.00501194 0.0259929 0.0360168
289 0.0308338 0.00540418 0.0254296 0.0362379
290 0.0302137 0.00518727 0.0250264 0.035401
291 0.0302137 0.00526079 0.0249529 0.0354745
292 0.030064 0.00536887 0.0246951 0.0354329
293 0.0295294 0.00527329 0.0242561 0.0348027
294 0.0284389 0.00526292 0.023176 0.0337018
295 0.0286741 0.00619356 0.0224806 0.0348677
296 0.0282465 0.00490494 0.0233415 0.0331514
297 0.0278188 0.00509155 0.0227273 0.0329104
298 0.0279043 0.0052392 0.0226651 0.0331435
299 0.0278188 0.00514156 0.0226773 0.0329604
300 0.0277119 0.00515601 0.0225559 0.0328679
301 0.0278188 0.00526112 0.0225577 0.0330799
302 0.0284176 0.00521225 0.0232053 0.0336298
303 0.0299571 0.00730583 0.0226513 0.0372629
304 0.0288666 0.00521051 0.023656 0.0340771
305 0.03124 0.00971672 0.0215233 0.0409568
306 0.0321809 0.00935464 0.0228262 0.0415355
307 0.0296791 0.00510215 0.0245769 0.0347813
308 0.0292515 0.00522087 0.0240306 0.0344723
309 0.0282037 0.00517704 0.0230267 0.0333808
310 0.0280326 0.00515402 0.0228786 0.0331867
311 0.0282251 0.00533968 0.0228854 0.0335648
312 0.0279257 0.00541467 0.0225111 0.0333404
313 0.0280113 0.00527854 0.0227327 0.0332898
314 0.0289093 0.00763141 0.0212779 0.0365407
315 0.0280327 0.00528714 0.0227455 0.0333198
316 0.0279257 0.00540622 0.0225195 0.033332
317 0.0294653 0.00551806 0.0239472 0.0349833
318 0.0281182 0.00539229 0.0227259 0.0335105
319 0.0265572 0.00508512 0.0214721 0.0316424
320 0.027605 0.00506993 0.0225351 0.0326749
321 0.0272843 0.00563885 0.0216454 0.0329231
322 0.0270918 0.00596152 0.0211303 0.0330533
323 0.027156 0.00511134 0.0220446 0.0322673
324 0.027327 0.00584322 0.0214838 0.0331702
325 0.0260227 0.00467939 0.0213433 0.0307021
326 0.0266214 0.00578341 0.020838 0.0324048
327 0.0268994 0.00572624 0.0211731 0.0326256
328 0.0276905 0.00520942 0.0224811 0.0328999
329 0.0270704 0.00500757 0.0220628 0.032078
330 0.0274553 0.00541043 0.0220449 0.0328658
331 0.0271773 0.00498447 0.0221929 0.0321618
332 0.0270063 0.00511805 0.0218882 0.0321243
333 0.0268566 0.00506293 0.0217937 0.0319195
334 0.0268994 0.00827361 0.0186257 0.035173
335 0.025424 0.00486563 0.0205583 0.0302896
336 0.0257233 0.00503702 0.0206863 0.0307603
337 0.0261723 0.00602306 0.0201493 0.0321954
338 0.0248252 0.00503375 0.0197915 0.029859
339 0.02459 0.00501194 0.0195781 0.029602
340 0.0255523 0.00617346 0.0193788 0.0317257
341 0.0251674 0.00526945 0.0198979 0.0304368
342 0.0257661 0.00532231 0.0204438 0.0310884
343 0.0257875 0.00512667 0.0206608 0.0309141
344 0.0259371 0.00503154 0.0209056 0.0309687
345 0.0257875 0.00522034 0.0205671 0.0310078
346 0.0282465 0.010804 0.0174424 0.0390505
347 0.025595 0.00505694 0.0205381 0.030652
348 0.0256164 0.00516009 0.0204563 0.0307765
349 0.0259799 0.00527916 0.0207007 0.0312591
350 0.0269208 0.00633227 0.0205885 0.033253
351 0.0252743 0.00509769 0.0201766 0.030372
352 0.0257875 0.00487056 0.0209169 0.030658
353 0.0253171 0.00510611 0.0202109 0.0304232
354 0.025424 0.0049291 0.0204949 0.0303531
355 0.0252315 0.00499274 0.0202388 0.0302243
356 0.0272415 0.00708549 0.020156 0.034327
357 0.0261937 0.00491871 0.021275 0.0311125
358 0.0262793 0.00519818 0.0210811 0.0314774
359 0.0274126 0.00831333 0.0190992 0.0357259
360 0.0257661 0.0050199 0.0207462 0.030786
361 0.0257233 0.00493986 0.0207834 0.0306632
362 0.0261723 0.00609702 0.0200753 0.0322694
363 0.0251674 0.00476843 0.020399 0.0299358
364 0.0252529 0.00472257 0.0205303 0.0299755
365 0.0250818 0.00482372 0.0202581 0.0299056
366 0.0255309 0.00559571 0.0199352 0.0311266
367 0.0258516 0.00543722 0.0204144 0.0312888
368 0.0250177 0.00473616 0.0202815 0.0297538
369 0.025424 0.00466216 0.0207618 0.0300861
370 0.0257019 0.0053017 0.0204002 0.0310036
371 0.0251032 0.00462992 0.0204733 0.0297331
372 0.0252315 0.00478892 0.0204426 0.0300204
373 0.0262151 0.00591662 0.0202985 0.0321317
374 0.0263434 0.00508962 0.0212538 0.031433
375 0.0275408 0.00569341 0.0218474 0.0332343
376 0.0279685 0.00546392 0.0225046 0.0334324
377 0.0286741 0.00511306 0.0235611 0.0337872
378 0.0319243 0.0170318 0.0148925 0.0489561
379 0.0289307 0.00496385 0.0239669 0.0338946
380 0.0287169 0.0050822 0.0236347 0.0337991
381 0.0278616 0.00505513 0.0228065 0.0329167
382 0.027776 0.00498078 0.0227953 0.0327568
383 0.0285031 0.0050024 0.0235007 0.0335055
384 0.0293797 0.00436981 0.0250099 0.0337496
385 0.029337 0.00479352 0.0245434 0.0341305
386 0.0288238 0.00451655 0.0243072 0.0333403
387 0.0285886 0.00464013 0.0239485 0.0332287
388 0.0289307 0.00452844 0.0244023 0.0334592
389 0.0297646 0.00436624 0.0253984 0.0341309
390 0.0295508 0.00426348 0.0252873 0.0338143
391 0.0292515 0.00409163 0.0251598 0.0333431
392 0.0285244 0.00449158 0.0240329 0.033016
393 0.0285458 0.00477534 0.0237705 0.0333212
394 0.0291018 0.00455501 0.0245468 0.0336568
395 0.0285245 0.00447934 0.0240451 0.0330038
396 0.0283962 0.00470108 0.0236951 0.0330972
397 0.0292728 0.00453287 0.02474 0.0338057
398 0.0286527 0.00572801 0.0229247 0.0343807
399 0.0280326 0.0048241 0.0232085 0.0328567
400 0.0283534 0.00482339 0.02353 0.0331768
401 0.0280326 0.00489747 0.0231352 0.0329301
402 0.0285672 0.00514715 0.0234201 0.0337144
403 0.0275195 0.00505873 0.0224607 0.0325782
404 0.0286314 0.00566616 0.0229652 0.0342975
405 0.0264931 0.00487313 0.02162 0.0313662
406 0.0263006 0.00559802 0.0207026 0.0318987
407 0.0275195 0.00564155 0.0218779 0.033161
408 0.0277119 0.00566959 0.0220423 0.0333815
409 0.0276264 0.00561255 0.0220138 0.0332389
410 0.0275622 0.00555369 0.0220085 0.0331159
411 0.027605 0.00567905 0.0219259 0.033284
412 0.0299357 0.00570718 0.0242285 0.0356429
413 0.0301067 0.00576364 0.0243431 0.0358704
414 0.0309407 0.00760848 0.0233322 0.0385492
415 0.0298502 0.00557035 0.0242798 0.0354205
416 0.0299571 0.00540008 0.024557 0.0353572
417 0.0288452 0.00561593 0.0232293 0.0344611
418 0.0288238 0.00578897 0.0230348 0.0346128
419 0.0294867 0.00573194 0.0237547 0.0352186
420 0.0288024 0.00563021 0.0231722 0.0344326
421 0.0286955 0.00553294 0.0231626 0.0342285
422 0.0288238 0.00569981 0.023124 0.0345236
423 0.0286955 0.00554451 0.023151 0.03424
424 0.0293156 0.00508074 0.0242349 0.0343963
425 0.0289521 0.00532269 0.0236294 0.0342748
426 0.0286741 0.00549075 0.0231834 0.0341649
427 0.0300426 0.00550308 0.0245396 0.0355457
428 0.0294867 0.00551238 0.0239743 0.034999
429 0.0297005 0.00621565 0.0234849 0.0359162
430 0.0307696 0.00545734 0.0253123 0.036227
431 0.0304275 0.0056058 0.0248217 0.0360333
432 0.0285672 0.00482813 0.0237391 0.0333953
433 0.0277761 0.00506812 0.0227079 0.0328442
434 0.0282465 0.00544727 0.0227992 0.0336938
435 0.0286314 0.00572717 0.0229042 0.0343585
436 0.0274767 0.00491313 0.0225636 0.0323898
437 0.028332 0.00638604 0.021946 0.0347181
438 0.0287811 0.00668439 0.0220967 0.0354654
439 0.0277547 0.00522524 0.0225294 0.0329799
440 0.0276477 0.00524862 0.0223991 0.0328964
441 0.0273912 0.00518233 0.0222088 0.0325735
442 0.0270276 0.00455525 0.0224724 0.0315829
443 0.0270277 0.00518607 0.0218416 0.0322137
444 0.0260654 0.00448418 0.0215813 0.0305496
445 0.0266428 0.00492098 0.0217218 0.0315637
446 0.025595 0.00466961 0.0209254 0.0302646
447 0.0263434 0.00642393 0.0199195 0.0327673
448 0.0262365 0.0046735 0.021563 0.03091
449 0.0255309 0.00484988 0.020681 0.0303808
450 0.0256378 0.00488063 0.0207572 0.0305184
451 0.0257019 0.00488329 0.0208186 0.0305852
452 0.0275409 0.00529564 0.0222452 0.0328365
453 0.0266214 0.00493171 0.0216897 0.0315531
454 0.0269421 0.00539928 0.0215429 0.0323414
455 0.0257019 0.0051601 0.0205419 0.030862
456 0.0305986 0.0192408 0.0113578 0.0498394
457 0.0263434 0.00517337 0.02117 0.0315168
458 0.0262793 0.00509153 0.0211877 0.0313708
459 0.0264503 0.00529888 0.0211514 0.0317492
460 0.0264717 0.00528961 0.0211821 0.0317613
461 0.027156 0.00541029 0.0217457 0.0325662
462 0.0264289 0.00519487 0.0212341 0.0316238
463 0.0264076 0.00504896 0.0213586 0.0314565
464 0.027605 0.00579224 0.0218128 0.0333972
465 0.0260013 0.00518608 0.0208152 0.0311874
466 0.0263007 0.00520174 0.0210989 0.0315024
467 0.025873 0.00494952 0.0209235 0.0308225
468 0.0281395 0.0123832 0.0157564 0.0405227
469 0.0256806 0.00513979 0.0205408 0.0308204
470 0.0274767 0.00548643 0.0219903 0.0329631
471 0.0268352 0.00517596 0.0216593 0.0320112
472 0.0261724 0.00517725 0.0209951 0.0313496
473 0.0258089 0.00496937 0.0208395 0.0307782
474 0.0264717 0.00526709 0.0212046 0.0317388
475 0.0262151 0.0052291 0.020986 0.0314442
476 0.0262579 0.00502633 0.0212316 0.0312842
477 0.0272629 0.00568132 0.0215816 0.0329442
478 0.0263648 0.00529889 0.0210659 0.0316637
479 0.0267069 0.00534562 0.0213613 0.0320525
480 0.0268352 0.00482485 0.0220104 0.0316601
481 0.0263648 0.0053247 0.0210401 0.0316895
482 0.0257447 0.00495892 0.0207858 0.0307036
483 0.0255095 0.00502975 0.0204797 0.0305392
484 0.0253384 0.004976 0.0203624 0.0303144
485 0.0250818 0.00488025 0.0202016 0.0299621
486 0.0258089 0.00524688 0.020562 0.0310557
487 0.0274767 0.00686631 0.0206104 0.034343
488 0.0263648 0.00527121 0.0210936 0.031636
489 0.0270063 0.00526424 0.021742 0.0322705
490 0.026878 0.00578086 0.0210971 0.0326588
491 0.0266642 0.00546705 0.0211971 0.0321312
492 0.0279471 0.00516783 0.0227793 0.0331149
493 0.0276264 0.00513789 0.0224885 0.0327643
494 0.0276692 0.00518519 0.022484 0.0328543
495 0.0314966 0.0102345 0.0212622 0.0417311
496 0.0291018 0.00538823 0.0237136 0.03449
497 0.0286955 0.00625002 0.0224455 0.0349455
498 0.0289735 0.00584788 0.0231256 0.0348214
499 0.027776 0.00535246 0.0224236 0.0331285
500 0.0277547 0.00537363 0.022381 0.0331283
501 0.0280326 0.00686441 0.0211682 0.034897
502 0.0270063 0.00528161 0.0217247 0.0322879
503 0.0277547 0.0055346 0.0222201 0.0332893
504 0.0265786 0.00515189 0.0214267 0.0317305
505 0.0264717 0.00513523 0.0213365 0.0316069
506 0.0265572 0.00543792 0.0211193 0.0319952
507 0.0258302 0.00496407 0.0208662 0.0307943
508 0.0259157 0.00552715 0.0203886 0.0314429
509 0.0259371 0.00506417 0.020873 0.0310013
510 0.0264503 0.00532642 0.0211239 0.0317767
511 0.0256806 0.00498263 0.0206979 0.0306632
512 0.026151 0.00515543 0.0209956 0.0313064
513 0.0262793 0.00524545 0.0210338 0.0315247
514 0.0270277 0.00516665 0.021861 0.0321943
515 0.0278188 0.00539499 0.0224238 0.0332138
516 0.0269208 0.00500278 0.021918 0.0319235
517 0.0270277 0.0052072 0.0218205 0.0322349
518 0.025873 0.0048863 0.0209867 0.0307593
519 0.0258516 0.005021 0.0208306 0.0308726
520 0.0264076 0.00549809 0.0209095 0.0319057
521 0.0273912 0.00552893 0.0218623 0.0329201
522 0.0261082 0.0050064 0.0211018 0.0311146
523 0.0268566 0.0067788 0.0200778 0.0336354
524 0.0256378 0.00496238 0.0206754 0.0306002
525 0.0269421 0.00502563 0.0219165 0.0319678
526 0.0269849 0.0050707 0.0219142 0.0320556
527 0.0275836 0.00548415 0.0220995 0.0330678
528 0.0295295 0.00538144 0.024148 0.0349109
529 0.0294225 0.00608049 0.023342 0.035503
530 0.02861 0.00523226 0.0233777 0.0338422
531 0.0284817 0.0052749 0.0232068 0.0337566
532 0.0292087 0.00537399 0.0238347 0.0345827
533 0.0287596 0.00519008 0.0235696 0.0339497
534 0.0285458 0.00525138 0.0232945 0.0337972
535 0.0284603 0.00529577 0.0231645 0.0337561
536 0.0290163 0.0053862 0.0236301 0.0344025
537 0.0292301 0.00528505 0.023945 0.0345151
538 0.0292087 0.00559736 0.0236113 0.0348061
539 0.0286527 0.00542464 0.0232281 0.0340774
540 0.02861 0.00507793 0.023532 0.0336879
541 0.0290376 0.00522876 0.0238089 0.0342664
542 0.0288666 0.00510951 0.0237571 0.0339761
543 0.0288666 0.00514874 0.0237178 0.0340153
544 0.0314753 0.0109168 0.0205585 0.0423921
545 0.0289949 0.00541213 0.0235828 0.034407
546 0.0295081 0.00522892 0.0242791 0.034737
547 0.0297646 0.00519627 0.0245684 0.0349609
548 0.0298502 0.00522649 0.0246237 0.0350767
549 0.0305986 0.00514692 0.0254517 0.0357455
550 0.0285244 0.00491726 0.0236072 0.0334417
551 0.02861 0.00549978 0.0231102 0.0341098
552 0.0285031 0.00500968 0.0234934 0.0335128
553 0.0290804 0.00523242 0.023848 0.0343128
554 0.02861 0.00472533 0.0238847 0.0333353
555 0.0286741 0.00673805 0.0219361 0.0354122
556 0.0284176 0.00758222 0.0208353 0.0359998
557 0.028332 0.0052653 0.0230667 0.0335973
558 0.0280113 0.00502105 0.0229902 0.0330323
559 0.0286955 0.0062705 0.022425 0.034966
560 0.0287383 0.00474406 0.0239942 0.0334823
561 0.0282251 0.00474097 0.0234841 0.0329661
562 0.02861 0.00494101 0.023669 0.033551
563 0.0284389 0.00473422 0.0237047 0.0331732
564 0.0282037 0.00463854 0.0235652 0.0328422
565 0.0292515 0.00467179 0.0245797 0.0339232
566 0.028332 0.00473299 0.023599 0.033065
567 0.0280754 0.00488775 0.0231877 0.0329632
568 0.0279899 0.00487501 0.0231149 0.0328649
569 0.0282037 0.00521048 0.0229932 0.0334142
570 0.0280326 0.00498994 0.0230427 0.0330226
571 0.0286741 0.00455901 0.0241151 0.0332331
572 0.028888 0.0044329 0.0244551 0.0333209
573 0.0297219 0.00468762 0.0250343 0.0344095
574 0.0319457 0.00466534 0.0272803 0.036611
575 0.0309621 0.00507342 0.0258886 0.0360355
576 0.0318601 0.00492917 0.026931 0.0367893
577 0.0310476 0.00481826 0.0262293 0.0358659
578 0.0302992 0.00539806 0.0249011 0.0356973
579 0.0298716 0.00528679 0.0245848 0.0351583
580 0.0298716 0.00555005 0.0243215 0.0354216
581 0.0304275 0.00550541 0.0249221 0.0359329
582 0.0301709 0.0054741 0.0246968 0.035645
583 0.0305558 0.00548743 0.0250684 0.0360432
584 0.0307055 0.00534582 0.0253596 0.0360513
585 0.0313897 0.00556999 0.0258197 0.0369597
586 0.031069 0.00537258 0.0256964 0.0364416
587 0.0311545 0.00536918 0.0257853 0.0365237
588 0.0311973 0.00539669 0.0258006 0.036594
589 0.0310262 0.00537801 0.0256482 0.0364042
590 0.0317105 0.00515189 0.0265586 0.0368623
591 0.0323306 0.0052766 0.027054 0.0376072
592 0.031796 0.00563022 0.0261658 0.0374262
593 0.0314111 0.00583472 0.0255764 0.0372458
594 0.030513 0.00543855 0.0250745 0.0359516
595 0.0293798 0.00558592 0.0237938 0.0349657
596 0.02923 0.00563347 0.0235966 0.0348635
597 0.0292515 0.00579372 0.0234577 0.0350452
598 0.0286955 0.00558557 0.02311 0.0342811
599 0.027883 0.0053986 0.0224844 0.0332816
600 0.0276478 0.00523815 0.0224096 0.0328859
601 0.0277119 0.00533042 0.0223815 0.0330423
602 0.02861 0.00597933 0.0226306 0.0345893
603 0.027883 0.00518962 0.0226934 0.0330726
604 0.0275622 0.00526287 0.0222993 0.0328251
605 0.0277333 0.00522593 0.0225073 0.0329592
606 0.0276692 0.00526569 0.0224035 0.0329349
607 0.0283534 0.00537228 0.0229811 0.0337257
608 0.0291232 0.00520947 0.0239137 0.0343326
609 0.0282679 0.00527402 0.0229938 0.0335419
610 0.0283106 0.0054003 0.0229103 0.0337109
611 0.0289307 0.00547543 0.0234553 0.0344062
612 0.0291018 0.00538821 0.0237136 0.03449
613 0.0287383 0.00530636 0.0234319 0.0340446
614 0.0282251 0.00507268 0.0231524 0.0332978
615 0.0281396 0.00521422 0.0229253 0.0333538
616 0.0292087 0.00625763 0.022951 0.0354663
617 0.0285245 0.00553327 0.0229912 0.0340577
618 0.028332 0.00528783 0.0230442 0.0336198
619 0.0272842 0.00517017 0.0221141 0.0324544
620 0.0283106 0.0054843 0.0228263 0.033795
621 0.0278616 0.00534527 0.0225163 0.0332069
622 0.0282679 0.005153 0.0231149 0.0334208
623 0.0287383 0.00515423 0.023584 0.0338925
624 0.0288666 0.00522979 0.0236368 0.0340963
625 0.0290162 0.00511626 0.0239 0.0341325
626 0.0287597 0.00496864 0.023791 0.0337283
627 0.0290163 0.00504426 0.023972 0.0340605
628 0.0285458 0.00500531 0.0235405 0.0335511
629 0.0285031 0.00510194 0.0234011 0.033605
630 0.0292942 0.00547747 0.0238167 0.0347717
631 0.0280326 0.00507537 0.0229573 0.033108
632 0.0279257 0.00537057 0.0225552 0.0332963
633 0.0280968 0.00538587 0.0227109 0.0334827
634 0.0278188 0.00523499 0.0225839 0.0330538
635 0.0276905 0.00534119 0.0223494 0.0330317
636 0.0289521 0.00630421 0.0226479 0.0352563
637 0.0274553 0.00516842 0.0222869 0.0326238
638 0.0285672 0.00553574 0.0230315 0.034103
639 0.0277761 0.00545401 0.022322 0.0332301
640 0.0276264 0.00518571 0.0224407 0.0328121
641 0.0273056 0.00502793 0.0222777 0.0323336
642 0.0263648 0.00496571 0.0213991 0.0313305
643 0.0259372 0.00494355 0.0209936 0.0308807
644 0.0260441 0.00503633 0.0210077 0.0310804
645 0.0258302 0.005191 0.0206392 0.0310212
646 0.0260013 0.00499935 0.0210019 0.0310006
647 0.0257661 0.00504536 0.0207207 0.0308114
648 0.0257019 0.00500169 0.0207002 0.0307036
649 0.0263648 0.00545535 0.0209094 0.0318201
650 0.0262365 0.00522941 0.0210071 0.0314659
651 0.0267283 0.0054052 0.0213231 0.0321335
652 0.0272843 0.00527697 0.0220073 0.0325612
653 0.0270277 0.0056583 0.0213694 0.032686
654 0.0267925 0.00525903 0.0215334 0.0320515
655 0.0267497 0.00533364 0.0214161 0.0320833
656 0.0267497 0.00512554 0.0216241 0.0318752
657 0.0274126 0.00523749 0.0221751 0.0326501
658 0.0275836 0.00530617 0.0222774 0.0328898
659 0.0267924 0.00525382 0.0215386 0.0320463
660 0.0272415 0.00519576 0.0220457 0.0324373
661 0.0279257 0.00520984 0.0227159 0.0331356
662 0.0289521 0.005333 0.0236191 0.0342851
663 0.0281395 0.00545586 0.0226837 0.0335954
664 0.028888 0.00611031 0.0227776 0.0349983
665 0.0296577 0.00574278 0.023915 0.0354005
666 0.0292301 0.00543855 0.0237915 0.0346686
667 0.029615 0.00568935 0.0239256 0.0353043
668 0.0278402 0.00556591 0.0222743 0.0334061
669 0.0278402 0.00532578 0.0225144 0.033166
670 0.0271559 0.00504467 0.0221113 0.0322006
671 0.0269635 0.00501188 0.0219517 0.0319754
672 0.0280754 0.00577136 0.022304 0.0338468
673 0.0266214 0.00550144 0.02112 0.0321228
674 0.0269207 0.00536099 0.0215597 0.0322817
675 0.0259585 0.00569775 0.0202608 0.0316563
676 0.0259585 0.00543994 0.0205186 0.0313985
677 0.0260441 0.00550645 0.0205376 0.0315505
678 0.0270063 0.00746285 0.0195434 0.0344691
679 0.0262151 0.00546843 0.0207467 0.0316835
680 0.0268352 0.00709939 0.0197358 0.0339346
681 0.0266428 0.00704798 0.0195948 0.0336908
682 0.0279899 0.00710401 0.0208859 0.0350939
683 0.0279257 0.00693549 0.0209902 0.0348612
684 0.027605 0.00703026 0.0205747 0.0346353
685 0.0275836 0.00543893 0.0221447 0.0330225
686 0.0281823 0.00687697 0.0213054 0.0350593
687 0.0274125 0.00535658 0.022056 0.0327691
688 0.0280326 0.00492353 0.0231091 0.0329562
689 0.0274553 0.00490329 0.022552 0.0323586
690 0.0269207 0.00510589 0.0218149 0.0320266
691 0.0283106 0.00523871 0.0230719 0.0335493
692 0.0282679 0.00516718 0.0231007 0.033435
693 0.0283748 0.00542172 0.0229531 0.0337965
694 0.0280754 0.00630448 0.0217709 0.0343799
695 0.0264289 0.00519134 0.0212376 0.0316203
696 0.0266214 0.00478297 0.0218384 0.0314044
697 0.0274339 0.0054251 0.0220088 0.032859
698 0.0263006 0.00503377 0.0212669 0.0313344
699 0.0258944 0.0049991 0.0208953 0.0308935
700 0.0266 0.00556211 0.0210379 0.0321621
701 0.026151 0.00535212 0.0207988 0.0315031
702 0.026151 0.00547542 0.0206755 0.0316264
703 0.0254454 0.00493102 0.0205143 0.0303764
704 0.0252529 0.00462275 0.0206301 0.0298756
705 0.0246756 0.00454825 0.0201273 0.0292238
706 0.024697 0.00457584 0.0201211 0.0292728
707 0.0257019 0.00692468 0.0187773 0.0326266
708 0.0251032 0.00492283 0.0201804 0.0300261
709 0.0248253 0.00465822 0.020167 0.0294835
710 0.0245259 0.00422768 0.0202982 0.0287536
711 0.024868 0.00457864 0.0202894 0.0294467
712 0.0238844 0.0045102 0.0193742 0.0283946
713 0.0234354 0.00426282 0.0191726 0.0276982
714 0.0232857 0.00443085 0.0188549 0.0277166
715 0.0229008 0.00372445 0.0191764 0.0266253
716 0.0229008 0.00357665 0.0193242 0.0264775
717 0.0227298 0.00368695 0.0190428 0.0264167
718 0.0231788 0.00382886 0.0193499 0.0270077
719 0.0229436 0.00397346 0.0189701 0.026917
720 0.0235851 0.00446745 0.0191176 0.0280525
721 0.0263862 0.00798359 0.0184026 0.0343698
722 0.0254453 0.0056662 0.0197791 0.0311115
723 0.025424 0.00496424 0.0204597 0.0303882
724 0.0258516 0.00534902 0.0205026 0.0312006
725 0.0257447 0.00501396 0.0207308 0.0307587
726 0.025595 0.00516077 0.0204342 0.0307558
727 0.0253812 0.00499692 0.0203843 0.0303781
728 0.0253384 0.00507428 0.0202641 0.0304127
729 0.0252743 0.00504177 0.0202325 0.0303161
730 0.0258516 0.00535245 0.0204992 0.0312041
731 0.0267497 0.00587843 0.0208712 0.0326281
732 0.0254239 0.0049826 0.0204414 0.0304065
733 0.0262365 0.00545702 0.0207795 0.0316935
734 0.0255309 0.00505843 0.0204725 0.0305893
735 0.0253384 0.00500896 0.0203295 0.0303474
736 0.0266642 0.00579034 0.0208738 0.0324545
737 0.0270918 0.00538279 0.021709 0.0324746
738 0.0277119 0.00654407 0.0211678 0.034256
739 0.0262151 0.00483664 0.0213785 0.0310518
740 0.0263006 0.00501011 0.0212905 0.0313107
741 0.0272842 0.00554401 0.0217402 0.0328283
742 0.0280968 0.00592435 0.0221724 0.0340211
743 0.0272415 0.00534156 0.0218999 0.032583
744 0.0264503 0.00539635 0.021054 0.0318467
745 0.0265786 0.00530924 0.0212694 0.0318879
746 0.0277761 0.00552232 0.0222537 0.0332984
747 0.0274126 0.00523574 0.0221768 0.0326483
748 0.0284175 0.0077161 0.0207014 0.0361336
749 0.0276264 0.00622291 0.0214035 0.0338493
750 0.0263862 0.00513558 0.0212506 0.0315218
751 0.0266428 0.00560389 0.0210389 0.0322467
752 0.0266642 0.00551369 0.0211505 0.0321778
753 0.0259371 0.00510735 0.0208298 0.0310445
754 0.0254454 0.00501011 0.0204352 0.0304555
755 0.0253812 0.00514124 0.02024 0.0305225
756 0.0254026 0.00494932 0.0204532 0.0303519
757 0.025424 0.00502465 0.0203993 0.0304486
758 0.0255523 0.00525661 0.0202956 0.0308089
759 0.0255737 0.00526134 0.0203123 0.030835
760 0.0255523 0.00530336 0.0202489 0.0308556
761 0.0270063 0.00594311 0.0210632 0.0329494
762 0.0262365 0.00543351 0.020803 0.03167
763 0.0263648 0.00533156 0.0210332 0.0316964
764 0.0256378 0.00497895 0.0206589 0.0306167
765 0.0261724 0.00660667 0.0195657 0.032779
766 0.0245687 0.00469342 0.0198752 0.0292621
767 0.024141 0.00449234 0.0196487 0.0286333
768 0.0260654 0.00506814 0.0209973 0.0311336
769 0.0317746 0.0310922 0.000682448 0.0628668
770 0.0246756 0.00478722 0.0198883 0.0294628
771 0.025146 0.00519839 0.0199476 0.0303444
772 0.02459 0.00464451 0.0199455 0.0292345
773 0.0244618 0.00473828 0.0197235 0.0292
774 0.0250819 0.00498775 0.0200941 0.0300696
775 0.0252101 0.00500092 0.0202092 0.030211
776 0.0248894 0.00464667 0.0202427 0.0295361
777 0.0254453 0.00538995 0.0200554 0.0308353
778 0.0247183 0.00515601 0.0195623 0.0298743
779 0.0252315 0.00477556 0.0204559 0.0300071
780 0.0243548 0.00472643 0.0196284 0.0290813
781 0.0259372 0.00530406 0.0206331 0.0312412
782 0.0254026 0.00517338 0.0202292 0.030576
783 0.0248252 0.00478604 0.0200392 0.0296113
784 0.0249322 0.00558099 0.0193512 0.0305132
785 0.0253812 0.00519607 0.0201851 0.0305773
786 0.0248039 0.00465925 0.0201446 0.0294631
787 0.0255523 0.00510302 0.0204492 0.0306553
788 0.0247825 0.00467194 0.0201105 0.0294544
789 0.0247397 0.00472217 0.0200176 0.0294619
790 0.0319457 0.0307738 0.00117187 0.0627195
791 0.0259799 0.0052322 0.0207477 0.0312121
792 0.025873 0.00516647 0.0207065 0.0310395
793 0.0258944 0.00516111 0.0207333 0.0310555
794 0.0264503 0.00545535 0.020995 0.0319057
795 0.0259585 0.00483854 0.02112 0.0307971
796 0.0258302 0.00494009 0.0208901 0.0307703
797 0.0259372 0.00506958 0.0208676 0.0310067
798 0.0267283 0.00555702 0.0211713 0.0322853
799 0.0272843 0.00557525 0.021709 0.0328595
