# ../output/graphs/perf_parallel88QUADRUPED_thread2
# step - mean (0.476842) - standard deviation (0.0819397) r=20 - ylow - yhigh
0 0.440035 0.0718928 0.368143 0.511928
1 0.487954 0.102316 0.385638 0.59027
2 0.446942 0.0591436 0.387798 0.506086
3 0.444355 0.0146864 0.429668 0.459041
4 0.478268 0.0988456 0.379422 0.577113
5 0.511689 0.115303 0.396386 0.626992
6 0.470206 0.0808563 0.38935 0.551063
7 0.455859 0.0690044 0.386854 0.524863
8 0.464882 0.0785836 0.386298 0.543466
9 0.469843 0.0872296 0.382613 0.557072
10 0.466443 0.0814911 0.384952 0.547934
11 0.465481 0.0736703 0.39181 0.539151
12 0.499715 0.11191 0.387805 0.611624
13 0.501639 0.116995 0.384644 0.618634
14 0.47228 0.086079 0.386202 0.558359
15 0.454789 0.0698739 0.384915 0.524663
16 0.469821 0.0873542 0.382467 0.557176
17 0.456543 0.0632045 0.393338 0.519747
18 0.446728 0.0146314 0.432097 0.46136
19 0.442174 0.0170078 0.425166 0.459181
20 0.438688 0.0115146 0.427174 0.450203
21 0.453207 0.0533423 0.399865 0.506549
22 0.479978 0.10581 0.374168 0.585788
23 0.459814 0.0608417 0.398973 0.520656
24 0.439287 0.00931325 0.429974 0.4486
25 0.464091 0.0881223 0.375969 0.552213
26 0.480855 0.100946 0.379909 0.581801
27 0.486628 0.0982397 0.388389 0.584868
28 0.47228 0.0809167 0.391364 0.553197
29 0.471211 0.0823594 0.388852 0.553571
30 0.454618 0.0546076 0.400011 0.509226
31 0.472751 0.0806287 0.392122 0.55338
32 0.476386 0.0866505 0.389735 0.563037
33 0.458339 0.0628561 0.395483 0.521195
34 0.46578 0.061927 0.403853 0.527707
35 0.488638 0.0888674 0.399771 0.577506
36 0.45062 0.01806 0.43256 0.46868
37 0.478075 0.0789043 0.399171 0.55698
38 0.505851 0.108283 0.397569 0.614134
39 0.477455 0.0818563 0.395599 0.559311
40 0.450556 0.0128079 0.437748 0.463364
41 0.467106 0.0577292 0.409377 0.524835
42 0.476001 0.0838793 0.392122 0.55988
43 0.458296 0.0673464 0.39095 0.525643
44 0.445809 0.0120637 0.433745 0.457872
45 0.482395 0.0861369 0.396258 0.568531
46 0.472601 0.0795434 0.393058 0.552145
47 0.465096 0.0862753 0.378821 0.551371
48 0.460007 0.0591014 0.400905 0.519108
49 0.454447 0.0619115 0.392536 0.516359
50 0.456329 0.0589609 0.397368 0.51529
51 0.494625 0.0996291 0.394996 0.594255
52 0.440121 0.00621686 0.433904 0.446338
53 0.438303 0.00987401 0.428429 0.448177
54 0.477498 0.0899656 0.387532 0.567464
55 0.458061 0.0551829 0.402878 0.513244
56 0.458082 0.0558976 0.402185 0.51398
57 0.441789 0.0100462 0.431742 0.451835
58 0.491824 0.101729 0.390096 0.593553
59 0.504568 0.106475 0.398093 0.611044
60 0.496315 0.102676 0.393638 0.598991
61 0.444226 0.00994136 0.434285 0.454168
62 0.452095 0.0682559 0.383839 0.520351
63 0.460734 0.0589066 0.401827 0.51964
64 0.462594 0.0581007 0.404493 0.520695
65 0.473756 0.0765432 0.397213 0.550299
66 0.485581 0.092703 0.392878 0.578284
67 0.497662 0.104432 0.39323 0.602094
68 0.499137 0.0999353 0.399202 0.599072
69 0.473542 0.0840935 0.389449 0.557636
70 0.472665 0.0872828 0.385383 0.559948
71 0.473713 0.0907938 0.382919 0.564507
72 0.486714 0.0777347 0.408979 0.564449
73 0.473948 0.0582714 0.415677 0.53222
74 0.474333 0.0578048 0.416528 0.532138
75 0.478653 0.058886 0.419767 0.537539
76 0.501682 0.0952147 0.406467 0.596896
77 0.519344 0.10998 0.409363 0.629324
78 0.498025 0.0852443 0.412781 0.58327
79 0.48124 0.0651619 0.416078 0.546402
80 0.480342 0.060219 0.420123 0.540561
81 0.478396 0.059588 0.418808 0.537984
82 0.489814 0.0825356 0.407279 0.57235
83 0.509914 0.0987976 0.411116 0.608712
84 0.462145 0.0123882 0.449757 0.474533
85 0.46501 0.0202092 0.444801 0.48522
86 0.471917 0.0565031 0.415414 0.52842
87 0.475851 0.0631081 0.412743 0.53896
88 0.47861 0.0729808 0.405629 0.551591
89 0.479572 0.0656769 0.413895 0.545249
90 0.462829 0.0104175 0.452412 0.473247
91 0.479208 0.063678 0.415531 0.542886
92 0.470912 0.0651358 0.405776 0.536048
93 0.479829 0.0810474 0.398781 0.560876
94 0.488232 0.0798812 0.408351 0.568113
95 0.460905 0.0119559 0.448949 0.472861
96 0.4834 0.077467 0.405933 0.560866
97 0.501981 0.101883 0.400098 0.603864
98 0.478674 0.0647683 0.413906 0.543442
99 0.474761 0.0269854 0.447775 0.501746
100 0.469501 0.0338032 0.435698 0.503304
101 0.462166 0.0122805 0.449886 0.474447
102 0.489387 0.0919284 0.397458 0.581315
103 0.474675 0.0607028 0.413973 0.535378
104 0.467405 0.0145638 0.452841 0.481969
105 0.461076 0.014854 0.446222 0.47593
106 0.460948 0.0124926 0.448455 0.47344
107 0.475851 0.0623112 0.41354 0.538163
108 0.458916 0.00792939 0.450987 0.466846
109 0.47228 0.056534 0.415746 0.528814
110 0.47521 0.0602967 0.414913 0.535507
111 0.476856 0.0678001 0.409056 0.544657
112 0.491183 0.0872011 0.403982 0.578384
113 0.515859 0.112255 0.403603 0.628114
114 0.492124 0.0838411 0.408283 0.575965
115 0.488702 0.0794157 0.409287 0.568118
116 0.45913 0.0131342 0.445996 0.472264
117 0.485474 0.0809679 0.404506 0.566442
118 0.482608 0.087511 0.395097 0.570119
119 0.490178 0.0954296 0.394748 0.585607
120 0.468945 0.0568408 0.412104 0.525786
121 0.466101 0.0611286 0.404972 0.527229
122 0.475467 0.0614761 0.41399 0.536943
123 0.450855 0.00928599 0.441569 0.460141
124 0.468816 0.0569401 0.411876 0.525757
125 0.449273 0.00827871 0.440994 0.457551
126 0.476557 0.0806772 0.39588 0.557234
127 0.470784 0.0767881 0.393996 0.547572
128 0.501126 0.0899818 0.411144 0.591108
129 0.472943 0.0612489 0.411694 0.534192
130 0.469501 0.0674709 0.40203 0.536972
131 0.467726 0.0540984 0.413628 0.521824
132 0.468581 0.057558 0.411023 0.526139
133 0.496058 0.0990304 0.397028 0.595089
134 0.495588 0.104576 0.391012 0.600164
135 0.492017 0.0911746 0.400842 0.583191
136 0.49965 0.114413 0.385237 0.614064
137 0.480213 0.0863492 0.393864 0.566563
138 0.485709 0.0794849 0.406224 0.565194
139 0.46531 0.0606424 0.404667 0.525952
140 0.468196 0.069616 0.39858 0.537812
141 0.464561 0.0582773 0.406284 0.522839
142 0.479016 0.0921103 0.386906 0.571126
143 0.464754 0.0591732 0.405581 0.523927
144 0.494903 0.091922 0.402981 0.586825
145 0.468239 0.0556597 0.412579 0.523899
146 0.480534 0.0788995 0.401635 0.559434
147 0.482544 0.0821267 0.400418 0.564671
148 0.458125 0.0578569 0.400268 0.515982
149 0.443713 0.0136746 0.430039 0.457388
150 0.457142 0.0588852 0.398256 0.516027
151 0.462915 0.0595884 0.403326 0.522503
152 0.473756 0.0774793 0.396277 0.551235
153 0.478375 0.0831839 0.395191 0.561558
154 0.45635 0.0630355 0.393315 0.519386
155 0.459344 0.0620145 0.397329 0.521358
156 0.469458 0.0809949 0.388463 0.550453
157 0.474846 0.0852028 0.389644 0.560049
158 0.454683 0.0617499 0.392933 0.516432
159 0.484276 0.102231 0.382045 0.586507
160 0.485581 0.0827854 0.402795 0.568366
161 0.477134 0.0775132 0.399621 0.554648
162 0.468453 0.0342317 0.434221 0.502685
163 0.457355 0.0146146 0.442741 0.47197
164 0.474162 0.0684925 0.40567 0.542655
165 0.506386 0.110833 0.395553 0.617219
166 0.503521 0.105975 0.397546 0.609496
167 0.448075 0.0090243 0.439051 0.4571
168 0.446835 0.00891152 0.437924 0.455747
169 0.443991 0.00656224 0.437429 0.450553
170 0.46841 0.0857752 0.382635 0.554185
171 0.490221 0.0969297 0.393291 0.58715
172 0.499928 0.107573 0.392356 0.607501
173 0.460007 0.0550093 0.404997 0.515016
174 0.489793 0.102695 0.387098 0.592488
175 0.485132 0.0917628 0.393369 0.576894
176 0.45402 0.0570629 0.396957 0.511082
177 0.47799 0.096322 0.381668 0.574312
178 0.4899 0.105033 0.384867 0.594933
179 0.467512 0.0867429 0.380769 0.554255
180 0.465844 0.0782096 0.387635 0.544054
181 0.480406 0.0898304 0.390576 0.570236
182 0.491675 0.130031 0.361644 0.621705
183 0.510919 0.12416 0.386759 0.635079
184 0.463685 0.0738141 0.389871 0.537499
185 0.472088 0.0999758 0.372112 0.572064
186 0.462444 0.0782612 0.384183 0.540706
187 0.452395 0.0595423 0.392852 0.511937
188 0.460071 0.0618964 0.398175 0.521967
189 0.468196 0.0829577 0.385239 0.551154
190 0.462979 0.0726832 0.390296 0.535662
191 0.477648 0.0915588 0.386089 0.569206
192 0.465695 0.0589633 0.406731 0.524658
193 0.450363 0.0149636 0.4354 0.465327
194 0.451154 0.0187206 0.432434 0.469875
195 0.480962 0.0920129 0.388949 0.572975
196 0.481732 0.0915276 0.390204 0.573259
197 0.489216 0.0953193 0.393896 0.584535
198 0.462958 0.05805 0.404908 0.521008
199 0.469565 0.0848992 0.384666 0.554464
200 0.461204 0.0130182 0.448186 0.474222
201 0.472558 0.0691195 0.403439 0.541678
202 0.484854 0.0861239 0.39873 0.570977
203 0.475253 0.10754 0.367712 0.582793
204 0.468731 0.0607909 0.40794 0.529522
205 0.457462 0.0105676 0.446895 0.46803
206 0.47119 0.0690778 0.402112 0.540268
207 0.485645 0.0849569 0.400688 0.570602
208 0.49129 0.0960391 0.395251 0.587329
209 0.468902 0.0572403 0.411662 0.526142
210 0.456714 0.0134996 0.443214 0.470213
211 0.460114 0.0192871 0.440827 0.479401
212 0.495609 0.108213 0.387396 0.603822
213 0.491504 0.10554 0.385964 0.597043
214 0.485794 0.0859171 0.399877 0.571712
215 0.46315 0.0641006 0.399049 0.527251
216 0.453122 0.0112209 0.441901 0.464342
217 0.45171 0.00835064 0.44336 0.460061
218 0.468004 0.0545749 0.413429 0.522579
219 0.511667 0.14221 0.369457 0.653878
220 0.481133 0.0783826 0.40275 0.559516
221 0.471725 0.0641869 0.407538 0.535911
222 0.448546 0.00555173 0.442994 0.454097
223 0.470164 0.0604614 0.409702 0.530625
224 0.476621 0.0627067 0.413914 0.539328
225 0.497405 0.102707 0.394698 0.600112
226 0.474547 0.0613569 0.41319 0.535904
227 0.473179 0.0619505 0.411228 0.535129
228 0.48727 0.0831363 0.404134 0.570406
229 0.460798 0.0131329 0.447665 0.473931
230 0.453528 0.0144003 0.439128 0.467928
231 0.46407 0.0567187 0.407351 0.520788
232 0.47846 0.0801896 0.39827 0.55865
233 0.477305 0.0830837 0.394222 0.560389
234 0.497769 0.0931002 0.404669 0.590869
235 0.502473 0.0993725 0.4031 0.601845
236 0.457591 0.00850915 0.449081 0.4661
237 0.47769 0.0658042 0.411886 0.543495
238 0.473264 0.0577505 0.415514 0.531015
239 0.501767 0.105223 0.396544 0.606991
240 0.484811 0.0989627 0.385848 0.583773
241 0.460221 0.0173305 0.44289 0.477551
242 0.475573 0.0637255 0.411848 0.539299
243 0.485217 0.0904494 0.394768 0.575666
244 0.480791 0.0928066 0.387984 0.573597
245 0.46501 0.0623418 0.402669 0.527352
246 0.506878 0.123107 0.383771 0.629985
247 0.450812 0.0114339 0.439378 0.462246
248 0.461204 0.0626825 0.398522 0.523887
249 0.486201 0.104516 0.381685 0.590717
250 0.474611 0.0877546 0.386857 0.562366
251 0.459943 0.0620721 0.397871 0.522015
252 0.461397 0.0627418 0.398655 0.524138
253 0.461546 0.0803702 0.381176 0.541917
254 0.434454 0.00990175 0.424553 0.444356
255 0.437683 0.0107353 0.426948 0.448419
256 0.469586 0.0761521 0.393434 0.545738
257 0.46779 0.0599184 0.407872 0.527709
258 0.474205 0.0807558 0.393449 0.554961
259 0.451133 0.0156008 0.435532 0.466734
260 0.470698 0.0643614 0.406337 0.53506
261 0.449786 0.0148088 0.434977 0.464595
262 0.49268 0.0985342 0.394145 0.591214
263 0.471404 0.0755225 0.395881 0.546926
264 0.455602 0.0554413 0.400161 0.511043
265 0.449358 0.0538935 0.395465 0.503252
266 0.454426 0.0583429 0.396083 0.512769
267 0.462316 0.076452 0.385864 0.538768
268 0.466144 0.0819477 0.384196 0.548091
269 0.463492 0.0799908 0.383501 0.543483
270 0.452651 0.0556999 0.396951 0.508351
271 0.464989 0.0784569 0.386532 0.543446
272 0.46779 0.0755885 0.392202 0.543379
273 0.453378 0.0643585 0.38902 0.517737
274 0.451218 0.0573888 0.39383 0.508607
275 0.439287 0.00847102 0.430816 0.447758
276 0.441767 0.0122648 0.429503 0.454032
277 0.440442 0.0140117 0.42643 0.454453
278 0.437769 0.0134859 0.424283 0.451255
279 0.46702 0.0882946 0.378726 0.555315
280 0.438881 0.0112261 0.427655 0.450107
281 0.474568 0.0966264 0.377942 0.571195
282 0.491333 0.0992258 0.392107 0.590558
283 0.489258 0.113169 0.37609 0.602427
284 0.452929 0.057772 0.395157 0.510701
285 0.461226 0.0686744 0.392551 0.5299
286 0.462295 0.0573797 0.404915 0.519674
287 0.451197 0.00999512 0.441202 0.461192
288 0.464347 0.0589827 0.405365 0.52333
289 0.490755 0.100802 0.389954 0.591557
290 0.477284 0.0705431 0.406741 0.547827
291 0.453955 0.0166667 0.437289 0.470622
292 0.471062 0.0639904 0.407071 0.535052
293 0.477947 0.0786851 0.399262 0.556632
294 0.465203 0.0623663 0.402836 0.527569
295 0.459686 0.0617006 0.397985 0.521387
296 0.465524 0.0593052 0.406218 0.524829
297 0.446386 0.00989039 0.436496 0.456276
298 0.456094 0.0126542 0.44344 0.468748
299 0.475146 0.0594539 0.415692 0.5346
300 0.456885 0.0143065 0.442578 0.471191
301 0.457035 0.0115547 0.44548 0.468589
302 0.460114 0.0633962 0.396717 0.52351
303 0.460456 0.0586174 0.401838 0.519073
304 0.45233 0.024115 0.428215 0.476445
305 0.44923 0.0128989 0.436331 0.462129
306 0.46578 0.0638662 0.401914 0.529646
307 0.474825 0.0794972 0.395328 0.554322
308 0.464283 0.0591057 0.405178 0.523389
309 0.502815 0.122761 0.380054 0.625577
310 0.462658 0.053012 0.409646 0.51567
311 0.460926 0.0574099 0.403516 0.518336
312 0.463685 0.0575865 0.406098 0.521271
313 0.489707 0.0928756 0.396832 0.582583
314 0.487911 0.0897748 0.398136 0.577686
315 0.47335 0.0838557 0.389494 0.557205
316 0.494112 0.118459 0.375653 0.612572
317 0.463898 0.0565525 0.407346 0.520451
318 0.459301 0.0587519 0.400549 0.518053
319 0.452651 0.0119234 0.440728 0.464575
320 0.474012 0.0695503 0.404462 0.543563
321 0.451112 0.0137045 0.437407 0.464816
322 0.47134 0.0622159 0.409124 0.533556
323 0.482031 0.0537219 0.428309 0.535753
324 0.493792 0.0849978 0.408794 0.578789
325 0.506471 0.0980114 0.40846 0.604483
326 0.4565 0.0202469 0.436253 0.476747
327 0.467362 0.0150886 0.452274 0.482451
328 0.516735 0.110944 0.405791 0.627679
329 0.483699 0.0574868 0.426212 0.541186
330 0.464754 0.0135519 0.451202 0.478306
331 0.480727 0.0638888 0.416838 0.544615
332 0.477177 0.0719797 0.405197 0.549157
333 0.468881 0.0170689 0.451812 0.48595
334 0.480727 0.0561068 0.42462 0.536833
335 0.475189 0.0581515 0.417037 0.53334
336 0.474141 0.0638593 0.410281 0.538
337 0.459729 0.00698924 0.45274 0.466718
338 0.477092 0.0730992 0.403992 0.550191
339 0.496229 0.0889159 0.407313 0.585145
340 0.485816 0.0789947 0.406821 0.56481
341 0.503563 0.110373 0.393191 0.613936
342 0.486757 0.0793779 0.407379 0.566134
343 0.485516 0.0785495 0.406967 0.564066
344 0.47645 0.0565203 0.41993 0.53297
345 0.491033 0.0846436 0.40639 0.575677
346 0.478738 0.0663252 0.412413 0.545063
347 0.471789 0.0615556 0.410233 0.533344
348 0.491782 0.0849985 0.406783 0.57678
349 0.489943 0.0931527 0.39679 0.583095
350 0.463813 0.0131822 0.450631 0.476995
351 0.457783 0.0140173 0.443766 0.4718
352 0.478417 0.0598819 0.418535 0.538299
353 0.47382 0.0185616 0.455258 0.492382
354 0.467127 0.0181716 0.448956 0.485299
355 0.470976 0.01649 0.454486 0.487466
356 0.516607 0.112171 0.404436 0.628778
357 0.487954 0.0797362 0.408218 0.56769
358 0.512459 0.106701 0.405758 0.619159
359 0.474782 0.0380645 0.436718 0.512847
360 0.456842 0.0104857 0.446356 0.467328
361 0.459857 0.0151568 0.4447 0.475014
362 0.459985 0.0077125 0.452273 0.467698
363 0.473585 0.0594382 0.414147 0.533023
364 0.463407 0.0143519 0.449055 0.477759
365 0.514191 0.108947 0.405244 0.623137
366 0.506044 0.0977507 0.408293 0.603795
367 0.502516 0.0935326 0.408983 0.596048
368 0.496058 0.0899032 0.406155 0.585961
369 0.504312 0.0948442 0.409468 0.599156
370 0.474119 0.0647347 0.409385 0.538854
371 0.476536 0.0806844 0.395851 0.55722
372 0.491226 0.0945919 0.396634 0.585817
373 0.527191 0.119746 0.407446 0.646937
374 0.493514 0.0928634 0.40065 0.586377
375 0.479016 0.0829628 0.396053 0.561979
376 0.49903 0.100677 0.398353 0.599707
377 0.475295 0.0791431 0.396152 0.554439
378 0.448118 0.0368067 0.411311 0.484925
379 0.489429 0.0833686 0.406061 0.572798
380 0.491739 0.105931 0.385808 0.59767
381 0.465288 0.0605501 0.404738 0.525838
382 0.445638 0.00671497 0.438923 0.452353
383 0.464347 0.0570086 0.407339 0.521356
384 0.474055 0.0735723 0.400483 0.547628
385 0.486735 0.08418 0.402555 0.570915
386 0.500356 0.0895445 0.410812 0.589901
387 0.477819 0.058658 0.419161 0.536477
388 0.46655 0.0577909 0.408759 0.524341
389 0.469244 0.060182 0.409062 0.529426
390 0.468154 0.0560138 0.41214 0.524167
391 0.464861 0.0626534 0.402207 0.527514
392 0.473371 0.0783169 0.395054 0.551688
393 0.474483 0.079384 0.395099 0.553867
394 0.476087 0.0851451 0.390942 0.561232
395 0.456265 0.0577174 0.398547 0.513982
396 0.470976 0.0822724 0.388704 0.553249
397 0.487612 0.104057 0.383555 0.591669
398 0.459536 0.055062 0.404474 0.514598
399 0.444419 0.0115867 0.432832 0.456005
400 0.449829 0.0130377 0.436791 0.462866
401 0.446643 0.01281 0.433833 0.459453
402 0.451176 0.016234 0.434942 0.46741
403 0.490456 0.095512 0.394944 0.585968
404 0.450684 0.0133927 0.437291 0.464077
405 0.446001 0.0145616 0.43144 0.460563
406 0.452651 0.0406417 0.412009 0.493293
407 0.499971 0.111566 0.388405 0.611537
408 0.488916 0.0917479 0.397168 0.580664
409 0.489558 0.0993504 0.390207 0.588908
410 0.493556 0.102821 0.390735 0.596378
411 0.465716 0.0750793 0.390637 0.540795
412 0.498154 0.102597 0.395557 0.600751
413 0.515367 0.1193 0.396067 0.634666
414 0.482052 0.0784758 0.403577 0.560528
415 0.479957 0.0860503 0.393907 0.566007
416 0.508375 0.10545 0.402925 0.613824
417 0.511218 0.114521 0.396698 0.625739
418 0.481197 0.0829992 0.398198 0.564196
419 0.474376 0.0646277 0.409748 0.539004
420 0.488146 0.0889801 0.399166 0.577127
421 0.489066 0.0850111 0.404055 0.574077
422 0.496186 0.105476 0.390711 0.601662
423 0.514276 0.113206 0.401071 0.627482
424 0.510513 0.111971 0.398541 0.622484
425 0.478225 0.0820948 0.39613 0.56032
426 0.484319 0.0796669 0.404652 0.563986
427 0.45387 0.0126228 0.441247 0.466493
428 0.467662 0.0800939 0.387568 0.547756
429 0.460499 0.0592215 0.401277 0.51972
430 0.479294 0.0794152 0.399879 0.558709
431 0.460883 0.0558292 0.405054 0.516713
432 0.465224 0.0580355 0.407189 0.52326
433 0.451454 0.0141439 0.43731 0.465598
434 0.502644 0.102482 0.400162 0.605126
435 0.486864 0.0892935 0.39757 0.576157
436 0.48171 0.0688692 0.412841 0.550579
437 0.486607 0.0975685 0.389038 0.584175
438 0.481496 0.0776076 0.403889 0.559104
439 0.462851 0.0545479 0.408303 0.517399
440 0.46995 0.0752801 0.39467 0.54523
441 0.446835 0.00860136 0.438234 0.455436
442 0.463834 0.0589749 0.404859 0.522809
443 0.47784 0.0848371 0.393003 0.562677
444 0.475231 0.0805215 0.39471 0.555753
445 0.563221 0.494452 0.0687696 1.05767
446 0.48263 0.0801634 0.402466 0.562793
447 0.503136 0.104247 0.398889 0.607382
448 0.471725 0.0649297 0.406795 0.536654
449 0.464347 0.057556 0.406792 0.521903
450 0.470762 0.0633278 0.407435 0.53409
451 0.474355 0.0588616 0.415493 0.533216
452 0.456906 0.0125153 0.444391 0.469422
453 0.454704 0.0144139 0.44029 0.469118
454 0.454854 0.0104827 0.444371 0.465336
455 0.488125 0.0824433 0.405682 0.570568
456 0.541347 0.121724 0.419623 0.663071
457 0.50166 0.0985135 0.403147 0.600174
458 0.507733 0.0969216 0.410811 0.604655
459 0.502366 0.101282 0.401084 0.603648
460 0.523321 0.119975 0.403346 0.643296
461 0.4865 0.0805067 0.405993 0.567007
462 0.475445 0.0591262 0.416319 0.534571
463 0.46377 0.0109654 0.452805 0.474736
464 0.48124 0.0612792 0.419961 0.542519
465 0.503478 0.0953418 0.408136 0.59882
466 0.518831 0.116256 0.402574 0.635087
467 0.489921 0.0913521 0.398569 0.581273
468 0.471767 0.0574731 0.414294 0.52924
469 0.472045 0.0584399 0.413605 0.530485
470 0.505488 0.107852 0.397636 0.61334
471 0.480278 0.0641446 0.416133 0.544422
472 0.473221 0.0594336 0.413788 0.532655
473 0.523984 0.145706 0.378278 0.66969
474 0.481774 0.0567921 0.424982 0.538567
475 0.485516 0.0927988 0.392718 0.578315
476 0.486372 0.0802263 0.406145 0.566598
477 0.493171 0.0916823 0.401489 0.584854
478 0.484618 0.0879927 0.396626 0.572611
479 0.502751 0.0987925 0.403958 0.601543
480 0.505894 0.132544 0.373351 0.638438
481 0.520285 0.108892 0.411393 0.629177
482 0.480064 0.0559157 0.424148 0.535979
483 0.493492 0.0866128 0.406879 0.580105
484 0.481026 0.0575653 0.423461 0.538591
485 0.461247 0.0145192 0.446728 0.475766
486 0.516671 0.111015 0.405656 0.627686
487 0.502323 0.0973745 0.404949 0.599698
488 0.475402 0.0646219 0.41078 0.540024
489 0.493107 0.0844387 0.408669 0.577546
490 0.485987 0.0755837 0.410403 0.561571
491 0.496871 0.0953139 0.401557 0.592185
492 0.484618 0.0837333 0.400885 0.568352
493 0.497256 0.102486 0.394769 0.599742
494 0.488788 0.0924917 0.396296 0.58128
495 0.483228 0.0849617 0.398267 0.56819
496 0.473927 0.0643383 0.409589 0.538265
497 0.515217 0.107462 0.407755 0.622679
498 0.468902 0.0582753 0.410627 0.527177
499 0.474932 0.0806688 0.394263 0.555601
500 0.47042 0.0539556 0.416465 0.524376
501 0.467534 0.0566172 0.410916 0.524151
502 0.46439 0.0559182 0.408472 0.520308
503 0.449593 0.0116131 0.43798 0.461206
504 0.457569 0.0554692 0.4021 0.513038
505 0.493599 0.0975771 0.396022 0.591176
506 0.466079 0.0690512 0.397028 0.535131
507 0.464882 0.0775498 0.387332 0.542432
508 0.478139 0.0776077 0.400532 0.555747
509 0.478824 0.0794702 0.399353 0.558294
510 0.459814 0.0591465 0.400668 0.518961
511 0.475509 0.078995 0.396514 0.554504
512 0.485794 0.079148 0.406646 0.564942
513 0.488702 0.0840679 0.404635 0.57277
514 0.463407 0.0133428 0.450064 0.476749
515 0.459536 0.0143143 0.445222 0.473851
516 0.475253 0.0626998 0.412553 0.537952
517 0.480577 0.0982759 0.382301 0.578853
518 0.472751 0.0785812 0.39417 0.551332
519 0.473392 0.0733367 0.400056 0.546729
520 0.479615 0.0863179 0.393297 0.565933
521 0.474846 0.0880282 0.386818 0.562875
522 0.468581 0.0769859 0.391595 0.545567
523 0.486479 0.0962381 0.39024 0.582717
524 0.504739 0.11608 0.38866 0.620819
525 0.477733 0.0890065 0.388727 0.56674
526 0.452031 0.0192083 0.432823 0.471239
527 0.451112 0.021875 0.429237 0.472987
528 0.457633 0.0565506 0.401083 0.514184
529 0.460819 0.0615963 0.399223 0.522416
530 0.441532 0.0106986 0.430834 0.452231
531 0.473606 0.0788637 0.394743 0.55247
532 0.484768 0.0819216 0.402846 0.56669
533 0.459387 0.0687777 0.390609 0.528164
534 0.469821 0.0826607 0.387161 0.552482
535 0.479486 0.0796879 0.399799 0.559174
536 0.466978 0.0776898 0.389288 0.544667
537 0.478075 0.0817165 0.396359 0.559792
538 0.486842 0.0971322 0.38971 0.583974
539 0.539251 0.123629 0.415622 0.662881
540 0.488531 0.103992 0.38454 0.592523
541 0.461568 0.0571976 0.40437 0.518765
542 0.469608 0.0796377 0.38997 0.549245
543 0.511112 0.107082 0.40403 0.618193
544 0.532259 0.128411 0.403848 0.66067
545 0.51186 0.113278 0.398582 0.625138
546 0.478888 0.06036 0.418528 0.539248
547 0.488446 0.0837144 0.404731 0.57216
548 0.482993 0.0847301 0.398263 0.567723
549 0.503157 0.101425 0.401732 0.604583
550 0.466122 0.0624804 0.403642 0.528603
551 0.469565 0.0674102 0.402155 0.536975
552 0.47042 0.0663397 0.40408 0.53676
553 0.460862 0.0147639 0.446098 0.475626
554 0.45836 0.0129004 0.44546 0.471261
555 0.469052 0.0644108 0.404641 0.533462
556 0.478417 0.0824974 0.39592 0.560915
557 0.463556 0.0614334 0.402123 0.52499
558 0.495887 0.0939801 0.401907 0.589867
559 0.475595 0.073995 0.4016 0.54959
560 0.465545 0.0570731 0.408472 0.522618
561 0.474355 0.0813355 0.393019 0.55569
562 0.537092 0.125812 0.411279 0.662904
563 0.493107 0.0914447 0.401663 0.584552
564 0.482651 0.0890699 0.393581 0.571721
565 0.451496 0.0153783 0.436118 0.466875
566 0.471618 0.0789436 0.392674 0.550561
567 0.483806 0.0922478 0.391558 0.576054
568 0.499565 0.106188 0.393377 0.605753
569 0.487419 0.0970542 0.390365 0.584474
570 0.48697 0.0905775 0.396393 0.577548
571 0.460263 0.0527255 0.407538 0.512989
572 0.466315 0.0574124 0.408902 0.523727
573 0.463321 0.0566613 0.40666 0.519982
574 0.471083 0.0737694 0.397314 0.544853
575 0.477049 0.0728611 0.404188 0.54991
576 0.500142 0.103456 0.396686 0.603598
577 0.481881 0.086832 0.395049 0.568713
578 0.455687 0.022223 0.433464 0.477911
579 0.470078 0.0590349 0.411043 0.529113
580 0.463856 0.0692365 0.394619 0.533092
581 0.443628 0.0111069 0.432521 0.454735
582 0.457163 0.0165762 0.440587 0.473739
583 0.472195 0.0588662 0.413329 0.531061
584 0.483207 0.0928673 0.39034 0.576074
585 0.478396 0.0634744 0.414922 0.54187
586 0.499372 0.0902288 0.409144 0.589601
587 0.502836 0.0940545 0.408782 0.596891
588 0.476899 0.0594825 0.417417 0.536382
589 0.467683 0.0116511 0.456032 0.479334
590 0.481625 0.0566381 0.424987 0.538263
591 0.482801 0.0741198 0.408681 0.556921
592 0.528346 0.10814 0.420206 0.636486
593 0.519579 0.107826 0.411753 0.627405
594 0.529223 0.116976 0.412246 0.646199
595 0.50367 0.0988131 0.404857 0.602483
596 0.492231 0.0904534 0.401777 0.582684
597 0.506856 0.100457 0.406399 0.607314
598 0.47228 0.0666342 0.405646 0.538915
599 0.455474 0.012143 0.443331 0.467617
600 0.481197 0.0863433 0.394854 0.56754
601 0.480427 0.0832606 0.397167 0.563688
602 0.503136 0.112932 0.390204 0.616068
603 0.468453 0.0703393 0.398114 0.538792
604 0.481133 0.0813995 0.399733 0.562532
605 0.484041 0.0827981 0.401243 0.566839
606 0.491354 0.0983166 0.393037 0.589671
607 0.469672 0.0639213 0.405751 0.533593
608 0.472473 0.0677577 0.404715 0.540231
609 0.494198 0.0977913 0.396406 0.591989
610 0.475851 0.0579184 0.417933 0.53377
611 0.485196 0.0798277 0.405368 0.565023
612 0.46779 0.0553343 0.412456 0.523124
613 0.460221 0.0215065 0.438714 0.481727
614 0.488296 0.0931478 0.395148 0.581444
615 0.499458 0.104107 0.395351 0.603565
616 0.507498 0.115528 0.39197 0.623026
617 0.504184 0.114378 0.389806 0.618561
618 0.484148 0.0876932 0.396455 0.571841
619 0.459772 0.0175661 0.442205 0.477338
620 0.46918 0.0713318 0.397848 0.540512
621 0.452223 0.0153756 0.436848 0.467599
622 0.463535 0.0640709 0.399464 0.527606
623 0.448973 0.0130468 0.435926 0.46202
624 0.496785 0.155623 0.341162 0.652409
625 0.486885 0.0916602 0.395225 0.578545
626 0.472473 0.0846792 0.387794 0.557152
627 0.454747 0.0681972 0.386549 0.522944
628 0.46176 0.0691158 0.392644 0.530876
629 0.488831 0.0952816 0.393549 0.584112
630 0.471703 0.0786501 0.393053 0.550353
631 0.479615 0.0948683 0.384746 0.574483
632 0.481261 0.104837 0.376424 0.586098
633 0.500442 0.108075 0.392367 0.608516
634 0.480769 0.0993045 0.381465 0.580074
635 0.489814 0.107783 0.382031 0.597598
636 0.459323 0.0811643 0.378158 0.540487
637 0.474868 0.090497 0.384371 0.565365
638 0.484447 0.0950606 0.389387 0.579508
639 0.463171 0.0615061 0.401665 0.524678
640 0.494519 0.103302 0.391217 0.59782
641 0.474911 0.0805498 0.394361 0.55546
642 0.464369 0.0554284 0.40894 0.519797
643 0.463984 0.0544503 0.409534 0.518434
644 0.461097 0.0616162 0.399481 0.522714
645 0.473093 0.0836128 0.38948 0.556706
646 0.486778 0.0991709 0.387607 0.585949
647 0.464176 0.0745424 0.389634 0.538719
648 0.460092 0.0695264 0.390566 0.529619
649 0.445958 0.00998974 0.435969 0.455948
650 0.456115 0.0540946 0.402021 0.51021
651 0.452822 0.0631884 0.389634 0.516011
652 0.497747 0.116206 0.381541 0.613954
653 0.457056 0.0694447 0.387611 0.526501
654 0.490477 0.107234 0.383243 0.597711
655 0.49268 0.10457 0.38811 0.597249
656 0.474846 0.0863049 0.388541 0.561151
657 0.453977 0.060769 0.393208 0.514746
658 0.464968 0.0820346 0.382933 0.547002
659 0.44243 0.0166305 0.4258 0.459061
660 0.451304 0.057193 0.394111 0.508497
661 0.450663 0.0610881 0.389574 0.511751
662 0.449893 0.0633234 0.386569 0.513216
663 0.481903 0.0983057 0.383597 0.580208
664 0.440399 0.0129252 0.427474 0.453324
665 0.438688 0.00975634 0.428932 0.448445
666 0.452651 0.0625538 0.390097 0.515205
667 0.483784 0.0993045 0.38448 0.583089
668 0.50985 0.117192 0.392658 0.627042
669 0.472623 0.0816701 0.390953 0.554293
670 0.478503 0.0995946 0.378908 0.578097
671 0.512181 0.111385 0.400796 0.623566
672 0.485174 0.0761009 0.409073 0.561275
673 0.481411 0.0793667 0.402044 0.560778
674 0.498474 0.103474 0.395001 0.601948
675 0.471725 0.0608588 0.410866 0.532583
676 0.466657 0.0707505 0.395906 0.537407
677 0.466037 0.0606977 0.405339 0.526734
678 0.462359 0.0618691 0.40049 0.524228
679 0.473029 0.0825849 0.390444 0.555614
680 0.448375 0.0130868 0.435288 0.461461
681 0.486265 0.097052 0.389213 0.583317
682 0.497341 0.10447 0.392872 0.601811
683 0.464454 0.0654669 0.398988 0.529921
684 0.472516 0.0864763 0.386039 0.558992
685 0.468218 0.0635454 0.404672 0.531763
686 0.446899 0.0173593 0.42954 0.464258
687 0.476365 0.0848449 0.39152 0.561209
688 0.456735 0.0529788 0.403756 0.509714
689 0.452501 0.0544683 0.398033 0.50697
690 0.460499 0.0546762 0.405822 0.515175
691 0.458809 0.0581477 0.400662 0.516957
692 0.454426 0.0669341 0.387492 0.52136
693 0.454854 0.0612746 0.393579 0.516128
694 0.450919 0.0589324 0.391987 0.509852
695 0.467106 0.0810606 0.386045 0.548166
696 0.473542 0.0802596 0.393282 0.553802
697 0.455859 0.0619653 0.393893 0.517824
698 0.460028 0.0616436 0.398385 0.521672
699 0.467726 0.0763801 0.391346 0.544106
700 0.469094 0.0818097 0.387285 0.550904
701 0.471682 0.0741986 0.397483 0.54588
702 0.464583 0.0792007 0.385382 0.543783
703 0.471896 0.0795985 0.392297 0.551494
704 0.462958 0.0531994 0.409758 0.516157
705 0.477626 0.0592959 0.41833 0.536922
706 0.491867 0.0868838 0.404983 0.578751
707 0.551846 0.168589 0.383256 0.720435
708 0.506151 0.107762 0.398389 0.613913
709 0.512737 0.117602 0.395134 0.630339
710 0.479743 0.0716212 0.408122 0.551364
711 0.461782 0.00999432 0.451787 0.471776
712 0.461611 0.011107 0.450503 0.472718
713 0.48 0.0582337 0.421766 0.538233
714 0.507348 0.101962 0.405386 0.60931
715 0.493385 0.0890263 0.404359 0.582412
716 0.492573 0.0887634 0.403809 0.581336
717 0.504333 0.0961562 0.408177 0.600489
718 0.500613 0.0941099 0.406503 0.594723
719 0.485495 0.0562497 0.429245 0.541745
720 0.491268 0.0836778 0.407591 0.574946
721 0.506258 0.100936 0.405322 0.607193
722 0.514212 0.10849 0.405722 0.622702
723 0.5264 0.114683 0.411717 0.641083
724 0.542972 0.127977 0.414995 0.670949
725 0.506921 0.100111 0.40681 0.607031
726 0.493749 0.0863086 0.40744 0.580057
727 0.481069 0.0639412 0.417128 0.54501
728 0.520306 0.137536 0.38277 0.657842
729 0.531019 0.119282 0.411737 0.650301
730 0.561981 0.137665 0.424316 0.699646
731 0.532879 0.124963 0.407916 0.657842
732 0.484533 0.0736381 0.410895 0.558171
733 0.474269 0.0590233 0.415246 0.533292
734 0.462359 0.00884664 0.453512 0.471206
735 0.456479 0.015267 0.441212 0.471746
736 0.47784 0.0604163 0.417424 0.538256
737 0.49501 0.0836578 0.411353 0.578668
738 0.484362 0.0484971 0.435865 0.532859
739 0.470527 0.0143471 0.45618 0.484874
740 0.503264 0.0994088 0.403855 0.602673
741 0.481347 0.0582135 0.423133 0.53956
742 0.470121 0.0522875 0.417833 0.522408
743 0.474568 0.0639263 0.410642 0.538495
744 0.52191 0.114569 0.407341 0.636479
745 0.487719 0.0861596 0.401559 0.573878
746 0.531275 0.123966 0.407309 0.655241
747 0.518189 0.110436 0.407753 0.628626
748 0.488809 0.0895158 0.399294 0.578325
749 0.488146 0.0814811 0.406665 0.569628
750 0.533649 0.120205 0.413443 0.653854
751 0.479829 0.0721265 0.407702 0.551955
752 0.499757 0.104416 0.395341 0.604174
753 0.483164 0.0870563 0.396108 0.570221
754 0.510641 0.12481 0.385832 0.635451
755 0.460541 0.0571312 0.40341 0.517673
756 0.477968 0.0805686 0.3974 0.558537
757 0.460883 0.074883 0.386001 0.535766
758 0.476493 0.0824776 0.394015 0.55897
759 0.460755 0.0619865 0.398769 0.522742
760 0.471083 0.0723948 0.398688 0.543478
761 0.484383 0.0885236 0.395859 0.572907
762 0.454789 0.0539246 0.400865 0.508714
763 0.452865 0.0581522 0.394713 0.511017
764 0.451283 0.0538273 0.397455 0.50511
765 0.454127 0.0582713 0.395855 0.512398
766 0.452095 0.0567631 0.395332 0.508858
767 0.486243 0.0999152 0.386328 0.586159
768 0.508375 0.105261 0.403114 0.613635
769 0.480427 0.0822524 0.398175 0.56268
770 0.476728 0.0815295 0.395199 0.558258
771 0.470377 0.0763586 0.394019 0.546736
772 0.514918 0.115392 0.399525 0.63031
773 0.454747 0.0163117 0.438435 0.471058
774 0.478631 0.0887285 0.389903 0.56736
775 0.488553 0.104968 0.383585 0.59352
776 0.569935 0.135707 0.434228 0.705643
777 0.529864 0.132522 0.397342 0.662386
778 0.486949 0.0965665 0.390383 0.583516
779 0.475894 0.0772726 0.398622 0.553167
780 0.469779 0.0827639 0.387015 0.552543
781 0.491546 0.106988 0.384558 0.598535
782 0.515538 0.127313 0.388225 0.642851
783 0.528645 0.12596 0.402685 0.654605
784 0.51898 0.122857 0.396123 0.641838
785 0.48139 0.0980062 0.383383 0.579396
786 0.487184 0.100005 0.38718 0.587189
787 0.478588 0.097415 0.381173 0.576003
788 0.47382 0.081943 0.391877 0.555763
789 0.504996 0.11316 0.391836 0.618156
790 0.455987 0.0592781 0.396709 0.515265
791 0.468539 0.0790375 0.389501 0.547576
792 0.480449 0.0780353 0.402413 0.558484
793 0.458681 0.023293 0.435388 0.481974
794 0.454255 0.0136244 0.44063 0.467879
795 0.441361 0.01058 0.430781 0.451941
796 0.456286 0.0653042 0.390982 0.52159
797 0.469886 0.0913433 0.378542 0.561229
798 0.503435 0.10702 0.396415 0.610455
799 0.519622 0.123198 0.396424 0.64282
