# ../output/graphs/perf_parallel24QUADRUPED_thread3
# step - mean (0.122856) - standard deviation (0.0245063) r=2 - ylow - yhigh
0 0.209122 0.0769775 0.132145 0.2861
1 0.111617 0.0260869 0.0855306 0.137704
2 0.133642 0.00791159 0.12573 0.141553
3 0.147968 0.0188167 0.129151 0.166785
4 0.169564 0.0408409 0.128723 0.210405
5 0.144974 0.0128295 0.132145 0.157804
6 0.110334 0.0243762 0.0859583 0.134711
7 0.106272 0.0241624 0.0821094 0.130434
8 0.114397 0.0177476 0.0966496 0.132145
9 0.130648 0.00064151 0.130006 0.131289
10 0.15759 0.0284389 0.129151 0.186029
11 0.132359 0.00277982 0.129579 0.135138
12 0.128296 0.00342121 0.124875 0.131717
13 0.14754 0.0218103 0.12573 0.169351
14 0.135352 0.0100499 0.125302 0.145402
15 0.145402 0.00555947 0.139843 0.150961
16 0.141767 0.0121882 0.129579 0.153955
17 0.133214 0.00406272 0.129151 0.137277
18 0.140484 0.00149681 0.138987 0.141981
19 0.136849 0.00769772 0.129151 0.144547
20 0.136849 0.00812544 0.128723 0.144974
21 0.297433 0.162294 0.135138 0.459727
22 0.136849 0.00983599 0.127013 0.146685
23 0.135994 0.00256597 0.133428 0.13856
24 0.135994 0.00812544 0.127868 0.144119
25 0.135352 0.00363506 0.131717 0.138987
26 0.156307 0.0275836 0.128724 0.183891
27 0.134497 0.00406266 0.130434 0.138559
28 0.13578 0.00406272 0.131717 0.139843
29 0.137277 0.00641484 0.130862 0.143691
30 0.135138 0.00384881 0.131289 0.138987
31 0.109265 0.0220242 0.0872412 0.131289
32 0.127227 0.0395579 0.0876689 0.166785
33 0.136207 0.00449037 0.131717 0.140698
34 0.138346 0.00277971 0.135566 0.141125
35 0.134283 0.0012829 0.133 0.135566
36 0.136207 0.00320742 0.133 0.139415
37 0.137063 0.00106916 0.135994 0.138132
38 0.13856 0.00598718 0.132572 0.144547
39 0.115252 0.0156093 0.0996431 0.130862
40 0.137704 0.00513182 0.132572 0.142836
41 0.111617 0.0200996 0.0915178 0.131717
42 0.137277 0.00427652 0.133 0.141553
43 0.107555 0.0250177 0.082537 0.132572
44 0.109265 0.0267283 0.0825371 0.135994
45 0.117391 0.016037 0.101354 0.133428
46 0.110762 0.0209551 0.0898071 0.131717
47 0.106486 0.0252315 0.0812541 0.131717
48 0.119315 0.0256592 0.093656 0.144974
49 0.107341 0.0183891 0.0889518 0.12573
50 0.12573 0.0149679 0.110762 0.140698
51 0.114825 0.0288666 0.0859583 0.143691
52 0.100285 0.00192446 0.0983601 0.102209
53 0.155024 0.0284389 0.126585 0.183463
54 0.108624 0.0209549 0.0876689 0.129579
55 0.113542 0.0156094 0.0979324 0.129151
56 0.107341 0.022238 0.0851029 0.129579
57 0.106486 0.0239486 0.082537 0.130434
58 0.0863859 0.0012829 0.085103 0.0876688
59 0.130862 0.00128295 0.129579 0.132145
60 0.152244 0.0192444 0.133 0.171489
61 0.132786 0.00705628 0.12573 0.139843
62 0.132359 0.00705629 0.125302 0.139415
63 0.12573 0.0029935 0.122736 0.128723
64 0.109051 0.0141126 0.0949389 0.123164
65 0.128296 0.00555947 0.122736 0.133855
66 0.132359 0.000213794 0.132145 0.132572
67 0.13022 0.00277976 0.127441 0.133
68 0.0917316 0.00449032 0.0872413 0.0962219
69 0.106699 0.0237348 0.0829647 0.130434
70 0.107982 0.023307 0.0846753 0.131289
71 0.105416 0.0228795 0.082537 0.128296
72 0.111831 0.0220242 0.0898071 0.133855
73 0.0955805 0.00363507 0.0919454 0.0992155
74 0.120598 0.029508 0.0910901 0.150106
75 0.0883103 0.000641506 0.0876688 0.0889518
76 0.111617 0.0265145 0.0851029 0.138132
77 0.0876689 0.00213832 0.0855306 0.0898072
78 0.111404 0.0254453 0.0859583 0.136849
79 0.140698 0.00256597 0.138132 0.143264
80 0.148823 0.0106913 0.138132 0.159514
81 0.143478 0.00449038 0.138987 0.147968
82 0.135566 0.000427596 0.135138 0.135994
83 0.112687 0.0228794 0.0898072 0.135566
84 0.140912 0.00620098 0.134711 0.147113
85 0.141339 0.0104775 0.130862 0.151817
86 0.141767 0.00791159 0.133855 0.149679
87 0.135994 0.0372058 0.0987878 0.173199
88 0.14305 0.000213861 0.142836 0.143264
89 0.137063 0.000213861 0.136849 0.137277
90 0.136849 0.000427656 0.136421 0.137277
91 0.136207 0.000641502 0.135566 0.136849
92 0.134711 0.000427656 0.134283 0.135138
93 0.111831 0.0224517 0.0893795 0.134283
94 0.125944 0.00620098 0.119743 0.132145
95 0.140912 0.00534573 0.135566 0.146257
96 0.127654 0.0245901 0.103064 0.152244
97 0.13749 0.00705622 0.130434 0.144547
98 0.153955 0.00983599 0.144119 0.163791
99 0.146685 0.00898068 0.137704 0.155666
100 0.115039 0.0239486 0.0910901 0.138987
101 0.129365 0.0143264 0.115039 0.143691
102 0.116322 0.0303634 0.0859582 0.146685
103 0.110976 0.0241624 0.0868136 0.135138
104 0.110121 0.0245901 0.0855306 0.134711
105 0.0878827 0.00277977 0.085103 0.0906625
106 0.113114 0.0250177 0.0880965 0.138132
107 0.112045 0.0149679 0.0970771 0.127013
108 0.147968 0.00898074 0.138987 0.156949
109 0.115252 0.0288666 0.0863859 0.144119
110 0.12295 0.0275836 0.0953666 0.150534
111 0.111831 0.0181752 0.093656 0.130006
112 0.115039 0.020955 0.0940836 0.135994
113 0.0970772 0.00812538 0.0889518 0.105203
114 0.0876689 0.000427712 0.0872412 0.0880966
115 0.0900209 0.00149681 0.0885241 0.0915177
116 0.126158 0.00427652 0.121881 0.130434
117 0.115253 0.0237347 0.0915178 0.138987
118 0.133428 0.000855304 0.132572 0.134283
119 0.131717 0.000427589 0.131289 0.132145
120 0.139201 0.00277971 0.136421 0.141981
121 0.134711 0.00684249 0.127868 0.141553
122 0.116963 0.0215965 0.0953665 0.138559
123 0.124233 0.0168923 0.107341 0.141126
124 0.0917315 0.000213798 0.0915177 0.0919453
125 0.133 0.00384881 0.129151 0.136849
126 0.112045 0.0162508 0.0957942 0.128296
127 0.105203 0.0218103 0.0833924 0.127013
128 0.135352 0.00662869 0.128723 0.141981
129 0.146899 0.00149681 0.145402 0.148396
130 0.13022 0.000641502 0.129579 0.130862
131 0.129579 0.000427648 0.129151 0.130006
132 0.136207 0.00363507 0.132572 0.139843
133 0.109479 0.0200997 0.0893794 0.129579
134 0.110548 0.0173199 0.0932283 0.127868
135 0.127868 0.000855356 0.127013 0.128724
136 0.131717 0.00384887 0.127868 0.135566
137 0.141981 0.00983599 0.132145 0.151817
138 0.132786 0.00406266 0.128724 0.136849
139 0.127654 0.00064145 0.127013 0.128296
140 0.10841 0.0194582 0.0889518 0.127868
141 0.0880965 0.00342121 0.0846753 0.0915177
142 0.0848891 0.00149675 0.0833924 0.0863859
143 0.106058 0.0188167 0.0872413 0.124875
144 0.0859582 0.00256597 0.0833923 0.0885242
145 0.109907 0.0248039 0.0851029 0.134711
146 0.114397 0.027156 0.0872412 0.141553
147 0.134924 0.00705628 0.127868 0.141981
148 0.137918 0.00277976 0.135138 0.140698
149 0.134711 0.00983604 0.124875 0.144547
150 0.142622 0.0130435 0.129579 0.155666
151 0.134711 0.00684243 0.127868 0.141553
152 0.114397 0.0292943 0.0851029 0.143691
153 0.14027 0.00812538 0.132145 0.148396
154 0.134283 0.00684243 0.127441 0.141125
155 0.134925 0.00791159 0.127013 0.142836
156 0.128296 0.00213832 0.126158 0.130434
157 0.107127 0.0203135 0.0868136 0.127441
158 0.123378 0.00833924 0.115039 0.131717
159 0.124661 0.038275 0.0863859 0.162936
160 0.0930145 0.00962225 0.0833923 0.102637
161 0.107555 0.023307 0.0842477 0.130862
162 0.138773 0.00406272 0.134711 0.142836
163 0.149465 0.00662863 0.142836 0.156093
164 0.134711 0.000427596 0.134283 0.135138
165 0.131289 0.0017106 0.129579 0.133
166 0.133214 0.00534561 0.127868 0.138559
167 0.130006 0.00213832 0.127868 0.132145
168 0.135352 0.003635 0.131717 0.138987
169 0.129793 0.00149681 0.128296 0.131289
170 0.12851 0.00235205 0.126158 0.130862
171 0.136421 0.00641483 0.130006 0.142836
172 0.11397 0.0186029 0.0953666 0.132572
173 0.115466 0.0252316 0.0902347 0.140698
174 0.0863859 0.00256591 0.08382 0.0889518
175 0.105203 0.0226655 0.0825371 0.127868
176 0.131931 0.00320742 0.128724 0.135138
177 0.12851 0.00192446 0.126585 0.130434
178 0.130434 0.0012829 0.129151 0.131717
179 0.132359 0.00620098 0.126158 0.138559
180 0.133855 0.00299362 0.130862 0.136849
181 0.135138 0.00555947 0.129579 0.140698
182 0.127654 0.000213802 0.127441 0.127868
183 0.127227 0.00149681 0.12573 0.128724
184 0.126585 0.000855304 0.12573 0.127441
185 0.106272 0.0207411 0.0855306 0.127013
186 0.136207 0.00876688 0.127441 0.144974
187 0.146685 0.0222379 0.124447 0.168923
188 0.133428 0.00470417 0.128724 0.138132
189 0.138773 0.00320736 0.135566 0.141981
190 0.133214 0.00149675 0.131717 0.134711
191 0.132572 0.00555947 0.127013 0.138132
192 0.143478 0.00791159 0.135566 0.151389
193 0.146899 0.00235206 0.144547 0.149251
194 0.112473 0.0243762 0.0880966 0.136849
195 0.132572 0.00299362 0.129579 0.135566
196 0.140698 0.0119743 0.128724 0.152672
197 0.10841 0.0198859 0.0885241 0.128296
198 0.0859583 0.00256591 0.0833924 0.0885242
199 0.113969 0.0305772 0.0833923 0.144547
200 0.117818 0.0190306 0.0987878 0.136849
201 0.0925869 0.00491802 0.0876689 0.0975049
202 0.0870274 0.00235211 0.0846753 0.0893795
203 0.121026 0.0162508 0.104775 0.137277
204 0.136207 0.00149675 0.134711 0.137704
205 0.135994 0 0.135994 0.135994
206 0.136207 0.00235205 0.133855 0.138559
207 0.137063 0.000213861 0.136849 0.137277
208 0.135352 0.00106916 0.134283 0.136421
209 0.134069 0.00149681 0.132572 0.135566
210 0.137704 0.00171055 0.135994 0.139415
211 0.13578 0.000641502 0.135138 0.136421
212 0.154597 0.0194582 0.135138 0.174055
213 0.139415 0.00171061 0.137704 0.141125
214 0.140484 0.000213854 0.14027 0.140698
215 0.133428 0.000427656 0.133 0.133855
216 0.133855 0.000427589 0.133428 0.134283
217 0.134497 0.00235211 0.132145 0.136849
218 0.132145 0.000427648 0.131717 0.132572
219 0.112473 0.0226656 0.0898071 0.135138
220 0.111617 0.0235209 0.0880965 0.135138
221 0.140912 0.0019244 0.138987 0.142836
222 0.137063 0.00192446 0.135138 0.138987
223 0.144974 0.0106913 0.134283 0.155666
224 0.152458 0.00277971 0.149679 0.155238
225 0.135352 0.00320742 0.132145 0.138559
226 0.139415 0.00555947 0.133855 0.144974
227 0.13856 0.00256597 0.135994 0.141126
228 0.133214 0.000213802 0.133 0.133428
229 0.146257 0.0111189 0.135138 0.157376
230 0.134069 0.0027797 0.131289 0.136849
231 0.138773 0.00449038 0.134283 0.143264
232 0.133428 0.00128295 0.132145 0.134711
233 0.133428 0.000855304 0.132572 0.134283
234 0.131931 0.000213794 0.131717 0.132145
235 0.139629 0.00662863 0.133 0.146257
236 0.136421 0.00213826 0.134283 0.138559
237 0.134924 0.00192446 0.133 0.136849
238 0.135566 0.00427651 0.131289 0.139842
239 0.13856 0.00171067 0.136849 0.14027
240 0.141553 0.00812532 0.133428 0.149678
241 0.111831 0.0237348 0.0880965 0.135566
242 0.133428 0.000855364 0.132572 0.134283
243 0.113969 0.0224518 0.0915177 0.136421
244 0.109265 0.0237348 0.0855306 0.133
245 0.108624 0.0252315 0.0833924 0.133855
246 0.134069 0.00363507 0.130434 0.137704
247 0.142622 0.00705628 0.135566 0.149679
248 0.121667 0.0263007 0.0953666 0.147968
249 0.132572 0.00513182 0.127441 0.137704
250 0.134283 0 0.134283 0.134283
251 0.137277 0.00513182 0.132145 0.142408
252 0.109479 0.019672 0.0898071 0.129151
253 0.111831 0.0215964 0.0902348 0.133428
254 0.105844 0.0220241 0.08382 0.127868
255 0.127868 0.00171067 0.126158 0.129579
256 0.105203 0.0235209 0.0816818 0.128724
257 0.108196 0.0243763 0.08382 0.132572
258 0.109907 0.0273698 0.082537 0.137276
259 0.130862 0.000855304 0.130006 0.131717
260 0.133855 0.00384893 0.130006 0.137704
261 0.109265 0.0207412 0.0885241 0.130006
262 0.110548 0.0215964 0.0889519 0.132145
263 0.107555 0.0254454 0.0821094 0.133
264 0.0827508 0.00106916 0.0816816 0.08382
265 0.106913 0.0226656 0.0842477 0.129579
266 0.131503 0.00406272 0.127441 0.135566
267 0.115252 0.0130434 0.102209 0.128296
268 0.13022 0.00662857 0.123592 0.136849
269 0.110762 0.0162508 0.0945113 0.127013
270 0.107555 0.0198858 0.0876689 0.127441
271 0.129365 0.0010691 0.128296 0.130434
272 0.106913 0.0248039 0.0821094 0.131717
273 0.107555 0.0254453 0.0821094 0.133
274 0.115039 0.0213826 0.093656 0.136421
275 0.113969 0.0126158 0.101354 0.126585
276 0.104347 0.0230933 0.0812541 0.127441
277 0.128937 0.00064151 0.128296 0.129579
278 0.113756 0.030791 0.0829647 0.144547
279 0.103064 0.0200997 0.0829647 0.123164
280 0.128937 0.00064145 0.128296 0.129579
281 0.117391 0.0113327 0.106058 0.128723
282 0.105203 0.0213826 0.08382 0.126585
283 0.106913 0.0226656 0.0842477 0.129579
284 0.10841 0.0250177 0.0833924 0.133428
285 0.107982 0.025873 0.0821094 0.133855
286 0.109265 0.0245901 0.0846753 0.133855
287 0.110976 0.0280113 0.0829647 0.138987
288 0.116108 0.0233071 0.0928007 0.139415
289 0.115252 0.0263007 0.0889518 0.141553
290 0.1129 0.0153955 0.0975049 0.128296
291 0.0945113 0.00513188 0.0893794 0.0996431
292 0.11568 0.0151817 0.100498 0.130862
293 0.134069 0.00620092 0.127868 0.14027
294 0.109265 0.0215965 0.0876688 0.130862
295 0.0932283 0.00555953 0.0876688 0.0987878
296 0.0840338 0.00106916 0.0829647 0.085103
297 0.114397 0.0186029 0.0957943 0.133
298 0.108624 0.0243762 0.0842477 0.133
299 0.106699 0.0228795 0.08382 0.129579
300 0.107555 0.0224517 0.085103 0.130006
301 0.104347 0.0179614 0.0863859 0.122309
302 0.087455 0.00491802 0.082537 0.092373
303 0.107982 0.0203135 0.0876689 0.128296
304 0.107127 0.0203135 0.0868135 0.127441
305 0.107341 0.0192443 0.0880966 0.126585
306 0.10841 0.025873 0.0825371 0.134283
307 0.109479 0.0179614 0.0915177 0.127441
308 0.105416 0.0215964 0.08382 0.127013
309 0.109693 0.0211688 0.0885242 0.130862
310 0.139415 0.00727013 0.132145 0.146685
311 0.149679 0.0029935 0.146685 0.152672
312 0.106699 0.0190305 0.0876689 0.12573
313 0.107341 0.0226656 0.0846753 0.130006
314 0.0878827 0.00577333 0.0821094 0.093656
315 0.117391 0.0215964 0.0957943 0.138987
316 0.128937 0.00491796 0.124019 0.133855
317 0.126585 0.00128301 0.125302 0.127868
318 0.126799 0.0019244 0.124875 0.128723
319 0.140056 0.00491802 0.135138 0.144974
320 0.132145 0.00384887 0.128296 0.135994
321 0.109907 0.0200996 0.0898072 0.130006
322 0.129151 0.00213826 0.127013 0.131289
323 0.109265 0.0207411 0.0885242 0.130006
324 0.106913 0.0230933 0.08382 0.130007
325 0.129365 0.00149681 0.127868 0.130862
326 0.106058 0.0218103 0.0842477 0.127868
327 0.11119 0.0252315 0.0859583 0.136421
328 0.125088 0.0361367 0.0889518 0.161225
329 0.113328 0.0218102 0.0915178 0.135138
330 0.109907 0.0243763 0.0855306 0.134283
331 0.111404 0.0250177 0.0863859 0.136421
332 0.137063 0.00149681 0.135566 0.13856
333 0.135994 0.000427648 0.135566 0.136421
334 0.133642 0.00149675 0.132145 0.135138
335 0.131289 5.96046e-008 0.131289 0.131289
336 0.140056 0.00748394 0.132572 0.14754
337 0.132786 0.00149681 0.131289 0.134283
338 0.156521 0.0213826 0.135138 0.177904
339 0.135566 0.000855364 0.134711 0.136421
340 0.134924 0.00064151 0.134283 0.135566
341 0.139201 0.00106916 0.138132 0.14027
342 0.137063 0.00106916 0.135994 0.138132
343 0.111831 0.0215964 0.0902348 0.133428
344 0.133214 0.0010691 0.132145 0.134283
345 0.137704 0.00555947 0.132145 0.143264
346 0.134069 0.00192446 0.132145 0.135994
347 0.138132 0.00727014 0.130862 0.145402
348 0.116963 0.0263007 0.0906624 0.143264
349 0.11846 0.0248039 0.093656 0.143264
350 0.112045 0.0256592 0.0863859 0.137704
351 0.110334 0.0235209 0.0868136 0.133855
352 0.0878827 0.00235206 0.0855307 0.0902348
353 0.11119 0.0252316 0.0859582 0.136421
354 0.137704 0.00256591 0.135138 0.14027
355 0.143264 0.00769778 0.135566 0.150962
356 0.116749 0.0149679 0.101781 0.131717
357 0.115466 0.0277974 0.0876689 0.143264
358 0.107982 0.0228795 0.0851029 0.130862
359 0.133642 0.00449037 0.129151 0.138132
360 0.141339 0.00149681 0.139842 0.142836
361 0.13578 0.00235211 0.133428 0.138132
362 0.15032 0.00363507 0.146685 0.153955
363 0.138987 0.00427652 0.134711 0.143264
364 0.134711 0.000427656 0.134283 0.135138
365 0.134711 0.000427656 0.134283 0.135138
366 0.116749 0.0256592 0.09109 0.142408
367 0.110121 0.0254454 0.0846753 0.135566
368 0.135566 0.00470423 0.130862 0.14027
369 0.132786 0.0019244 0.130862 0.134711
370 0.145402 0.00898068 0.136421 0.154383
371 0.138132 0.0111189 0.127013 0.149251
372 0.110121 0.0181753 0.0919453 0.128296
373 0.110334 0.0213826 0.0889519 0.131717
374 0.130862 0.00256597 0.128296 0.133428
375 0.129793 0.00363507 0.126158 0.133428
376 0.132786 0.00449038 0.128296 0.137277
377 0.133428 0.00342121 0.130006 0.136849
378 0.105416 0.0190305 0.0863859 0.124447
379 0.111404 0.0194582 0.0919454 0.130862
380 0.110762 0.0222379 0.0885241 0.133
381 0.110121 0.0224517 0.0876689 0.132572
382 0.106699 0.0237348 0.0829647 0.130434
383 0.108196 0.0243762 0.08382 0.132572
384 0.139843 0.00427651 0.135566 0.144119
385 0.110334 0.0213826 0.0889519 0.131717
386 0.116535 0.0203135 0.0962219 0.136849
387 0.107769 0.0235209 0.0842477 0.131289
388 0.107341 0.0230932 0.0842476 0.130434
389 0.131931 0.00277976 0.129151 0.134711
390 0.131717 0.000427648 0.131289 0.132145
391 0.138346 0.00833917 0.130007 0.146685
392 0.13022 0.00149675 0.128724 0.131717
393 0.129793 0.00149675 0.128296 0.131289
394 0.133214 0.00149681 0.131717 0.134711
395 0.131076 0.00064145 0.130434 0.131717
396 0.136635 0.00534567 0.131289 0.141981
397 0.130648 0.00064151 0.130006 0.131289
398 0.121881 0.0218103 0.100071 0.143691
399 0.111617 0.0243762 0.0872412 0.135994
400 0.130862 0.00256591 0.128296 0.133428
401 0.0851029 0.00256597 0.082537 0.0876689
402 0.133 0.00128295 0.131717 0.134283
403 0.107768 0.0200997 0.0876688 0.127868
404 0.115253 0.0250177 0.0902348 0.14027
405 0.138987 0.000427596 0.13856 0.139415
406 0.115894 0.0158232 0.100071 0.131717
407 0.104134 0.0220242 0.0821094 0.126158
408 0.11119 0.0290804 0.0821094 0.14027
409 0.106699 0.0233071 0.0833923 0.130006
410 0.106272 0.0224518 0.08382 0.128724
411 0.106058 0.0235209 0.0825371 0.129579
412 0.113328 0.0166785 0.0966495 0.130006
413 0.117605 0.0329293 0.0846753 0.150534
414 0.12017 0.023521 0.0966495 0.143691
415 0.112687 0.0215964 0.0910901 0.134283
416 0.136635 0.000213854 0.136421 0.136849
417 0.139629 0.00320742 0.136421 0.142836
418 0.142622 0.00320742 0.139415 0.14583
419 0.114397 0.0241623 0.0902348 0.138559
420 0.127013 0.0427653 0.0842477 0.169778
421 0.137063 0.00149675 0.135566 0.138559
422 0.13856 0.00427657 0.134283 0.142836
423 0.110334 0.0230933 0.0872412 0.133428
424 0.135994 0.00299356 0.133 0.138987
425 0.134069 0.00106916 0.133 0.135138
426 0.135994 0.00128296 0.134711 0.137277
427 0.133214 0.00106916 0.132145 0.134283
428 0.131076 0.00149681 0.129579 0.132572
429 0.131076 0.000213861 0.130862 0.131289
430 0.132786 0.00192446 0.130862 0.134711
431 0.134497 0.00577327 0.128724 0.14027
432 0.128724 0.00213826 0.126585 0.130862
433 0.131503 0.00577327 0.12573 0.137276
434 0.113114 0.0156093 0.0975049 0.128724
435 0.0868135 0.00171055 0.085103 0.0885241
436 0.133 0 0.133 0.133
437 0.118674 0.00705623 0.111617 0.12573
438 0.0887379 0.000213854 0.0885241 0.0889518
439 0.106913 0.0248039 0.0821094 0.131717
440 0.087455 0.000213858 0.0872412 0.0876689
441 0.107768 0.0192444 0.0885241 0.127013
442 0.11119 0.0192443 0.0919454 0.130434
443 0.128082 0.000641443 0.127441 0.128723
444 0.147968 0.00128296 0.146685 0.149251
445 0.150534 0.0256592 0.124875 0.176193
446 0.128082 0.00106911 0.127013 0.129151
447 0.135352 0.00534567 0.130006 0.140698
448 0.139201 0.00620104 0.133 0.145402
449 0.13022 0.000213854 0.130006 0.130434
450 0.116535 0.0177476 0.0987878 0.134283
451 0.114397 0.0194582 0.0949389 0.133855
452 0.109907 0.0243763 0.0855306 0.134283
453 0.130648 0.00149675 0.129151 0.132145
454 0.129151 0.0017106 0.127441 0.130862
455 0.140912 0.00748393 0.133428 0.148396
456 0.155024 0.00705628 0.147968 0.162081
457 0.134711 0.000427656 0.134283 0.135138
458 0.136635 0.000213914 0.136421 0.136849
459 0.135566 0.000427648 0.135138 0.135994
460 0.13578 0.00149681 0.134283 0.137277
461 0.110121 0.0198859 0.0902347 0.130006
462 0.156949 0.00769778 0.149251 0.164646
463 0.134711 0.00213832 0.132572 0.136849
464 0.136421 0.00427651 0.132145 0.140698
465 0.114397 0.0168923 0.0975048 0.131289
466 0.12851 0.0395579 0.0889518 0.168068
467 0.135138 0.00427652 0.130862 0.139415
468 0.113328 0.0226656 0.0906624 0.135994
469 0.125516 0.0151816 0.110334 0.140698
470 0.115252 0.0267283 0.0885242 0.141981
471 0.136207 0.000213854 0.135994 0.136421
472 0.1129 0.0218103 0.09109 0.134711
473 0.140698 0.00470417 0.135994 0.145402
474 0.139415 0.00598712 0.133428 0.145402
475 0.140056 0.00320742 0.136849 0.143264
476 0.115466 0.0248038 0.0906625 0.14027
477 0.14027 0.00641483 0.133855 0.146685
478 0.135994 5.96046e-008 0.135994 0.135994
479 0.135566 0.00128301 0.134283 0.136849
480 0.124661 0.0134711 0.11119 0.138132
481 0.143478 0.000213854 0.143264 0.143691
482 0.115466 0.0218104 0.0936559 0.137277
483 0.111831 0.0267283 0.085103 0.13856
484 0.114183 0.0290804 0.085103 0.143264
485 0.112045 0.0265145 0.0855306 0.138559
486 0.115039 0.0166784 0.0983602 0.131717
487 0.134283 0.00213826 0.132145 0.136421
488 0.112473 0.0218103 0.0906624 0.134283
489 0.13022 0.00662857 0.123592 0.136849
490 0.117391 0.0181752 0.0992155 0.135566
491 0.135352 0.00577327 0.129579 0.141125
492 0.130434 0.000427648 0.130006 0.130862
493 0.139415 0.0017106 0.137704 0.141126
494 0.142622 0.00235211 0.14027 0.144974
495 0.120384 0.0301495 0.0902348 0.150534
496 0.137277 0.00384881 0.133428 0.141125
497 0.133 0.00256591 0.130434 0.135566
498 0.112045 0.020955 0.09109 0.133
499 0.106486 0.0230932 0.0833924 0.129579
500 0.113756 0.0153955 0.0983601 0.129151
501 0.1129 0.0286527 0.0842477 0.141553
502 0.131503 0.00277977 0.128723 0.134283
503 0.109479 0.0213826 0.0880965 0.130862
504 0.141553 0.0102636 0.131289 0.151817
505 0.129579 0.00213832 0.127441 0.131717
506 0.113756 0.0183891 0.0953665 0.132145
507 0.109907 0.0252315 0.0846753 0.135138
508 0.131076 0.00192446 0.129151 0.133
509 0.12851 0.00106916 0.127441 0.129579
510 0.140912 0.00406272 0.136849 0.144974
511 0.125516 0.00106916 0.124447 0.126585
512 0.135138 0.00470417 0.130434 0.139843
513 0.129579 0.00213826 0.127441 0.131717
514 0.113969 0.0164646 0.0975048 0.130434
515 0.106486 0.0213826 0.085103 0.127868
516 0.105844 0.0220242 0.08382 0.127868
517 0.105844 0.0211688 0.0846753 0.127013
518 0.115039 0.0316463 0.0833924 0.146685
519 0.118674 0.036992 0.0816816 0.155666
520 0.112045 0.0222379 0.0898071 0.134283
521 0.106058 0.0239486 0.0821094 0.130006
522 0.0848891 0.0019244 0.0829647 0.0868135
523 0.0904486 0.00791153 0.0825371 0.0983601
524 0.108196 0.0265144 0.0816818 0.134711
525 0.105844 0.0211688 0.0846753 0.127013
526 0.0872412 0.00342127 0.08382 0.0906625
527 0.09109 0.00470417 0.0863859 0.0957942
528 0.0829647 0 0.0829647 0.0829647
529 0.106913 0.0248039 0.0821094 0.131717
530 0.105844 0.0233071 0.082537 0.129151
531 0.106272 0.0241624 0.0821094 0.130434
532 0.131931 0.000641562 0.131289 0.132572
533 0.112687 0.0198858 0.0928007 0.132572
534 0.106486 0.0222379 0.0842477 0.128724
535 0.126158 0.0115467 0.114611 0.137704
536 0.0844614 0.00192446 0.082537 0.0863859
537 0.117391 0.034426 0.0829647 0.151817
538 0.129793 0.000213854 0.129579 0.130006
539 0.128296 0.000855304 0.127441 0.129151
540 0.131931 0.00320736 0.128724 0.135138
541 0.143905 0.00662863 0.137276 0.150534
542 0.116108 0.0254454 0.0906624 0.141553
543 0.133 0.00213826 0.130862 0.135138
544 0.115894 0.0149679 0.100926 0.130862
545 0.109479 0.0256592 0.08382 0.135138
546 0.112687 0.028439 0.0842476 0.141126
547 0.113114 0.0207412 0.092373 0.133855
548 0.113542 0.0250176 0.0885242 0.138559
549 0.109265 0.0250177 0.0842477 0.134283
550 0.109265 0.0250177 0.0842477 0.134283
551 0.109051 0.0243762 0.0846753 0.133428
552 0.118887 0.0158231 0.103064 0.134711
553 0.109907 0.0243761 0.0855307 0.134283
554 0.117818 0.0263007 0.0915177 0.144119
555 0.113114 0.0211688 0.0919454 0.134283
556 0.114397 0.0301495 0.0842477 0.144547
557 0.0872412 0.00128296 0.0859583 0.0885242
558 0.109052 0.0248039 0.0842477 0.133855
559 0.130648 0.000213854 0.130434 0.130862
560 0.134283 0.00427657 0.130006 0.13856
561 0.108624 0.0205273 0.0880965 0.129151
562 0.0853168 0.00149681 0.08382 0.0868136
563 0.113969 0.0314325 0.082537 0.145402
564 0.108838 0.0237347 0.085103 0.132572
565 0.106913 0.0243761 0.0825371 0.131289
566 0.10392 0.0222379 0.0816816 0.126158
567 0.107982 0.0177476 0.0902348 0.12573
568 0.119957 0.0292942 0.0906624 0.149251
569 0.117818 0.0322877 0.0855307 0.150106
570 0.130648 0.00064151 0.130006 0.131289
571 0.134497 0.0019244 0.132572 0.136421
572 0.133855 0.00299362 0.130862 0.136849
573 0.129365 0.00064151 0.128723 0.130006
574 0.128724 0.000427656 0.128296 0.129151
575 0.128296 0.0012829 0.127013 0.129579
576 0.129151 0.00128295 0.127868 0.130434
577 0.135566 0.00598718 0.129579 0.141553
578 0.112686 0.0203135 0.092373 0.133
579 0.105844 0.0228795 0.0829647 0.128724
580 0.131931 0.000213854 0.131717 0.132145
581 0.132786 0.0019244 0.130862 0.134711
582 0.139843 0.00470417 0.135138 0.144547
583 0.120384 0.0121881 0.108196 0.132572
584 0.133428 0.000427656 0.133 0.133855
585 0.147968 0.0102636 0.137704 0.158231
586 0.140698 0.00427657 0.136421 0.144974
587 0.114397 0.0198858 0.0945113 0.134283
588 0.111404 0.0254454 0.0859582 0.136849
589 0.13578 0.0019244 0.133855 0.137704
590 0.146685 0.0119743 0.134711 0.158659
591 0.139415 0.00727013 0.132145 0.146685
592 0.139201 0.0019244 0.137277 0.141125
593 0.134497 0.00320736 0.131289 0.137704
594 0.139201 0.00791158 0.131289 0.147113
595 0.117391 0.0168923 0.100498 0.134283
596 0.114183 0.0213826 0.0928006 0.135566
597 0.155024 0.0207412 0.134283 0.175765
598 0.126371 0.0134711 0.1129 0.139843
599 0.137277 0.00555953 0.131717 0.142836
600 0.13022 0.00235205 0.127868 0.132572
601 0.110976 0.0177476 0.0932283 0.128724
602 0.0863859 0.00299362 0.0833923 0.0893795
603 0.106486 0.0230933 0.0833923 0.129579
604 0.111404 0.027156 0.0842477 0.13856
605 0.144974 0.00898074 0.135994 0.153955
606 0.136849 0.00513188 0.131717 0.141981
607 0.135352 0.00406266 0.131289 0.139415
608 0.143691 0.00470417 0.138987 0.148396
609 0.136635 0.00064151 0.135994 0.137277
610 0.131503 0.00235205 0.129151 0.133855
611 0.113542 0.0245901 0.0889518 0.138132
612 0.148823 0.00299362 0.14583 0.151817
613 0.133428 0.00299356 0.130434 0.136421
614 0.119743 0.0299357 0.0898071 0.149679
615 0.131931 0.00235205 0.129579 0.134283
616 0.131503 0.0032073 0.128296 0.134711
617 0.134497 0.00192434 0.132572 0.136421
618 0.117605 0.029508 0.0880966 0.147113
619 0.0868135 0.00213826 0.0846753 0.0889518
620 0.0889518 0.00299356 0.0859583 0.0919454
621 0.112473 0.0290804 0.0833923 0.141553
622 0.137918 0.00406272 0.133855 0.141981
623 0.133855 0.000855304 0.133 0.134711
624 0.138987 0.00983599 0.129151 0.148823
625 0.111617 0.020955 0.0906624 0.132572
626 0.110334 0.022238 0.0880965 0.132572
627 0.109051 0.0218103 0.0872412 0.130862
628 0.106486 0.0243762 0.0821094 0.130862
629 0.109693 0.023307 0.0863859 0.133
630 0.133214 0.000213854 0.133 0.133428
631 0.130434 0.000427648 0.130006 0.130862
632 0.136207 0.00320736 0.133 0.139415
633 0.136849 0.00598718 0.130862 0.142836
634 0.134069 0.000641502 0.133428 0.134711
635 0.130434 0.000855245 0.129579 0.131289
636 0.12851 0.00149681 0.127013 0.130006
637 0.131717 0.00256591 0.129151 0.134283
638 0.129793 0.00149675 0.128296 0.131289
639 0.131503 0.00235211 0.129151 0.133855
640 0.141767 0.0104774 0.131289 0.152244
641 0.11119 0.0200997 0.0910901 0.131289
642 0.107127 0.0237347 0.0833924 0.130862
643 0.10563 0.0226656 0.0829647 0.128296
644 0.109479 0.0179614 0.0915177 0.127441
645 0.113969 0.027156 0.0868135 0.141126
646 0.110121 0.0228794 0.0872412 0.133
647 0.119957 0.0374196 0.0825371 0.157376
648 0.113756 0.0158232 0.0979325 0.129579
649 0.131289 0.000427656 0.130862 0.131717
650 0.13856 0.00684237 0.131717 0.145402
651 0.107982 0.0224517 0.0855306 0.130434
652 0.126371 0.045545 0.0808263 0.171916
653 0.109693 0.0288665 0.0808265 0.138559
654 0.104775 0.0239486 0.0808263 0.128723
655 0.0870274 0.00192452 0.0851029 0.0889519
656 0.104775 0.020955 0.08382 0.12573
657 0.107341 0.020955 0.0863859 0.128296
658 0.105416 0.0220241 0.0833924 0.127441
659 0.104775 0.0243762 0.0803988 0.129151
660 0.0851029 0.00342121 0.0816816 0.0885241
661 0.106058 0.0248039 0.0812541 0.130862
662 0.104989 0.0250177 0.079971 0.130006
663 0.109052 0.0269422 0.0821094 0.135994
664 0.13856 0.00684249 0.131717 0.145402
665 0.128937 0.00277971 0.126158 0.131717
666 0.105203 0.0222379 0.0829647 0.127441
667 0.104133 0.0228794 0.0812541 0.127013
668 0.0865997 0.00320742 0.0833923 0.0898071
669 0.104989 0.0220241 0.0829647 0.127013
670 0.103706 0.0220242 0.0816816 0.12573
671 0.106272 0.0224517 0.08382 0.128723
672 0.149251 0.00342121 0.14583 0.152672
673 0.133642 0.000213735 0.133428 0.133855
674 0.131931 0.000641502 0.131289 0.132572
675 0.0960081 0.00491796 0.0910901 0.100926
676 0.112045 0.0282251 0.0838201 0.14027
677 0.0883104 0.00577332 0.0825371 0.0940837
678 0.143264 0.00769773 0.135566 0.150961
679 0.135138 0.00342127 0.131717 0.13856
680 0.133214 0.00106916 0.132145 0.134283
681 0.133 0.0017106 0.131289 0.134711
682 0.113114 0.0194582 0.093656 0.132572
683 0.109693 0.025873 0.08382 0.135566
684 0.111831 0.0280113 0.08382 0.139843
685 0.117605 0.0243762 0.0932283 0.141981
686 0.119957 0.0181753 0.101781 0.138132
687 0.131717 0.000855304 0.130862 0.132572
688 0.0844615 0.000641506 0.08382 0.085103
689 0.109479 0.0282252 0.0812539 0.137704
690 0.108624 0.0230932 0.0855306 0.131717
691 0.116749 0.0286527 0.0880966 0.145402
692 0.107341 0.0256592 0.0816816 0.133
693 0.136849 0.00727013 0.129579 0.144119
694 0.128296 5.96046e-008 0.128296 0.128296
695 0.131931 0.00534568 0.126585 0.137277
696 0.128937 0.00277971 0.126158 0.131717
697 0.128724 0.00256591 0.126158 0.131289
698 0.131931 0.00235205 0.129579 0.134283
699 0.132572 0.00427651 0.128296 0.136849
700 0.130862 0.00812544 0.122736 0.138987
701 0.113542 0.0181753 0.0953666 0.131717
702 0.105203 0.0230932 0.0821094 0.128296
703 0.104989 0.0237348 0.0812541 0.128724
704 0.133642 0.00449037 0.129151 0.138132
705 0.138132 0.00513183 0.133 0.143264
706 0.134497 0.00406272 0.130434 0.13856
707 0.131503 0.00064151 0.130862 0.132145
708 0.126585 0.0230932 0.103492 0.149678
709 0.109051 0.0213826 0.0876688 0.130434
710 0.113114 0.0263006 0.0868136 0.139415
711 0.134924 0.00662863 0.128296 0.141553
712 0.115466 0.0230932 0.092373 0.138559
713 0.111404 0.0254454 0.0859582 0.136849
714 0.136421 0 0.136421 0.136421
715 0.139201 0.00064145 0.13856 0.139843
716 0.13578 0.000641502 0.135138 0.136421
717 0.135352 0.000641569 0.134711 0.135994
718 0.13856 0.000855364 0.137704 0.139415
719 0.139843 0.00427651 0.135566 0.144119
720 0.13578 0.0010691 0.134711 0.136849
721 0.139629 0.0019244 0.137704 0.141553
722 0.133214 0.00363506 0.129579 0.136849
723 0.110762 0.0235209 0.0872412 0.134283
724 0.111831 0.0254453 0.0863859 0.137276
725 0.124233 0.0318601 0.092373 0.156093
726 0.110762 0.0252315 0.0855306 0.135994
727 0.134497 0.0019244 0.132572 0.136421
728 0.14305 0.00791159 0.135138 0.150961
729 0.133214 0.0019244 0.131289 0.135138
730 0.140698 0.00299356 0.137704 0.143691
731 0.137704 0.00299356 0.134711 0.140698
732 0.112686 0.0220241 0.0906624 0.134711
733 0.137704 0.00342122 0.134283 0.141125
734 0.111831 0.0215964 0.0902348 0.133428
735 0.114825 0.0220241 0.0928007 0.136849
736 0.146471 0.00577333 0.140698 0.152244
737 0.161439 0.0267284 0.134711 0.188167
738 0.136207 0.000641443 0.135566 0.136849
739 0.114397 0.0207413 0.0936559 0.135138
740 0.137918 0.000213854 0.137704 0.138132
741 0.118674 0.0250177 0.093656 0.143691
742 0.11568 0.0215964 0.0940837 0.137277
743 0.140484 0.00235211 0.138132 0.142836
744 0.110762 0.0243762 0.0863859 0.135138
745 0.134283 0.00171061 0.132572 0.135994
746 0.118674 0.0301495 0.0885242 0.148823
747 0.0983601 0.0119742 0.0863859 0.110334
748 0.0887379 0.00106916 0.0876688 0.0898071
749 0.147754 0.0109052 0.136849 0.158659
750 0.13856 0.00213826 0.136421 0.140698
751 0.13856 0.00384887 0.134711 0.142408
752 0.137918 0.00277976 0.135138 0.140698
753 0.14754 0.0158232 0.131717 0.163363
754 0.132359 0.000213794 0.132145 0.132572
755 0.108624 0.0218104 0.0868135 0.130434
756 0.106913 0.0235209 0.0833923 0.130434
757 0.105844 0.0245901 0.0812541 0.130434
758 0.131076 0.00277971 0.128296 0.133855
759 0.0953666 0.00641483 0.0889518 0.101781
760 0.0883103 0.00235206 0.0859583 0.0906624
761 0.107555 0.0254454 0.0821094 0.133
762 0.0878827 0.0019244 0.0859583 0.0898071
763 0.0846753 0.00256591 0.0821094 0.0872412
764 0.126371 0.00363501 0.122736 0.130006
765 0.105844 0.0215964 0.0842477 0.127441
766 0.10563 0.0239486 0.0816818 0.129579
767 0.116322 0.0136849 0.102637 0.130006
768 0.110976 0.0275836 0.0833923 0.138559
769 0.131076 0.000213742 0.130862 0.131289
770 0.110976 0.0168923 0.0940836 0.127868
771 0.110976 0.0186029 0.092373 0.129579
772 0.134283 0.00213826 0.132145 0.136421
773 0.107768 0.0226656 0.0851029 0.130434
774 0.107982 0.0211688 0.0868136 0.129151
775 0.107127 0.0220241 0.085103 0.129151
776 0.117818 0.0280113 0.0898071 0.14583
777 0.106058 0.0239486 0.0821094 0.130006
778 0.107982 0.025873 0.0821094 0.133855
779 0.0880965 0.00641477 0.0816818 0.0945113
780 0.0932283 0.00342121 0.0898071 0.0966495
781 0.107127 0.02459 0.0825371 0.131717
782 0.0829647 0.000427648 0.0825371 0.0833924
783 0.132786 0.00235212 0.130434 0.135138
784 0.129365 0.000213794 0.129151 0.129579
785 0.129151 0.000427715 0.128723 0.129579
786 0.130648 0.00577332 0.124875 0.136421
787 0.109051 0.0175338 0.0915177 0.126585
788 0.138987 0.00727013 0.131717 0.146257
789 0.105416 0.0207412 0.0846753 0.126158
790 0.110548 0.0250177 0.0855306 0.135566
791 0.13022 0.00149675 0.128724 0.131717
792 0.108624 0.0230932 0.0855306 0.131717
793 0.132359 0.00149675 0.130862 0.133855
794 0.136635 0.00449032 0.132145 0.141125
795 0.14583 0.0136849 0.132145 0.159514
796 0.128937 0.00277977 0.126158 0.131717
797 0.106913 0.020955 0.0859583 0.127868
798 0.133 0.00555953 0.127441 0.13856
799 0.111617 0.0205273 0.0910901 0.132145
