# ../output/graphs/perf_parallel79QUADRUPED_thread4
# step - mean (0.320459) - standard deviation (0.0431552) r=20 - ylow - yhigh
0 0.281803 0.0570486 0.224754 0.338852
1 0.301283 0.0478499 0.253433 0.349133
2 0.306971 0.0354653 0.271505 0.342436
3 0.315673 0.0378256 0.277848 0.353499
4 0.32923 0.00609805 0.323132 0.335328
5 0.305474 0.0476502 0.257824 0.353124
6 0.298289 0.0525764 0.245713 0.350866
7 0.31114 0.0449657 0.266174 0.356106
8 0.306158 0.0494088 0.256749 0.355567
9 0.299187 0.0541083 0.245079 0.353296
10 0.292837 0.0552022 0.237634 0.348039
11 0.299465 0.0542646 0.245201 0.35373
12 0.303079 0.0521339 0.250945 0.355213
13 0.299957 0.0523594 0.247598 0.352316
14 0.315331 0.0377356 0.277596 0.353067
15 0.318624 0.036706 0.281918 0.35533
16 0.306094 0.0509336 0.25516 0.357028
17 0.306072 0.0491587 0.256914 0.355231
18 0.307826 0.051545 0.256281 0.359371
19 0.330171 0.0394057 0.290765 0.369576
20 0.320164 0.0264947 0.293669 0.346658
21 0.310841 0.0422629 0.268578 0.353104
22 0.315887 0.0382287 0.277658 0.354116
23 0.330855 0.0061399 0.324715 0.336995
24 0.324782 0.0268257 0.297957 0.351608
25 0.321767 0.0277562 0.294011 0.349524
26 0.330641 0.00445926 0.326182 0.335101
27 0.328375 0.027888 0.300487 0.356263
28 0.327348 0.0288404 0.298508 0.356189
29 0.331582 0.0323323 0.29925 0.363914
30 0.328139 0.0343711 0.293768 0.362511
31 0.325852 0.0363945 0.289457 0.362246
32 0.323371 0.0486434 0.274728 0.372015
33 0.31454 0.0541686 0.260371 0.368709
34 0.32876 0.0402482 0.288511 0.369008
35 0.321254 0.0442433 0.277011 0.365498
36 0.294226 0.0601887 0.234038 0.354415
37 0.286422 0.0610976 0.225324 0.347519
38 0.317726 0.045706 0.27202 0.363432
39 0.325424 0.0377233 0.287701 0.363147
40 0.324782 0.0379765 0.286806 0.362759
41 0.325103 0.0388579 0.286245 0.363961
42 0.320442 0.0408772 0.279564 0.361319
43 0.317106 0.0466009 0.270505 0.363707
44 0.330492 0.0274455 0.303046 0.357937
45 0.331154 0.0282583 0.302896 0.359413
46 0.332694 0.00531476 0.327379 0.338009
47 0.327156 0.00550829 0.321648 0.332664
48 0.321318 0.0259975 0.295321 0.347316
49 0.321211 0.0279952 0.293216 0.349207
50 0.331283 0.00522067 0.326062 0.336503
51 0.319266 0.036765 0.282501 0.356031
52 0.317683 0.0380976 0.279586 0.355781
53 0.322452 0.0253924 0.297059 0.347844
54 0.320399 0.0269058 0.293493 0.347305
55 0.324504 0.0258105 0.298694 0.350315
56 0.322665 0.0272334 0.295432 0.349899
57 0.314626 0.0361931 0.278432 0.350819
58 0.319843 0.0410464 0.278797 0.360889
59 0.321468 0.0279095 0.293559 0.349378
60 0.328225 0.00510954 0.323115 0.333335
61 0.321938 0.0249219 0.297017 0.34686
62 0.312573 0.0336879 0.278885 0.346261
63 0.314262 0.0358397 0.278422 0.350102
64 0.317983 0.0314518 0.286531 0.349434
65 0.311097 0.0426004 0.268497 0.353698
66 0.313086 0.0443973 0.268689 0.357483
67 0.311012 0.0414902 0.269522 0.352502
68 0.31856 0.0373188 0.281241 0.355879
69 0.330256 0.00632419 0.323932 0.336581
70 0.330278 0.00549016 0.324788 0.335768
71 0.326087 0.0276334 0.298453 0.35372
72 0.32568 0.0451348 0.280546 0.370815
73 0.326044 0.0454509 0.280593 0.371495
74 0.325894 0.0451153 0.280779 0.37101
75 0.317983 0.0506027 0.26738 0.368585
76 0.313621 0.0545591 0.259061 0.36818
77 0.319373 0.0521862 0.267186 0.371559
78 0.338104 0.0290073 0.309097 0.367111
79 0.320527 0.0480259 0.272501 0.368553
80 0.307013 0.0585148 0.248499 0.365528
81 0.31407 0.0534655 0.260604 0.367535
82 0.311268 0.054557 0.256712 0.365825
83 0.320848 0.0507181 0.27013 0.371566
84 0.318774 0.0522232 0.266551 0.370997
85 0.311846 0.0546864 0.257159 0.366532
86 0.326728 0.0474618 0.279266 0.37419
87 0.340028 0.0286895 0.311339 0.368718
88 0.318432 0.0510802 0.267352 0.369512
89 0.319522 0.0516543 0.267868 0.371177
90 0.324569 0.0440635 0.280505 0.368632
91 0.340435 0.028072 0.312363 0.368507
92 0.325338 0.0444102 0.280928 0.369749
93 0.313621 0.0563886 0.257232 0.370009
94 0.319736 0.0520588 0.267677 0.371795
95 0.324633 0.0464467 0.278186 0.371079
96 0.311953 0.0603229 0.25163 0.372276
97 0.294697 0.0644964 0.230201 0.359193
98 0.296258 0.0625067 0.233751 0.358764
99 0.30062 0.0626535 0.237966 0.363273
100 0.324184 0.0458624 0.278321 0.370046
101 0.312466 0.0547287 0.257737 0.367195
102 0.322366 0.0471522 0.275214 0.369518
103 0.32938 0.0386093 0.29077 0.367989
104 0.317534 0.0635056 0.254028 0.381039
105 0.310435 0.0558712 0.254563 0.366306
106 0.32923 0.0379335 0.291296 0.367164
107 0.331796 0.0390368 0.292759 0.370833
108 0.324718 0.0455668 0.279151 0.370285
109 0.318496 0.0503522 0.268144 0.368848
110 0.33077 0.0390445 0.291725 0.369814
111 0.324547 0.0442944 0.280253 0.368842
112 0.322024 0.0466536 0.27537 0.368678
113 0.333442 0.0372713 0.296171 0.370714
114 0.323863 0.0451398 0.278723 0.369003
115 0.323884 0.0468397 0.277045 0.370724
116 0.318004 0.0465058 0.271498 0.36451
117 0.317769 0.0450882 0.272681 0.362857
118 0.313578 0.044099 0.269479 0.357677
119 0.300727 0.0570857 0.243641 0.357812
120 0.319116 0.0453464 0.27377 0.364462
121 0.330663 0.027933 0.30273 0.358596
122 0.324055 0.044082 0.279973 0.368137
123 0.311375 0.049986 0.261389 0.361361
124 0.311204 0.0485758 0.262629 0.35978
125 0.317063 0.0430647 0.273998 0.360128
126 0.314904 0.0436864 0.271217 0.35859
127 0.307484 0.0483401 0.259144 0.355824
128 0.303613 0.0531595 0.250454 0.356773
129 0.321917 0.0367166 0.285201 0.358634
130 0.322559 0.0382754 0.284283 0.360834
131 0.321853 0.0483281 0.273525 0.370181
132 0.312616 0.0503548 0.262261 0.36297
133 0.297498 0.0558431 0.241655 0.353341
134 0.31516 0.0449004 0.27026 0.360061
135 0.310777 0.0479481 0.262829 0.358725
136 0.324034 0.0382513 0.285783 0.362285
137 0.335666 0.0055131 0.330153 0.341179
138 0.325317 0.0351984 0.290119 0.360515
139 0.309558 0.0489087 0.260649 0.358467
140 0.325552 0.0395082 0.286044 0.36506
141 0.330171 0.0262242 0.303947 0.356395
142 0.319608 0.0448237 0.274784 0.364431
143 0.317277 0.0445398 0.272737 0.361817
144 0.3331 0.0285044 0.304596 0.361605
145 0.337933 0.00522999 0.332703 0.343163
146 0.325274 0.036801 0.288473 0.362075
147 0.318154 0.0447132 0.27344 0.362867
148 0.319886 0.0380682 0.281817 0.357954
149 0.320356 0.0377079 0.282648 0.358064
150 0.306693 0.0487859 0.257907 0.355478
151 0.302566 0.0550268 0.247539 0.357593
152 0.308296 0.049194 0.259102 0.35749
153 0.319993 0.0379347 0.282058 0.357927
154 0.316871 0.0429103 0.27396 0.359781
155 0.322559 0.0382061 0.284352 0.360765
156 0.326685 0.0285627 0.298123 0.355248
157 0.320848 0.0346516 0.286196 0.3555
158 0.319586 0.0382078 0.281379 0.357794
159 0.315288 0.0380134 0.277275 0.353302
160 0.321105 0.0460269 0.275078 0.367131
161 0.324504 0.0379317 0.286573 0.362436
162 0.302737 0.0550141 0.247723 0.357751
163 0.298439 0.0589114 0.239527 0.35735
164 0.313364 0.0490958 0.264268 0.36246
165 0.30479 0.0544729 0.250317 0.359262
166 0.315759 0.045022 0.270737 0.360781
167 0.331368 0.0289672 0.302401 0.360335
168 0.326579 0.038896 0.287683 0.365474
169 0.336628 0.00997295 0.326655 0.346601
170 0.324483 0.0263825 0.298101 0.350865
171 0.315973 0.0446213 0.271351 0.360594
172 0.316636 0.0462194 0.270416 0.362855
173 0.322516 0.0383125 0.284203 0.360828
174 0.326707 0.0281725 0.298534 0.354879
175 0.312359 0.0425196 0.269839 0.354879
176 0.29846 0.0521605 0.2463 0.350621
177 0.298524 0.0518138 0.246711 0.350338
178 0.306821 0.0424949 0.264326 0.349316
179 0.298011 0.0488758 0.249135 0.346887
180 0.307142 0.0437026 0.263439 0.350844
181 0.32104 0.0252928 0.295748 0.346333
182 0.318539 0.0331964 0.285342 0.351735
183 0.321853 0.0271264 0.294727 0.348979
184 0.330299 0.015091 0.315208 0.34539
185 0.314262 0.0353273 0.278935 0.349589
186 0.311525 0.0473815 0.264144 0.358907
187 0.324077 0.0313368 0.29274 0.355414
188 0.315096 0.0350253 0.280071 0.350121
189 0.291361 0.0547751 0.236586 0.346136
190 0.294226 0.0525483 0.241678 0.346775
191 0.300577 0.0470963 0.253481 0.347673
192 0.290591 0.0560581 0.234533 0.346649
193 0.322003 0.0270241 0.294979 0.349027
194 0.318667 0.0341598 0.284507 0.352827
195 0.310306 0.0491783 0.261128 0.359485
196 0.306864 0.050312 0.256552 0.357176
197 0.314241 0.0452754 0.268965 0.359516
198 0.320185 0.0381374 0.282048 0.358322
199 0.307847 0.0475296 0.260318 0.355377
200 0.329829 0.0391917 0.290637 0.36902
201 0.317576 0.0494699 0.268106 0.367046
202 0.323906 0.0464362 0.27747 0.370342
203 0.325702 0.0378933 0.287809 0.363595
204 0.322366 0.0456525 0.276714 0.368019
205 0.323286 0.0467893 0.276496 0.370075
206 0.321233 0.0446295 0.276603 0.365862
207 0.328204 0.0389228 0.289281 0.367126
208 0.327306 0.03847 0.288836 0.365776
209 0.328033 0.0376716 0.290361 0.365704
210 0.321318 0.0434315 0.277887 0.36475
211 0.325787 0.0376376 0.28815 0.363425
212 0.332929 0.0264332 0.306496 0.359362
213 0.32506 0.0381256 0.286935 0.363186
214 0.322302 0.0451524 0.27715 0.367454
215 0.323243 0.0388416 0.284401 0.362084
216 0.328054 0.0394475 0.288606 0.367501
217 0.322003 0.0451275 0.276875 0.36713
218 0.313107 0.0514276 0.26168 0.364535
219 0.322302 0.0462592 0.276043 0.368561
220 0.314326 0.0508123 0.263514 0.365139
221 0.328973 0.0384711 0.290502 0.367444
222 0.338916 0.00536617 0.33355 0.344283
223 0.332266 0.0269084 0.305358 0.359175
224 0.337377 0.0285966 0.30878 0.365973
225 0.335431 0.0293417 0.306089 0.364773
226 0.322537 0.0444124 0.278125 0.36695
227 0.344604 0.137448 0.207156 0.482052
228 0.315395 0.0514777 0.263918 0.366873
229 0.329807 0.0395971 0.29021 0.369404
230 0.326236 0.037396 0.28884 0.363632
231 0.314241 0.0511963 0.263044 0.365437
232 0.328118 0.0404101 0.287708 0.368528
233 0.33278 0.0249811 0.307798 0.357761
234 0.319009 0.0433808 0.275628 0.36239
235 0.33171 0.0390644 0.292646 0.370775
236 0.335538 0.0247735 0.310764 0.360311
237 0.335837 0.0271993 0.308638 0.363037
238 0.337569 0.0280563 0.309513 0.365626
239 0.331432 0.0385516 0.292881 0.369984
240 0.31469 0.0488456 0.265844 0.363535
241 0.318945 0.0522906 0.266654 0.371235
242 0.315652 0.0503384 0.265314 0.36599
243 0.315609 0.0505321 0.265077 0.366141
244 0.321211 0.0379081 0.283303 0.35912
245 0.323414 0.0370658 0.286348 0.36048
246 0.311824 0.0511946 0.26063 0.363019
247 0.321853 0.0354993 0.286354 0.357352
248 0.32181 0.0380645 0.283746 0.359875
249 0.329743 0.0282778 0.301465 0.358021
250 0.336949 0.00824598 0.328703 0.345195
251 0.328204 0.0270745 0.301129 0.355278
252 0.324911 0.0261684 0.298742 0.351079
253 0.32382 0.00545423 0.318366 0.329274
254 0.325039 0.00495688 0.320082 0.329996
255 0.317534 0.0246459 0.292888 0.342179
256 0.304576 0.0461807 0.258395 0.350756
257 0.302309 0.052024 0.250285 0.354333
258 0.301732 0.0545266 0.247205 0.356258
259 0.310028 0.0487287 0.2613 0.358757
260 0.313984 0.0445816 0.269403 0.358566
261 0.316037 0.0445519 0.271485 0.360589
262 0.313578 0.0540226 0.259555 0.3676
263 0.300876 0.0518318 0.249045 0.352708
264 0.301539 0.0542331 0.247306 0.355772
265 0.303357 0.0500377 0.253319 0.353395
266 0.316956 0.0371556 0.279801 0.354112
267 0.338147 0.066263 0.271884 0.40441
268 0.330534 0.070628 0.259906 0.401162
269 0.309536 0.0443671 0.265169 0.353904
270 0.32444 0.0275754 0.296865 0.352016
271 0.32397 0.0275628 0.296407 0.351533
272 0.316828 0.0379155 0.278913 0.354743
273 0.302993 0.0489226 0.254071 0.351916
274 0.285395 0.0590728 0.226323 0.344468
275 0.308617 0.0445115 0.264106 0.353129
276 0.310991 0.0442048 0.266786 0.355195
277 0.309921 0.0430222 0.266899 0.352944
278 0.307655 0.0434728 0.264182 0.351128
279 0.309986 0.0432586 0.266727 0.353244
280 0.314112 0.0381504 0.275962 0.352263
281 0.313556 0.0352945 0.278262 0.348851
282 0.323393 0.0381445 0.285248 0.361537
283 0.321297 0.0376091 0.283688 0.358906
284 0.319757 0.0388658 0.280892 0.358623
285 0.331261 0.0061846 0.325077 0.337446
286 0.333143 0.0267039 0.306439 0.359847
287 0.317769 0.0448209 0.272948 0.36259
288 0.329144 0.0398381 0.289306 0.368983
289 0.326129 0.0374793 0.28865 0.363609
290 0.307355 0.0535824 0.253773 0.360938
291 0.313257 0.051334 0.261923 0.364591
292 0.317747 0.0449278 0.27282 0.362675
293 0.323692 0.0397735 0.283918 0.363465
294 0.311653 0.0484187 0.263235 0.360072
295 0.315652 0.0443096 0.271342 0.359962
296 0.328973 0.0288662 0.300107 0.35784
297 0.329936 0.0269736 0.302962 0.356909
298 0.322409 0.0444323 0.277977 0.366841
299 0.32722 0.0385078 0.288712 0.365728
300 0.320078 0.0435831 0.276495 0.363661
301 0.315652 0.0507992 0.264853 0.366451
302 0.320613 0.0363771 0.284236 0.35699
303 0.319822 0.0347113 0.28511 0.354533
304 0.319095 0.0373843 0.28171 0.356479
305 0.313236 0.0420199 0.271216 0.355256
306 0.313728 0.0435201 0.270207 0.357248
307 0.319073 0.0358136 0.28326 0.354887
308 0.315759 0.044539 0.27122 0.360298
309 0.314818 0.0440726 0.270745 0.358891
310 0.314497 0.043077 0.27142 0.357574
311 0.304447 0.0481447 0.256303 0.352592
312 0.296514 0.0542102 0.242304 0.350725
313 0.296279 0.0535523 0.242727 0.349831
314 0.283749 0.0590361 0.224713 0.342785
315 0.292965 0.0551379 0.237827 0.348103
316 0.300214 0.050247 0.249967 0.350461
317 0.306821 0.0467889 0.260032 0.35361
318 0.305901 0.047476 0.258425 0.353377
319 0.311974 0.0446018 0.267372 0.356576
320 0.309536 0.0476578 0.261879 0.357194
321 0.327049 0.0278698 0.299179 0.354919
322 0.330427 0.0229405 0.307487 0.353368
323 0.334148 0.027977 0.306171 0.362125
324 0.337056 0.00520313 0.331853 0.342259
325 0.328567 0.0271495 0.301418 0.355717
326 0.322879 0.0379903 0.284889 0.36087
327 0.332844 0.0392213 0.293622 0.372065
328 0.331668 0.0383345 0.293333 0.370002
329 0.332266 0.0375008 0.294766 0.369767
330 0.313257 0.0547172 0.25854 0.367974
331 0.309408 0.0563224 0.253086 0.365731
332 0.32536 0.0456537 0.279706 0.371013
333 0.324675 0.0442319 0.280444 0.368907
334 0.333849 0.0407096 0.293139 0.374558
335 0.326728 0.0456111 0.281117 0.372339
336 0.320228 0.052638 0.26759 0.372866
337 0.341247 0.0298935 0.311354 0.371141
338 0.338446 0.0272414 0.311205 0.365687
339 0.325659 0.0443265 0.281333 0.369986
340 0.306329 0.0574269 0.248902 0.363756
341 0.318389 0.0529513 0.265438 0.37134
342 0.330534 0.0378268 0.292708 0.368361
343 0.324376 0.0459466 0.278429 0.370323
344 0.324226 0.0452238 0.279003 0.36945
345 0.319629 0.0522079 0.267421 0.371837
346 0.325958 0.0465308 0.279428 0.372489
347 0.323221 0.044417 0.278804 0.367638
348 0.331603 0.0395465 0.292057 0.37115
349 0.342509 0.00632278 0.336186 0.348831
350 0.340092 0.0277969 0.312296 0.367889
351 0.330427 0.0385993 0.291828 0.369027
352 0.327712 0.0447105 0.283001 0.372422
353 0.345716 0.00772435 0.337992 0.35344
354 0.335025 0.0375827 0.297442 0.372607
355 0.332437 0.0386481 0.293789 0.371085
356 0.340263 0.0287628 0.311501 0.369026
357 0.329743 0.0389118 0.290831 0.368655
358 0.329765 0.0381596 0.291605 0.367924
359 0.320078 0.0513934 0.268685 0.371472
360 0.325381 0.0466895 0.278692 0.372071
361 0.330363 0.0383095 0.292054 0.368673
362 0.319308 0.0494289 0.26988 0.368737
363 0.321981 0.0452858 0.276695 0.367267
364 0.323863 0.0455873 0.278276 0.36945
365 0.330919 0.0379888 0.29293 0.368908
366 0.329358 0.0345277 0.294831 0.363886
367 0.33139 0.0385649 0.292825 0.369954
368 0.336628 0.028786 0.307842 0.365414
369 0.333143 0.0384012 0.294742 0.371544
370 0.331881 0.0400974 0.291784 0.371979
371 0.330406 0.0268342 0.303572 0.35724
372 0.311589 0.0508021 0.260787 0.362391
373 0.308895 0.0511655 0.25773 0.36006
374 0.313385 0.0497419 0.263643 0.363127
375 0.310392 0.0497312 0.260661 0.360123
376 0.32985 0.0288009 0.301049 0.358651
377 0.324312 0.0364324 0.28788 0.360744
378 0.301411 0.0525272 0.248884 0.353938
379 0.315652 0.0439771 0.271675 0.359629
380 0.318132 0.0410243 0.277108 0.359157
381 0.322216 0.0368641 0.285352 0.359081
382 0.325039 0.0267127 0.298326 0.351752
383 0.325082 0.0274993 0.297582 0.352581
384 0.304683 0.0511691 0.253513 0.355852
385 0.314091 0.0528685 0.261223 0.366959
386 0.307099 0.0509333 0.256166 0.358032
387 0.317534 0.0451391 0.272395 0.362673
388 0.338189 0.00617899 0.33201 0.344368
389 0.318859 0.0448188 0.274041 0.363678
390 0.31469 0.0439606 0.270729 0.35865
391 0.316871 0.0437281 0.273143 0.360599
392 0.31841 0.0377732 0.280637 0.356184
393 0.321489 0.0358376 0.285652 0.357327
394 0.322238 0.038596 0.283642 0.360834
395 0.330085 0.0340914 0.295994 0.364177
396 0.323799 0.0282441 0.295555 0.352043
397 0.321511 0.0349924 0.286518 0.356503
398 0.301646 0.0527964 0.24885 0.354443
399 0.303164 0.0543655 0.248799 0.35753
400 0.295039 0.0551447 0.239894 0.350184
401 0.307762 0.0469977 0.260764 0.354759
402 0.315566 0.0434003 0.272166 0.358967
403 0.31253 0.0449808 0.267549 0.357511
404 0.315417 0.0440838 0.271333 0.359501
405 0.313086 0.0449705 0.268116 0.358056
406 0.312851 0.0454884 0.267362 0.358339
407 0.312829 0.0445973 0.268232 0.357427
408 0.313043 0.0424483 0.270595 0.355492
409 0.322623 0.0386027 0.28402 0.361225
410 0.316614 0.0444072 0.272207 0.361021
411 0.324355 0.0394974 0.284857 0.363852
412 0.323072 0.039228 0.283844 0.3623
413 0.311546 0.0549704 0.256576 0.366517
414 0.327562 0.0383126 0.28925 0.365875
415 0.319736 0.0445552 0.275181 0.364291
416 0.331154 0.039007 0.292147 0.370161
417 0.33449 0.0271937 0.307296 0.361684
418 0.313856 0.0497715 0.264084 0.363627
419 0.311504 0.0571081 0.254396 0.368612
420 0.32134 0.0460871 0.275253 0.367427
421 0.322088 0.0440877 0.278 0.366176
422 0.312829 0.0496657 0.263164 0.362495
423 0.32104 0.045882 0.275158 0.366922
424 0.316037 0.0512631 0.264774 0.3673
425 0.31995 0.0457745 0.274175 0.365724
426 0.322131 0.0455387 0.276592 0.36767
427 0.316037 0.0513665 0.26467 0.367403
428 0.317277 0.0442055 0.273072 0.361483
429 0.317405 0.0448527 0.272553 0.362258
430 0.312915 0.0447902 0.268125 0.357705
431 0.318068 0.0361579 0.28191 0.354226
432 0.325018 0.0262355 0.298782 0.351253
433 0.331817 0.00574062 0.326077 0.337558
434 0.333785 0.00581123 0.327973 0.339596
435 0.327156 0.0257429 0.301413 0.352899
436 0.319586 0.0363127 0.283274 0.355899
437 0.325531 0.0272593 0.298271 0.35279
438 0.314732 0.0406188 0.274114 0.355351
439 0.299209 0.0506585 0.24855 0.349867
440 0.306778 0.0468461 0.259932 0.353624
441 0.307869 0.0489133 0.258955 0.356782
442 0.31841 0.0373968 0.281014 0.355807
443 0.311504 0.0426469 0.268857 0.354151
444 0.30541 0.0477013 0.257708 0.353111
445 0.31439 0.0435611 0.270829 0.357951
446 0.316678 0.03469 0.281988 0.351368
447 0.323542 0.0252767 0.298265 0.348819
448 0.322516 0.0323753 0.290141 0.354891
449 0.313428 0.0426475 0.270781 0.356076
450 0.326279 0.0378755 0.288404 0.364155
451 0.326685 0.0375499 0.289136 0.364235
452 0.332224 0.0274237 0.3048 0.359647
453 0.31469 0.0460269 0.268663 0.360717
454 0.31129 0.0517176 0.259572 0.363007
455 0.336393 0.0333399 0.303053 0.369733
456 0.330064 0.0503169 0.279747 0.380381
457 0.336928 0.0430088 0.293919 0.379937
458 0.33124 0.0381988 0.293041 0.369439
459 0.313813 0.0532384 0.260575 0.367051
460 0.320313 0.0520421 0.268271 0.372355
461 0.332395 0.037479 0.294916 0.369874
462 0.318817 0.0516814 0.267135 0.370498
463 0.299572 0.0605467 0.239025 0.360119
464 0.319201 0.0522764 0.266925 0.371478
465 0.318303 0.0503829 0.26792 0.368686
466 0.327797 0.0483158 0.279482 0.376113
467 0.333143 0.0385433 0.2946 0.371686
468 0.322494 0.0460115 0.276483 0.368506
469 0.324483 0.0459037 0.278579 0.370387
470 0.312894 0.0556542 0.257239 0.368548
471 0.326557 0.0459571 0.2806 0.372514
472 0.32521 0.0448564 0.280354 0.370066
473 0.323842 0.0470187 0.276823 0.37086
474 0.332095 0.0394156 0.29268 0.371511
475 0.330941 0.036464 0.294477 0.367405
476 0.331497 0.0396723 0.291824 0.371169
477 0.331154 0.0375724 0.293582 0.368727
478 0.33139 0.038521 0.292869 0.369911
479 0.323029 0.0453782 0.277651 0.368407
480 0.330342 0.0468311 0.283511 0.377173
481 0.324376 0.0462377 0.278138 0.370614
482 0.326429 0.045112 0.281317 0.371541
483 0.324098 0.0518257 0.272272 0.375924
484 0.313471 0.0566847 0.256786 0.370156
485 0.32042 0.0518327 0.268588 0.372253
486 0.324868 0.0469003 0.277968 0.371768
487 0.331518 0.0387212 0.292797 0.370239
488 0.325574 0.0442376 0.281336 0.369811
489 0.32258 0.0460209 0.276559 0.368601
490 0.316935 0.0507671 0.266168 0.367702
491 0.324333 0.0465636 0.27777 0.370897
492 0.324504 0.0439559 0.280549 0.36846
493 0.318025 0.0522512 0.265774 0.370277
494 0.325253 0.0457675 0.279485 0.37102
495 0.325018 0.0469597 0.278058 0.371977
496 0.32784 0.0384277 0.289412 0.366268
497 0.33047 0.0387213 0.291749 0.369191
498 0.330513 0.0438631 0.28665 0.374376
499 0.316828 0.0433879 0.27344 0.360216
500 0.314968 0.0455002 0.269467 0.360468
501 0.32243 0.0385508 0.28388 0.360981
502 0.316807 0.0418701 0.274936 0.358677
503 0.32474 0.0386984 0.286041 0.363438
504 0.333827 0.00474562 0.329082 0.338573
505 0.332053 0.00620096 0.325852 0.338253
506 0.327477 0.0264787 0.300998 0.353955
507 0.294077 0.0573449 0.236732 0.351422
508 0.291361 0.0597934 0.231568 0.351155
509 0.316144 0.0360883 0.280055 0.352232
510 0.306693 0.0482934 0.258399 0.354986
511 0.30464 0.0516702 0.25297 0.35631
512 0.318838 0.0500364 0.268802 0.368874
513 0.319458 0.043102 0.276356 0.36256
514 0.319565 0.0402252 0.27934 0.35979
515 0.313214 0.047838 0.265376 0.361052
516 0.318924 0.0439037 0.27502 0.362827
517 0.308147 0.0511507 0.256996 0.359297
518 0.308938 0.0491091 0.259829 0.358047
519 0.317448 0.0385367 0.278911 0.355985
520 0.333849 0.0040532 0.329795 0.337902
521 0.326493 0.027345 0.299148 0.353838
522 0.325552 0.0285085 0.297044 0.354061
523 0.330791 0.00614023 0.324651 0.336931
524 0.326129 0.0271446 0.298985 0.353274
525 0.308874 0.0489656 0.259908 0.357839
526 0.314925 0.0456667 0.269258 0.360592
527 0.319672 0.0375951 0.282077 0.357267
528 0.321062 0.0390975 0.281964 0.360159
529 0.321361 0.0367095 0.284652 0.358071
530 0.311589 0.0434501 0.268139 0.355039
531 0.304597 0.0535211 0.251076 0.358118
532 0.309387 0.046171 0.263216 0.355558
533 0.322323 0.0479439 0.274379 0.370267
534 0.294718 0.055605 0.239113 0.350323
535 0.310028 0.0494613 0.260567 0.35949
536 0.313621 0.0459354 0.267685 0.359556
537 0.329936 0.0292444 0.300691 0.35918
538 0.322473 0.0474628 0.27501 0.369936
539 0.327562 0.0412651 0.286297 0.368827
540 0.330342 0.0278194 0.302522 0.358161
541 0.330705 0.0285057 0.3022 0.359211
542 0.32382 0.0374977 0.286322 0.361318
543 0.314262 0.05076 0.263502 0.365022
544 0.348752 0.0181683 0.330584 0.366921
545 0.33541 0.0264936 0.308916 0.361903
546 0.317341 0.0496029 0.267738 0.366944
547 0.299615 0.0601191 0.239496 0.359734
548 0.302309 0.0582988 0.24401 0.360608
549 0.303528 0.0594414 0.244087 0.362969
550 0.319095 0.0483178 0.270777 0.367412
551 0.323863 0.0470613 0.276802 0.370924
552 0.329679 0.0388491 0.29083 0.368528
553 0.328439 0.0374963 0.290943 0.365935
554 0.328888 0.0397113 0.289177 0.368599
555 0.340071 0.00710164 0.332969 0.347173
556 0.325702 0.0375673 0.288135 0.363269
557 0.314134 0.0439887 0.270145 0.358122
558 0.31717 0.0388058 0.278364 0.355976
559 0.328097 0.0283612 0.299736 0.356458
560 0.332138 0.00745307 0.324685 0.339591
561 0.332245 0.00633001 0.325915 0.338575
562 0.33077 0.00640265 0.324367 0.337172
563 0.317683 0.0352584 0.282425 0.352942
564 0.318774 0.0373532 0.281421 0.356127
565 0.326343 0.0259505 0.300393 0.352294
566 0.320784 0.0339927 0.286791 0.354777
567 0.314626 0.0445511 0.270074 0.359177
568 0.309216 0.0497803 0.259435 0.358996
569 0.313236 0.0419765 0.271259 0.355212
570 0.313107 0.0439882 0.269119 0.357096
571 0.315288 0.0424637 0.272825 0.357752
572 0.317491 0.0365952 0.280896 0.354086
573 0.324269 0.0260588 0.29821 0.350328
574 0.312744 0.042419 0.270325 0.355163
575 0.317213 0.0367885 0.280424 0.354001
576 0.325039 0.0256965 0.299342 0.350735
577 0.322259 0.0271944 0.295065 0.349454
578 0.334405 0.00622598 0.328179 0.340631
579 0.327049 0.0269008 0.300148 0.35395
580 0.330727 0.029289 0.301438 0.360016
581 0.332544 0.00560766 0.326937 0.338152
582 0.334683 0.0284014 0.306281 0.363084
583 0.327712 0.037857 0.289855 0.365569
584 0.341033 0.00676516 0.334268 0.347798
585 0.340477 0.0275986 0.312879 0.368076
586 0.331753 0.0372526 0.294501 0.369006
587 0.326087 0.0440647 0.282022 0.370151
588 0.325766 0.0451993 0.280567 0.370965
589 0.326536 0.0459973 0.280538 0.372533
590 0.3331 0.0391291 0.293971 0.372229
591 0.324055 0.0442332 0.279822 0.368289
592 0.339857 0.0292646 0.310593 0.369122
593 0.332544 0.0372461 0.295298 0.36979
594 0.330449 0.0375405 0.292908 0.367989
595 0.332459 0.0384224 0.294036 0.370881
596 0.328439 0.0396943 0.288744 0.368133
597 0.333528 0.0362952 0.297233 0.369823
598 0.325531 0.0386269 0.286904 0.364158
599 0.318047 0.0501495 0.267897 0.368196
600 0.318303 0.047446 0.270857 0.365749
601 0.325852 0.0379555 0.287896 0.363807
602 0.336265 0.0282634 0.308001 0.364528
603 0.332758 0.0285691 0.304189 0.361327
604 0.33434 0.0273741 0.306966 0.361715
605 0.32645 0.0367162 0.289734 0.363166
606 0.328139 0.0386414 0.289498 0.366781
607 0.340071 0.00604281 0.334028 0.346114
608 0.344241 0.00642546 0.337815 0.350666
609 0.323799 0.0450831 0.278716 0.368882
610 0.323393 0.0480044 0.275388 0.371397
611 0.331176 0.0380717 0.293104 0.369248
612 0.326878 0.0388567 0.288021 0.365735
613 0.334747 0.0298443 0.304902 0.364591
614 0.335174 0.0264261 0.308748 0.361601
615 0.326664 0.0368154 0.289849 0.363479
616 0.340819 0.00540688 0.335413 0.346226
617 0.338531 0.00738172 0.33115 0.345913
618 0.333314 0.0276344 0.30568 0.360948
619 0.329187 0.027898 0.301289 0.357085
620 0.325937 0.0376261 0.288311 0.363563
621 0.31407 0.0501434 0.263926 0.364213
622 0.316251 0.0451632 0.271088 0.361414
623 0.317085 0.0494089 0.267676 0.366494
624 0.320591 0.046448 0.274143 0.367039
625 0.333229 0.0264004 0.306828 0.359629
626 0.314497 0.0428862 0.271611 0.357383
627 0.318368 0.0361399 0.282228 0.354507
628 0.326194 0.0269086 0.299285 0.353102
629 0.32459 0.0266642 0.297926 0.351254
630 0.315224 0.0449518 0.270273 0.360176
631 0.307377 0.0494131 0.257964 0.35679
632 0.289843 0.0589936 0.230849 0.348837
633 0.311718 0.0495768 0.262141 0.361294
634 0.301775 0.0525275 0.249247 0.354302
635 0.29846 0.0549627 0.243498 0.353423
636 0.306372 0.0422475 0.264124 0.348619
637 0.298332 0.0520857 0.246246 0.350418
638 0.315075 0.0368332 0.278241 0.351908
639 0.308232 0.0412151 0.267017 0.349447
640 0.312894 0.0499323 0.262961 0.362826
641 0.315759 0.0445827 0.271176 0.360342
642 0.327968 0.0264019 0.301567 0.35437
643 0.333207 0.00641094 0.326796 0.339618
644 0.320206 0.0357169 0.28449 0.355923
645 0.325167 0.0280319 0.297135 0.353199
646 0.309152 0.0478689 0.261283 0.35702
647 0.31469 0.0444727 0.270217 0.359162
648 0.314005 0.044436 0.26957 0.358441
649 0.319928 0.0556526 0.264276 0.375581
650 0.324526 0.0279561 0.29657 0.352482
651 0.321853 0.0259676 0.295885 0.347821
652 0.316571 0.0357755 0.280796 0.352347
653 0.321938 0.0274232 0.294515 0.349362
654 0.328353 0.00826005 0.320093 0.336613
655 0.32908 0.0049236 0.324157 0.334004
656 0.328075 0.0062506 0.321825 0.334326
657 0.316293 0.0352711 0.281022 0.351565
658 0.314027 0.0374973 0.27653 0.351524
659 0.310648 0.0432882 0.26736 0.353937
660 0.308275 0.0454998 0.262775 0.353775
661 0.327947 0.00611303 0.321834 0.33406
662 0.322665 0.025763 0.296903 0.348428
663 0.310819 0.0423092 0.26851 0.353129
664 0.31253 0.0449291 0.267601 0.357459
665 0.320741 0.0377995 0.282942 0.35854
666 0.318175 0.0377639 0.280411 0.355939
667 0.318902 0.0370952 0.281807 0.355997
668 0.305217 0.0500431 0.255174 0.35526
669 0.306778 0.0500391 0.256739 0.356817
670 0.318902 0.039085 0.279817 0.357987
671 0.32335 0.0375555 0.285794 0.360905
672 0.327669 0.0383055 0.289364 0.365974
673 0.332758 0.029154 0.303604 0.361912
674 0.335752 0.0307159 0.305036 0.366468
675 0.324633 0.0482221 0.276411 0.372855
676 0.302437 0.0573047 0.245133 0.359742
677 0.298845 0.0583407 0.240504 0.357186
678 0.326472 0.0391565 0.287315 0.365628
679 0.309622 0.0507997 0.258822 0.360422
680 0.316935 0.0449251 0.27201 0.36186
681 0.339515 0.00527231 0.334243 0.344787
682 0.324184 0.036616 0.287568 0.3608
683 0.323478 0.0388774 0.284601 0.362355
684 0.325852 0.0262492 0.299602 0.352101
685 0.317512 0.0365257 0.280987 0.354038
686 0.322452 0.026068 0.296384 0.34852
687 0.323435 0.0280817 0.295354 0.351517
688 0.327584 0.00504741 0.322536 0.332631
689 0.321511 0.0251564 0.296354 0.346667
690 0.316914 0.0369483 0.279965 0.353862
691 0.313492 0.0349968 0.278495 0.348489
692 0.318303 0.0373338 0.28097 0.355637
693 0.310477 0.0423922 0.268085 0.35287
694 0.30201 0.0468653 0.255144 0.348875
695 0.303956 0.0449416 0.259014 0.348897
696 0.297455 0.0509535 0.246502 0.348409
697 0.307184 0.043362 0.263822 0.350546
698 0.320121 0.0267387 0.293382 0.34686
699 0.302844 0.0481575 0.254686 0.351001
700 0.306885 0.0431633 0.263722 0.350048
701 0.326985 0.0045408 0.322444 0.331526
702 0.325231 0.00482417 0.320407 0.330056
703 0.316742 0.0353441 0.281398 0.352087
704 0.316315 0.0472713 0.269044 0.363586
705 0.342038 0.0222917 0.319747 0.36433
706 0.323457 0.0370694 0.286387 0.360526
707 0.323157 0.0367037 0.286454 0.359861
708 0.324483 0.0356983 0.288785 0.360181
709 0.322665 0.037062 0.285603 0.359728
710 0.345994 0.003635 0.342359 0.349629
711 0.33727 0.026142 0.311128 0.363412
712 0.332673 0.0386485 0.294024 0.371321
713 0.33233 0.0386227 0.293708 0.370953
714 0.321511 0.0501412 0.27137 0.371652
715 0.32273 0.0511165 0.271613 0.373846
716 0.331261 0.0389341 0.292327 0.370195
717 0.331475 0.035912 0.295563 0.367387
718 0.325937 0.0448498 0.281087 0.370787
719 0.325509 0.0558186 0.269691 0.381328
720 0.328995 0.0487765 0.280218 0.377771
721 0.333742 0.0390408 0.294701 0.372783
722 0.337633 0.0276271 0.310006 0.365261
723 0.327113 0.04592 0.281193 0.373033
724 0.31903 0.05216 0.26687 0.37119
725 0.313749 0.0563102 0.257439 0.370059
726 0.322238 0.046411 0.275827 0.368649
727 0.336094 0.0281564 0.307937 0.36425
728 0.325146 0.0457329 0.279413 0.370879
729 0.319651 0.0519467 0.267704 0.371597
730 0.330983 0.0391738 0.29181 0.370157
731 0.337719 0.0448809 0.292838 0.3826
732 0.320228 0.0515627 0.268665 0.371791
733 0.325402 0.0472915 0.278111 0.372694
734 0.331903 0.0378369 0.294066 0.36974
735 0.313022 0.0557122 0.25731 0.368734
736 0.325125 0.0521484 0.272976 0.377273
737 0.319373 0.0513347 0.268038 0.370707
738 0.328952 0.0462743 0.282678 0.375226
739 0.322986 0.0516673 0.271319 0.374654
740 0.325167 0.0449248 0.280242 0.370092
741 0.344925 0.00502831 0.339897 0.349953
742 0.322986 0.0447634 0.278223 0.36775
743 0.3167 0.0520624 0.264637 0.368762
744 0.324226 0.0447586 0.279468 0.368985
745 0.331454 0.0396209 0.291833 0.371075
746 0.330449 0.0387336 0.291715 0.369182
747 0.332908 0.0405733 0.292335 0.373481
748 0.323264 0.0454895 0.277775 0.368754
749 0.316486 0.0523426 0.264143 0.368829
750 0.335345 0.0454187 0.289927 0.380764
751 0.33511 0.0439598 0.29115 0.37907
752 0.32876 0.0376338 0.291126 0.366393
753 0.31918 0.0451908 0.273989 0.364371
754 0.316785 0.043734 0.273051 0.360519
755 0.323884 0.0382662 0.285618 0.362151
756 0.305367 0.0536686 0.251698 0.359035
757 0.297263 0.0549918 0.242271 0.352255
758 0.324953 0.0281393 0.296814 0.353093
759 0.323072 0.0363782 0.286694 0.35945
760 0.319116 0.0380773 0.281039 0.357193
761 0.327199 0.0275822 0.299616 0.354781
762 0.325702 0.0245246 0.301177 0.350226
763 0.326878 0.0286533 0.298225 0.355531
764 0.311418 0.0383102 0.273108 0.349728
765 0.314839 0.0368463 0.277993 0.351686
766 0.31794 0.0251618 0.292778 0.343102
767 0.331539 0.00522872 0.326311 0.336768
768 0.330919 0.028193 0.302726 0.359112
769 0.337526 0.0184581 0.319068 0.355985
770 0.311183 0.0451514 0.266032 0.356334
771 0.299978 0.0620905 0.237888 0.362069
772 0.317213 0.0483887 0.268824 0.365602
773 0.323606 0.0277053 0.295901 0.351312
774 0.325574 0.0264818 0.299092 0.352055
775 0.317427 0.0362834 0.281143 0.35371
776 0.322516 0.0830706 0.239445 0.405586
777 0.314283 0.086867 0.227416 0.40115
778 0.314177 0.0433886 0.270788 0.357565
779 0.320378 0.0366481 0.283729 0.357026
780 0.308531 0.0491934 0.259338 0.357725
781 0.314818 0.0451566 0.269661 0.359975
782 0.320142 0.0376276 0.282515 0.35777
783 0.31144 0.045018 0.266422 0.356458
784 0.311974 0.0437283 0.268246 0.355702
785 0.319693 0.0391682 0.280525 0.358862
786 0.326236 0.0275485 0.298688 0.353785
787 0.324996 0.0279486 0.297048 0.352945
788 0.320656 0.0368884 0.283767 0.357544
789 0.320164 0.0374051 0.282759 0.357569
790 0.326942 0.0271719 0.29977 0.354114
791 0.325616 0.0279031 0.297713 0.353519
792 0.331325 0.0264583 0.304867 0.357784
793 0.317876 0.0450209 0.272855 0.362897
794 0.309365 0.0491679 0.260198 0.358533
795 0.315288 0.0459346 0.269354 0.361223
796 0.326685 0.0526326 0.274053 0.379318
797 0.32196 0.0399417 0.282018 0.361902
798 0.324996 0.0399315 0.285065 0.364928
799 0.330727 0.0268982 0.303829 0.357625
