# ../output/graphs/perf_parallel47BIPED_thread2
# step - mean (0.0808504) - standard deviation (0.00926401) r=20 - ylow - yhigh
0 0.0981344 0.0307362 0.0673982 0.128871
1 0.0870387 0.00908803 0.0779507 0.0961268
2 0.0853421 0.00413876 0.0812034 0.0894809
3 0.0878045 0.00913757 0.0786669 0.0969421
4 0.0868886 0.00803646 0.0788521 0.0949251
5 0.0851619 0.00588551 0.0792764 0.0910475
6 0.0840509 0.0078063 0.0762446 0.0918572
7 0.0829698 0.0106702 0.0722996 0.0936401
8 0.0808828 0.00576388 0.0751189 0.0866467
9 0.0801021 0.00360456 0.0764975 0.0837066
10 0.0802973 0.00459589 0.0757014 0.0848932
11 0.079997 0.00470257 0.0752944 0.0846995
12 0.0850869 0.0125362 0.0725507 0.0976231
13 0.0816035 0.00644179 0.0751617 0.0880453
14 0.081108 0.00830987 0.0727982 0.0894179
15 0.0793363 0.00424949 0.0750869 0.0835858
16 0.0823693 0.00836406 0.0740052 0.0907333
17 0.0807177 0.00596253 0.0747551 0.0866802
18 0.0804174 0.00449692 0.0759205 0.0849143
19 0.0806276 0.00389856 0.076729 0.0845261
20 0.081093 0.00483873 0.0762543 0.0859318
21 0.0828497 0.0106718 0.0721779 0.0935216
22 0.0787207 0.00130988 0.0774109 0.0800306
23 0.0808078 0.00799462 0.0728131 0.0888024
24 0.0773694 0.00274444 0.074625 0.0801139
25 0.079982 0.00932941 0.0706525 0.0893114
26 0.0797117 0.00591537 0.0737963 0.0856271
27 0.081093 0.0112267 0.0698663 0.0923198
28 0.0773244 0.00253117 0.0747932 0.0798556
29 0.0794114 0.0082059 0.0712055 0.0876173
30 0.0805675 0.0110794 0.0694881 0.091647
31 0.0811381 0.00932812 0.07181 0.0904662
32 0.0815885 0.0119665 0.069622 0.093555
33 0.0784655 0.00404455 0.074421 0.08251
34 0.0864682 0.0106915 0.0757767 0.0971597
35 0.0870237 0.00818121 0.0788425 0.0952049
36 0.087294 0.00916944 0.0781246 0.0964634
37 0.0872339 0.01076 0.0764739 0.097994
38 0.0863631 0.00651108 0.079852 0.0928742
39 0.0848617 0.0046223 0.0802394 0.089484
40 0.0860328 0.00596094 0.0800718 0.0919937
41 0.0829098 0.00210181 0.080808 0.0850116
42 0.0854622 0.00405712 0.0814051 0.0895194
43 0.0845313 0.00295063 0.0815807 0.087482
44 0.0835554 0.00214633 0.0814091 0.0857017
45 0.0855073 0.00834343 0.0771638 0.0938507
46 0.0865583 0.00802107 0.0785372 0.0945794
47 0.0867685 0.00593211 0.0808364 0.0927006
48 0.0876093 0.0102248 0.0773845 0.0978341
49 0.0895462 0.0111781 0.0783681 0.100724
50 0.0845464 0.00474654 0.0797998 0.0892929
51 0.0854022 0.00583628 0.0795659 0.0912385
52 0.0875943 0.0062016 0.0813927 0.0937959
53 0.0884651 0.0115642 0.0769009 0.100029
54 0.0887054 0.00869874 0.0800066 0.0974041
55 0.0865733 0.0108113 0.075762 0.0973846
56 0.0850869 0.00717513 0.0779117 0.092262
57 0.0843812 0.00456301 0.0798182 0.0889442
58 0.0851469 0.00430103 0.0808459 0.089448
59 0.0846214 0.00413113 0.0804903 0.0887526
60 0.0845013 0.00269993 0.0818014 0.0872012
61 0.0846815 0.00325506 0.0814264 0.0879365
62 0.0845614 0.00316716 0.0813942 0.0877285
63 0.0844713 0.00265904 0.0818122 0.0871303
64 0.0889005 0.0166522 0.0722483 0.105553
65 0.0873841 0.00742327 0.0799608 0.0948074
66 0.0867835 0.00815272 0.0786308 0.0949362
67 0.0857025 0.00554633 0.0801561 0.0912488
68 0.0849818 0.00544095 0.0795408 0.0904227
69 0.0857175 0.00495292 0.0807646 0.0906704
70 0.0835554 0.00156575 0.0819896 0.0851212
71 0.0885402 0.0120413 0.0764989 0.100581
72 0.0848917 0.00460833 0.0802833 0.0895
73 0.0853271 0.00298976 0.0823373 0.0883169
74 0.0849968 0.00506365 0.0799331 0.0900604
75 0.0878645 0.00885033 0.0790142 0.0967149
76 0.0869487 0.00827484 0.0786738 0.0952235
77 0.0848767 0.00266103 0.0822156 0.0875377
78 0.0849968 0.00669481 0.078302 0.0916916
79 0.0898164 0.0167713 0.0730451 0.106588
80 0.0852821 0.00568173 0.0796003 0.0909638
81 0.0880147 0.0100563 0.0779584 0.098071
82 0.0886003 0.0100017 0.0785986 0.0986019
83 0.085267 0.00794971 0.0773173 0.0932168
84 0.0838407 0.00351813 0.0803225 0.0873588
85 0.0867685 0.00970796 0.0770605 0.0964765
86 0.0835254 0.00242338 0.081102 0.0859487
87 0.0863181 0.00765735 0.0786607 0.0939754
88 0.0859127 0.0082538 0.0776589 0.0941665
89 0.0864982 0.00683147 0.0796668 0.0933297
90 0.083165 0.00159033 0.0815747 0.0847554
91 0.0864232 0.00834706 0.0780761 0.0947702
92 0.0864982 0.00778234 0.0787159 0.0942806
93 0.0868736 0.00883743 0.0780362 0.095711
94 0.086273 0.00593183 0.0803412 0.0922048
95 0.0863331 0.00722661 0.0791065 0.0935597
96 0.0881648 0.00723653 0.0809283 0.0954014
97 0.0867234 0.00558779 0.0811357 0.0923112
98 0.0851019 0.0107985 0.0743034 0.0959004
99 0.081078 0.00262646 0.0784516 0.0837045
100 0.0809429 0.00319843 0.0777445 0.0841413
101 0.0841259 0.00942509 0.0747009 0.093551
102 0.0863781 0.01771 0.0686681 0.104088
103 0.0824894 0.00505262 0.0774367 0.087542
104 0.0839758 0.00344911 0.0805267 0.0874249
105 0.0834203 0.00515728 0.078263 0.0885775
106 0.0827897 0.00261803 0.0801716 0.0854077
107 0.0849668 0.00787334 0.0770934 0.0928401
108 0.0820239 0.00470149 0.0773224 0.0867254
109 0.084216 0.00823004 0.075986 0.0924461
110 0.0812582 0.00424609 0.0770121 0.0855043
111 0.0817386 0.00326418 0.0784745 0.0850028
112 0.0890657 0.00706694 0.0819988 0.0961326
113 0.0846965 0.0027283 0.0819682 0.0874248
114 0.0849517 0.00560013 0.0793516 0.0905519
115 0.084186 0.00497273 0.0792133 0.0891587
116 0.0832701 0.0039108 0.0793593 0.0871809
117 0.0839458 0.00213073 0.081815 0.0860765
118 0.0843512 0.00285022 0.0815009 0.0872014
119 0.0849517 0.00602594 0.0789258 0.0909777
120 0.0841259 0.00465523 0.0794707 0.0887812
121 0.0836004 0.00302294 0.0805775 0.0866234
122 0.0843361 0.00500616 0.07933 0.0893423
123 0.0859877 0.0104935 0.0754943 0.0964812
124 0.0860178 0.00959867 0.0764191 0.0956164
125 0.0848917 0.00545097 0.0794407 0.0903427
126 0.0829248 0.00206584 0.080859 0.0849906
127 0.0861379 0.00750619 0.0786317 0.0936441
128 0.0868886 0.00723956 0.079649 0.0941282
129 0.0874441 0.0096381 0.077806 0.0970822
130 0.0855523 0.00867669 0.0768756 0.094229
131 0.0858226 0.00662857 0.079194 0.0924511
132 0.0833452 0.00441586 0.0789293 0.0877611
133 0.084201 0.0061088 0.0780922 0.0903098
134 0.0858076 0.00873829 0.0770693 0.0945459
135 0.0868135 0.00931617 0.0774974 0.0961297
136 0.0836155 0.0041495 0.0794659 0.087765
137 0.083135 0.00349456 0.0796404 0.0866296
138 0.0826545 0.00313637 0.0795182 0.0857909
139 0.085237 0.0107474 0.0744897 0.0959844
140 0.084216 0.00812528 0.0760907 0.0923413
141 0.0905071 0.0170781 0.073429 0.107585
142 0.0833302 0.00497203 0.0783582 0.0883022
143 0.0855073 0.00583587 0.0796714 0.0913431
144 0.084231 0.00475036 0.0794807 0.0889814
145 0.0833902 0.00377589 0.0796144 0.0871661
146 0.0829848 0.00270639 0.0802785 0.0856912
147 0.0853121 0.00830824 0.0770038 0.0936203
148 0.0828047 0.00280874 0.0799959 0.0856134
149 0.0854172 0.0107567 0.0746605 0.0961739
150 0.0849067 0.00797541 0.0769313 0.0928821
151 0.0869336 0.0132449 0.0736887 0.100179
152 0.0844262 0.0040414 0.0803848 0.0884676
153 0.0829698 0.00279139 0.0801784 0.0857612
154 0.0849968 0.00691283 0.078084 0.0919096
155 0.0858526 0.00679735 0.0790553 0.09265
156 0.083105 0.00436079 0.0787442 0.0874657
157 0.0815134 0.00116098 0.0803525 0.0826744
158 0.0861979 0.0093652 0.0768327 0.0955631
159 0.0866634 0.00947334 0.07719 0.0961367
160 0.0888555 0.0173864 0.0714691 0.106242
161 0.0849067 0.00488731 0.0800194 0.089794
162 0.0906272 0.0139162 0.076711 0.104543
163 0.0864982 0.00959867 0.0768996 0.0960969
164 0.085267 0.00558285 0.0796842 0.0908499
165 0.0856124 0.00975819 0.0758542 0.0953706
166 0.0839308 0.00567498 0.0782558 0.0896057
167 0.084171 0.00550119 0.0786698 0.0896722
168 0.0832701 0.00419449 0.0790756 0.0874646
169 0.0832851 0.0042268 0.0790583 0.0875119
170 0.0858526 0.00547721 0.0803754 0.0913298
171 0.0829248 0.00245297 0.0804718 0.0853778
172 0.0856574 0.00721311 0.0784443 0.0928705
173 0.0839458 0.00565586 0.0782899 0.0896016
174 0.0845614 0.00571291 0.0788485 0.0902743
175 0.0834203 0.00481081 0.0786095 0.0882311
176 0.0840959 0.00615517 0.0779407 0.0902511
177 0.0837506 0.00536157 0.078389 0.0891122
178 0.0832551 0.00328247 0.0799726 0.0865376
179 0.0838557 0.00465096 0.0792047 0.0885067
180 0.0854022 0.00820806 0.0771941 0.0936102
181 0.0846515 0.00859944 0.076052 0.0932509
182 0.0898014 0.0258171 0.0639843 0.115618
183 0.087294 0.00895098 0.078343 0.096245
184 0.0845914 0.00779023 0.0768012 0.0923816
185 0.0825795 0.00195764 0.0806218 0.0845371
186 0.0856424 0.0102862 0.0753562 0.0959286
187 0.0843061 0.00472979 0.0795763 0.0890359
188 0.083105 0.00223886 0.0808661 0.0853438
189 0.0825194 0.00159351 0.0809259 0.0841129
190 0.085177 0.00888534 0.0762916 0.0940623
191 0.0842761 0.0068082 0.0774679 0.0910843
192 0.0886603 0.012452 0.0762083 0.101112
193 0.0866934 0.00876468 0.0779287 0.0954581
194 0.0863331 0.0122724 0.0740607 0.0986055
195 0.0878946 0.0102302 0.0776644 0.0981247
196 0.0855073 0.00426249 0.0812448 0.0897698
197 0.0865733 0.00634392 0.0802294 0.0929172
198 0.0838857 0.00591445 0.0779713 0.0898002
199 0.082054 0.0120393 0.0700147 0.0940932
200 0.0800871 0.00442975 0.0756573 0.0845168
201 0.0784805 0.00131674 0.0771638 0.0797973
202 0.0818137 0.00819655 0.0736172 0.0900103
203 0.0832551 0.00855105 0.0747041 0.0918062
204 0.0793964 0.00420662 0.0751898 0.083603
205 0.0796817 0.00448756 0.0751941 0.0841692
206 0.0816486 0.00863919 0.0730094 0.0902878
207 0.0805375 0.00582406 0.0747134 0.0863616
208 0.0816636 0.00934206 0.0723215 0.0910056
209 0.0806576 0.00772356 0.0729341 0.0883812
210 0.0795315 0.00452159 0.0750099 0.0840531
211 0.0791411 0.00335528 0.0757859 0.0824964
212 0.0788709 0.00266103 0.0762099 0.0815319
213 0.0823092 0.0107887 0.0715205 0.0930978
214 0.0837956 0.0150721 0.0687235 0.0988678
215 0.0784054 0.00130513 0.0771003 0.0797106
216 0.0832851 0.0150915 0.0681936 0.0983766
217 0.080042 0.00581389 0.0742281 0.0858559
218 0.0798919 0.00311125 0.0767806 0.0830031
219 0.0777598 0.00490352 0.0728563 0.0826633
220 0.0767689 0.0029807 0.0737882 0.0797496
221 0.081018 0.0110148 0.0700032 0.0920327
222 0.0774745 0.00304316 0.0744314 0.0805177
223 0.0909425 0.0412112 0.0497313 0.132154
224 0.0847115 0.0155959 0.0691156 0.100307
225 0.0787658 0.00334671 0.0754191 0.0821125
226 0.0790811 0.00569067 0.0733904 0.0847718
227 0.076889 0.00230162 0.0745874 0.0791906
228 0.0776998 0.00565618 0.0720436 0.0833559
229 0.0795015 0.00623262 0.0732689 0.0857341
230 0.0792913 0.00926842 0.0700229 0.0885597
231 0.0835254 0.00721336 0.076312 0.0907387
232 0.0822041 0.00999645 0.0722076 0.0922006
233 0.0830449 0.0057898 0.0772551 0.0888347
234 0.0828047 0.00782935 0.0749753 0.090634
235 0.0811381 0.00298723 0.0781508 0.0841253
236 0.0806876 0.00303737 0.0776503 0.083725
237 0.0832401 0.00770731 0.0755328 0.0909474
238 0.084201 0.0107482 0.0734528 0.0949493
239 0.0808078 0.00423918 0.0765686 0.0850469
240 0.0819789 0.00354417 0.0784347 0.0855231
241 0.0798919 0.00280971 0.0770822 0.0827016
242 0.0795465 0.00254963 0.0769969 0.0820962
243 0.081048 0.00515842 0.0758896 0.0862064
244 0.0807177 0.00431268 0.076405 0.0850303
245 0.0835104 0.00844549 0.0750649 0.0919558
246 0.0813483 0.00465002 0.0766983 0.0859983
247 0.0811681 0.0061189 0.0750492 0.087287
248 0.0825494 0.00837957 0.0741699 0.090929
249 0.0817386 0.00575004 0.0759886 0.0874887
250 0.0802222 0.00269136 0.0775308 0.0829135
251 0.0830749 0.00892282 0.0741521 0.0919977
252 0.0799369 0.00415399 0.0757829 0.0840909
253 0.0822942 0.00714566 0.0751485 0.0894398
254 0.0813333 0.00576779 0.0755655 0.0871011
255 0.0801471 0.00413473 0.0760124 0.0842818
256 0.0864081 0.0164839 0.0699243 0.102892
257 0.0836605 0.00838683 0.0752737 0.0920473
258 0.0822041 0.00502378 0.0771803 0.0872279
259 0.0806426 0.00474369 0.0758989 0.0853863
260 0.0817837 0.00750378 0.0742799 0.0892875
261 0.0799069 0.00143982 0.0784671 0.0813467
262 0.0805976 0.00426516 0.0763324 0.0848627
263 0.0815885 0.00460148 0.076987 0.08619
264 0.0824443 0.00501174 0.0774326 0.0874561
265 0.0798618 0.00159599 0.0782659 0.0814578
266 0.084201 0.00987371 0.0743273 0.0940747
267 0.0800871 0.0020079 0.0780792 0.082095
268 0.0820089 0.00608105 0.0759279 0.08809
269 0.0826846 0.00589689 0.0767877 0.0885815
270 0.0839608 0.00776199 0.0761988 0.0917228
271 0.0823542 0.00782013 0.0745341 0.0901744
272 0.0837206 0.0122662 0.0714544 0.0959868
273 0.0827296 0.00743329 0.0752963 0.0901629
274 0.0851319 0.0128941 0.0722378 0.098026
275 0.0847265 0.0110697 0.0736568 0.0957963
276 0.0851169 0.0118527 0.0732642 0.0969696
277 0.0805976 0.00244399 0.0781536 0.0830415
278 0.0787207 0.00586777 0.072853 0.0845885
279 0.0806426 0.012155 0.0684876 0.0927976
280 0.0783754 0.00444184 0.0739336 0.0828173
281 0.0787508 0.00591415 0.0728366 0.0846649
282 0.0794865 0.00511823 0.0743683 0.0846047
283 0.0776998 0.00298614 0.0747136 0.0806859
284 0.0799519 0.00737934 0.0725726 0.0873313
285 0.0781652 0.00505084 0.0731144 0.083216
286 0.0784205 0.0065269 0.0718936 0.0849474
287 0.0801621 0.0101111 0.0700511 0.0902732
288 0.0790661 0.00519257 0.0738735 0.0842586
289 0.0828347 0.0118004 0.0710344 0.0946351
290 0.0778199 0.00412094 0.0736989 0.0819408
291 0.0783754 0.00337207 0.0750033 0.0817475
292 0.0785706 0.00567798 0.0728926 0.0842486
293 0.0817537 0.0134471 0.0683066 0.0952007
294 0.0767388 0.00126505 0.0754738 0.0780039
295 0.076949 0.00517672 0.0717723 0.0821258
296 0.0774295 0.00684387 0.0705856 0.0842734
297 0.0834053 0.00955932 0.0738459 0.0929646
298 0.0790961 0.00445238 0.0746437 0.0835485
299 0.0794414 0.00444739 0.074994 0.0838888
300 0.0784505 0.00438759 0.0740629 0.0828381
301 0.0813633 0.0101187 0.0712446 0.0914819
302 0.0804774 0.00529139 0.075186 0.0857688
303 0.0829098 0.0092081 0.0737017 0.0921179
304 0.0794114 0.00395365 0.0754578 0.0833651
305 0.0795766 0.00294987 0.0766267 0.0825264
306 0.0816035 0.00508888 0.0765146 0.0866924
307 0.0803423 0.00475982 0.0755825 0.0851021
308 0.0857325 0.00669819 0.0790343 0.0924307
309 0.0838707 0.00606413 0.0778066 0.0899348
310 0.084201 0.00640355 0.0777975 0.0906046
311 0.0815134 0.00604728 0.0754662 0.0875607
312 0.0817386 0.00467391 0.0770647 0.0864126
313 0.0804024 0.0030117 0.0773907 0.0834141
314 0.0811831 0.00360381 0.0775793 0.0847869
315 0.0812582 0.00328182 0.0779764 0.08454
316 0.0825644 0.00580069 0.0767638 0.0883651
317 0.0833002 0.0069531 0.0763471 0.0902533
318 0.0812432 0.00501983 0.0762233 0.086263
319 0.081078 0.00365317 0.0774248 0.0847312
320 0.080042 0.00684598 0.073196 0.086888
321 0.0835104 0.0114638 0.0720466 0.0949741
322 0.0782403 0.00393192 0.0743084 0.0821722
323 0.0760181 0.00132697 0.0746912 0.0773451
324 0.0791712 0.0084077 0.0707635 0.0875789
325 0.0790511 0.00997116 0.0690799 0.0890222
326 0.0794114 0.00856665 0.0708448 0.0879781
327 0.0773694 0.00283017 0.0745393 0.0801996
328 0.100552 0.107972 -0.00741982 0.208523
329 0.0767839 0.00436722 0.0724167 0.0811511
330 0.079982 0.0118841 0.0680978 0.0918661
331 0.0771893 0.00462628 0.072563 0.0818155
332 0.0772043 0.00458361 0.0726207 0.0817879
333 0.0785105 0.00685059 0.07166 0.0853611
334 0.076874 0.00477167 0.0721023 0.0816456
335 0.0773244 0.00491823 0.0724062 0.0822426
336 0.0778349 0.00504325 0.0727916 0.0828781
337 0.0781952 0.00599406 0.0722012 0.0841893
338 0.0785556 0.0075887 0.0709669 0.0861443
339 0.0809129 0.0135315 0.0673814 0.0944444
340 0.0764385 0.00373914 0.0726994 0.0801777
341 0.0796216 0.00725325 0.0723684 0.0868749
342 0.0783003 0.00625068 0.0720497 0.084551
343 0.0757629 0.0027752 0.0729877 0.0785381
344 0.0781652 0.00720575 0.0709595 0.085371
345 0.0755977 0.00237755 0.0732202 0.0779753
346 0.0768289 0.00559962 0.0712293 0.0824285
347 0.0767989 0.00443155 0.0723673 0.0812304
348 0.0771142 0.00554649 0.0715677 0.0826607
349 0.0772493 0.00440809 0.0728412 0.0816574
350 0.0784805 0.0059585 0.072522 0.084439
351 0.0791862 0.0073868 0.0717994 0.086573
352 0.0792162 0.00624255 0.0729737 0.0854588
353 0.0774445 0.00275858 0.0746859 0.0802031
354 0.0812432 0.0121112 0.069132 0.0933543
355 0.0763334 0.00318165 0.0731518 0.0795151
356 0.076904 0.00403092 0.0728731 0.0809349
357 0.0791712 0.00640346 0.0727677 0.0855746
358 0.0793964 0.00747677 0.0719196 0.0868732
359 0.079021 0.0105111 0.0685099 0.0895321
360 0.0782253 0.00742783 0.0707974 0.0856531
361 0.0776397 0.00476833 0.0728714 0.082408
362 0.0803423 0.0100237 0.0703186 0.0903661
363 0.0807327 0.00888687 0.0718458 0.0896195
364 0.0786156 0.00521553 0.0734001 0.0838312
365 0.0798618 0.00876488 0.071097 0.0886267
366 0.0776247 0.00456844 0.0730563 0.0821931
367 0.0793363 0.00695323 0.0723831 0.0862896
368 0.0798769 0.0097896 0.0700873 0.0896665
369 0.0775346 0.00343513 0.0740995 0.0809697
370 0.0765737 0.00269926 0.0738744 0.0792729
371 0.080042 0.0114989 0.0685431 0.091541
372 0.079997 0.00790302 0.072094 0.0879
373 0.0764235 0.00218923 0.0742343 0.0786128
374 0.0775496 0.00485306 0.0726966 0.0824027
375 0.0785706 0.00689179 0.0716788 0.0854624
376 0.0771743 0.00441231 0.072762 0.0815866
377 0.0787658 0.00982597 0.0689398 0.0885918
378 0.081033 0.0109209 0.0701121 0.0919539
379 0.0760181 0.00165097 0.0743672 0.0776691
380 0.0797718 0.00905722 0.0707145 0.088829
381 0.0783904 0.00615297 0.0722375 0.0845434
382 0.0836004 0.0123434 0.071257 0.0959439
383 0.0764235 0.00230754 0.074116 0.0787311
384 0.0809429 0.0116883 0.0692546 0.0926312
385 0.0787808 0.00739545 0.0713854 0.0861763
386 0.0777148 0.00272519 0.0749896 0.08044
387 0.0767989 0.00225492 0.074544 0.0790538
388 0.0775196 0.00460361 0.072916 0.0821232
389 0.0770692 0.00236691 0.0747022 0.0794361
390 0.0801021 0.0090291 0.071073 0.0891312
391 0.0801771 0.010235 0.0699422 0.0904121
392 0.0795315 0.00261489 0.0769166 0.0821464
393 0.0783904 0.0032167 0.0751737 0.0816071
394 0.0805976 0.0121483 0.0684492 0.0927459
395 0.0780601 0.00578668 0.0722734 0.0838468
396 0.0788559 0.00314573 0.0757101 0.0820016
397 0.0818438 0.00984493 0.0719988 0.0916887
398 0.0785706 0.00227562 0.076295 0.0808462
399 0.0818588 0.00859498 0.0732638 0.0904537
400 0.0786757 0.00222295 0.0764528 0.0808987
401 0.0871138 0.0128441 0.0742697 0.0999579
402 0.0796516 0.00431087 0.0753408 0.0839625
403 0.081033 0.00637877 0.0746542 0.0874117
404 0.0799369 0.00430954 0.0756274 0.0842465
405 0.084216 0.0135382 0.0706779 0.0977542
406 0.083135 0.0134358 0.0696992 0.0965708
407 0.0788859 0.00340811 0.0754778 0.082294
408 0.0781652 0.00250359 0.0756616 0.0806688
409 0.0806126 0.00842174 0.0721908 0.0890343
410 0.0798168 0.0141329 0.0656839 0.0939497
411 0.0773845 0.00647476 0.0709097 0.0838592
412 0.0752374 0.00415276 0.0710846 0.0793902
413 0.074817 0.00183219 0.0729848 0.0766492
414 0.0755077 0.00318855 0.0723191 0.0786962
415 0.0757479 0.00473931 0.0710086 0.0804872
416 0.0755677 0.00726505 0.0683027 0.0828328
417 0.0746068 0.00283845 0.0717683 0.0774452
418 0.0750872 0.00739862 0.0676886 0.0824859
419 0.0763334 0.00816411 0.0681693 0.0844976
420 0.0745467 0.00461007 0.0699367 0.0791568
421 0.074877 0.00521092 0.0696661 0.080088
422 0.0786307 0.0142785 0.0643522 0.0929092
423 0.0754926 0.00501437 0.0704783 0.080507
424 0.0740212 0.00405724 0.069964 0.0780785
425 0.0782403 0.0102413 0.0679989 0.0884816
426 0.0780601 0.0101169 0.0679432 0.088177
427 0.0772043 0.0023681 0.0748362 0.0795724
428 0.0776247 0.00320128 0.0744234 0.080826
429 0.0778799 0.00333209 0.0745478 0.081212
430 0.0804925 0.0140066 0.0664858 0.0944991
431 0.0821741 0.0105325 0.0716416 0.0927066
432 0.0783754 0.00744329 0.0709321 0.0858187
433 0.0777148 0.00262061 0.0750942 0.0803354
434 0.0787958 0.00799829 0.0707975 0.0867941
435 0.0764085 0.00302901 0.0733795 0.0794375
436 0.081033 0.00648949 0.0745435 0.0875225
437 0.0786307 0.011082 0.0675487 0.0897126
438 0.075913 0.00156496 0.0743481 0.077478
439 0.0815134 0.0115603 0.0699531 0.0930738
440 0.0772193 0.00447146 0.0727478 0.0816908
441 0.0775646 0.00397823 0.0735864 0.0815429
442 0.0778799 0.00692312 0.0709568 0.0848031
443 0.0804024 0.0133798 0.0670225 0.0937822
444 0.0778799 0.00668119 0.0711987 0.0845611
445 0.0776998 0.00476587 0.0729339 0.0824656
446 0.0762434 0.00171691 0.0745265 0.0779603
447 0.0798018 0.00850983 0.071292 0.0883116
448 0.0829398 0.0161815 0.0667583 0.0991213
449 0.0796817 0.00894452 0.0707372 0.0886262
450 0.0808828 0.00319674 0.0776861 0.0840796
451 0.0804324 0.0037401 0.0766923 0.0841725
452 0.0797267 0.00131065 0.0784161 0.0810374
453 0.0814083 0.00541928 0.0759891 0.0868276
454 0.084231 0.0101467 0.0740843 0.0943777
455 0.0861229 0.0092368 0.0768861 0.0953597
456 0.0835404 0.00818286 0.0753575 0.0917232
457 0.0833452 0.00959397 0.0737512 0.0929392
458 0.0809429 0.0101048 0.070838 0.0910477
459 0.0770541 0.00214323 0.0749109 0.0791974
460 0.0806426 0.008457 0.0721856 0.0890996
461 0.0770692 0.00256264 0.0745065 0.0796318
462 0.079006 0.00695277 0.0720532 0.0859588
463 0.0785105 0.00575778 0.0727528 0.0842683
464 0.0764836 0.00106634 0.0754173 0.0775499
465 0.0807777 0.0122144 0.0685633 0.0929921
466 0.0773544 0.002743 0.0746114 0.0800974
467 0.0790961 0.00582932 0.0732668 0.0849254
468 0.084141 0.0182116 0.0659293 0.102353
469 0.0768139 0.00164913 0.0751648 0.078463
470 0.07797 0.00493359 0.0730364 0.0829036
471 0.0802522 0.00984466 0.0704076 0.0900969
472 0.0801621 0.00728501 0.0728771 0.0874471
473 0.0796817 0.00792687 0.0717548 0.0876085
474 0.0793964 0.00509377 0.0743026 0.0844902
475 0.0775947 0.00451373 0.0730809 0.0821084
476 0.0774896 0.00379301 0.0736965 0.0812826
477 0.0778499 0.00309731 0.0747526 0.0809472
478 0.0796366 0.00649943 0.0731372 0.0861361
479 0.0772944 0.00310098 0.0741934 0.0803954
480 0.0806276 0.00645691 0.0741707 0.0870845
481 0.0792463 0.00392323 0.075323 0.0831695
482 0.0798018 0.00779646 0.0720053 0.0875982
483 0.0777448 0.00440607 0.0733387 0.0821509
484 0.0787808 0.00811351 0.0706673 0.0868943
485 0.0806726 0.0102711 0.0704015 0.0909438
486 0.0772944 0.00215999 0.0751344 0.0794544
487 0.0834653 0.0148303 0.068635 0.0982956
488 0.0789009 0.00452618 0.0743747 0.0834271
489 0.0806876 0.00856487 0.0721228 0.0892525
490 0.0788409 0.00578746 0.0730534 0.0846283
491 0.0771592 0.00774051 0.0694187 0.0848998
492 0.0766187 0.00615796 0.0704608 0.0827767
493 0.0795616 0.00459106 0.0749705 0.0841526
494 0.082114 0.0106674 0.0714466 0.0927814
495 0.0781802 0.00261143 0.0755688 0.0807917
496 0.0795165 0.00762024 0.0718963 0.0871368
497 0.0792162 0.00410815 0.0751081 0.0833244
498 0.0799069 0.00649964 0.0734072 0.0864065
499 0.0778649 0.00437135 0.0734936 0.0822363
500 0.0775196 0.00215764 0.0753619 0.0796772
501 0.077955 0.00258039 0.0753746 0.0805354
502 0.0786307 0.00312831 0.0755024 0.081759
503 0.0794264 0.00733191 0.0720945 0.0867583
504 0.0791111 0.00440154 0.0747096 0.0835127
505 0.083195 0.00311125 0.0800838 0.0863063
506 0.0843211 0.00706707 0.0772541 0.0913882
507 0.0809879 0.00461811 0.0763698 0.085606
508 0.0838707 0.0089111 0.0749596 0.0927818
509 0.0817687 0.00454231 0.0772264 0.086311
510 0.0820239 0.0056875 0.0763364 0.0877114
511 0.0798168 0.00295994 0.0768569 0.0827767
512 0.0816185 0.0047018 0.0769167 0.0863203
513 0.0836755 0.00771589 0.0759596 0.0913914
514 0.0817086 0.00462864 0.07708 0.0863373
515 0.0845463 0.0101044 0.074442 0.0946507
516 0.0794114 0.0108912 0.0685202 0.0903026
517 0.0799219 0.00610206 0.0738198 0.086024
518 0.0778049 0.00359959 0.0742053 0.0814045
519 0.0776998 0.00371543 0.0739843 0.0814152
520 0.0769641 0.00343053 0.0735335 0.0803946
521 0.0778349 0.00584184 0.0719931 0.0836767
522 0.0770992 0.00339854 0.0737006 0.0804977
523 0.0773995 0.00418348 0.073216 0.081583
524 0.0763785 0.00341363 0.0729649 0.0797921
525 0.0799219 0.00924299 0.0706789 0.0891649
526 0.0776247 0.00616178 0.0714629 0.0837865
527 0.081018 0.0113677 0.0696503 0.0923856
528 0.0825945 0.0158006 0.0667939 0.0983951
529 0.0783003 0.00680728 0.0714931 0.0851076
530 0.0791862 0.00894796 0.0702382 0.0881341
531 0.0786307 0.00924689 0.0693838 0.0878775
532 0.0815134 0.0110543 0.0704591 0.0925678
533 0.0786307 0.005857 0.0727737 0.0844877
534 0.0788108 0.00692976 0.0718811 0.0857406
535 0.0764686 0.00513948 0.0713291 0.0816081
536 0.0757329 0.00174994 0.0739829 0.0774828
537 0.0763935 0.00409914 0.0722944 0.0804926
538 0.0811831 0.0170135 0.0641696 0.0981966
539 0.0795465 0.00893525 0.0706113 0.0884818
540 0.0791712 0.00865243 0.0705188 0.0878236
541 0.0780001 0.00524851 0.0727515 0.0832486
542 0.0750722 0.00122715 0.0738451 0.0762994
543 0.0791111 0.00741931 0.0716918 0.0865304
544 0.0783003 0.00773725 0.0705631 0.0860376
545 0.0785556 0.00588551 0.0726701 0.0844411
546 0.0764235 0.0019588 0.0744647 0.0783823
547 0.079006 0.00611949 0.0728865 0.0851255
548 0.0790961 0.00978426 0.0693118 0.0888804
549 0.0763334 0.00203799 0.0742955 0.0783714
550 0.0798769 0.0105858 0.0692911 0.0904626
551 0.0775046 0.00446603 0.0730385 0.0819706
552 0.0760181 0.00210476 0.0739134 0.0781229
553 0.0773845 0.00498163 0.0724028 0.0823661
554 0.079006 0.00763815 0.0713679 0.0866442
555 0.0805075 0.0108012 0.0697063 0.0913086
556 0.0771743 0.0056203 0.071554 0.0827946
557 0.0775346 0.00459805 0.0729366 0.0821327
558 0.0796216 0.00851375 0.0711079 0.0881354
559 0.0770241 0.00340335 0.0736208 0.0804275
560 0.0763635 0.00197621 0.0743873 0.0783397
561 0.0798919 0.00895318 0.0709387 0.0888451
562 0.0767388 0.00213284 0.074606 0.0788717
563 0.0806126 0.00976215 0.0708504 0.0903747
564 0.076859 0.00472845 0.0721305 0.0815874
565 0.0825194 0.0143774 0.068142 0.0968968
566 0.0772343 0.0044394 0.0727949 0.0816737
567 0.0798618 0.00874995 0.0711119 0.0886118
568 0.0771743 0.00410309 0.0730712 0.0812774
569 0.0784505 0.00705064 0.0713998 0.0855011
570 0.0770992 0.00457571 0.0725235 0.0816749
571 0.0764686 0.00143158 0.075037 0.0779002
572 0.0783454 0.00678141 0.071564 0.0851268
573 0.0786757 0.00592567 0.07275 0.0846014
574 0.0785556 0.00852651 0.0700291 0.0870821
575 0.0791562 0.0074399 0.0717163 0.0865961
576 0.0801771 0.00531095 0.0748662 0.0854881
577 0.0806576 0.00916762 0.07149 0.0898252
578 0.0802672 0.0061761 0.0740911 0.0864433
579 0.0799669 0.00790057 0.0720664 0.0878675
580 0.07794 0.00692325 0.0710167 0.0848632
581 0.0766187 0.001377 0.0752417 0.0779957
582 0.0786907 0.0054156 0.0732751 0.0841063
583 0.0824593 0.0107411 0.0717182 0.0932005
584 0.07791 0.00474844 0.0731615 0.0826584
585 0.0774595 0.00569638 0.0717632 0.0831559
586 0.0796817 0.00618499 0.0734967 0.0858667
587 0.0770091 0.00230554 0.0747036 0.0793146
588 0.0797117 0.0102563 0.0694554 0.089968
589 0.0837806 0.00938565 0.074395 0.0931663
590 0.0819338 0.0113461 0.0705877 0.0932799
591 0.0786457 0.00581654 0.0728291 0.0844622
592 0.0785105 0.00793836 0.0705722 0.0864489
593 0.0826695 0.00873273 0.0739368 0.0914023
594 0.0818888 0.0101971 0.0716917 0.0920858
595 0.0790811 0.00294111 0.07614 0.0820222
596 0.0827596 0.0107571 0.0720026 0.0935167
597 0.0794565 0.00546773 0.0739887 0.0849242
598 0.0786006 0.00420391 0.0743967 0.0828045
599 0.0818287 0.00799327 0.0738355 0.089822
600 0.0807777 0.00792558 0.0728521 0.0887033
601 0.0849668 0.018586 0.0663807 0.103553
602 0.0819789 0.0109175 0.0710614 0.0928964
603 0.0848316 0.011533 0.0732986 0.0963646
604 0.083105 0.011418 0.0716869 0.094523
605 0.0812732 0.00780594 0.0734673 0.0890791
606 0.0794565 0.00287933 0.0765771 0.0823358
607 0.0781052 0.010624 0.0674812 0.0887291
608 0.0776247 0.00459893 0.0730258 0.0822236
609 0.0777598 0.00583324 0.0719266 0.0835931
610 0.0765887 0.00457433 0.0720144 0.081163
611 0.0802072 0.0127324 0.0674748 0.0929395
612 0.0742615 0.00370598 0.0705555 0.0779674
613 0.0765136 0.00965727 0.0668564 0.0861709
614 0.0762434 0.0066097 0.0696337 0.0828531
615 0.0736909 0.00291822 0.0707727 0.0766091
616 0.0732405 0.00199393 0.0712465 0.0752344
617 0.0751623 0.0055607 0.0696016 0.080723
618 0.0752975 0.00648574 0.0688117 0.0817832
619 0.0744717 0.00343828 0.0710334 0.0779099
620 0.078976 0.0148353 0.0641407 0.0938113
621 0.0744266 0.00326512 0.0711615 0.0776917
622 0.0778799 0.0102055 0.0676744 0.0880855
623 0.0812131 0.00996646 0.0712467 0.0911796
624 0.07797 0.00545277 0.0725173 0.0834228
625 0.0789309 0.00836631 0.0705646 0.0872973
626 0.0775346 0.00349369 0.0740409 0.0810283
627 0.07797 0.00726071 0.0707093 0.0852307
628 0.0760632 0.00160057 0.0744626 0.0776638
629 0.0818588 0.0113862 0.0704725 0.093245
630 0.0761983 0.00126647 0.0749318 0.0774648
631 0.0783154 0.00612148 0.0721939 0.0844368
632 0.0794264 0.0101338 0.0692926 0.0895602
633 0.0788709 0.00719208 0.0716788 0.086063
634 0.0776397 0.00662031 0.0710194 0.08426
635 0.0763785 0.00273951 0.073639 0.079118
636 0.0775947 0.00753863 0.070056 0.0851333
637 0.0763485 0.00299217 0.0733563 0.0793406
638 0.080027 0.00975523 0.0702718 0.0897822
639 0.0818588 0.017953 0.0639058 0.0998118
640 0.07797 0.0029988 0.0749712 0.0809688
641 0.0770091 0.00206191 0.0749472 0.079071
642 0.0783304 0.00497726 0.0733531 0.0833076
643 0.0835254 0.00861535 0.07491 0.0921407
644 0.0809279 0.00778525 0.0731426 0.0887131
645 0.0830149 0.00667795 0.0763369 0.0896928
646 0.0807027 0.00258122 0.0781214 0.0832839
647 0.0801021 0.00126647 0.0788356 0.0813685
648 0.0855673 0.00966467 0.0759027 0.095232
649 0.0858977 0.0111982 0.0746995 0.0970958
650 0.0836605 0.00578818 0.0778723 0.0894487
651 0.0843361 0.0102799 0.0740562 0.0946161
652 0.0807927 0.00268666 0.0781061 0.0834794
653 0.0859277 0.0100079 0.0759198 0.0959356
654 0.082114 0.00562068 0.0764933 0.0877347
655 0.0825194 0.0080153 0.0745041 0.0905347
656 0.0825644 0.00911686 0.0734476 0.0916813
657 0.079997 0.00939401 0.070603 0.089391
658 0.0767839 0.00179446 0.0749894 0.0785783
659 0.0817537 0.0163972 0.0653564 0.0981509
660 0.0789009 0.00497146 0.0739295 0.0838724
661 0.0808378 0.00906037 0.0717774 0.0898982
662 0.0801621 0.00705038 0.0731118 0.0872125
663 0.0783904 0.00429578 0.0740946 0.0826862
664 0.0795315 0.00496456 0.074567 0.0844961
665 0.0770241 0.00202222 0.0750019 0.0790463
666 0.0781502 0.00488177 0.0732684 0.083032
667 0.0819639 0.0163293 0.0656345 0.0982932
668 0.0808528 0.0122358 0.068617 0.0930886
669 0.0804474 0.00874243 0.071705 0.0891898
670 0.077985 0.00295766 0.0750274 0.0809427
671 0.0787658 0.00570636 0.0730594 0.0844721
672 0.0819188 0.00915788 0.0727609 0.0910767
673 0.0806126 0.007991 0.0726216 0.0886036
674 0.0797567 0.00698609 0.0727707 0.0867428
675 0.0770842 0.00107895 0.0760052 0.0781631
676 0.0774145 0.00151817 0.0758963 0.0789327
677 0.0787207 0.00651376 0.072207 0.0852345
678 0.0768439 0.00140174 0.0754422 0.0782457
679 0.0782403 0.00251683 0.0757234 0.0807571
680 0.079006 0.00775356 0.0712525 0.0867596
681 0.0775346 0.00138784 0.0761468 0.0789224
682 0.0805976 0.0114585 0.0691391 0.092056
683 0.0771893 0.000979859 0.0762094 0.0781691
684 0.081078 0.00910079 0.0719772 0.0901788
685 0.0806576 0.00934154 0.0713161 0.0899992
686 0.0795616 0.00840942 0.0711521 0.087971
687 0.0778499 0.00673403 0.0711159 0.0845839
688 0.0783154 0.00713121 0.0711841 0.0854466
689 0.0799219 0.00440645 0.0755154 0.0843284
690 0.0797567 0.00321099 0.0765458 0.0829677
691 0.0788258 0.00475321 0.0740726 0.0835791
692 0.0804324 0.00712595 0.0733064 0.0875583
693 0.0850869 0.0192795 0.0658074 0.104366
694 0.0780301 0.00117947 0.0768506 0.0792096
695 0.0812732 0.0114269 0.0698463 0.0927001
696 0.0806126 0.00996239 0.0706502 0.090575
697 0.0805075 0.00503188 0.0754756 0.0855393
698 0.0798468 0.00441629 0.0754305 0.0842631
699 0.0833752 0.0117017 0.0716735 0.095077
700 0.0806126 0.00817287 0.0724397 0.0887854
701 0.0873691 0.0127195 0.0746496 0.100089
702 0.0842761 0.00624159 0.0780345 0.0905177
703 0.0836155 0.0100044 0.0736111 0.0936198
704 0.0854172 0.00776494 0.0776523 0.0931821
705 0.082129 0.0044118 0.0777172 0.0865408
706 0.0828797 0.00876977 0.07411 0.0916495
707 0.0837656 0.0105082 0.0732574 0.0942738
708 0.086303 0.0143789 0.0719241 0.100682
709 0.08315 0.00895843 0.0741916 0.0921084
710 0.0797868 0.00149271 0.0782941 0.0812795
711 0.0830299 0.00863951 0.0743904 0.0916694
712 0.0823693 0.0057308 0.0766385 0.0881001
713 0.0802672 0.00388883 0.0763784 0.0841561
714 0.087309 0.0105849 0.0767241 0.0978939
715 0.0794264 0.00152971 0.0778967 0.0809561
716 0.0808828 0.00331445 0.0775684 0.0841973
717 0.0808828 0.010356 0.0705269 0.0912388
718 0.0813633 0.00890471 0.0724586 0.090268
719 0.0771592 0.00285428 0.074305 0.0800135
720 0.0814384 0.00931796 0.0721204 0.0907563
721 0.076919 0.00467456 0.0722445 0.0815936
722 0.0793664 0.00931143 0.0700549 0.0886778
723 0.0784955 0.00637533 0.0721202 0.0848709
724 0.0770241 0.0047132 0.0723109 0.0817373
725 0.0798769 0.00660499 0.0732719 0.0864819
726 0.0764686 0.00417636 0.0722922 0.0806449
727 0.0775196 0.00482268 0.0726969 0.0823423
728 0.0782253 0.00637822 0.071847 0.0846035
729 0.0768289 0.00615576 0.0706732 0.0829847
730 0.0790511 0.00686334 0.0721877 0.0859144
731 0.0788258 0.00801636 0.0708095 0.0868422
732 0.081093 0.00988059 0.0712124 0.0909736
733 0.0778799 0.00767664 0.0702033 0.0855566
734 0.0789009 0.00807318 0.0708277 0.0869741
735 0.076859 0.00473798 0.072121 0.0815969
736 0.0803873 0.0127005 0.0676868 0.0930879
737 0.076934 0.00422928 0.0727047 0.0811633
738 0.0776998 0.0071415 0.0705583 0.0848413
739 0.0810029 0.0146145 0.0663884 0.0956174
740 0.0759281 0.0016455 0.0742826 0.0775736
741 0.0780601 0.00791504 0.0701451 0.0859751
742 0.0794114 0.00679242 0.072619 0.0862038
743 0.0766788 0.00424596 0.0724328 0.0809247
744 0.0767238 0.00284958 0.0738742 0.0795734
745 0.0786307 0.00577405 0.0728566 0.0844047
746 0.0789009 0.00857527 0.0703256 0.0874762
747 0.0774745 0.00476788 0.0727067 0.0822424
748 0.0767689 0.00400103 0.0727678 0.0807699
749 0.0764986 0.00327008 0.0732285 0.0797687
750 0.0769641 0.00301503 0.073949 0.0799791
751 0.0782853 0.00957545 0.0687099 0.0878608
752 0.0774595 0.00476266 0.0726969 0.0822222
753 0.0762734 0.00225916 0.0740142 0.0785326
754 0.0761383 0.00246982 0.0736684 0.0786081
755 0.0760332 0.00237703 0.0736561 0.0784102
756 0.0775947 0.0058947 0.0717 0.0834894
757 0.0781502 0.00801433 0.0701359 0.0861645
758 0.0772493 0.00445894 0.0727904 0.0817083
759 0.0780901 0.0079156 0.0701745 0.0860057
760 0.0783604 0.00494655 0.0734139 0.0833069
761 0.0784655 0.00577 0.0726955 0.0842355
762 0.0837206 0.0135974 0.0701232 0.0973179
763 0.0760932 0.00151162 0.0745816 0.0776048
764 0.0781802 0.00495729 0.0732229 0.0831375
765 0.0788859 0.00903969 0.0698462 0.0879256
766 0.0791562 0.00856503 0.0705911 0.0877212
767 0.0796817 0.0123584 0.0673233 0.09204
768 0.0835854 0.0176756 0.0659098 0.101261
769 0.0826245 0.00904826 0.0735762 0.0916728
770 0.0824443 0.01075 0.0716944 0.0931943
771 0.0786006 0.0077611 0.0708395 0.0863617
772 0.0809729 0.0117052 0.0692677 0.0926781
773 0.0780451 0.00566656 0.0723785 0.0837117
774 0.0793213 0.00730405 0.0720173 0.0866254
775 0.0783304 0.00769014 0.0706402 0.0860205
776 0.0796366 0.00877368 0.0708629 0.0884103
777 0.078961 0.00821084 0.0707501 0.0871718
778 0.0790961 0.00857292 0.0705232 0.087669
779 0.079036 0.00725097 0.0717851 0.086287
780 0.0780601 0.0046988 0.0733613 0.0827589
781 0.0787658 0.00687399 0.0718918 0.0856398
782 0.0767839 0.0018659 0.074918 0.0786498
783 0.0780601 0.00494837 0.0731117 0.0830085
784 0.079036 0.00865103 0.070385 0.0876871
785 0.0780301 0.00269805 0.075332 0.0807281
786 0.0797567 0.00432812 0.0754286 0.0840849
787 0.0795315 0.00845796 0.0710736 0.0879895
788 0.076859 0.00394337 0.0729156 0.0808023
789 0.0836455 0.0112856 0.0723599 0.0949311
790 0.0790511 0.00318204 0.075869 0.0822331
791 0.0793664 0.00465893 0.0747074 0.0840253
792 0.0808078 0.00929679 0.071511 0.0901045
793 0.0818137 0.00917356 0.0726402 0.0909873
794 0.079997 0.00630564 0.0736913 0.0863026
795 0.0781802 0.0020549 0.0761253 0.0802351
796 0.0783454 0.00310897 0.0752364 0.0814544
797 0.07797 0.00990192 0.0680681 0.0878719
798 0.0768289 0.00811018 0.0687187 0.0849391
799 0.0745317 0.00137806 0.0731537 0.0759098
