# ../output/graphs/perf_parallel63BIPED_thread2
# step - mean (0.116262) - standard deviation (0.0204333) r=20 - ylow - yhigh
0 0.127591 0.0285683 0.0990225 0.156159
1 0.123571 0.016856 0.106715 0.140427
2 0.12402 0.0177536 0.106266 0.141773
3 0.12015 0.00884685 0.111303 0.128996
4 0.117669 0.00171742 0.115952 0.119387
5 0.115317 0.0015729 0.113744 0.11689
6 0.114783 0.00147773 0.113305 0.11626
7 0.110976 0.00264144 0.108335 0.113618
8 0.113585 0.0120954 0.10149 0.125681
9 0.117263 0.0154676 0.101795 0.132731
10 0.117691 0.0195881 0.0981025 0.137279
11 0.116793 0.0194791 0.0973134 0.136272
12 0.11645 0.0192891 0.0971613 0.13574
13 0.11382 0.0148442 0.0989761 0.128664
14 0.120428 0.0234101 0.0970175 0.143838
15 0.114398 0.0162506 0.098147 0.130648
16 0.113521 0.0127513 0.10077 0.126272
17 0.113585 0.0138823 0.0997028 0.127467
18 0.114098 0.0133799 0.100718 0.127478
19 0.111169 0.00297051 0.108198 0.114139
20 0.110763 0.00207313 0.108689 0.112836
21 0.113735 0.0155654 0.0981694 0.1293
22 0.113927 0.0147224 0.0992048 0.12865
23 0.11134 0.0144875 0.0968524 0.125827
24 0.11149 0.0150271 0.0964625 0.126517
25 0.114569 0.019489 0.0950797 0.134058
26 0.111233 0.0132386 0.0979944 0.124472
27 0.111041 0.0132098 0.0978307 0.12425
28 0.110592 0.0132507 0.0973408 0.123842
29 0.108539 0.00418927 0.104349 0.112728
30 0.107234 0.00126773 0.105967 0.108502
31 0.10747 0.00173767 0.105732 0.109207
32 0.109116 0.00369191 0.105424 0.112808
33 0.115638 0.0193139 0.0963239 0.134952
34 0.119786 0.0180857 0.1017 0.137872
35 0.129323 0.021918 0.107405 0.151241
36 0.126586 0.0222043 0.104381 0.14879
37 0.126842 0.0214077 0.105435 0.14825
38 0.128596 0.0252429 0.103353 0.153839
39 0.125624 0.0201923 0.105431 0.145816
40 0.126671 0.0245034 0.102168 0.151175
41 0.118567 0.0132744 0.105293 0.131842
42 0.124298 0.0228962 0.101402 0.147194
43 0.124576 0.0179004 0.106675 0.142476
44 0.120406 0.0143965 0.10601 0.134803
45 0.12387 0.0211684 0.102702 0.145039
46 0.12109 0.0147291 0.106361 0.13582
47 0.12124 0.0140954 0.107145 0.135336
48 0.117284 0.00203249 0.115252 0.119317
49 0.118011 0.00545738 0.112554 0.123469
50 0.119038 0.00707155 0.111966 0.126109
51 0.117049 0.00173767 0.115311 0.118787
52 0.117113 0.00207435 0.115039 0.119188
53 0.11737 0.00258537 0.114784 0.119955
54 0.118097 0.00448788 0.113609 0.122585
55 0.117969 0.00231201 0.115657 0.120281
56 0.117626 0.0018956 0.115731 0.119522
57 0.118011 0.00237522 0.115636 0.120387
58 0.117498 0.00194512 0.115553 0.119443
59 0.117434 0.00251336 0.114921 0.119947
60 0.117626 0.00195263 0.115674 0.119579
61 0.117242 0.00172804 0.115514 0.11897
62 0.117177 0.0023618 0.114816 0.119539
63 0.117263 0.00207137 0.115192 0.119334
64 0.118802 0.00385269 0.11495 0.122655
65 0.118033 0.0029752 0.115058 0.121008
66 0.117455 0.0025882 0.114867 0.120044
67 0.147541 0.131975 0.0155661 0.279516
68 0.117605 0.00233062 0.115274 0.119936
69 0.117348 0.00215701 0.115191 0.119505
70 0.117498 0.00173121 0.115767 0.119229
71 0.118567 0.0030054 0.115562 0.121573
72 0.120171 0.010564 0.109607 0.130735
73 0.117455 0.00184574 0.11561 0.119301
74 0.117947 0.00206252 0.115885 0.12001
75 0.118396 0.0045345 0.113862 0.122931
76 0.123293 0.0172282 0.106065 0.140521
77 0.121219 0.014516 0.106703 0.135735
78 0.122095 0.0149658 0.10713 0.137061
79 0.121882 0.0152151 0.106666 0.137097
80 0.120941 0.0146184 0.106322 0.135559
81 0.12077 0.0144686 0.106301 0.135238
82 0.120727 0.0142063 0.106521 0.134933
83 0.124084 0.0192641 0.10482 0.143348
84 0.129408 0.0253135 0.104095 0.154722
85 0.131226 0.0264024 0.104823 0.157628
86 0.132017 0.0276898 0.104327 0.159707
87 0.130798 0.0268539 0.103944 0.157652
88 0.131247 0.0265845 0.104663 0.157832
89 0.13005 0.0267962 0.103254 0.156846
90 0.130584 0.0265047 0.10408 0.157089
91 0.129665 0.0262305 0.103434 0.155895
92 0.126201 0.022053 0.104148 0.148254
93 0.126458 0.0233223 0.103135 0.14978
94 0.123913 0.0184308 0.105482 0.142344
95 0.120663 0.0143027 0.10636 0.134965
96 0.128489 0.0242422 0.104247 0.152731
97 0.127676 0.0234051 0.104271 0.151081
98 0.122865 0.0220618 0.100803 0.144927
99 0.130413 0.0280678 0.102346 0.158481
100 0.125902 0.0244256 0.101476 0.150327
101 0.12201 0.020619 0.101391 0.142629
102 0.121839 0.0207965 0.101042 0.142635
103 0.122587 0.0210948 0.101492 0.143682
104 0.122416 0.0190879 0.103328 0.141504
105 0.122373 0.0188053 0.103568 0.141179
106 0.126629 0.0227265 0.103902 0.149355
107 0.125709 0.021798 0.103911 0.147507
108 0.122651 0.0212423 0.101409 0.143894
109 0.122031 0.0209705 0.101061 0.143002
110 0.121475 0.0191461 0.102329 0.140621
111 0.120107 0.0180703 0.102037 0.138177
112 0.125003 0.0186617 0.106342 0.143665
113 0.123956 0.0178723 0.106083 0.141828
114 0.1231 0.0179474 0.105153 0.141048
115 0.122758 0.0185123 0.104246 0.141271
116 0.124597 0.0253355 0.0992617 0.149933
117 0.125025 0.0194943 0.105531 0.144519
118 0.125474 0.0190896 0.106384 0.144563
119 0.124105 0.0195437 0.104562 0.143649
120 0.124041 0.0201541 0.103887 0.144195
121 0.12417 0.0189221 0.105247 0.143092
122 0.126757 0.0325466 0.0942103 0.159303
123 0.122266 0.0185229 0.103744 0.140789
124 0.123036 0.0182193 0.104817 0.141256
125 0.122331 0.0181476 0.104183 0.140478
126 0.12201 0.0180327 0.103977 0.140043
127 0.119209 0.0135411 0.105668 0.13275
128 0.117434 0.00276624 0.114668 0.1202
129 0.116429 0.00286201 0.113567 0.119291
130 0.116023 0.00290081 0.113122 0.118924
131 0.11551 0.004203 0.111307 0.119713
132 0.114825 0.00097988 0.113845 0.115805
133 0.115702 0.00386188 0.11184 0.119564
134 0.116001 0.00296558 0.113036 0.118967
135 0.115616 0.00195169 0.113665 0.117568
136 0.115552 0.00276359 0.112789 0.118316
137 0.121903 0.0193319 0.102571 0.141235
138 0.123122 0.0200163 0.103105 0.143138
139 0.123892 0.0208348 0.103057 0.144726
140 0.121796 0.0193135 0.102483 0.14111
141 0.122181 0.019255 0.102926 0.141436
142 0.122053 0.01943 0.102623 0.141483
143 0.125089 0.022659 0.10243 0.147748
144 0.131889 0.0290218 0.102867 0.160911
145 0.125645 0.0226506 0.102994 0.148296
146 0.1268 0.0235255 0.103274 0.150325
147 0.122651 0.0205424 0.102109 0.143194
148 0.123635 0.0188236 0.104811 0.142459
149 0.124875 0.0217003 0.103175 0.146575
150 0.128382 0.0264274 0.101955 0.154809
151 0.128703 0.0254444 0.103258 0.154147
152 0.122694 0.0188056 0.103889 0.1415
153 0.128147 0.0325679 0.0955789 0.160715
154 0.123443 0.0197173 0.103725 0.14316
155 0.119358 0.0136051 0.105753 0.132964
156 0.118909 0.0132072 0.105702 0.132117
157 0.12 0.0148541 0.105146 0.134854
158 0.116579 0.00304627 0.113532 0.119625
159 0.116664 0.00422621 0.112438 0.12089
160 0.116664 0.00259287 0.114071 0.119257
161 0.120385 0.0199516 0.100433 0.140336
162 0.118182 0.0131703 0.105012 0.131353
163 0.118952 0.0128718 0.10608 0.131824
164 0.118225 0.0128542 0.105371 0.131079
165 0.123122 0.0180118 0.10511 0.141134
166 0.124725 0.0217029 0.103023 0.146428
167 0.122416 0.0188279 0.103588 0.141244
168 0.121796 0.0188593 0.102937 0.140655
169 0.125303 0.023254 0.102049 0.148557
170 0.124319 0.0210422 0.103277 0.145361
171 0.125132 0.0217253 0.103406 0.146857
172 0.129922 0.0252427 0.104679 0.155164
173 0.128403 0.0242057 0.104198 0.152609
174 0.131718 0.0268685 0.104849 0.158586
175 0.128788 0.0249961 0.103792 0.153784
176 0.122523 0.0190729 0.10345 0.141596
177 0.119337 0.0144339 0.104903 0.133771
178 0.121069 0.0152739 0.105795 0.136343
179 0.116408 0.00255736 0.11385 0.118965
180 0.118717 0.0141329 0.104584 0.13285
181 0.121817 0.0188558 0.102962 0.140673
182 0.121753 0.0192934 0.10246 0.141047
183 0.125025 0.0221252 0.1029 0.14715
184 0.124832 0.0223578 0.102475 0.14719
185 0.122288 0.0182902 0.103998 0.140578
186 0.118396 0.0128355 0.105561 0.131232
187 0.115253 0.00160299 0.11365 0.116856
188 0.114783 0.000757806 0.114025 0.11554
189 0.11536 0.00271106 0.112649 0.118071
190 0.117605 0.0129778 0.104627 0.130583
191 0.119979 0.0158322 0.104146 0.135811
192 0.119252 0.0129963 0.106255 0.132248
193 0.118546 0.0129648 0.105581 0.131511
194 0.121711 0.0222949 0.0994156 0.144005
195 0.118546 0.0133772 0.105169 0.131923
196 0.120684 0.0134018 0.107282 0.134086
197 0.12 0.0131405 0.106859 0.13314
198 0.121539 0.0173691 0.10417 0.138909
199 0.119872 0.0200146 0.0998571 0.139886
200 0.118118 0.0203015 0.0978167 0.13842
201 0.118289 0.0202088 0.0980804 0.138498
202 0.123186 0.0230999 0.100086 0.146286
203 0.121817 0.0234888 0.0983286 0.145306
204 0.113286 0.0121215 0.101164 0.125407
205 0.112623 0.0122142 0.100409 0.124837
206 0.115167 0.0168916 0.0982758 0.132059
207 0.109843 0.00155536 0.108288 0.111398
208 0.11057 0.00463068 0.105939 0.115201
209 0.109522 0.00128225 0.10824 0.110805
210 0.113435 0.0155015 0.097934 0.128937
211 0.11335 0.0134989 0.099851 0.126849
212 0.115894 0.0193855 0.0965089 0.13528
213 0.117327 0.0189545 0.0983726 0.136282
214 0.115296 0.0178621 0.0974336 0.133158
215 0.115595 0.0175125 0.0980826 0.133108
216 0.118525 0.0217038 0.0968208 0.140228
217 0.119016 0.0212089 0.0978074 0.140225
218 0.119358 0.0224492 0.0969092 0.141808
219 0.115403 0.0196485 0.0957541 0.135051
220 0.113692 0.0189607 0.0947313 0.132653
221 0.110527 0.0143977 0.0961296 0.124925
222 0.110271 0.0143199 0.0959509 0.124591
223 0.110335 0.013447 0.0968879 0.123782
224 0.116408 0.018821 0.0975866 0.135229
225 0.117733 0.0215663 0.096167 0.1393
226 0.116472 0.0204436 0.0960281 0.136915
227 0.117348 0.0213945 0.095954 0.138743
228 0.112922 0.0184346 0.0944876 0.131357
229 0.110399 0.0132844 0.0971147 0.123683
230 0.113222 0.0183508 0.0948708 0.131572
231 0.119209 0.0189074 0.100301 0.138116
232 0.118204 0.0185567 0.0996471 0.13676
233 0.12109 0.0228818 0.0982086 0.143972
234 0.120727 0.0219459 0.0987811 0.142673
235 0.119679 0.0217992 0.09788 0.141478
236 0.114526 0.013167 0.101359 0.127693
237 0.117926 0.0184144 0.0995114 0.13634
238 0.117413 0.0181491 0.0992635 0.135562
239 0.114505 0.0128701 0.101634 0.127375
240 0.115189 0.0136584 0.10153 0.128847
241 0.114098 0.0134488 0.10065 0.127547
242 0.113842 0.0127256 0.101116 0.126567
243 0.113093 0.0133326 0.0997607 0.126426
244 0.113606 0.0130629 0.100544 0.126669
245 0.114676 0.0130699 0.101606 0.127746
246 0.122309 0.0254607 0.0968485 0.14777
247 0.120641 0.0225601 0.0980813 0.143202
248 0.124619 0.0254346 0.099184 0.150053
249 0.123934 0.02468 0.0992543 0.148614
250 0.124576 0.0246283 0.0999475 0.149204
251 0.123421 0.0249475 0.0984737 0.148369
252 0.1231 0.0247816 0.0983188 0.147882
253 0.124298 0.0256946 0.0986032 0.149992
254 0.125923 0.0274358 0.0984871 0.153359
255 0.120449 0.0234452 0.0970038 0.143894
256 0.124276 0.025324 0.0989524 0.1496
257 0.123229 0.0250261 0.0982026 0.148255
258 0.12325 0.0259021 0.097348 0.149152
259 0.119872 0.022366 0.0975056 0.142238
260 0.123293 0.0268896 0.0964032 0.150182
261 0.122865 0.0225192 0.100346 0.145384
262 0.120257 0.0215186 0.098738 0.141775
263 0.124448 0.0247804 0.0996672 0.149228
264 0.122737 0.0244175 0.0983194 0.147154
265 0.122609 0.0222783 0.10033 0.144887
266 0.122694 0.0231661 0.0995281 0.14586
267 0.120599 0.0217911 0.0988075 0.14239
268 0.120428 0.0217753 0.0986523 0.142203
269 0.120748 0.0219393 0.0988091 0.142688
270 0.118182 0.0178447 0.100338 0.136027
271 0.11645 0.0145466 0.101904 0.130997
272 0.118353 0.017869 0.100484 0.136222
273 0.115039 0.0132483 0.101791 0.128287
274 0.114633 0.0128357 0.101797 0.127469
275 0.114804 0.0133189 0.101485 0.128123
276 0.11551 0.0131165 0.102393 0.128626
277 0.114376 0.0130959 0.10128 0.127472
278 0.110314 0.0133209 0.0969926 0.123634
279 0.109437 0.0125616 0.0968752 0.121998
280 0.112901 0.0191119 0.0937889 0.132013
281 0.112495 0.0180455 0.094449 0.13054
282 0.110442 0.0141099 0.0963319 0.124552
283 0.111041 0.0147329 0.0963077 0.125773
284 0.109587 0.013847 0.0957396 0.123433
285 0.110228 0.0144538 0.0957742 0.124682
286 0.1098 0.0138152 0.0959851 0.123616
287 0.109929 0.0137539 0.0961747 0.123683
288 0.113329 0.0163552 0.0969733 0.129684
289 0.110827 0.0137005 0.0971262 0.124527
290 0.110485 0.0138195 0.0966651 0.124304
291 0.113564 0.0199846 0.0935792 0.133548
292 0.115274 0.0192133 0.096061 0.134488
293 0.116515 0.021991 0.0945236 0.138505
294 0.118054 0.0265554 0.0914987 0.14461
295 0.112516 0.0207811 0.0917349 0.133297
296 0.1098 0.0172657 0.0925346 0.127066
297 0.114505 0.0176497 0.0968549 0.132154
298 0.111703 0.013246 0.0984574 0.124949
299 0.114633 0.0180237 0.0966091 0.132657
300 0.114761 0.0177594 0.0970017 0.132521
301 0.114419 0.017815 0.096604 0.132234
302 0.119145 0.0235111 0.0956336 0.142656
303 0.122095 0.0258784 0.096217 0.147974
304 0.118952 0.0228358 0.0961163 0.141788
305 0.116408 0.019313 0.0970946 0.135721
306 0.115167 0.0193832 0.0957842 0.134551
307 0.115061 0.0196965 0.095364 0.134757
308 0.121625 0.0228138 0.0988112 0.144439
309 0.116643 0.0135425 0.1031 0.130185
310 0.115916 0.013301 0.102615 0.129217
311 0.114205 0.0131843 0.101021 0.127389
312 0.111789 0.00203933 0.10975 0.113828
313 0.111297 0.00248951 0.108808 0.113787
314 0.114718 0.0139201 0.100798 0.128638
315 0.118097 0.0218846 0.0962123 0.139981
316 0.117434 0.0203194 0.0971146 0.137753
317 0.117006 0.0201154 0.0968909 0.137122
318 0.117947 0.0199896 0.0979575 0.137937
319 0.117391 0.0200275 0.0973637 0.137419
320 0.113136 0.0190301 0.0941059 0.132166
321 0.113906 0.019621 0.0942848 0.133527
322 0.114526 0.0211093 0.0934167 0.135635
323 0.116194 0.0217937 0.0944001 0.137987
324 0.11134 0.016963 0.0943769 0.128303
325 0.116515 0.0204763 0.0960382 0.136991
326 0.111896 0.0172628 0.0946331 0.129159
327 0.110784 0.0148394 0.0959446 0.125623
328 0.111276 0.0177374 0.0935383 0.129013
329 0.108966 0.0126874 0.096279 0.121654
330 0.11196 0.0188346 0.0931254 0.130795
331 0.114376 0.0222345 0.0921417 0.136611
332 0.119059 0.0255376 0.0935215 0.144597
333 0.115552 0.0223818 0.0931706 0.137934
334 0.114526 0.0225495 0.0919765 0.137075
335 0.112366 0.0209262 0.0914401 0.133292
336 0.108432 0.016653 0.0917788 0.125085
337 0.10578 0.00312883 0.102652 0.108909
338 0.105567 0.00263025 0.102936 0.108197
339 0.104861 0.00113631 0.103725 0.105997
340 0.107427 0.0128728 0.0945541 0.1203
341 0.108026 0.0128477 0.0951778 0.120873
342 0.107897 0.012866 0.0950313 0.120763
343 0.110014 0.0138681 0.0961461 0.123882
344 0.10809 0.01271 0.0953798 0.1208
345 0.11057 0.0172167 0.0933534 0.127787
346 0.110656 0.0175822 0.0930734 0.128238
347 0.110613 0.0177192 0.0928937 0.128332
348 0.110848 0.0176501 0.093198 0.128498
349 0.110912 0.0176395 0.0932727 0.128552
350 0.109394 0.0208766 0.0885174 0.130271
351 0.113884 0.0214101 0.0924743 0.135295
352 0.114718 0.0217814 0.092937 0.1365
353 0.115766 0.0233783 0.0923878 0.139144
354 0.117969 0.0259136 0.0920549 0.143882
355 0.111768 0.0172469 0.0945207 0.129014
356 0.116429 0.0230779 0.0933511 0.139507
357 0.116237 0.0222025 0.0940341 0.138439
358 0.114013 0.0214465 0.0925662 0.135459
359 0.114248 0.0207804 0.0934676 0.135028
360 0.114419 0.021703 0.092716 0.136122
361 0.111361 0.0178411 0.0935201 0.129202
362 0.113564 0.0203841 0.0931796 0.133948
363 0.114462 0.0215384 0.0929234 0.136
364 0.11521 0.0216671 0.0935431 0.136877
365 0.112217 0.0188621 0.0933545 0.131079
366 0.109159 0.0132088 0.09595 0.122368
367 0.109137 0.0130778 0.0960596 0.122215
368 0.11057 0.0147906 0.0957795 0.125361
369 0.109287 0.0138856 0.0954016 0.123173
370 0.108902 0.0141639 0.0947384 0.123066
371 0.112067 0.0184841 0.0935828 0.130551
372 0.112302 0.0184529 0.0938492 0.130755
373 0.109437 0.0129791 0.0964578 0.122416
374 0.109309 0.0130588 0.0962497 0.122367
375 0.112687 0.0180572 0.0946298 0.130744
376 0.110485 0.0140648 0.0964198 0.124549
377 0.109993 0.0138157 0.0961771 0.123808
378 0.109394 0.0138659 0.0955282 0.12326
379 0.110356 0.0132003 0.0971561 0.123557
380 0.109458 0.01294 0.0965182 0.122398
381 0.115852 0.0212308 0.0946209 0.137082
382 0.115317 0.0207513 0.0945658 0.136068
383 0.116536 0.0207342 0.0958017 0.13727
384 0.112601 0.0173773 0.0952242 0.129979
385 0.11444 0.0238021 0.0906383 0.138243
386 0.111917 0.0173641 0.0945531 0.129281
387 0.112324 0.0176193 0.0947042 0.129943
388 0.111575 0.0178137 0.0937614 0.129389
389 0.109437 0.0131039 0.0963329 0.122541
390 0.109137 0.013726 0.0954114 0.122864
391 0.109287 0.0139296 0.0953575 0.123217
392 0.111126 0.013921 0.0972051 0.125047
393 0.110698 0.0138485 0.0968499 0.124547
394 0.10516 0.00305377 0.102107 0.108214
395 0.105096 0.00260791 0.102488 0.107704
396 0.11072 0.00468258 0.106037 0.115402
397 0.110399 0.00209627 0.108303 0.112495
398 0.109886 0.00170781 0.108178 0.111594
399 0.112366 0.0130262 0.0993401 0.125392
400 0.112644 0.0120105 0.100634 0.124655
401 0.112003 0.0114368 0.100566 0.12344
402 0.112302 0.0118903 0.100412 0.124192
403 0.122566 0.0471685 0.0753974 0.169734
404 0.116664 0.0182642 0.0984 0.134928
405 0.114761 0.0163827 0.0983784 0.131144
406 0.119701 0.0212385 0.098462 0.140939
407 0.117819 0.0200134 0.0978055 0.137832
408 0.119016 0.0204887 0.0985276 0.139505
409 0.123678 0.024203 0.0994748 0.147881
410 0.115424 0.0216348 0.0937892 0.137059
411 0.11273 0.0195543 0.0931754 0.132284
412 0.112559 0.0196482 0.0929105 0.132207
413 0.115595 0.0246324 0.0909627 0.140227
414 0.111874 0.0177883 0.0940862 0.129663
415 0.113756 0.0216539 0.0921023 0.13541
416 0.110763 0.0197399 0.0910227 0.130502
417 0.108026 0.0160683 0.0919573 0.124094
418 0.108753 0.0195584 0.0891942 0.128311
419 0.104968 0.0117908 0.0931771 0.116759
420 0.10546 0.0118449 0.0936148 0.117305
421 0.108453 0.0170496 0.0914036 0.125503
422 0.109202 0.0181772 0.0910244 0.127379
423 0.110805 0.02165 0.0891553 0.132455
424 0.110228 0.0203399 0.0898881 0.130568
425 0.111853 0.0203779 0.0914752 0.132231
426 0.110142 0.0196053 0.0905372 0.129748
427 0.119038 0.0224424 0.0965953 0.14148
428 0.11536 0.0207485 0.0946114 0.136108
429 0.116814 0.0228446 0.0939692 0.139659
430 0.119572 0.0236978 0.0958745 0.14327
431 0.118204 0.0238259 0.0943778 0.14203
432 0.119273 0.0231333 0.0961396 0.142406
433 0.115574 0.0199596 0.0956141 0.135533
434 0.115702 0.0203352 0.0953668 0.136037
435 0.120192 0.0256833 0.094509 0.145876
436 0.121946 0.0291218 0.092824 0.151068
437 0.121839 0.0292235 0.0926153 0.151062
438 0.121475 0.0284593 0.093016 0.149935
439 0.121219 0.026975 0.0942438 0.148194
440 0.118674 0.0260927 0.0925815 0.144767
441 0.112858 0.0207973 0.0920607 0.133655
442 0.112559 0.0212801 0.0912786 0.133839
443 0.113457 0.0208304 0.0926264 0.134287
444 0.112666 0.0210559 0.0916098 0.133721
445 0.117113 0.0260544 0.0910588 0.143168
446 0.117113 0.0231413 0.0939719 0.140255
447 0.113671 0.0198704 0.0938003 0.133541
448 0.113136 0.0202825 0.0928536 0.133419
449 0.10948 0.0132324 0.0962472 0.122712
450 0.113606 0.0131195 0.100487 0.126726
451 0.117797 0.0199777 0.0978198 0.137775
452 0.119829 0.0195071 0.100322 0.139336
453 0.119273 0.0190159 0.100257 0.138289
454 0.12139 0.0210092 0.100381 0.142399
455 0.117797 0.0172268 0.100571 0.135024
456 0.116771 0.0170024 0.0997687 0.133774
457 0.11382 0.0121354 0.101685 0.125956
458 0.118781 0.0227422 0.0960389 0.141523
459 0.116215 0.0216698 0.0945453 0.137885
460 0.120641 0.0280314 0.09261 0.148673
461 0.119957 0.0271318 0.0928253 0.147089
462 0.119701 0.0260065 0.0936941 0.145707
463 0.11707 0.0234029 0.0936676 0.140473
464 0.116707 0.0236199 0.0930871 0.140327
465 0.119936 0.0344742 0.0854615 0.15441
466 0.116215 0.0243034 0.0919118 0.140519
467 0.116643 0.0232342 0.0934086 0.139877
468 0.11613 0.0226417 0.093488 0.138771
469 0.11645 0.0233545 0.0930959 0.139805
470 0.11613 0.0223134 0.0938163 0.138443
471 0.118888 0.0243283 0.0945598 0.143216
472 0.11923 0.0252887 0.0939415 0.144519
473 0.124725 0.0311599 0.0935656 0.155885
474 0.119358 0.0269476 0.0924108 0.146306
475 0.126372 0.0311844 0.0951876 0.157556
476 0.126158 0.0301571 0.0960011 0.156315
477 0.120107 0.0236262 0.0964806 0.143733
478 0.119145 0.0236947 0.0954499 0.142839
479 0.120214 0.0243725 0.0958412 0.144586
480 0.118396 0.0219426 0.0964536 0.140339
481 0.11752 0.024269 0.0932505 0.141789
482 0.115959 0.0185768 0.0973818 0.134535
483 0.118033 0.0229957 0.095037 0.141028
484 0.113692 0.0189689 0.0947231 0.132661
485 0.122673 0.0289432 0.0937296 0.151616
486 0.119529 0.0244271 0.0951024 0.143957
487 0.121048 0.0273681 0.0936796 0.148416
488 0.119893 0.0268914 0.0930016 0.146784
489 0.124704 0.0295569 0.0951472 0.154261
490 0.115638 0.0204329 0.0952049 0.136071
491 0.104391 0.00255843 0.101832 0.106949
492 0.103236 0.00144646 0.101789 0.104682
493 0.112003 0.0126226 0.0993801 0.124625
494 0.111939 0.0125376 0.0994011 0.124476
495 0.111703 0.0124576 0.0992458 0.124161
496 0.117006 0.0201295 0.0968768 0.137136
497 0.117562 0.0200008 0.0975615 0.137563
498 0.114376 0.0169981 0.0973781 0.131374
499 0.115274 0.0167548 0.0985195 0.132029
500 0.112152 0.012296 0.0998564 0.124448
501 0.112259 0.0124495 0.0998099 0.124709
502 0.111917 0.0124807 0.0994365 0.124398
503 0.115659 0.0184599 0.0971994 0.134119
504 0.114569 0.0178276 0.0967411 0.132396
505 0.12062 0.0189705 0.10165 0.13959
506 0.120556 0.0194848 0.101071 0.140041
507 0.120984 0.0216842 0.0992993 0.142668
508 0.122288 0.0238037 0.0984842 0.146092
509 0.124063 0.024248 0.0998146 0.148311
510 0.121347 0.0233414 0.0980056 0.144688
511 0.123528 0.0244663 0.0990618 0.147994
512 0.12278 0.0221601 0.10062 0.14494
513 0.120684 0.0211979 0.0994863 0.141882
514 0.122181 0.0262902 0.0958908 0.148471
515 0.117562 0.0187076 0.0988547 0.13627
516 0.110998 0.0150735 0.0959243 0.126071
517 0.109073 0.0125984 0.0964749 0.121672
518 0.109266 0.0127943 0.0964715 0.12206
519 0.110356 0.0134398 0.0969165 0.123796
520 0.109052 0.0124234 0.0966286 0.121475
521 0.114847 0.0197113 0.0951353 0.134558
522 0.112324 0.0163431 0.0959805 0.128667
523 0.11707 0.0231976 0.0938729 0.140268
524 0.117135 0.0236841 0.0934505 0.140819
525 0.120299 0.0248453 0.095454 0.145145
526 0.11737 0.0237024 0.0936674 0.141072
527 0.117883 0.0239343 0.0939488 0.141817
528 0.122053 0.0265182 0.0955345 0.148571
529 0.118204 0.025578 0.0926257 0.143782
530 0.114376 0.0218487 0.0925275 0.136225
531 0.114227 0.0209262 0.0933004 0.135153
532 0.118674 0.0235053 0.0951689 0.142179
533 0.117733 0.0236312 0.0941021 0.141365
534 0.114654 0.0213741 0.0932801 0.136028
535 0.11551 0.0213099 0.0941997 0.136819
536 0.114398 0.0216545 0.0927431 0.136052
537 0.114483 0.0217462 0.092737 0.136229
538 0.10871 0.0125177 0.0961922 0.121227
539 0.109715 0.0137646 0.0959503 0.123479
540 0.108218 0.0127298 0.0954882 0.120948
541 0.108582 0.0125718 0.0960097 0.121153
542 0.106165 0.00259737 0.103568 0.108763
543 0.104818 0.00111437 0.103704 0.105933
544 0.105417 0.00124314 0.104174 0.10666
545 0.106208 0.00559603 0.100612 0.111804
546 0.107855 0.013762 0.0940925 0.121617
547 0.111062 0.0194506 0.0916113 0.130513
548 0.116343 0.023225 0.0931184 0.139568
549 0.119594 0.0256843 0.0939093 0.145278
550 0.113991 0.022742 0.0912493 0.136733
551 0.111212 0.0191169 0.0920947 0.130329
552 0.114547 0.0242278 0.0903195 0.138775
553 0.111618 0.0193657 0.0922522 0.130984
554 0.111618 0.0204448 0.091173 0.132063
555 0.112046 0.0201815 0.091864 0.132227
556 0.119636 0.0260037 0.0936327 0.14564
557 0.115616 0.0247668 0.0908496 0.140383
558 0.114889 0.0235374 0.091352 0.138427
559 0.114804 0.0232164 0.0915875 0.13802
560 0.114633 0.0234507 0.0911821 0.138084
561 0.112516 0.0219495 0.0905664 0.134465
562 0.112537 0.0222677 0.0902696 0.134805
563 0.112131 0.0208907 0.0912404 0.133022
564 0.110934 0.0184479 0.0924857 0.129382
565 0.114398 0.0223015 0.0920961 0.136699
566 0.112366 0.0176357 0.0947306 0.130002
567 0.112302 0.0175632 0.0947389 0.129865
568 0.115103 0.0217807 0.0933226 0.136884
569 0.115681 0.0211231 0.0945575 0.136804
570 0.115638 0.0212671 0.0943707 0.136905
571 0.120812 0.0386933 0.0821192 0.159506
572 0.117541 0.0228906 0.0946503 0.140432
573 0.112773 0.0173736 0.095399 0.130146
574 0.112259 0.0172867 0.0949726 0.129546
575 0.112003 0.0174669 0.0945359 0.12947
576 0.116707 0.0217776 0.0949294 0.138485
577 0.115809 0.0222691 0.0935398 0.138078
578 0.118311 0.0247827 0.093528 0.143093
579 0.121326 0.0261157 0.0952099 0.147441
580 0.122993 0.030372 0.0926215 0.153366
581 0.115467 0.0224027 0.093064 0.13787
582 0.115039 0.0223169 0.0927223 0.137356
583 0.110036 0.0137756 0.09626 0.123811
584 0.10918 0.014064 0.0951163 0.123244
585 0.106336 0.00223968 0.104097 0.108576
586 0.106999 0.00470342 0.102296 0.111703
587 0.107897 0.00613368 0.101764 0.114031
588 0.106743 0.00273298 0.10401 0.109476
589 0.115659 0.0183236 0.0973356 0.133983
590 0.111041 0.0133043 0.0977362 0.124345
591 0.111105 0.0166816 0.0944231 0.127786
592 0.110805 0.0167338 0.0940716 0.127539
593 0.11598 0.016861 0.099119 0.132841
594 0.118396 0.0178749 0.100521 0.136271
595 0.115616 0.017049 0.0985674 0.132665
596 0.120984 0.0237689 0.0972147 0.144752
597 0.125175 0.0360387 0.0891359 0.161213
598 0.121176 0.0231919 0.0979841 0.144368
599 0.121433 0.0232769 0.0981556 0.144709
600 0.117926 0.0205799 0.0973459 0.138506
601 0.118054 0.0209688 0.0970853 0.139023
602 0.11521 0.0176774 0.0975328 0.132888
603 0.115894 0.0180818 0.0978127 0.133976
604 0.11551 0.0175895 0.09792 0.133099
605 0.115873 0.0173459 0.0985272 0.133219
606 0.116515 0.0173121 0.0992024 0.133827
607 0.107384 0.0123161 0.095068 0.1197
608 0.107983 0.0124325 0.0955503 0.120415
609 0.107405 0.0122688 0.0951367 0.119674
610 0.110207 0.0144248 0.0957818 0.124631
611 0.106058 0.0027616 0.103297 0.10882
612 0.106229 0.0141827 0.0920468 0.120412
613 0.10546 0.0145437 0.090916 0.120003
614 0.104882 0.0141047 0.0907776 0.118987
615 0.111447 0.0203356 0.0911112 0.131782
616 0.10593 0.0178553 0.0880747 0.123785
617 0.106165 0.0158052 0.0903601 0.121971
618 0.110249 0.0203465 0.0899029 0.130596
619 0.10717 0.0180115 0.0891587 0.125182
620 0.107149 0.0176448 0.0895041 0.124794
621 0.106999 0.0174374 0.0895618 0.124437
622 0.109758 0.0187302 0.0910273 0.128488
623 0.113008 0.01875 0.0942577 0.131758
624 0.116023 0.0222282 0.0937945 0.138251
625 0.115167 0.0208804 0.094287 0.136048
626 0.115338 0.0229153 0.0924232 0.138254
627 0.112473 0.0173192 0.095154 0.129792
628 0.112195 0.0173183 0.0948769 0.129514
629 0.109822 0.012793 0.0970288 0.122615
630 0.112388 0.0202076 0.0921801 0.132595
631 0.111874 0.0198762 0.0919982 0.131751
632 0.120492 0.0261988 0.0942929 0.146691
633 0.120385 0.0262489 0.0941359 0.146634
634 0.120278 0.0264244 0.0938535 0.146702
635 0.120363 0.0264087 0.0939548 0.146772
636 0.120043 0.0263288 0.0937139 0.146371
637 0.118311 0.0316396 0.0866711 0.14995
638 0.111468 0.019056 0.0924122 0.130524
639 0.111041 0.0192379 0.0918026 0.130278
640 0.109202 0.0145681 0.0946336 0.12377
641 0.108068 0.0140783 0.0939901 0.122147
642 0.10841 0.0140076 0.0944029 0.122418
643 0.11521 0.0170196 0.0981906 0.13223
644 0.111725 0.0045236 0.107201 0.116248
645 0.113884 0.0107239 0.103161 0.124608
646 0.114611 0.0127839 0.101828 0.127395
647 0.117862 0.0191833 0.0986784 0.137045
648 0.126115 0.028078 0.0980373 0.154193
649 0.118824 0.0185423 0.100282 0.137366
650 0.126607 0.0278972 0.09871 0.154504
651 0.125645 0.0287356 0.0969094 0.154381
652 0.121155 0.0217966 0.099358 0.142951
653 0.12109 0.0217 0.0993905 0.14279
654 0.120214 0.0213592 0.0988546 0.141573
655 0.122352 0.0210847 0.101267 0.143437
656 0.11645 0.0127159 0.103735 0.129166
657 0.109458 0.012884 0.0965742 0.122342
658 0.110399 0.0136678 0.0967313 0.124067
659 0.109266 0.012714 0.0965518 0.12198
660 0.109929 0.0133573 0.0965714 0.123286
661 0.110314 0.0130175 0.097296 0.123331
662 0.114376 0.0195619 0.0948144 0.133938
663 0.112773 0.0179936 0.094779 0.130766
664 0.112965 0.0178636 0.0951014 0.130829
665 0.112495 0.017854 0.0946406 0.130349
666 0.112559 0.0177673 0.0947914 0.130326
667 0.11243 0.0178142 0.0946162 0.130245
668 0.112708 0.0179994 0.094709 0.130708
669 0.115125 0.0182937 0.0968309 0.133418
670 0.11057 0.0138546 0.0967155 0.124425
671 0.10995 0.0142999 0.0956502 0.12425
672 0.111212 0.0139703 0.0972413 0.125182
673 0.109886 0.0139126 0.0959733 0.123798
674 0.113329 0.0194853 0.0938432 0.132814
675 0.117797 0.0215104 0.0962871 0.139308
676 0.114291 0.0187691 0.0955217 0.13306
677 0.113115 0.0191404 0.0939743 0.132255
678 0.110335 0.0140867 0.0962483 0.124422
679 0.1101 0.0127599 0.0973398 0.12286
680 0.113115 0.0164864 0.0966283 0.129601
681 0.110249 0.0129387 0.0973107 0.123188
682 0.112901 0.014742 0.0981588 0.127643
683 0.110185 0.0126894 0.0974959 0.122875
684 0.112901 0.0180443 0.0948566 0.130945
685 0.112773 0.0178482 0.0949244 0.130621
686 0.115103 0.0206094 0.0944939 0.135713
687 0.113051 0.0201044 0.0929461 0.133155
688 0.112345 0.023858 0.0884869 0.136203
689 0.114248 0.0166491 0.0975989 0.130897
690 0.114291 0.0167709 0.0975199 0.131062
691 0.114676 0.0170549 0.0976207 0.131731
692 0.111768 0.0126858 0.0990818 0.124453
693 0.112088 0.0133219 0.0987664 0.12541
694 0.115445 0.0181552 0.0972902 0.133601
695 0.115403 0.0183734 0.0970293 0.133776
696 0.115338 0.0186057 0.0967327 0.133944
697 0.116942 0.0199479 0.0969943 0.13689
698 0.112195 0.0135549 0.0986403 0.12575
699 0.115894 0.0181065 0.0977879 0.134001
700 0.12511 0.0270751 0.0980353 0.152186
701 0.136272 0.030874 0.105398 0.167146
702 0.132637 0.0294853 0.103152 0.162122
703 0.129922 0.0283228 0.101599 0.158244
704 0.123913 0.0259237 0.0979892 0.149837
705 0.126265 0.0252309 0.101034 0.151496
706 0.122459 0.0248288 0.0976302 0.147288
707 0.131162 0.0452755 0.0858862 0.176437
708 0.120406 0.0216355 0.0987707 0.142042
709 0.123015 0.0231563 0.0998585 0.146171
710 0.128061 0.0288832 0.0991781 0.156944
711 0.123592 0.0237335 0.0998587 0.147326
712 0.12047 0.0220548 0.0984156 0.142525
713 0.11985 0.022406 0.0974443 0.142256
714 0.121261 0.0258491 0.0954124 0.147111
715 0.117626 0.0189589 0.0986675 0.136585
716 0.118075 0.0193666 0.0987088 0.137442
717 0.113735 0.0189048 0.09483 0.13264
718 0.116322 0.0206429 0.0956792 0.136965
719 0.114889 0.0208195 0.09407 0.135709
720 0.114141 0.0210708 0.0930702 0.135212
721 0.114376 0.0211304 0.0932458 0.135507
722 0.115232 0.0204723 0.0947592 0.135704
723 0.111596 0.017441 0.0941555 0.129038
724 0.114269 0.0213205 0.0929489 0.13559
725 0.114184 0.0217898 0.092394 0.135974
726 0.118375 0.0344217 0.0839531 0.152797
727 0.118845 0.028208 0.0906372 0.147053
728 0.116643 0.0266243 0.0900185 0.143267
729 0.116151 0.0310533 0.0850978 0.147204
730 0.111212 0.0178663 0.0933453 0.129078
731 0.114697 0.0211823 0.0935147 0.135879
732 0.11459 0.0211083 0.0934817 0.135698
733 0.113863 0.0215072 0.0923559 0.13537
734 0.113884 0.0213455 0.0925389 0.13523
735 0.114013 0.0213512 0.0926615 0.135364
736 0.115167 0.0213601 0.0938073 0.136528
737 0.117947 0.0247211 0.0932261 0.142668
738 0.117284 0.0236501 0.0936342 0.140934
739 0.117177 0.0239257 0.0932516 0.141103
740 0.117434 0.0244742 0.0929598 0.141908
741 0.113799 0.0216766 0.0921223 0.135476
742 0.109116 0.0127705 0.0963456 0.121887
743 0.105866 0.0030495 0.102816 0.108915
744 0.104818 0.00133809 0.10348 0.106156
745 0.105353 0.00319534 0.102157 0.108548
746 0.104497 0.00169599 0.102801 0.106193
747 0.105567 0.00417763 0.101389 0.109744
748 0.108325 0.0136449 0.0946801 0.12197
749 0.115103 0.022351 0.0927523 0.137454
750 0.115616 0.0216827 0.0939338 0.137299
751 0.114847 0.0217779 0.0930688 0.136625
752 0.11536 0.021752 0.0936079 0.137112
753 0.111853 0.018131 0.0937221 0.129984
754 0.108475 0.0130601 0.0954145 0.121535
755 0.108154 0.0129184 0.0952355 0.121072
756 0.111083 0.0158589 0.0952244 0.126942
757 0.111596 0.017532 0.0940645 0.129129
758 0.111297 0.0173239 0.0939732 0.128621
759 0.112281 0.0189048 0.093376 0.131186
760 0.111383 0.0175513 0.0938314 0.128934
761 0.111404 0.0177291 0.0936749 0.129133
762 0.109052 0.0132663 0.0957857 0.122318
763 0.10948 0.0130256 0.096454 0.122505
764 0.110271 0.0131515 0.0971192 0.123422
765 0.110442 0.01335 0.0970918 0.123792
766 0.109415 0.0129737 0.0964417 0.122389
767 0.112195 0.0154621 0.0967331 0.127657
768 0.114462 0.022294 0.0921678 0.136756
769 0.113222 0.0182313 0.0949903 0.131453
770 0.11335 0.0183491 0.0950008 0.131699
771 0.112837 0.0183066 0.0945301 0.131143
772 0.109415 0.0131209 0.0962946 0.122536
773 0.111276 0.0149866 0.0962892 0.126262
774 0.109052 0.0128446 0.0962074 0.121897
775 0.110506 0.0134391 0.0970669 0.123945
776 0.112473 0.0173561 0.095117 0.129829
777 0.112815 0.0178663 0.094949 0.130682
778 0.115146 0.0212299 0.0939161 0.136376
779 0.116899 0.0212813 0.0956182 0.138181
780 0.114098 0.0176992 0.0963991 0.131798
781 0.115467 0.021626 0.0938408 0.137093
782 0.110078 0.0142496 0.0958288 0.124328
783 0.109202 0.0146426 0.094559 0.123844
784 0.112024 0.0205089 0.0915152 0.132533
785 0.115167 0.0224989 0.0926685 0.137666
786 0.112088 0.0139575 0.0981308 0.126046
787 0.107683 0.0132038 0.0944797 0.120887
788 0.108346 0.0168157 0.0915306 0.125162
789 0.116065 0.0175638 0.0985017 0.133629
790 0.118931 0.022614 0.0963168 0.141545
791 0.121026 0.0224374 0.0985889 0.143464
792 0.121539 0.0245168 0.0970227 0.146056
793 0.119358 0.0219558 0.0974027 0.141314
794 0.119166 0.0222349 0.0969311 0.141401
795 0.115595 0.0175818 0.0980133 0.133177
796 0.115274 0.0173906 0.0978837 0.132665
797 0.108774 0.0136878 0.0950862 0.122462
798 0.10732 0.0118117 0.0955083 0.119132
799 0.109266 0.0154071 0.0938586 0.124673
