# ../output/graphs/perf_serial79BIPED
# step - mean (0.259374) - standard deviation (0.0219083) r=20 - ylow - yhigh
0 0.276201 0.0085234 0.267677 0.284724
1 0.282402 0.0231405 0.259261 0.305542
2 0.281953 0.0291029 0.25285 0.311056
3 0.278874 0.0115616 0.267312 0.290435
4 0.281525 0.0162498 0.265275 0.297775
5 0.282723 0.0281814 0.254541 0.310904
6 0.270705 0.00440505 0.2663 0.27511
7 0.258432 0.00316031 0.255271 0.261592
8 0.261361 0.0111455 0.250216 0.272507
9 0.261468 0.0161608 0.245307 0.277629
10 0.258774 0.0028621 0.255912 0.261636
11 0.266643 0.0224743 0.244168 0.289117
12 0.260442 0.0119949 0.248447 0.272437
13 0.258389 0.00560472 0.252784 0.263994
14 0.257085 0.000528545 0.256556 0.257613
15 0.261661 0.0146251 0.247035 0.276286
16 0.2632 0.015918 0.247282 0.279118
17 0.261575 0.0119202 0.249655 0.273495
18 0.261105 0.00983743 0.251267 0.270942
19 0.26459 0.0247804 0.23981 0.28937
20 0.260164 0.00746411 0.2527 0.267628
21 0.26506 0.0209095 0.244151 0.28597
22 0.260741 0.0100204 0.250721 0.270761
23 0.251867 0.00183182 0.250035 0.253699
24 0.25144 0.00137566 0.250064 0.252815
25 0.256914 0.0183019 0.238612 0.275215
26 0.269059 0.0409729 0.228086 0.310032
27 0.252423 0.00351062 0.248913 0.255934
28 0.257919 0.0178614 0.240057 0.27578
29 0.254647 0.0103661 0.244281 0.265013
30 0.254006 0.0104092 0.243596 0.264415
31 0.251568 0.00104645 0.250521 0.252614
32 0.254775 0.00476 0.250015 0.259535
33 0.26305 0.0361341 0.226916 0.299185
34 0.267199 0.00691374 0.260285 0.274112
35 0.273592 0.00135827 0.272234 0.27495
36 0.281867 0.0187081 0.263159 0.300575
37 0.275324 0.00509717 0.270227 0.280421
38 0.275645 0.00716302 0.268482 0.282808
39 0.278831 0.0192843 0.259547 0.298115
40 0.274127 0.00668018 0.267446 0.280807
41 0.288752 0.0244843 0.264268 0.313237
42 0.280328 0.0226873 0.25764 0.303015
43 0.275901 0.00875938 0.267142 0.284661
44 0.278467 0.0219672 0.2565 0.300435
45 0.276393 0.0146637 0.26173 0.291057
46 0.277911 0.0166551 0.261256 0.294567
47 0.281824 0.0258291 0.255995 0.307654
48 0.273336 0.00371414 0.269621 0.27705
49 0.273036 0.00269618 0.27034 0.275732
50 0.277698 0.0171634 0.260534 0.294861
51 0.279173 0.0204339 0.258739 0.299607
52 0.272972 0.0027883 0.270184 0.27576
53 0.280264 0.0236603 0.256603 0.303924
54 0.272801 0.00212498 0.270676 0.274926
55 0.276436 0.012901 0.263535 0.289337
56 0.274319 0.00914369 0.265175 0.283463
57 0.273571 0.00560065 0.26797 0.279171
58 0.286187 0.0353928 0.250794 0.321579
59 0.272245 0.00153837 0.270707 0.273783
60 0.276222 0.0193558 0.256866 0.295578
61 0.2864 0.0628312 0.223569 0.349232
62 0.273678 0.00583631 0.267841 0.279514
63 0.279686 0.0247397 0.254946 0.304426
64 0.286742 0.0504204 0.236322 0.337163
65 0.274469 0.00864518 0.265824 0.283114
66 0.275752 0.0142913 0.26146 0.290043
67 0.274618 0.0111628 0.263456 0.285781
68 0.287491 0.0413584 0.246132 0.328849
69 0.279814 0.0233955 0.256419 0.30321
70 0.274127 0.00461193 0.269515 0.278739
71 0.278852 0.014899 0.263953 0.293751
72 0.275281 0.00861923 0.266662 0.283901
73 0.282295 0.0192487 0.263046 0.301544
74 0.27866 0.0135252 0.265135 0.292185
75 0.27573 0.00643315 0.269297 0.282164
76 0.27727 0.0123549 0.264915 0.289625
77 0.27372 0.00144693 0.272273 0.275167
78 0.273015 0.00205719 0.270958 0.275072
79 0.273742 0.00286209 0.27088 0.276604
80 0.278382 0.0154053 0.262976 0.293787
81 0.27387 0.00263762 0.271232 0.276508
82 0.278831 0.0145226 0.264308 0.293354
83 0.274383 0.00514325 0.26924 0.279527
84 0.279323 0.0140953 0.265227 0.293418
85 0.275345 0.00714103 0.268204 0.282487
86 0.274768 0.00570322 0.269065 0.280471
87 0.282252 0.0214378 0.260814 0.30369
88 0.276628 0.0103738 0.266255 0.287002
89 0.273207 0.00197035 0.271237 0.275178
90 0.273678 0.00209715 0.27158 0.275775
91 0.285695 0.0410819 0.244613 0.326777
92 0.273549 0.00227613 0.271273 0.275825
93 0.275367 0.00763205 0.267735 0.282999
94 0.275816 0.0122189 0.263597 0.288035
95 0.275816 0.012445 0.263371 0.288261
96 0.278318 0.0136867 0.264631 0.292004
97 0.296664 0.0615746 0.23509 0.358239
98 0.276586 0.0309404 0.245645 0.307526
99 0.267327 0.00467085 0.262656 0.271998
100 0.268824 0.0119578 0.256866 0.280782
101 0.267776 0.00917046 0.258606 0.276946
102 0.276201 0.0323238 0.243877 0.308525
103 0.268161 0.0143952 0.253766 0.282556
104 0.277954 0.0198081 0.258146 0.297762
105 0.280392 0.031659 0.248733 0.312051
106 0.275196 0.0116731 0.263523 0.286869
107 0.273742 0.00917506 0.264567 0.282917
108 0.272673 0.0217413 0.250931 0.294414
109 0.277976 0.0374744 0.240501 0.31545
110 0.272908 0.0228798 0.250028 0.295788
111 0.271646 0.0143717 0.257275 0.286018
112 0.278104 0.00632163 0.271782 0.284425
113 0.278189 0.0123543 0.265835 0.290544
114 0.276073 0.0135611 0.262511 0.289634
115 0.275153 0.013838 0.261315 0.288991
116 0.27124 0.00231042 0.26893 0.27355
117 0.285631 0.0413613 0.244269 0.326992
118 0.274169 0.00177309 0.272396 0.275943
119 0.279216 0.0150665 0.264149 0.294282
120 0.276479 0.0127929 0.263686 0.289272
121 0.27943 0.0236371 0.255792 0.303067
122 0.273442 0.00680011 0.266642 0.280243
123 0.288902 0.0431297 0.245772 0.332032
124 0.273122 0.00276913 0.270353 0.275891
125 0.27479 0.0105696 0.26422 0.285359
126 0.278895 0.0150783 0.263817 0.293973
127 0.288881 0.0468241 0.242057 0.335705
128 0.274875 0.00332053 0.271555 0.278196
129 0.271988 0.00184933 0.270139 0.273838
130 0.272566 0.0102113 0.262354 0.282777
131 0.268695 0.000928123 0.267767 0.269624
132 0.273678 0.013728 0.25995 0.287406
133 0.277783 0.0240186 0.253765 0.301802
134 0.272095 0.00932726 0.262768 0.281423
135 0.27047 0.00238674 0.268083 0.272857
136 0.277805 0.0174907 0.260314 0.295295
137 0.273977 0.0155876 0.258389 0.289565
138 0.28052 0.03167 0.24885 0.31219
139 0.270834 0.010835 0.259999 0.281669
140 0.272459 0.018466 0.253993 0.290925
141 0.275773 0.0225043 0.253269 0.298277
142 0.27278 0.0110326 0.261747 0.283812
143 0.271283 0.00727551 0.264007 0.278558
144 0.268524 0.000798926 0.267725 0.269323
145 0.273164 0.0106398 0.262525 0.283804
146 0.268738 0.00123503 0.267503 0.269973
147 0.273977 0.0225152 0.251462 0.296492
148 0.275452 0.0142062 0.261246 0.289659
149 0.282723 0.0411074 0.241615 0.32383
150 0.27109 0.00668688 0.264403 0.277777
151 0.293906 0.0626332 0.231272 0.356539
152 0.270599 0.0042527 0.266346 0.274851
153 0.272608 0.011821 0.260788 0.284429
154 0.270278 0.00387729 0.2664 0.274155
155 0.269016 0.000911965 0.268104 0.269928
156 0.27139 0.00869034 0.262699 0.28008
157 0.270128 0.00271914 0.267409 0.272847
158 0.269487 0.00236286 0.267124 0.271849
159 0.269487 0.00129202 0.268195 0.270779
160 0.272673 0.00857914 0.264094 0.281252
161 0.275559 0.0116823 0.263877 0.287242
162 0.269594 0.00149005 0.268103 0.271084
163 0.270705 0.00260835 0.268097 0.273314
164 0.280841 0.0459823 0.234859 0.326823
165 0.271112 0.00370477 0.267407 0.274816
166 0.280969 0.0243388 0.25663 0.305308
167 0.276008 0.0158177 0.260191 0.291826
168 0.271604 0.00382482 0.267779 0.275428
169 0.277377 0.0172644 0.260112 0.294641
170 0.273314 0.00961025 0.263704 0.282924
171 0.27325 0.0144111 0.258839 0.287661
172 0.274875 0.0144538 0.260421 0.289329
173 0.271604 0.00356496 0.268039 0.275168
174 0.273613 0.0131608 0.260453 0.286774
175 0.277548 0.0277468 0.249801 0.305295
176 0.274854 0.0191588 0.255695 0.294012
177 0.27573 0.0159211 0.259809 0.291651
178 0.269786 0.000929844 0.268856 0.270716
179 0.269487 0.00125613 0.26823 0.270743
180 0.269679 0.00111846 0.268561 0.270798
181 0.271497 0.00929623 0.2622 0.280793
182 0.269465 0.000688242 0.268777 0.270153
183 0.272331 0.00738445 0.264946 0.279715
184 0.27 0.00208314 0.267917 0.272083
185 0.273036 0.0129555 0.260081 0.285992
186 0.273613 0.0121972 0.261416 0.285811
187 0.269829 0.00198053 0.267848 0.271809
188 0.271133 0.00450765 0.266625 0.275641
189 0.275666 0.0170352 0.258631 0.292701
190 0.268931 0.000679888 0.268251 0.269611
191 0.279494 0.0421392 0.237355 0.321633
192 0.269936 0.00233689 0.267599 0.272273
193 0.278574 0.0336046 0.24497 0.312179
194 0.272331 0.0130904 0.25924 0.285421
195 0.27479 0.0143507 0.260439 0.28914
196 0.278061 0.00917476 0.268886 0.287236
197 0.274533 0.00243228 0.272101 0.276965
198 0.285481 0.0409441 0.244537 0.326425
199 0.260741 0.0144741 0.246267 0.275215
200 0.261789 0.0203072 0.241482 0.282096
201 0.258988 0.00845567 0.250532 0.267443
202 0.262986 0.0268288 0.236157 0.289815
203 0.262986 0.028373 0.234613 0.291359
204 0.256892 0.000789713 0.256102 0.257682
205 0.256208 0.000632875 0.255575 0.256841
206 0.260442 0.0156962 0.244746 0.276138
207 0.261511 0.016263 0.245248 0.277774
208 0.260762 0.0134449 0.247318 0.274207
209 0.259929 0.0145595 0.245369 0.274488
210 0.258496 0.00907744 0.249418 0.267573
211 0.261767 0.0153276 0.24644 0.277095
212 0.260207 0.0119487 0.248258 0.272155
213 0.256657 0.00231596 0.254341 0.258973
214 0.256486 0.00125322 0.255233 0.257739
215 0.260656 0.013952 0.246704 0.274608
216 0.264953 0.0167084 0.248245 0.281662
217 0.262409 0.0165378 0.245871 0.278947
218 0.255994 0.0007207 0.255273 0.256715
219 0.258475 0.023916 0.234559 0.28239
220 0.249622 0.000947623 0.248674 0.25057
221 0.250884 0.00360925 0.247274 0.254493
222 0.252274 0.0104087 0.241865 0.262682
223 0.252316 0.0108552 0.241461 0.263171
224 0.259351 0.0236143 0.235737 0.282966
225 0.25238 0.00821195 0.244168 0.260592
226 0.249857 0.000875127 0.248982 0.250732
227 0.254882 0.0197843 0.235098 0.274667
228 0.252338 0.0104452 0.241892 0.262783
229 0.256422 0.0136712 0.242751 0.270093
230 0.25933 0.0250547 0.234275 0.284384
231 0.267412 0.0127281 0.254684 0.280141
232 0.265766 0.0158656 0.2499 0.281632
233 0.260827 0.0020815 0.258745 0.262908
234 0.26196 0.00811133 0.253849 0.270071
235 0.260484 0.00317128 0.257313 0.263656
236 0.275645 0.0375133 0.238132 0.313158
237 0.26613 0.0159201 0.250209 0.28205
238 0.263692 0.0114268 0.252265 0.275119
239 0.269016 0.0318984 0.237118 0.300915
240 0.260035 0.00168626 0.258349 0.261722
241 0.271967 0.0395645 0.232402 0.311532
242 0.260014 0.00515675 0.254857 0.265171
243 0.266429 0.0188314 0.247598 0.28526
244 0.264996 0.0202192 0.244777 0.285215
245 0.259501 0.0011119 0.258389 0.260613
246 0.262323 0.01223 0.250093 0.274553
247 0.268075 0.0368832 0.231192 0.304959
248 0.261981 0.00686303 0.255118 0.268844
249 0.262516 0.0133968 0.249119 0.275913
250 0.276158 0.046789 0.229369 0.322947
251 0.261361 0.010976 0.250385 0.272337
252 0.259009 0.00101449 0.257995 0.260024
253 0.262644 0.00950536 0.253139 0.27215
254 0.259929 0.00370014 0.256228 0.263629
255 0.263243 0.0131392 0.250104 0.276382
256 0.264718 0.0122439 0.252474 0.276962
257 0.259116 0.00107255 0.258043 0.260189
258 0.26196 0.00916167 0.252798 0.271122
259 0.261703 0.00665614 0.255047 0.268359
260 0.261639 0.0110651 0.250574 0.272704
261 0.269166 0.0200745 0.249091 0.28924
262 0.270427 0.0443545 0.226073 0.314782
263 0.263906 0.0112684 0.252637 0.275174
264 0.264291 0.0129813 0.251309 0.277272
265 0.261618 0.00673455 0.254883 0.268352
266 0.2632 0.0124436 0.250757 0.275644
267 0.265787 0.0162534 0.249534 0.282041
268 0.26521 0.0149295 0.250281 0.28014
269 0.270812 0.0433655 0.227447 0.314178
270 0.260228 0.000696171 0.259532 0.260924
271 0.260078 0.00129907 0.258779 0.261377
272 0.264483 0.0188447 0.245638 0.283328
273 0.263093 0.0106653 0.252428 0.273759
274 0.280991 0.0501631 0.230827 0.331154
275 0.260228 0.00136247 0.258865 0.26159
276 0.263136 0.0109183 0.252218 0.274054
277 0.262837 0.013214 0.249623 0.276051
278 0.249387 0.00364204 0.245745 0.253029
279 0.252231 0.0122913 0.239939 0.264522
280 0.250905 0.00901236 0.241893 0.259917
281 0.255652 0.0265506 0.229101 0.282203
282 0.248703 0.00222822 0.246474 0.250931
283 0.248446 0.00219931 0.246247 0.250645
284 0.247505 0.00108083 0.246424 0.248586
285 0.248211 0.0015561 0.246655 0.249767
286 0.252038 0.0187224 0.233316 0.270761
287 0.251718 0.00904103 0.242677 0.260759
288 0.254112 0.0144656 0.239647 0.268578
289 0.250926 0.00864971 0.242277 0.259576
290 0.270385 0.050788 0.219597 0.321173
291 0.248104 0.00106721 0.247037 0.249171
292 0.248168 0.00189379 0.246274 0.250062
293 0.255053 0.016901 0.238152 0.271954
294 0.251397 0.0114195 0.239977 0.262816
295 0.260313 0.0396441 0.220669 0.299958
296 0.243635 0.00864254 0.234992 0.252277
297 0.256999 0.0105106 0.246488 0.26751
298 0.257555 0.0170478 0.240507 0.274603
299 0.258025 0.0143722 0.243653 0.272398
300 0.255331 0.00347027 0.251861 0.258802
301 0.254968 0.00481487 0.250153 0.259783
302 0.265552 0.0413884 0.224164 0.306941
303 0.256251 0.00304086 0.25321 0.259292
304 0.261254 0.0246275 0.236627 0.285882
305 0.269166 0.0357498 0.233416 0.304916
306 0.255139 0.000848869 0.25429 0.255988
307 0.259116 0.0185737 0.240542 0.27769
308 0.266899 0.0023026 0.264597 0.269202
309 0.271176 0.0167452 0.254431 0.287921
310 0.26506 0.00215786 0.262903 0.267218
311 0.261404 0.00429123 0.257113 0.265695
312 0.260292 0.00246885 0.257823 0.262761
313 0.263179 0.0116683 0.25151 0.274847
314 0.275795 0.0302267 0.245568 0.306021
315 0.262986 0.0104294 0.252557 0.273416
316 0.261832 0.00579764 0.256034 0.267629
317 0.264975 0.0127513 0.252224 0.277726
318 0.266643 0.0278201 0.238823 0.294463
319 0.261447 0.0112167 0.25023 0.272663
320 0.250157 0.00660789 0.243549 0.256765
321 0.249194 0.00634473 0.24285 0.255539
322 0.251076 0.0137309 0.237345 0.264807
323 0.24943 0.0102627 0.239167 0.259692
324 0.251696 0.0189734 0.232723 0.27067
325 0.253001 0.0137645 0.239236 0.266765
326 0.253899 0.0235638 0.230335 0.277462
327 0.249857 0.0104508 0.239406 0.260308
328 0.261297 0.0287564 0.232541 0.290053
329 0.264868 0.0531935 0.211674 0.318061
330 0.247484 0.00323466 0.244249 0.250718
331 0.250071 0.011086 0.238985 0.261157
332 0.253706 0.0181398 0.235566 0.271846
333 0.252979 0.0186472 0.234332 0.271626
334 0.25315 0.0158818 0.237268 0.269032
335 0.24742 0.00524026 0.242179 0.25266
336 0.245132 0.00113631 0.243995 0.246268
337 0.249387 0.00978786 0.239599 0.259175
338 0.257512 0.0501713 0.207341 0.307684
339 0.249686 0.0167291 0.232957 0.266415
340 0.248403 0.00869021 0.239713 0.257093
341 0.247676 0.00926865 0.238408 0.256945
342 0.254626 0.0219963 0.232629 0.276622
343 0.256336 0.0386987 0.217638 0.295035
344 0.249558 0.0203689 0.229189 0.269927
345 0.253086 0.0302097 0.222876 0.283296
346 0.248147 0.0122535 0.235893 0.2604
347 0.248168 0.0151224 0.233046 0.26329
348 0.245346 0.00161209 0.243733 0.246958
349 0.245089 0.00150532 0.243584 0.246594
350 0.244383 0.0020884 0.242295 0.246472
351 0.245709 0.00246217 0.243247 0.248171
352 0.252209 0.0158895 0.23632 0.268099
353 0.2468 0.00749177 0.239308 0.254291
354 0.256785 0.0385892 0.218196 0.295374
355 0.250798 0.0216139 0.229184 0.272412
356 0.250991 0.0156926 0.235298 0.266683
357 0.245623 0.00291394 0.24271 0.248537
358 0.248745 0.0135083 0.235237 0.262254
359 0.25176 0.0165393 0.235221 0.2683
360 0.245752 0.00136096 0.244391 0.247113
361 0.245859 0.00493363 0.240925 0.250792
362 0.249643 0.0157832 0.23386 0.265427
363 0.249943 0.01447 0.235473 0.264413
364 0.264162 0.0423694 0.221793 0.306532
365 0.24727 0.00200405 0.245266 0.249274
366 0.25191 0.0198242 0.232086 0.271734
367 0.24913 0.0105532 0.238577 0.259683
368 0.248382 0.00732851 0.241053 0.25571
369 0.255246 0.0365301 0.218716 0.291776
370 0.253107 0.0190795 0.234028 0.272187
371 0.246051 0.000780103 0.245271 0.246831
372 0.248874 0.0112234 0.23765 0.260097
373 0.251696 0.0125482 0.239148 0.264244
374 0.257897 0.0300704 0.227827 0.287968
375 0.247997 0.00426349 0.243733 0.25226
376 0.24774 0.00313999 0.2446 0.25088
377 0.251718 0.0194949 0.232223 0.271212
378 0.247826 0.00349397 0.244332 0.25132
379 0.254027 0.0217032 0.232324 0.27573
380 0.252359 0.0143433 0.238016 0.266702
381 0.250819 0.0158749 0.234945 0.266694
382 0.249857 0.0108483 0.239009 0.260706
383 0.253321 0.0175673 0.235754 0.270889
384 0.249023 0.00313124 0.245892 0.252155
385 0.250349 0.00816742 0.242182 0.258516
386 0.24928 0.00758518 0.241695 0.256865
387 0.267776 0.0412868 0.226489 0.309063
388 0.247933 0.00371562 0.244217 0.251648
389 0.25037 0.0110402 0.23933 0.261411
390 0.268204 0.0899932 0.178211 0.358197
391 0.249323 0.00941132 0.239911 0.258734
392 0.257042 0.0164208 0.240621 0.273463
393 0.251525 0.00349076 0.248034 0.255016
394 0.251889 0.0265639 0.225325 0.278452
395 0.247184 0.0108307 0.236354 0.258015
396 0.263115 0.0147264 0.248388 0.277841
397 0.256935 0.00116805 0.255767 0.258103
398 0.25856 0.00990221 0.248658 0.268462
399 0.257277 0.00421929 0.253058 0.261496
400 0.268888 0.0346115 0.234276 0.303499
401 0.273549 0.0505314 0.223018 0.324081
402 0.258667 0.00624475 0.252422 0.264912
403 0.256358 0.0011513 0.255206 0.257509
404 0.258688 0.00995793 0.24873 0.268646
405 0.260934 0.0118007 0.249133 0.272734
406 0.264825 0.0202791 0.244546 0.285104
407 0.259929 0.0136927 0.246236 0.273621
408 0.255866 0.00101292 0.254853 0.256879
409 0.26397 0.0216576 0.242312 0.285627
410 0.244362 0.00195696 0.242405 0.246319
411 0.248745 0.0159362 0.232809 0.264682
412 0.245517 0.0094442 0.236072 0.254961
413 0.24928 0.0159532 0.233327 0.265233
414 0.247377 0.00950075 0.237876 0.256878
415 0.246586 0.0104958 0.23609 0.257081
416 0.244084 0.0144601 0.229624 0.258544
417 0.238268 0.00147696 0.236791 0.239745
418 0.24109 0.0085935 0.232497 0.249684
419 0.253407 0.0434558 0.209951 0.296863
420 0.241176 0.0107744 0.230401 0.25195
421 0.243849 0.0145066 0.229342 0.258355
422 0.240406 0.011647 0.228759 0.252053
423 0.24573 0.03101 0.21472 0.27674
424 0.241582 0.00748323 0.234099 0.249065
425 0.24 0.0072242 0.232776 0.247224
426 0.252808 0.0302525 0.222556 0.283061
427 0.251482 0.00649483 0.244988 0.257977
428 0.257106 0.0321722 0.224934 0.289278
429 0.252081 0.0112372 0.240844 0.263318
430 0.248489 0.00127922 0.24721 0.249768
431 0.252231 0.0125876 0.239643 0.264818
432 0.24836 0.000964593 0.247396 0.249325
433 0.257833 0.0317782 0.226055 0.289611
434 0.249558 0.00307339 0.246485 0.252631
435 0.246222 0.00245995 0.243762 0.248682
436 0.245367 0.000787104 0.24458 0.246154
437 0.250456 0.018815 0.231641 0.269271
438 0.261383 0.0437822 0.2176 0.305165
439 0.245816 0.00183244 0.243983 0.247648
440 0.245666 0.00154475 0.244122 0.247211
441 0.245388 0.00119896 0.244189 0.246587
442 0.248681 0.0125715 0.23611 0.261253
443 0.250862 0.00888288 0.241979 0.259745
444 0.250777 0.011311 0.239466 0.262088
445 0.250819 0.0150268 0.235793 0.265846
446 0.250413 0.0141181 0.236295 0.264531
447 0.248147 0.00390286 0.244244 0.25205
448 0.254604 0.0151079 0.239496 0.269712
449 0.251974 0.0128678 0.239106 0.264842
450 0.264333 0.0181004 0.246233 0.282434
451 0.26181 0.0145098 0.2473 0.27632
452 0.264248 0.0129452 0.251303 0.277193
453 0.271368 0.0242829 0.247085 0.295651
454 0.263435 0.00391018 0.259525 0.267345
455 0.262559 0.00245845 0.2601 0.265017
456 0.262024 0.00489679 0.257127 0.266921
457 0.269572 0.025413 0.244159 0.294985
458 0.250199 0.00903403 0.241165 0.259233
459 0.25377 0.016404 0.237366 0.270174
460 0.250926 0.0118136 0.239113 0.26274
461 0.247805 0.00140851 0.246396 0.249213
462 0.253001 0.0198555 0.233145 0.272856
463 0.252509 0.0198201 0.232689 0.272329
464 0.250178 0.0126733 0.237505 0.262851
465 0.251996 0.0136253 0.23837 0.265621
466 0.256144 0.0190561 0.237088 0.2752
467 0.250819 0.0112218 0.239598 0.262041
468 0.256293 0.0151441 0.241149 0.271438
469 0.248275 0.00126484 0.24701 0.24954
470 0.250884 0.0093041 0.24158 0.260188
471 0.255609 0.0153331 0.240276 0.270942
472 0.254048 0.0246347 0.229414 0.278683
473 0.259095 0.0364178 0.222677 0.295512
474 0.248489 0.00145324 0.247036 0.249942
475 0.251547 0.0143284 0.237218 0.265875
476 0.250199 0.00650889 0.243691 0.256708
477 0.259202 0.0354228 0.223779 0.294624
478 0.250328 0.00784403 0.242484 0.258172
479 0.248724 0.00174973 0.246974 0.250474
480 0.252188 0.0138127 0.238375 0.266001
481 0.255203 0.0160116 0.239191 0.271215
482 0.256507 0.024627 0.23188 0.281134
483 0.255032 0.0236096 0.231422 0.278641
484 0.254946 0.0175642 0.237382 0.272511
485 0.257983 0.0183911 0.239592 0.276374
486 0.256807 0.018004 0.238803 0.274811
487 0.252594 0.010868 0.241726 0.263462
488 0.254369 0.0170277 0.237341 0.271397
489 0.258859 0.0400939 0.218766 0.298953
490 0.270705 0.0490923 0.221613 0.319798
491 0.244939 0.00977065 0.235169 0.25471
492 0.243571 0.0119594 0.231611 0.25553
493 0.256678 0.0110461 0.245632 0.267724
494 0.255823 0.011641 0.244182 0.267464
495 0.254262 0.00498264 0.249279 0.259245
496 0.253663 0.00599369 0.24767 0.259657
497 0.254155 0.00627808 0.247877 0.260433
498 0.252915 0.00176534 0.25115 0.25468
499 0.257897 0.0119747 0.245922 0.269872
500 0.254262 0.000721647 0.25354 0.254984
501 0.258752 0.0137812 0.244971 0.272534
502 0.254626 0.00214425 0.252481 0.25677
503 0.254476 0.00190522 0.252571 0.256381
504 0.255738 0.00323438 0.252503 0.258972
505 0.266343 0.0012585 0.265085 0.267602
506 0.267199 0.00749751 0.259701 0.274696
507 0.262623 0.0128744 0.249748 0.275497
508 0.270214 0.0381918 0.232022 0.308405
509 0.259864 0.00229214 0.257572 0.262157
510 0.261832 0.0102938 0.251538 0.272125
511 0.260035 0.00390661 0.256129 0.263942
512 0.271347 0.0274868 0.24386 0.298834
513 0.26335 0.00949124 0.253859 0.272841
514 0.262986 0.0195446 0.243442 0.282531
515 0.259052 0.0019357 0.257116 0.260988
516 0.250606 0.00851881 0.242087 0.259124
517 0.253877 0.0135616 0.240316 0.267439
518 0.250584 0.0104303 0.240154 0.261015
519 0.250178 0.01096 0.239218 0.261138
520 0.249237 0.00926305 0.239974 0.2585
521 0.254797 0.0239855 0.230811 0.278782
522 0.261661 0.0400195 0.221641 0.30168
523 0.246393 0.00512165 0.241272 0.251515
524 0.245089 0.00128936 0.2438 0.246378
525 0.257983 0.0415998 0.216383 0.299583
526 0.245645 0.00311748 0.242527 0.248762
527 0.251718 0.0144129 0.237305 0.26613
528 0.250242 0.0132568 0.236985 0.263499
529 0.249387 0.0118162 0.237571 0.261203
530 0.259715 0.0381268 0.221588 0.297842
531 0.246415 0.00289292 0.243522 0.249308
532 0.247954 0.00702135 0.240933 0.254976
533 0.247078 0.00307459 0.244003 0.250152
534 0.248425 0.0100375 0.238387 0.258462
535 0.251589 0.0176083 0.233981 0.269198
536 0.245559 0.00108695 0.244472 0.246646
537 0.26181 0.0355398 0.22627 0.29735
538 0.246928 0.00408494 0.242843 0.251013
539 0.250734 0.0165116 0.234222 0.267246
540 0.256529 0.0411466 0.215382 0.297675
541 0.246051 0.00289189 0.243159 0.248943
542 0.264932 0.0383579 0.226574 0.30329
543 0.255738 0.0335116 0.222226 0.289249
544 0.255652 0.0257811 0.229871 0.281433
545 0.257192 0.0230058 0.234186 0.280197
546 0.254519 0.0292568 0.225262 0.283776
547 0.253172 0.0263815 0.22679 0.279553
548 0.253065 0.0176113 0.235453 0.270676
549 0.247698 0.0100454 0.237652 0.257743
550 0.2567 0.0275334 0.229166 0.284233
551 0.250627 0.0183441 0.232283 0.268971
552 0.247847 0.0114851 0.236362 0.259332
553 0.252958 0.0172603 0.235698 0.270218
554 0.250926 0.0133253 0.237601 0.264252
555 0.2468 0.00608849 0.240711 0.252888
556 0.25531 0.0439957 0.211314 0.299306
557 0.248574 0.0105362 0.238038 0.25911
558 0.248703 0.0143882 0.234314 0.263091
559 0.257491 0.0507127 0.206778 0.308204
560 0.251611 0.028411 0.2232 0.280022
561 0.256144 0.0300336 0.22611 0.286177
562 0.247911 0.00991394 0.237998 0.257825
563 0.249601 0.0193285 0.230272 0.268929
564 0.246222 0.00304769 0.243175 0.24927
565 0.245346 0.00244961 0.242896 0.247795
566 0.246693 0.0032912 0.243401 0.249984
567 0.246286 0.00114672 0.24514 0.247433
568 0.248788 0.0103505 0.238438 0.259139
569 0.255139 0.0288213 0.226317 0.28396
570 0.249365 0.0104796 0.238886 0.259845
571 0.249708 0.00883176 0.240876 0.258539
572 0.257427 0.0428869 0.21454 0.300314
573 0.249451 0.0125836 0.236867 0.262035
574 0.25516 0.0235157 0.231645 0.278676
575 0.247826 0.00274666 0.245079 0.250573
576 0.247762 0.00234733 0.245414 0.250109
577 0.249601 0.0139013 0.235699 0.263502
578 0.247355 0.00382123 0.243534 0.251177
579 0.251375 0.00716829 0.244207 0.258544
580 0.250456 0.0114738 0.238982 0.26193
581 0.259437 0.028738 0.230699 0.288175
582 0.247206 0.00181174 0.245394 0.249018
583 0.261147 0.0344636 0.226684 0.295611
584 0.251183 0.00998395 0.241199 0.261167
585 0.249173 0.00532816 0.243845 0.254501
586 0.249451 0.0103992 0.239052 0.25985
587 0.258731 0.0333461 0.225385 0.292077
588 0.249772 0.0104504 0.239321 0.260222
589 0.251632 0.00106828 0.250564 0.2527
590 0.254412 0.0119352 0.242477 0.266347
591 0.25067 0.0131786 0.237491 0.263848
592 0.248831 0.0115524 0.237278 0.260383
593 0.2598 0.0106085 0.249192 0.270409
594 0.260014 0.010044 0.24997 0.270058
595 0.256678 0.000861703 0.255817 0.25754
596 0.275452 0.0488948 0.226558 0.324347
597 0.258389 0.010306 0.248083 0.268695
598 0.25794 0.0100388 0.247901 0.267979
599 0.256336 0.00123503 0.255101 0.257571
600 0.263221 0.0171161 0.246105 0.280338
601 0.258859 0.00831907 0.25054 0.267178
602 0.258496 0.00964499 0.248851 0.268141
603 0.25717 0.00197961 0.255191 0.25915
604 0.257726 0.00330506 0.254421 0.261031
605 0.259159 0.0115965 0.247562 0.270755
606 0.26181 0.016988 0.244822 0.278798
607 0.252723 0.027507 0.225216 0.28023
608 0.255566 0.0426594 0.212907 0.298226
609 0.246308 0.0041693 0.242138 0.250477
610 0.247762 0.0130846 0.234677 0.260846
611 0.248018 0.00977308 0.238245 0.257791
612 0.239123 0.00258112 0.236542 0.241704
613 0.240492 0.00727802 0.233214 0.24777
614 0.241005 0.0106068 0.230398 0.251612
615 0.242929 0.015676 0.227253 0.258605
616 0.241689 0.0122553 0.229434 0.253944
617 0.244747 0.0246331 0.220114 0.26938
618 0.241304 0.0121869 0.229117 0.253491
619 0.237584 0.000921941 0.236662 0.238506
620 0.239936 0.00740161 0.232534 0.247337
621 0.243293 0.0146511 0.228642 0.257944
622 0.237477 0.0006909 0.236786 0.238168
623 0.258774 0.0281236 0.23065 0.286897
624 0.24727 0.00448446 0.242785 0.251754
625 0.249045 0.0106075 0.238437 0.259652
626 0.247462 0.00244279 0.24502 0.249905
627 0.249066 0.00888287 0.240183 0.257949
628 0.256037 0.0239246 0.232112 0.279962
629 0.251204 0.0130763 0.238128 0.264281
630 0.246842 0.00166511 0.245177 0.248507
631 0.25345 0.0338915 0.219558 0.287341
632 0.247847 0.00573356 0.242114 0.253581
633 0.246286 0.00287167 0.243415 0.249158
634 0.249643 0.00963588 0.240008 0.259279
635 0.24573 0.000890917 0.244839 0.246621
636 0.248532 0.0105885 0.237943 0.25912
637 0.246885 0.00464375 0.242241 0.251529
638 0.245688 0.00136916 0.244318 0.247057
639 0.246735 0.004337 0.242398 0.251072
640 0.248916 0.00928954 0.239627 0.258206
641 0.259308 0.0516136 0.207695 0.310922
642 0.25206 0.0149161 0.237144 0.266976
643 0.262345 0.0124355 0.249909 0.27478
644 0.267755 0.0283254 0.239429 0.29608
645 0.266258 0.0234893 0.242769 0.289747
646 0.261896 0.00656195 0.255334 0.268458
647 0.272587 0.0301584 0.242429 0.302746
648 0.266921 0.0163967 0.250524 0.283317
649 0.263179 0.0120705 0.251108 0.275249
650 0.260078 0.00165782 0.25842 0.261736
651 0.2598 0.00128652 0.258514 0.261087
652 0.267797 0.0207928 0.247005 0.28859
653 0.262623 0.00500904 0.257614 0.267632
654 0.261767 0.00620895 0.255559 0.267976
655 0.264355 0.0104983 0.253856 0.274853
656 0.260271 0.00310867 0.257162 0.263379
657 0.249943 0.00705498 0.242888 0.256998
658 0.260356 0.0395009 0.220855 0.299857
659 0.249451 0.00626204 0.243189 0.255713
660 0.260634 0.0516205 0.209014 0.312255
661 0.250007 0.00557331 0.244434 0.25558
662 0.251247 0.00995664 0.241291 0.261204
663 0.261682 0.0336529 0.228029 0.295335
664 0.249259 0.00338975 0.245869 0.252648
665 0.250456 0.00959537 0.240861 0.260051
666 0.250691 0.00649641 0.244195 0.257188
667 0.248959 0.00230805 0.246651 0.251267
668 0.252274 0.0129226 0.239351 0.265196
669 0.250392 0.00639269 0.243999 0.256785
670 0.252338 0.011915 0.240423 0.264253
671 0.256507 0.0195423 0.236965 0.27605
672 0.256486 0.0211349 0.235351 0.277621
673 0.252765 0.016049 0.236716 0.268814
674 0.252338 0.0136216 0.238716 0.265959
675 0.252252 0.0146307 0.237621 0.266883
676 0.256101 0.0266718 0.229429 0.282773
677 0.252295 0.01126 0.241035 0.263555
678 0.252081 0.0121641 0.239917 0.264245
679 0.24975 0.00228305 0.247467 0.252033
680 0.249323 0.00193629 0.247386 0.251259
681 0.266343 0.04229 0.224053 0.308633
682 0.260848 0.0427611 0.218087 0.303609
683 0.25268 0.0121685 0.240511 0.264848
684 0.252744 0.0167294 0.236014 0.269473
685 0.260399 0.0234259 0.236973 0.283825
686 0.258539 0.0311805 0.227358 0.289719
687 0.244191 0.0067564 0.237434 0.250947
688 0.243528 0.0105106 0.233017 0.254039
689 0.255053 0.00660225 0.248451 0.261656
690 0.264932 0.0400376 0.224895 0.30497
691 0.255566 0.00901368 0.246553 0.26458
692 0.256165 0.0110489 0.245116 0.267214
693 0.253706 0.00177296 0.251933 0.255479
694 0.255823 0.0106936 0.245129 0.266517
695 0.256743 0.0045506 0.252192 0.261293
696 0.256358 0.0058222 0.250535 0.26218
697 0.258752 0.0144756 0.244277 0.273228
698 0.257983 0.0108222 0.247161 0.268805
699 0.263243 0.0291488 0.234094 0.292392
700 0.255481 0.00489735 0.250584 0.260378
701 0.279194 0.028125 0.251069 0.307319
702 0.271625 0.0168635 0.254761 0.288488
703 0.268268 0.0312484 0.237019 0.299516
704 0.267755 0.0188041 0.24895 0.286559
705 0.260891 0.00213603 0.258755 0.263027
706 0.26645 0.0237691 0.242681 0.290219
707 0.261682 0.00496687 0.256715 0.266649
708 0.262623 0.00882244 0.2538 0.271445
709 0.268268 0.0343495 0.233918 0.302617
710 0.274512 0.0482871 0.226224 0.322799
711 0.274105 0.0367928 0.237312 0.310898
712 0.260506 0.00397115 0.256535 0.264477
713 0.267584 0.0221478 0.245436 0.289731
714 0.25933 0.00291434 0.256415 0.262244
715 0.261276 0.013121 0.248155 0.274397
716 0.265424 0.0146432 0.250781 0.280067
717 0.24913 0.00235589 0.246774 0.251486
718 0.247933 0.00128918 0.246644 0.249222
719 0.250926 0.0124981 0.238428 0.263425
720 0.255267 0.0286838 0.226583 0.283951
721 0.247035 0.00675678 0.240278 0.253792
722 0.24712 0.00646067 0.24066 0.253581
723 0.245388 0.000829255 0.244559 0.246218
724 0.249558 0.0117931 0.237765 0.261351
725 0.249259 0.0130545 0.236204 0.262313
726 0.250221 0.0152127 0.235008 0.265433
727 0.251097 0.0223918 0.228706 0.273489
728 0.245217 0.00138179 0.243835 0.246599
729 0.247227 0.00739225 0.239835 0.254619
730 0.255417 0.0263381 0.229079 0.281755
731 0.245645 0.00283803 0.242807 0.248483
732 0.248574 0.0127495 0.235825 0.261324
733 0.248638 0.0123009 0.236338 0.260939
734 0.250349 0.0180202 0.232329 0.268369
735 0.256379 0.0497176 0.206661 0.306097
736 0.246308 0.00246959 0.243838 0.248777
737 0.245388 0.00140281 0.243985 0.246791
738 0.246735 0.00326106 0.243474 0.249996
739 0.244768 0.0012041 0.243564 0.245972
740 0.249622 0.0121073 0.237515 0.261729
741 0.247355 0.00757975 0.239776 0.254935
742 0.246351 0.00308231 0.243268 0.249433
743 0.271903 0.0454976 0.226405 0.317401
744 0.253193 0.0219876 0.231205 0.275181
745 0.251504 0.0148765 0.236627 0.26638
746 0.254604 0.0267383 0.227866 0.281343
747 0.250028 0.00949767 0.240531 0.259526
748 0.253065 0.0193189 0.233746 0.272384
749 0.24851 0.00969739 0.238813 0.258208
750 0.247591 0.00483926 0.242751 0.25243
751 0.246479 0.00797468 0.238504 0.254453
752 0.248874 0.0133996 0.235474 0.262273
753 0.251504 0.0242778 0.227226 0.275782
754 0.24975 0.0142884 0.235462 0.264039
755 0.249558 0.0136371 0.235921 0.263195
756 0.253428 0.0236282 0.2298 0.277056
757 0.251589 0.0172971 0.234292 0.268886
758 0.248767 0.0136977 0.235069 0.262464
759 0.253856 0.0291858 0.22467 0.283042
760 0.249558 0.0107225 0.238835 0.26028
761 0.270577 0.0638472 0.20673 0.334424
762 0.246628 0.00121788 0.245411 0.247846
763 0.252102 0.0218943 0.230208 0.273997
764 0.248831 0.00688946 0.241941 0.25572
765 0.256422 0.0204423 0.235979 0.276864
766 0.248254 0.00499002 0.243264 0.253244
767 0.248981 0.0103034 0.238677 0.259284
768 0.258368 0.0280107 0.230357 0.286378
769 0.25114 0.0133171 0.237823 0.264457
770 0.260249 0.0371404 0.223109 0.29739
771 0.25392 0.0295456 0.224374 0.283466
772 0.261297 0.0344011 0.226896 0.295698
773 0.247826 0.00214468 0.245681 0.249971
774 0.247206 0.00220761 0.244998 0.249413
775 0.249237 0.00298011 0.246257 0.252217
776 0.248959 0.00513769 0.243822 0.254097
777 0.247954 0.00203575 0.245918 0.24999
778 0.250777 0.0132286 0.237548 0.264005
779 0.251162 0.0125516 0.23861 0.263713
780 0.247826 0.00383819 0.243988 0.251664
781 0.256914 0.0284376 0.228476 0.285351
782 0.248874 0.00935135 0.239522 0.258225
783 0.248596 0.0068024 0.241793 0.255398
784 0.24603 0.00114831 0.244881 0.247178
785 0.254048 0.00795079 0.246098 0.261999
786 0.251889 0.00599022 0.245898 0.257879
787 0.252658 0.0160656 0.236593 0.268724
788 0.253706 0.0385513 0.215155 0.292257
789 0.257683 0.00264481 0.255039 0.260328
790 0.258432 0.00743566 0.250996 0.265867
791 0.257619 0.00294865 0.254671 0.260568
792 0.269893 0.0366562 0.233237 0.306549
793 0.260805 0.0170372 0.243768 0.277842
794 0.256037 0.000845631 0.255191 0.256883
795 0.263286 0.0184484 0.244837 0.281734
796 0.256208 0.000926147 0.255282 0.257134
797 0.245602 0.0071804 0.238422 0.252783
798 0.247142 0.0132875 0.233854 0.260429
799 0.244234 0.00209026 0.242143 0.246324
