# ../output/graphs/perf_parallel88QUADRUPED_thread4
# step - mean (0.380918) - standard deviation (0.0370099) r=2 - ylow - yhigh
0 0.482392 0.133428 0.348965 0.61582
1 0.385743 0.0128295 0.372913 0.398572
2 0.375693 0.00662857 0.369065 0.382322
3 0.309834 0.0699212 0.239913 0.379756
4 0.383818 0.00919454 0.374624 0.393013
5 0.448822 0.0784743 0.370347 0.527296
6 0.382536 0.00064145 0.381894 0.383177
7 0.36992 0.0106914 0.359228 0.380611
8 0.386598 0.00513175 0.381466 0.39173
9 0.388523 0.003635 0.384888 0.392158
10 0.385315 0.0119743 0.373341 0.39729
11 0.38895 0.00534567 0.383605 0.394296
12 0.386812 0.00449032 0.382322 0.391302
13 0.382536 0.00149681 0.381039 0.384032
14 0.3789 0.00171061 0.37719 0.380611
15 0.383818 0.00705622 0.376762 0.390875
16 0.385529 0.00406271 0.381466 0.389592
17 0.381894 0.00256597 0.379328 0.38446
18 0.318174 0.0739839 0.24419 0.392158
19 0.37163 0.0145402 0.35709 0.386171
20 0.385315 0.00769773 0.377618 0.393013
21 0.332072 0.0853168 0.246756 0.417389
22 0.384246 0.00277971 0.381466 0.387026
23 0.316249 0.067783 0.248466 0.384032
24 0.381252 0.00449038 0.376762 0.385743
25 0.376976 0.00705628 0.36992 0.384032
26 0.375052 0.00128295 0.373769 0.376335
27 0.421024 0.0233071 0.397717 0.444331
28 0.390019 0.00384887 0.386171 0.393868
29 0.326299 0.0684244 0.257875 0.394724
30 0.382963 0.00106922 0.381894 0.384032
31 0.389806 0.00106916 0.388736 0.390875
32 0.384032 0.000855371 0.383177 0.384888
33 0.386812 0.00235212 0.38446 0.389164
34 0.390447 0.00128295 0.389164 0.39173
35 0.395579 0.000427648 0.395151 0.396007
36 0.381039 0.00470418 0.376335 0.385743
37 0.39451 0.00149675 0.393013 0.396006
38 0.387026 0.00555941 0.381466 0.392585
39 0.390233 0.00363506 0.386598 0.393868
40 0.389806 0.00748393 0.382322 0.39729
41 0.381894 0.00171061 0.380183 0.383605
42 0.388309 0.00598706 0.382322 0.394296
43 0.390233 0.00192447 0.388309 0.392158
44 0.386171 0.00256591 0.383605 0.388736
45 0.385529 0.00620103 0.379328 0.39173
46 0.385101 0.00577332 0.379328 0.390875
47 0.382749 0.0132572 0.369492 0.396006
48 0.378259 0.00491808 0.373341 0.383177
49 0.375907 0.000855237 0.375052 0.376762
50 0.373982 0.00235204 0.37163 0.376335
51 0.376976 0.00149681 0.375479 0.378473
52 0.376548 0.00320742 0.373341 0.379756
53 0.310476 0.0688521 0.241624 0.379328
54 0.373127 0.00491802 0.368209 0.378045
55 0.374838 0.00363506 0.371203 0.378473
56 0.306627 0.0620097 0.244617 0.368637
57 0.374196 0.00641479 0.367781 0.380611
58 0.3789 0.0021382 0.376762 0.381039
59 0.38168 0.00406273 0.377617 0.385743
60 0.380611 0.00342126 0.37719 0.384032
61 0.375479 0 0.375479 0.375479
62 0.371417 0.00149676 0.36992 0.372913
63 0.367354 0.00256591 0.364788 0.36992
64 0.379114 0.00449038 0.374624 0.383605
65 0.391089 0.00876689 0.382322 0.399855
66 0.330576 0.0513184 0.279257 0.381894
67 0.379756 0.00812538 0.37163 0.387881
68 0.38168 0.00192441 0.379756 0.383605
69 0.382108 0.0109051 0.371203 0.393013
70 0.308979 0.0716319 0.237347 0.380611
71 0.339556 0.0461865 0.29337 0.385743
72 0.407553 0.00171067 0.405843 0.409264
73 0.400497 0.00277977 0.397717 0.403277
74 0.397503 0.00149682 0.396006 0.399
75 0.39173 0.00641477 0.385315 0.398145
76 0.397503 0.00791159 0.389592 0.405415
77 0.400925 0.000213861 0.400711 0.401138
78 0.372913 0.0346399 0.338273 0.407553
79 0.404773 0.003635 0.401138 0.408408
80 0.327582 0.0709904 0.256592 0.398573
81 0.393013 0.00513187 0.387881 0.398145
82 0.319457 0.0722733 0.247183 0.39173
83 0.404987 0.00598718 0.399 0.410975
84 0.392158 0.00171061 0.390447 0.393868
85 0.400283 0.000855312 0.399428 0.401138
86 0.400283 0.00684242 0.393441 0.407126
87 0.402849 0.000427648 0.402421 0.403277
88 0.394724 0.00128295 0.393441 0.396007
89 0.327796 0.076336 0.25146 0.404132
90 0.396648 0.00149675 0.395151 0.398145
91 0.326727 0.0748392 0.251888 0.401566
92 0.395793 0.0010691 0.394724 0.396862
93 0.389806 0.000213861 0.389592 0.39002
94 0.399 0.00427651 0.394724 0.403277
95 0.39451 0.000213802 0.394296 0.394724
96 0.397717 0.00213832 0.395579 0.399856
97 0.400497 0.0010691 0.399428 0.401566
98 0.392799 0.00106916 0.39173 0.393868
99 0.326941 0.0741978 0.252743 0.401138
100 0.325658 0.0703489 0.255309 0.396007
101 0.391516 0.00149681 0.390019 0.393013
102 0.391302 0.000427648 0.390875 0.39173
103 0.400069 0.00363506 0.396434 0.403704
104 0.390233 0.00919454 0.381039 0.399428
105 0.391516 0.00277977 0.388736 0.394296
106 0.391089 0.00962219 0.381466 0.400711
107 0.399642 0.0010691 0.398573 0.400711
108 0.422949 0.0235209 0.399428 0.44647
109 0.400711 0 0.400711 0.400711
110 0.397076 0.00320742 0.393868 0.400283
111 0.387881 0.00384887 0.384032 0.39173
112 0.392158 0.00171061 0.390447 0.393868
113 0.393654 0.00106916 0.392585 0.394724
114 0.45374 0.0500354 0.403704 0.503775
115 0.408409 0.00898069 0.399428 0.417389
116 0.397076 0.0010691 0.396007 0.398145
117 0.391302 0.00213826 0.389164 0.393441
118 0.389806 0.00363508 0.386171 0.393441
119 0.389592 0.00940834 0.380183 0.399
120 0.388309 0.00384887 0.38446 0.392158
121 0.396434 0.013685 0.382749 0.410119
122 0.400497 0.0010691 0.399428 0.401566
123 0.386598 0.000427723 0.38617 0.387026
124 0.385315 0.00256597 0.382749 0.387881
125 0.390019 0.000427648 0.389592 0.390447
126 0.388523 0.00064145 0.387881 0.389164
127 0.384246 0.0010691 0.383177 0.385315
128 0.386598 0.00513187 0.381466 0.39173
129 0.385315 0.00128296 0.384032 0.386598
130 0.392158 0.00299361 0.389164 0.395151
131 0.381466 0.0102636 0.371203 0.39173
132 0.394724 0.000855312 0.393868 0.395579
133 0.392585 0.00128295 0.391302 0.393868
134 0.385101 0.0109051 0.374196 0.396006
135 0.390447 0.00213832 0.388309 0.392585
136 0.385957 0.00449036 0.381466 0.390447
137 0.386598 0.00513181 0.381466 0.39173
138 0.391302 0.00213832 0.389164 0.393441
139 0.388523 0.0010691 0.387454 0.389592
140 0.3789 0.00427657 0.374624 0.383177
141 0.393227 0.00106916 0.392158 0.394296
142 0.387026 0.000855312 0.386171 0.387881
143 0.393654 0.00491808 0.388736 0.398573
144 0.393441 0.00256591 0.390875 0.396006
145 0.389378 0.00320737 0.386171 0.392585
146 0.39451 0.0104775 0.384032 0.404987
147 0.314966 0.0733425 0.241624 0.388309
148 0.376976 0.00149681 0.375479 0.378473
149 0.38168 0.00235204 0.379328 0.384032
150 0.377617 0.00470416 0.372913 0.382322
151 0.385101 0.0023521 0.382749 0.387454
152 0.38895 0.0019244 0.387026 0.390875
153 0.383177 0.000855237 0.382322 0.384032
154 0.319029 0.0731286 0.2459 0.392158
155 0.380611 0.000855371 0.379756 0.381466
156 0.305772 0.0739839 0.231788 0.379756
157 0.313042 0.0769775 0.236064 0.390019
158 0.390447 0.00684242 0.383605 0.39729
159 0.388523 0.00235206 0.386171 0.390875
160 0.393227 0.00491802 0.388309 0.398145
161 0.395365 0.00235212 0.393013 0.397717
162 0.39173 0.00256591 0.389164 0.394296
163 0.396007 0.00256597 0.393441 0.398573
164 0.390661 0.00449038 0.386171 0.395151
165 0.390019 0.00299355 0.387026 0.393013
166 0.382108 0.00662863 0.375479 0.388736
167 0.381039 0.00171061 0.379328 0.382749
168 0.391089 0.00406271 0.387026 0.395151
169 0.393013 0.000427663 0.392585 0.393441
170 0.384888 0.00513183 0.379756 0.39002
171 0.384674 0.00235212 0.382322 0.387026
172 0.393227 0.00106916 0.392158 0.394296
173 0.390233 0.00449038 0.385743 0.394724
174 0.386171 0 0.386171 0.386171
175 0.397503 0.0143264 0.383177 0.41183
176 0.377404 0.000213847 0.37719 0.377618
177 0.372272 0.00406271 0.368209 0.376335
178 0.378473 0.000427589 0.378045 0.3789
179 0.379756 0.00684242 0.372913 0.386598
180 0.379328 0.00812538 0.371203 0.387453
181 0.381253 0.000213802 0.381039 0.381466
182 0.456519 0.0810402 0.375479 0.53756
183 0.378473 0.00213821 0.376335 0.380611
184 0.377404 0.0010691 0.376335 0.378473
185 0.307269 0.0686384 0.23863 0.375907
186 0.365643 0.00513177 0.360511 0.370775
187 0.373127 0.00491802 0.368209 0.378045
188 0.372913 0.00171061 0.371203 0.374624
189 0.376335 0.00171061 0.374624 0.378045
190 0.376762 0.00555953 0.371203 0.382322
191 0.380397 0.00235212 0.378045 0.382749
192 0.384032 0.00384887 0.380183 0.387881
193 0.380611 0.00171055 0.378901 0.382322
194 0.384246 0.00620097 0.378045 0.390447
195 0.385101 0.00192447 0.383177 0.387026
196 0.313897 0.070135 0.243762 0.384032
197 0.385315 0.0012829 0.384032 0.386598
198 0.38724 0.00534563 0.381894 0.392585
199 0.382963 0.003635 0.379328 0.386598
200 0.392585 0.00171055 0.390875 0.394296
201 0.410333 0.0143264 0.396006 0.424659
202 0.400283 0.000855371 0.399428 0.401138
203 0.395793 0.000213847 0.395579 0.396007
204 0.398359 0.00192446 0.396434 0.400283
205 0.389164 0.00342126 0.385743 0.392585
206 0.389592 0.000427648 0.389164 0.39002
207 0.397931 0.00235206 0.395579 0.400283
208 0.393013 0.00641483 0.386598 0.399428
209 0.384674 0.000641391 0.384032 0.385315
210 0.398359 0.003635 0.394724 0.401994
211 0.393441 0.00769767 0.385743 0.401138
212 0.392158 0.00427651 0.387881 0.396434
213 0.39451 0.00149681 0.393013 0.396007
214 0.390875 0.00256592 0.388309 0.393441
215 0.384888 0.00213832 0.382749 0.387026
216 0.393655 0.00277971 0.390875 0.396434
217 0.392799 0.0023521 0.390447 0.395151
218 0.387881 0.00299355 0.384888 0.390875
219 0.39622 0.00363502 0.392585 0.399855
220 0.385957 0.00577332 0.380183 0.39173
221 0.393441 0.00171055 0.39173 0.395151
222 0.390447 0.00128295 0.389164 0.39173
223 0.387881 0.00427657 0.383605 0.392158
224 0.398573 0.00171059 0.396862 0.400283
225 0.381894 0.0128296 0.369065 0.394724
226 0.389592 0.000427589 0.389164 0.390019
227 0.397717 0.00128302 0.396434 0.399
228 0.391089 0.0010691 0.39002 0.392158
229 0.467852 0.061582 0.40627 0.529434
230 0.400497 0.00791158 0.392585 0.408408
231 0.317532 0.0737701 0.243762 0.391302
232 0.390447 0.00384893 0.386598 0.394296
233 0.320098 0.0724872 0.247611 0.392585
234 0.385315 0.000855297 0.38446 0.386171
235 0.393441 0.00171067 0.39173 0.395151
236 0.398573 0 0.398573 0.398573
237 0.389164 0.000427648 0.388736 0.389592
238 0.326513 0.0780466 0.248466 0.40456
239 0.322664 0.0759084 0.246756 0.398572
240 0.395579 0.0012829 0.394296 0.396862
241 0.393227 0.00149682 0.39173 0.394724
242 0.397717 0.00299355 0.394724 0.400711
243 0.391516 0.000213847 0.391302 0.39173
244 0.313897 0.0761222 0.237775 0.390019
245 0.384246 0.00192446 0.382322 0.386171
246 0.345544 0.032074 0.31347 0.377618
247 0.378045 0.00299355 0.375052 0.381039
248 0.38895 0.00235212 0.386598 0.391302
249 0.384888 0.00427657 0.380611 0.389164
250 0.392158 0.000427708 0.39173 0.392585
251 0.384032 0.001283 0.382749 0.385315
252 0.385529 0.000641495 0.384888 0.386171
253 0.36992 0.00384887 0.366071 0.373769
254 0.372913 0.000427648 0.372486 0.373341
255 0.369706 0.00277971 0.366926 0.372486
256 0.381039 0.00384893 0.37719 0.384888
257 0.314325 0.0765498 0.237775 0.390875
258 0.385529 0.000641495 0.384888 0.386171
259 0.386384 0.000213802 0.386171 0.386598
260 0.386812 0.00064151 0.386171 0.387454
261 0.387026 0.00299357 0.384032 0.390019
262 0.315822 0.0716318 0.24419 0.387453
263 0.386171 0.0021382 0.384032 0.388309
264 0.382963 0.00705628 0.375907 0.39002
265 0.37997 0.00192446 0.378045 0.381894
266 0.382536 0.00235206 0.380183 0.384888
267 0.383177 0.00256597 0.380611 0.385743
268 0.424445 0.0472557 0.37719 0.471701
269 0.376548 0.00064145 0.375907 0.37719
270 0.416748 0.0382749 0.378473 0.455023
271 0.377404 0.00577326 0.37163 0.383177
272 0.3789 0.00171061 0.37719 0.380611
273 0.370561 0.00064151 0.36992 0.371203
274 0.37441 0.000213861 0.374196 0.374624
275 0.309407 0.0673553 0.242052 0.376762
276 0.321809 0.057947 0.263862 0.379756
277 0.378259 0.00705628 0.371203 0.385315
278 0.382322 0.00342122 0.3789 0.385743
279 0.305344 0.0731286 0.232216 0.378473
280 0.310476 0.0675693 0.242907 0.378045
281 0.377617 0.00342122 0.374196 0.381039
282 0.383818 0.00406273 0.379756 0.387881
283 0.381253 0.00919454 0.372058 0.390447
284 0.316036 0.0718457 0.24419 0.387881
285 0.37719 0.00384887 0.373341 0.381039
286 0.386384 0.00277977 0.383605 0.389164
287 0.397076 0.00192447 0.395151 0.399
288 0.319243 0.0771913 0.242052 0.396434
289 0.387881 0.000427589 0.387454 0.388309
290 0.391944 0.00192446 0.390019 0.393868
291 0.385529 0.0113328 0.374196 0.396862
292 0.387026 0.000855312 0.386171 0.387881
293 0.390875 0.00384887 0.387026 0.394724
294 0.388095 0.00705628 0.381039 0.395151
295 0.383605 0.00256591 0.381039 0.386171
296 0.384674 0.003635 0.381039 0.388309
297 0.395151 0.000855297 0.394296 0.396007
298 0.395365 0.00449038 0.390875 0.399855
299 0.393227 0.00705624 0.386171 0.400283
300 0.388309 0.0034212 0.384888 0.39173
301 0.393655 0.00320743 0.390447 0.396862
302 0.379328 0.00171055 0.377618 0.381039
303 0.382322 0.000855297 0.381466 0.383177
304 0.378901 0.00598718 0.372913 0.384888
305 0.383177 0.00641477 0.376762 0.389592
306 0.382749 0.0034212 0.379328 0.386171
307 0.377404 0.00491796 0.372486 0.382322
308 0.380611 0.00256597 0.378045 0.383177
309 0.383819 0.00192447 0.381894 0.385743
310 0.378687 0.00235212 0.376335 0.381039
311 0.378259 0.00577326 0.372486 0.384032
312 0.332072 0.0404132 0.291659 0.372486
313 0.379542 0.00149681 0.378045 0.381039
314 0.381039 0.00684243 0.374196 0.387881
315 0.38724 0.00449042 0.382749 0.39173
316 0.380825 0.00277977 0.378045 0.383605
317 0.382536 0.00620098 0.376335 0.388736
318 0.384246 0.00064145 0.383605 0.384888
319 0.376335 0.00342126 0.372913 0.379756
320 0.312614 0.062865 0.249749 0.375479
321 0.323306 0.0697075 0.253598 0.393013
322 0.38446 0.0021382 0.382322 0.386598
323 0.319671 0.0613682 0.258302 0.381039
324 0.387026 0.000855312 0.386171 0.387881
325 0.395793 0.0151817 0.380611 0.410975
326 0.389592 0.00855309 0.381039 0.398145
327 0.400711 0.00384881 0.396862 0.40456
328 0.391302 0.000427589 0.390875 0.39173
329 0.397503 0.00449038 0.393013 0.401994
330 0.39451 0.0010691 0.393441 0.395579
331 0.39622 0.00277977 0.393441 0.399
332 0.325444 0.0679967 0.257447 0.393441
333 0.327796 0.0771914 0.250605 0.404987
334 0.398359 0.00149681 0.396862 0.399856
335 0.397717 0.00855303 0.389164 0.40627
336 0.400497 0.00363506 0.396862 0.404132
337 0.257019 0.00641477 0.250605 0.263434
338 0.394724 0.000427708 0.394296 0.395151
339 0.394296 0.00384891 0.390447 0.398145
340 0.392372 0.0010691 0.391302 0.393441
341 0.395151 0.00684243 0.388309 0.401994
342 0.324161 0.0684245 0.255736 0.392585
343 0.394937 0.00064151 0.394296 0.395579
344 0.399855 0.00171061 0.398145 0.401566
345 0.395793 0.0023521 0.393441 0.398145
346 0.394938 0.0010691 0.393868 0.396007
347 0.397503 0.00149682 0.396006 0.399
348 0.393013 0.00641483 0.386598 0.399428
349 0.397076 0.00192441 0.395151 0.399
350 0.390875 0.00213832 0.388736 0.393013
351 0.397503 0.00192446 0.395579 0.399428
352 0.399642 0.00277971 0.396862 0.402421
353 0.402849 0.000855297 0.401994 0.403704
354 0.399428 0.00213826 0.39729 0.401566
355 0.402208 0.00320742 0.399 0.405415
356 0.329079 0.0746255 0.254453 0.403704
357 0.320098 0.0707766 0.249322 0.390875
358 0.395365 0.0010691 0.394296 0.396434
359 0.396434 0.000427723 0.396006 0.396862
360 0.400925 0.00149681 0.399428 0.402421
361 0.326085 0.0784743 0.247611 0.40456
362 0.400925 0.000641495 0.400283 0.401566
363 0.332286 0.0748393 0.257447 0.407126
364 0.395579 0.000855356 0.394724 0.396434
365 0.356449 0.038275 0.318174 0.394724
366 0.393441 0.00213826 0.391302 0.395579
367 0.40456 0.0094084 0.395151 0.413968
368 0.397717 0.00513183 0.392585 0.402849
369 0.393227 0.0100498 0.383177 0.403277
370 0.396007 0 0.396007 0.396007
371 0.385743 0.00213826 0.383605 0.387881
372 0.387454 0.000855356 0.386598 0.388309
373 0.385743 0.00299355 0.382749 0.388736
374 0.388737 0.00470418 0.384032 0.393441
375 0.384032 0.00128295 0.382749 0.385315
376 0.381253 0.00277981 0.378473 0.384032
377 0.382749 0.00384887 0.378901 0.386598
378 0.382322 0.000855297 0.381466 0.383177
379 0.393655 0.0117605 0.381894 0.405415
380 0.386384 0.00662863 0.379756 0.393013
381 0.313897 0.0722734 0.241624 0.386171
382 0.315394 0.0707766 0.244617 0.386171
383 0.3789 0.00256592 0.376335 0.381466
384 0.3789 0.00427651 0.374624 0.383177
385 0.390661 0.00192441 0.388736 0.392585
386 0.400711 0.00812544 0.392585 0.408836
387 0.397717 0.0102636 0.387454 0.407981
388 0.388523 0.00064145 0.387881 0.389164
389 0.395365 0.0113328 0.384032 0.406698
390 0.386171 0.00299363 0.383177 0.389164
391 0.390661 0.00277971 0.387881 0.393441
392 0.389592 0.012402 0.37719 0.401994
393 0.314753 0.0688521 0.2459 0.383605
394 0.311331 0.071418 0.239913 0.382749
395 0.382535 0.0019244 0.380611 0.38446
396 0.379114 0.00320736 0.375907 0.382322
397 0.385743 0.000427648 0.385315 0.386171
398 0.3124 0.0780466 0.234354 0.390447
399 0.383391 0.00534561 0.378045 0.388736
400 0.381466 0.00684242 0.374624 0.388309
401 0.385743 0.000427648 0.385315 0.386171
402 0.380397 0.000213847 0.380183 0.380611
403 0.386171 0.00427651 0.381894 0.390447
404 0.385315 0.00598718 0.379328 0.391302
405 0.381039 0.00342122 0.377618 0.38446
406 0.380183 0.00171061 0.378473 0.381894
407 0.308338 0.0705627 0.237775 0.3789
408 0.304703 0.0712042 0.233499 0.375907
409 0.392158 0.00128296 0.390875 0.393441
410 0.390875 0.00513181 0.385743 0.396006
411 0.319243 0.0699213 0.249322 0.389164
412 0.392158 0.00555953 0.386598 0.397717
413 0.39451 0.00106916 0.393441 0.395579
414 0.393441 0.000855312 0.392585 0.394296
415 0.388523 0.00277977 0.385743 0.391302
416 0.395365 0.00363502 0.39173 0.399
417 0.395365 0.00363502 0.39173 0.399
418 0.398786 0.00449038 0.394296 0.403277
419 0.399428 0.00128296 0.398145 0.400711
420 0.391089 0.000213861 0.390875 0.391302
421 0.399428 0.00513177 0.394296 0.40456
422 0.396648 0.00491802 0.39173 0.401566
423 0.389378 0.00406279 0.385315 0.393441
424 0.390019 0.000427648 0.389592 0.390447
425 0.386598 0.00513181 0.381466 0.39173
426 0.321381 0.0746254 0.246756 0.396006
427 0.321809 0.0707766 0.251032 0.392585
428 0.36714 0.0177476 0.349392 0.384888
429 0.383391 0.00620085 0.37719 0.389592
430 0.380183 0.00384881 0.376335 0.384032
431 0.376976 0.00320742 0.373769 0.380183
432 0.381253 0.00235212 0.3789 0.383605
433 0.386384 0.00406271 0.382322 0.390447
434 0.382108 0.00149676 0.380611 0.383605
435 0.373982 0.00406273 0.36992 0.378045
436 0.376121 0.00534563 0.370775 0.381466
437 0.384246 0.00791159 0.376335 0.392158
438 0.387667 0.00149682 0.386171 0.389164
439 0.380397 0.00320742 0.37719 0.383605
440 0.385743 0.00128296 0.38446 0.387026
441 0.380611 0.00299351 0.377618 0.383605
442 0.378687 0.00534573 0.373341 0.384032
443 0.380397 0.00192446 0.378473 0.382322
444 0.377831 0.00363502 0.374196 0.381466
445 0.38724 0.00491802 0.382322 0.392158
446 0.386384 0.000213802 0.386171 0.386598
447 0.375479 0.00256597 0.372913 0.378045
448 0.316036 0.0611543 0.254881 0.37719
449 0.386384 0.000213802 0.386171 0.386598
450 0.392799 0.000213802 0.392585 0.393013
451 0.396007 5.96046e-008 0.396006 0.396007
452 0.393013 0.000427663 0.392585 0.393441
453 0.390661 0.00149681 0.389164 0.392158
454 0.31347 0.0701351 0.243335 0.383605
455 0.395151 0.000855297 0.394296 0.396007
456 0.406056 0.00064151 0.405415 0.406698
457 0.416962 0.00641477 0.410547 0.423376
458 0.405629 0.00320731 0.402421 0.408836
459 0.393868 0.000855312 0.393013 0.394724
460 0.396434 0.00171059 0.394724 0.398145
461 0.391944 0.0010691 0.390875 0.393013
462 0.388736 0.00855309 0.380183 0.39729
463 0.397076 0.003635 0.393441 0.400711
464 0.39729 0.00427651 0.393013 0.401566
465 0.39173 0.00427651 0.387453 0.396006
466 0.395365 0.00320742 0.392158 0.398573
467 0.398573 0.000427604 0.398145 0.399
468 0.394082 0.00320742 0.390875 0.39729
469 0.399855 0.00171061 0.398145 0.401566
470 0.400711 0.000427604 0.400283 0.401138
471 0.393441 0.000855252 0.392585 0.394296
472 0.393868 0.00470416 0.389164 0.398572
473 0.39729 0.00598718 0.391302 0.403277
474 0.396862 0.000855312 0.396006 0.397717
475 0.40456 0.00342126 0.401138 0.407981
476 0.402207 0.00577326 0.396434 0.407981
477 0.395579 0.000427648 0.395151 0.396006
478 0.395793 0.00406267 0.39173 0.399855
479 0.392799 0.00406267 0.388736 0.396862
480 0.397931 0.000213906 0.397717 0.398145
481 0.399214 0.003635 0.395579 0.402849
482 0.400069 0.00149675 0.398573 0.401566
483 0.403063 0.000641495 0.402421 0.403704
484 0.40178 0.00406265 0.397717 0.405843
485 0.390019 0.00256586 0.387454 0.392585
486 0.400283 0.00384893 0.396434 0.404132
487 0.395579 0.00384887 0.39173 0.399428
488 0.397931 0.00277977 0.395151 0.400711
489 0.39622 0.00363506 0.392585 0.399855
490 0.400497 0.00064145 0.399856 0.401138
491 0.390233 0.00363512 0.386598 0.393868
492 0.397931 0.00064145 0.39729 0.398572
493 0.393655 0.00662862 0.387026 0.400283
494 0.403918 0.00064151 0.403277 0.40456
495 0.392585 0.00256591 0.39002 0.395151
496 0.400283 0.00470416 0.395579 0.404987
497 0.39729 0.00769779 0.389592 0.404987
498 0.389378 0.00363506 0.385743 0.393013
499 0.379328 0.00171061 0.377618 0.381039
500 0.383818 0.00149681 0.382322 0.385315
501 0.381466 0.00384893 0.377617 0.385315
502 0.387026 0.00684254 0.380183 0.393868
503 0.394296 0.000427663 0.393868 0.394724
504 0.388309 0.00727008 0.381039 0.395579
505 0.380825 0.000213847 0.380611 0.381039
506 0.375479 0.00598712 0.369492 0.381466
507 0.385315 0.00342122 0.381894 0.388736
508 0.386384 0.00064151 0.385743 0.387026
509 0.384032 5.96046e-008 0.384032 0.384032
510 0.375907 0.00128296 0.374624 0.37719
511 0.375693 0.00662857 0.369065 0.382322
512 0.389164 0.00470416 0.38446 0.393868
513 0.391944 0.00363508 0.388309 0.395579
514 0.39173 0.000855356 0.390875 0.392585
515 0.39173 0.00256591 0.389164 0.394296
516 0.392372 0.00106916 0.391302 0.393441
517 0.311973 0.0694936 0.242479 0.381466
518 0.385101 0.00449036 0.380611 0.389592
519 0.311331 0.0701351 0.241196 0.381466
520 0.375693 0.00534567 0.370347 0.381039
521 0.385957 0.00106916 0.384888 0.387026
522 0.381466 0.00898074 0.372486 0.390447
523 0.307269 0.0669277 0.240341 0.374196
524 0.38446 0.00213826 0.382322 0.386598
525 0.3789 0.00513181 0.373769 0.384032
526 0.385957 0.00064151 0.385315 0.386598
527 0.387881 0.000427589 0.387454 0.388309
528 0.382963 0.002352 0.380611 0.385315
529 0.377831 0.00235212 0.375479 0.380183
530 0.385315 0.00684248 0.378473 0.392158
531 0.3789 0.00213826 0.376762 0.381039
532 0.381894 0.00384893 0.378045 0.385743
533 0.318388 0.0605129 0.257875 0.3789
534 0.39173 0.000427648 0.391302 0.392158
535 0.384674 0.00320736 0.381466 0.387881
536 0.379756 5.96046e-008 0.379756 0.379756
537 0.384888 0.000427648 0.38446 0.385315
538 0.389592 0.00171061 0.387881 0.391302
539 0.421452 0.0348538 0.386598 0.456306
540 0.434495 0.0363505 0.398145 0.470846
541 0.375052 0.000855371 0.374196 0.375907
542 0.391302 0.00727014 0.384032 0.398573
543 0.39173 0.00213832 0.389592 0.393868
544 0.394296 0.00171061 0.392585 0.396007
545 0.400069 0.00235212 0.397717 0.402421
546 0.397503 0.000641495 0.396862 0.398145
547 0.393868 0.000427648 0.393441 0.394296
548 0.393013 0.00171061 0.391302 0.394724
549 0.392158 0.00256592 0.389592 0.394724
550 0.392799 0.00363506 0.389164 0.396434
551 0.398786 0.00534573 0.393441 0.404132
552 0.395793 0.00534569 0.390447 0.401138
553 0.391516 0.00449036 0.387026 0.396007
554 0.398359 0.00320742 0.395151 0.401566
555 0.392799 0.00491796 0.387881 0.397717
556 0.385529 0.00406271 0.381466 0.389592
557 0.386598 0.000855297 0.385743 0.387454
558 0.379756 0.00171061 0.378045 0.381466
559 0.379756 0.00256591 0.37719 0.382322
560 0.378259 0.00406267 0.374196 0.382322
561 0.316891 0.0667139 0.250177 0.383605
562 0.393227 0.00705628 0.386171 0.400283
563 0.384032 0.00128295 0.382749 0.385315
564 0.3789 0.00256592 0.376335 0.381466
565 0.376334 0.000427648 0.375907 0.376762
566 0.379328 0.00384893 0.375479 0.383177
567 0.375052 0.000855312 0.374196 0.375907
568 0.377404 0.00106916 0.376335 0.378473
569 0.383177 0.00299355 0.380183 0.386171
570 0.311545 0.0699213 0.241624 0.381466
571 0.383391 0.00363508 0.379756 0.387026
572 0.385529 0.000213802 0.385315 0.385743
573 0.377618 0.00342122 0.374196 0.381039
574 0.3789 0.00256592 0.376335 0.381466
575 0.381466 0.00213826 0.379328 0.383605
576 0.385315 0.00171061 0.383605 0.387026
577 0.378687 0.00235212 0.376335 0.381039
578 0.38724 0.00491802 0.382322 0.392158
579 0.387667 0.00149682 0.386171 0.389164
580 0.317532 0.0673553 0.250177 0.384888
581 0.386171 0.00171061 0.38446 0.387881
582 0.44369 0.0421238 0.401566 0.485814
583 0.392799 0.00534561 0.387454 0.398145
584 0.393013 0.00128296 0.39173 0.394296
585 0.398573 0.00342122 0.395151 0.401994
586 0.399 0.00299357 0.396007 0.401994
587 0.399428 0.000427648 0.399 0.399855
588 0.399428 0.00769779 0.39173 0.407126
589 0.317746 0.0744116 0.243334 0.392158
590 0.406912 0.000213847 0.406698 0.407126
591 0.394937 0.00320736 0.39173 0.398145
592 0.403063 0.000213861 0.402849 0.403277
593 0.400711 0.00213826 0.398573 0.402849
594 0.32245 0.0718457 0.250605 0.394296
595 0.39173 0.00171061 0.390019 0.393441
596 0.396862 0.000855252 0.396007 0.397717
597 0.400497 0.00449032 0.396007 0.404987
598 0.385957 0.00277971 0.383177 0.388736
599 0.32245 0.072701 0.249749 0.395151
600 0.394296 0.00128296 0.393013 0.395579
601 0.392799 0.00320742 0.389592 0.396007
602 0.393441 0.00384887 0.389592 0.39729
603 0.391089 0.00149681 0.389592 0.392585
604 0.321809 0.0712042 0.250605 0.393013
605 0.389164 0.00213826 0.387026 0.391302
606 0.386171 0.00513189 0.381039 0.391302
607 0.391089 0.00320742 0.387881 0.394296
608 0.319671 0.0712042 0.248466 0.390875
609 0.401566 0.00513177 0.396434 0.406698
610 0.326513 0.0635065 0.263007 0.39002
611 0.402207 0.00320736 0.399 0.405415
612 0.385743 0.00598718 0.379756 0.39173
613 0.317746 0.0705627 0.247183 0.388309
614 0.388095 0.000213787 0.387881 0.388309
615 0.396648 0.00534567 0.391302 0.401994
616 0.394082 0.0010691 0.393013 0.395151
617 0.388095 0.00791152 0.380183 0.396006
618 0.317105 0.0643617 0.252743 0.381466
619 0.385529 0.000641435 0.384888 0.386171
620 0.396862 0.00171061 0.395151 0.398573
621 0.397076 0.00620092 0.390875 0.403277
622 0.388095 0.00320742 0.384888 0.391302
623 0.382322 0.00171059 0.380611 0.384032
624 0.389592 0.00299355 0.386598 0.392585
625 0.385101 0.00363506 0.381466 0.388736
626 0.384246 0.00406277 0.380183 0.388309
627 0.379328 0.00769773 0.37163 0.387026
628 0.383819 0.00106916 0.382749 0.384888
629 0.383605 0.000427648 0.383177 0.384032
630 0.379542 0.000213787 0.379328 0.379756
631 0.373982 0.00363506 0.370347 0.377618
632 0.378473 0.00641479 0.372058 0.384888
633 0.392158 0.00598712 0.386171 0.398145
634 0.316891 0.0709904 0.2459 0.387881
635 0.368209 0.00171067 0.366498 0.36992
636 0.363933 5.96046e-008 0.363933 0.363933
637 0.327796 0.0446897 0.283106 0.372486
638 0.378473 0.00171067 0.376762 0.380183
639 0.383818 0.00577332 0.378045 0.389592
640 0.392799 0.00320742 0.389592 0.396007
641 0.387881 0.00513181 0.382749 0.393013
642 0.319884 0.0675691 0.252315 0.387453
643 0.386171 0.00641483 0.379756 0.392585
644 0.387026 0.00171067 0.385315 0.388736
645 0.388736 0.00171059 0.387026 0.390447
646 0.382749 0.00727014 0.375479 0.39002
647 0.393441 0.00128296 0.392158 0.394724
648 0.378473 0.00898068 0.369492 0.387453
649 0.381039 0.00128296 0.379756 0.382322
650 0.385529 0.0100498 0.375479 0.395579
651 0.310048 0.0735563 0.236492 0.383605
652 0.374196 0.000855371 0.373341 0.375052
653 0.376335 0.00128289 0.375052 0.377617
654 0.373982 0.00235216 0.37163 0.376335
655 0.382963 0.00919454 0.373769 0.392158
656 0.37441 0.00833924 0.366071 0.382749
657 0.312187 0.0692798 0.242907 0.381466
658 0.378259 0.00363506 0.374624 0.381894
659 0.378045 0.00299355 0.375052 0.381039
660 0.383605 0.00213826 0.381466 0.385743
661 0.37441 0.00277977 0.37163 0.37719
662 0.373555 0.000641435 0.372913 0.374196
663 0.390233 0.0151817 0.375052 0.405415
664 0.3124 0.0720596 0.240341 0.38446
665 0.386171 0.00769778 0.378473 0.393868
666 0.383177 0.00171055 0.381466 0.384888
667 0.384674 0.00149681 0.383177 0.386171
668 0.383605 0.0021382 0.381466 0.385743
669 0.376976 0.00192446 0.375052 0.378901
670 0.38446 0.00299349 0.381466 0.387453
671 0.388095 0.00277971 0.385315 0.390875
672 0.390875 0.00128296 0.389592 0.392158
673 0.388309 0 0.388309 0.388309
674 0.383819 0.00748388 0.376335 0.391302
675 0.42188 0.0335708 0.388309 0.45545
676 0.394724 0.000427708 0.394296 0.395151
677 0.389378 0.0010691 0.388309 0.390447
678 0.389378 0.000213787 0.389164 0.389592
679 0.382108 0.00620091 0.375907 0.388309
680 0.388095 0.00192441 0.386171 0.390019
681 0.391516 0.0023521 0.389164 0.393868
682 0.389378 0.00192441 0.387454 0.391302
683 0.312614 0.0662862 0.246328 0.378901
684 0.376121 0.0096222 0.366498 0.385743
685 0.383391 0.00149676 0.381894 0.384888
686 0.378259 0.00491802 0.373341 0.383177
687 0.376335 0.00384887 0.372486 0.380183
688 0.382749 0.000427648 0.382322 0.383177
689 0.3727 0.003635 0.369065 0.376335
690 0.371203 0.000855297 0.370347 0.372058
691 0.372058 0.00299363 0.369064 0.375052
692 0.376548 0.00748393 0.369065 0.384032
693 0.373982 0.00064151 0.373341 0.374624
694 0.376121 0.00277971 0.373341 0.3789
695 0.306841 0.0699213 0.23692 0.376762
696 0.379542 0.00320737 0.376335 0.382749
697 0.324375 0.048111 0.276264 0.372486
698 0.376762 0.00213826 0.374624 0.3789
699 0.385957 0.00534563 0.380611 0.391302
700 0.377404 0.00406267 0.373341 0.381466
701 0.371417 0.0010691 0.370347 0.372486
702 0.371416 0.00491802 0.366498 0.376335
703 0.378473 0.00470416 0.373769 0.383177
704 0.377831 0.00064145 0.37719 0.378473
705 0.393227 0.00406271 0.389164 0.39729
706 0.327796 0.0690659 0.25873 0.396862
707 0.388523 0.00320747 0.385315 0.39173
708 0.388523 0.00363506 0.384888 0.392158
709 0.389806 0.00149676 0.388309 0.391302
710 0.396862 0.00256591 0.394296 0.399428
711 0.39729 0.00513183 0.392158 0.402421
712 0.399 0.00299363 0.396006 0.401994
713 0.393013 0.00171065 0.391302 0.394724
714 0.395793 0.00534569 0.390447 0.401138
715 0.323733 0.0718457 0.251888 0.395579
716 0.39451 0.00320742 0.391302 0.397717
717 0.396648 0.00534561 0.391302 0.401994
718 0.40178 0.00064145 0.401138 0.402421
719 0.439841 0.0421238 0.397717 0.481965
720 0.393013 0.00213826 0.390875 0.395151
721 0.395365 0.00534561 0.39002 0.400711
722 0.391088 0.00149682 0.389592 0.392585
723 0.401566 0.001283 0.400283 0.402849
724 0.405201 0.000213861 0.404987 0.405415
725 0.322023 0.0735563 0.248466 0.395579
726 0.322664 0.0613682 0.261296 0.384032
727 0.397931 0.00277977 0.395151 0.400711
728 0.395365 0.00192446 0.393441 0.39729
729 0.399214 0.00235204 0.396862 0.401566
730 0.398359 0.00235206 0.396007 0.400711
731 0.391944 0.0019244 0.39002 0.393868
732 0.388095 0.0104776 0.377617 0.398573
733 0.400283 0.00513183 0.395151 0.405415
734 0.398145 0.0034212 0.394724 0.401566
735 0.389378 0.00064145 0.388736 0.390019
736 0.402421 0.000855312 0.401566 0.403277
737 0.397503 0.00149682 0.396006 0.399
738 0.396648 0.00277977 0.393868 0.399428
739 0.333997 0.0560226 0.277974 0.39002
740 0.397076 0.000213787 0.396862 0.39729
741 0.403277 0.000855297 0.402421 0.404132
742 0.397289 0.00299357 0.394296 0.400283
743 0.393868 0.00342122 0.390447 0.39729
744 0.391089 0.000213861 0.390875 0.391302
745 0.396434 0.00641477 0.39002 0.402849
746 0.391516 0.00491796 0.386598 0.396434
747 0.40178 0.000213802 0.401566 0.401994
748 0.39451 0.00064151 0.393868 0.395151
749 0.338487 0.0609406 0.277547 0.399428
750 0.396434 0.00342122 0.393013 0.399855
751 0.396007 0.00171061 0.394296 0.397717
752 0.396648 0.00577328 0.390875 0.402421
753 0.398786 0.00449038 0.394296 0.403277
754 0.387667 0.000641435 0.387026 0.388309
755 0.373555 0.00491802 0.368637 0.378473
756 0.386812 0.00064145 0.386171 0.387453
757 0.372913 0.000427708 0.372486 0.373341
758 0.3789 0.00342122 0.375479 0.382322
759 0.314325 0.0735563 0.240769 0.387881
760 0.306841 0.0626512 0.24419 0.369492
761 0.375907 0.000427648 0.375479 0.376335
762 0.380611 0.00384887 0.376762 0.38446
763 0.375479 0.00171067 0.373769 0.37719
764 0.369064 0.0124019 0.356663 0.381466
765 0.373982 0.00235204 0.37163 0.376335
766 0.371203 0.00256592 0.368637 0.373769
767 0.38168 0.00320737 0.378473 0.384888
768 0.382322 0.000427663 0.381894 0.382749
769 0.386812 0.00406271 0.382749 0.390875
770 0.312828 0.0677831 0.245045 0.380611
771 0.318815 0.0660724 0.252743 0.384888
772 0.388736 0.00555953 0.383177 0.394296
773 0.471701 0.228794 0.242907 0.700495
774 0.38446 0.000855297 0.383605 0.385315
775 0.37719 0.00427651 0.372913 0.381466
776 0.38446 0.00684243 0.377618 0.391302
777 0.385529 0.000213861 0.385315 0.385743
778 0.381039 0.00727013 0.373769 0.388309
779 0.391089 0.0010691 0.39002 0.392158
780 0.387454 0.00171061 0.385743 0.389164
781 0.384674 0.00449032 0.380183 0.389164
782 0.381894 0.00598718 0.375907 0.387881
783 0.388309 0.00384887 0.38446 0.392158
784 0.382108 0.00363502 0.378473 0.385743
785 0.381466 0.000855297 0.380611 0.382322
786 0.373982 0.00192447 0.372058 0.375907
787 0.385743 0.00384893 0.381894 0.389592
788 0.314325 0.0718457 0.242479 0.386171
789 0.382535 0.0117604 0.370775 0.394296
790 0.375479 0.00427657 0.371203 0.379756
791 0.383818 0.000213787 0.383605 0.384032
792 0.393227 0.0010691 0.392158 0.394296
793 0.385529 0.000213861 0.385315 0.385743
794 0.397931 0.00363506 0.394296 0.401566
795 0.383177 0.00128296 0.381894 0.38446
796 0.38168 0.00577332 0.375907 0.387454
797 0.379114 0.00705628 0.372058 0.386171
798 0.388309 0.00171067 0.386598 0.39002
799 0.393441 0.00128296 0.392158 0.394724
