# ../output/graphs/perf_serial69BIPED
# step - mean (0.223174) - standard deviation (0.0216157) r=20 - ylow - yhigh
0 0.236267 0.0110902 0.225177 0.247358
1 0.24954 0.0313578 0.218182 0.280898
2 0.239676 0.0117225 0.227953 0.251398
3 0.23918 0.0131074 0.226073 0.252288
4 0.239706 0.0181847 0.221521 0.25789
5 0.230472 0.00816184 0.22231 0.238634
6 0.231778 0.0105641 0.221214 0.242342
7 0.223535 0.0119556 0.211579 0.235491
8 0.222844 0.0109245 0.21192 0.233769
9 0.225667 0.0165996 0.209068 0.242267
10 0.227379 0.0141329 0.213246 0.241512
11 0.221613 0.00902667 0.212587 0.23064
12 0.218806 0.00625097 0.212555 0.225057
13 0.223025 0.0153189 0.207706 0.238343
14 0.224241 0.0178322 0.206409 0.242073
15 0.222889 0.00872331 0.214166 0.231613
16 0.225262 0.0282689 0.196993 0.253531
17 0.223685 0.0111677 0.212518 0.234853
18 0.227094 0.014045 0.213049 0.241139
19 0.224151 0.0117698 0.212381 0.235921
20 0.224361 0.010007 0.214354 0.234368
21 0.220472 0.00857145 0.211901 0.229044
22 0.220202 0.00813949 0.212062 0.228341
23 0.21789 0.0138 0.20409 0.23169
24 0.222454 0.0207605 0.201694 0.243215
25 0.224976 0.0167949 0.208182 0.241771
26 0.218866 0.00981135 0.209054 0.228677
27 0.220802 0.0131567 0.207646 0.233959
28 0.217289 0.00889808 0.208391 0.226187
29 0.216403 0.0152558 0.201147 0.231659
30 0.22867 0.030557 0.198113 0.259227
31 0.221568 0.0094337 0.212134 0.231002
32 0.223925 0.0212256 0.2027 0.245151
33 0.223085 0.014645 0.20844 0.23773
34 0.231703 0.0123901 0.219313 0.244093
35 0.240967 0.0156284 0.225338 0.256595
36 0.241207 0.017505 0.223702 0.258712
37 0.237183 0.0113119 0.225871 0.248495
38 0.236177 0.0128148 0.223362 0.248992
39 0.237664 0.010778 0.226886 0.248442
40 0.233039 0.00952227 0.223517 0.242562
41 0.236808 0.0169921 0.219816 0.2538
42 0.236282 0.0103725 0.22591 0.246655
43 0.23879 0.0167898 0.222 0.25558
44 0.244555 0.0168198 0.227736 0.261375
45 0.234931 0.00965245 0.225279 0.244583
46 0.236538 0.00934044 0.227197 0.245878
47 0.237844 0.0129154 0.224928 0.250759
48 0.238339 0.0157573 0.222582 0.254097
49 0.241297 0.0179148 0.223382 0.259212
50 0.239706 0.0128315 0.226874 0.252537
51 0.239811 0.0149869 0.224824 0.254798
52 0.240952 0.0161971 0.224755 0.257149
53 0.235682 0.0107465 0.224935 0.246428
54 0.240381 0.0183917 0.22199 0.258773
55 0.232243 0.00648123 0.225762 0.238725
56 0.234736 0.00966263 0.225073 0.244398
57 0.239766 0.0164238 0.223342 0.256189
58 0.239165 0.016589 0.222576 0.255754
59 0.23421 0.00748706 0.226723 0.241697
60 0.241117 0.0324671 0.20865 0.273584
61 0.239105 0.0138742 0.225231 0.252979
62 0.237964 0.015663 0.222301 0.253627
63 0.237438 0.0142373 0.223201 0.251676
64 0.239661 0.0115316 0.228129 0.251192
65 0.238039 0.0138846 0.224154 0.251924
66 0.240877 0.0195915 0.221285 0.260468
67 0.236267 0.0137546 0.222513 0.250022
68 0.282197 0.193215 0.0889815 0.475412
69 0.245366 0.0332359 0.21213 0.278602
70 0.235427 0.0100235 0.225403 0.24545
71 0.242318 0.0102787 0.232039 0.252597
72 0.237739 0.0104994 0.227239 0.248238
73 0.239045 0.0142751 0.22477 0.25332
74 0.236523 0.00713796 0.229385 0.243661
75 0.239706 0.0191416 0.220564 0.258847
76 0.235862 0.0106183 0.225244 0.24648
77 0.234541 0.00949715 0.225044 0.244038
78 0.238444 0.0141412 0.224303 0.252586
79 0.237919 0.0149293 0.22299 0.252848
80 0.239856 0.0107652 0.229091 0.250621
81 0.235532 0.00806614 0.227465 0.243598
82 0.238429 0.0109171 0.227512 0.249346
83 0.23876 0.0162755 0.222484 0.255035
84 0.236823 0.0124155 0.224407 0.249238
85 0.239721 0.0160951 0.223626 0.255816
86 0.238625 0.0250109 0.213614 0.263635
87 0.238805 0.0180323 0.220772 0.256837
88 0.237814 0.0146707 0.223143 0.252485
89 0.234676 0.0101879 0.224488 0.244864
90 0.242528 0.0118301 0.230698 0.254358
91 0.232709 0.00593895 0.22677 0.238648
92 0.237198 0.00904259 0.228156 0.246241
93 0.234691 0.00835941 0.226331 0.24305
94 0.232514 0.0080167 0.224497 0.24053
95 0.236703 0.0133748 0.223328 0.250078
96 0.240817 0.0138808 0.226936 0.254698
97 0.234451 0.00889833 0.225552 0.243349
98 0.2284 0.0140015 0.214398 0.242401
99 0.23379 0.0143702 0.21942 0.24816
100 0.228295 0.0129612 0.215333 0.241256
101 0.225457 0.00820652 0.21725 0.233663
102 0.230622 0.0102552 0.220367 0.240877
103 0.232664 0.0164233 0.216241 0.249087
104 0.241282 0.0220011 0.219281 0.263283
105 0.245832 0.0188232 0.227008 0.264655
106 0.242393 0.0148822 0.227511 0.257275
107 0.239015 0.0142092 0.224806 0.253224
108 0.22861 0.00888424 0.219726 0.237494
109 0.227814 0.0078244 0.21999 0.235639
110 0.228205 0.0102519 0.217953 0.238456
111 0.229105 0.0127887 0.216317 0.241894
112 0.240622 0.012203 0.228419 0.252825
113 0.23954 0.0128228 0.226718 0.252363
114 0.235216 0.0127773 0.222439 0.247994
115 0.234721 0.0100138 0.224707 0.244735
116 0.243264 0.0192532 0.224011 0.262517
117 0.237348 0.011845 0.225503 0.249193
118 0.23412 0.00794619 0.226174 0.242066
119 0.242168 0.012569 0.229599 0.254737
120 0.233445 0.0118325 0.221612 0.245277
121 0.236387 0.0108701 0.225517 0.247258
122 0.238009 0.0108601 0.227149 0.248869
123 0.232078 0.00848563 0.223593 0.240564
124 0.237198 0.0130115 0.224187 0.25021
125 0.236432 0.0112951 0.225137 0.247728
126 0.241162 0.0122461 0.228916 0.253408
127 0.239646 0.016872 0.222774 0.256518
128 0.238174 0.0120764 0.226098 0.250251
129 0.234195 0.0113836 0.222812 0.245579
130 0.239616 0.0356065 0.204009 0.275222
131 0.236493 0.0143755 0.222117 0.250868
132 0.236958 0.0144766 0.222481 0.251435
133 0.236342 0.0137444 0.222598 0.250087
134 0.231658 0.00769846 0.223959 0.239356
135 0.237198 0.0127327 0.224466 0.249931
136 0.231117 0.00603295 0.225084 0.23715
137 0.236883 0.0144754 0.222407 0.251358
138 0.233385 0.00823559 0.225149 0.24162
139 0.231523 0.0106913 0.220831 0.242214
140 0.230096 0.0104027 0.219694 0.240499
141 0.234135 0.0103694 0.223766 0.244505
142 0.232364 0.0113283 0.221035 0.243692
143 0.235036 0.0154315 0.219605 0.250468
144 0.232334 0.0131131 0.21922 0.245447
145 0.232844 0.0113135 0.221531 0.244158
146 0.233475 0.0103621 0.223113 0.243837
147 0.229646 0.00763577 0.22201 0.237282
148 0.230892 0.00761864 0.223274 0.238511
149 0.233024 0.0117016 0.221323 0.244726
150 0.233865 0.0132918 0.220573 0.247157
151 0.232319 0.0124966 0.219822 0.244815
152 0.237408 0.0160238 0.221385 0.253432
153 0.233024 0.0103767 0.222648 0.243401
154 0.237544 0.0245199 0.213024 0.262063
155 0.232889 0.0102515 0.222638 0.243141
156 0.23334 0.0085882 0.224751 0.241928
157 0.232769 0.0099292 0.22284 0.242698
158 0.23373 0.011006 0.222724 0.244736
159 0.235682 0.0125592 0.223123 0.248241
160 0.236913 0.0113327 0.22558 0.248246
161 0.235907 0.0117606 0.224146 0.247668
162 0.23424 0.0150224 0.219218 0.249263
163 0.237393 0.015462 0.221931 0.252855
164 0.239315 0.0131743 0.226141 0.25249
165 0.232409 0.0102078 0.222201 0.242616
166 0.237904 0.0160905 0.221813 0.253994
167 0.232979 0.0110375 0.221942 0.244017
168 0.239135 0.013635 0.2255 0.25277
169 0.236868 0.0160002 0.220868 0.252868
170 0.237093 0.0147345 0.222359 0.251828
171 0.239586 0.0178224 0.221763 0.257408
172 0.232874 0.00944861 0.223425 0.242323
173 0.235186 0.013848 0.221338 0.249034
174 0.233355 0.0107451 0.222609 0.2441
175 0.23421 0.0131917 0.221019 0.247402
176 0.237679 0.0181021 0.219577 0.255781
177 0.230967 0.00817331 0.222794 0.239141
178 0.232063 0.00974372 0.22232 0.241807
179 0.23867 0.0136596 0.22501 0.252329
180 0.238384 0.0155833 0.222801 0.253968
181 0.235877 0.00969124 0.226186 0.245568
182 0.236913 0.0116187 0.225294 0.248532
183 0.232619 0.00838139 0.224237 0.241
184 0.240486 0.0281754 0.212311 0.268662
185 0.238204 0.0136686 0.224536 0.251873
186 0.234075 0.008441 0.225634 0.242516
187 0.232664 0.0105984 0.222066 0.243262
188 0.233099 0.00772325 0.225376 0.240823
189 0.231132 0.00661257 0.22452 0.237745
190 0.237408 0.0146079 0.222801 0.252016
191 0.230367 0.00863939 0.221727 0.239006
192 0.231508 0.0102167 0.221291 0.241724
193 0.235637 0.0110632 0.224574 0.2467
194 0.232964 0.0147569 0.218207 0.247721
195 0.273143 0.141173 0.13197 0.414316
196 0.237288 0.0094219 0.227866 0.24671
197 0.236823 0.00855812 0.228265 0.245381
198 0.23418 0.00995007 0.22423 0.24413
199 0.226868 0.0188613 0.208007 0.24573
200 0.2187 0.00634889 0.212352 0.225049
201 0.225727 0.0150223 0.210705 0.240749
202 0.220067 0.00891523 0.211152 0.228982
203 0.222034 0.0131379 0.208896 0.235172
204 0.226118 0.0114161 0.214701 0.237534
205 0.221778 0.0139084 0.20787 0.235687
206 0.222889 0.0108053 0.212084 0.233695
207 0.227184 0.0160598 0.211124 0.243243
208 0.229196 0.0160922 0.213103 0.245288
209 0.221823 0.0115262 0.210297 0.23335
210 0.22379 0.0109862 0.212804 0.234777
211 0.226148 0.0131956 0.212952 0.239343
212 0.220127 0.00925478 0.210872 0.229382
213 0.231688 0.0295344 0.202154 0.261222
214 0.223325 0.0104883 0.212837 0.233813
215 0.220908 0.00906668 0.211841 0.229974
216 0.221418 0.0113226 0.210095 0.232741
217 0.226868 0.0229947 0.203874 0.249863
218 0.218505 0.00719772 0.211308 0.225703
219 0.216854 0.0117594 0.205094 0.228613
220 0.216779 0.0113916 0.205387 0.22817
221 0.214196 0.00839849 0.205798 0.222595
222 0.215337 0.0104834 0.204854 0.225821
223 0.21834 0.0112706 0.207069 0.229611
224 0.215337 0.00731307 0.208024 0.22265
225 0.221043 0.0140924 0.20695 0.235135
226 0.220052 0.0111454 0.208906 0.231197
227 0.213926 0.00671963 0.207206 0.220645
228 0.218896 0.0143573 0.204538 0.233253
229 0.215322 0.0101062 0.205216 0.225428
230 0.213836 0.00816869 0.205667 0.222004
231 0.227574 0.0100989 0.217475 0.237673
232 0.228805 0.0150194 0.213786 0.243825
233 0.226553 0.00881105 0.217742 0.235364
234 0.225607 0.00766302 0.217944 0.23327
235 0.230051 0.0111386 0.218913 0.24119
236 0.226133 0.00954214 0.21659 0.235675
237 0.227709 0.00963881 0.21807 0.237348
238 0.224961 0.0150283 0.209933 0.23999
239 0.228685 0.0100709 0.218614 0.238756
240 0.226418 0.00716364 0.219254 0.233581
241 0.272137 0.216679 0.0554576 0.488816
242 0.224121 0.0078019 0.216319 0.231923
243 0.227484 0.0115201 0.215964 0.239004
244 0.224031 0.00953316 0.214497 0.233564
245 0.225292 0.0099793 0.215312 0.235271
246 0.226238 0.00707332 0.219164 0.233311
247 0.231823 0.0312133 0.20061 0.263036
248 0.225907 0.00939386 0.216514 0.235301
249 0.226778 0.00891337 0.217865 0.235692
250 0.226463 0.01009 0.216373 0.236553
251 0.231192 0.0158761 0.215316 0.247069
252 0.224211 0.00999032 0.21422 0.234201
253 0.226433 0.0128636 0.213569 0.239296
254 0.224016 0.0104839 0.213532 0.234499
255 0.225502 0.0100704 0.215432 0.235572
256 0.226027 0.00923363 0.216794 0.235261
257 0.223685 0.0063388 0.217346 0.230024
258 0.224661 0.00854441 0.216117 0.233206
259 0.225592 0.00913188 0.21646 0.234724
260 0.227604 0.00991021 0.217694 0.237514
261 0.225247 0.00753294 0.217714 0.23278
262 0.226343 0.00950303 0.21684 0.235846
263 0.224826 0.0112101 0.213616 0.236036
264 0.225442 0.00802107 0.217421 0.233463
265 0.229376 0.0167943 0.212581 0.24617
266 0.228895 0.0158599 0.213035 0.244755
267 0.223925 0.00952162 0.214404 0.233447
268 0.227994 0.0105383 0.217456 0.238533
269 0.229226 0.0119842 0.217241 0.24121
270 0.226628 0.0108525 0.215776 0.237481
271 0.22864 0.0108393 0.217801 0.239479
272 0.227904 0.00959491 0.218309 0.237499
273 0.230652 0.0120852 0.218567 0.242737
274 0.226418 0.00931815 0.2171 0.235736
275 0.22867 0.00917111 0.219499 0.237841
276 0.227874 0.00802692 0.219847 0.235901
277 0.227289 0.0099766 0.217312 0.237265
278 0.219541 0.0124936 0.207048 0.232035
279 0.221223 0.0126717 0.208551 0.233895
280 0.215923 0.00827593 0.207647 0.224199
281 0.218941 0.0191044 0.199836 0.238045
282 0.21846 0.0125093 0.205951 0.23097
283 0.215833 0.00646485 0.209368 0.222298
284 0.216208 0.0097647 0.206443 0.225973
285 0.217034 0.00848011 0.208554 0.225514
286 0.216794 0.0104038 0.20639 0.227197
287 0.218355 0.0159009 0.202454 0.234256
288 0.220022 0.0111541 0.208868 0.231176
289 0.215848 0.00861552 0.207232 0.224463
290 0.219181 0.0129678 0.206213 0.232149
291 0.219271 0.0123537 0.206917 0.231625
292 0.217319 0.0101882 0.207131 0.227507
293 0.223235 0.0223308 0.200904 0.245566
294 0.217259 0.0105604 0.206699 0.227819
295 0.211073 0.0135336 0.197539 0.224607
296 0.210518 0.00880439 0.201713 0.219322
297 0.218941 0.00793235 0.211008 0.226873
298 0.220067 0.0113039 0.208763 0.231371
299 0.219001 0.0085817 0.210419 0.227582
300 0.228655 0.0177118 0.210943 0.246367
301 0.222289 0.00967232 0.212617 0.231961
302 0.222154 0.0183831 0.203771 0.240537
303 0.221929 0.0100905 0.211838 0.232019
304 0.227454 0.0190622 0.208392 0.246516
305 0.220562 0.00624319 0.214319 0.226805
306 0.222514 0.0139739 0.20854 0.236488
307 0.226328 0.0150852 0.211243 0.241413
308 0.234661 0.0115029 0.223158 0.246164
309 0.231568 0.0124344 0.219133 0.244002
310 0.230847 0.00931132 0.221536 0.240158
311 0.225112 0.00781344 0.217298 0.232925
312 0.229841 0.0146452 0.215196 0.244486
313 0.230757 0.014323 0.216434 0.24508
314 0.227694 0.0115159 0.216178 0.23921
315 0.226853 0.012583 0.21427 0.239436
316 0.230367 0.0146725 0.215694 0.245039
317 0.224136 0.0100708 0.214065 0.234206
318 0.22858 0.00920012 0.21938 0.23778
319 0.225052 0.00964132 0.21541 0.234693
320 0.216013 0.00902281 0.20699 0.225036
321 0.219977 0.015429 0.204548 0.235406
322 0.215397 0.00933995 0.206057 0.224737
323 0.21271 0.00833716 0.204373 0.221047
324 0.21834 0.0135652 0.204775 0.231905
325 0.216689 0.0120042 0.204684 0.228693
326 0.220622 0.0167993 0.203823 0.237422
327 0.213055 0.00788022 0.205175 0.220935
328 0.216343 0.0140625 0.202281 0.230406
329 0.216764 0.00992239 0.206841 0.226686
330 0.213911 0.00934148 0.204569 0.223252
331 0.212364 0.00674454 0.20562 0.219109
332 0.213971 0.0103076 0.203663 0.224278
333 0.21852 0.0147056 0.203815 0.233226
334 0.214331 0.0109591 0.203372 0.22529
335 0.212875 0.00764287 0.205232 0.220518
336 0.216538 0.0128995 0.203639 0.229438
337 0.215607 0.01107 0.204537 0.226677
338 0.211959 0.00599772 0.205961 0.217957
339 0.217529 0.0190122 0.198517 0.236542
340 0.215142 0.0113 0.203842 0.226442
341 0.211088 0.00842602 0.202662 0.219514
342 0.213746 0.0100319 0.203714 0.223778
343 0.213896 0.013335 0.200561 0.227231
344 0.210397 0.00671485 0.203683 0.217112
345 0.215833 0.0133278 0.202505 0.229161
346 0.213505 0.0091959 0.20431 0.222701
347 0.214121 0.0101777 0.203943 0.224299
348 0.215232 0.0106197 0.204612 0.225852
349 0.214106 0.0103867 0.203719 0.224493
350 0.221073 0.02109 0.199983 0.242163
351 0.21295 0.00785259 0.205097 0.220802
352 0.218085 0.0192621 0.198823 0.237347
353 0.218385 0.0159037 0.202481 0.234289
354 0.215022 0.0108531 0.204169 0.225875
355 0.213881 0.0116313 0.20225 0.225512
356 0.213746 0.00861971 0.205126 0.222365
357 0.215818 0.0127692 0.203048 0.228587
358 0.219346 0.0157377 0.203608 0.235084
359 0.218896 0.0190998 0.199796 0.237995
360 0.213776 0.00779821 0.205977 0.221574
361 0.21334 0.0110955 0.202245 0.224436
362 0.218475 0.0131561 0.205319 0.231631
363 0.216178 0.00900912 0.207169 0.225187
364 0.219271 0.0132773 0.205994 0.232548
365 0.215487 0.00968049 0.205807 0.225168
366 0.216869 0.00832109 0.208548 0.22519
367 0.216478 0.011281 0.205197 0.227759
368 0.214061 0.00712785 0.206933 0.221189
369 0.214151 0.00743133 0.20672 0.221582
370 0.216178 0.0134658 0.202712 0.229644
371 0.215863 0.00842645 0.207436 0.224289
372 0.217604 0.0103716 0.207233 0.227976
373 0.216223 0.00955489 0.206668 0.225778
374 0.216989 0.0141 0.202889 0.231089
375 0.21783 0.0110922 0.206737 0.228922
376 0.214031 0.00880102 0.20523 0.222832
377 0.21798 0.0141649 0.203815 0.232145
378 0.217274 0.0115942 0.20568 0.228868
379 0.214692 0.0105736 0.204118 0.225265
380 0.216749 0.00961984 0.207129 0.226368
381 0.21316 0.00664872 0.206511 0.219809
382 0.215322 0.0076314 0.207691 0.222954
383 0.217484 0.00968537 0.207799 0.22717
384 0.220592 0.0156125 0.20498 0.236205
385 0.21777 0.0119448 0.205825 0.229714
386 0.217694 0.0145057 0.203189 0.2322
387 0.216628 0.0120095 0.204619 0.228638
388 0.212514 0.00803917 0.204475 0.220554
389 0.219541 0.0219763 0.197565 0.241518
390 0.216989 0.0137941 0.203195 0.230783
391 0.215863 0.0100676 0.205795 0.22593
392 0.219181 0.0111766 0.208004 0.230357
393 0.218655 0.00826055 0.210395 0.226916
394 0.212514 0.0139083 0.198606 0.226423
395 0.220953 0.0236599 0.197293 0.244613
396 0.227003 0.0156454 0.211358 0.242649
397 0.220938 0.0160944 0.204843 0.237032
398 0.223235 0.0121509 0.211084 0.235386
399 0.228835 0.0335609 0.195274 0.262396
400 0.225967 0.0134757 0.212492 0.239443
401 0.221944 0.0102265 0.211717 0.23217
402 0.225322 0.0155862 0.209736 0.240908
403 0.220757 0.00745193 0.213305 0.228209
404 0.226913 0.0121679 0.214745 0.239081
405 0.220938 0.011012 0.209926 0.23195
406 0.224796 0.0143814 0.210415 0.239178
407 0.217349 0.00744062 0.209909 0.22479
408 0.221133 0.0114254 0.209707 0.232558
409 0.226898 0.0180077 0.208891 0.244906
410 0.209256 0.00836846 0.200888 0.217625
411 0.209827 0.0077901 0.202037 0.217617
412 0.212469 0.012357 0.200112 0.224826
413 0.21316 0.0142542 0.198906 0.227414
414 0.210247 0.0119076 0.19834 0.222155
415 0.211283 0.0129534 0.19833 0.224237
416 0.207244 0.0103477 0.196897 0.217592
417 0.211103 0.0216691 0.189434 0.232772
418 0.210127 0.0275555 0.182572 0.237683
419 0.205052 0.010362 0.19469 0.215414
420 0.20807 0.0156554 0.192415 0.223726
421 0.20286 0.00859712 0.194263 0.211457
422 0.203431 0.00511063 0.19832 0.208541
423 0.208866 0.017357 0.191509 0.226223
424 0.211478 0.0169255 0.194553 0.228404
425 0.206193 0.0103276 0.195866 0.216521
426 0.204392 0.00671082 0.197681 0.211102
427 0.222319 0.0141567 0.208162 0.236476
428 0.225562 0.0226553 0.202907 0.248217
429 0.221583 0.0208455 0.200738 0.242429
430 0.221193 0.0160806 0.205112 0.237273
431 0.221223 0.0205966 0.200626 0.24182
432 0.216403 0.00981089 0.206592 0.226214
433 0.220202 0.0121504 0.208051 0.232352
434 0.215592 0.0104888 0.205104 0.226081
435 0.215022 0.00762135 0.207401 0.222643
436 0.213641 0.00898335 0.204657 0.222624
437 0.215022 0.0104043 0.204618 0.225426
438 0.21798 0.0175475 0.200432 0.235527
439 0.216884 0.0141827 0.202701 0.231066
440 0.220908 0.0175414 0.203366 0.238449
441 0.216208 0.0134129 0.202795 0.229621
442 0.211929 0.00535397 0.206575 0.217283
443 0.217679 0.0147006 0.202979 0.23238
444 0.217304 0.0140922 0.203212 0.231396
445 0.213821 0.0060748 0.207746 0.219896
446 0.212289 0.00518159 0.207108 0.217471
447 0.221208 0.0257914 0.195416 0.246999
448 0.217244 0.00895771 0.208286 0.226202
449 0.215247 0.0102198 0.205027 0.225467
450 0.225742 0.0120516 0.213691 0.237794
451 0.231823 0.0127674 0.219056 0.24459
452 0.223685 0.00724369 0.216442 0.230929
453 0.230201 0.0149384 0.215263 0.24514
454 0.225997 0.00629777 0.2197 0.232295
455 0.232153 0.0187111 0.213442 0.250865
456 0.225817 0.0115827 0.214235 0.2374
457 0.229661 0.0100189 0.219642 0.23968
458 0.214016 0.00994002 0.204076 0.223956
459 0.221328 0.012892 0.208436 0.23422
460 0.217334 0.0115226 0.205812 0.228857
461 0.215818 0.00904219 0.206775 0.22486
462 0.220517 0.0165334 0.203984 0.237051
463 0.217619 0.0102425 0.207377 0.227862
464 0.224901 0.0232121 0.201689 0.248113
465 0.219872 0.0231835 0.196688 0.243055
466 0.21798 0.0107212 0.207259 0.228701
467 0.215022 0.00643801 0.208584 0.22146
468 0.21825 0.0095176 0.208732 0.227768
469 0.215067 0.00601823 0.209049 0.221085
470 0.21774 0.00827235 0.209467 0.226012
471 0.216899 0.0108546 0.206044 0.227753
472 0.220022 0.0127377 0.207284 0.232759
473 0.215352 0.00770654 0.207646 0.223059
474 0.216223 0.0108809 0.205342 0.227104
475 0.219406 0.0130051 0.206401 0.232411
476 0.219376 0.00840942 0.210967 0.227786
477 0.220983 0.0130782 0.207904 0.234061
478 0.217649 0.00809868 0.209551 0.225748
479 0.222409 0.0131313 0.209278 0.23554
480 0.224886 0.026368 0.198518 0.251254
481 0.219556 0.0111695 0.208387 0.230726
482 0.222154 0.0135857 0.208568 0.23574
483 0.218625 0.00738764 0.211238 0.226013
484 0.231778 0.04003 0.191748 0.271808
485 0.215052 0.00454943 0.210502 0.219601
486 0.219616 0.0117923 0.207824 0.231409
487 0.221058 0.0135687 0.207489 0.234626
488 0.217529 0.00912078 0.208409 0.22665
489 0.226493 0.0171499 0.209343 0.243643
490 0.217304 0.00813959 0.209164 0.225444
491 0.209782 0.00947144 0.20031 0.219253
492 0.206494 0.00581683 0.200677 0.212311
493 0.223986 0.0187972 0.205188 0.242783
494 0.215352 0.00597362 0.209379 0.221326
495 0.219301 0.00914532 0.210156 0.228446
496 0.215668 0.0053318 0.210336 0.220999
497 0.216403 0.00928242 0.207121 0.225686
498 0.222139 0.00974199 0.212397 0.231881
499 0.224796 0.0139172 0.210879 0.238713
500 0.215547 0.00143575 0.214112 0.216983
501 0.220938 0.0115691 0.209369 0.232507
502 0.226673 0.0143233 0.21235 0.240996
503 0.219541 0.0101513 0.20939 0.229693
504 0.217259 0.00779104 0.209468 0.22505
505 0.230126 0.00920878 0.220918 0.239335
506 0.227874 0.00702463 0.22085 0.234899
507 0.222634 0.00551944 0.217115 0.228154
508 0.227454 0.0156584 0.211795 0.243112
509 0.226058 0.0108589 0.215199 0.236916
510 0.224871 0.00830193 0.216569 0.233173
511 0.229541 0.0302577 0.199283 0.259799
512 0.278413 0.196937 0.0814755 0.47535
513 0.226298 0.0126134 0.213684 0.238911
514 0.222364 0.0101591 0.212205 0.232523
515 0.226073 0.0151258 0.210947 0.241198
516 0.216193 0.0105437 0.205649 0.226737
517 0.216238 0.0117558 0.204482 0.227994
518 0.220037 0.0116545 0.208382 0.231691
519 0.217995 0.0103286 0.207666 0.228323
520 0.216493 0.013405 0.203088 0.229898
521 0.217755 0.0100694 0.207685 0.227824
522 0.219376 0.01202 0.207356 0.231396
523 0.215187 0.0110012 0.204186 0.226188
524 0.214406 0.0159513 0.198455 0.230358
525 0.210743 0.00620633 0.204536 0.216949
526 0.212409 0.00769131 0.204718 0.220101
527 0.214541 0.00920985 0.205332 0.223751
528 0.214767 0.0103939 0.204373 0.225161
529 0.216583 0.0143703 0.202213 0.230954
530 0.211899 0.0101816 0.201717 0.222081
531 0.212094 0.00937224 0.202722 0.221466
532 0.215577 0.0108727 0.204705 0.22645
533 0.215803 0.0140721 0.201731 0.229875
534 0.217139 0.0122155 0.204923 0.229354
535 0.213806 0.00830612 0.2055 0.222112
536 0.216478 0.0142983 0.20218 0.230777
537 0.212469 0.00688472 0.205585 0.219354
538 0.214932 0.0125698 0.202362 0.227502
539 0.215457 0.00883355 0.206624 0.224291
540 0.219962 0.0172927 0.202669 0.237254
541 0.217349 0.0138229 0.203526 0.231172
542 0.220577 0.0201957 0.200382 0.240773
543 0.217875 0.0194865 0.198388 0.237361
544 0.212004 0.00624428 0.20576 0.218248
545 0.217905 0.0120682 0.205836 0.229973
546 0.212109 0.00695367 0.205155 0.219063
547 0.214346 0.00805849 0.206288 0.222405
548 0.215082 0.011158 0.203924 0.22624
549 0.216253 0.0140557 0.202197 0.230309
550 0.218745 0.016041 0.202704 0.234786
551 0.216208 0.0140787 0.202129 0.230287
552 0.216208 0.0126371 0.203571 0.228845
553 0.224016 0.0308156 0.1932 0.254831
554 0.220097 0.0142032 0.205894 0.2343
555 0.213821 0.00687752 0.206943 0.220698
556 0.213355 0.00683479 0.206521 0.22019
557 0.217109 0.013183 0.203926 0.230292
558 0.215938 0.0134645 0.202473 0.229402
559 0.213911 0.0106314 0.203279 0.224542
560 0.222364 0.0217415 0.200622 0.244105
561 0.21855 0.0145433 0.204007 0.233094
562 0.216163 0.019968 0.196195 0.236131
563 0.214361 0.00950275 0.204859 0.223864
564 0.220382 0.0325157 0.187866 0.252898
565 0.216448 0.00994704 0.206501 0.226395
566 0.212815 0.00639488 0.20642 0.21921
567 0.215923 0.0124587 0.203464 0.228381
568 0.213355 0.00851122 0.204844 0.221867
569 0.216824 0.0102936 0.20653 0.227117
570 0.218986 0.0232719 0.195714 0.242258
571 0.215562 0.0102729 0.20529 0.225835
572 0.214722 0.0093382 0.205383 0.22406
573 0.21828 0.011297 0.206983 0.229577
574 0.216133 0.0127599 0.203373 0.228893
575 0.213325 0.0064993 0.206826 0.219825
576 0.218295 0.0125991 0.205696 0.230894
577 0.215022 0.00882843 0.206193 0.22385
578 0.222664 0.0178103 0.204854 0.240475
579 0.215322 0.00974643 0.205576 0.225069
580 0.220202 0.0121341 0.208068 0.232336
581 0.2184 0.0141704 0.20423 0.232571
582 0.225157 0.0229326 0.202224 0.248089
583 0.213175 0.0108149 0.20236 0.22399
584 0.217274 0.0128018 0.204472 0.230076
585 0.212004 0.00630249 0.205702 0.218306
586 0.240967 0.115874 0.125093 0.356841
587 0.216103 0.0149483 0.201155 0.231051
588 0.216794 0.0120586 0.204735 0.228852
589 0.225727 0.0151894 0.210538 0.240917
590 0.219031 0.00858921 0.210442 0.22762
591 0.222874 0.0390651 0.183809 0.26194
592 0.221929 0.0201421 0.201786 0.242071
593 0.227018 0.0152968 0.211722 0.242315
594 0.225427 0.0131093 0.212318 0.238536
595 0.219421 0.00803524 0.211386 0.227456
596 0.224616 0.0117907 0.212825 0.236407
597 0.225277 0.0105078 0.214769 0.235785
598 0.220562 0.00816515 0.212397 0.228727
599 0.220427 0.0073128 0.213114 0.22774
600 0.219136 0.00840159 0.210734 0.227537
601 0.220848 0.00795764 0.21289 0.228805
602 0.228084 0.0179435 0.210141 0.246028
603 0.224886 0.0162844 0.208602 0.241171
604 0.222889 0.0173261 0.205563 0.240216
605 0.219766 0.00843126 0.211335 0.228198
606 0.221268 0.00842752 0.21284 0.229695
607 0.207169 0.00706279 0.200107 0.214232
608 0.216328 0.0124188 0.203909 0.228747
609 0.22334 0.0274827 0.195857 0.250823
610 0.209932 0.009742 0.20019 0.219674
611 0.214917 0.0164453 0.198471 0.231362
612 0.206569 0.0121296 0.194439 0.218698
613 0.207169 0.0119739 0.195195 0.219143
614 0.208506 0.0151714 0.193334 0.223677
615 0.209872 0.0111726 0.198699 0.221045
616 0.204046 0.00755243 0.196494 0.211599
617 0.208686 0.0237309 0.184955 0.232417
618 0.204227 0.00774309 0.196483 0.21197
619 0.204242 0.00655447 0.197687 0.210796
620 0.204031 0.00716646 0.196865 0.211198
621 0.206329 0.01026 0.196069 0.216589
622 0.204257 0.00641495 0.197842 0.210671
623 0.217935 0.0180957 0.199839 0.23603
624 0.214076 0.0111774 0.202899 0.225253
625 0.212034 0.00789017 0.204144 0.219924
626 0.212409 0.00855179 0.203858 0.220961
627 0.214677 0.00994174 0.204735 0.224618
628 0.215112 0.0124803 0.202632 0.227592
629 0.218715 0.0193909 0.199325 0.238106
630 0.213205 0.00690272 0.206302 0.220108
631 0.216854 0.0114568 0.205397 0.22831
632 0.215863 0.0102069 0.205656 0.22607
633 0.217259 0.0177954 0.199464 0.235054
634 0.212364 0.00823777 0.204127 0.220602
635 0.214376 0.0115955 0.202781 0.225972
636 0.214061 0.00921905 0.204842 0.22328
637 0.214151 0.0131506 0.201001 0.227302
638 0.217034 0.0140257 0.203008 0.23106
639 0.211929 0.0104899 0.201439 0.222419
640 0.21834 0.0130344 0.205306 0.231374
641 0.218715 0.011619 0.207096 0.230334
642 0.217514 0.00947804 0.208036 0.226992
643 0.229511 0.0121567 0.217354 0.241668
644 0.226658 0.0112505 0.215408 0.237909
645 0.226058 0.013707 0.212351 0.239765
646 0.229015 0.0130694 0.215946 0.242085
647 0.231132 0.0171125 0.21402 0.248245
648 0.227124 0.0110702 0.216053 0.238194
649 0.22828 0.00791453 0.220365 0.236194
650 0.230532 0.0181493 0.212383 0.248681
651 0.22358 0.00817673 0.215403 0.231757
652 0.224661 0.0101843 0.214477 0.234845
653 0.232213 0.0193033 0.21291 0.251517
654 0.222874 0.00855776 0.214317 0.231432
655 0.230277 0.0166754 0.213601 0.246952
656 0.223565 0.00784467 0.21572 0.23141
657 0.219827 0.0133409 0.206486 0.233167
658 0.216208 0.012375 0.203833 0.228583
659 0.216133 0.0124571 0.203676 0.22859
660 0.22304 0.0128156 0.210224 0.235855
661 0.221718 0.0229642 0.198754 0.244683
662 0.218866 0.012902 0.205964 0.231768
663 0.224526 0.012098 0.212428 0.236624
664 0.21289 0.00566701 0.207223 0.218557
665 0.217574 0.0131948 0.20438 0.230769
666 0.218956 0.0140621 0.204894 0.233018
667 0.222709 0.0187168 0.203993 0.241426
668 0.216433 0.00757471 0.208859 0.224008
669 0.217199 0.00983835 0.207361 0.227037
670 0.222244 0.0167874 0.205456 0.239031
671 0.226027 0.0221781 0.203849 0.248206
672 0.216704 0.00580753 0.210896 0.222511
673 0.22343 0.0381254 0.185305 0.261555
674 0.216824 0.00969867 0.207125 0.226522
675 0.22388 0.0176629 0.206218 0.241543
676 0.220262 0.0136232 0.206639 0.233885
677 0.221193 0.0163792 0.204814 0.237572
678 0.220367 0.0140807 0.206286 0.234448
679 0.217935 0.00881791 0.209117 0.226753
680 0.218715 0.0091222 0.209593 0.227838
681 0.22334 0.0118752 0.211465 0.235215
682 0.213821 0.00502701 0.208794 0.218848
683 0.21774 0.00768816 0.210051 0.225428
684 0.216869 0.0116671 0.205202 0.228536
685 0.218851 0.0101427 0.208708 0.228993
686 0.221403 0.0132233 0.20818 0.234626
687 0.207455 0.00792232 0.199532 0.215377
688 0.211854 0.0165681 0.195286 0.228422
689 0.220067 0.0109006 0.209166 0.230967
690 0.224766 0.0238951 0.200871 0.248661
691 0.220397 0.0101142 0.210283 0.230511
692 0.220547 0.0125032 0.208044 0.23305
693 0.220908 0.00926248 0.211645 0.23017
694 0.223355 0.0128349 0.21052 0.23619
695 0.224616 0.0109554 0.213661 0.235572
696 0.220277 0.00944955 0.210827 0.229727
697 0.223415 0.0120348 0.21138 0.23545
698 0.220727 0.0080332 0.212694 0.228761
699 0.225307 0.0132852 0.212022 0.238592
700 0.226178 0.0171705 0.209007 0.243348
701 0.234481 0.0135037 0.220977 0.247984
702 0.229481 0.00892955 0.220551 0.23841
703 0.22846 0.0141731 0.214287 0.242633
704 0.22828 0.0136311 0.214649 0.241911
705 0.235622 0.0163855 0.219236 0.252007
706 0.232018 0.0320641 0.199954 0.264082
707 0.227559 0.011818 0.215741 0.239377
708 0.233024 0.0205874 0.212437 0.253612
709 0.227784 0.0140391 0.213745 0.241823
710 0.22915 0.0127783 0.216372 0.241929
711 0.224751 0.0128391 0.211912 0.23759
712 0.224706 0.0096701 0.215036 0.234376
713 0.230862 0.0195655 0.211297 0.250428
714 0.229586 0.0149936 0.214592 0.244579
715 0.224196 0.00988922 0.214306 0.234085
716 0.221553 0.00958416 0.211969 0.231137
717 0.217649 0.0155472 0.202102 0.233197
718 0.216658 0.0078968 0.208762 0.224555
719 0.215758 0.0105864 0.205171 0.226344
720 0.210217 0.00681826 0.203399 0.217036
721 0.215653 0.0156704 0.199982 0.231323
722 0.213295 0.00929107 0.204004 0.222586
723 0.216553 0.0155436 0.20101 0.232097
724 0.212304 0.010024 0.20228 0.222328
725 0.215968 0.012734 0.203234 0.228702
726 0.212229 0.0106006 0.201629 0.22283
727 0.215217 0.0183624 0.196855 0.233579
728 0.214376 0.0101251 0.204251 0.224501
729 0.217634 0.0122472 0.205387 0.229882
730 0.216959 0.0202058 0.196753 0.237165
731 0.212454 0.00811642 0.204338 0.220571
732 0.210322 0.0123113 0.198011 0.222634
733 0.210488 0.0075291 0.202958 0.218017
734 0.215097 0.0120315 0.203065 0.227128
735 0.21292 0.0111676 0.201752 0.224087
736 0.218821 0.0132158 0.205605 0.232036
737 0.214481 0.0101193 0.204362 0.224601
738 0.218881 0.0127097 0.206171 0.23159
739 0.216899 0.0143264 0.202572 0.231225
740 0.216388 0.0150461 0.201342 0.231434
741 0.216914 0.0120102 0.204904 0.228924
742 0.216989 0.0196016 0.197387 0.23659
743 0.21852 0.0161641 0.202356 0.234684
744 0.211343 0.00614647 0.205197 0.21749
745 0.219406 0.0180177 0.201388 0.237424
746 0.213926 0.0106475 0.203278 0.224573
747 0.216373 0.0117606 0.204613 0.228134
748 0.209301 0.00659201 0.202709 0.215893
749 0.220727 0.0170781 0.203649 0.237805
750 0.212349 0.00847287 0.203876 0.220822
751 0.21313 0.00948926 0.203641 0.222619
752 0.211824 0.00793661 0.203887 0.21976
753 0.217785 0.018368 0.199417 0.236153
754 0.211884 0.00675577 0.205128 0.21864
755 0.219541 0.0201346 0.199407 0.239676
756 0.21825 0.0174172 0.200833 0.235667
757 0.216688 0.0147809 0.201908 0.231469
758 0.217319 0.0126472 0.204672 0.229966
759 0.214917 0.0106321 0.204285 0.225549
760 0.213355 0.00658824 0.206767 0.219944
761 0.219316 0.0205072 0.198809 0.239823
762 0.218866 0.0118358 0.20703 0.230701
763 0.21792 0.013183 0.204737 0.231103
764 0.217034 0.0106566 0.206377 0.22769
765 0.217724 0.0125158 0.205209 0.23024
766 0.215352 0.0121394 0.203213 0.227492
767 0.212755 0.00718093 0.205574 0.219936
768 0.221178 0.0171398 0.204038 0.238318
769 0.215788 0.00844469 0.207343 0.224232
770 0.216974 0.0136463 0.203327 0.23062
771 0.216343 0.0122087 0.204134 0.228552
772 0.216418 0.0113766 0.205042 0.227795
773 0.213085 0.00902437 0.204061 0.222109
774 0.217379 0.0133228 0.204056 0.230702
775 0.217019 0.0138775 0.203141 0.230896
776 0.217995 0.0192547 0.19874 0.237249
777 0.215637 0.00906599 0.206571 0.224703
778 0.2187 0.0142832 0.204417 0.232984
779 0.221433 0.0148239 0.206609 0.236257
780 0.217694 0.00986872 0.207826 0.227563
781 0.217409 0.0149895 0.20242 0.232399
782 0.215292 0.0100035 0.205289 0.225296
783 0.216598 0.0124067 0.204192 0.229005
784 0.217064 0.0134157 0.203648 0.23048
785 0.224406 0.0148025 0.209603 0.239208
786 0.215818 0.00731689 0.208501 0.223135
787 0.216899 0.012324 0.204575 0.229223
788 0.211313 0.00642232 0.204891 0.217736
789 0.219601 0.00735928 0.212242 0.226961
790 0.228655 0.0187928 0.209862 0.247448
791 0.220007 0.00784684 0.21216 0.227854
792 0.219076 0.00799833 0.211077 0.227074
793 0.22301 0.0118122 0.211197 0.234822
794 0.22382 0.0163511 0.207469 0.240171
795 0.226283 0.0149372 0.211346 0.24122
796 0.21858 0.00988261 0.208698 0.228463
797 0.209902 0.00885216 0.20105 0.218754
798 0.2078 0.00807325 0.199727 0.215873
799 0.211418 0.0109301 0.200488 0.222348
