# ../output/graphs/perf_parallel74QUADRUPED_thread3
# step - mean (0.251576) - standard deviation (0.0319525) r=20 - ylow - yhigh
0 0.237859 0.0358883 0.201971 0.273747
1 0.241132 0.0172231 0.223909 0.258355
2 0.241357 0.0298987 0.211459 0.271256
3 0.23894 0.00889489 0.230045 0.247835
4 0.240697 0.006638 0.234059 0.247335
5 0.241567 0.00807575 0.233492 0.249643
6 0.24439 0.00986269 0.234527 0.254253
7 0.241778 0.0149845 0.226793 0.256762
8 0.245681 0.0210128 0.224669 0.266694
9 0.246462 0.0192107 0.227251 0.265673
10 0.240682 0.0112984 0.229383 0.25198
11 0.241748 0.00778871 0.233959 0.249536
12 0.244735 0.0147881 0.229947 0.259524
13 0.23915 0.00901687 0.230133 0.248167
14 0.242183 0.0187685 0.223414 0.260952
15 0.239871 0.00868277 0.231188 0.248554
16 0.243264 0.0176085 0.225656 0.260873
17 0.244916 0.0164169 0.228499 0.261333
18 0.241853 0.0118754 0.229977 0.253728
19 0.241312 0.016331 0.224981 0.257643
20 0.240757 0.00835045 0.232406 0.249107
21 0.260456 0.0391838 0.221272 0.299639
22 0.24463 0.0173432 0.227287 0.261974
23 0.244961 0.0131894 0.231771 0.25815
24 0.245636 0.0173033 0.228333 0.26294
25 0.246057 0.0178209 0.228236 0.263878
26 0.242979 0.0102584 0.23272 0.253237
27 0.246883 0.0083873 0.238495 0.25527
28 0.242183 0.00772069 0.234462 0.249904
29 0.251402 0.0175441 0.233858 0.268946
30 0.241793 0.00908174 0.232711 0.250874
31 0.246762 0.0150177 0.231745 0.26178
32 0.250561 0.010705 0.239856 0.261266
33 0.246687 0.0111259 0.235561 0.257813
34 0.249165 0.0149056 0.234259 0.26407
35 0.254465 0.016122 0.238343 0.270587
36 0.24966 0.0131581 0.236502 0.262818
37 0.266882 0.0539314 0.21295 0.320813
38 0.249225 0.0155839 0.233641 0.264809
39 0.254135 0.0182397 0.235895 0.272374
40 0.251462 0.0146787 0.236783 0.266141
41 0.247048 0.0102912 0.236756 0.257339
42 0.247648 0.0169678 0.23068 0.264616
43 0.248219 0.0123252 0.235894 0.260544
44 0.246132 0.00891523 0.237217 0.255047
45 0.257693 0.0177776 0.239915 0.275471
46 0.246462 0.0085968 0.237865 0.255059
47 0.242123 0.0117881 0.230335 0.253911
48 0.252078 0.0280389 0.224039 0.280116
49 0.253564 0.0257936 0.22777 0.279358
50 0.245907 0.0139176 0.231989 0.259824
51 0.247843 0.012467 0.235376 0.26031
52 0.246627 0.0158415 0.230786 0.262469
53 0.242979 0.0113167 0.231662 0.254295
54 0.241312 0.00946715 0.231845 0.250779
55 0.241612 0.00866707 0.232945 0.25028
56 0.240471 0.00898943 0.231482 0.249461
57 0.23876 0.0125906 0.226169 0.25135
58 0.240667 0.0131046 0.227562 0.253771
59 0.245862 0.0167831 0.229078 0.262645
60 0.244886 0.0190016 0.225884 0.263887
61 0.242859 0.0110765 0.231782 0.253935
62 0.242033 0.0121823 0.229851 0.254215
63 0.240787 0.00724704 0.23354 0.248034
64 0.248114 0.0256665 0.222447 0.27378
65 0.248849 0.0207864 0.228063 0.269636
66 0.241928 0.0109304 0.230997 0.252858
67 0.247228 0.0276308 0.219597 0.274859
68 0.252303 0.0168485 0.235454 0.269151
69 0.247333 0.00877095 0.238562 0.256104
70 0.241147 0.00809749 0.23305 0.249245
71 0.246027 0.0124485 0.233578 0.258475
72 0.255171 0.00822204 0.246948 0.263393
73 0.259585 0.0110934 0.248491 0.270678
74 0.25418 0.00702603 0.247154 0.261206
75 0.257648 0.0161599 0.241488 0.273808
76 0.258248 0.0152581 0.24299 0.273507
77 0.256222 0.0129733 0.243248 0.269195
78 0.260741 0.0162828 0.244458 0.277024
79 0.255966 0.0123672 0.243599 0.268333
80 0.261447 0.0178903 0.243556 0.279337
81 0.297827 0.179145 0.118682 0.476971
82 0.25499 0.011914 0.243076 0.266904
83 0.258819 0.0113935 0.247425 0.270213
84 0.255321 0.0109972 0.244323 0.266318
85 0.253624 0.0152756 0.238348 0.2689
86 0.254074 0.00787072 0.246204 0.261945
87 0.268158 0.0279514 0.240207 0.296109
88 0.252738 0.0115965 0.241142 0.264335
89 0.25415 0.01114 0.24301 0.26529
90 0.257062 0.0151881 0.241874 0.27225
91 0.251717 0.012535 0.239182 0.264252
92 0.25469 0.0142763 0.240414 0.268966
93 0.256312 0.0124819 0.24383 0.268793
94 0.260756 0.0133601 0.247396 0.274116
95 0.251957 0.00706699 0.24489 0.259024
96 0.255576 0.00639968 0.249176 0.261976
97 0.257408 0.0127422 0.244666 0.27015
98 0.260651 0.0170888 0.243562 0.27774
99 0.259179 0.0129973 0.246182 0.272177
100 0.257618 0.0136464 0.243971 0.271264
101 0.251612 0.007326 0.244286 0.258938
102 0.25451 0.0108123 0.243698 0.265322
103 0.256372 0.0134377 0.242934 0.269809
104 0.254345 0.0106537 0.243691 0.264998
105 0.258609 0.0205871 0.238022 0.279196
106 0.256342 0.0162048 0.240137 0.272546
107 0.251552 0.00618486 0.245367 0.257737
108 0.250651 0.00673351 0.243918 0.257385
109 0.257107 0.0138812 0.243226 0.270989
110 0.258954 0.0164138 0.24254 0.275368
111 0.24939 0.00697388 0.242416 0.256364
112 0.258594 0.0221694 0.236424 0.280763
113 0.250726 0.0065896 0.244137 0.257316
114 0.24981 0.00613568 0.243675 0.255946
115 0.257918 0.0127914 0.245127 0.27071
116 0.253624 0.0134864 0.240138 0.26711
117 0.248714 0.0105066 0.238208 0.259221
118 0.253654 0.0203527 0.233301 0.274007
119 0.253609 0.0147002 0.238909 0.268309
120 0.246297 0.0100103 0.236287 0.256307
121 0.252408 0.0119334 0.240474 0.264341
122 0.252888 0.00884873 0.24404 0.261737
123 0.248204 0.0118496 0.236354 0.260053
124 0.244315 0.00897427 0.235341 0.253289
125 0.252948 0.019356 0.233592 0.272304
126 0.249255 0.0253991 0.223856 0.274654
127 0.246057 0.010048 0.236009 0.256105
128 0.250051 0.0121389 0.237912 0.26219
129 0.24382 0.0110845 0.232735 0.254904
130 0.298217 0.183553 0.114664 0.48177
131 0.252393 0.0112191 0.241174 0.263612
132 0.250606 0.0128102 0.237796 0.263416
133 0.251732 0.0140521 0.23768 0.265784
134 0.245471 0.00775971 0.237711 0.253231
135 0.250906 0.0180044 0.232902 0.268911
136 0.247828 0.00917386 0.238655 0.257002
137 0.251657 0.015417 0.23624 0.267074
138 0.251057 0.0162973 0.234759 0.267354
139 0.256417 0.0205905 0.235826 0.277007
140 0.259014 0.0147913 0.244223 0.273806
141 0.246417 0.007682 0.238735 0.254099
142 0.253489 0.0161781 0.237311 0.269667
143 0.255801 0.0299108 0.22589 0.285712
144 0.246657 0.00733984 0.239317 0.253997
145 0.251792 0.0116222 0.24017 0.263414
146 0.25448 0.0165253 0.237955 0.271005
147 0.252168 0.0161082 0.236059 0.268276
148 0.246177 0.00961375 0.236563 0.255791
149 0.248654 0.0163682 0.232286 0.265022
150 0.245862 0.0111633 0.234698 0.257025
151 0.253144 0.0222818 0.230862 0.275425
152 0.246087 0.00835618 0.237731 0.254443
153 0.248279 0.0127842 0.235495 0.261063
154 0.243084 0.00610001 0.236984 0.249184
155 0.246582 0.0127594 0.233823 0.259342
156 0.247198 0.0143275 0.23287 0.261525
157 0.245141 0.00876426 0.236377 0.253905
158 0.24927 0.0111709 0.238099 0.260441
159 0.248204 0.0136192 0.234585 0.261823
160 0.251147 0.0179818 0.233165 0.269128
161 0.247513 0.00764168 0.239871 0.255155
162 0.254885 0.0180075 0.236878 0.272893
163 0.251942 0.0147194 0.237223 0.266662
164 0.255065 0.0209911 0.234074 0.276057
165 0.251372 0.00874037 0.242632 0.260112
166 0.251552 0.0138966 0.237655 0.265449
167 0.252017 0.0168764 0.235141 0.268894
168 0.250231 0.0119472 0.238284 0.262178
169 0.249405 0.0123076 0.237097 0.261713
170 0.244375 0.00902697 0.235348 0.253402
171 0.244886 0.00874687 0.236139 0.253632
172 0.252588 0.0142453 0.238343 0.266833
173 0.249525 0.0174179 0.232107 0.266943
174 0.244961 0.0122795 0.232681 0.25724
175 0.245351 0.020685 0.224666 0.266036
176 0.248084 0.015868 0.232216 0.263952
177 0.238535 0.00462998 0.233905 0.243164
178 0.240426 0.00828072 0.232146 0.248707
179 0.25454 0.0229809 0.231559 0.277521
180 0.247949 0.0176924 0.230256 0.265641
181 0.241973 0.012181 0.229792 0.254154
182 0.241943 0.0122307 0.229712 0.254173
183 0.241703 0.0113955 0.230307 0.253098
184 0.243414 0.00900386 0.23441 0.252418
185 0.247633 0.0256524 0.221981 0.273286
186 0.240546 0.00734909 0.233197 0.247896
187 0.243594 0.0149451 0.228649 0.258539
188 0.242769 0.0169384 0.22583 0.259707
189 0.238459 0.0081593 0.2303 0.246619
190 0.239856 0.00692026 0.232936 0.246776
191 0.243159 0.0158355 0.227323 0.258994
192 0.251627 0.0184556 0.233172 0.270083
193 0.275365 0.13441 0.140955 0.409775
194 0.248234 0.0174582 0.230776 0.265692
195 0.286626 0.168598 0.118028 0.455223
196 0.247813 0.0155942 0.232219 0.263408
197 0.244495 0.00720543 0.23729 0.251701
198 0.247633 0.0109633 0.23667 0.258597
199 0.242633 0.00685027 0.235783 0.249484
200 0.254945 0.00786562 0.24708 0.262811
201 0.257288 0.0158308 0.241457 0.273118
202 0.254645 0.0144485 0.240196 0.269094
203 0.253729 0.0145343 0.239195 0.268263
204 0.25457 0.0113896 0.24318 0.26596
205 0.256041 0.0135982 0.242443 0.26964
206 0.252378 0.0112488 0.241129 0.263627
207 0.255261 0.0118519 0.243409 0.267113
208 0.250801 0.00986832 0.240933 0.26067
209 0.256627 0.0163932 0.240234 0.27302
210 0.255666 0.0180029 0.237663 0.273669
211 0.263534 0.0334846 0.230049 0.297018
212 0.256852 0.0181431 0.238709 0.274995
213 0.251657 0.00862905 0.243028 0.260286
214 0.253264 0.0147779 0.238486 0.268042
215 0.246387 0.0106175 0.23577 0.257005
216 0.25451 0.0141931 0.240317 0.268703
217 0.249991 0.0105894 0.239401 0.26058
218 0.252303 0.0136681 0.238635 0.265971
219 0.248819 0.0123741 0.236445 0.261194
220 0.256942 0.0190449 0.237897 0.275987
221 0.256732 0.0127336 0.243998 0.269466
222 0.248804 0.00797123 0.240833 0.256776
223 0.251357 0.014014 0.237343 0.265371
224 0.252513 0.00954376 0.242969 0.262057
225 0.252318 0.0132106 0.239107 0.265528
226 0.253444 0.0102772 0.243167 0.263721
227 0.257273 0.0273979 0.229875 0.28467
228 0.25421 0.010586 0.243624 0.264796
229 0.260245 0.0178047 0.242441 0.27805
230 0.251537 0.0174111 0.234126 0.268948
231 0.252603 0.0140038 0.238599 0.266607
232 0.251072 0.0164831 0.234589 0.267555
233 0.253924 0.0195975 0.234327 0.273522
234 0.24966 0.0104772 0.239183 0.260137
235 0.25487 0.0107874 0.244083 0.265658
236 0.252828 0.0135601 0.239268 0.266388
237 0.256432 0.0121041 0.244328 0.268536
238 0.252408 0.0102576 0.24215 0.262665
239 0.254029 0.0124981 0.241531 0.266528
240 0.263233 0.0246777 0.238556 0.287911
241 0.256342 0.0126344 0.243707 0.268976
242 0.255681 0.00803545 0.247646 0.263716
243 0.256327 0.01498 0.241347 0.271307
244 0.250201 0.010319 0.239882 0.26052
245 0.310003 0.242692 0.0673116 0.552695
246 0.24948 0.0121149 0.237365 0.261595
247 0.250186 0.0151049 0.235081 0.265291
248 0.248399 0.0194822 0.228917 0.267881
249 0.251687 0.0132319 0.238455 0.264919
250 0.247889 0.00937243 0.238516 0.257261
251 0.243669 0.00723346 0.236436 0.250903
252 0.244841 0.00880788 0.236033 0.253648
253 0.240426 0.0097971 0.230629 0.250223
254 0.237979 0.00680305 0.231176 0.244782
255 0.243955 0.0142235 0.229731 0.258178
256 0.252153 0.023023 0.22913 0.275176
257 0.255291 0.0328369 0.222454 0.288128
258 0.253624 0.0333508 0.220273 0.286975
259 0.277047 0.129631 0.147415 0.406678
260 0.245171 0.00826884 0.236902 0.25344
261 0.252033 0.0232283 0.228804 0.275261
262 0.251567 0.0166458 0.234921 0.268213
263 0.245456 0.0133642 0.232092 0.25882
264 0.24936 0.0151241 0.234236 0.264484
265 0.242153 0.0117483 0.230405 0.253901
266 0.264104 0.0616075 0.202497 0.325712
267 0.245486 0.0152106 0.230276 0.260697
268 0.243174 0.0140186 0.229155 0.257193
269 0.241793 0.0119214 0.229871 0.253714
270 0.241597 0.0118724 0.229725 0.25347
271 0.241537 0.009469 0.232068 0.251006
272 0.246132 0.012082 0.23405 0.258214
273 0.243624 0.0111351 0.232489 0.254759
274 0.24376 0.0153802 0.228379 0.25914
275 0.286446 0.189858 0.096588 0.476303
276 0.246822 0.0115381 0.235284 0.258361
277 0.244375 0.00903895 0.235336 0.253414
278 0.245486 0.0146541 0.230832 0.26014
279 0.237979 0.00558529 0.232394 0.243564
280 0.250906 0.0237364 0.22717 0.274643
281 0.247048 0.0169665 0.230081 0.264014
282 0.251342 0.0174325 0.233909 0.268774
283 0.248219 0.0107289 0.23749 0.258948
284 0.249645 0.0145856 0.23506 0.264231
285 0.244705 0.00837042 0.236335 0.253076
286 0.308036 0.23643 0.0716067 0.544466
287 0.253969 0.0125802 0.241389 0.26655
288 0.257633 0.0173772 0.240256 0.27501
289 0.256146 0.0153735 0.240773 0.27152
290 0.248114 0.0110476 0.237066 0.259161
291 0.251837 0.0112037 0.240634 0.263041
292 0.251117 0.0090341 0.242083 0.260151
293 0.252108 0.0168514 0.235256 0.268959
294 0.248714 0.00888413 0.23983 0.257598
295 0.253234 0.0238101 0.229424 0.277044
296 0.247603 0.012002 0.235601 0.259605
297 0.250606 0.0119459 0.23866 0.262552
298 0.254195 0.0117514 0.242443 0.265946
299 0.252648 0.0121535 0.240495 0.264802
300 0.252828 0.0110155 0.241813 0.263844
301 0.252813 0.0145269 0.238286 0.26734
302 0.243985 0.00693043 0.237054 0.250915
303 0.252273 0.0184094 0.233863 0.270682
304 0.245066 0.0130655 0.232 0.258131
305 0.250846 0.0146035 0.236243 0.26545
306 0.247093 0.0104146 0.236678 0.257507
307 0.239165 0.00648963 0.232675 0.245655
308 0.249615 0.0171225 0.232493 0.266738
309 0.248444 0.0145153 0.233929 0.262959
310 0.245756 0.0157731 0.229983 0.26153
311 0.245771 0.0118279 0.233944 0.257599
312 0.244345 0.011892 0.232453 0.256237
313 0.247513 0.0134628 0.23405 0.260976
314 0.242318 0.00721536 0.235103 0.249534
315 0.243985 0.0126701 0.231315 0.256655
316 0.24903 0.0157765 0.233253 0.264806
317 0.248159 0.0165963 0.231562 0.264755
318 0.246387 0.0137175 0.23267 0.260105
319 0.243669 0.0109247 0.232745 0.254594
320 0.246747 0.00968082 0.237067 0.256428
321 0.240321 0.00553062 0.234791 0.245852
322 0.247828 0.0131844 0.234644 0.261013
323 0.258339 0.0273571 0.230981 0.285696
324 0.253954 0.0164195 0.237535 0.270374
325 0.245681 0.00641823 0.239263 0.2521
326 0.250036 0.0140451 0.23599 0.264081
327 0.260441 0.0131464 0.247294 0.273587
328 0.255666 0.0119632 0.243703 0.267629
329 0.257092 0.0142406 0.242852 0.271333
330 0.258834 0.0153037 0.24353 0.274138
331 0.257618 0.0161194 0.241499 0.273737
332 0.258414 0.0142789 0.244135 0.272693
333 0.260471 0.0115228 0.248948 0.271993
334 0.256492 0.00971344 0.246778 0.266205
335 0.256462 0.010713 0.245749 0.267175
336 0.262002 0.0184228 0.243579 0.280425
337 0.262438 0.027237 0.235201 0.289674
338 0.256867 0.0111639 0.245703 0.268031
339 0.268563 0.0452334 0.22333 0.313797
340 0.258248 0.0211298 0.237119 0.279378
341 0.24936 0.00459982 0.24476 0.25396
342 0.257528 0.0185768 0.238951 0.276105
343 0.262603 0.0199999 0.242603 0.282603
344 0.257408 0.0133912 0.244016 0.270799
345 0.268744 0.0371576 0.231586 0.305901
346 0.257197 0.0129234 0.244274 0.270121
347 0.262693 0.0224889 0.240204 0.285182
348 0.25939 0.0149421 0.244448 0.274332
349 0.251267 0.00697865 0.244288 0.258245
350 0.257318 0.0190261 0.238292 0.276344
351 0.253579 0.00738886 0.24619 0.260968
352 0.268533 0.0269403 0.241593 0.295474
353 0.257167 0.00992017 0.247247 0.267088
354 0.252723 0.0077707 0.244952 0.260494
355 0.255666 0.00929218 0.246374 0.264958
356 0.259495 0.0104206 0.249074 0.269915
357 0.257423 0.0177572 0.239666 0.27518
358 0.258233 0.0211256 0.237108 0.279359
359 0.258264 0.0153222 0.242941 0.273586
360 0.252708 0.00966607 0.243042 0.262374
361 0.252948 0.0124746 0.240474 0.265423
362 0.260035 0.0120705 0.247965 0.272106
363 0.257453 0.01143 0.246023 0.268883
364 0.251882 0.0109458 0.240937 0.262828
365 0.253774 0.0096106 0.244164 0.263385
366 0.25502 0.0165989 0.238421 0.271619
367 0.25448 0.0111817 0.243298 0.265662
368 0.252378 0.0140121 0.238366 0.26639
369 0.254945 0.00629032 0.248655 0.261236
370 0.26457 0.0314605 0.233109 0.29603
371 0.251297 0.0177431 0.233554 0.26904
372 0.251297 0.0130756 0.238221 0.264372
373 0.251267 0.0165467 0.23472 0.267813
374 0.251477 0.0128225 0.238654 0.2643
375 0.279674 0.135771 0.143904 0.415445
376 0.247678 0.00961609 0.238062 0.257294
377 0.254255 0.0370917 0.217163 0.291346
378 0.245621 0.0138294 0.231792 0.259451
379 0.246762 0.00830443 0.238458 0.255067
380 0.250201 0.0131363 0.237064 0.263337
381 0.247603 0.0119122 0.235691 0.259515
382 0.245877 0.0109926 0.234884 0.256869
383 0.250621 0.0189711 0.23165 0.269592
384 0.255786 0.0202653 0.235521 0.276051
385 0.245591 0.00590148 0.23969 0.251493
386 0.257243 0.0116093 0.245633 0.268852
387 0.248429 0.00802176 0.240407 0.256451
388 0.294929 0.211083 0.0838454 0.506012
389 0.254645 0.0183528 0.236292 0.272998
390 0.249255 0.0134791 0.235776 0.262734
391 0.248955 0.0125693 0.236385 0.261524
392 0.249225 0.0148011 0.234424 0.264026
393 0.244555 0.00663183 0.237923 0.251187
394 0.245441 0.00837493 0.237066 0.253816
395 0.247828 0.014286 0.233542 0.262114
396 0.244135 0.0122619 0.231873 0.256397
397 0.247633 0.0142228 0.23341 0.261856
398 0.251837 0.0190418 0.232796 0.270879
399 0.247003 0.0169902 0.230012 0.263993
400 0.243444 0.0075903 0.235854 0.251035
401 0.24924 0.0162206 0.233019 0.26546
402 0.251327 0.0184326 0.232894 0.269759
403 0.24463 0.0129178 0.231713 0.257548
404 0.246327 0.0121385 0.234188 0.258466
405 0.248294 0.0147213 0.233573 0.263015
406 0.250396 0.0225089 0.227887 0.272905
407 0.243384 0.0131719 0.230212 0.256556
408 0.242919 0.00698808 0.235931 0.249907
409 0.247633 0.0113509 0.236282 0.258984
410 0.253684 0.0171721 0.236512 0.270856
411 0.246417 0.00948524 0.236932 0.255902
412 0.251387 0.0160786 0.235308 0.267465
413 0.251942 0.0131508 0.238792 0.265093
414 0.250876 0.00929174 0.241585 0.260168
415 0.252648 0.0107796 0.241868 0.263428
416 0.258083 0.0186526 0.239431 0.276736
417 0.261477 0.0199512 0.241525 0.281428
418 0.252138 0.00897119 0.243166 0.261109
419 0.257423 0.0204888 0.236934 0.277912
420 0.251852 0.0111743 0.240678 0.263027
421 0.27059 0.0263735 0.244217 0.296964
422 0.247964 0.00904258 0.238921 0.257006
423 0.251417 0.0100894 0.241328 0.261506
424 0.250006 0.0154246 0.234581 0.26543
425 0.253699 0.0125222 0.241177 0.266221
426 0.255306 0.0116028 0.243703 0.266908
427 0.249165 0.00695924 0.242206 0.256124
428 0.252603 0.0109857 0.241617 0.263589
429 0.242904 0.00741227 0.235491 0.250316
430 0.258699 0.0306169 0.228082 0.289316
431 0.244961 0.00976141 0.235199 0.254722
432 0.249345 0.0172143 0.232131 0.266559
433 0.250156 0.0153731 0.234783 0.265529
434 0.247258 0.012145 0.235113 0.259403
435 0.241507 0.00602592 0.235481 0.247533
436 0.243579 0.0107641 0.232815 0.254343
437 0.24448 0.011853 0.232627 0.256333
438 0.246387 0.013968 0.232419 0.260355
439 0.248459 0.0157991 0.23266 0.264258
440 0.248444 0.0181761 0.230268 0.26662
441 0.248354 0.0129541 0.2354 0.261308
442 0.250816 0.013734 0.237082 0.26455
443 0.247603 0.0212596 0.226344 0.268863
444 0.242123 0.00974904 0.232374 0.251872
445 0.244525 0.00912656 0.235399 0.253652
446 0.240787 0.00731269 0.233474 0.248099
447 0.247198 0.014116 0.233082 0.261314
448 0.251492 0.0146962 0.236796 0.266188
449 0.261387 0.0387069 0.22268 0.300093
450 0.251762 0.01359 0.238172 0.265352
451 0.257243 0.0213645 0.235878 0.278607
452 0.251462 0.0111323 0.24033 0.262594
453 0.250531 0.0128624 0.237669 0.263393
454 0.249765 0.00761034 0.242155 0.257376
455 0.257483 0.0177748 0.239708 0.275258
456 0.258369 0.0136793 0.244689 0.272048
457 0.261492 0.0174869 0.244005 0.278979
458 0.26002 0.0208859 0.239134 0.280906
459 0.252798 0.00944659 0.243352 0.262245
460 0.258594 0.0144773 0.244117 0.273071
461 0.25412 0.00937453 0.244745 0.263494
462 0.25487 0.0129399 0.24193 0.26781
463 0.260726 0.0181909 0.242535 0.278917
464 0.257723 0.0152338 0.242489 0.272957
465 0.26026 0.0200201 0.24024 0.280281
466 0.255426 0.00941845 0.246007 0.264844
467 0.255411 0.0102413 0.245169 0.265652
468 0.263128 0.022688 0.24044 0.285816
469 0.252033 0.00714164 0.244891 0.259174
470 0.258639 0.0161859 0.242453 0.274825
471 0.254195 0.0106476 0.243547 0.264842
472 0.260065 0.0141329 0.245932 0.274198
473 0.259284 0.0125593 0.246725 0.271844
474 0.255065 0.0114703 0.243595 0.266536
475 0.255921 0.0177445 0.238177 0.273666
476 0.250576 0.00712924 0.243447 0.257705
477 0.257813 0.0181553 0.239658 0.275968
478 0.25448 0.00941466 0.245065 0.263895
479 0.253369 0.00800137 0.245367 0.26137
480 0.263984 0.0197107 0.244273 0.283695
481 0.255291 0.0101559 0.245135 0.265447
482 0.259089 0.0106856 0.248404 0.269775
483 0.261356 0.0152393 0.246117 0.276596
484 0.265876 0.0341882 0.231688 0.300064
485 0.256192 0.014739 0.241452 0.270931
486 0.253684 0.0118964 0.241788 0.26558
487 0.259284 0.01803 0.241255 0.277314
488 0.255411 0.0121074 0.243303 0.267518
489 0.253099 0.00881248 0.244286 0.261911
490 0.25514 0.0154881 0.239652 0.270629
491 0.253324 0.00692646 0.246397 0.26025
492 0.258654 0.0124293 0.246225 0.271083
493 0.252168 0.00632454 0.245843 0.258492
494 0.252798 0.0093439 0.243454 0.262142
495 0.255426 0.0139197 0.241506 0.269346
496 0.257873 0.0215433 0.23633 0.279416
497 0.262768 0.016986 0.245782 0.279754
498 0.255771 0.0229354 0.232836 0.278707
499 0.254405 0.0142207 0.240184 0.268625
500 0.247168 0.00892717 0.238241 0.256095
501 0.248789 0.00842336 0.240366 0.257213
502 0.252348 0.0260969 0.226251 0.278445
503 0.247648 0.0109386 0.23671 0.258587
504 0.249 0.0246648 0.224335 0.273664
505 0.250186 0.0154222 0.234764 0.265608
506 0.252813 0.0158585 0.236955 0.268672
507 0.251432 0.0169782 0.234454 0.26841
508 0.247288 0.00721225 0.240076 0.2545
509 0.246372 0.00876693 0.237605 0.255139
510 0.265711 0.0523687 0.213342 0.318079
511 0.240336 0.00676902 0.233567 0.247105
512 0.261251 0.0168625 0.244389 0.278114
513 0.247678 0.0120993 0.235579 0.259778
514 0.262468 0.0165618 0.245906 0.279029
515 0.248189 0.0118466 0.236342 0.260035
516 0.25454 0.015141 0.239399 0.269681
517 0.246267 0.0122435 0.234023 0.25851
518 0.24466 0.008612 0.236048 0.253272
519 0.245546 0.0112434 0.234303 0.25679
520 0.250501 0.0134855 0.237016 0.263987
521 0.24397 0.00797801 0.235992 0.251948
522 0.247858 0.0162477 0.231611 0.264106
523 0.246357 0.0128211 0.233536 0.259178
524 0.246192 0.0126778 0.233514 0.25887
525 0.252558 0.0301638 0.222394 0.282722
526 0.245711 0.0106706 0.235041 0.256382
527 0.245847 0.0107494 0.235097 0.256596
528 0.252243 0.0267524 0.22549 0.278995
529 0.242363 0.00773143 0.234632 0.250095
530 0.245486 0.0143469 0.231139 0.259833
531 0.242078 0.00677368 0.235304 0.248852
532 0.245651 0.0102975 0.235354 0.255949
533 0.250066 0.0186643 0.231401 0.26873
534 0.246012 0.0180832 0.227928 0.264095
535 0.253084 0.0224972 0.230586 0.275581
536 0.246042 0.0107457 0.235296 0.256787
537 0.267542 0.0938887 0.173654 0.361431
538 0.251612 0.0104356 0.241177 0.262048
539 0.288473 0.190267 0.0982051 0.47874
540 0.246507 0.0128058 0.233701 0.259313
541 0.251222 0.0285368 0.222685 0.279759
542 0.259284 0.0190792 0.240205 0.278364
543 0.24912 0.00943232 0.239687 0.258552
544 0.257573 0.00956451 0.248008 0.267137
545 0.25502 0.0128434 0.242177 0.267864
546 0.25948 0.0221013 0.237378 0.281581
547 0.255246 0.013491 0.241755 0.268737
548 0.258714 0.0198887 0.238825 0.278603
549 0.255711 0.015091 0.24062 0.270802
550 0.24936 0.00770836 0.241652 0.257068
551 0.256116 0.0164036 0.239713 0.27252
552 0.253564 0.0173606 0.236203 0.270925
553 0.251177 0.0138929 0.237284 0.26507
554 0.250831 0.00804478 0.242787 0.258876
555 0.25427 0.0122689 0.242001 0.266539
556 0.246387 0.00605028 0.240337 0.252437
557 0.24894 0.0132594 0.23568 0.262199
558 0.247723 0.00839869 0.239325 0.256122
559 0.25421 0.0410519 0.213158 0.295261
560 0.242829 0.00622857 0.2366 0.249057
561 0.24454 0.00821842 0.236322 0.252759
562 0.241673 0.00524484 0.236428 0.246917
563 0.245516 0.0178568 0.227659 0.263373
564 0.244931 0.0136343 0.231296 0.258565
565 0.251102 0.0125284 0.238573 0.26363
566 0.245666 0.00982541 0.235841 0.255492
567 0.243474 0.0114017 0.232073 0.254876
568 0.245651 0.0121368 0.233515 0.257788
569 0.238414 0.00476928 0.233645 0.243184
570 0.245922 0.0131421 0.23278 0.259064
571 0.246357 0.00955674 0.2368 0.255914
572 0.252243 0.0197459 0.232497 0.271989
573 0.23948 0.00599338 0.233487 0.245474
574 0.244856 0.014833 0.230023 0.259689
575 0.246087 0.0165825 0.229504 0.262669
576 0.24972 0.0105386 0.239182 0.260259
577 0.244781 0.0119458 0.232835 0.256726
578 0.264915 0.0778074 0.187107 0.342722
579 0.257588 0.0227964 0.234791 0.280384
580 0.248399 0.0163672 0.232032 0.264766
581 0.245756 0.0102144 0.235542 0.255971
582 0.24942 0.00693622 0.242484 0.256356
583 0.256927 0.0172077 0.239719 0.274135
584 0.25457 0.0132678 0.241302 0.267838
585 0.259029 0.0128432 0.246186 0.271872
586 0.29128 0.133174 0.158107 0.424454
587 0.256522 0.00918996 0.247332 0.265712
588 0.256056 0.00885781 0.247199 0.264914
589 0.256492 0.0136274 0.242864 0.270119
590 0.266882 0.0343612 0.232521 0.301243
591 0.256597 0.00870398 0.247893 0.265301
592 0.258789 0.0123862 0.246403 0.271175
593 0.265621 0.0307252 0.234895 0.296346
594 0.257047 0.0103375 0.24671 0.267385
595 0.250981 0.00902597 0.241956 0.260007
596 0.261206 0.0215515 0.239655 0.282758
597 0.255741 0.0116894 0.244052 0.26743
598 0.250921 0.0140667 0.236855 0.264988
599 0.250816 0.00871918 0.242097 0.259536
600 0.2493 0.010834 0.238466 0.260134
601 0.257618 0.024256 0.233362 0.281874
602 0.256717 0.0174808 0.239236 0.274198
603 0.247018 0.00562703 0.241391 0.252645
604 0.251882 0.0104069 0.241475 0.262289
605 0.250741 0.0110566 0.239685 0.261798
606 0.251432 0.0117513 0.239681 0.263183
607 0.252093 0.0106949 0.241398 0.262787
608 0.253984 0.0131019 0.240882 0.267086
609 0.255726 0.0166373 0.239089 0.272363
610 0.248609 0.00889935 0.23971 0.257509
611 0.253114 0.00964993 0.243464 0.262763
612 0.253879 0.0122794 0.2416 0.266159
613 0.255861 0.0122364 0.243625 0.268098
614 0.253204 0.0205983 0.232605 0.273802
615 0.258804 0.0205509 0.238253 0.279355
616 0.249795 0.00853173 0.241264 0.258327
617 0.247588 0.00957423 0.238014 0.257162
618 0.249345 0.00846063 0.240884 0.257806
619 0.251927 0.0172269 0.234701 0.269154
620 0.250666 0.0149868 0.235679 0.265653
621 0.256717 0.0276631 0.229054 0.28438
622 0.252453 0.0164014 0.236051 0.268854
623 0.251702 0.0154643 0.236238 0.267167
624 0.251207 0.0111772 0.240029 0.262384
625 0.251417 0.0149925 0.236424 0.266409
626 0.245321 0.0107403 0.234581 0.256061
627 0.246552 0.0156949 0.230857 0.262247
628 0.245817 0.0118861 0.23393 0.257703
629 0.246807 0.0138266 0.232981 0.260634
630 0.245261 0.0101664 0.235095 0.255427
631 0.243865 0.010498 0.233367 0.254363
632 0.244976 0.0137004 0.231275 0.258676
633 0.250216 0.0103235 0.239892 0.260539
634 0.250486 0.0168272 0.233659 0.267313
635 0.246762 0.0166629 0.2301 0.263425
636 0.246342 0.0175319 0.22881 0.263874
637 0.240637 0.00977314 0.230863 0.25041
638 0.239961 0.00990357 0.230057 0.249864
639 0.240456 0.00878717 0.231669 0.249244
640 0.255171 0.0305406 0.22463 0.285711
641 0.246027 0.0146967 0.23133 0.260723
642 0.245907 0.00921202 0.236695 0.255119
643 0.24936 0.0156073 0.233753 0.264967
644 0.245366 0.0134421 0.231924 0.258808
645 0.242153 0.00695115 0.235202 0.249104
646 0.258414 0.0271969 0.231217 0.285611
647 0.246627 0.0121964 0.234431 0.258824
648 0.272587 0.107203 0.165384 0.379791
649 0.252273 0.0191983 0.233074 0.271471
650 0.247018 0.0133053 0.233712 0.260323
651 0.239916 0.007556 0.23236 0.247472
652 0.246898 0.0130267 0.233871 0.259924
653 0.246057 0.013382 0.232675 0.259439
654 0.244645 0.0132669 0.231379 0.257912
655 0.246747 0.0131916 0.233556 0.259939
656 0.238354 0.0102115 0.228143 0.248566
657 0.240366 0.00809248 0.232274 0.248459
658 0.238895 0.00951707 0.229378 0.248412
659 0.243684 0.0154459 0.228239 0.25913
660 0.242663 0.0118105 0.230853 0.254474
661 0.246898 0.0284799 0.218418 0.275377
662 0.24403 0.0148266 0.229203 0.258856
663 0.242453 0.0178894 0.224564 0.260343
664 0.242468 0.00873551 0.233733 0.251204
665 0.244871 0.0121806 0.23269 0.257051
666 0.2496 0.0196662 0.229934 0.269266
667 0.293908 0.235488 0.0584195 0.529396
668 0.255276 0.059976 0.1953 0.315252
669 0.245666 0.0128596 0.232807 0.258526
670 0.240561 0.00864806 0.231913 0.24921
671 0.247453 0.00992839 0.237525 0.257381
672 0.25436 0.0161444 0.238215 0.270504
673 0.255366 0.0178742 0.237491 0.27324
674 0.255756 0.0201384 0.235618 0.275895
675 0.252603 0.0143837 0.238219 0.266987
676 0.248985 0.0111691 0.237815 0.260154
677 0.250441 0.0152273 0.235214 0.265668
678 0.247979 0.00940561 0.238573 0.257384
679 0.247318 0.00922352 0.238094 0.256541
680 0.245952 0.0106518 0.2353 0.256603
681 0.247123 0.00980547 0.237317 0.256928
682 0.255426 0.0265808 0.228845 0.282007
683 0.248219 0.014463 0.233756 0.262682
684 0.253714 0.0198018 0.233912 0.273516
685 0.242018 0.0117905 0.230227 0.253808
686 0.239555 0.00667417 0.232881 0.24623
687 0.253309 0.0153522 0.237957 0.268661
688 0.244285 0.0126999 0.231585 0.256985
689 0.240411 0.00882124 0.23159 0.249233
690 0.250546 0.0203168 0.230229 0.270863
691 0.246042 0.0154817 0.23056 0.261523
692 0.240276 0.00697309 0.233303 0.247249
693 0.241597 0.0125327 0.229065 0.25413
694 0.249795 0.0218137 0.227982 0.271609
695 0.243895 0.0121134 0.231781 0.256008
696 0.248519 0.0370002 0.211519 0.285519
697 0.239931 0.00919002 0.230741 0.249121
698 0.249165 0.0219217 0.227243 0.271086
699 0.242919 0.0109202 0.231999 0.253839
700 0.244315 0.0134029 0.230912 0.257718
701 0.247048 0.0178805 0.229167 0.264928
702 0.238429 0.00871873 0.229711 0.247148
703 0.248009 0.0169808 0.231028 0.264989
704 0.241582 0.00801355 0.233569 0.249596
705 0.252378 0.00962869 0.242749 0.262007
706 0.270545 0.0567935 0.213752 0.327339
707 0.251342 0.0154677 0.235874 0.266809
708 0.247333 0.00878173 0.238551 0.256115
709 0.252153 0.00943648 0.242716 0.261589
710 0.269434 0.0313495 0.238085 0.300784
711 0.255711 0.0114746 0.244236 0.267186
712 0.254645 0.0096308 0.245014 0.264276
713 0.258218 0.0129789 0.24524 0.271197
714 0.255486 0.0088489 0.246637 0.264335
715 0.256056 0.0116863 0.24437 0.267743
716 0.253429 0.0076178 0.245811 0.261047
717 0.308081 0.233215 0.0748664 0.541296
718 0.260771 0.0104207 0.25035 0.271192
719 0.257032 0.00723969 0.249793 0.264272
720 0.260155 0.0190924 0.241063 0.279248
721 0.257783 0.019095 0.238688 0.276878
722 0.257258 0.0114627 0.245795 0.26872
723 0.252033 0.00808782 0.243945 0.26012
724 0.25514 0.0100896 0.245051 0.26523
725 0.252813 0.00978449 0.243029 0.262598
726 0.25511 0.00946338 0.245647 0.264574
727 0.257828 0.0162604 0.241568 0.274088
728 0.256552 0.0104383 0.246114 0.26699
729 0.261852 0.0199277 0.241924 0.28178
730 0.258233 0.0119851 0.246248 0.270219
731 0.273263 0.0660264 0.207237 0.339289
732 0.254345 0.00945362 0.244891 0.263798
733 0.253774 0.0112205 0.242554 0.264995
734 0.254195 0.00935317 0.244841 0.263548
735 0.255336 0.0105483 0.244787 0.265884
736 0.260861 0.0173322 0.243529 0.278193
737 0.254405 0.0090882 0.245317 0.263493
738 0.259915 0.0175461 0.242369 0.277461
739 0.262858 0.0187235 0.244134 0.281581
740 0.260546 0.0195995 0.240946 0.280145
741 0.259645 0.0147845 0.24486 0.274429
742 0.257258 0.0147521 0.242505 0.27201
743 0.283097 0.131122 0.151975 0.41422
744 0.251642 0.00777221 0.24387 0.259414
745 0.25436 0.00991612 0.244444 0.264276
746 0.253924 0.00929606 0.244628 0.26322
747 0.255336 0.0121612 0.243175 0.267497
748 0.269014 0.0663211 0.202693 0.335335
749 0.251417 0.00928902 0.242128 0.260706
750 0.255065 0.00948714 0.245578 0.264553
751 0.25421 0.0107684 0.243441 0.264978
752 0.252363 0.00900386 0.243359 0.261367
753 0.257273 0.0161255 0.241147 0.273398
754 0.245111 0.00996755 0.235143 0.255078
755 0.24463 0.00894704 0.235683 0.253577
756 0.249945 0.00990829 0.240037 0.259854
757 0.243414 0.0115326 0.231882 0.254947
758 0.246162 0.0113515 0.23481 0.257513
759 0.252813 0.0192679 0.233545 0.272081
760 0.245276 0.0129534 0.232323 0.258229
761 0.240787 0.0100726 0.230714 0.250859
762 0.253909 0.0381799 0.215729 0.292089
763 0.250786 0.0283022 0.222484 0.279088
764 0.244045 0.0140297 0.230015 0.258074
765 0.24448 0.015061 0.229419 0.259541
766 0.240186 0.00832633 0.23186 0.248512
767 0.242994 0.00767977 0.235314 0.250674
768 0.246913 0.0105268 0.236386 0.257439
769 0.255486 0.0268196 0.228666 0.282305
770 0.24972 0.00968188 0.240038 0.259402
771 0.251192 0.0216199 0.229572 0.272812
772 0.253234 0.0144442 0.238789 0.267678
773 0.247423 0.00762017 0.239803 0.255043
774 0.245591 0.0101043 0.235487 0.255696
775 0.248219 0.0159607 0.232258 0.26418
776 0.256011 0.0177149 0.238296 0.273726
777 0.253639 0.0138623 0.239777 0.267501
778 0.243249 0.00931209 0.233937 0.252561
779 0.261627 0.0729066 0.18872 0.334533
780 0.246042 0.0123547 0.233687 0.258396
781 0.246657 0.0180339 0.228623 0.264691
782 0.248759 0.0126019 0.236157 0.261361
783 0.248144 0.01958 0.228564 0.267724
784 0.247483 0.0128992 0.234584 0.260382
785 0.246868 0.0101371 0.23673 0.257005
786 0.247513 0.0141903 0.233323 0.261703
787 0.245096 0.0113291 0.233767 0.256425
788 0.247588 0.0136132 0.233975 0.261201
789 0.247813 0.017395 0.230418 0.265208
790 0.250396 0.020019 0.230377 0.270415
791 0.246822 0.0123533 0.234469 0.259176
792 0.250186 0.013353 0.236833 0.263539
793 0.249915 0.0142014 0.235714 0.264117
794 0.26532 0.0459962 0.219324 0.311317
795 0.247228 0.0251016 0.222126 0.272329
796 0.242844 0.0073175 0.235526 0.250161
797 0.250036 0.0158748 0.234161 0.26591
798 0.248414 0.00975541 0.238659 0.258169
799 0.251717 0.0177856 0.233932 0.269503
