# ../output/graphs/perf_serial19QUADRUPED
# step - mean (0.171545) - standard deviation (0.0178727) r=20 - ylow - yhigh
0 0.175552 0.031227 0.144325 0.206779
1 0.174525 0.0275386 0.146987 0.202064
2 0.175509 0.0274497 0.148059 0.202958
3 0.180363 0.0399563 0.140406 0.220319
4 0.177112 0.026137 0.150975 0.203249
5 0.171852 0.0146706 0.157182 0.186523
6 0.173114 0.021803 0.151311 0.194917
7 0.170163 0.00963015 0.160533 0.179793
8 0.169201 0.00730556 0.161895 0.176506
9 0.170163 0.012365 0.157798 0.182528
10 0.172408 0.0203328 0.152075 0.192741
11 0.16687 0.00404262 0.162828 0.170913
12 0.167961 0.00542273 0.162538 0.173383
13 0.168452 0.00664019 0.161812 0.175093
14 0.173007 0.0188684 0.154139 0.191875
15 0.170398 0.00973741 0.160661 0.180136
16 0.169778 0.00970027 0.160078 0.179478
17 0.166207 0.00254903 0.163658 0.168756
18 0.168153 0.00797614 0.160177 0.176129
19 0.167768 0.00740604 0.160362 0.175174
20 0.168666 0.00737425 0.161292 0.176041
21 0.169522 0.0113899 0.158132 0.180911
22 0.176663 0.0269781 0.149685 0.203641
23 0.17444 0.022828 0.151612 0.197268
24 0.169115 0.0123024 0.156813 0.181418
25 0.167512 0.00611872 0.161393 0.17363
26 0.165673 0.00502996 0.160643 0.170703
27 0.164946 0.00103965 0.163906 0.165985
28 0.167661 0.00896898 0.158692 0.17663
29 0.166998 0.00537637 0.161622 0.172375
30 0.170612 0.0206846 0.149927 0.191297
31 0.171638 0.0191774 0.152461 0.190816
32 0.182779 0.0283945 0.154384 0.211173
33 0.170869 0.00909854 0.16177 0.179967
34 0.173777 0.0190885 0.154688 0.192865
35 0.167234 0.00533534 0.161898 0.172569
36 0.164689 0.00238069 0.162308 0.16707
37 0.179486 0.0359969 0.143489 0.215483
38 0.17553 0.0294222 0.146108 0.204952
39 0.168367 0.00520807 0.163159 0.173575
40 0.167747 0.00279735 0.164949 0.170544
41 0.170954 0.0118328 0.159121 0.182787
42 0.175081 0.0191345 0.155947 0.194216
43 0.173093 0.0144657 0.158627 0.187558
44 0.173392 0.014973 0.158419 0.188365
45 0.167405 0.00604412 0.161361 0.173449
46 0.168517 0.0049863 0.16353 0.173503
47 0.170869 0.00773506 0.163134 0.178604
48 0.172237 0.0100082 0.162229 0.182245
49 0.171553 0.00906007 0.162493 0.180613
50 0.171532 0.0143413 0.15719 0.185873
51 0.178887 0.0212583 0.157629 0.200146
52 0.176364 0.026186 0.150178 0.20255
53 0.172515 0.00996846 0.162547 0.182484
54 0.168773 0.00405769 0.164716 0.172831
55 0.169265 0.00537653 0.163888 0.174642
56 0.168688 0.00441016 0.164278 0.173098
57 0.169008 0.00518606 0.163822 0.174194
58 0.187526 0.0393405 0.148185 0.226866
59 0.171018 0.010406 0.160612 0.181424
60 0.174269 0.0145663 0.159702 0.188835
61 0.180812 0.0331012 0.14771 0.213913
62 0.169094 0.00530945 0.163784 0.174403
63 0.169714 0.00909633 0.160618 0.17881
64 0.176193 0.0179833 0.15821 0.194176
65 0.169735 0.00805408 0.161681 0.17779
66 0.171339 0.00881242 0.162527 0.180152
67 0.171254 0.00929244 0.161961 0.180546
68 0.17506 0.0196805 0.155379 0.19474
69 0.179571 0.0378619 0.14171 0.217433
70 0.170698 0.0109276 0.15977 0.181625
71 0.168923 0.00490031 0.164023 0.173823
72 0.175808 0.022172 0.153636 0.19798
73 0.169094 0.00537278 0.163721 0.174467
74 0.169051 0.00517812 0.163873 0.174229
75 0.173392 0.014827 0.158565 0.188219
76 0.169244 0.00492799 0.164316 0.174172
77 0.178053 0.0253484 0.152705 0.203402
78 0.203178 0.125481 0.0776973 0.328658
79 0.172066 0.0114658 0.1606 0.183532
80 0.169543 0.00483923 0.164704 0.174382
81 0.17089 0.0114715 0.159419 0.182362
82 0.173199 0.013432 0.159767 0.186631
83 0.169415 0.00563022 0.163784 0.175045
84 0.169564 0.00731462 0.16225 0.176879
85 0.172323 0.0129759 0.159347 0.185299
86 0.171596 0.0115932 0.160003 0.183189
87 0.175423 0.0186594 0.156764 0.194083
88 0.171532 0.0120024 0.159529 0.183534
89 0.16903 0.00559043 0.163439 0.17462
90 0.168624 0.00567362 0.16295 0.174297
91 0.169372 0.00945149 0.15992 0.178823
92 0.17243 0.0134079 0.159022 0.185837
93 0.168239 0.00484287 0.163396 0.173082
94 0.176642 0.0374025 0.13924 0.214045
95 0.1695 0.00479709 0.164703 0.174297
96 0.178117 0.032538 0.145579 0.210655
97 0.172344 0.0223352 0.150009 0.194679
98 0.171061 0.0134047 0.157656 0.184466
99 0.167105 0.00475037 0.162355 0.171856
100 0.177262 0.0337037 0.143558 0.210966
101 0.174226 0.0119685 0.162257 0.186194
102 0.174525 0.0140865 0.160439 0.188612
103 0.174974 0.0178799 0.157094 0.192854
104 0.177326 0.0245028 0.152823 0.201829
105 0.172023 0.0082592 0.163764 0.180283
106 0.173777 0.0197779 0.153999 0.193555
107 0.17151 0.0097543 0.161756 0.181264
108 0.173392 0.012338 0.161054 0.18573
109 0.177262 0.0311276 0.146135 0.20839
110 0.169971 0.00508613 0.164885 0.175057
111 0.179058 0.0228445 0.156214 0.201903
112 0.172836 0.011445 0.161391 0.184281
113 0.175466 0.0238008 0.151665 0.199267
114 0.172772 0.0135675 0.159204 0.186339
115 0.171296 0.00736318 0.163933 0.17866
116 0.169586 0.005894 0.163692 0.17548
117 0.170227 0.00636538 0.163862 0.176593
118 0.17027 0.00421249 0.166057 0.174482
119 0.169693 0.00503216 0.164661 0.174725
120 0.171467 0.00905518 0.162412 0.180523
121 0.170163 0.00549479 0.164668 0.175658
122 0.174055 0.017688 0.156367 0.191743
123 0.17955 0.0319718 0.147578 0.211522
124 0.170847 0.00562894 0.165218 0.176476
125 0.169971 0.00551403 0.164457 0.175485
126 0.168624 0.00239677 0.166227 0.17102
127 0.172601 0.01359 0.159011 0.186191
128 0.17382 0.028453 0.145366 0.202273
129 0.172665 0.0179822 0.154683 0.190647
130 0.17104 0.0166864 0.154353 0.187726
131 0.171489 0.0188415 0.152647 0.19033
132 0.17955 0.0415894 0.137961 0.221139
133 0.172365 0.0239976 0.148368 0.196363
134 0.171831 0.0160405 0.15579 0.187871
135 0.165993 0.00535383 0.16064 0.171347
136 0.165031 0.00207266 0.162959 0.167104
137 0.168388 0.00912403 0.159264 0.177512
138 0.171681 0.0250608 0.14662 0.196742
139 0.165673 0.00473981 0.160933 0.170413
140 0.168003 0.00874682 0.159257 0.17675
141 0.17027 0.0153021 0.154968 0.185572
142 0.170783 0.0211942 0.149589 0.191977
143 0.173798 0.0258729 0.147925 0.199671
144 0.167768 0.00946948 0.158299 0.177238
145 0.166699 0.00834592 0.158353 0.175045
146 0.167447 0.00628442 0.161163 0.173732
147 0.17181 0.0174312 0.154378 0.189241
148 0.174803 0.0287187 0.146084 0.203522
149 0.167939 0.0102709 0.157668 0.17821
150 0.176706 0.0181199 0.158586 0.194826
151 0.165395 0.00174174 0.163653 0.167137
152 0.169522 0.0142431 0.155279 0.183765
153 0.165459 0.00576444 0.159694 0.171223
154 0.16672 0.00998481 0.156736 0.176705
155 0.169372 0.0193333 0.150039 0.188705
156 0.164283 0.00444898 0.159834 0.168732
157 0.169286 0.0110607 0.158226 0.180347
158 0.166314 0.00598394 0.16033 0.172298
159 0.17491 0.0378807 0.137029 0.212791
160 0.168068 0.0083748 0.159693 0.176442
161 0.166635 0.0063579 0.160277 0.172993
162 0.17012 0.015252 0.154868 0.185372
163 0.16779 0.011263 0.156527 0.179053
164 0.184233 0.0637683 0.120465 0.248001
165 0.172365 0.0187337 0.153632 0.191099
166 0.182458 0.0322177 0.15024 0.214676
167 0.168452 0.0151771 0.153275 0.18363
168 0.168624 0.0130697 0.155554 0.181693
169 0.167362 0.0124551 0.154907 0.179817
170 0.166293 0.00587501 0.160418 0.172168
171 0.165031 0.00496501 0.160066 0.169996
172 0.169351 0.0129049 0.156446 0.182255
173 0.171104 0.0169827 0.154121 0.188087
174 0.167298 0.0141589 0.153139 0.181457
175 0.170142 0.0229854 0.147156 0.193127
176 0.169821 0.0144125 0.155408 0.184233
177 0.170805 0.0223472 0.148457 0.193152
178 0.166443 0.00643698 0.160006 0.172879
179 0.16486 0.00562246 0.159238 0.170483
180 0.170013 0.0223636 0.14765 0.192377
181 0.164133 0.00508817 0.159045 0.169221
182 0.165245 0.0080285 0.157217 0.173274
183 0.165266 0.00724929 0.158017 0.172516
184 0.164988 0.00638708 0.158601 0.171376
185 0.17243 0.0360987 0.136331 0.208528
186 0.164155 0.00452236 0.159632 0.168677
187 0.174311 0.0215502 0.152761 0.195862
188 0.16903 0.0151523 0.153877 0.184182
189 0.170035 0.0247542 0.145281 0.194789
190 0.168559 0.0131584 0.155401 0.181718
191 0.16841 0.0169324 0.151477 0.185342
192 0.172152 0.0216738 0.150478 0.193825
193 0.16779 0.01236 0.15543 0.18015
194 0.166849 0.00788469 0.158964 0.174733
195 0.168046 0.0120553 0.155991 0.180102
196 0.177326 0.0283461 0.14898 0.205672
197 0.172729 0.0204523 0.152277 0.193181
198 0.168538 0.00614231 0.162396 0.17468
199 0.169329 0.00790923 0.16142 0.177238
200 0.168923 0.00732646 0.161596 0.176249
201 0.168795 0.00624005 0.162555 0.175035
202 0.177497 0.0406134 0.136884 0.218111
203 0.179871 0.033253 0.146618 0.213124
204 0.170099 0.0102573 0.159842 0.180356
205 0.1763 0.0211305 0.155169 0.19743
206 0.171681 0.0189554 0.152726 0.190637
207 0.16779 0.00640091 0.161389 0.174191
208 0.167811 0.00590936 0.161902 0.17372
209 0.170206 0.00984159 0.160364 0.180047
210 0.170206 0.0101499 0.160056 0.180356
211 0.171831 0.0145776 0.157253 0.186409
212 0.172537 0.0147093 0.157827 0.187246
213 0.16826 0.00603653 0.162223 0.174297
214 0.171275 0.016268 0.155007 0.187543
215 0.167918 0.00552032 0.162398 0.173438
216 0.169265 0.00487149 0.164394 0.174136
217 0.169179 0.00507161 0.164108 0.174251
218 0.169115 0.00490494 0.16421 0.17402
219 0.170783 0.00786261 0.162921 0.178646
220 0.169201 0.00490269 0.164298 0.174104
221 0.171275 0.00719868 0.164076 0.178474
222 0.174996 0.0171976 0.157798 0.192193
223 0.177048 0.0174465 0.159602 0.194495
224 0.171467 0.00623036 0.165237 0.177698
225 0.17151 0.00789188 0.163618 0.179402
226 0.171361 0.0061989 0.165162 0.177559
227 0.168902 0.00385948 0.165042 0.172761
228 0.176728 0.0170305 0.159697 0.193758
229 0.171296 0.00740897 0.163887 0.178705
230 0.183955 0.0426255 0.141329 0.22658
231 0.173456 0.0136918 0.159764 0.187148
232 0.173114 0.0104619 0.162652 0.183576
233 0.17831 0.0218645 0.156445 0.200174
234 0.173135 0.0128937 0.160242 0.186029
235 0.170698 0.00577611 0.164922 0.176474
236 0.172472 0.0094104 0.163062 0.181883
237 0.174675 0.0171454 0.157529 0.19182
238 0.171275 0.0108758 0.160399 0.182151
239 0.185794 0.0484381 0.137356 0.234232
240 0.1695 0.00517844 0.164322 0.174679
241 0.175017 0.0141881 0.160829 0.189205
242 0.171296 0.00613867 0.165158 0.177435
243 0.168773 0.00267166 0.166102 0.171445
244 0.177198 0.0204654 0.156733 0.197663
245 0.169928 0.0049454 0.164982 0.174873
246 0.169971 0.0060092 0.163961 0.17598
247 0.168666 0.00297642 0.16569 0.171643
248 0.17444 0.0152636 0.159176 0.189703
249 0.173905 0.0162628 0.157642 0.190168
250 0.169842 0.00430481 0.165538 0.174147
251 0.191503 0.0417659 0.149737 0.233269
252 0.170869 0.00529233 0.165576 0.176161
253 0.170933 0.00492471 0.166008 0.175858
254 0.172515 0.0118487 0.160666 0.184364
255 0.170035 0.00499165 0.165043 0.175026
256 0.173285 0.00864939 0.164636 0.181934
257 0.170078 0.00582627 0.164251 0.175904
258 0.175658 0.0210685 0.15459 0.196727
259 0.171018 0.00739099 0.163627 0.178409
260 0.174931 0.0152009 0.15973 0.190132
261 0.174055 0.0153967 0.158658 0.189451
262 0.172002 0.0132838 0.158718 0.185286
263 0.173948 0.0169595 0.156988 0.190907
264 0.175851 0.0169189 0.158932 0.19277
265 0.169094 0.00412501 0.164969 0.173219
266 0.172729 0.0131422 0.159587 0.185871
267 0.172451 0.0129536 0.159497 0.185405
268 0.17228 0.0159396 0.15634 0.18822
269 0.180769 0.0364603 0.144309 0.217229
270 0.171831 0.00902198 0.162809 0.180853
271 0.173178 0.0113207 0.161857 0.184499
272 0.178802 0.0190567 0.159745 0.197858
273 0.172537 0.0116007 0.160936 0.184137
274 0.171959 0.0133739 0.158585 0.185333
275 0.169436 0.00539523 0.164041 0.174831
276 0.170291 0.0068339 0.163457 0.177125
277 0.169201 0.00403961 0.165161 0.17324
278 0.184169 0.0342238 0.149945 0.218392
279 0.168624 0.0129248 0.155699 0.181548
280 0.166122 0.00596184 0.16016 0.172084
281 0.166143 0.0048863 0.161257 0.171029
282 0.166378 0.00706917 0.159309 0.173448
283 0.168003 0.0114682 0.156535 0.179472
284 0.168666 0.0117464 0.15692 0.180413
285 0.165737 0.00473996 0.160997 0.170477
286 0.167704 0.00625642 0.161448 0.173961
287 0.171489 0.0160162 0.155473 0.187505
288 0.174589 0.0180416 0.156548 0.192631
289 0.171938 0.0160541 0.155884 0.187992
290 0.16578 0.00287919 0.1629 0.168659
291 0.167683 0.00780617 0.159877 0.175489
292 0.165865 0.00468327 0.161182 0.170548
293 0.166485 0.00554483 0.16094 0.17203
294 0.166528 0.00802619 0.158502 0.174554
295 0.173007 0.0211969 0.15181 0.194204
296 0.171916 0.018408 0.153508 0.190324
297 0.182415 0.0366223 0.145793 0.219038
298 0.184276 0.0572256 0.12705 0.241501
299 0.168987 0.0118894 0.157098 0.180876
300 0.167063 0.00557473 0.161488 0.172637
301 0.167939 0.00782044 0.160119 0.17576
302 0.165844 0.00504666 0.160797 0.17089
303 0.171553 0.0152026 0.15635 0.186756
304 0.166763 0.00533533 0.161428 0.172099
305 0.166977 0.00547744 0.1615 0.172454
306 0.169885 0.0113056 0.158579 0.181191
307 0.168239 0.00649327 0.161745 0.174732
308 0.171467 0.0167094 0.154758 0.188177
309 0.166336 0.0050301 0.161306 0.171366
310 0.166956 0.0053796 0.161576 0.172335
311 0.166165 0.00533191 0.160833 0.171496
312 0.164967 0.00174698 0.16322 0.166714
313 0.168132 0.0125895 0.155542 0.180721
314 0.169671 0.0106912 0.15898 0.180363
315 0.169265 0.0103166 0.158948 0.179582
316 0.169008 0.010433 0.158575 0.179441
317 0.167683 0.00750028 0.160182 0.175183
318 0.176321 0.0288645 0.147457 0.205186
319 0.168923 0.00895724 0.159966 0.17788
320 0.171617 0.0144854 0.157132 0.186103
321 0.170056 0.0158833 0.154173 0.185939
322 0.171938 0.0159386 0.155999 0.187876
323 0.172002 0.0175554 0.154447 0.189557
324 0.168303 0.00799662 0.160306 0.176299
325 0.177861 0.043212 0.134649 0.221073
326 0.168795 0.0137682 0.155026 0.182563
327 0.166678 0.00945961 0.157218 0.176137
328 0.166614 0.00375607 0.162857 0.17037
329 0.165951 0.00320162 0.162749 0.169152
330 0.168624 0.00904778 0.159576 0.177671
331 0.168966 0.010235 0.158731 0.179201
332 0.169907 0.0106314 0.159275 0.180538
333 0.16779 0.00681603 0.160974 0.174606
334 0.198281 0.0725807 0.125701 0.270862
335 0.170206 0.0178486 0.152357 0.188054
336 0.181068 0.0265639 0.154504 0.207632
337 0.168153 0.00492562 0.163227 0.173079
338 0.170612 0.0111579 0.159454 0.18177
339 0.16826 0.00464051 0.16362 0.172901
340 0.170826 0.0117806 0.159045 0.182607
341 0.170078 0.00844775 0.16163 0.178525
342 0.178652 0.0220529 0.156599 0.200705
343 0.173905 0.0152974 0.158608 0.189202
344 0.171895 0.00621273 0.165682 0.178108
345 0.173905 0.0131355 0.16077 0.187041
346 0.175979 0.0131738 0.162805 0.189153
347 0.176471 0.0169694 0.159502 0.19344
348 0.171767 0.0049804 0.166786 0.176747
349 0.179678 0.0258475 0.153831 0.205526
350 0.179379 0.028716 0.150663 0.208095
351 0.171189 0.0047508 0.166439 0.17594
352 0.179785 0.0130012 0.166784 0.192786
353 0.172023 0.00467272 0.167351 0.176696
354 0.178438 0.0210011 0.157437 0.199439
355 0.18203 0.0277768 0.154254 0.209807
356 0.172472 0.00701285 0.16546 0.179485
357 0.172708 0.00613837 0.166569 0.178846
358 0.171553 0.00326609 0.168287 0.174819
359 0.171788 0.00747121 0.164317 0.179259
360 0.174675 0.0162167 0.158458 0.190892
361 0.176065 0.0168585 0.159206 0.192923
362 0.184447 0.0215692 0.162878 0.206016
363 0.182565 0.0456762 0.136889 0.228241
364 0.171959 0.00499622 0.166963 0.176955
365 0.174889 0.012527 0.162362 0.187416
366 0.171425 0.00500241 0.166422 0.176427
367 0.172301 0.00670732 0.165594 0.179009
368 0.183228 0.0302688 0.152959 0.213497
369 0.171831 0.00706678 0.164764 0.178898
370 0.17491 0.0149324 0.159978 0.189842
371 0.175936 0.0108715 0.165065 0.186808
372 0.175765 0.00981834 0.165947 0.185584
373 0.176214 0.0251435 0.151071 0.201358
374 0.174718 0.0145857 0.160132 0.189303
375 0.174718 0.0130111 0.161706 0.187729
376 0.171296 0.00470124 0.166595 0.175998
377 0.179935 0.0248392 0.155096 0.204774
378 0.175338 0.0116177 0.16372 0.186955
379 0.171275 0.00322163 0.168053 0.174497
380 0.177861 0.019904 0.157957 0.197765
381 0.175038 0.00951285 0.165525 0.184551
382 0.174632 0.0132319 0.1614 0.187864
383 0.170826 0.00518587 0.16564 0.176012
384 0.174867 0.0116215 0.163246 0.186489
385 0.171895 0.00488252 0.167013 0.176778
386 0.175402 0.0182279 0.157174 0.19363
387 0.171232 0.00775268 0.16348 0.178985
388 0.171446 0.00664982 0.164796 0.178096
389 0.178203 0.0157026 0.1625 0.193906
390 0.171852 0.0102264 0.161626 0.182079
391 0.171703 0.00964972 0.162053 0.181352
392 0.170334 0.00831902 0.162015 0.178653
393 0.171788 0.0105762 0.161212 0.182364
394 0.169949 0.00803418 0.161915 0.177983
395 0.174311 0.0134145 0.160897 0.187726
396 0.171189 0.00911722 0.162072 0.180307
397 0.17181 0.0111279 0.160682 0.182937
398 0.172045 0.0142314 0.157813 0.186276
399 0.16779 0.00324363 0.164546 0.171033
400 0.169351 0.00444019 0.16491 0.173791
401 0.170505 0.00720326 0.163302 0.177708
402 0.169008 0.0051329 0.163876 0.174141
403 0.169757 0.00678133 0.162975 0.176538
404 0.168517 0.00575898 0.162758 0.174276
405 0.173627 0.0205669 0.15306 0.194194
406 0.180192 0.0276253 0.152566 0.207817
407 0.170655 0.00599855 0.164656 0.176653
408 0.177626 0.0269819 0.150644 0.204608
409 0.172579 0.0176292 0.15495 0.190209
410 0.168752 0.00501903 0.163733 0.173771
411 0.171296 0.0128214 0.158475 0.184118
412 0.168816 0.0051689 0.163647 0.173985
413 0.168902 0.00461483 0.164287 0.173516
414 0.170484 0.00744936 0.163034 0.177933
415 0.169821 0.00743293 0.162388 0.177254
416 0.175209 0.0175234 0.157686 0.192733
417 0.177754 0.0248419 0.152912 0.202596
418 0.170805 0.00978325 0.161021 0.180588
419 0.177091 0.0199567 0.157134 0.197048
420 0.173264 0.0150454 0.158218 0.188309
421 0.176385 0.0168852 0.1595 0.193271
422 0.169201 0.0046204 0.16458 0.173821
423 0.173285 0.0145688 0.158716 0.187854
424 0.169885 0.00512985 0.164755 0.175015
425 0.18156 0.0352362 0.146324 0.216796
426 0.172237 0.00955004 0.162687 0.181787
427 0.173093 0.0112919 0.161801 0.184384
428 0.176257 0.0186842 0.157573 0.194941
429 0.170719 0.00845692 0.162262 0.179176
430 0.169735 0.00503815 0.164697 0.174774
431 0.171018 0.00600682 0.165012 0.177025
432 0.169436 0.00567926 0.163757 0.175115
433 0.168495 0.00466121 0.163834 0.173156
434 0.169415 0.00585475 0.16356 0.175269
435 0.170505 0.0118199 0.158685 0.182325
436 0.167063 0.00727924 0.159783 0.174342
437 0.165801 0.00578851 0.160013 0.17159
438 0.170249 0.0114758 0.158773 0.181724
439 0.169094 0.0173994 0.151695 0.186493
440 0.165737 0.00537292 0.160364 0.17111
441 0.172943 0.0174817 0.155461 0.190425
442 0.166913 0.00981748 0.157095 0.17673
443 0.167276 0.0127303 0.154546 0.180007
444 0.167747 0.0130682 0.154679 0.180815
445 0.169329 0.0138546 0.155475 0.183184
446 0.170035 0.0148891 0.155146 0.184924
447 0.168581 0.0128386 0.155742 0.181419
448 0.171254 0.0230435 0.14821 0.194297
449 0.164796 0.00517313 0.159623 0.169969
450 0.165074 0.00487786 0.160196 0.169952
451 0.168902 0.0143869 0.154515 0.183288
452 0.166357 0.00754417 0.158813 0.173901
453 0.169885 0.0168035 0.153082 0.186689
454 0.164219 0.00469445 0.159524 0.168913
455 0.174739 0.0212136 0.153525 0.195953
456 0.167426 0.0102034 0.157223 0.177629
457 0.169158 0.0130378 0.15612 0.182196
458 0.168474 0.0184816 0.149992 0.186955
459 0.163748 0.00500903 0.158739 0.168757
460 0.171446 0.0219202 0.149526 0.193366
461 0.166421 0.0114857 0.154935 0.177907
462 0.173798 0.0209966 0.152802 0.194795
463 0.166678 0.0114207 0.155257 0.178098
464 0.166015 0.00645401 0.159561 0.172469
465 0.173713 0.0210663 0.152646 0.194779
466 0.166421 0.00690798 0.159513 0.173329
467 0.167426 0.012696 0.15473 0.180122
468 0.168966 0.0132551 0.155711 0.182221
469 0.165459 0.00785986 0.157599 0.173319
470 0.168923 0.0133487 0.155574 0.182272
471 0.169393 0.0156733 0.15372 0.185067
472 0.167683 0.0116396 0.156043 0.179322
473 0.166998 0.0112673 0.155731 0.178266
474 0.169094 0.0171651 0.151929 0.186259
475 0.174418 0.0219604 0.152458 0.196379
476 0.16486 0.00615806 0.158702 0.171018
477 0.165373 0.00812327 0.15725 0.173497
478 0.16315 0.00258543 0.160564 0.165735
479 0.1661 0.0129547 0.153146 0.179055
480 0.170356 0.0154703 0.154885 0.185826
481 0.17042 0.0169004 0.153519 0.18732
482 0.172537 0.0227017 0.149835 0.195238
483 0.170655 0.0181591 0.152496 0.188814
484 0.168517 0.019329 0.149188 0.187846
485 0.169971 0.0173152 0.152655 0.187286
486 0.170462 0.0126135 0.157849 0.183076
487 0.169778 0.012089 0.157689 0.181867
488 0.170163 0.0137502 0.156413 0.183913
489 0.169821 0.0127802 0.157041 0.182601
490 0.168175 0.00632128 0.161853 0.174496
491 0.172088 0.0192773 0.15281 0.191365
492 0.16965 0.012606 0.157044 0.182256
493 0.16749 0.00609503 0.161395 0.173585
494 0.171681 0.0170946 0.154587 0.188776
495 0.174183 0.0206579 0.153525 0.194841
496 0.167854 0.00602447 0.161829 0.173878
497 0.171703 0.0172421 0.15446 0.188945
498 0.167255 0.00486828 0.162387 0.172123
499 0.167148 0.00490454 0.162244 0.172053
500 0.170142 0.014927 0.155215 0.185069
501 0.172515 0.0162831 0.156232 0.188798
502 0.175701 0.0261709 0.14953 0.201872
503 0.172665 0.0298571 0.142808 0.202522
504 0.166378 0.00440809 0.16197 0.170786
505 0.179956 0.0302419 0.149714 0.210198
506 0.169158 0.00520875 0.163949 0.174367
507 0.169607 0.00635092 0.163256 0.175958
508 0.169393 0.00472921 0.164664 0.174123
509 0.171916 0.0136159 0.158301 0.185532
510 0.168559 0.00543013 0.163129 0.17399
511 0.176877 0.0218469 0.15503 0.198724
512 0.176642 0.0217685 0.154874 0.198411
513 0.175295 0.017263 0.158032 0.192558
514 0.169928 0.00710634 0.162822 0.177034
515 0.170505 0.0115831 0.158922 0.182088
516 0.174033 0.0154314 0.158602 0.189465
517 0.169308 0.00693259 0.162375 0.17624
518 0.169607 0.00910248 0.160505 0.17871
519 0.169179 0.00473402 0.164445 0.173913
520 0.179251 0.0281665 0.151084 0.207417
521 0.168944 0.00385237 0.165092 0.172797
522 0.17538 0.0312968 0.144084 0.206677
523 0.173178 0.0131363 0.160042 0.186314
524 0.170634 0.00689439 0.163739 0.177528
525 0.170548 0.00691239 0.163636 0.17746
526 0.172173 0.0123312 0.159842 0.184504
527 0.179229 0.024844 0.154385 0.204073
528 0.171553 0.011465 0.160088 0.183018
529 0.171745 0.0112745 0.160471 0.18302
530 0.169971 0.00517701 0.164794 0.175148
531 0.170634 0.00575031 0.164883 0.176384
532 0.176257 0.025474 0.150783 0.201731
533 0.170719 0.00715677 0.163562 0.177876
534 0.1729 0.017112 0.155788 0.190012
535 0.170911 0.00770164 0.16321 0.178613
536 0.1763 0.0166844 0.159615 0.192984
537 0.182822 0.037526 0.145296 0.220348
538 0.17538 0.0207691 0.154611 0.19615
539 0.177412 0.0309416 0.14647 0.208353
540 0.172066 0.013496 0.15857 0.185562
541 0.170569 0.00958961 0.16098 0.180159
542 0.167127 0.00105274 0.166074 0.168179
543 0.168217 0.00484642 0.163371 0.173064
544 0.171788 0.00908005 0.162708 0.180868
545 0.168923 0.00451169 0.164411 0.173435
546 0.174418 0.026745 0.147673 0.201163
547 0.173862 0.0145964 0.159266 0.188459
548 0.179379 0.0284058 0.150973 0.207785
549 0.168174 0.00232225 0.165852 0.170497
550 0.178566 0.0244618 0.154105 0.203028
551 0.171083 0.00981132 0.161271 0.180894
552 0.169629 0.00629867 0.16333 0.175927
553 0.171489 0.0100557 0.161433 0.181545
554 0.173798 0.0122143 0.161584 0.186012
555 0.173242 0.0118089 0.161433 0.185051
556 0.174825 0.0165522 0.158272 0.191377
557 0.170634 0.00691292 0.163721 0.177546
558 0.184147 0.0382135 0.145934 0.222361
559 0.174589 0.0215636 0.153026 0.196153
560 0.170569 0.00602865 0.164541 0.176598
561 0.17012 0.00487335 0.165247 0.174994
562 0.173991 0.0138035 0.160187 0.187794
563 0.171938 0.00928655 0.162651 0.181224
564 0.176428 0.0157951 0.160633 0.192223
565 0.170911 0.00743831 0.163473 0.17835
566 0.176578 0.0256242 0.150954 0.202202
567 0.170462 0.00710263 0.16336 0.177565
568 0.172622 0.0143708 0.158251 0.186993
569 0.16672 0.00529025 0.16143 0.172011
570 0.166635 0.00446949 0.162165 0.171104
571 0.167298 0.00580347 0.161494 0.173101
572 0.169201 0.0116234 0.157577 0.180824
573 0.17012 0.0188345 0.151286 0.188955
574 0.171767 0.0145335 0.157233 0.1863
575 0.168559 0.0126706 0.155889 0.18123
576 0.168431 0.00616959 0.162261 0.174601
577 0.172066 0.0156933 0.156373 0.187759
578 0.171895 0.0149944 0.156901 0.186889
579 0.167127 0.00453515 0.162592 0.171662
580 0.169244 0.0115481 0.157696 0.180792
581 0.166934 0.00599823 0.160936 0.172933
582 0.16841 0.0116198 0.15679 0.180029
583 0.170291 0.0135307 0.156761 0.183822
584 0.173991 0.0180266 0.155964 0.192017
585 0.175423 0.031495 0.143928 0.206918
586 0.172451 0.023643 0.148808 0.196094
587 0.170762 0.0131958 0.157566 0.183958
588 0.165502 0.00487224 0.160629 0.170374
589 0.167212 0.00652222 0.16069 0.173735
590 0.183185 0.0460442 0.137141 0.229229
591 0.175316 0.0418651 0.133451 0.217181
592 0.166998 0.00920944 0.157789 0.176208
593 0.168944 0.0110947 0.15785 0.180039
594 0.172323 0.0277452 0.144577 0.200068
595 0.172237 0.0162124 0.156025 0.18845
596 0.167148 0.00768857 0.15946 0.174837
597 0.166186 0.0047166 0.161469 0.170903
598 0.172579 0.0190147 0.153565 0.191594
599 0.165993 0.00493243 0.161061 0.170926
600 0.179293 0.0359414 0.143352 0.215235
601 0.169372 0.0146801 0.154692 0.184052
602 0.171147 0.0217177 0.149429 0.192864
603 0.17104 0.0146277 0.156412 0.185667
604 0.168624 0.0121088 0.156515 0.180732
605 0.1664 0.00738973 0.15901 0.173789
606 0.170291 0.0216604 0.148631 0.191952
607 0.167447 0.0104092 0.157038 0.177857
608 0.16764 0.00797547 0.159664 0.175615
609 0.172194 0.0158481 0.156346 0.188043
610 0.165801 0.00463781 0.161163 0.170439
611 0.170997 0.0218234 0.149174 0.19282
612 0.168068 0.0129706 0.155097 0.181038
613 0.169671 0.0136259 0.156045 0.183297
614 0.166015 0.00516665 0.160848 0.171181
615 0.172601 0.0268981 0.145703 0.199499
616 0.163513 0.00237445 0.161139 0.165888
617 0.172943 0.0320595 0.140883 0.205002
618 0.169137 0.0116801 0.157457 0.180817
619 0.16873 0.012242 0.156488 0.180972
620 0.16965 0.0151519 0.154498 0.184802
621 0.172173 0.0173936 0.154779 0.189567
622 0.170099 0.0128152 0.157284 0.182914
623 0.170612 0.0146707 0.155941 0.185283
624 0.178481 0.0368887 0.141592 0.21537
625 0.167405 0.00552892 0.161876 0.172934
626 0.169051 0.00470633 0.164345 0.173758
627 0.171232 0.0114139 0.159818 0.182646
628 0.176214 0.0187537 0.157461 0.194968
629 0.169179 0.00574296 0.163437 0.174922
630 0.17831 0.0295144 0.148796 0.207824
631 0.170099 0.00563442 0.164465 0.175733
632 0.175701 0.0229165 0.152785 0.198618
633 0.177219 0.0330345 0.144185 0.210254
634 0.17444 0.015764 0.158676 0.190204
635 0.168388 0.00494282 0.163446 0.173331
636 0.168709 0.00424971 0.164459 0.172959
637 0.168431 0.00481613 0.163615 0.173247
638 0.172665 0.0143814 0.158283 0.187046
639 0.17506 0.0175631 0.157497 0.192623
640 0.174311 0.00857165 0.16574 0.182883
641 0.171403 0.00478243 0.166621 0.176186
642 0.171168 0.00541598 0.165752 0.176584
643 0.172023 0.00512446 0.166899 0.177148
644 0.172023 0.00548311 0.16654 0.177506
645 0.176941 0.0165949 0.160347 0.193536
646 0.174611 0.0141947 0.160416 0.188805
647 0.172066 0.00548375 0.166582 0.17755
648 0.17553 0.0128428 0.162687 0.188373
649 0.172729 0.00791087 0.164818 0.18064
650 0.179636 0.0175871 0.162048 0.197223
651 0.170954 0.00516182 0.165792 0.176116
652 0.172729 0.00916804 0.163561 0.181897
653 0.177818 0.0250287 0.152789 0.202847
654 0.175295 0.0140813 0.161214 0.189376
655 0.171018 0.00464137 0.166377 0.17566
656 0.171254 0.00537122 0.165882 0.176625
657 0.171831 0.00498651 0.166844 0.176817
658 0.174418 0.0125035 0.161915 0.186922
659 0.176556 0.0152728 0.161284 0.191829
660 0.176214 0.0135637 0.162651 0.189778
661 0.179272 0.028391 0.150881 0.207663
662 0.174397 0.00923136 0.165166 0.183628
663 0.174653 0.00855454 0.166099 0.183208
664 0.172002 0.00504123 0.166961 0.177043
665 0.171425 0.00469302 0.166732 0.176118
666 0.173413 0.00755205 0.165861 0.180965
667 0.172986 0.00813159 0.164854 0.181117
668 0.175359 0.0155729 0.159786 0.190932
669 0.182073 0.0345238 0.147549 0.216597
670 0.180192 0.0217529 0.158439 0.201944
671 0.172216 0.00571215 0.166504 0.177928
672 0.177775 0.0240826 0.153693 0.201858
673 0.172045 0.00540451 0.16664 0.177449
674 0.172729 0.0100529 0.162676 0.182782
675 0.169372 0.00498443 0.164387 0.174356
676 0.178374 0.0289303 0.149444 0.207304
677 0.175081 0.0187063 0.156375 0.193787
678 0.169928 0.00593387 0.163994 0.175862
679 0.17352 0.0132937 0.160227 0.186814
680 0.173435 0.0112875 0.162147 0.184722
681 0.169543 0.00588153 0.163661 0.175425
682 0.172066 0.0107547 0.161311 0.182821
683 0.175295 0.0208328 0.154462 0.196128
684 0.169137 0.00560453 0.163532 0.174741
685 0.170505 0.00689185 0.163613 0.177397
686 0.170826 0.00706531 0.163761 0.177891
687 0.177112 0.025691 0.151421 0.202803
688 0.169671 0.00492241 0.164749 0.174594
689 0.173092 0.0116788 0.161414 0.184771
690 0.173242 0.0180452 0.155197 0.191287
691 0.169179 0.00548231 0.163697 0.174662
692 0.175616 0.0161805 0.159435 0.191796
693 0.171703 0.0082621 0.163441 0.179965
694 0.173392 0.0133449 0.160047 0.186737
695 0.173435 0.0166166 0.156818 0.190051
696 0.171211 0.00914446 0.162066 0.180355
697 0.171767 0.0119944 0.159772 0.183761
698 0.1729 0.0125894 0.160311 0.185489
699 0.172729 0.0129713 0.159758 0.1857
700 0.172323 0.0166507 0.155672 0.188973
701 0.169137 0.00490127 0.164235 0.174038
702 0.169885 0.00591781 0.163967 0.175803
703 0.169158 0.00552561 0.163633 0.174684
704 0.170462 0.00499166 0.165471 0.175454
705 0.171596 0.0102323 0.161363 0.181828
706 0.182843 0.0372084 0.145635 0.220051
707 0.169179 0.00501724 0.164162 0.174197
708 0.169329 0.00492352 0.164406 0.174253
709 0.169158 0.00465628 0.164502 0.173814
710 0.169158 0.00723793 0.16192 0.176396
711 0.17414 0.0182436 0.155897 0.192384
712 0.176856 0.0176131 0.159243 0.194469
713 0.177561 0.0254173 0.152144 0.202979
714 0.17908 0.0334836 0.145596 0.212563
715 0.170612 0.00559142 0.165021 0.176204
716 0.176471 0.0169392 0.159532 0.19341
717 0.170805 0.00607418 0.16473 0.176879
718 0.174782 0.0151772 0.159605 0.189959
719 0.17692 0.0217503 0.15517 0.19867
720 0.1698 0.00462472 0.165175 0.174424
721 0.170505 0.00640353 0.164102 0.176909
722 0.17739 0.0224241 0.154966 0.199815
723 0.174269 0.0165621 0.157706 0.190831
724 0.172173 0.0091055 0.163068 0.181279
725 0.166293 0.00547376 0.160819 0.171767
726 0.165822 0.00457186 0.161251 0.170394
727 0.166699 0.00550427 0.161195 0.172203
728 0.168559 0.0108932 0.157666 0.179453
729 0.166036 0.00482675 0.161209 0.170863
730 0.165801 0.00489302 0.160908 0.170694
731 0.167811 0.00757491 0.160236 0.175386
732 0.169971 0.0157284 0.154242 0.185699
733 0.167725 0.0111883 0.156537 0.178914
734 0.177433 0.040025 0.137408 0.217458
735 0.165651 0.00609802 0.159553 0.171749
736 0.168902 0.0122509 0.156651 0.181152
737 0.164433 0.00330012 0.161132 0.167733
738 0.167405 0.0137758 0.153629 0.181181
739 0.164539 0.00470005 0.159839 0.16924
740 0.166656 0.0107876 0.155869 0.177444
741 0.172152 0.0252849 0.146867 0.197437
742 0.17491 0.0212156 0.153694 0.196126
743 0.168025 0.0134346 0.15459 0.181459
744 0.170698 0.00941154 0.161286 0.180109
745 0.168474 0.00636108 0.162113 0.174835
746 0.164604 0.00558231 0.159021 0.170186
747 0.167041 0.0100879 0.156953 0.177129
748 0.172152 0.0267693 0.145382 0.198921
749 0.167811 0.0114747 0.156336 0.179286
750 0.191567 0.12541 0.0661573 0.316977
751 0.171104 0.0230401 0.148064 0.194144
752 0.18079 0.0361997 0.144591 0.21699
753 0.177006 0.0247152 0.15229 0.201721
754 0.167533 0.0130703 0.154463 0.180603
755 0.166378 0.010097 0.156281 0.176475
756 0.164219 0.0047813 0.159437 0.169
757 0.164604 0.0055708 0.159033 0.170174
758 0.165673 0.00971571 0.155957 0.175388
759 0.164539 0.00620446 0.158335 0.170744
760 0.164689 0.00564745 0.159042 0.170337
761 0.167961 0.012098 0.155863 0.180059
762 0.165694 0.0101935 0.155501 0.175888
763 0.172088 0.0228614 0.149226 0.194949
764 0.171938 0.023163 0.148775 0.195101
765 0.168132 0.0080044 0.160127 0.176136
766 0.166934 0.00469887 0.162235 0.171633
767 0.169244 0.0129338 0.15631 0.182177
768 0.170206 0.00617214 0.164034 0.176378
769 0.17151 0.0117371 0.159773 0.183247
770 0.172622 0.0146488 0.157973 0.187271
771 0.17012 0.010306 0.159814 0.180426
772 0.174269 0.0141743 0.160094 0.188443
773 0.173905 0.0152189 0.158686 0.189124
774 0.17181 0.0194061 0.152403 0.191216
775 0.168025 0.00597017 0.162055 0.173995
776 0.169864 0.0161841 0.15368 0.186048
777 0.167619 0.00568872 0.16193 0.173307
778 0.167619 0.00546907 0.162149 0.173088
779 0.17305 0.0185521 0.154498 0.191602
780 0.175359 0.0271209 0.148238 0.20248
781 0.172857 0.0186937 0.154164 0.191551
782 0.166271 0.00285151 0.16342 0.169123
783 0.169094 0.00768872 0.161405 0.176783
784 0.168966 0.00910598 0.15986 0.178072
785 0.167704 0.00601803 0.161686 0.173722
786 0.168517 0.00652989 0.161987 0.175047
787 0.174012 0.0259751 0.148037 0.199987
788 0.171703 0.0186152 0.153087 0.190318
789 0.169693 0.0106198 0.159073 0.180312
790 0.172558 0.0213259 0.151232 0.193884
791 0.167683 0.00545639 0.162226 0.173139
792 0.174482 0.0157124 0.15877 0.190195
793 0.167661 0.00594647 0.161715 0.173608
794 0.167426 0.00530964 0.162117 0.172736
795 0.172408 0.0147972 0.157611 0.187205
796 0.169393 0.0046018 0.164792 0.173995
797 0.168902 0.00545902 0.163442 0.174361
798 0.169992 0.00822774 0.161764 0.17822
799 0.173456 0.0127992 0.160657 0.186255
