# ../output/graphs/perf_parallel33BIPED_thread4
# step - mean (0.039297) - standard deviation (0.0469946) r=20 - ylow - yhigh
0 0.0450884 0.0362184 0.00886997 0.0813068
1 0.0348035 0.000444387 0.0343591 0.0352479
2 0.0665741 0.111059 -0.0444853 0.177633
3 0.0346984 0.000385436 0.0343129 0.0350838
4 0.0861379 0.155191 -0.0690531 0.241329
5 0.034263 0.000313511 0.0339495 0.0345765
6 0.0336924 0.000362841 0.0333296 0.0340553
7 0.14022 0.273423 -0.133203 0.413643
8 0.0338426 0.00513055 0.028712 0.0389731
9 0.0324762 0.000237874 0.0322384 0.0327141
10 0.0373259 0.0210612 0.0162647 0.0583871
11 0.0326865 0.000416905 0.0322695 0.0331034
12 0.0419203 0.0367242 0.00519617 0.0786445
13 0.0325663 0.000177016 0.0323893 0.0327434
14 0.0366202 0.0177804 0.0188398 0.0544007
15 0.0325513 0.000334387 0.0322169 0.0328857
16 0.0595923 0.11736 -0.0577672 0.176952
17 0.0627003 0.123608 -0.0609077 0.186308
18 0.0325814 0.000385728 0.0321956 0.0329671
19 0.0583311 0.112964 -0.0546331 0.171295
20 0.0338275 0.00554216 0.0282854 0.0393697
21 0.0614992 0.126016 -0.0645167 0.187515
22 0.0576705 0.10974 -0.0520696 0.167411
23 0.0350287 0.00979756 0.0252311 0.0448263
24 0.0317105 0.000240231 0.0314703 0.0319507
25 0.0317105 0.000291141 0.0314194 0.0320017
26 0.0578356 0.114387 -0.0565512 0.172223
27 0.040569 0.0327933 0.00777576 0.0733623
28 0.0317105 0.00027522 0.0314353 0.0319857
29 0.0371908 0.0239178 0.013273 0.0611086
30 0.0318156 0.00140359 0.030412 0.0332192
31 0.0315754 0.000318859 0.0312565 0.0318942
32 0.0392027 0.0123248 0.0268779 0.0515276
33 0.0433017 0.0502772 -0.00697558 0.0935789
34 0.0511692 0.0680278 -0.0168586 0.119197
35 0.0481964 0.0590753 -0.0108789 0.107272
36 0.0479561 0.0581658 -0.0102096 0.106122
37 0.0345633 0.000266903 0.0342964 0.0348302
38 0.035344 0.00382099 0.031523 0.039165
39 0.0346684 0.000335397 0.034333 0.0350038
40 0.0369055 0.00826853 0.028637 0.045174
41 0.0340227 0.000214448 0.0338083 0.0342372
42 0.0528358 0.078622 -0.0257862 0.131458
43 0.0589767 0.09506 -0.0360832 0.154037
44 0.110176 0.189939 -0.0797631 0.300115
45 0.0372959 0.0100175 0.0272784 0.0473134
46 0.0396832 0.0195392 0.020144 0.0592223
47 0.03635 0.00916323 0.0271867 0.0455132
48 0.0350437 0.00368035 0.0313634 0.0387241
49 0.0418603 0.0329731 0.00888718 0.0748334
50 0.035359 0.00402642 0.0313326 0.0393854
51 0.035299 0.00396617 0.0313328 0.0392651
52 0.0480312 0.059113 -0.0110817 0.107144
53 0.0401937 0.0257767 0.014417 0.0659703
54 0.0344431 0.000330319 0.0341128 0.0347735
55 0.0361248 0.00749165 0.0286331 0.0436164
56 0.0344582 0.000621786 0.0338364 0.0350799
57 0.034308 0.000266479 0.0340415 0.0345745
58 0.0431215 0.0380565 0.00506499 0.081178
59 0.0342179 0.000292299 0.0339256 0.0345102
60 0.0346984 0.00151184 0.0331865 0.0362102
61 0.0575954 0.0864657 -0.0288703 0.144061
62 0.0346533 0.00144139 0.033212 0.0360947
63 0.0343681 0.000396961 0.0339711 0.034765
64 0.0410495 0.0123159 0.0287336 0.0533654
65 0.055118 0.0827077 -0.0275897 0.137826
66 0.0396532 0.0231457 0.0165074 0.0627989
67 0.0379415 0.0154797 0.0224618 0.0534212
68 0.0362299 0.00685769 0.0293722 0.0430876
69 0.034338 0.00030439 0.0340337 0.0346424
70 0.0344281 0.00074937 0.0336788 0.0351775
71 0.0345032 0.00036655 0.0341366 0.0348697
72 0.034323 0.000192279 0.0341307 0.0345153
73 0.034323 0.000316374 0.0340067 0.0346394
74 0.0431665 0.031111 0.0120555 0.0742775
75 0.0360497 0.00702732 0.0290224 0.043077
76 0.0355242 0.00508376 0.0304404 0.0406079
77 0.0346083 0.000327232 0.0342811 0.0349355
78 0.0345332 0.000284879 0.0342483 0.0348181
79 0.0438122 0.0412048 0.00260732 0.085017
80 0.0684358 0.100428 -0.0319925 0.168864
81 0.0429563 0.0369945 0.00596182 0.0799508
82 0.0360647 0.00750776 0.0285569 0.0435725
83 0.0344582 0.000248987 0.0342092 0.0347071
84 0.0391577 0.0152159 0.0239418 0.0543736
85 0.0370256 0.0116955 0.0253301 0.0487211
86 0.034308 0.000282893 0.0340251 0.0345909
87 0.0350888 0.00339243 0.0316963 0.0384812
88 0.0628955 0.0889771 -0.0260815 0.151873
89 0.0423858 0.0347127 0.00767307 0.0770985
90 0.0483765 0.0513413 -0.00296477 0.0997179
91 0.0360197 0.00697451 0.0290451 0.0429942
92 0.0372508 0.0126754 0.0245754 0.0499263
93 0.0543823 0.0418628 0.0125195 0.0962451
94 0.037461 0.0138005 0.0236605 0.0512616
95 0.0500281 0.0496384 0.000389787 0.0996665
96 0.0538869 0.0555507 -0.00166388 0.109438
97 0.0356593 0.00491858 0.0307407 0.0405779
98 0.0337525 0.000372649 0.0333798 0.0341251
99 0.0334522 0.000258319 0.0331939 0.0337105
100 0.0333621 0.000210202 0.0331519 0.0335723
101 0.0334071 0.000643171 0.032764 0.0340503
102 0.0553733 0.0661419 -0.0107686 0.121515
103 0.0445328 0.049169 -0.00463611 0.0937018
104 0.0523404 0.0612765 -0.00893618 0.113617
105 0.0555234 0.0733733 -0.0178499 0.128897
106 0.0399084 0.0120093 0.0278991 0.0519177
107 0.0421606 0.0358658 0.00629478 0.0780264
108 0.0434068 0.0425382 0.000868585 0.0859449
109 0.0335273 0.000486756 0.0330405 0.034014
110 0.033302 0.000161711 0.0331403 0.0334638
111 0.0719793 0.149686 -0.0777065 0.221665
112 0.0372959 0.00757336 0.0297225 0.0448692
113 0.0349236 0.000330318 0.0345933 0.0352539
114 0.0390976 0.0212758 0.0178219 0.0603734
115 0.0393529 0.0155999 0.023753 0.0549527
116 0.0340528 0.000258318 0.0337944 0.0343111
117 0.0344882 0.000394683 0.0340935 0.0348829
118 0.0344281 0.000371133 0.034057 0.0347993
119 0.0375661 0.00992313 0.027643 0.0474893
120 0.0459442 0.0422628 0.00368138 0.088207
121 0.0654179 0.0942077 -0.0287898 0.159626
122 0.0358245 0.00728663 0.0285378 0.0431111
123 0.0386472 0.0195193 0.0191279 0.0581665
124 0.0345783 0.00109626 0.033482 0.0356745
125 0.034263 0.000298783 0.0339642 0.0345618
126 0.0491423 0.0577132 -0.0085709 0.106855
127 0.0341729 0.000278476 0.0338944 0.0344514
128 0.0409294 0.0124049 0.0285245 0.0533343
129 0.0343681 0.000321673 0.0340464 0.0346897
130 0.0362749 0.0073061 0.0289688 0.043581
131 0.0339176 0.000241634 0.033676 0.0341593
132 0.0340828 0.0002421 0.0338407 0.0343249
133 0.0550279 0.0638364 -0.00880841 0.118864
134 0.0379565 0.0169918 0.0209647 0.0549483
135 0.0527908 0.0708914 -0.0181006 0.123682
136 0.0338125 0.000334388 0.0334781 0.0341469
137 0.0481363 0.0619823 -0.013846 0.110119
138 0.0437521 0.0420479 0.00170424 0.0858
139 0.0804024 0.137192 -0.0567896 0.217594
140 0.0532112 0.0757156 -0.0225044 0.128927
141 0.112038 0.243331 -0.131294 0.355369
142 0.0339176 0.000385436 0.0335322 0.0343031
143 0.101993 0.211978 -0.109985 0.313972
144 0.0339327 0.000268586 0.0336641 0.0342012
145 0.0355242 0.00701617 0.028508 0.0425403
146 0.0338576 0.000298406 0.0335592 0.034156
147 0.0338726 0.000278476 0.0335941 0.0341511
148 0.0427311 0.0384904 0.00424067 0.0812216
149 0.0340077 0.000209665 0.0337981 0.0342174
150 0.0344882 0.00148111 0.0330071 0.0359693
151 0.0339327 0.000212337 0.0337203 0.034145
152 0.042626 0.0310645 0.0115615 0.0736905
153 0.0338876 0.000218097 0.0336695 0.0341057
154 0.0340227 0.000316374 0.0337064 0.0343391
155 0.0349837 0.00403942 0.0309442 0.0390231
156 0.0439923 0.0432999 0.000692426 0.0872922
157 0.0394279 0.0182967 0.0211312 0.0577247
158 0.0392928 0.0232285 0.0160643 0.0625213
159 0.0345332 0.00222498 0.0323083 0.0367582
160 0.0402387 0.0111968 0.0290419 0.0514355
161 0.0349837 0.00439746 0.0305862 0.0393811
162 0.0405841 0.0197763 0.0208077 0.0603604
163 0.0356293 0.0073985 0.0282308 0.0430278
164 0.0340077 0.000327233 0.0336805 0.034335
165 0.0340227 0.000270259 0.0337525 0.034293
166 0.0396231 0.0245989 0.0150243 0.064222
167 0.0486768 0.041397 0.00727986 0.0900738
168 0.0546676 0.0896936 -0.035026 0.144361
169 0.0341278 0.000256127 0.0338717 0.034384
170 0.0341729 0.000498878 0.033674 0.0346718
171 0.0357194 0.0072428 0.0284766 0.0429622
172 0.0341579 0.000340731 0.0338171 0.0344986
173 0.0508389 0.07328 -0.0224411 0.124119
174 0.0339927 0.000278477 0.0337142 0.0342712
175 0.039473 0.0178283 0.0216447 0.0573013
176 0.0357794 0.00729663 0.0284828 0.0430761
177 0.0340828 0.000335732 0.0337471 0.0344185
178 0.0401486 0.0261999 0.0139487 0.0663486
179 0.0451785 0.0484699 -0.00329141 0.0936483
180 0.0359296 0.00704961 0.02888 0.0429792
181 0.034278 0.000926891 0.0333511 0.0352049
182 0.0340077 0.000161012 0.0338467 0.0341687
183 0.0341579 0.000266479 0.0338914 0.0344243
184 0.0593671 0.0892241 -0.029857 0.148591
185 0.0409294 0.0297424 0.011187 0.0706718
186 0.0525806 0.0618552 -0.00927462 0.114436
187 0.0418152 0.033465 0.00835021 0.0752803
188 0.0341278 0.000273164 0.0338547 0.034401
189 0.037416 0.0103982 0.0270179 0.0478142
190 0.0486618 0.0442394 0.00442238 0.0929013
191 0.0355692 0.00672438 0.0288448 0.0422936
192 0.0426861 0.0152794 0.0274066 0.0579655
193 0.0351188 0.00497744 0.0301414 0.0400962
194 0.0339176 0.000276445 0.0336412 0.0341941
195 0.0573552 0.0709201 -0.013565 0.128275
196 0.0463046 0.0484184 -0.00211387 0.094723
197 0.0590668 0.0638355 -0.0047687 0.122902
198 0.0414399 0.0327926 0.00864728 0.0742325
199 0.0327165 0.000429686 0.0322868 0.0331462
200 0.0324012 0.000283292 0.0321179 0.0326845
201 0.0508389 0.0757569 -0.024918 0.126596
202 0.0323261 0.000273164 0.0320529 0.0325993
203 0.0325213 0.000839199 0.0316821 0.0333605
204 0.0401636 0.0307762 0.00938749 0.0709398
205 0.0325964 0.000419062 0.0321773 0.0330154
206 0.034278 0.00819534 0.0260826 0.0424733
207 0.0480612 0.0682681 -0.0202069 0.116329
208 0.0595323 0.100006 -0.0404738 0.159538
209 0.0323711 0.000243956 0.0321272 0.0326151
210 0.0325964 0.00143221 0.0311642 0.0340286
211 0.0421005 0.0424238 -0.000323271 0.0845243
212 0.0323862 0.000237874 0.0321483 0.032624
213 0.0524905 0.0803448 -0.0278542 0.132835
214 0.0324462 0.000429687 0.0320165 0.0328759
215 0.0356143 0.0142893 0.021325 0.0499035
216 0.0323111 0.000240232 0.0320709 0.0325513
217 0.039473 0.0311101 0.00836292 0.070583
218 0.0390376 0.029005 0.0100325 0.0680426
219 0.0318006 0.000327577 0.031473 0.0321282
220 0.033212 0.00726823 0.0259437 0.0404802
221 0.0314703 0.000224716 0.0312456 0.031695
222 0.0693818 0.113704 -0.0443225 0.183086
223 0.0315003 0.000327577 0.0311727 0.0318279
224 0.0369956 0.0123413 0.0246543 0.0493369
225 0.0595773 0.122461 -0.0628838 0.182038
226 0.033287 0.00657027 0.0267168 0.0398573
227 0.0471303 0.047998 -0.000867669 0.0951284
228 0.0315153 0.000348581 0.0311667 0.0318639
229 0.0320859 0.00231685 0.029769 0.0344027
230 0.039458 0.0351764 0.00428153 0.0746344
231 0.0369656 0.010158 0.0268076 0.0471235
232 0.0329417 0.000392679 0.032549 0.0333344
233 0.0331369 0.000237874 0.032899 0.0333748
234 0.0331519 0.00034761 0.0328043 0.0334995
235 0.0330468 0.000222194 0.0328246 0.033269
236 0.0389024 0.0256601 0.0132423 0.0645626
237 0.0536917 0.0812466 -0.027555 0.134938
238 0.0442025 0.0371067 0.00709581 0.0813093
239 0.0331069 0.000412556 0.0326943 0.0335194
240 0.0363199 0.0140609 0.022259 0.0503809
241 0.0432867 0.0460102 -0.00272358 0.0892969
242 0.0434668 0.0473457 -0.00387884 0.0908125
243 0.0433017 0.0393514 0.00395022 0.0826531
244 0.0330318 0.000875485 0.0321563 0.0339073
245 0.0390225 0.0260452 0.0129774 0.0650677
246 0.0329417 0.000286458 0.0326552 0.0332282
247 0.0330018 0.000298784 0.032703 0.0333005
248 0.0330318 0.000890801 0.032141 0.0339226
249 0.0330318 0.000342382 0.0326894 0.0333742
250 0.0357044 0.00813162 0.0275727 0.043836
251 0.0409144 0.0232364 0.017678 0.0641508
252 0.0328516 0.000258317 0.0325933 0.0331099
253 0.037386 0.0197385 0.0176475 0.0571245
254 0.0327615 0.000283291 0.0324782 0.0330448
255 0.0329567 0.00101778 0.0319389 0.0339745
256 0.0546226 0.060162 -0.00553948 0.114785
257 0.0371758 0.0177926 0.0193832 0.0549684
258 0.0329867 0.000256127 0.0327306 0.0332429
259 0.0359146 0.0131913 0.0227232 0.0491059
260 0.0333771 0.00248038 0.0308967 0.0358575
261 0.0329117 0.00032062 0.032591 0.0332323
262 0.034263 0.00668026 0.0275827 0.0409432
263 0.0343831 0.00679045 0.0275926 0.0411735
264 0.0328967 0.000222193 0.0326745 0.0331188
265 0.0365602 0.0094669 0.0270933 0.0460271
266 0.0329417 0.000301786 0.0326399 0.0332435
267 0.034263 0.00592711 0.0283359 0.0401901
268 0.0354341 0.00780578 0.0276283 0.0432399
269 0.0344582 0.00684097 0.0276172 0.0412991
270 0.0549529 0.0764973 -0.0215444 0.13145
271 0.0526406 0.0631755 -0.0105349 0.115816
272 0.0455238 0.0539009 -0.00837705 0.0994247
273 0.0331969 0.000276445 0.0329205 0.0334734
274 0.048857 0.0474182 0.00143882 0.0962752
275 0.0345332 0.00655084 0.0279824 0.0410841
276 0.0346383 0.00666565 0.0279727 0.041304
277 0.0354191 0.0076379 0.0277812 0.043057
278 0.0318006 0.000266903 0.0315337 0.0320675
279 0.033272 0.00642618 0.0268458 0.0396982
280 0.0317255 0.000256128 0.0314694 0.0319817
281 0.0318006 0.000298784 0.0315018 0.0320994
282 0.0464397 0.0640243 -0.0175847 0.110464
283 0.045689 0.0599949 -0.0143059 0.105684
284 0.0378814 0.0178265 0.020055 0.0557079
285 0.0375962 0.0254778 0.0121184 0.063074
286 0.0816486 0.214545 -0.132896 0.296193
287 0.0380166 0.0190473 0.0189693 0.0570638
288 0.0334822 0.00624608 0.0272361 0.0397283
289 0.0318456 0.000276446 0.0315692 0.0321221
290 0.0317255 0.000304391 0.0314211 0.0320299
291 0.0316805 0.000260058 0.0314204 0.0319405
292 0.0437521 0.0528608 -0.00910875 0.0966129
293 0.040494 0.0249101 0.0155839 0.0654041
294 0.0544274 0.0832105 -0.0287832 0.137638
295 0.0341278 0.0130487 0.0210792 0.0471765
296 0.0375812 0.0242181 0.013363 0.0617993
297 0.0368154 0.0147397 0.0220757 0.0515551
298 0.039443 0.0317373 0.00770563 0.0711803
299 0.0505536 0.0807166 -0.030163 0.13127
300 0.0420555 0.040941 0.00111446 0.0829965
301 0.0396832 0.0193488 0.0203344 0.059032
302 0.0352089 0.00846307 0.0267458 0.043672
303 0.0345933 0.00964044 0.0249528 0.0442337
304 0.056109 0.103967 -0.0478583 0.160076
305 0.032266 0.00020088 0.0320652 0.0324669
306 0.0322811 0.000177654 0.0321034 0.0324587
307 0.0322811 0.000276853 0.0320042 0.0325579
308 0.0344431 0.000253028 0.0341901 0.0346962
309 0.0339627 0.000341063 0.0336216 0.0343037
310 0.086303 0.228141 -0.141838 0.314444
311 0.0538418 0.083476 -0.0296342 0.137318
312 0.0500131 0.0737457 -0.0237326 0.123759
313 0.0330318 0.000391529 0.0326403 0.0334233
314 0.0331369 0.000427582 0.0327093 0.0335645
315 0.0329717 0.000350194 0.0326215 0.0333219
316 0.0328967 0.000348581 0.0325481 0.0332452
317 0.0340828 0.00507257 0.0290102 0.0391554
318 0.0345032 0.00717678 0.0273264 0.04168
319 0.0410645 0.0359788 0.0050857 0.0770433
320 0.0376562 0.0110563 0.0265999 0.0487126
321 0.0316505 0.000407332 0.0312431 0.0320578
322 0.0313652 0.000307338 0.0310578 0.0316725
323 0.0337525 0.00753982 0.0262127 0.0412923
324 0.033287 0.00725263 0.0260344 0.0405397
325 0.0528058 0.0569026 -0.00409679 0.109708
326 0.0316054 0.000390087 0.0312153 0.0319955
327 0.0318156 0.000321675 0.0314939 0.0321373
328 0.0496378 0.0794109 -0.0297731 0.129049
329 0.0313201 0.000330318 0.0309898 0.0316505
330 0.0355542 0.0118225 0.0237317 0.0473767
331 0.0414549 0.0433379 -0.00188301 0.0847928
332 0.0496978 0.0722002 -0.0225024 0.121898
333 0.0357794 0.0143425 0.021437 0.0501219
334 0.0313201 0.000234533 0.0310856 0.0315547
335 0.0314252 0.000256128 0.0311691 0.0316814
336 0.0450584 0.0594508 -0.0143924 0.104509
337 0.0321309 0.00311491 0.029016 0.0352458
338 0.0316955 0.00152076 0.0301747 0.0332163
339 0.0327315 0.00634172 0.0263898 0.0390732
340 0.0578056 0.0795921 -0.0217864 0.137398
341 0.0312451 0.000222194 0.0310229 0.0314673
342 0.0346383 0.0148579 0.0197805 0.0494962
343 0.0313502 0.000320621 0.0310295 0.0316708
344 0.0579708 0.0971033 -0.0391325 0.155074
345 0.031215 0.000276445 0.0309386 0.0314915
346 0.0326414 0.00650394 0.0261375 0.0391454
347 0.0312901 0.000309166 0.0309809 0.0315993
348 0.0313502 0.000418254 0.0309319 0.0317684
349 0.0340227 0.0121764 0.0218464 0.0461991
350 0.0312451 0.000321674 0.0309234 0.0315667
351 0.0658233 0.149549 -0.0837256 0.215372
352 0.0392327 0.01577 0.0234628 0.0550027
353 0.0382868 0.0301429 0.00814398 0.0684297
354 0.0335273 0.00953495 0.0239923 0.0430622
355 0.0313051 0.000390087 0.030915 0.0316952
356 0.0352539 0.0130542 0.0221997 0.0483082
357 0.0677152 0.0987293 -0.0310141 0.166444
358 0.0316655 0.00170789 0.0299576 0.0333734
359 0.0421456 0.0353971 0.00674847 0.0775426
360 0.0317105 0.00149663 0.0302139 0.0332071
361 0.064442 0.103166 -0.0387236 0.167608
362 0.0323862 0.0042268 0.0281594 0.036613
363 0.0501783 0.0816293 -0.0314511 0.131808
364 0.0316655 0.000396962 0.0312685 0.0320624
365 0.0422957 0.0468568 -0.00456115 0.0891525
366 0.0316054 0.000298406 0.031307 0.0319038
367 0.0331519 0.00707905 0.0260728 0.040231
368 0.0314252 0.000256127 0.0311691 0.0316814
369 0.0315303 0.000355307 0.031175 0.0318856
370 0.0315754 0.000345985 0.0312294 0.0319214
371 0.0330618 0.00654733 0.0265145 0.0396091
372 0.0315454 0.000276446 0.0312689 0.0318218
373 0.0329717 0.00615013 0.0268216 0.0391219
374 0.0314853 0.000256127 0.0312292 0.0317414
375 0.0316204 0.000392679 0.0312277 0.0320131
376 0.0315904 0.000398379 0.031192 0.0319888
377 0.0316204 0.00027026 0.0313502 0.0318907
378 0.0340678 0.00811529 0.0259525 0.0421831
379 0.0463496 0.0632971 -0.0169475 0.109647
380 0.0316505 0.000306236 0.0313442 0.0319567
381 0.0358545 0.0190565 0.016798 0.054911
382 0.0313952 0.000321673 0.0310735 0.0317169
383 0.0331219 0.0068061 0.0263158 0.039928
384 0.0391877 0.0131989 0.0259888 0.0523866
385 0.0368304 0.022966 0.0138645 0.0597964
386 0.0342179 0.0118561 0.0223618 0.046074
387 0.0341729 0.00794354 0.0262293 0.0421164
388 0.0320709 0.00191008 0.0301608 0.0339809
389 0.034338 0.0121081 0.0222299 0.0464462
390 0.0318757 0.00156114 0.0303145 0.0334368
391 0.0465748 0.0518048 -0.00522994 0.0983796
392 0.0400285 0.0263491 0.0136794 0.0663776
393 0.0321309 0.00032895 0.031802 0.0324599
394 0.035359 0.0116869 0.0236721 0.047046
395 0.0407192 0.0232084 0.0175108 0.0639275
396 0.058196 0.100374 -0.0421778 0.15857
397 0.0400736 0.023544 0.0165296 0.0636175
398 0.0340528 0.00714309 0.0269097 0.0411959
399 0.0324913 0.000261786 0.0322295 0.032753
400 0.0324312 0.000232602 0.0321986 0.0326638
401 0.0326114 0.00108852 0.0315229 0.0336999
402 0.0326414 0.000950071 0.0316913 0.0335915
403 0.0406892 0.03579 0.0048991 0.0764792
404 0.0324462 0.000321674 0.0321245 0.0327679
405 0.0561991 0.0596541 -0.00345499 0.115853
406 0.0323711 0.000542186 0.031829 0.0329133
407 0.032236 0.000358779 0.0318772 0.0325948
408 0.0860628 0.234464 -0.148401 0.320527
409 0.0324462 0.000469787 0.0319764 0.032916
410 0.0613941 0.0955681 -0.0341741 0.156962
411 0.0308547 0.000366242 0.0304884 0.0312209
412 0.0323561 0.00636221 0.0259939 0.0387183
413 0.0329867 0.00924591 0.0237408 0.0422327
414 0.0323862 0.00690225 0.0254839 0.0392884
415 0.0308847 0.000237874 0.0306468 0.0311226
416 0.0412897 0.0169958 0.0242939 0.0582855
417 0.035359 0.0170616 0.0182975 0.0524206
418 0.0472655 0.0517938 -0.00452835 0.0990593
419 0.0998611 0.203024 -0.103163 0.302885
420 0.0304493 0.00130686 0.0291424 0.0317562
421 0.030104 0.000366241 0.0297377 0.0304702
422 0.0299839 0.000318858 0.029665 0.0303027
423 0.0316505 0.00714246 0.024508 0.0387929
424 0.042596 0.0547112 -0.0121152 0.0973072
425 0.0299538 0.000298406 0.0296554 0.0302522
426 0.0300289 0.00025124 0.0297777 0.0302801
427 0.0439022 0.0515865 -0.00768427 0.0954888
428 0.0330468 0.00675181 0.026295 0.0397986
429 0.0318907 0.000224715 0.031666 0.0321154
430 0.0399985 0.0359494 0.00404905 0.0759479
431 0.0502233 0.0805856 -0.0303623 0.130809
432 0.0372659 0.023969 0.0132969 0.0612348
433 0.0589767 0.0837432 -0.0247664 0.14272
434 0.0510942 0.0849327 -0.0338385 0.136027
435 0.0325813 0.00426527 0.0283161 0.0368466
436 0.0316955 0.0010466 0.0306489 0.0327421
437 0.0335122 0.00784289 0.0256694 0.0413551
438 0.031155 0.000282894 0.0308721 0.0314379
439 0.0329567 0.0075973 0.0253594 0.040554
440 0.031215 0.000276445 0.0309386 0.0314915
441 0.0312451 0.000241634 0.0310034 0.0314867
442 0.03117 0.000261786 0.0309082 0.0314318
443 0.0333771 0.00702206 0.0263551 0.0403992
444 0.0335122 0.00659639 0.0269159 0.0401086
445 0.0317255 0.000273164 0.0314524 0.0319987
446 0.0489021 0.0757222 -0.0268202 0.124624
447 0.0456589 0.0614478 -0.0157889 0.107107
448 0.0558988 0.0710179 -0.0151192 0.126917
449 0.0321609 0.00227883 0.0298821 0.0344398
450 0.0430464 0.0306711 0.0123753 0.0737176
451 0.0327015 0.000266903 0.0324346 0.0329684
452 0.0387973 0.0244546 0.0143427 0.0632519
453 0.0410195 0.0352315 0.00578796 0.076251
454 0.0432716 0.0431891 8.25181e-005 0.0864608
455 0.0334071 0.000313152 0.033094 0.0337203
456 0.0357644 0.011639 0.0241254 0.0474034
457 0.0330318 0.000379839 0.0326519 0.0334116
458 0.0334522 0.00735027 0.0261019 0.0408025
459 0.0316054 0.000230168 0.0313752 0.0318356
460 0.0316655 0.000259625 0.0314058 0.0319251
461 0.0485117 0.0593434 -0.0108317 0.107855
462 0.0381968 0.0175281 0.0206686 0.0557249
463 0.0328216 0.0050186 0.027803 0.0378402
464 0.0317706 0.000261787 0.0315088 0.0320324
465 0.0393679 0.0238543 0.0155135 0.0632222
466 0.0317706 0.000309167 0.0314614 0.0320797
467 0.0408693 0.0324205 0.00844884 0.0732898
468 0.0327916 0.00426643 0.0285251 0.037058
469 0.0319808 0.000276854 0.0317039 0.0322576
470 0.0334522 0.00741805 0.0260341 0.0408702
471 0.0458091 0.0606557 -0.0148466 0.106465
472 0.0329417 0.00445815 0.0284835 0.0373998
473 0.0318607 0.000266904 0.0315938 0.0321276
474 0.0349386 0.00937954 0.0255591 0.0443182
475 0.0319207 0.000286458 0.0316343 0.0322072
476 0.047776 0.0695047 -0.0217287 0.117281
477 0.0326114 0.00267982 0.0299316 0.0352912
478 0.0327165 0.00366485 0.0290516 0.0363813
479 0.0319057 0.000313151 0.0315925 0.0322189
480 0.0443677 0.0196896 0.0246781 0.0640573
481 0.0455688 0.059402 -0.0138331 0.104971
482 0.0330018 0.00504441 0.0279573 0.0380462
483 0.0319507 0.000384557 0.0315662 0.0323353
484 0.0596074 0.121076 -0.0614691 0.180684
485 0.0350287 0.0134663 0.0215624 0.048495
486 0.0333471 0.00627918 0.0270679 0.0396263
487 0.0358695 0.0110751 0.0247944 0.0469446
488 0.0319207 0.000343697 0.031577 0.0322644
489 0.0417852 0.0429094 -0.00112421 0.0846946
490 0.0330618 0.00390133 0.0291605 0.0369631
491 0.032251 0.00460275 0.0276483 0.0368538
492 0.0516047 0.076425 -0.0248203 0.12803
493 0.0336774 0.00660927 0.0270681 0.0402867
494 0.0462895 0.0494878 -0.00319825 0.0957773
495 0.0507638 0.0515785 -0.000814702 0.102342
496 0.032221 0.000425733 0.0317953 0.0326467
497 0.0321309 0.000212337 0.0319186 0.0323433
498 0.0439022 0.0446747 -0.000772497 0.088577
499 0.0372659 0.0152131 0.0220528 0.052479
500 0.0322811 0.000260058 0.032021 0.0325411
501 0.044728 0.0538103 -0.00908224 0.0985383
502 0.0505086 0.0791426 -0.028634 0.129651
503 0.0362749 0.0172392 0.0190357 0.0535141
504 0.044668 0.0378915 0.00677646 0.0825595
505 0.0652978 0.134514 -0.0692157 0.199811
506 0.0338125 0.000497067 0.0333155 0.0343096
507 0.0330468 0.000396961 0.0326498 0.0334438
508 0.049863 0.0632843 -0.0134213 0.113147
509 0.0370256 0.017966 0.0190596 0.0549916
510 0.033257 0.00190127 0.0313557 0.0351583
511 0.0441875 0.049248 -0.00506044 0.0934355
512 0.0377313 0.010661 0.0270703 0.0483923
513 0.0347434 0.00733289 0.0274105 0.0420763
514 0.0328216 0.000356573 0.032465 0.0331782
515 0.0345332 0.00778843 0.0267448 0.0423217
516 0.0333171 0.00745024 0.0258668 0.0407673
517 0.0316354 0.000345985 0.0312895 0.0319814
518 0.0323111 0.00409804 0.0282131 0.0364091
519 0.0316054 0.000401479 0.0312039 0.0320069
520 0.0316204 0.000392679 0.0312277 0.0320131
521 0.0352839 0.0119659 0.0233181 0.0472498
522 0.0387823 0.0250538 0.0137286 0.0638361
523 0.051935 0.0667726 -0.0148377 0.118708
524 0.0313051 0.000282894 0.0310222 0.031588
525 0.0312 0.000283292 0.0309167 0.0314833
526 0.0314102 0.000449431 0.0309608 0.0318597
527 0.0315754 0.000256128 0.0313193 0.0318315
528 0.0609887 0.128751 -0.067762 0.189739
529 0.0314553 0.000298406 0.0311569 0.0317537
530 0.0313952 0.000276445 0.0311188 0.0316717
531 0.0347584 0.0100023 0.0247561 0.0447608
532 0.0517398 0.0886427 -0.0369029 0.140382
533 0.0315454 0.000307338 0.031238 0.0318527
534 0.0430764 0.0446645 -0.00158809 0.087741
535 0.0407943 0.0410706 -0.00027637 0.0818649
536 0.0361998 0.0160528 0.020147 0.0522526
537 0.033302 0.00667892 0.0266231 0.039981
538 0.0315604 0.000949123 0.0306112 0.0325095
539 0.0313802 0.000276852 0.0311033 0.031657
540 0.0393228 0.0346572 0.00466561 0.0739801
541 0.0338726 0.0106983 0.0231743 0.0445709
542 0.0313051 0.00026648 0.0310386 0.0315716
543 0.0313352 0.000358779 0.0309764 0.0316939
544 0.0364701 0.009764 0.0267061 0.0462341
545 0.0377163 0.0282738 0.00944246 0.0659901
546 0.0324913 0.00515816 0.0273331 0.0376494
547 0.035374 0.0177898 0.0175842 0.0531639
548 0.0313502 0.000258318 0.0310918 0.0316085
549 0.0328366 0.00693744 0.0258992 0.039774
550 0.0311249 0.000218098 0.0309069 0.031343
551 0.03123 0.000300288 0.0309298 0.0315303
552 0.0326414 0.006227 0.0264144 0.0388684
553 0.0422957 0.0477528 -0.00545707 0.0900485
554 0.0313952 0.0002923 0.0311029 0.0316875
555 0.0477009 0.0713129 -0.023612 0.119014
556 0.0313652 0.000200879 0.0311643 0.0315661
557 0.0531962 0.094922 -0.0417258 0.148118
558 0.0313802 0.000276853 0.0311033 0.031657
559 0.073751 0.128835 -0.0550839 0.202586
560 0.0314853 0.000237873 0.0312474 0.0317232
561 0.034278 0.0128741 0.0214039 0.047152
562 0.0316204 0.000286457 0.031334 0.0319069
563 0.0353891 0.011968 0.023421 0.0473571
564 0.0313502 0.000240231 0.0311099 0.0315904
565 0.0359896 0.0152939 0.0206957 0.0512835
566 0.0435719 0.0451119 -0.00154002 0.0886839
567 0.0316354 0.000394682 0.0312408 0.0320301
568 0.0315754 0.000289199 0.0312862 0.0318646
569 0.0329417 0.00636733 0.0265744 0.039309
570 0.0341879 0.00788181 0.0263061 0.0420697
571 0.0536766 0.0962585 -0.0425819 0.149935
572 0.0327765 0.00418607 0.0285905 0.0369626
573 0.034278 0.0118431 0.0224349 0.046121
574 0.0315454 0.000241635 0.0313037 0.031787
575 0.0315754 0.000358779 0.0312166 0.0319342
576 0.0430164 0.0217789 0.0212375 0.0647953
577 0.0316955 0.000756555 0.0309389 0.0324521
578 0.035314 0.0163569 0.0189571 0.0516709
579 0.0315153 0.000307338 0.031208 0.0318227
580 0.0465448 0.0659979 -0.0194531 0.112543
581 0.0501032 0.0807509 -0.0306477 0.130854
582 0.0316505 0.000258319 0.0313921 0.0319088
583 0.0437821 0.0479867 -0.00420453 0.0917688
584 0.0411096 0.0417555 -0.000645932 0.082865
585 0.0563192 0.107846 -0.0515265 0.164165
586 0.034278 0.0121875 0.0220904 0.0464655
587 0.053016 0.0690381 -0.0160221 0.122054
588 0.0360347 0.0186745 0.0173602 0.0547092
589 0.034308 0.00749693 0.0268111 0.0418049
590 0.0350287 0.0133921 0.0216366 0.0484208
591 0.0360797 0.0139495 0.0221302 0.0500292
592 0.0312601 0.000230656 0.0310294 0.0314907
593 0.0324612 0.000298783 0.0321625 0.03276
594 0.0480612 0.0448517 0.00320955 0.0929129
595 0.0513644 0.0490762 0.00228822 0.100441
596 0.0351338 0.0121971 0.0229368 0.0473309
597 0.0446229 0.042926 0.00169691 0.087549
598 0.0345332 0.00930605 0.0252272 0.0438393
599 0.0350137 0.0111271 0.0238866 0.0461408
600 0.0323862 0.000256127 0.03213 0.0326423
601 0.050914 0.0619375 -0.0110235 0.112851
602 0.0380016 0.0249729 0.0130287 0.0629744
603 0.0383169 0.0257252 0.0125917 0.0640421
604 0.0323411 0.000192279 0.0321488 0.0325334
605 0.0323561 0.00026648 0.0320897 0.0326226
606 0.0334822 0.00493105 0.0285512 0.0384133
607 0.0310048 0.000327232 0.0306776 0.0313321
608 0.063436 0.0876684 -0.0242324 0.151104
609 0.0310799 0.000385728 0.0306942 0.0314656
610 0.0309147 0.000222194 0.0306926 0.0311369
611 0.0521001 0.0755735 -0.0234733 0.127674
612 0.0621898 0.104519 -0.0423294 0.166709
613 0.0341429 0.0175221 0.0166208 0.0516649
614 0.0300439 0.000241634 0.0298023 0.0302855
615 0.03123 0.00510315 0.0261269 0.0363332
616 0.0814984 0.202352 -0.120853 0.28385
617 0.0308697 0.00333524 0.0275345 0.0342049
618 0.0300589 0.000210201 0.0298487 0.0302691
619 0.0446079 0.0634804 -0.0188724 0.108088
620 0.0300289 0.000268586 0.0297603 0.0302975
621 0.0299839 0.000358779 0.0296251 0.0303426
622 0.0330168 0.013232 0.0197848 0.0462487
623 0.0319658 0.000361285 0.0316045 0.032327
624 0.0315604 0.000354036 0.0312063 0.0319144
625 0.0315454 0.000479288 0.0310661 0.0320246
626 0.0390225 0.0334175 0.00560503 0.0724401
627 0.0541121 0.0762333 -0.0221213 0.130345
628 0.0329267 0.00623364 0.026693 0.0391603
629 0.0313802 0.000470027 0.0309102 0.0318502
630 0.0313952 0.000321673 0.0310735 0.0317169
631 0.0442326 0.0459105 -0.00167799 0.0901431
632 0.0337825 0.0113351 0.0224474 0.0451176
633 0.0380917 0.0169641 0.0211275 0.0550558
634 0.0318907 0.00188155 0.0300091 0.0337722
635 0.0314252 0.00030439 0.0311208 0.0317296
636 0.0313502 0.000258319 0.0310918 0.0316085
637 0.0437671 0.0522705 -0.00850334 0.0960376
638 0.0314703 0.000375062 0.0310952 0.0318453
639 0.0318607 0.0024924 0.0293683 0.0343531
640 0.0401036 0.012851 0.0272526 0.0529546
641 0.0340227 0.00808503 0.0259377 0.0421078
642 0.0510191 0.0618352 -0.0108161 0.112854
643 0.0526407 0.075247 -0.0226064 0.127888
644 0.0325814 0.000322024 0.0322593 0.0329034
645 0.034338 0.00497454 0.0293635 0.0393126
646 0.0586014 0.0784511 -0.0198497 0.137052
647 0.0456139 0.054638 -0.00902408 0.100252
648 0.0537067 0.0631878 -0.00948109 0.116894
649 0.0331819 0.000260058 0.0329219 0.033442
650 0.0413047 0.029191 0.0121137 0.0704958
651 0.0330618 0.000283292 0.0327785 0.0333451
652 0.0328816 0.000335733 0.0325459 0.0332174
653 0.0330318 0.000314946 0.0327168 0.0333467
654 0.0328967 0.000222193 0.0326745 0.0331188
655 0.0637363 0.134045 -0.0703087 0.197781
656 0.0330168 0.000241634 0.0327751 0.0332584
657 0.0494876 0.077448 -0.0279604 0.126936
658 0.0361248 0.0192019 0.0169229 0.0553266
659 0.0372809 0.0167321 0.0205487 0.054013
660 0.0318156 0.00046009 0.0313555 0.0322757
661 0.0532412 0.0670081 -0.0137669 0.120249
662 0.0433017 0.0500015 -0.00669988 0.0933032
663 0.0479111 0.0632029 -0.0152918 0.111114
664 0.0334071 0.00667755 0.0267296 0.0400847
665 0.0336023 0.00680729 0.026795 0.0404096
666 0.0318607 0.000249439 0.0316112 0.0321101
667 0.0373109 0.0242341 0.0130768 0.061545
668 0.0325813 0.00363523 0.0289461 0.0362166
669 0.0335122 0.00652353 0.0269887 0.0400358
670 0.0334372 0.00707897 0.0263582 0.0405161
671 0.0318456 0.000307339 0.0315383 0.032153
672 0.0401937 0.0132465 0.0269471 0.0534402
673 0.0406141 0.0385634 0.00205063 0.0791775
674 0.0319357 0.000458125 0.0314776 0.0323939
675 0.0335723 0.00773301 0.0258393 0.0413053
676 0.0576104 0.0963148 -0.0387044 0.153925
677 0.0454037 0.0590957 -0.013692 0.104499
678 0.0336173 0.0079989 0.0256185 0.0416162
679 0.0441124 0.0456363 -0.00152386 0.0897487
680 0.0318907 0.000409539 0.0314811 0.0323002
681 0.0318306 0.000232603 0.031598 0.0320632
682 0.0319357 0.000761308 0.0311744 0.032697
683 0.0395631 0.0333617 0.0062014 0.0729247
684 0.0333921 0.00688153 0.0265106 0.0402737
685 0.0373409 0.0241583 0.0131826 0.0614992
686 0.0649675 0.0984303 -0.0334628 0.163398
687 0.0575504 0.0882726 -0.0307222 0.145823
688 0.0422507 0.038703 0.0035476 0.0809537
689 0.0558387 0.0938139 -0.0379751 0.149653
690 0.0668743 0.110565 -0.0436903 0.177439
691 0.0465898 0.0628879 -0.0162981 0.109478
692 0.0385121 0.0280224 0.0104896 0.0665345
693 0.0351188 0.0128201 0.0222987 0.0479389
694 0.0407943 0.0311032 0.00969103 0.0718975
695 0.0356293 0.0132169 0.0224124 0.0488462
696 0.0357044 0.0124975 0.0232068 0.0482019
697 0.0400736 0.024494 0.0155796 0.0645675
698 0.0339176 0.00689977 0.0270179 0.0408174
699 0.032266 0.000307339 0.0319587 0.0325734
700 0.0423107 0.0420507 0.000259977 0.0843614
701 0.0484216 0.0417211 0.00670046 0.0901427
702 0.0338426 0.00027026 0.0335723 0.0341128
703 0.0418903 0.0343374 0.00755289 0.0762277
704 0.0389925 0.0107125 0.02828 0.049705
705 0.0329717 0.00040954 0.0325622 0.0333813
706 0.033257 0.00149505 0.031762 0.034752
707 0.0348786 0.0072377 0.0276409 0.0421163
708 0.0528509 0.086803 -0.0339522 0.139654
709 0.0379115 0.0219613 0.0159501 0.0598728
710 0.0328967 0.000321673 0.032575 0.0332183
711 0.0345482 0.00717211 0.0273761 0.0417204
712 0.0334071 0.00222067 0.0311865 0.0356278
713 0.0328666 0.000893202 0.0319734 0.0337598
714 0.0619646 0.10248 -0.0405149 0.164444
715 0.0460493 0.0580519 -0.0120026 0.104101
716 0.0340528 0.00356498 0.0304878 0.0376177
717 0.0399835 0.0357458 0.0042377 0.0757292
718 0.0337375 0.00880071 0.0249368 0.0425382
719 0.0316204 0.00021445 0.031406 0.0318349
720 0.054082 0.0992652 -0.0451831 0.153347
721 0.0596374 0.087673 -0.0280356 0.14731
722 0.0315003 0.000341063 0.0311592 0.0318414
723 0.0484516 0.0618214 -0.0133698 0.110273
724 0.0313652 0.000440054 0.0309251 0.0318052
725 0.0313652 0.000307338 0.0310578 0.0316725
726 0.0313652 0.000276445 0.0310887 0.0316416
727 0.0524755 0.0728686 -0.0203931 0.125344
728 0.0438422 0.0542179 -0.0103757 0.0980601
729 0.0313201 0.000301787 0.0310183 0.0316219
730 0.0404639 0.0401812 0.000282752 0.0806451
731 0.0312901 0.000309166 0.0309809 0.0315993
732 0.0313502 0.000439284 0.0309109 0.0317894
733 0.03114 0.000270259 0.0308697 0.0314102
734 0.0312601 0.000266903 0.0309932 0.031527
735 0.0312 0.000230656 0.0309694 0.0314307
736 0.0371157 0.0103272 0.0267885 0.0474429
737 0.0315153 0.00074454 0.0307708 0.0322599
738 0.0328816 0.00420029 0.0286813 0.0370819
739 0.0317255 0.00203505 0.0296905 0.0337606
740 0.0313652 0.000348581 0.0310166 0.0317138
741 0.0313201 0.000512254 0.0308079 0.0318324
742 0.047836 0.0474024 0.000433625 0.0952384
743 0.0351788 0.0169402 0.0182386 0.0521191
744 0.03117 0.000278477 0.0308915 0.0314485
745 0.0450884 0.0424555 0.00263287 0.0875439
746 0.032221 0.00391425 0.0283068 0.0361353
747 0.0479862 0.0703752 -0.022389 0.118361
748 0.0313802 0.000307705 0.0310725 0.0316879
749 0.0467099 0.0675446 -0.0208347 0.114255
750 0.0315454 0.0002923 0.0312531 0.0318377
751 0.0372809 0.0168457 0.0204352 0.0541266
752 0.0325213 0.0044032 0.0281181 0.0369245
753 0.0314102 0.000360347 0.0310499 0.0317706
754 0.0313952 0.00020088 0.0311943 0.0315961
755 0.0315604 0.0010655 0.0304949 0.0326259
756 0.0314403 0.000301787 0.0311385 0.031742
757 0.0317706 0.00154174 0.0302288 0.0333123
758 0.0334522 0.00694467 0.0265075 0.0403969
759 0.0385871 0.030072 0.0085151 0.0686592
760 0.0464247 0.0647167 -0.018292 0.111141
761 0.0511993 0.0719436 -0.0207444 0.123143
762 0.0316054 0.000327233 0.0312782 0.0319326
763 0.0324462 0.00434276 0.0281035 0.036789
764 0.0324162 0.00407716 0.028339 0.0364934
765 0.0317255 0.000427583 0.0312979 0.0321531
766 0.0336324 0.00916644 0.0244659 0.0427988
767 0.0315904 0.000350195 0.0312402 0.0319406
768 0.0361998 0.0100305 0.0261693 0.0462303
769 0.0316805 0.000292685 0.0313878 0.0319732
770 0.0315604 0.000266903 0.0312935 0.0318273
771 0.0316354 0.000405946 0.0312295 0.0320414
772 0.0778349 0.134316 -0.0564812 0.212151
773 0.0455989 0.0607727 -0.0151739 0.106372
774 0.0411846 0.041002 0.000182676 0.0821866
775 0.0512293 0.0756699 -0.0244406 0.126899
776 0.0545475 0.0997117 -0.0451642 0.154259
777 0.0316505 0.000418255 0.0312322 0.0320687
778 0.0316805 0.000479523 0.031201 0.03216
779 0.0316955 0.000429687 0.0312658 0.0321252
780 0.0443977 0.0554688 -0.011071 0.0998665
781 0.0317405 0.000301788 0.0314388 0.0320423
782 0.0487369 0.0743826 -0.0256457 0.12312
783 0.0347434 0.0139394 0.020804 0.0486828
784 0.0499981 0.0688811 -0.018883 0.118879
785 0.0388874 0.028005 0.0108824 0.0668924
786 0.0323711 0.00115367 0.0312175 0.0335248
787 0.0316204 0.000253028 0.0313674 0.0318735
788 0.0466199 0.0562682 -0.0096483 0.102888
789 0.0324312 0.000284879 0.0321463 0.0327161
790 0.0400736 0.023722 0.0163516 0.0637955
791 0.0324012 0.00037865 0.0320225 0.0327798
792 0.0362299 0.0177316 0.0184982 0.0539615
793 0.0487519 0.0594564 -0.0107045 0.108208
794 0.0387373 0.0285221 0.0102152 0.0672593
795 0.0351338 0.0115191 0.0236147 0.0466529
796 0.0427161 0.0418139 0.000902241 0.08453
797 0.0372959 0.0274748 0.00982107 0.0647707
798 0.0308096 0.000240231 0.0305694 0.0310499
799 0.0338726 0.012899 0.0209736 0.0467716
