# ../output/graphs/perf_serial30QUADRUPED
# step - mean (0.281508) - standard deviation (0.0216623) r=20 - ylow - yhigh
0 0.265488 0.0108355 0.254653 0.276324
1 0.262366 0.00537469 0.256991 0.267741
2 0.275709 0.0354699 0.240239 0.311179
3 0.278874 0.0309936 0.24788 0.309867
4 0.277056 0.0228454 0.254211 0.299902
5 0.282231 0.039345 0.242886 0.321576
6 0.278745 0.0318778 0.246868 0.310623
7 0.285909 0.0375237 0.248385 0.323432
8 0.281247 0.0406563 0.240591 0.321903
9 0.280499 0.0464434 0.234055 0.326942
10 0.278189 0.0348662 0.243323 0.313056
11 0.278895 0.0341961 0.244699 0.313091
12 0.272502 0.00999523 0.262506 0.282497
13 0.275859 0.027362 0.248497 0.303221
14 0.268867 0.00356033 0.265306 0.272427
15 0.278018 0.0408463 0.237172 0.318865
16 0.277612 0.0321089 0.245503 0.309721
17 0.286422 0.0543478 0.232074 0.34077
18 0.277676 0.0312791 0.246397 0.308955
19 0.278147 0.0351186 0.243028 0.313265
20 0.275816 0.024799 0.251017 0.300615
21 0.271197 0.00708576 0.264111 0.278283
22 0.282701 0.0379194 0.244782 0.320621
23 0.291404 0.0601402 0.231264 0.351544
24 0.279558 0.0468818 0.232676 0.32644
25 0.27789 0.0362526 0.241637 0.314143
26 0.277035 0.0341968 0.242838 0.311231
27 0.274148 0.0076817 0.266466 0.28183
28 0.272951 0.0043819 0.268569 0.277333
29 0.273656 0.00494288 0.268713 0.278599
30 0.282188 0.0272122 0.254976 0.3094
31 0.272352 0.00464606 0.267706 0.276998
32 0.27727 0.0115191 0.265751 0.288789
33 0.27712 0.0108248 0.266295 0.287945
34 0.290677 0.0480481 0.242629 0.338725
35 0.281461 0.0128491 0.268612 0.29431
36 0.280798 0.0150504 0.265748 0.295848
37 0.282765 0.0190691 0.263696 0.301834
38 0.283086 0.0263376 0.256748 0.309424
39 0.281546 0.0123423 0.269204 0.293889
40 0.284412 0.025264 0.259148 0.309676
41 0.282894 0.019115 0.263779 0.302009
42 0.279836 0.0106092 0.269227 0.290445
43 0.284455 0.0219826 0.262472 0.306437
44 0.286293 0.0364593 0.249834 0.322753
45 0.28593 0.0260538 0.259876 0.311984
46 0.276714 0.0048844 0.27183 0.281598
47 0.290014 0.0539319 0.236082 0.343946
48 0.277398 0.0134581 0.26394 0.290856
49 0.272523 0.00521822 0.267305 0.277741
50 0.272373 0.0037912 0.268582 0.276164
51 0.27603 0.00766263 0.268367 0.283692
52 0.273507 0.00459898 0.268908 0.278106
53 0.277355 0.0161535 0.261202 0.293509
54 0.277184 0.0192622 0.257922 0.296447
55 0.273742 0.00464336 0.269098 0.278385
56 0.281119 0.029693 0.251426 0.310812
57 0.272715 0.00755764 0.265158 0.280273
58 0.273613 0.0114381 0.262175 0.285052
59 0.271839 0.00775964 0.264079 0.279598
60 0.270705 0.00417046 0.266535 0.274876
61 0.273207 0.00829724 0.26491 0.281504
62 0.270748 0.0039495 0.266799 0.274698
63 0.274084 0.0119643 0.26212 0.286048
64 0.285524 0.0275249 0.257999 0.313049
65 0.279472 0.035055 0.244417 0.314527
66 0.273998 0.0147662 0.259232 0.288765
67 0.278852 0.0363764 0.242476 0.315229
68 0.276735 0.00698126 0.269754 0.283717
69 0.27464 0.0054492 0.269191 0.280089
70 0.277826 0.0126388 0.265187 0.290465
71 0.276949 0.00994185 0.267007 0.286891
72 0.288774 0.00775091 0.281023 0.296525
73 0.28747 0.00394185 0.283528 0.291411
74 0.291853 0.0114907 0.280362 0.303344
75 0.28933 0.00970548 0.279624 0.299035
76 0.288581 0.0101062 0.278475 0.298688
77 0.296215 0.0431898 0.253025 0.339405
78 0.286358 0.00501725 0.28134 0.291375
79 0.299871 0.0533 0.246571 0.353172
80 0.292045 0.0147865 0.277259 0.306832
81 0.287277 0.00722961 0.280047 0.294507
82 0.288068 0.00629888 0.281769 0.294367
83 0.287127 0.00420409 0.282923 0.291331
84 0.288175 0.0114985 0.276677 0.299674
85 0.286636 0.00725864 0.279377 0.293894
86 0.29335 0.0289448 0.264405 0.322295
87 0.288774 0.0100129 0.278761 0.298787
88 0.286293 0.00556686 0.280727 0.29186
89 0.290142 0.0224221 0.26772 0.312564
90 0.284818 0.0029752 0.281843 0.287793
91 0.295574 0.0384388 0.257135 0.334012
92 0.28516 0.00605037 0.27911 0.291211
93 0.286272 0.00875638 0.277516 0.295028
94 0.284647 0.00345422 0.281193 0.288101
95 0.284155 0.00305848 0.281097 0.287214
96 0.288838 0.0129512 0.275887 0.301789
97 0.288132 0.0107109 0.277421 0.298843
98 0.28655 0.00666301 0.279887 0.293213
99 0.28995 0.0155827 0.274367 0.305533
100 0.286764 0.00845684 0.278307 0.295221
101 0.295189 0.0371215 0.258067 0.33231
102 0.290634 0.0248336 0.265801 0.315468
103 0.28995 0.0182889 0.271661 0.308239
104 0.283663 0.00323749 0.280426 0.286901
105 0.286379 0.00921124 0.277168 0.29559
106 0.283963 0.00315132 0.280811 0.287114
107 0.291147 0.0238448 0.267303 0.314992
108 0.284797 0.00848167 0.276315 0.293278
109 0.293328 0.0250059 0.268322 0.318334
110 0.283428 0.00257615 0.280852 0.286004
111 0.28377 0.00349913 0.280271 0.287269
112 0.284946 0.00463784 0.280309 0.289584
113 0.297519 0.0409516 0.256568 0.338471
114 0.2932 0.0424296 0.25077 0.33563
115 0.297712 0.0420142 0.255698 0.339726
116 0.297733 0.0563049 0.241428 0.354038
117 0.27975 0.00633344 0.273417 0.286084
118 0.28238 0.0100732 0.272307 0.292454
119 0.280606 0.00597535 0.27463 0.286581
120 0.291126 0.0348655 0.25626 0.325991
121 0.278703 0.00211722 0.276585 0.28082
122 0.288924 0.0191169 0.269807 0.30804
123 0.28129 0.00758153 0.273708 0.288871
124 0.279622 0.00448584 0.275136 0.284108
125 0.279558 0.00530723 0.274251 0.284865
126 0.279622 0.00527122 0.274351 0.284893
127 0.276992 0.0044671 0.272525 0.281459
128 0.288966 0.0520704 0.236896 0.341037
129 0.278425 0.00766263 0.270762 0.286087
130 0.283407 0.0158913 0.267515 0.299298
131 0.279793 0.00470591 0.275087 0.284499
132 0.289715 0.0251825 0.264532 0.314897
133 0.280071 0.00602356 0.274048 0.286095
134 0.279301 0.00411283 0.275188 0.283414
135 0.282038 0.0108024 0.271236 0.292841
136 0.284455 0.0145813 0.269873 0.299036
137 0.280306 0.00543723 0.274869 0.285744
138 0.283343 0.0148916 0.268451 0.298234
139 0.280178 0.00419729 0.275981 0.284375
140 0.279537 0.00278559 0.276751 0.282322
141 0.284112 0.022037 0.262075 0.306149
142 0.285802 0.0280361 0.257766 0.313838
143 0.282188 0.0176717 0.264516 0.29986
144 0.281803 0.0124788 0.269324 0.294282
145 0.286122 0.0262179 0.259905 0.31234
146 0.278275 0.00276524 0.27551 0.28104
147 0.278532 0.0031632 0.275368 0.281695
148 0.273678 0.00189077 0.271787 0.275568
149 0.281012 0.0216775 0.259334 0.302689
150 0.277698 0.0143065 0.263391 0.292004
151 0.27526 0.00512165 0.270138 0.280382
152 0.273998 0.00270168 0.271297 0.2767
153 0.273849 0.00202075 0.271828 0.275869
154 0.272758 0.00182744 0.270931 0.274586
155 0.276137 0.0172001 0.258937 0.293337
156 0.273934 0.00987917 0.264055 0.283813
157 0.271775 0.00104316 0.270731 0.272818
158 0.271967 0.00223232 0.269735 0.274199
159 0.277591 0.025019 0.252572 0.30261
160 0.283471 0.0262335 0.257237 0.309704
161 0.277249 0.00441148 0.272837 0.28166
162 0.280798 0.0130504 0.267748 0.293849
163 0.277377 0.0045287 0.272848 0.281906
164 0.2765 0.00217421 0.274326 0.278674
165 0.277441 0.00552962 0.271911 0.282971
166 0.278574 0.00752527 0.271049 0.2861
167 0.300663 0.0691372 0.231525 0.3698
168 0.278703 0.0103684 0.268334 0.289071
169 0.277099 0.00248436 0.274615 0.279583
170 0.275431 0.0106644 0.264767 0.286095
171 0.278959 0.00958948 0.26937 0.288549
172 0.288389 0.0282845 0.260104 0.316673
173 0.274405 0.00218178 0.272223 0.276586
174 0.284818 0.0418219 0.242996 0.32664
175 0.274191 0.00316659 0.271024 0.277357
176 0.295638 0.0680162 0.227622 0.363654
177 0.279622 0.0210327 0.258589 0.300655
178 0.280071 0.0365143 0.243557 0.316585
179 0.27263 0.00333598 0.269294 0.275966
180 0.275089 0.00929584 0.265793 0.284385
181 0.272523 0.00194982 0.270573 0.274473
182 0.271582 0.00240582 0.269176 0.273988
183 0.273229 0.00549316 0.267735 0.278722
184 0.282338 0.0379592 0.244378 0.320297
185 0.276906 0.0224262 0.25448 0.299333
186 0.270577 0.00368404 0.266893 0.274261
187 0.27062 0.00373213 0.266888 0.274352
188 0.275816 0.0226756 0.25314 0.298491
189 0.269978 0.0028209 0.267158 0.272799
190 0.272138 0.00599217 0.266146 0.27813
191 0.275581 0.0175429 0.258038 0.293124
192 0.270427 0.001947 0.26848 0.272374
193 0.285246 0.05548 0.229766 0.340726
194 0.270385 0.00279411 0.267591 0.273179
195 0.274298 0.00276623 0.271531 0.277064
196 0.276821 0.0142616 0.262559 0.291082
197 0.277462 0.0144073 0.263055 0.29187
198 0.272929 0.0019344 0.270995 0.274864
199 0.278831 0.0220883 0.256743 0.300919
200 0.285075 0.0114268 0.273648 0.296501
201 0.284668 0.0103244 0.274344 0.294993
202 0.292644 0.0429728 0.249671 0.335617
203 0.281204 0.00321588 0.277988 0.28442
204 0.282402 0.00900949 0.273392 0.291411
205 0.280435 0.00055554 0.279879 0.28099
206 0.28469 0.0128283 0.271861 0.297518
207 0.282038 0.0051149 0.276923 0.287153
208 0.289501 0.0323264 0.257174 0.321827
209 0.280071 0.00195462 0.278116 0.282026
210 0.289159 0.0323885 0.25677 0.321547
211 0.290891 0.0353157 0.255575 0.326206
212 0.288303 0.0373424 0.250961 0.325646
213 0.28578 0.020579 0.265201 0.306359
214 0.28114 0.00728697 0.273853 0.288427
215 0.280905 0.017905 0.263 0.29881
216 0.281696 0.00745286 0.274243 0.289149
217 0.279109 0.00226 0.276849 0.281369
218 0.290613 0.0482639 0.242349 0.338877
219 0.283471 0.0123653 0.271106 0.295836
220 0.279537 0.00210063 0.277436 0.281637
221 0.279451 0.00312941 0.276322 0.28258
222 0.288025 0.0321338 0.255892 0.320159
223 0.279537 0.00627397 0.273263 0.28581
224 0.285246 0.0166977 0.268548 0.301943
225 0.281012 0.00959024 0.271422 0.290602
226 0.278596 0.00115921 0.277436 0.279755
227 0.281846 0.0148326 0.267013 0.296678
228 0.283364 0.0165422 0.266822 0.299906
229 0.295167 0.0481353 0.247032 0.343303
230 0.285673 0.0202439 0.265429 0.305917
231 0.279002 0.00169126 0.277311 0.280693
232 0.278938 0.00208139 0.276856 0.281019
233 0.281097 0.00960854 0.271489 0.290706
234 0.279793 0.00444817 0.275345 0.284241
235 0.289415 0.0205309 0.268884 0.309946
236 0.283428 0.00194042 0.281488 0.285369
237 0.28608 0.0111424 0.274937 0.297222
238 0.285844 0.0127427 0.273102 0.298587
239 0.282487 0.00084968 0.281638 0.283337
240 0.296194 0.0415641 0.25463 0.337758
241 0.283792 0.00234392 0.281448 0.286136
242 0.283343 0.00324419 0.280098 0.286587
243 0.28268 0.000557594 0.282122 0.283237
244 0.277227 0.000843199 0.276384 0.27807
245 0.28114 0.0157719 0.265368 0.296912
246 0.277334 0.0008712 0.276463 0.278205
247 0.278596 0.00265517 0.275941 0.281251
248 0.278446 0.00313649 0.275309 0.281582
249 0.278147 0.00177051 0.276376 0.279917
250 0.280028 0.0032754 0.276753 0.283304
251 0.282573 0.0386314 0.243941 0.321204
252 0.273699 0.00199674 0.271702 0.275696
253 0.26814 0.000557593 0.267582 0.268697
254 0.270256 0.00220346 0.268053 0.27246
255 0.269743 0.000571766 0.269171 0.270315
256 0.271753 0.00355873 0.268194 0.275312
257 0.276415 0.00931686 0.267098 0.285731
258 0.285502 0.0361295 0.249373 0.321632
259 0.280007 0.0312325 0.248774 0.311239
260 0.272566 0.000744108 0.271822 0.27331
261 0.275388 0.00924612 0.266142 0.284634
262 0.274469 0.00573376 0.268735 0.280203
263 0.277505 0.0191611 0.258344 0.296666
264 0.27975 0.0257341 0.254016 0.305484
265 0.271646 0.00703047 0.264616 0.278677
266 0.269978 0.00573137 0.264247 0.27571
267 0.270235 0.00312481 0.26711 0.27336
268 0.269551 0.00250132 0.267049 0.272052
269 0.270427 0.00418856 0.266239 0.274616
270 0.271497 0.00569965 0.265797 0.277196
271 0.269444 0.00182682 0.267617 0.271271
272 0.268867 0.00201542 0.266851 0.270882
273 0.278532 0.0342354 0.244296 0.312767
274 0.27263 0.0101702 0.26246 0.2828
275 0.269722 0.00466927 0.265053 0.274391
276 0.270107 0.00337928 0.266727 0.273486
277 0.274127 0.0209236 0.253203 0.29505
278 0.268717 0.00185562 0.266861 0.270572
279 0.269914 0.00466178 0.265252 0.274576
280 0.278596 0.0457771 0.232819 0.324373
281 0.27263 0.0179133 0.254717 0.290543
282 0.273656 0.00315683 0.270499 0.276813
283 0.271881 0.000687915 0.271194 0.272569
284 0.271924 0.000949308 0.270975 0.272874
285 0.273827 0.00775707 0.26607 0.281584
286 0.280413 0.0175193 0.262894 0.297932
287 0.28856 0.037594 0.250966 0.326154
288 0.281974 0.0114595 0.270515 0.293434
289 0.277655 0.00687963 0.270775 0.284534
290 0.285203 0.0303409 0.254862 0.315544
291 0.276436 0.00244326 0.273993 0.278879
292 0.277377 0.00408718 0.27329 0.281464
293 0.283364 0.0171837 0.26618 0.300548
294 0.281033 0.011069 0.269964 0.292102
295 0.276757 0.00267506 0.274082 0.279432
296 0.277184 0.00375576 0.273429 0.28094
297 0.277954 0.00802975 0.269924 0.285984
298 0.282765 0.00880242 0.273963 0.291568
299 0.285566 0.010639 0.274927 0.296205
300 0.281739 0.0038241 0.277915 0.285563
301 0.281097 0.00227944 0.278818 0.283377
302 0.276137 0.00209551 0.274041 0.278232
303 0.277591 0.00460181 0.272989 0.282192
304 0.283963 0.0312762 0.252687 0.315239
305 0.28918 0.0496025 0.239578 0.338783
306 0.278147 0.00577318 0.272373 0.28392
307 0.276457 0.00403783 0.27242 0.280495
308 0.287106 0.0282072 0.258899 0.315313
309 0.277163 0.00263936 0.274524 0.279802
310 0.287363 0.0314876 0.255875 0.31885
311 0.275623 0.00330569 0.272318 0.278929
312 0.278189 0.0135287 0.264661 0.291718
313 0.276628 0.00747268 0.269156 0.284101
314 0.283364 0.021908 0.261456 0.305272
315 0.274298 0.00199399 0.272304 0.276292
316 0.278745 0.0192352 0.25951 0.297981
317 0.281782 0.0308463 0.250935 0.312628
318 0.282915 0.0346359 0.248279 0.317551
319 0.283535 0.0360921 0.247443 0.319627
320 0.286507 0.0448639 0.241643 0.331371
321 0.275944 0.00649117 0.269453 0.282435
322 0.28516 0.0269848 0.258175 0.312145
323 0.289522 0.0430226 0.2465 0.332545
324 0.278489 0.00247375 0.276015 0.280963
325 0.293435 0.0404708 0.252965 0.333906
326 0.278724 0.00353398 0.27519 0.282258
327 0.292024 0.0125648 0.279459 0.304589
328 0.287384 0.00555458 0.281829 0.292939
329 0.287063 0.00337516 0.283688 0.290438
330 0.285823 0.00307279 0.28275 0.288896
331 0.288902 0.00745822 0.281444 0.29636
332 0.291211 0.023293 0.267918 0.314505
333 0.289437 0.0120918 0.277345 0.301529
334 0.287085 0.00350076 0.283584 0.290585
335 0.285759 0.00204471 0.283714 0.287804
336 0.286849 0.00457386 0.282276 0.291423
337 0.285481 0.00203069 0.28345 0.287512
338 0.28809 0.0113319 0.276758 0.299421
339 0.293008 0.0287174 0.26429 0.321725
340 0.284647 0.00312334 0.281524 0.28777
341 0.283728 0.00201259 0.281715 0.28574
342 0.289415 0.0178388 0.271577 0.307254
343 0.287192 0.00997406 0.277217 0.297166
344 0.286956 0.0105779 0.276378 0.297534
345 0.285844 0.0032468 0.282598 0.289091
346 0.285588 0.00538675 0.280201 0.290975
347 0.284112 0.00251654 0.281596 0.286629
348 0.283278 0.0018414 0.281437 0.28512
349 0.283706 0.00333845 0.280368 0.287045
350 0.283343 0.000770671 0.282572 0.284113
351 0.287812 0.0190769 0.268735 0.306889
352 0.285139 0.00443582 0.280703 0.289575
353 0.286571 0.00972846 0.276843 0.2963
354 0.296771 0.0399967 0.256774 0.336768
355 0.284861 0.00564099 0.27922 0.290502
356 0.288838 0.0148559 0.273982 0.303694
357 0.286465 0.00803635 0.278428 0.294501
358 0.284647 0.00408718 0.28056 0.288734
359 0.297797 0.0363316 0.261466 0.334129
360 0.283877 0.00237955 0.281498 0.286257
361 0.286892 0.0131897 0.273702 0.300082
362 0.287683 0.0141373 0.273546 0.301821
363 0.283001 0.00079864 0.282202 0.283799
364 0.283471 0.00171209 0.281759 0.285183
365 0.283471 0.00233562 0.281135 0.285807
366 0.283706 0.00560766 0.278098 0.289314
367 0.282979 0.00231921 0.28066 0.285298
368 0.292879 0.0382385 0.254641 0.331118
369 0.284348 0.00323692 0.281111 0.287585
370 0.290121 0.0296974 0.260424 0.319818
371 0.277698 0.000638267 0.277059 0.278336
372 0.278082 0.000617882 0.277465 0.2787
373 0.279708 0.00631204 0.273396 0.28602
374 0.278895 0.00257402 0.276321 0.281469
375 0.277954 0.00177605 0.276178 0.27973
376 0.282551 0.0184874 0.264064 0.301039
377 0.277976 0.00174239 0.276233 0.279718
378 0.273998 0.00407979 0.269919 0.278078
379 0.289052 0.0386976 0.250354 0.327749
380 0.288474 0.0396444 0.24883 0.328119
381 0.28779 0.0397131 0.248077 0.327503
382 0.289672 0.0460942 0.243578 0.335766
383 0.289073 0.0409269 0.248146 0.33
384 0.287555 0.0316474 0.255908 0.319202
385 0.287063 0.0302373 0.256826 0.317301
386 0.286849 0.0306375 0.256212 0.317487
387 0.286999 0.0302971 0.256702 0.317296
388 0.292452 0.0328734 0.259578 0.325325
389 0.285759 0.0296799 0.256079 0.315439
390 0.288988 0.0355501 0.253438 0.324538
391 0.287598 0.0325969 0.255001 0.320195
392 0.280691 0.0298141 0.250877 0.310505
393 0.281653 0.0296764 0.251977 0.31133
394 0.274276 0.00423848 0.270038 0.278515
395 0.275559 0.00572526 0.269834 0.281285
396 0.276137 0.00944536 0.266691 0.285582
397 0.2765 0.00785125 0.268649 0.284351
398 0.274854 0.00475467 0.270099 0.279608
399 0.276757 0.0136691 0.263088 0.290426
400 0.280606 0.0260168 0.254589 0.306622
401 0.286828 0.0373113 0.249517 0.324139
402 0.277377 0.0117262 0.265651 0.289103
403 0.276008 0.0105843 0.265424 0.286593
404 0.274234 0.00349757 0.270736 0.277731
405 0.290014 0.0381146 0.251899 0.328129
406 0.289672 0.0679737 0.221698 0.357646
407 0.275174 0.00550908 0.269665 0.280684
408 0.278532 0.0175015 0.26103 0.296033
409 0.277505 0.00489081 0.272614 0.282396
410 0.278318 0.00425855 0.274059 0.282576
411 0.29119 0.0592562 0.231934 0.350446
412 0.281354 0.00394023 0.277414 0.285294
413 0.289266 0.0224848 0.266781 0.31175
414 0.287747 0.0198144 0.267933 0.307562
415 0.284048 0.00757275 0.276476 0.291621
416 0.284412 0.00884788 0.275564 0.29326
417 0.287961 0.0245703 0.263391 0.312532
418 0.284455 0.00894225 0.275512 0.293397
419 0.284861 0.00819704 0.276664 0.293058
420 0.286272 0.0139401 0.272332 0.300212
421 0.282701 0.00559472 0.277106 0.288296
422 0.285032 0.014458 0.270574 0.29949
423 0.290762 0.0163507 0.274412 0.307113
424 0.294675 0.026738 0.267937 0.321413
425 0.283514 0.00666438 0.276849 0.290178
426 0.284946 0.0137057 0.271241 0.298652
427 0.281782 0.00336165 0.27842 0.285143
428 0.280905 0.0060302 0.274875 0.286935
429 0.283022 0.0266078 0.256414 0.30963
430 0.27727 0.00372397 0.273546 0.280994
431 0.281546 0.0239858 0.257561 0.305532
432 0.278767 0.00546708 0.2733 0.284234
433 0.277569 0.00445557 0.273114 0.282025
434 0.276864 0.00348847 0.273375 0.280352
435 0.280349 0.011418 0.268931 0.291767
436 0.284048 0.0301017 0.253947 0.31415
437 0.279579 0.0120845 0.267495 0.291664
438 0.276906 0.00319313 0.273713 0.2801
439 0.276094 0.00589854 0.270195 0.281992
440 0.29412 0.0531337 0.240986 0.347253
441 0.286892 0.045036 0.241856 0.331928
442 0.276158 0.00478491 0.271373 0.280943
443 0.275581 0.0045789 0.271002 0.28016
444 0.277291 0.0123127 0.264979 0.289604
445 0.276457 0.00850321 0.267954 0.284961
446 0.27804 0.00833463 0.269705 0.286374
447 0.276457 0.00743981 0.269018 0.283897
448 0.290142 0.0411695 0.248973 0.331312
449 0.277569 0.00994284 0.267626 0.287512
450 0.278574 0.00362978 0.274945 0.282204
451 0.284604 0.0214973 0.263107 0.306101
452 0.279643 0.00494288 0.274701 0.284586
453 0.287769 0.0191783 0.268591 0.306947
454 0.282787 0.0103761 0.272411 0.293163
455 0.291062 0.0153685 0.275693 0.30643
456 0.286657 0.00380613 0.282851 0.290463
457 0.299038 0.0244968 0.274541 0.323534
458 0.288325 0.00586308 0.282462 0.294188
459 0.291746 0.0177421 0.274004 0.309488
460 0.288945 0.00935799 0.279587 0.298303
461 0.288988 0.0104499 0.278538 0.299438
462 0.2864 0.00403471 0.282366 0.290435
463 0.288646 0.00669997 0.281946 0.295346
464 0.286015 0.00371494 0.282301 0.28973
465 0.298246 0.0547876 0.243459 0.353034
466 0.301005 0.0474082 0.253597 0.348413
467 0.285139 0.00637173 0.278767 0.291511
468 0.289052 0.0205122 0.26854 0.309564
469 0.284775 0.00641896 0.278356 0.291194
470 0.288282 0.0160987 0.272183 0.304381
471 0.286422 0.00762123 0.278801 0.294043
472 0.28732 0.00861517 0.278705 0.295935
473 0.285909 0.00558818 0.28032 0.291497
474 0.293478 0.0252978 0.26818 0.318776
475 0.29784 0.0506818 0.247158 0.348522
476 0.291682 0.0307931 0.260889 0.322475
477 0.286443 0.00794402 0.278499 0.294387
478 0.28516 0.00582239 0.279338 0.290983
479 0.285246 0.00612009 0.279126 0.291366
480 0.297134 0.0182847 0.27885 0.315419
481 0.285524 0.00630159 0.279222 0.291825
482 0.285973 0.00767768 0.278295 0.29365
483 0.291703 0.0269439 0.264759 0.318647
484 0.286636 0.0097566 0.276879 0.296392
485 0.285738 0.00820303 0.277534 0.293941
486 0.284797 0.00581748 0.278979 0.290614
487 0.288154 0.0156264 0.272527 0.30378
488 0.284326 0.00451226 0.279814 0.288839
489 0.28454 0.00449806 0.280042 0.289038
490 0.284112 0.00353243 0.28058 0.287645
491 0.292687 0.0211676 0.271519 0.313854
492 0.28469 0.00438445 0.280305 0.289074
493 0.284626 0.00395083 0.280675 0.288576
494 0.28608 0.00781272 0.278267 0.293892
495 0.284369 0.00379259 0.280576 0.288162
496 0.283599 0.0032661 0.280333 0.286865
497 0.286315 0.00593115 0.280384 0.292246
498 0.281632 0.00772917 0.273903 0.289361
499 0.278425 0.00249171 0.275933 0.280916
500 0.279045 0.00326673 0.275778 0.282311
501 0.281589 0.0158408 0.265748 0.29743
502 0.279515 0.00735193 0.272163 0.286867
503 0.278895 0.00262328 0.276272 0.281518
504 0.281504 0.0164316 0.265072 0.297935
505 0.279023 0.00524026 0.273783 0.284264
506 0.283984 0.027359 0.256625 0.311343
507 0.278638 0.00526462 0.273374 0.283903
508 0.290656 0.0335962 0.257059 0.324252
509 0.284412 0.0310439 0.253368 0.315456
510 0.281611 0.0168278 0.264783 0.298438
511 0.275538 0.00469467 0.270843 0.280233
512 0.280285 0.00479737 0.275488 0.285082
513 0.278745 0.00379771 0.274948 0.282543
514 0.283535 0.012656 0.270879 0.296191
515 0.284604 0.0193211 0.265283 0.303925
516 0.28037 0.00500995 0.27536 0.28538
517 0.277291 0.00916659 0.268125 0.286458
518 0.27712 0.00860426 0.268516 0.285725
519 0.286037 0.042512 0.243525 0.328549
520 0.278232 0.0101458 0.268086 0.288378
521 0.2768 0.00783656 0.268963 0.284636
522 0.278895 0.0203621 0.258533 0.299257
523 0.280178 0.0190084 0.26117 0.299186
524 0.275003 0.00458903 0.270414 0.279592
525 0.286999 0.0311991 0.2558 0.318198
526 0.275517 0.00515652 0.27036 0.280673
527 0.279408 0.019134 0.260274 0.298542
528 0.274683 0.00404151 0.270641 0.278724
529 0.284155 0.0441332 0.240022 0.328288
530 0.273336 0.000858246 0.272477 0.274194
531 0.289672 0.0344954 0.255177 0.324167
532 0.274127 0.00200131 0.272125 0.276128
533 0.279002 0.0256355 0.253366 0.304637
534 0.273015 0.00170205 0.271313 0.274717
535 0.27325 0.000816753 0.272433 0.274067
536 0.2731 0.000654187 0.272446 0.273754
537 0.285759 0.0208679 0.264891 0.306627
538 0.276864 0.0017287 0.275135 0.278592
539 0.280306 0.0154433 0.264863 0.29575
540 0.278916 0.0144105 0.264506 0.293327
541 0.275901 0.0018208 0.274081 0.277722
542 0.276158 0.000885513 0.275273 0.277044
543 0.291767 0.0404144 0.251353 0.332182
544 0.286165 0.0168146 0.269351 0.30298
545 0.285203 0.0151494 0.270054 0.300352
546 0.288047 0.0164897 0.271557 0.304536
547 0.281675 0.00619624 0.275479 0.287871
548 0.283193 0.0124481 0.270745 0.295641
549 0.283813 0.00885594 0.274957 0.292669
550 0.28037 0.00263416 0.277736 0.283005
551 0.280135 0.000998142 0.279137 0.281133
552 0.281782 0.0069181 0.274864 0.2887
553 0.280584 0.000701405 0.279883 0.281286
554 0.289544 0.0278651 0.261679 0.317409
555 0.282808 0.00581374 0.276994 0.288622
556 0.282872 0.0162675 0.266605 0.29914
557 0.277184 0.00195169 0.275233 0.279136
558 0.284027 0.0266039 0.257423 0.310631
559 0.277783 0.00452481 0.273258 0.282308
560 0.300363 0.0521823 0.248181 0.352546
561 0.276949 0.00416256 0.272787 0.281112
562 0.288646 0.0513058 0.23734 0.339951
563 0.276564 0.002742 0.273822 0.279306
564 0.28809 0.044041 0.244049 0.332131
565 0.278788 0.00620895 0.272579 0.284997
566 0.284904 0.0265747 0.258329 0.311478
567 0.279601 0.0202126 0.259388 0.299813
568 0.275538 0.00451799 0.27102 0.280056
569 0.276137 0.0056575 0.270479 0.281794
570 0.274939 0.00426563 0.270674 0.279205
571 0.276393 0.00858415 0.267809 0.284977
572 0.276158 0.00468253 0.271476 0.280841
573 0.278446 0.00899184 0.269454 0.287438
574 0.274169 0.000727015 0.273442 0.274896
575 0.28037 0.0153714 0.264999 0.295742
576 0.278382 0.0141621 0.26422 0.292544
577 0.29799 0.0863621 0.211628 0.384352
578 0.279558 0.0216497 0.257908 0.301208
579 0.279408 0.0125313 0.266877 0.291939
580 0.27402 0.00319992 0.27082 0.27722
581 0.27774 0.0154024 0.262338 0.293143
582 0.280819 0.00200257 0.278817 0.282822
583 0.283364 0.00774327 0.275621 0.291107
584 0.281632 0.00207963 0.279552 0.283712
585 0.286529 0.00319741 0.283331 0.289726
586 0.287576 0.00939914 0.278177 0.296976
587 0.293863 0.0363097 0.257553 0.330173
588 0.28809 0.0115509 0.276539 0.29964
589 0.293093 0.0299002 0.263193 0.322993
590 0.285374 0.0009082 0.284466 0.286282
591 0.285866 0.00426043 0.281605 0.290126
592 0.285224 0.0021403 0.283084 0.287365
593 0.286657 0.00452607 0.282131 0.291183
594 0.288646 0.0146233 0.274022 0.303269
595 0.292965 0.0386221 0.254343 0.331587
596 0.290121 0.0245723 0.265549 0.314693
597 0.284027 0.0018898 0.282137 0.285917
598 0.279023 0.00186153 0.277162 0.280885
599 0.279216 0.00220936 0.277006 0.281425
600 0.280071 0.00547147 0.2746 0.285543
601 0.291618 0.0543873 0.23723 0.346005
602 0.30248 0.0687727 0.233707 0.371253
603 0.279579 0.00418987 0.275389 0.283769
604 0.283343 0.0192793 0.264063 0.302622
605 0.280755 0.00822332 0.272532 0.288979
606 0.281247 0.0112452 0.270002 0.292492
607 0.279344 0.00213228 0.277212 0.281476
608 0.280242 0.00141256 0.27883 0.281655
609 0.281653 0.0136966 0.267957 0.29535
610 0.278852 0.000921942 0.27793 0.279774
611 0.300064 0.0504818 0.249582 0.350546
612 0.28067 0.00558102 0.275089 0.286251
613 0.27851 0.00085397 0.277656 0.279364
614 0.278617 0.00185673 0.27676 0.280474
615 0.284818 0.016718 0.2681 0.301536
616 0.279921 0.00670951 0.273212 0.286631
617 0.284882 0.0196178 0.265264 0.3045
618 0.280798 0.010206 0.270592 0.291004
619 0.278211 0.000998141 0.277213 0.279209
620 0.282979 0.0215239 0.261455 0.304503
621 0.280092 0.00517175 0.274921 0.285264
622 0.283963 0.0238794 0.260083 0.307842
623 0.286678 0.0347658 0.251913 0.321444
624 0.298011 0.0545231 0.243488 0.352534
625 0.287127 0.0336297 0.253498 0.320757
626 0.276265 0.0137529 0.262512 0.290018
627 0.273913 0.00486757 0.269045 0.27878
628 0.273229 0.00313941 0.270089 0.276368
629 0.276928 0.0160741 0.260854 0.293002
630 0.273378 0.00194042 0.271438 0.275319
631 0.273613 0.00192017 0.271693 0.275534
632 0.273635 0.00206551 0.271569 0.2757
633 0.278275 0.00222257 0.276052 0.280497
634 0.273442 0.00215277 0.27129 0.275595
635 0.270855 0.00586881 0.264986 0.276724
636 0.269465 0.00454985 0.264915 0.274015
637 0.27109 0.00169397 0.269396 0.272784
638 0.270641 0.00179551 0.268846 0.272437
639 0.270492 0.0023129 0.268179 0.272805
640 0.27588 0.00469623 0.271184 0.280576
641 0.277462 0.011804 0.265658 0.289266
642 0.276543 0.00869757 0.267845 0.28524
643 0.278959 0.0130495 0.26591 0.292009
644 0.276564 0.00967776 0.266887 0.286242
645 0.276222 0.0100684 0.266154 0.286291
646 0.287384 0.0440221 0.243362 0.331406
647 0.279087 0.0192874 0.2598 0.298375
648 0.276073 0.0107106 0.265362 0.286783
649 0.274704 0.00602413 0.26868 0.280728
650 0.275966 0.012405 0.263561 0.288371
651 0.275367 0.0158947 0.259472 0.291262
652 0.281953 0.0515951 0.230358 0.333548
653 0.271646 0.00770799 0.263938 0.279354
654 0.268824 0.00248408 0.26634 0.271308
655 0.269978 0.0046771 0.265301 0.274656
656 0.269957 0.00492616 0.265031 0.274883
657 0.277313 0.021627 0.255686 0.29894
658 0.268931 0.00258819 0.266342 0.271519
659 0.269209 0.00281895 0.26639 0.272028
660 0.271026 0.00610645 0.26492 0.277133
661 0.270534 0.00739657 0.263138 0.277931
662 0.268824 0.00152643 0.267297 0.27035
663 0.27804 0.0256843 0.252355 0.303724
664 0.275752 0.0217249 0.254027 0.297477
665 0.272138 0.00102347 0.271115 0.273162
666 0.27109 0.000854242 0.270236 0.271945
667 0.270577 0.00114032 0.269437 0.271717
668 0.270192 0.000748092 0.269444 0.27094
669 0.273336 0.00821195 0.265124 0.281547
670 0.281718 0.0375343 0.244183 0.319252
671 0.276265 0.000676182 0.275589 0.276941
672 0.278018 0.0049262 0.273092 0.282945
673 0.276778 0.00299541 0.273783 0.279774
674 0.278211 0.00729835 0.270912 0.285509
675 0.282102 0.0159225 0.26618 0.298025
676 0.28037 0.00777979 0.272591 0.28815
677 0.278425 0.00635391 0.272071 0.284779
678 0.279323 0.00809982 0.271223 0.287423
679 0.284241 0.0211679 0.263073 0.305409
680 0.279194 0.0103146 0.26888 0.289509
681 0.281482 0.011286 0.270196 0.292768
682 0.278724 0.00483056 0.273893 0.283555
683 0.279451 0.00746313 0.271988 0.286914
684 0.280477 0.0279574 0.25252 0.308435
685 0.283193 0.0427705 0.240422 0.325963
686 0.274426 0.00479679 0.269629 0.279223
687 0.287747 0.0405324 0.247215 0.32828
688 0.273763 0.00513056 0.268633 0.278894
689 0.273336 0.00364706 0.269688 0.276983
690 0.276543 0.0137591 0.262784 0.290302
691 0.272908 0.00436181 0.268546 0.27727
692 0.278767 0.0271169 0.25165 0.305884
693 0.275602 0.0106042 0.264998 0.286206
694 0.270385 0.00229055 0.268094 0.272675
695 0.270641 0.00167974 0.268962 0.272321
696 0.272822 0.00847412 0.264348 0.281296
697 0.270919 0.00344653 0.267473 0.274366
698 0.288581 0.0569784 0.231603 0.34556
699 0.277805 0.0300941 0.24771 0.307899
700 0.273378 0.0118445 0.261534 0.285223
701 0.278296 0.0336719 0.244624 0.311968
702 0.271903 0.00509717 0.266806 0.277
703 0.270342 0.00197961 0.268362 0.272322
704 0.272053 0.00350122 0.268551 0.275554
705 0.281589 0.00668904 0.2749 0.288278
706 0.282295 0.0165861 0.265709 0.298881
707 0.283535 0.0271509 0.256384 0.310686
708 0.278382 0.00455302 0.273829 0.282935
709 0.293927 0.0278173 0.26611 0.321744
710 0.289993 0.00931846 0.280674 0.299311
711 0.291169 0.0156823 0.275486 0.306851
712 0.289715 0.00975903 0.279956 0.299474
713 0.290356 0.00951806 0.280838 0.299874
714 0.287427 0.00530688 0.28212 0.292734
715 0.294825 0.0182816 0.276544 0.313107
716 0.288389 0.0105087 0.27788 0.298898
717 0.291318 0.0226062 0.268712 0.313925
718 0.285802 0.00185968 0.283942 0.287661
719 0.286443 0.00199491 0.284448 0.288438
720 0.28578 0.000955073 0.284825 0.286735
721 0.299038 0.0403738 0.258664 0.339411
722 0.288025 0.020372 0.267653 0.308397
723 0.28608 0.0104688 0.275611 0.296548
724 0.284861 0.00437777 0.280483 0.289239
725 0.297776 0.0447101 0.253066 0.342486
726 0.286529 0.00814455 0.278384 0.294673
727 0.285117 0.00370631 0.281411 0.288824
728 0.287341 0.0105873 0.276754 0.297928
729 0.287448 0.0124896 0.274959 0.299938
730 0.28516 0.00598197 0.279178 0.291142
731 0.284561 0.00275961 0.281802 0.287321
732 0.291725 0.0242798 0.267445 0.316004
733 0.294868 0.0333136 0.261554 0.328182
734 0.284626 0.00284149 0.281784 0.287467
735 0.283514 0.00073421 0.282779 0.284248
736 0.285117 0.0020955 0.283022 0.287213
737 0.284733 0.00444761 0.280285 0.28918
738 0.283749 0.00203978 0.281709 0.285789
739 0.287384 0.00898889 0.278395 0.296373
740 0.288731 0.016206 0.272525 0.304937
741 0.289479 0.0193402 0.270139 0.30882
742 0.287576 0.0154261 0.27215 0.303003
743 0.288111 0.0154514 0.27266 0.303562
744 0.295445 0.0304877 0.264958 0.325933
745 0.292345 0.0369951 0.25535 0.32934
746 0.283963 0.00195509 0.282008 0.285918
747 0.288945 0.0148361 0.274109 0.303781
748 0.283792 0.00274633 0.281045 0.286538
749 0.284348 0.00386051 0.280487 0.288208
750 0.284155 0.00400371 0.280151 0.288159
751 0.285823 0.0109544 0.274869 0.296777
752 0.284412 0.00707568 0.277336 0.291487
753 0.280349 0.00682706 0.273522 0.287176
754 0.280135 0.0131558 0.266979 0.293291
755 0.284219 0.0306552 0.253564 0.314875
756 0.280157 0.0108036 0.269353 0.29096
757 0.285823 0.0499808 0.235842 0.335804
758 0.273891 0.00194325 0.271948 0.275835
759 0.27836 0.00317128 0.275189 0.281532
760 0.280713 0.0278903 0.252822 0.308603
761 0.272993 0.00188496 0.271108 0.274878
762 0.2731 0.00191444 0.271186 0.275015
763 0.272502 0.000795482 0.271706 0.273297
764 0.270983 0.00306684 0.267917 0.27405
765 0.270342 0.00228815 0.268054 0.27263
766 0.269957 0.000895783 0.269061 0.270853
767 0.278425 0.019925 0.2585 0.29835
768 0.276971 0.00833902 0.268632 0.28531
769 0.273956 0.00139497 0.272561 0.275351
770 0.274148 0.00271982 0.271428 0.276868
771 0.2734 0.00311367 0.270286 0.276513
772 0.276479 0.0148818 0.261597 0.291361
773 0.273207 0.000968385 0.272239 0.274176
774 0.278082 0.0128296 0.265253 0.290912
775 0.273613 0.00208457 0.271529 0.275698
776 0.274341 0.00278961 0.271551 0.27713
777 0.279515 0.0146539 0.264861 0.294169
778 0.277206 0.0106215 0.266584 0.287827
779 0.276821 0.0112442 0.265577 0.288065
780 0.29474 0.0574302 0.237309 0.35217
781 0.275003 0.00668357 0.26832 0.281687
782 0.27588 0.0106373 0.265243 0.286517
783 0.278681 0.0199253 0.258756 0.298607
784 0.283749 0.0383832 0.245366 0.322132
785 0.288303 0.0600386 0.228265 0.348342
786 0.272972 0.00240819 0.270564 0.27538
787 0.272886 0.0020326 0.270854 0.274919
788 0.280734 0.0285529 0.252181 0.309287
789 0.283364 0.0398088 0.243555 0.323173
790 0.273464 0.0026205 0.270843 0.276084
791 0.272587 0.000580098 0.272007 0.273167
792 0.28903 0.0543726 0.234658 0.343403
793 0.276479 0.000782738 0.275696 0.277262
794 0.282487 0.0271311 0.255356 0.309618
795 0.271775 0.000627062 0.271148 0.272402
796 0.287747 0.0655609 0.222187 0.353308
797 0.273528 0.0049512 0.268577 0.278479
798 0.277591 0.0037402 0.27385 0.281331
799 0.275987 0.000899852 0.275087 0.276887
