# ../output/graphs/perf_parallel11BIPED_thread2
# step - mean (0.0232922) - standard deviation (0.00382452) r=20 - ylow - yhigh
0 0.0309408 0.0197395 0.0112013 0.0506804
1 0.0258517 0.00393924 0.0219125 0.029791
2 0.0257234 0.00381375 0.0219097 0.0295372
3 0.0257662 0.00393553 0.0218307 0.0297017
4 0.0256165 0.00385578 0.0217607 0.0294723
5 0.0256807 0.00396931 0.0217114 0.02965
6 0.0252958 0.00384479 0.021451 0.0291406
7 0.0237348 0.0035895 0.0201453 0.0273243
8 0.0237776 0.00357904 0.0201986 0.0273566
9 0.0237348 0.00364762 0.0200872 0.0273825
10 0.0233499 0.00309393 0.020256 0.0264439
11 0.0230934 0.00322305 0.0198703 0.0263164
12 0.0227298 0.0023898 0.02034 0.0251196
13 0.0225588 0.00242249 0.0201363 0.0249813
14 0.0225802 0.00240629 0.0201739 0.0249865
15 0.0226443 0.00241341 0.0202309 0.0250577
16 0.0250819 0.00750199 0.01758 0.0325839
17 0.0233713 0.00342464 0.0199467 0.026796
18 0.0244832 0.00585102 0.0186322 0.0303343
19 0.0231789 0.00355648 0.0196224 0.0267354
20 0.0232858 0.00332768 0.0199581 0.0266135
21 0.024248 0.00413766 0.0201104 0.0283857
22 0.0233072 0.00332225 0.0199849 0.0266294
23 0.0231789 0.0032389 0.01994 0.0264178
24 0.0234782 0.00457391 0.0189043 0.0280522
25 0.0234569 0.00437856 0.0190783 0.0278354
26 0.0226657 0.0032513 0.0194144 0.025917
27 0.0226871 0.00322723 0.0194598 0.0259143
28 0.0226229 0.00327065 0.0193523 0.0258936
29 0.0226443 0.00323572 0.0194086 0.02588
30 0.0227512 0.00321624 0.019535 0.0259675
31 0.0226229 0.00326225 0.0193607 0.0258852
32 0.0241625 0.00404919 0.0201133 0.0282117
33 0.0234141 0.00417457 0.0192395 0.0275887
34 0.024975 0.00381165 0.0211634 0.0287867
35 0.0249109 0.00355976 0.0213511 0.0284706
36 0.0249323 0.00363154 0.0213007 0.0285638
37 0.0248895 0.00358721 0.0213023 0.0284767
38 0.0246971 0.00376452 0.0209325 0.0284616
39 0.0246543 0.00344063 0.0212137 0.0280949
40 0.0247398 0.00336267 0.0213772 0.0281025
41 0.0244405 0.0033545 0.021086 0.027795
42 0.0246971 0.00342891 0.0212681 0.028126
43 0.0246757 0.00358338 0.0210923 0.0282591
44 0.0245901 0.00293964 0.0216505 0.0275298
45 0.0241197 0.00250607 0.0216137 0.0266258
46 0.0239914 0.00229862 0.0216928 0.02629
47 0.0242053 0.00250607 0.0216992 0.0267113
48 0.0244832 0.0031942 0.021289 0.0276774
49 0.0242053 0.00244325 0.021762 0.0266485
50 0.0242266 0.00240125 0.0218254 0.0266279
51 0.0240342 0.00229344 0.0217408 0.0263276
52 0.0243549 0.00247698 0.021878 0.0268319
53 0.0240983 0.00242022 0.0216781 0.0265186
54 0.024077 0.00238913 0.0216878 0.0264661
55 0.0249109 0.00353139 0.0213795 0.0284423
56 0.024248 0.00229942 0.0219486 0.0265474
57 0.0248467 0.00393094 0.0209158 0.0287777
58 0.0250392 0.00354844 0.0214907 0.0285876
59 0.0271133 0.00805468 0.0190586 0.035168
60 0.0248467 0.00338334 0.0214634 0.0282301
61 0.0247184 0.00327819 0.0214403 0.0279966
62 0.0249323 0.00369643 0.0212358 0.0286287
63 0.0247612 0.00331784 0.0214434 0.028079
64 0.0265146 0.00711631 0.0193983 0.0336309
65 0.0246757 0.00336491 0.0213108 0.0280406
66 0.0246329 0.00366737 0.0209655 0.0283003
67 0.0251461 0.00367534 0.0214708 0.0288214
68 0.0248467 0.00344229 0.0214045 0.028289
69 0.0256379 0.00505551 0.0205824 0.0306934
70 0.0248254 0.00330285 0.0215225 0.0281282
71 0.0250392 0.00354328 0.0214959 0.0285825
72 0.0252102 0.00388077 0.0213295 0.029091
73 0.024804 0.00331812 0.0214859 0.0281221
74 0.0248681 0.00329676 0.0215714 0.0281649
75 0.0248681 0.00337353 0.0214946 0.0282417
76 0.0248681 0.00350122 0.0213669 0.0283693
77 0.0256593 0.00426584 0.0213934 0.0299251
78 0.0252958 0.00408914 0.0212066 0.0293849
79 0.0254668 0.00399228 0.0214746 0.0294591
80 0.0253599 0.00404603 0.0213139 0.029406
81 0.0255951 0.00416008 0.0214351 0.0297552
82 0.0255096 0.00396885 0.0215408 0.0294785
83 0.0267284 0.00628158 0.0204468 0.03301
84 0.0249323 0.00327958 0.0216527 0.0282119
85 0.024975 0.00334118 0.0216339 0.0283162
86 0.024975 0.00328599 0.021689 0.028261
87 0.024975 0.00342765 0.0215474 0.0284027
88 0.0254027 0.00363984 0.0217628 0.0290425
89 0.0248254 0.0034729 0.0213525 0.0282983
90 0.024804 0.0033126 0.0214914 0.0281166
91 0.0247826 0.00326106 0.0215215 0.0280437
92 0.0249109 0.00354947 0.0213614 0.0284604
93 0.0251033 0.00361134 0.021492 0.0287147
94 0.0246971 0.00328731 0.0214097 0.0279844
95 0.024804 0.00365639 0.0211476 0.0284604
96 0.0268995 0.00475428 0.0221452 0.0316538
97 0.025531 0.00398224 0.0215487 0.0295132
98 0.0248467 0.00365864 0.0211881 0.0285054
99 0.0257448 0.00594055 0.0198043 0.0316854
100 0.0251461 0.00419799 0.0209481 0.0293441
101 0.0243336 0.00371322 0.0206203 0.0280468
102 0.0244618 0.0037784 0.0206835 0.0282402
103 0.0243122 0.00365707 0.0206551 0.0279692
104 0.0247612 0.00307763 0.0216836 0.0278388
105 0.0251247 0.0040523 0.0210724 0.029177
106 0.0247612 0.0032114 0.0215498 0.0279726
107 0.0246971 0.00337245 0.0213246 0.0280695
108 0.0245474 0.00345951 0.0210879 0.0280069
109 0.0254882 0.00687767 0.0186106 0.0323659
110 0.0244405 0.00391549 0.020525 0.028356
111 0.0247612 0.00402972 0.0207315 0.0287909
112 0.026258 0.00403539 0.0222226 0.0302934
113 0.0255951 0.00425785 0.0213373 0.029853
114 0.0252744 0.00415486 0.0211195 0.0294293
115 0.0251033 0.00392442 0.0211789 0.0290277
116 0.0252102 0.00396931 0.0212409 0.0291796
117 0.0247398 0.00334631 0.0213935 0.0280861
118 0.0247612 0.00333982 0.0214214 0.028101
119 0.0248681 0.00338165 0.0214865 0.0282498
120 0.0255738 0.00490145 0.0206723 0.0304752
121 0.0250178 0.00369989 0.0213179 0.0287177
122 0.0245474 0.00333571 0.0212117 0.0278831
123 0.0246971 0.00324532 0.0214517 0.0279424
124 0.0246971 0.00334522 0.0213518 0.0280423
125 0.0251889 0.00365864 0.0215302 0.0288475
126 0.0253385 0.00422031 0.0211182 0.0295589
127 0.024248 0.00241956 0.0218285 0.0266676
128 0.0256807 0.00333865 0.022342 0.0290193
129 0.0258731 0.00796919 0.0179039 0.0338423
130 0.0246757 0.00349815 0.0211775 0.0281738
131 0.0249537 0.00405094 0.0209027 0.0290046
132 0.0265146 0.0104911 0.0160235 0.0370057
133 0.0246115 0.00337407 0.0212375 0.0279856
134 0.0248254 0.00365257 0.0211728 0.0284779
135 0.0247612 0.00329294 0.0214683 0.0280541
136 0.0243977 0.00339029 0.0210074 0.027788
137 0.0243122 0.00334631 0.0209659 0.0276585
138 0.0245046 0.0034108 0.0210938 0.0279154
139 0.0241625 0.00269626 0.0214662 0.0268588
140 0.0238631 0.00250315 0.02136 0.0263663
141 0.0237348 0.00256058 0.0211743 0.0262954
142 0.024077 0.00260167 0.0214753 0.0266786
143 0.0241625 0.00253185 0.0216306 0.0266943
144 0.0240128 0.00286329 0.0211495 0.0268761
145 0.0240128 0.00271914 0.0212937 0.026732
146 0.0239914 0.00269762 0.0212938 0.026689
147 0.0250606 0.00485421 0.0202064 0.0299148
148 0.0239273 0.0026065 0.0213208 0.0265338
149 0.024248 0.00285634 0.0213917 0.0271044
150 0.0240128 0.00258112 0.0214317 0.0265939
151 0.0240556 0.00259031 0.0214653 0.0266459
152 0.0240983 0.00235899 0.0217394 0.0264573
153 0.0248254 0.00394156 0.0208838 0.0287669
154 0.0240983 0.00244279 0.0216556 0.0265411
155 0.0234141 0.000674489 0.0227396 0.0240886
156 0.0232858 0.00045811 0.0228277 0.0237439
157 0.0233286 0.000669044 0.0226595 0.0239976
158 0.0233927 0.000677533 0.0227152 0.0240702
159 0.0233286 0.000437694 0.0228909 0.0237663
160 0.0240983 0.000638267 0.0234601 0.0247366
161 0.0236707 0.00105861 0.0226121 0.0247293
162 0.0232003 0.000354592 0.0228457 0.0235549
163 0.0243122 0.00278887 0.0215233 0.027101
164 0.0235852 0.000977778 0.0226074 0.0245629
165 0.0234355 0.00089297 0.0225425 0.0243284
166 0.0232217 0.000450563 0.0227711 0.0236722
167 0.0236921 0.0018063 0.0218858 0.0254984
168 0.0235638 0.00152344 0.0220403 0.0250872
169 0.0233286 0.000437694 0.0228909 0.0237663
170 0.0237562 0.00196198 0.0217942 0.0257182
171 0.0237348 0.00193865 0.0217962 0.0256735
172 0.0251675 0.00714999 0.0180175 0.0323175
173 0.0233713 0.000803205 0.0225681 0.0241745
174 0.0233713 0.000889635 0.0224817 0.024261
175 0.023243 0.000528547 0.0227145 0.0237716
176 0.0233713 0.0010145 0.0223568 0.0243858
177 0.0233499 0.000610813 0.0227391 0.0239608
178 0.0233286 0.00056533 0.0227632 0.0238939
179 0.0231789 0.000516737 0.0226621 0.0236956
180 0.023243 0.000608939 0.0226341 0.023852
181 0.0235424 0.00123558 0.0223068 0.024778
182 0.0236493 0.00207357 0.0215757 0.0257229
183 0.0238204 0.00245334 0.021367 0.0262737
184 0.0232217 0.000741953 0.0224797 0.0239636
185 0.0232003 0.000602902 0.0225974 0.0238032
186 0.0231575 0.000510953 0.0226465 0.0236685
187 0.0231361 0.000522019 0.0226141 0.0236581
188 0.0233072 0.000989168 0.022318 0.0242963
189 0.0232858 0.000416277 0.0228695 0.0237021
190 0.0231789 0.000760216 0.0224187 0.0239391
191 0.0234355 0.000952432 0.022483 0.0243879
192 0.0255738 0.00400628 0.0215675 0.02958
193 0.0243336 0.00355468 0.0207789 0.0278882
194 0.0245688 0.003795 0.0207738 0.0283638
195 0.0256807 0.00467979 0.0210009 0.0303605
196 0.027263 0.0065668 0.0206962 0.0338298
197 0.0267712 0.0046933 0.0220779 0.0314645
198 0.0260442 0.00507253 0.0209716 0.0311167
199 0.0248681 0.00474345 0.0201247 0.0296116
200 0.0246757 0.00440733 0.0202683 0.029083
201 0.0246757 0.00465358 0.0200221 0.0293293
202 0.0246971 0.00485699 0.0198401 0.029554
203 0.0246329 0.00451657 0.0201163 0.0291495
204 0.0248254 0.00464252 0.0201828 0.0294679
205 0.0251675 0.00456064 0.0206068 0.0297281
206 0.024526 0.00443459 0.0200914 0.0289606
207 0.024526 0.00448992 0.0200361 0.0290159
208 0.0247184 0.00439175 0.0203267 0.0291102
209 0.0245474 0.0044718 0.0200756 0.0290192
210 0.0251247 0.00596709 0.0191576 0.0310918
211 0.0245046 0.00454623 0.0199584 0.0290508
212 0.0244832 0.00445639 0.0200268 0.0289396
213 0.0244832 0.0045074 0.0199758 0.0289906
214 0.0251247 0.00500351 0.0201212 0.0301282
215 0.0255951 0.00515013 0.020445 0.0307453
216 0.0254241 0.00503376 0.0203903 0.0304578
217 0.025702 0.00520949 0.0204926 0.0309115
218 0.025531 0.00523785 0.0202931 0.0307688
219 0.0252102 0.00483737 0.0203729 0.0300476
220 0.0252316 0.00513007 0.0201016 0.0303617
221 0.0246115 0.00494949 0.019662 0.029561
222 0.0243549 0.00470318 0.0196518 0.0290581
223 0.0245046 0.00488557 0.019619 0.0293902
224 0.0252316 0.00624874 0.0189829 0.0314804
225 0.0240342 0.0045793 0.0194549 0.0286135
226 0.0240128 0.00465196 0.0193609 0.0286648
227 0.0236493 0.00454019 0.0191091 0.0281895
228 0.0240342 0.00453919 0.019495 0.0285734
229 0.0240342 0.00492379 0.0191104 0.028958
230 0.0240342 0.00462895 0.0194052 0.0286632
231 0.0253813 0.00484077 0.0205405 0.0302221
232 0.0247612 0.00459982 0.0201614 0.029361
233 0.0249323 0.0046771 0.0202552 0.0296094
234 0.0251461 0.00462105 0.0205251 0.0297671
235 0.0260228 0.00534701 0.0206758 0.0313698
236 0.0260442 0.00533267 0.0207115 0.0313768
237 0.0260869 0.00505465 0.0210323 0.0311416
238 0.02598 0.00531717 0.0206629 0.0312972
239 0.0259159 0.00508783 0.020828 0.0310037
240 0.0264291 0.00551094 0.0209181 0.03194
241 0.0264504 0.00660069 0.0198498 0.0330511
242 0.025702 0.00608849 0.0196136 0.0317905
243 0.0251033 0.00496172 0.0201416 0.030065
244 0.0248254 0.00452279 0.0203026 0.0293481
245 0.0249964 0.0046208 0.0203756 0.0296172
246 0.0249537 0.00451834 0.0204353 0.029472
247 0.0247398 0.0044222 0.0203176 0.029162
248 0.0246329 0.00455688 0.020076 0.0291898
249 0.0258731 0.00838629 0.0174868 0.0342594
250 0.0246971 0.00444817 0.0202489 0.0291452
251 0.0247826 0.00446991 0.0203127 0.0292525
252 0.0248681 0.00467745 0.0201907 0.0295456
253 0.0247184 0.00432249 0.020396 0.0290409
254 0.0246543 0.0043218 0.0203325 0.0289761
255 0.0246115 0.00425398 0.0203575 0.0288655
256 0.0255951 0.00428994 0.0213052 0.0298851
257 0.0251675 0.00591537 0.0192521 0.0310829
258 0.0245688 0.00426472 0.020304 0.0288335
259 0.0258303 0.00612965 0.0197007 0.03196
260 0.0254241 0.00508617 0.0203379 0.0305102
261 0.0247398 0.00429633 0.0204435 0.0290362
262 0.0246115 0.00434754 0.020264 0.0289591
263 0.0236921 0.00328042 0.0204117 0.0269725
264 0.0243763 0.00428296 0.0200934 0.0286593
265 0.0236279 0.00348971 0.0201382 0.0271176
266 0.023799 0.00345389 0.0203451 0.0272529
267 0.0241411 0.00516644 0.0189747 0.0293076
268 0.0237135 0.00345707 0.0202564 0.0271705
269 0.0237562 0.00340644 0.0203498 0.0271627
270 0.0252102 0.00690431 0.0183059 0.0321146
271 0.0236493 0.00349292 0.0201564 0.0271422
272 0.0236921 0.00347797 0.0202141 0.02717
273 0.0236707 0.00354535 0.0201253 0.027216
274 0.0238418 0.00354173 0.0203 0.0273835
275 0.0236493 0.00349292 0.0201564 0.0271422
276 0.0243763 0.00415508 0.0202212 0.0285314
277 0.0236921 0.00345951 0.0202326 0.0271516
278 0.0233499 0.00514503 0.0182049 0.028495
279 0.0221739 0.00243529 0.0197386 0.0246092
280 0.0218104 0.00105623 0.0207542 0.0228666
281 0.0219173 0.00200531 0.019912 0.0239226
282 0.0222167 0.00230488 0.0199118 0.0245215
283 0.0215752 0.000437693 0.0211375 0.0220129
284 0.0221097 0.00271182 0.0193979 0.0248216
285 0.0215966 0.000627065 0.0209695 0.0222236
286 0.0216393 0.000476216 0.0211631 0.0221155
287 0.0214896 0.000485251 0.0210044 0.0219749
288 0.0223236 0.000795484 0.0215281 0.0231191
289 0.0216393 0.000890919 0.0207484 0.0225302
290 0.0214683 0.000440297 0.021028 0.0219086
291 0.0216393 0.000707894 0.0209314 0.0223472
292 0.0216821 0.000525511 0.0211566 0.0222076
293 0.0217249 0.00104404 0.0206808 0.0227689
294 0.0218104 0.00163965 0.0201707 0.02345
295 0.0225374 0.00568974 0.0168477 0.0282271
296 0.0221097 0.00554155 0.0165682 0.0276513
297 0.0220456 0.000870937 0.0211747 0.0229165
298 0.0217676 0.000504197 0.0212634 0.0222718
299 0.0226229 0.00434843 0.0182745 0.0269714
300 0.0220884 0.00184078 0.0202476 0.0239291
301 0.022516 0.0027225 0.0197935 0.0252385
302 0.0220884 0.000510953 0.0215774 0.0225993
303 0.0224091 0.00224427 0.0201648 0.0246534
304 0.0224733 0.00246959 0.0200037 0.0249428
305 0.0226016 0.00244653 0.020155 0.0250481
306 0.023521 0.00504379 0.0184772 0.0285648
307 0.0224733 0.0025209 0.0199524 0.0249942
308 0.0241625 0.00265525 0.0215072 0.0268177
309 0.0234355 0.00242145 0.021014 0.0258569
310 0.0234782 0.00247855 0.0209997 0.0259568
311 0.0231147 0.00229693 0.0208178 0.0254117
312 0.0231147 0.00242475 0.02069 0.0255395
313 0.023072 0.00230884 0.0207631 0.0253808
314 0.0229437 0.0023317 0.020612 0.0252754
315 0.0239273 0.00501191 0.0189154 0.0289392
316 0.0229651 0.0022593 0.0207058 0.0252244
317 0.0229651 0.00238147 0.0205836 0.0253465
318 0.023072 0.00288619 0.0201858 0.0259582
319 0.0229437 0.00236286 0.0205808 0.0253065
320 0.0229437 0.00236673 0.0205769 0.0253104
321 0.022238 0.00250096 0.0197371 0.024739
322 0.0219601 0.00218596 0.0197741 0.024146
323 0.0225588 0.00288429 0.0196745 0.0254431
324 0.0221953 0.00234977 0.0198455 0.024545
325 0.0221311 0.00232227 0.0198089 0.0244534
326 0.0222167 0.00234031 0.0198764 0.024557
327 0.022345 0.00231833 0.0200266 0.0246633
328 0.0220028 0.00226081 0.019742 0.0242636
329 0.0219173 0.00231438 0.0196029 0.0242317
330 0.0218745 0.00230011 0.0195744 0.0241746
331 0.0218532 0.00229464 0.0195585 0.0241478
332 0.0218959 0.00238722 0.0195087 0.0242831
333 0.0221525 0.00286113 0.0192914 0.0250136
334 0.0219601 0.00228015 0.0196799 0.0242402
335 0.0218959 0.0023408 0.0195551 0.0242367
336 0.0219387 0.00233101 0.0196077 0.0242697
337 0.0223663 0.00459823 0.0177681 0.0269646
338 0.0219173 0.00239592 0.0195214 0.0243132
339 0.0220028 0.00239057 0.0196123 0.0243934
340 0.0222808 0.00282673 0.0194541 0.0251075
341 0.0218745 0.0023199 0.0195546 0.0241944
342 0.0221739 0.00258466 0.0195892 0.0247586
343 0.0218532 0.00230259 0.0195506 0.0241558
344 0.0217676 0.00221763 0.01955 0.0239853
345 0.021789 0.00229294 0.0194961 0.024082
346 0.0218532 0.00231448 0.0195387 0.0241676
347 0.0218959 0.00238338 0.0195125 0.0242793
348 0.0220242 0.00238683 0.0196374 0.0244111
349 0.0217249 0.00221639 0.0195085 0.0239413
350 0.0221311 0.00269414 0.019437 0.0248253
351 0.0218532 0.00231052 0.0195426 0.0241637
352 0.0229651 0.0025159 0.0204492 0.025481
353 0.0219173 0.00229852 0.0196188 0.0242158
354 0.0224519 0.00277317 0.0196787 0.025225
355 0.0220456 0.00238674 0.0196589 0.0244323
356 0.0226229 0.00333708 0.0192859 0.02596
357 0.0218745 0.00230408 0.0195705 0.0241786
358 0.0223022 0.0027823 0.0195199 0.0250845
359 0.0218959 0.00220812 0.0196878 0.024104
360 0.0225374 0.00327958 0.0192578 0.025817
361 0.023243 0.0050696 0.0181734 0.0283126
362 0.0234569 0.00500425 0.0184526 0.0284611
363 0.0224519 0.00323014 0.0192217 0.025682
364 0.0224733 0.00350957 0.0189637 0.0259828
365 0.0226443 0.00321304 0.0194313 0.0258574
366 0.0225374 0.00317762 0.0193598 0.025715
367 0.0228368 0.00336029 0.0194765 0.0261971
368 0.0223877 0.00319534 0.0191924 0.0255831
369 0.0227726 0.00339137 0.0193812 0.026164
370 0.022345 0.0031942 0.0191508 0.0255392
371 0.0224733 0.0031177 0.0193556 0.025591
372 0.0224733 0.00311183 0.0193614 0.0255851
373 0.0225588 0.00323403 0.0193248 0.0257928
374 0.0229864 0.00385097 0.0191355 0.0268374
375 0.0224305 0.00310889 0.0193216 0.0255394
376 0.022516 0.00320677 0.0193093 0.0257228
377 0.0224305 0.00325545 0.019175 0.0256859
378 0.0225588 0.00312473 0.0194341 0.0256835
379 0.0223877 0.00339784 0.0189899 0.0257856
380 0.0225802 0.00334993 0.0192302 0.0259301
381 0.0226016 0.00316659 0.019435 0.0257681
382 0.0223663 0.00313416 0.0192322 0.0255005
383 0.0224091 0.00353792 0.0188712 0.025947
384 0.0233286 0.00326666 0.0200619 0.0265952
385 0.023799 0.00774076 0.0160582 0.0315397
386 0.0225802 0.00316464 0.0194155 0.0257448
387 0.0224519 0.00310602 0.0193459 0.0255579
388 0.0239059 0.0043882 0.0195177 0.0282941
389 0.0223236 0.00295546 0.0193681 0.025279
390 0.0220028 0.00249171 0.0195111 0.0244945
391 0.0223877 0.00417325 0.0182145 0.026561
392 0.0228795 0.00191492 0.0209646 0.0247944
393 0.0224091 0.00177567 0.0206334 0.0241848
394 0.0214469 0.000492732 0.0209542 0.0219396
395 0.021062 0.000503744 0.0205583 0.0215657
396 0.0223022 0.00100544 0.0212968 0.0233076
397 0.0222167 0.00111087 0.0211058 0.0233275
398 0.0220456 0.00051452 0.0215311 0.0225601
399 0.0220028 0.000477654 0.0215252 0.0224805
400 0.0221953 0.000603281 0.021592 0.0227986
401 0.022067 0.000367883 0.0216991 0.0224349
402 0.0220242 0.000438215 0.021586 0.0224624
403 0.0220028 0.000496429 0.0215064 0.0224993
404 0.0219173 0.00052158 0.0213957 0.0224389
405 0.0220028 0.00049643 0.0215064 0.0224993
406 0.0219815 0.000436124 0.0215453 0.0224176
407 0.0220028 0.000655234 0.0213476 0.0226581
408 0.0219173 0.000466026 0.0214513 0.0223833
409 0.0219815 0.000530705 0.0214507 0.0225122
410 0.0210406 0.000419014 0.0206216 0.0214596
411 0.0214041 0.00257828 0.0188258 0.0239824
412 0.0214683 0.00227744 0.0191908 0.0237457
413 0.021511 0.00218523 0.0193258 0.0236963
414 0.0214469 0.00219014 0.0192567 0.023637
415 0.0213614 0.0026689 0.0186924 0.0240303
416 0.0220456 0.0020664 0.0199792 0.024112
417 0.0210192 0.00218596 0.0188333 0.0232052
418 0.0209123 0.00221763 0.0186947 0.0231299
419 0.0214255 0.0024188 0.0190067 0.0238443
420 0.023521 0.00547331 0.0180477 0.0289943
421 0.0208909 0.00212659 0.0187643 0.0230175
422 0.0213614 0.00270295 0.0186584 0.0240643
423 0.02134 0.00282673 0.0185132 0.0241667
424 0.0208909 0.00211797 0.018773 0.0230089
425 0.0210192 0.00211797 0.0189013 0.0231372
426 0.0209551 0.00216378 0.0187913 0.0231189
427 0.0226229 0.00235366 0.0202693 0.0249766
428 0.0224091 0.00273298 0.0196761 0.0251421
429 0.0224519 0.00239448 0.0200574 0.0248464
430 0.0221739 0.0023199 0.019854 0.0244938
431 0.022516 0.00243529 0.0200807 0.0249513
432 0.0224733 0.00239439 0.0200789 0.0248676
433 0.0224091 0.00240553 0.0200036 0.0248146
434 0.0223236 0.0026487 0.0196749 0.0249723
435 0.0221097 0.00231921 0.0197905 0.024429
436 0.0220884 0.00221917 0.0198692 0.0243075
437 0.0221097 0.00249033 0.0196194 0.0246001
438 0.0223236 0.0026279 0.0196957 0.0249515
439 0.0218532 0.00227864 0.0195745 0.0241318
440 0.0223236 0.00252135 0.0198022 0.0248449
441 0.0214683 0.000806897 0.0206614 0.0222752
442 0.0215538 0.000978946 0.0205749 0.0225327
443 0.0216607 0.000364762 0.021296 0.0220255
444 0.0214469 0.00041186 0.021035 0.0218587
445 0.0214683 0.000419014 0.0210493 0.0218873
446 0.0215324 0.000562085 0.0209703 0.0220945
447 0.0214683 0.000372821 0.0210954 0.0218411
448 0.0226871 0.00237906 0.020308 0.0250661
449 0.0216821 0.00059103 0.0210911 0.0222731
450 0.0225802 0.000583243 0.0219969 0.0231634
451 0.0230934 0.00260132 0.020492 0.0256947
452 0.0275623 0.00872717 0.0188352 0.0362895
453 0.0223236 0.000396591 0.021927 0.0227202
454 0.022794 0.000334009 0.02246 0.023128
455 0.0230078 0.00163183 0.021376 0.0246397
456 0.0227298 0.00090996 0.0218199 0.0236398
457 0.0229009 0.00156825 0.0213327 0.0244692
458 0.0219387 0.00206474 0.019874 0.0240034
459 0.0215324 0.000492731 0.0210397 0.0220251
460 0.0224091 0.00303725 0.0193719 0.0254464
461 0.0221739 0.00246885 0.019705 0.0246427
462 0.0225374 0.00361893 0.0189185 0.0261563
463 0.0225802 0.00334447 0.0192357 0.0259246
464 0.0225802 0.00341482 0.0191654 0.025995
465 0.0228795 0.00341723 0.0194623 0.0262968
466 0.0227726 0.00343158 0.019341 0.0262042
467 0.0226229 0.0033206 0.0193023 0.0259435
468 0.0229437 0.00333536 0.0196083 0.026279
469 0.0233072 0.00392302 0.0193842 0.0272302
470 0.0230078 0.00325018 0.0197576 0.026258
471 0.0227726 0.00378631 0.0189863 0.0265589
472 0.0230934 0.00364637 0.019447 0.0267397
473 0.0227085 0.00336437 0.0193441 0.0260728
474 0.023521 0.00489099 0.01863 0.028412
475 0.0228795 0.003325 0.0195545 0.0262045
476 0.0227298 0.00331887 0.019411 0.0260487
477 0.0226657 0.00338361 0.0192821 0.0260493
478 0.0231147 0.00341716 0.0196976 0.0265319
479 0.0236921 0.00488051 0.0188116 0.0285726
480 0.023243 0.00329121 0.0199518 0.0265342
481 0.0232644 0.00538302 0.0178814 0.0286474
482 0.0228154 0.00333262 0.0194828 0.026148
483 0.0231789 0.00388343 0.0192955 0.0270623
484 0.0227512 0.00343617 0.0193151 0.0261874
485 0.022794 0.00334583 0.0194482 0.0261398
486 0.0230934 0.00364386 0.0194495 0.0267372
487 0.0244191 0.00709172 0.0173274 0.0315108
488 0.0238845 0.00751782 0.0163667 0.0314023
489 0.0228154 0.00328564 0.0195297 0.026101
490 0.0226443 0.00354586 0.0190985 0.0261902
491 0.0222808 0.00322561 0.0190552 0.0255064
492 0.0222594 0.00357156 0.0186879 0.025831
493 0.0229864 0.00327338 0.0197131 0.0262598
494 0.0228154 0.00320392 0.0196115 0.0260193
495 0.023521 0.00361868 0.0199023 0.0271397
496 0.0229223 0.00322135 0.0197009 0.0261436
497 0.0227726 0.00320563 0.019567 0.0259782
498 0.0228368 0.00333296 0.0195038 0.0261697
499 0.0235852 0.00400782 0.0195773 0.027593
500 0.0230078 0.00347586 0.019532 0.0264837
501 0.0230934 0.00328209 0.0198113 0.0263754
502 0.0229651 0.00321766 0.0197474 0.0261827
503 0.022794 0.00320056 0.0195934 0.0259946
504 0.0229223 0.00314958 0.0197727 0.0260719
505 0.0246115 0.00359707 0.0210145 0.0282086
506 0.0239273 0.00346499 0.0204623 0.0273923
507 0.0237348 0.00334693 0.0203879 0.0270818
508 0.0235424 0.00339299 0.0201494 0.0269354
509 0.0234355 0.00365288 0.0197826 0.0270884
510 0.0234996 0.00324982 0.0202498 0.0267495
511 0.0234996 0.00339838 0.0201013 0.026898
512 0.0243977 0.00331391 0.0210838 0.0277116
513 0.0236493 0.00341616 0.0202331 0.0270655
514 0.0237776 0.0034727 0.0203049 0.0272503
515 0.0233499 0.00330265 0.0200473 0.0266526
516 0.0237135 0.00421294 0.0195005 0.0279264
517 0.0226443 0.00368001 0.0189643 0.0263243
518 0.0241411 0.00933079 0.0148103 0.0334719
519 0.0219601 0.00284085 0.0191192 0.0248009
520 0.0220242 0.00252461 0.0194996 0.0245488
521 0.0220028 0.00254616 0.0194567 0.024549
522 0.0221097 0.00269151 0.0194182 0.0248013
523 0.0220456 0.00256762 0.019478 0.0246132
524 0.0217676 0.00249693 0.0192707 0.0242646
525 0.0219387 0.00258758 0.0193511 0.0245263
526 0.0220242 0.00248445 0.0195398 0.0245087
527 0.0222594 0.00244353 0.0198159 0.024703
528 0.0219601 0.00253103 0.019429 0.0244911
529 0.021789 0.0023128 0.0194762 0.0241018
530 0.0218318 0.00238674 0.019445 0.0242185
531 0.0223022 0.00301269 0.0192895 0.0253149
532 0.0230078 0.00530119 0.0177066 0.028309
533 0.0230934 0.00494492 0.0181484 0.0280383
534 0.0224733 0.00316139 0.0193119 0.0256346
535 0.0223877 0.00312883 0.0192589 0.0255166
536 0.0226871 0.00360722 0.0190799 0.0262943
537 0.0223877 0.00312005 0.0192677 0.0255078
538 0.0224519 0.00345713 0.0189947 0.025909
539 0.0224519 0.00321311 0.0192388 0.025665
540 0.022345 0.00313642 0.0192085 0.0254814
541 0.0224946 0.00319284 0.0193018 0.0256875
542 0.0224091 0.00314086 0.0192682 0.02555
543 0.022345 0.00320563 0.0191393 0.0255506
544 0.0232003 0.00308052 0.0201197 0.0262808
545 0.0239487 0.00467495 0.0192737 0.0286236
546 0.0227298 0.00424925 0.0184806 0.0269791
547 0.0217249 0.00233297 0.0193919 0.0240578
548 0.0240128 0.00644933 0.0175635 0.0304621
549 0.0218745 0.00228015 0.0195944 0.0241547
550 0.0220884 0.00281823 0.0192701 0.0249066
551 0.0217249 0.00259287 0.019132 0.0243177
552 0.0219815 0.00245445 0.019527 0.0244359
553 0.0218532 0.00219275 0.0196604 0.0240459
554 0.0218318 0.00229693 0.0195348 0.0241287
555 0.0223022 0.00285369 0.0194485 0.0251559
556 0.0220884 0.00242399 0.0196644 0.0245124
557 0.0218959 0.0023014 0.0195945 0.0241973
558 0.0219387 0.00234665 0.019592 0.0242853
559 0.0217676 0.00231842 0.0194492 0.0240861
560 0.0219387 0.00233493 0.0196038 0.0242736
561 0.021789 0.00246217 0.0193268 0.0242512
562 0.0218532 0.00238837 0.0194648 0.0242415
563 0.0223022 0.00397345 0.0183287 0.0262756
564 0.0213186 0.000868834 0.0204498 0.0221874
565 0.0212544 0.000877474 0.020377 0.0221319
566 0.0214897 0.000538828 0.0209508 0.0220285
567 0.0212972 0.000347428 0.0209498 0.0216446
568 0.0213186 0.000411861 0.0209067 0.0217304
569 0.0212544 0.000429788 0.0208247 0.0216842
570 0.0220884 0.00294826 0.0191401 0.0250366
571 0.0219173 0.00216325 0.0197541 0.0240806
572 0.0212117 0.000436124 0.0207756 0.0216478
573 0.0213186 0.000411861 0.0209067 0.0217304
574 0.0214897 0.00070108 0.0207886 0.0221907
575 0.0214041 0.00051452 0.0208896 0.0219186
576 0.0239487 0.00595654 0.0179921 0.0299052
577 0.0224946 0.00298869 0.0195059 0.0254833
578 0.0219387 0.00246449 0.0194742 0.0244032
579 0.022516 0.00363701 0.018879 0.026153
580 0.0235424 0.00472646 0.0188159 0.0282688
581 0.022067 0.00252425 0.0195427 0.0245912
582 0.0221953 0.0025369 0.0196584 0.0247322
583 0.0222594 0.00262747 0.019632 0.0248869
584 0.022238 0.0025119 0.0197261 0.0247499
585 0.0224305 0.00290514 0.0195253 0.0253356
586 0.0221311 0.0025078 0.0196233 0.0246389
587 0.022067 0.00242824 0.0196387 0.0244952
588 0.0228368 0.00383318 0.0190036 0.0266699
589 0.0240128 0.00438482 0.019628 0.0283976
590 0.0227085 0.0025405 0.020168 0.025249
591 0.0220242 0.00235599 0.0196682 0.0243802
592 0.021789 0.00239821 0.0193908 0.0241872
593 0.0227512 0.00284511 0.0199061 0.0255963
594 0.0227298 0.00238214 0.0203477 0.025112
595 0.0225588 0.00242626 0.0201325 0.024985
596 0.0229437 0.00307577 0.0198679 0.0260194
597 0.0230934 0.00310749 0.0199859 0.0262008
598 0.0230078 0.00318768 0.0198201 0.0261955
599 0.0230506 0.00317705 0.0198735 0.0262276
600 0.02397 0.00501374 0.0189563 0.0289838
601 0.0231147 0.00310005 0.0200147 0.0262148
602 0.023521 0.00380348 0.0197175 0.0273245
603 0.0243122 0.00568359 0.0186286 0.0299958
604 0.0230934 0.00351094 0.0195824 0.0266043
605 0.0230506 0.00331784 0.0197327 0.0263684
606 0.0230934 0.00323155 0.0198618 0.0263249
607 0.0222808 0.00329016 0.0189906 0.025571
608 0.0229009 0.00325264 0.0196483 0.0261535
609 0.022238 0.00340248 0.0188356 0.0256405
610 0.0221097 0.003274 0.0188357 0.0253838
611 0.0220884 0.00328843 0.0187999 0.0253768
612 0.0256593 0.00699578 0.0186635 0.0326551
613 0.0216607 0.00321247 0.0184482 0.0248732
614 0.021511 0.0031977 0.0183133 0.0247087
615 0.021511 0.00341348 0.0180976 0.0249245
616 0.0215752 0.00324419 0.018331 0.0248194
617 0.0229223 0.00516985 0.0177524 0.0280921
618 0.0219173 0.00349756 0.0184197 0.0254149
619 0.0214255 0.00314523 0.0182803 0.0245707
620 0.0214469 0.00314632 0.0183006 0.0245932
621 0.0218104 0.0035005 0.0183099 0.0253109
622 0.0231361 0.00708656 0.0160496 0.0302227
623 0.0237562 0.00429889 0.0194573 0.0280551
624 0.0231789 0.00411661 0.0190623 0.0272955
625 0.0232217 0.00410437 0.0191173 0.027326
626 0.0240128 0.00553193 0.0184809 0.0295447
627 0.0233927 0.00422297 0.0191697 0.0276157
628 0.0234355 0.00417615 0.0192593 0.0276116
629 0.0231575 0.00418856 0.0189689 0.0273461
630 0.0233072 0.00414957 0.0191576 0.0274568
631 0.0233072 0.00451272 0.0187945 0.0278199
632 0.0225588 0.00355462 0.0190042 0.0261134
633 0.0224305 0.00345707 0.0189734 0.0258876
634 0.0225588 0.00343956 0.0191192 0.0259984
635 0.0224946 0.0034383 0.0190563 0.0259329
636 0.0224305 0.00345177 0.0189787 0.0258823
637 0.0224733 0.00352776 0.0189455 0.026001
638 0.022516 0.00342197 0.019094 0.025938
639 0.022516 0.00343265 0.0190834 0.0259487
640 0.0252316 0.00669385 0.0185378 0.0319255
641 0.0227298 0.00337082 0.019359 0.0261007
642 0.0225802 0.00391392 0.0186663 0.0264941
643 0.023521 0.00344786 0.0200731 0.0269689
644 0.0239914 0.00384152 0.0201499 0.027833
645 0.0247184 0.00469174 0.0200267 0.0294102
646 0.0238845 0.00357104 0.0203135 0.0274556
647 0.0239059 0.00351328 0.0203926 0.0274192
648 0.0242053 0.00409835 0.0201069 0.0283036
649 0.0236707 0.0034671 0.0202036 0.0271378
650 0.023799 0.00359147 0.0202075 0.0273905
651 0.0236493 0.00348243 0.0201669 0.0271317
652 0.023072 0.00259596 0.020476 0.0256679
653 0.0237135 0.00473805 0.0189754 0.0284515
654 0.0234996 0.00331391 0.0201857 0.0268135
655 0.0235638 0.0033698 0.020194 0.0269336
656 0.0273058 0.015888 0.0114178 0.0431937
657 0.0226016 0.00332713 0.0192744 0.0259287
658 0.0226443 0.00334686 0.0192975 0.0259912
659 0.0227085 0.00330956 0.0193989 0.026018
660 0.0227726 0.00338327 0.0193893 0.0261559
661 0.0228581 0.0037023 0.0191558 0.0265604
662 0.0229223 0.00339279 0.0195295 0.0263151
663 0.0232858 0.00401739 0.0192684 0.0273032
664 0.023243 0.00392482 0.0193182 0.0271679
665 0.0234141 0.00397253 0.0194416 0.0273866
666 0.0232217 0.00397995 0.0192417 0.0272016
667 0.0233927 0.00370631 0.0196864 0.027099
668 0.023243 0.00378969 0.0194533 0.0270327
669 0.0232858 0.00388549 0.0194003 0.0271713
670 0.0232644 0.00408046 0.019184 0.0273449
671 0.0232644 0.00379723 0.0194672 0.0270616
672 0.0239914 0.0038439 0.0201475 0.0278353
673 0.0232644 0.00402177 0.0192426 0.0272862
674 0.0233927 0.00392442 0.0194683 0.0273171
675 0.0238204 0.00437401 0.0194464 0.0281944
676 0.0237776 0.0043051 0.0194725 0.0280827
677 0.0232644 0.00396683 0.0192976 0.0272312
678 0.0233499 0.00398981 0.0193601 0.0273398
679 0.0234782 0.00397719 0.0195011 0.0274554
680 0.02397 0.00471871 0.0192513 0.0286888
681 0.0243549 0.0058457 0.0185092 0.0302006
682 0.0246757 0.00643489 0.0182408 0.0311106
683 0.0238845 0.00449602 0.0193885 0.0283805
684 0.0248895 0.00549765 0.0193919 0.0303872
685 0.0245901 0.00496614 0.019624 0.0295563
686 0.0238204 0.00446915 0.0193512 0.0282895
687 0.0234141 0.00424839 0.0191657 0.0276625
688 0.0233713 0.00467353 0.0186978 0.0280449
689 0.023799 0.00399182 0.0198072 0.0277908
690 0.0234996 0.00387134 0.0196283 0.027371
691 0.0234782 0.00387234 0.0196059 0.0273506
692 0.0233713 0.00392016 0.0194512 0.0272915
693 0.0233713 0.00376306 0.0196083 0.0271344
694 0.0234141 0.00383431 0.0195798 0.0272484
695 0.0241625 0.00414737 0.0200151 0.0283099
696 0.023521 0.00391719 0.0196038 0.0274382
697 0.0235638 0.00400011 0.0195637 0.0275639
698 0.0234569 0.00383527 0.0196216 0.0272921
699 0.0234996 0.00398769 0.0195119 0.0274873
700 0.023521 0.00374534 0.0197757 0.0272663
701 0.0252744 0.00409277 0.0211816 0.0293672
702 0.0254241 0.00481083 0.0206132 0.0302349
703 0.0243549 0.00385477 0.0205002 0.0282097
704 0.0249109 0.00395176 0.0209591 0.0288626
705 0.0257448 0.00506116 0.0206837 0.030806
706 0.0245474 0.0042667 0.0202807 0.0288141
707 0.024077 0.00383246 0.0202445 0.0279094
708 0.0245688 0.00441847 0.0201503 0.0289872
709 0.0240983 0.00375333 0.020345 0.0278517
710 0.0231147 0.00241341 0.0207013 0.0255281
711 0.0228368 0.0023556 0.0204812 0.0251924
712 0.0229864 0.00235744 0.020629 0.0253439
713 0.0227726 0.00225027 0.0205223 0.0250229
714 0.0229009 0.00240962 0.0204913 0.0253105
715 0.0229651 0.00240059 0.0205645 0.0253656
716 0.0232003 0.00242626 0.020774 0.0256265
717 0.0221739 0.00288239 0.0192915 0.0250563
718 0.022516 0.00308764 0.0194284 0.0256037
719 0.0226657 0.0032513 0.0194144 0.025917
720 0.0226016 0.00319248 0.0194091 0.025794
721 0.0223663 0.00304837 0.019318 0.0254147
722 0.0224305 0.00319019 0.0192403 0.0256207
723 0.0225802 0.00311807 0.0194621 0.0256982
724 0.0223236 0.00313562 0.019188 0.0254592
725 0.0224305 0.00303145 0.019399 0.0254619
726 0.0224519 0.00310602 0.0193459 0.0255579
727 0.0223663 0.00317186 0.0191945 0.0255382
728 0.0229651 0.00361387 0.0193512 0.0265789
729 0.022516 0.00317525 0.0193408 0.0256913
730 0.022345 0.00305967 0.0192853 0.0254046
731 0.0223236 0.00306483 0.0192588 0.0253884
732 0.0224519 0.00324426 0.0192076 0.0256961
733 0.0223236 0.00341482 0.0189088 0.0257384
734 0.0226229 0.00318854 0.0194344 0.0258115
735 0.0224946 0.00315828 0.0193364 0.0256529
736 0.023072 0.00301936 0.0200526 0.0260913
737 0.0225374 0.00497092 0.0175665 0.0275083
738 0.0218318 0.00232463 0.0195071 0.0241564
739 0.0218318 0.00230091 0.0195309 0.0241327
740 0.0240128 0.00430484 0.019708 0.0283177
741 0.0223022 0.00243529 0.0198669 0.0247375
742 0.0226657 0.00395667 0.018709 0.0266224
743 0.0219173 0.00227854 0.0196388 0.0241958
744 0.0218959 0.00218732 0.0197086 0.0240832
745 0.0220456 0.00251727 0.0195283 0.0245629
746 0.0221739 0.00237829 0.0197956 0.0245522
747 0.0216393 0.000781568 0.0208578 0.0224209
748 0.0214469 0.00041186 0.021035 0.0218587
749 0.0213827 0.000523768 0.020859 0.0219065
750 0.0222594 0.00355873 0.0187007 0.0258182
751 0.0214469 0.000949307 0.0204976 0.0223962
752 0.021511 0.00097614 0.0205349 0.0224872
753 0.0214041 0.000531996 0.0208721 0.0219361
754 0.0215538 0.00093107 0.0206227 0.0224849
755 0.02134 0.000618253 0.0207217 0.0219582
756 0.021511 0.00052551 0.0209855 0.0220365
757 0.0214041 0.00045811 0.020946 0.0218622
758 0.0215752 0.000477654 0.0210975 0.0220528
759 0.0215966 0.000438215 0.0211583 0.0220348
760 0.0218318 0.00243228 0.0193995 0.0242641
761 0.0224946 0.00288279 0.0196119 0.0253774
762 0.0220242 0.00256415 0.0194601 0.0245884
763 0.0223236 0.00279975 0.0195238 0.0251233
764 0.0220456 0.00249171 0.0195539 0.0245373
765 0.0221311 0.00256904 0.0195621 0.0247002
766 0.0219387 0.00256628 0.0193724 0.024505
767 0.0221525 0.00246635 0.0196862 0.0246189
768 0.0232217 0.00326561 0.019956 0.0264873
769 0.0225374 0.00303936 0.019498 0.0255768
770 0.0220028 0.00254975 0.0194531 0.0245526
771 0.0226229 0.00322277 0.0194002 0.0258457
772 0.022516 0.00276582 0.0197502 0.0252818
773 0.0220456 0.00282212 0.0192235 0.0248677
774 0.022067 0.00253509 0.0195319 0.0246021
775 0.0220884 0.00245026 0.0196381 0.0245386
776 0.0224305 0.00322156 0.0192089 0.0256521
777 0.022067 0.00245073 0.0196163 0.0245177
778 0.0220242 0.002557 0.0194672 0.0245812
779 0.0227512 0.00301974 0.0197315 0.025771
780 0.0223877 0.00289821 0.0194895 0.0252859
781 0.0221097 0.00252316 0.0195866 0.0246329
782 0.0224733 0.00306445 0.0194088 0.0255377
783 0.0221525 0.0025645 0.019588 0.024717
784 0.0220242 0.00257482 0.0194494 0.024599
785 0.0228795 0.00254266 0.0203369 0.0254222
786 0.0231575 0.00328843 0.0198691 0.0264459
787 0.0231361 0.00359306 0.0195431 0.0267292
788 0.0224305 0.00305848 0.019372 0.025489
789 0.0232644 0.00310573 0.0201587 0.0263701
790 0.0231789 0.00314144 0.0200374 0.0263203
791 0.0231789 0.00322192 0.019957 0.0264008
792 0.0232003 0.0034369 0.0197634 0.0266372
793 0.0231575 0.0031405 0.020017 0.026298
794 0.0231789 0.00349946 0.0196794 0.0266783
795 0.0230506 0.00311895 0.0199316 0.0261695
796 0.0231147 0.0031585 0.0199562 0.0262732
797 0.0221953 0.00303273 0.0191625 0.025228
798 0.0220884 0.00308171 0.0190067 0.0251701
799 0.022345 0.00319992 0.019145 0.0255449
