# ../output/graphs/perf_parallel83QUADRUPED_thread4
# step - mean (0.35814) - standard deviation (0.0357601) r=2 - ylow - yhigh
0 0.432785 0.101354 0.331431 0.534139
1 0.375265 0.014754 0.360511 0.390019
2 0.362008 0.0121881 0.34982 0.374196
3 0.361794 0.00641483 0.35538 0.368209
4 0.34982 0.00470416 0.345116 0.354524
5 0.367995 0.0109051 0.35709 0.3789
6 0.476619 0.123805 0.352814 0.600425
7 0.328651 0.0305772 0.298074 0.359228
8 0.367995 0.00620091 0.361794 0.374196
9 0.365429 0.00449036 0.360939 0.36992
10 0.38168 0.0156094 0.366071 0.39729
11 0.363719 0.00919455 0.354524 0.372913
12 0.360725 0.00106916 0.359656 0.361794
13 0.365002 0.00320736 0.361794 0.368209
14 0.291018 0.0643618 0.226656 0.35538
15 0.363505 0.00940834 0.354097 0.372913
16 0.365429 0.00919454 0.356235 0.374624
17 0.349606 0.00662863 0.342978 0.356235
18 0.364146 0.00106916 0.363077 0.365216
19 0.364788 0.00513187 0.359656 0.36992
20 0.362008 0.00491802 0.35709 0.366926
21 0.376762 0.0166785 0.360084 0.393441
22 0.290804 0.0705628 0.220241 0.361367
23 0.365429 0.003635 0.361794 0.369064
24 0.361153 0.00577332 0.35538 0.366926
25 0.353669 0.00641483 0.347254 0.360084
26 0.399 0.0290804 0.36992 0.428081
27 0.350034 0.0134711 0.336563 0.363505
28 0.295508 0.0607267 0.234781 0.356235
29 0.368209 0.00171061 0.366498 0.36992
30 0.370775 0.00342126 0.367354 0.374196
31 0.360298 0.00277977 0.357518 0.363077
32 0.367995 0.00320736 0.364788 0.371203
33 0.36992 0.00128296 0.368637 0.371203
34 0.36714 0.00235206 0.364788 0.369492
35 0.367995 0.000641495 0.367354 0.368637
36 0.380611 0.0106913 0.36992 0.391302
37 0.372913 0.000427648 0.372486 0.373341
38 0.373555 0.000213802 0.373341 0.373769
39 0.372058 0.00513183 0.366926 0.37719
40 0.356876 0.00449032 0.352386 0.361367
41 0.372699 0.0104775 0.362222 0.383177
42 0.36436 0.00684248 0.357518 0.371203
43 0.369064 0.00684243 0.362222 0.375907
44 0.359015 0.0134711 0.345544 0.372486
45 0.367781 0 0.367781 0.367781
46 0.297005 0.0716319 0.225373 0.368637
47 0.359656 0.00128295 0.358373 0.360939
48 0.361581 0.00192446 0.359656 0.363505
49 0.35431 0.00149669 0.352814 0.355807
50 0.360084 0.00983599 0.350248 0.36992
51 0.362436 0.00235212 0.360084 0.364788
52 0.356449 0.00363506 0.352814 0.360084
53 0.360725 0.00534567 0.35538 0.366071
54 0.355807 0.00684243 0.348965 0.36265
55 0.353455 0.00833924 0.345116 0.361794
56 0.365643 0.00855303 0.35709 0.374196
57 0.352172 0.0100498 0.342122 0.362222
58 0.353669 0.00598718 0.347682 0.359656
59 0.356663 0.00684242 0.34982 0.363505
60 0.356662 0.00769779 0.348965 0.36436
61 0.363291 0.00320736 0.360084 0.366498
62 0.360298 0.0113328 0.348965 0.37163
63 0.355166 0.00406273 0.351103 0.359228
64 0.348537 0.00598718 0.34255 0.354524
65 0.364146 0.00748394 0.356663 0.37163
66 0.347254 0.00983605 0.337418 0.35709
67 0.344047 0.0250177 0.319029 0.369065
68 0.367568 0.00106916 0.366498 0.368637
69 0.368637 0.00684242 0.361794 0.375479
70 0.35987 0.00876689 0.351103 0.368637
71 0.368423 0.00363506 0.364788 0.372058
72 0.379114 0.00449038 0.374624 0.383605
73 0.312187 0.0585884 0.253598 0.370775
74 0.307269 0.0707766 0.236492 0.378045
75 0.379328 0.00128296 0.378045 0.380611
76 0.37719 0.00384893 0.373341 0.381039
77 0.308124 0.0652171 0.242907 0.373341
78 0.374838 0.00277977 0.372058 0.377618
79 0.336135 0.029508 0.306627 0.365643
80 0.373555 0.00277975 0.370775 0.376335
81 0.30513 0.0712041 0.233926 0.376335
82 0.37163 0.00641477 0.365216 0.378045
83 0.301709 0.0682106 0.233498 0.36992
84 0.373555 0.00149676 0.372058 0.375052
85 0.374196 0.00513189 0.369064 0.379328
86 0.374196 0.000427648 0.373769 0.374624
87 0.307269 0.0669277 0.240341 0.374196
88 0.375693 0.00235218 0.373341 0.378045
89 0.37441 0.00620098 0.368209 0.380611
90 0.363077 0.011119 0.351958 0.374196
91 0.376335 0.00470416 0.37163 0.381039
92 0.367781 0.00342122 0.36436 0.371203
93 0.376976 0.000213861 0.376762 0.37719
94 0.370347 0.00384881 0.366499 0.374196
95 0.375907 0.000855237 0.375052 0.376762
96 0.378473 0.000855371 0.377617 0.379328
97 0.376548 0.00534567 0.371203 0.381894
98 0.380611 0.00299357 0.377618 0.383605
99 0.385101 0.00277977 0.382322 0.387881
100 0.305986 0.0690659 0.23692 0.375052
101 0.37163 0.00513177 0.366499 0.376762
102 0.372699 0.00192446 0.370775 0.374624
103 0.367568 0.00106916 0.366498 0.368637
104 0.372486 0.000855356 0.37163 0.373341
105 0.370561 0.00192441 0.368637 0.372486
106 0.374838 0.00277977 0.372058 0.377618
107 0.373769 0.00470416 0.369065 0.378473
108 0.373982 0.00620098 0.367781 0.380183
109 0.371417 0.00662863 0.364788 0.378045
110 0.300854 0.0669277 0.233926 0.367781
111 0.369706 0.0305772 0.339129 0.400283
112 0.375907 0.000855356 0.375052 0.376762
113 0.378259 0.000213802 0.378045 0.378473
114 0.375479 0.00256591 0.372913 0.378045
115 0.368423 0.00705628 0.361367 0.375479
116 0.366285 0.00192441 0.36436 0.368209
117 0.300426 0.0630788 0.237347 0.363505
118 0.35709 0.000427604 0.356663 0.357518
119 0.365857 0.00320742 0.36265 0.369065
120 0.365002 0.00449038 0.360511 0.369492
121 0.362863 0.00363512 0.359228 0.366499
122 0.373555 0.00149676 0.372058 0.375052
123 0.277761 0.0472557 0.230505 0.325016
124 0.362863 0.00192441 0.360939 0.364788
125 0.363719 0.00491802 0.358801 0.368637
126 0.366499 0.00213826 0.36436 0.368637
127 0.355593 0.00406279 0.351531 0.359656
128 0.372486 0.0200997 0.352386 0.392585
129 0.323306 0.0384888 0.284817 0.361794
130 0.378259 0.00705628 0.371203 0.385315
131 0.36265 0.00555947 0.35709 0.368209
132 0.367995 0.00534567 0.36265 0.373341
133 0.362222 0.00641477 0.355807 0.368637
134 0.363505 0.00427651 0.359228 0.367781
135 0.370775 0.00384887 0.366926 0.374624
136 0.366285 0.00577326 0.360511 0.372058
137 0.363719 0.0010691 0.36265 0.364788
138 0.367781 0.00299357 0.364788 0.370775
139 0.361794 0.00769773 0.354097 0.369492
140 0.363933 0.00513189 0.358801 0.369065
141 0.367354 0.00256597 0.364788 0.36992
142 0.431288 0.0720595 0.359228 0.503347
143 0.361367 0.00384887 0.357518 0.365216
144 0.3727 0.00577332 0.366926 0.378473
145 0.372699 0.00791159 0.364788 0.380611
146 0.372913 0.00427657 0.368637 0.37719
147 0.369706 0.00192447 0.367781 0.37163
148 0.356662 0.000427648 0.356235 0.35709
149 0.292087 0.0662862 0.225801 0.358373
150 0.308338 0.0449035 0.263434 0.353241
151 0.361794 0.00128296 0.360511 0.363077
152 0.36436 0.00342122 0.360939 0.367781
153 0.362008 0.000213906 0.361794 0.362222
154 0.369492 0.001283 0.368209 0.370775
155 0.359228 0.00128296 0.357945 0.360511
156 0.35709 0.00128296 0.355807 0.358373
157 0.359442 0.00491802 0.354524 0.36436
158 0.299357 0.0671415 0.232216 0.366498
159 0.362008 0.00320743 0.358801 0.365216
160 0.372272 0.00919455 0.363077 0.381466
161 0.373127 0.00449038 0.368637 0.377618
162 0.368209 0.000427648 0.367781 0.368637
163 0.370134 0.00149676 0.368637 0.37163
164 0.305772 0.0637203 0.242051 0.369492
165 0.369278 0.00534573 0.363933 0.374624
166 0.363077 0.00384887 0.359228 0.366926
167 0.365857 0.000641435 0.365216 0.366498
168 0.364146 0.00064145 0.363505 0.364788
169 0.369064 0.00342128 0.365643 0.372486
170 0.362008 0.00064145 0.361367 0.36265
171 0.367568 0.00149681 0.366071 0.369065
172 0.36265 0.00299349 0.359656 0.365643
173 0.36436 0.00598712 0.358373 0.370347
174 0.297433 0.0712042 0.226228 0.368637
175 0.297005 0.0750531 0.221952 0.372058
176 0.366285 0.00620098 0.360084 0.372486
177 0.33699 0.0205273 0.316463 0.357518
178 0.357946 0.00812538 0.34982 0.366071
179 0.295722 0.0690659 0.226656 0.364788
180 0.295936 0.0684244 0.227511 0.36436
181 0.357518 0.00384893 0.353669 0.361367
182 0.35709 0.00598718 0.351103 0.363077
183 0.358801 0 0.358801 0.358801
184 0.35538 0.0034212 0.351958 0.358801
185 0.356021 0.00705628 0.348965 0.363077
186 0.352172 0.00106916 0.351103 0.353241
187 0.349392 0.00128296 0.34811 0.350675
188 0.35538 0.00513183 0.350248 0.360511
189 0.357946 0.00128296 0.356663 0.359228
190 0.285031 0.0498216 0.235209 0.334852
191 0.355593 0.00833924 0.347254 0.363933
192 0.35987 0.0044903 0.35538 0.36436
193 0.37719 0.0346399 0.34255 0.41183
194 0.3526 0.00406271 0.348537 0.356663
195 0.373341 0.00128296 0.372058 0.374624
196 0.352386 0.00213826 0.350248 0.354524
197 0.363505 0.00384881 0.359656 0.367354
198 0.365216 0.00470416 0.360511 0.36992
199 0.303847 0.0754807 0.228367 0.379328
200 0.375265 0.000213847 0.375052 0.375479
201 0.365429 0.00919454 0.356235 0.374624
202 0.353027 0.0100498 0.342978 0.363077
203 0.364574 0.00534567 0.359228 0.36992
204 0.370561 0.00320742 0.367354 0.373769
205 0.378045 0.00555953 0.372486 0.383605
206 0.37163 0.00684248 0.364788 0.378473
207 0.371417 0.00192446 0.369492 0.373341
208 0.378045 0.0094084 0.368637 0.387454
209 0.361153 0.000213802 0.360939 0.361367
210 0.377617 0.00171061 0.375907 0.379328
211 0.303847 0.0716319 0.232216 0.375479
212 0.368851 0.00620098 0.36265 0.375052
213 0.375693 0.00491798 0.370775 0.380611
214 0.365216 0.001283 0.363933 0.366499
215 0.361153 0.00363506 0.357518 0.364788
216 0.362863 0.00833924 0.354524 0.371203
217 0.365002 0.00449038 0.360511 0.369492
218 0.364146 0.00064151 0.363505 0.364788
219 0.378045 0.00983599 0.368209 0.387881
220 0.302137 0.0703489 0.231788 0.372486
221 0.365643 0.000855297 0.364788 0.366498
222 0.348965 0.0222379 0.326727 0.371203
223 0.370561 0.00320736 0.367354 0.373769
224 0.385529 0.0151817 0.370347 0.400711
225 0.375693 0.00620097 0.369492 0.381894
226 0.3789 0.00342122 0.375479 0.382322
227 0.372058 0.00342122 0.368637 0.375479
228 0.372272 0.00491802 0.367354 0.37719
229 0.371416 0.00277971 0.368637 0.374196
230 0.367568 0.00235204 0.365216 0.36992
231 0.366499 0.0102637 0.356235 0.376762
232 0.358587 0.00363512 0.354952 0.362222
233 0.360939 0.0136849 0.347254 0.374624
234 0.366498 0.00384881 0.36265 0.370347
235 0.37163 0.00213826 0.369492 0.373769
236 0.370775 0.00427647 0.366499 0.375052
237 0.38724 0.0156093 0.37163 0.402849
238 0.37441 0.00149675 0.372913 0.375907
239 0.376121 0.00064151 0.375479 0.376762
240 0.372058 0.0132573 0.358801 0.385315
241 0.368209 0.000855356 0.367354 0.369065
242 0.376335 0.00299363 0.373341 0.379328
243 0.370561 0.00320736 0.367354 0.373769
244 0.372272 0.00235206 0.36992 0.374624
245 0.36265 0.00128296 0.361367 0.363933
246 0.365002 0.00235206 0.36265 0.367354
247 0.362436 0.000213861 0.362222 0.36265
248 0.366712 0.00320736 0.363505 0.36992
249 0.365429 0.00363506 0.361794 0.369065
250 0.366926 0.00470424 0.362222 0.37163
251 0.365429 0.00277977 0.36265 0.368209
252 0.358373 5.96046e-008 0.358373 0.358373
253 0.349179 0.00406267 0.345116 0.353241
254 0.352386 0.00171067 0.350675 0.354097
255 0.351317 0.003635 0.347682 0.354952
256 0.35709 0.00256592 0.354524 0.359656
257 0.367568 0.00064145 0.366926 0.368209
258 0.366926 0.00256592 0.36436 0.369492
259 0.362008 0.000213847 0.361794 0.362222
260 0.363719 0.00192451 0.361794 0.365643
261 0.353883 0.0109051 0.342978 0.364788
262 0.362436 0.00363508 0.358801 0.366071
263 0.377617 0.0124019 0.365216 0.390019
264 0.363505 0.00684243 0.356663 0.370347
265 0.355807 0.00299355 0.352814 0.358801
266 0.352814 0.00641483 0.346399 0.359228
267 0.363291 0.00064145 0.36265 0.363933
268 0.357518 0.00256597 0.354952 0.360084
269 0.350889 0.00149675 0.349392 0.352386
270 0.354738 0.00064145 0.354097 0.35538
271 0.361367 0.00598708 0.35538 0.367354
272 0.35538 0 0.35538 0.35538
273 0.351958 0.000427648 0.351531 0.352386
274 0.352386 0.000855312 0.351531 0.353241
275 0.356449 0.00064151 0.355807 0.35709
276 0.299785 0.0534566 0.246328 0.353241
277 0.298288 0.0665 0.231788 0.364788
278 0.351958 0.00256591 0.349392 0.354524
279 0.357945 0.000427708 0.357518 0.358373
280 0.356021 0.000213861 0.355807 0.356235
281 0.357304 0.0010691 0.356235 0.358373
282 0.358587 0.00449036 0.354097 0.363077
283 0.365429 0.00876683 0.356663 0.374196
284 0.368851 0.00277977 0.366071 0.37163
285 0.365429 0.00192441 0.363505 0.367354
286 0.362864 0.00491796 0.357946 0.367781
287 0.363719 0.0019244 0.361794 0.365643
288 0.372272 0.0109051 0.361367 0.383177
289 0.366499 0.00256597 0.363933 0.369065
290 0.367568 0.000213787 0.367354 0.367781
291 0.373341 0.00555947 0.367781 0.3789
292 0.408195 0.034426 0.373769 0.442621
293 0.362222 0.00171061 0.360511 0.363933
294 0.365429 0.000213787 0.365216 0.365643
295 0.36714 0.00149675 0.365643 0.368637
296 0.292728 0.0669276 0.225801 0.359656
297 0.409264 0.0380611 0.371203 0.447325
298 0.367354 0.00598718 0.361367 0.373341
299 0.367781 0.00684248 0.360939 0.374624
300 0.373555 0.00620097 0.367354 0.379756
301 0.368209 0.00855303 0.359656 0.376762
302 0.365216 0.00641479 0.358801 0.37163
303 0.346185 0.0156093 0.330576 0.361794
304 0.363291 0.00277971 0.360511 0.366071
305 0.344688 0.00641483 0.338273 0.351103
306 0.35987 0.00705628 0.352814 0.366926
307 0.362436 0.00534567 0.35709 0.367781
308 0.361794 0.00342122 0.358373 0.365216
309 0.354952 0.00171055 0.353241 0.356662
310 0.365002 0.00106916 0.363933 0.366071
311 0.295722 0.0682107 0.227511 0.363933
312 0.353241 0.00384887 0.349392 0.35709
313 0.357518 0.00470416 0.352814 0.362222
314 0.35538 0.00598712 0.349392 0.361367
315 0.359228 0.00598708 0.353241 0.365215
316 0.363077 0 0.363077 0.363077
317 0.30064 0.0624373 0.238203 0.363077
318 0.357945 0.00256591 0.35538 0.360511
319 0.356876 0.00064151 0.356235 0.357518
320 0.361153 0.00620092 0.354952 0.367354
321 0.360084 0.000427648 0.359656 0.360511
322 0.366712 0.00320736 0.363505 0.36992
323 0.376976 0.00577334 0.371203 0.382749
324 0.365216 0.000427589 0.364788 0.365643
325 0.371417 0.00748399 0.363933 0.378901
326 0.362222 0.00684248 0.35538 0.369065
327 0.375693 0.00277975 0.372913 0.378473
328 0.379328 0.0106914 0.368637 0.39002
329 0.379114 0.00106916 0.378045 0.380183
330 0.372699 0.00320736 0.369492 0.375907
331 0.368423 0.00064145 0.367781 0.369064
332 0.371417 0.000213861 0.371203 0.37163
333 0.370989 0.00064151 0.370347 0.37163
334 0.374838 0.00192446 0.372913 0.376762
335 0.327368 0.0853168 0.242052 0.412685
336 0.379542 0.00106916 0.378473 0.380611
337 0.37997 0.00320742 0.376762 0.383177
338 0.37441 0.00577328 0.368637 0.380183
339 0.305344 0.0697073 0.235637 0.375052
340 0.304275 0.0660724 0.238203 0.370347
341 0.373982 0.00149681 0.372486 0.375479
342 0.385743 0.00769767 0.378045 0.393441
343 0.376762 0.00256592 0.374196 0.379328
344 0.301495 0.0684244 0.233071 0.36992
345 0.306413 0.0630788 0.243335 0.369492
346 0.373127 0.0010691 0.372058 0.374196
347 0.3727 0.00534561 0.367354 0.378045
348 0.36992 0.00427651 0.365643 0.374196
349 0.370561 0.00320736 0.367354 0.373769
350 0.308552 0.0686383 0.239913 0.37719
351 0.304917 0.0662862 0.23863 0.371203
352 0.303847 0.0660724 0.237775 0.36992
353 0.306413 0.0707766 0.235637 0.37719
354 0.38168 0.00277977 0.3789 0.38446
355 0.373769 0.00983605 0.363933 0.383605
356 0.372699 0.00363506 0.369064 0.376335
357 0.367354 0.000427648 0.366926 0.367781
358 0.377404 0.00577326 0.37163 0.383177
359 0.310262 0.0643617 0.2459 0.374624
360 0.369492 0.00299357 0.366498 0.372486
361 0.306841 0.069066 0.237775 0.375907
362 0.379114 0.0019244 0.37719 0.381039
363 0.37441 0.00577328 0.368637 0.380183
364 0.376335 0.00384887 0.372486 0.380183
365 0.373127 0.000213847 0.372913 0.373341
366 0.36714 0.00662863 0.360511 0.373769
367 0.373769 0.00171061 0.372058 0.375479
368 0.300426 0.0699213 0.230505 0.370347
369 0.374196 0.000855371 0.373341 0.375052
370 0.372058 0 0.372058 0.372058
371 0.366712 0.00662857 0.360084 0.373341
372 0.362008 0.000213847 0.361794 0.362222
373 0.367354 0.00171061 0.365643 0.369064
374 0.362436 0.00064151 0.361794 0.363077
375 0.354524 0.00299363 0.351531 0.357518
376 0.298074 0.0632926 0.234781 0.361367
377 0.362008 0.00106916 0.360939 0.363077
378 0.35709 0.00684243 0.350248 0.363933
379 0.366926 0.00256592 0.36436 0.369492
380 0.359656 0.00256591 0.35709 0.362222
381 0.364788 0.00342122 0.361367 0.368209
382 0.36265 0.00384881 0.358801 0.366498
383 0.361367 0.000855237 0.360511 0.362222
384 0.298929 0.0598713 0.239058 0.358801
385 0.374624 0.000855297 0.373769 0.375479
386 0.369064 0.00213832 0.366926 0.371203
387 0.366926 0.00769773 0.359228 0.374624
388 0.366926 0.00513181 0.361794 0.372058
389 0.313256 0.0532428 0.260013 0.366499
390 0.363291 0.000213847 0.363077 0.363505
391 0.304917 0.0662862 0.23863 0.371203
392 0.405629 0.0292942 0.376335 0.434923
393 0.294439 0.0669276 0.227511 0.361367
394 0.364574 0.00534567 0.359228 0.36992
395 0.357946 0.00213826 0.355807 0.360084
396 0.355166 0.00363512 0.351531 0.358801
397 0.362008 0.00320737 0.358801 0.365216
398 0.302564 0.0703489 0.232216 0.372913
399 0.353883 0.00320736 0.350675 0.35709
400 0.362222 0.00128296 0.360939 0.363505
401 0.359442 0.0113328 0.34811 0.370775
402 0.365429 0.00919454 0.356235 0.374624
403 0.359442 0.00449032 0.354952 0.363933
404 0.364574 0.00491802 0.359656 0.369492
405 0.360725 0.00449038 0.356235 0.365216
406 0.291232 0.061582 0.22965 0.352814
407 0.352814 0.00256592 0.350248 0.35538
408 0.359442 0.00149681 0.357945 0.360939
409 0.356876 0.0138988 0.342978 0.370775
410 0.368851 0.00064151 0.368209 0.369492
411 0.307482 0.0667138 0.240769 0.374196
412 0.381466 0.00898068 0.372486 0.390447
413 0.367781 0.00299357 0.364788 0.370775
414 0.370347 0.00213832 0.368209 0.372486
415 0.374838 0.00320742 0.37163 0.378045
416 0.37719 0.00342126 0.373769 0.380611
417 0.38446 0.00983599 0.374624 0.394296
418 0.37719 0.00384887 0.373341 0.381039
419 0.37441 0.000213802 0.374196 0.374624
420 0.364788 0.0012829 0.363505 0.366071
421 0.371844 0.00106916 0.370775 0.372913
422 0.363291 0.00320742 0.360084 0.366499
423 0.370134 0.00149676 0.368637 0.37163
424 0.36714 0.00320742 0.363933 0.370347
425 0.304917 0.073984 0.230933 0.378901
426 0.366071 0 0.366071 0.366071
427 0.366499 0.00342116 0.363077 0.36992
428 0.36436 0.00427651 0.360084 0.368637
429 0.357732 0.00406273 0.353669 0.361794
430 0.293584 0.0622235 0.23136 0.355807
431 0.364146 0.00235204 0.361794 0.366498
432 0.357518 0.00427657 0.353241 0.361794
433 0.362222 0.00128296 0.360939 0.363505
434 0.29059 0.0635065 0.227084 0.354097
435 0.356449 0.00064145 0.355807 0.35709
436 0.354738 0.00149682 0.353241 0.356235
437 0.359228 0.000427663 0.358801 0.359656
438 0.366071 0.00470416 0.361367 0.370775
439 0.291873 0.0673553 0.224518 0.359228
440 0.360084 0.00513183 0.354952 0.365216
441 0.359442 0.00962219 0.34982 0.369064
442 0.29786 0.0519598 0.2459 0.34982
443 0.363505 0.00427651 0.359228 0.367781
444 0.351744 0.00149676 0.350248 0.353241
445 0.359442 0.00577334 0.353669 0.365216
446 0.354738 0.00192446 0.352814 0.356663
447 0.357304 0.00149675 0.355807 0.358801
448 0.36714 0.00064151 0.366498 0.367781
449 0.361794 0.00812538 0.353669 0.36992
450 0.30342 0.0643618 0.239058 0.367781
451 0.354952 0.00983605 0.345116 0.364788
452 0.37997 0.0126158 0.367354 0.392585
453 0.364574 0.00149676 0.363077 0.366071
454 0.366712 0.00064145 0.366071 0.367354
455 0.377617 0.00256591 0.375052 0.380183
456 0.378259 0.00277977 0.375479 0.381039
457 0.376762 0.00213832 0.374624 0.378901
458 0.376121 0.00962214 0.366499 0.385743
459 0.309621 0.0684244 0.241196 0.378045
460 0.373555 0.00620097 0.367354 0.379756
461 0.371203 0.00256592 0.368637 0.373769
462 0.367354 0.0034212 0.363933 0.370775
463 0.376335 0.00555952 0.370775 0.381894
464 0.380611 0.00213826 0.378473 0.382749
465 0.361153 0.00534573 0.355807 0.366499
466 0.374624 0.00128296 0.373341 0.375907
467 0.367354 0.00171055 0.365643 0.369064
468 0.370347 0.00384887 0.366499 0.374196
469 0.380183 0.00555947 0.374624 0.385743
470 0.379542 0.00064151 0.3789 0.380183
471 0.377831 0.00449038 0.373341 0.382322
472 0.36714 0.0117605 0.35538 0.378901
473 0.370775 0 0.370775 0.370775
474 0.3124 0.0656447 0.246756 0.378045
475 0.368423 0.00277977 0.365643 0.371203
476 0.376335 0 0.376335 0.376335
477 0.375052 0.00898068 0.366071 0.384032
478 0.372486 0.00213826 0.370347 0.374624
479 0.373769 0.00299357 0.370775 0.376762
480 0.378473 0.00171061 0.376762 0.380183
481 0.375479 0.000855297 0.374624 0.376335
482 0.381039 0.00299355 0.378045 0.384032
483 0.373555 0.00406271 0.369492 0.377618
484 0.370134 0.00534567 0.364788 0.375479
485 0.366499 0.00171061 0.364788 0.368209
486 0.304916 0.0662862 0.23863 0.371203
487 0.377831 0.00406265 0.373769 0.381894
488 0.372913 0.00256591 0.370347 0.375479
489 0.375907 0.000427648 0.375479 0.376335
490 0.369064 0.00342122 0.365643 0.372486
491 0.370561 0.00064151 0.36992 0.371203
492 0.366285 0.00577332 0.360511 0.372058
493 0.373341 0.00213826 0.371203 0.375479
494 0.309193 0.0675691 0.241624 0.376762
495 0.369278 0.00406271 0.365216 0.373341
496 0.371844 0.00491808 0.366926 0.376762
497 0.375479 0.00470422 0.370775 0.380183
498 0.365429 0.000213847 0.365216 0.365643
499 0.360725 0.00106916 0.359656 0.361794
500 0.366499 0.00213826 0.36436 0.368637
501 0.356449 0.00320737 0.353241 0.359656
502 0.363291 0.00577332 0.357518 0.369065
503 0.35987 0.00406273 0.355807 0.363933
504 0.361367 0.000427708 0.360939 0.361794
505 0.361794 0.00342128 0.358373 0.365216
506 0.362863 0.00577332 0.35709 0.368637
507 0.369064 0.00128296 0.367781 0.370347
508 0.364146 0.00705628 0.35709 0.371203
509 0.353241 0.00513189 0.348109 0.358373
510 0.353883 0.00192446 0.351958 0.355807
511 0.355593 0.00449038 0.351103 0.360084
512 0.332714 0.0932284 0.239486 0.425942
513 0.367354 0.00727008 0.360084 0.374624
514 0.382322 0.00940838 0.372913 0.39173
515 0.391516 0.0241623 0.367354 0.415679
516 0.304489 0.0581608 0.246328 0.36265
517 0.357304 0.00833924 0.348965 0.365643
518 0.372486 0.00940838 0.363077 0.381894
519 0.257447 0.0290804 0.228367 0.286527
520 0.357518 0.00342126 0.354097 0.360939
521 0.363291 0.00620098 0.35709 0.369492
522 0.358373 0.00256586 0.355807 0.360939
523 0.354097 5.96046e-008 0.354097 0.354097
524 0.353455 0.00919454 0.344261 0.36265
525 0.364574 0.00406271 0.360511 0.368637
526 0.360939 0.00213827 0.358801 0.363077
527 0.353669 0.00342122 0.350248 0.35709
528 0.367995 0.00534567 0.36265 0.373341
529 0.370775 0.0153955 0.35538 0.386171
530 0.361794 0 0.361794 0.361794
531 0.356662 0.00128295 0.35538 0.357945
532 0.387454 0.0239486 0.363505 0.411402
533 0.360725 0.00192441 0.358801 0.36265
534 0.360939 0.00256591 0.358373 0.363505
535 0.368851 0.00620104 0.36265 0.375052
536 0.397503 0.0408408 0.356663 0.438344
537 0.367995 0.0019244 0.366071 0.36992
538 0.367568 0.00277971 0.364788 0.370347
539 0.370347 0.000427663 0.36992 0.370775
540 0.358159 0.00192446 0.356235 0.360084
541 0.364146 0.003635 0.360511 0.367781
542 0.36992 0.000855312 0.369064 0.370775
543 0.297646 0.0705628 0.227084 0.368209
544 0.294867 0.0588023 0.236064 0.353669
545 0.375693 0.00320736 0.372486 0.3789
546 0.369706 0.00577332 0.363933 0.375479
547 0.375907 0.00299355 0.372913 0.3789
548 0.369492 0.001283 0.368209 0.370775
549 0.36436 0.000427589 0.363933 0.364788
550 0.366712 0.00534567 0.361367 0.372058
551 0.381253 0.00534561 0.375907 0.386598
552 0.37163 0.00513189 0.366498 0.376762
553 0.379756 0.0239486 0.355807 0.403704
554 0.302564 0.0686383 0.233926 0.371203
555 0.369064 0.00384887 0.365216 0.372913
556 0.36436 0.000427589 0.363933 0.364788
557 0.291232 0.0641479 0.227084 0.35538
558 0.294653 0.062865 0.231788 0.357518
559 0.357304 0.000213861 0.35709 0.357518
560 0.353669 0 0.353669 0.353669
561 0.356235 0.00513183 0.351103 0.361367
562 0.362222 0.00427657 0.357945 0.366499
563 0.35987 0.000213847 0.359656 0.360084
564 0.358801 0.00213827 0.356662 0.360939
565 0.363933 0 0.363933 0.363933
566 0.355166 0.00106916 0.354097 0.356235
567 0.299785 0.0564502 0.243334 0.356235
568 0.292515 0.0611544 0.23136 0.353669
569 0.358373 0.000427589 0.357946 0.358801
570 0.402421 0.0440483 0.358373 0.44647
571 0.298074 0.0675691 0.230505 0.365643
572 0.363505 0.000855237 0.36265 0.36436
573 0.361153 0.00192451 0.359228 0.363077
574 0.359228 0.00769779 0.351531 0.366926
575 0.355807 0.00256592 0.353241 0.358373
576 0.358373 0.000427708 0.357945 0.358801
577 0.357304 0.00577334 0.351531 0.363077
578 0.36714 0.000213861 0.366926 0.367354
579 0.365429 0.00363506 0.361794 0.369065
580 0.366285 0.00363506 0.36265 0.36992
581 0.361794 0.00555947 0.356235 0.367354
582 0.370989 0.00106916 0.36992 0.372058
583 0.373341 0.000855356 0.372486 0.374196
584 0.299143 0.0690659 0.230077 0.368209
585 0.377831 0.00363502 0.374196 0.381466
586 0.375052 0.00470422 0.370347 0.379756
587 0.375052 0.00342122 0.37163 0.378473
588 0.375479 0.00299355 0.372486 0.378473
589 0.314966 0.0583745 0.256592 0.373341
590 0.377831 0.00833923 0.369492 0.386171
591 0.309835 0.0699213 0.239913 0.379756
592 0.377831 0.00577328 0.372058 0.383605
593 0.375479 0.00256597 0.372913 0.378045
594 0.370775 0.00299357 0.367781 0.373769
595 0.370347 0.00213832 0.368209 0.372486
596 0.373127 0.00620098 0.366926 0.379328
597 0.374624 0.00299355 0.37163 0.377617
598 0.364574 0.000213861 0.36436 0.364788
599 0.415037 0.0652171 0.34982 0.480254
600 0.308124 0.0635064 0.244617 0.37163
601 0.366926 0.0021382 0.364788 0.369064
602 0.369706 0.00106911 0.368637 0.370775
603 0.371844 0.00106911 0.370775 0.372913
604 0.370775 0.00513189 0.365643 0.375907
605 0.370775 0.0085531 0.362222 0.379328
606 0.367995 0.00620091 0.361794 0.374196
607 0.296791 0.0675691 0.229222 0.36436
608 0.3727 0.00534561 0.367354 0.378045
609 0.378473 0.00513189 0.373341 0.383605
610 0.376335 0.00128289 0.375052 0.377617
611 0.371844 0.00491802 0.366926 0.376762
612 0.372913 0.00213826 0.370775 0.375052
613 0.369278 0.00277977 0.366498 0.372058
614 0.372699 0.00491796 0.367781 0.377617
615 0.363077 0.00470422 0.358373 0.367781
616 0.368851 0.00534567 0.363505 0.374196
617 0.407126 0.0389165 0.368209 0.446042
618 0.368423 0.0023521 0.366071 0.370775
619 0.373982 0.00534569 0.368637 0.379328
620 0.304275 0.0694936 0.234781 0.373769
621 0.301281 0.0707766 0.230505 0.372058
622 0.365216 0.00299363 0.362222 0.368209
623 0.314111 0.0532427 0.260868 0.367354
624 0.370134 0.00876695 0.361367 0.378901
625 0.367995 0.00235212 0.365643 0.370347
626 0.361794 0.00128295 0.360511 0.363077
627 0.356663 0.00342122 0.353241 0.360084
628 0.363505 0.00171055 0.361794 0.365215
629 0.362436 0.00449038 0.357945 0.366926
630 0.360298 0.00705634 0.353241 0.367354
631 0.360511 0.00513181 0.35538 0.365643
632 0.352814 0.00342122 0.349392 0.356235
633 0.360511 0.000855297 0.359656 0.361367
634 0.347896 0.0117605 0.336135 0.359656
635 0.359015 0.003635 0.35538 0.36265
636 0.351317 0.00320736 0.34811 0.354524
637 0.35538 0.00855304 0.346826 0.363933
638 0.3526 0.000213921 0.352386 0.352814
639 0.354524 0.000855252 0.353669 0.35538
640 0.362436 0.00406265 0.358373 0.366498
641 0.36992 0 0.36992 0.36992
642 0.357518 0.00128295 0.356235 0.358801
643 0.319884 0.0457588 0.274125 0.365643
644 0.365002 0.00106904 0.363933 0.366071
645 0.366926 0.00342122 0.363505 0.370347
646 0.35987 0.00320742 0.356663 0.363077
647 0.363505 0.00342122 0.360084 0.366926
648 0.361581 0.0019244 0.359656 0.363505
649 0.362863 0.003635 0.359228 0.366498
650 0.347254 0.0111189 0.336135 0.358373
651 0.354524 0.00384887 0.350675 0.358373
652 0.357304 0.00491796 0.352386 0.362222
653 0.286527 0.0637203 0.222807 0.350248
654 0.356876 0.00363502 0.353241 0.360511
655 0.35987 0.00662857 0.353241 0.366498
656 0.358373 0.00470422 0.353669 0.363077
657 0.312614 0.0461866 0.266428 0.358801
658 0.362222 0.0119743 0.350248 0.374196
659 0.354952 5.96046e-008 0.354952 0.354952
660 0.353669 0.00384887 0.34982 0.357518
661 0.354524 0.00256591 0.351958 0.35709
662 0.356449 0.00662863 0.34982 0.363077
663 0.35709 0.00940832 0.347682 0.366498
664 0.296577 0.0643618 0.232216 0.360939
665 0.377831 0.0181753 0.359656 0.396007
666 0.355807 0.000855297 0.354952 0.356662
667 0.361153 0.00406273 0.35709 0.365216
668 0.365429 0.00534573 0.360084 0.370775
669 0.302137 0.0793296 0.222807 0.381466
670 0.230505 0.00213826 0.228367 0.232643
671 0.294439 0.0712042 0.223235 0.365643
672 0.368423 0.00064145 0.367781 0.369064
673 0.294439 0.0622234 0.232216 0.356662
674 0.297005 0.0643618 0.232643 0.361367
675 0.372486 0.00555959 0.366926 0.378045
676 0.372486 0.00128296 0.371203 0.373769
677 0.374838 0.000213802 0.374624 0.375052
678 0.365216 0.00213826 0.363077 0.367354
679 0.360298 0.0010691 0.359228 0.361367
680 0.373127 0.00277977 0.370347 0.375907
681 0.367781 0.0012829 0.366499 0.369064
682 0.363291 0.00106916 0.362222 0.36436
683 0.372913 0.00128295 0.37163 0.374196
684 0.360511 0.00384893 0.356662 0.36436
685 0.355807 0.00555947 0.350248 0.361367
686 0.353027 0.00534567 0.347682 0.358373
687 0.358587 0.000213847 0.358373 0.358801
688 0.35431 0.00491802 0.349392 0.359228
689 0.36992 0.00171055 0.368209 0.37163
690 0.289735 0.0622235 0.227511 0.351958
691 0.352814 0.000855297 0.351958 0.353669
692 0.28781 0.0641479 0.223662 0.351958
693 0.361367 0.00342122 0.357945 0.364788
694 0.3526 0.000213861 0.352386 0.352814
695 0.286741 0.0605129 0.226228 0.347254
696 0.363719 0.00577334 0.357945 0.369492
697 0.354524 0.00598718 0.348537 0.360511
698 0.290163 0.0626511 0.227511 0.352814
699 0.301709 0.0626511 0.239058 0.36436
700 0.355166 0.00192441 0.353241 0.35709
701 0.349606 0.00320742 0.346399 0.352814
702 0.359015 0.000213802 0.358801 0.359228
703 0.358801 0.00128295 0.357518 0.360084
704 0.359015 0.000213861 0.358801 0.359228
705 0.367568 0.00320742 0.36436 0.370775
706 0.30513 0.0669276 0.238203 0.372058
707 0.366285 0.00662863 0.359656 0.372913
708 0.302564 0.0665 0.236064 0.369064
709 0.373769 0.00598712 0.367781 0.379756
710 0.376121 0.00277977 0.373341 0.3789
711 0.373555 0.0010691 0.372486 0.374624
712 0.37997 0.00406265 0.375907 0.384032
713 0.374838 0.00277971 0.372058 0.377617
714 0.38168 0.0100498 0.37163 0.39173
715 0.3789 0.000855297 0.378045 0.379756
716 0.306627 0.061582 0.245045 0.368209
717 0.375693 0.00620091 0.369492 0.381894
718 0.377831 0.00791159 0.36992 0.385743
719 0.376976 0.00149675 0.375479 0.378473
720 0.378473 0.00427659 0.374196 0.382749
721 0.375693 0.000213802 0.375479 0.375907
722 0.378259 0.000213802 0.378045 0.378473
723 0.384032 0.000427589 0.383605 0.38446
724 0.37441 0.00449038 0.36992 0.3789
725 0.382749 0.00171055 0.381039 0.38446
726 0.37441 0.00620097 0.368209 0.380611
727 0.37163 0.00213826 0.369492 0.373769
728 0.374838 0.00534567 0.369492 0.380183
729 0.372699 0.00491796 0.367781 0.377617
730 0.372272 0.00406265 0.368209 0.376335
731 0.366071 0.0166784 0.349392 0.382749
732 0.375907 0.00171055 0.374196 0.377617
733 0.388309 0.0188167 0.369492 0.407126
734 0.373982 0.00833918 0.365643 0.382322
735 0.350675 0.103064 0.247611 0.45374
736 0.378473 0.00171061 0.376762 0.380183
737 0.376976 0.00406267 0.372913 0.381039
738 0.379756 0.00256591 0.37719 0.382322
739 0.375693 0.00577328 0.36992 0.381466
740 0.370775 0.0102636 0.360511 0.381039
741 0.311973 0.0741978 0.237775 0.386171
742 0.37163 0.00213826 0.369492 0.373769
743 0.375693 0.0019244 0.373769 0.377617
744 0.370775 0.00513189 0.365643 0.375907
745 0.368423 0.00406267 0.36436 0.372486
746 0.36992 0.000855297 0.369065 0.370775
747 0.36992 0.00470416 0.365216 0.374624
748 0.375693 0.00235206 0.373341 0.378045
749 0.376335 0.00171061 0.374624 0.378045
750 0.372058 0.000427589 0.37163 0.372486
751 0.368851 0.00149675 0.367354 0.370347
752 0.373341 0.00555947 0.367781 0.3789
753 0.368423 0.0023521 0.366071 0.370775
754 0.292087 0.0620097 0.230077 0.354097
755 0.365002 0.00534567 0.359656 0.370347
756 0.360939 0.00171061 0.359228 0.36265
757 0.354952 0.00342128 0.351531 0.358373
758 0.34811 0.0111189 0.336991 0.359228
759 0.300854 0.0724872 0.228367 0.373341
760 0.356876 0.00106916 0.355807 0.357945
761 0.290804 0.0585885 0.232216 0.349392
762 0.360084 0.00256591 0.357518 0.36265
763 0.35538 0.00171055 0.353669 0.35709
764 0.341908 0.0109051 0.331003 0.352814
765 0.356449 0.00320742 0.353241 0.359656
766 0.286741 0.0588023 0.227939 0.345544
767 0.353455 0.00235212 0.351103 0.355807
768 0.362008 0.00192447 0.360084 0.363933
769 0.368637 0.00128289 0.367354 0.36992
770 0.357945 0.0021382 0.355807 0.360084
771 0.360298 0.0019244 0.358373 0.362222
772 0.365643 0.00299355 0.36265 0.368637
773 0.359015 0.00277977 0.356235 0.361794
774 0.362222 0.00213832 0.360084 0.36436
775 0.353669 0.00299361 0.350675 0.356663
776 0.362008 0.00406267 0.357946 0.366071
777 0.366071 0.00812532 0.357946 0.374196
778 0.366071 0 0.366071 0.366071
779 0.361794 0.00256597 0.359228 0.36436
780 0.364788 0.00128296 0.363505 0.366071
781 0.368851 0.00106916 0.367781 0.36992
782 0.360939 0.00384887 0.35709 0.364788
783 0.357732 0.00620098 0.351531 0.363933
784 0.351103 0.00213832 0.348965 0.353241
785 0.362222 0.00470422 0.357518 0.366926
786 0.35538 0.00299357 0.352386 0.358373
787 0.311118 0.0536704 0.257447 0.364788
788 0.334852 0.0282251 0.306627 0.363077
789 0.356876 0.00320736 0.353669 0.360084
790 0.357304 0.00192446 0.35538 0.359228
791 0.362222 0.00855309 0.353669 0.370775
792 0.368637 0.00213827 0.366498 0.370775
793 0.299571 0.0656447 0.233926 0.365216
794 0.366499 0.000855371 0.365643 0.367354
795 0.355593 0.00192441 0.353669 0.357518
796 0.358801 0.00427653 0.354524 0.363077
797 0.37441 0.00449038 0.36992 0.3789
798 0.367781 0 0.367781 0.367781
799 0.366285 0.00320742 0.363077 0.369492
