# ../output/graphs/perf_parallel37QUADRUPED_thread4
# step - mean (0.109559) - standard deviation (0.0764745) r=20 - ylow - yhigh
0 0.105191 0.0376716 0.0675196 0.142863
1 0.20292 0.259768 -0.056848 0.462688
2 0.112248 0.0620688 0.0501792 0.174317
3 0.129605 0.146837 -0.0172322 0.276442
4 0.130566 0.142523 -0.0119577 0.273089
5 0.128644 0.143545 -0.0149008 0.272188
6 0.0973537 0.00829939 0.0890543 0.105653
7 0.164453 0.204888 -0.0404346 0.369341
8 0.13516 0.116873 0.0182869 0.252033
9 0.0962576 0.00185226 0.0944054 0.0981099
10 0.0961075 0.00249525 0.0936122 0.0986027
11 0.116872 0.0936825 0.02319 0.210555
12 0.111077 0.0653907 0.0456862 0.176468
13 0.140745 0.157689 -0.0169438 0.298435
14 0.13507 0.152073 -0.0170027 0.287143
15 0.0973086 0.00801973 0.0892889 0.105328
16 0.0973687 0.00760026 0.0897684 0.104969
17 0.0953868 0.000988106 0.0943987 0.0963749
18 0.0977591 0.00724716 0.0905119 0.105006
19 0.103915 0.0369312 0.0669838 0.140846
20 0.0960324 0.00188394 0.0941485 0.0979163
21 0.0962426 0.00255246 0.0936901 0.0987951
22 0.0977591 0.00708865 0.0906704 0.104848
23 0.0963177 0.00104833 0.0952693 0.097366
24 0.097669 0.00732353 0.0903455 0.104993
25 0.105266 0.0424849 0.0627813 0.147751
26 0.0954018 0.000736168 0.0946656 0.096138
27 0.134785 0.15201 -0.0172257 0.286795
28 0.158673 0.197489 -0.038816 0.356161
29 0.100717 0.00952886 0.091188 0.110246
30 0.10908 0.0503265 0.0587535 0.159406
31 0.0965579 0.000694407 0.0958635 0.0972523
32 0.117773 0.0502812 0.0674921 0.168055
33 0.0982545 0.00186228 0.0963923 0.100117
34 0.10953 0.0324253 0.077105 0.141956
35 0.155309 0.237588 -0.0822784 0.392897
36 0.109365 0.0480852 0.06128 0.15745
37 0.09869 0.0011718 0.0975182 0.0998618
38 0.120821 0.07946 0.0413612 0.200281
39 0.126166 0.0709709 0.0551955 0.197137
40 0.100462 0.0070029 0.0934588 0.107465
41 0.0983897 0.000624681 0.097765 0.0990144
42 0.101903 0.0155027 0.0864004 0.117406
43 0.138298 0.120879 0.0174194 0.259177
44 0.0982996 0.000876901 0.0974227 0.0991765
45 0.123164 0.10588 0.017284 0.229043
46 0.102639 0.0200209 0.0826179 0.12266
47 0.104095 0.0332438 0.0708514 0.137339
48 0.118134 0.0952556 0.022878 0.213389
49 0.0961976 0.000902242 0.0952953 0.0970998
50 0.0968432 0.00114149 0.0957017 0.0979847
51 0.096678 0.0010637 0.0956143 0.0977417
52 0.17702 0.194444 -0.0174236 0.371464
53 0.117263 0.0857974 0.0314655 0.20306
54 0.099756 0.0101196 0.0896364 0.109876
55 0.0979092 0.00803377 0.0898754 0.105943
56 0.0964228 0.00135263 0.0950701 0.0977754
57 0.117203 0.095396 0.0218067 0.212599
58 0.115446 0.0759341 0.039512 0.19138
59 0.126076 0.133189 -0.00711276 0.259265
60 0.0992905 0.0112483 0.0880422 0.110539
61 0.0998911 0.0199504 0.0799407 0.119842
62 0.0951766 0.000903242 0.0942733 0.0960798
63 0.0990053 0.0167135 0.0822918 0.115719
64 0.172801 0.169526 0.00327542 0.342327
65 0.147487 0.16482 -0.0173333 0.312307
66 0.0959874 0.00105433 0.094933 0.0970417
67 0.0959723 0.00303634 0.092936 0.0990087
68 0.0974588 0.000898234 0.0965605 0.098357
69 0.134184 0.115492 0.0186923 0.249676
70 0.117113 0.0832164 0.0338962 0.200329
71 0.0986149 0.00793149 0.0906834 0.106546
72 0.10384 0.00704726 0.0967926 0.110887
73 0.109035 0.0228322 0.0862027 0.131867
74 0.101978 0.00205736 0.0999208 0.104035
75 0.106227 0.0131401 0.0930871 0.119367
76 0.101122 0.00105262 0.10007 0.102175
77 0.101242 0.00120967 0.100033 0.102452
78 0.180714 0.343235 -0.162521 0.523949
79 0.123464 0.0802541 0.0432097 0.203718
80 0.104215 0.0092995 0.0949158 0.113515
81 0.102173 0.00401857 0.0981547 0.106192
82 0.100897 0.00084402 0.100053 0.101741
83 0.101618 0.000785356 0.100832 0.102403
84 0.105131 0.0188104 0.0863208 0.123942
85 0.105762 0.0192561 0.0865056 0.125018
86 0.101182 0.00111744 0.100065 0.1023
87 0.104516 0.0104276 0.0940879 0.114943
88 0.100957 0.00080911 0.100148 0.101766
89 0.101738 0.00288434 0.0988536 0.104622
90 0.108269 0.0214503 0.0868189 0.129719
91 0.13543 0.103416 0.032014 0.238847
92 0.107353 0.0210598 0.0862935 0.128413
93 0.102474 0.00588664 0.096587 0.10836
94 0.100657 0.000675482 0.0999814 0.101332
95 0.139754 0.119264 0.0204908 0.259018
96 0.135475 0.138763 -0.0032872 0.274238
97 0.104846 0.0119292 0.0929167 0.116775
98 0.104395 0.00961548 0.09478 0.114011
99 0.101212 0.0011414 0.100071 0.102354
100 0.100882 0.00108468 0.0997974 0.101967
101 0.157321 0.169773 -0.012452 0.327095
102 0.117173 0.0706763 0.0464964 0.187849
103 0.159423 0.208346 -0.0489222 0.367769
104 0.115491 0.0549432 0.0605479 0.170434
105 0.121767 0.0927651 0.0290021 0.214532
106 0.115536 0.0627128 0.0528234 0.178249
107 0.101122 0.00129464 0.0998277 0.102417
108 0.101167 0.000986393 0.100181 0.102154
109 0.111738 0.0323647 0.0793728 0.144102
110 0.100672 0.000885088 0.0997868 0.101557
111 0.101798 0.0058205 0.0959775 0.107618
112 0.101963 0.00629496 0.0956682 0.108258
113 0.100777 0.00126834 0.0995086 0.102045
114 0.100552 0.000801692 0.0997501 0.101353
115 0.117428 0.0720614 0.0453666 0.189489
116 0.120176 0.0911323 0.0290434 0.211308
117 0.110161 0.0505824 0.0595786 0.160743
118 0.105131 0.0276918 0.0774394 0.132823
119 0.110521 0.0522189 0.0583024 0.16274
120 0.100987 0.00733842 0.0936487 0.108326
121 0.0990203 0.00141765 0.0976026 0.100438
122 0.129364 0.0811114 0.0482531 0.210476
123 0.111182 0.0455535 0.0656284 0.156736
124 0.101287 0.0078737 0.0934138 0.109161
125 0.0983596 0.000791505 0.0975681 0.0991511
126 0.0985999 0.0010755 0.0975244 0.0996754
127 0.141526 0.150507 -0.00898115 0.292034
128 0.106753 0.0245486 0.0822041 0.131301
129 0.099771 0.00843693 0.0913341 0.108208
130 0.103855 0.0119465 0.0919084 0.115801
131 0.102173 0.0155722 0.0866011 0.117746
132 0.112909 0.0412872 0.0716215 0.154196
133 0.13489 0.0886622 0.0462276 0.223552
134 0.147442 0.159493 -0.0120513 0.306935
135 0.102609 0.0124785 0.0901303 0.115087
136 0.131016 0.123395 0.00762073 0.254411
137 0.143598 0.13715 0.00644803 0.280748
138 0.0993056 0.00107895 0.0982266 0.100385
139 0.0991704 0.000728627 0.0984418 0.099899
140 0.100927 0.00899108 0.091936 0.109918
141 0.108449 0.0252818 0.0831675 0.133731
142 0.241838 0.554473 -0.312635 0.796311
143 0.112083 0.057031 0.0550518 0.169114
144 0.100942 0.0080258 0.0929163 0.108968
145 0.0989002 0.000773062 0.0981271 0.0996732
146 0.123719 0.0915148 0.0322042 0.215234
147 0.0989602 0.000872779 0.0980874 0.099833
148 0.100251 0.00877916 0.0914723 0.109031
149 0.127863 0.105292 0.0225706 0.233155
150 0.0999512 0.00732808 0.0926231 0.107279
151 0.110852 0.034459 0.0763926 0.145311
152 0.0974888 0.000892191 0.0965966 0.098381
153 0.0988401 0.00721148 0.0916286 0.106052
154 0.101287 0.0110117 0.0902758 0.112299
155 0.129274 0.125786 0.00348843 0.25506
156 0.0992605 0.00733189 0.0919286 0.106592
157 0.15597 0.164061 -0.00809117 0.320031
158 0.0981645 0.00192724 0.0962372 0.100092
159 0.0976239 0.000690665 0.0969333 0.0983146
160 0.127848 0.0720156 0.0558324 0.199864
161 0.0990203 0.000929806 0.0980905 0.0999501
162 0.102023 0.0102437 0.0917794 0.112267
163 0.131557 0.123128 0.00842827 0.254685
164 0.13543 0.105909 0.029521 0.24134
165 0.101092 0.00877557 0.0923167 0.109868
166 0.0984647 0.000995493 0.0974692 0.0994602
167 0.101002 0.00777585 0.0932263 0.108778
168 0.113464 0.0543013 0.0591629 0.167765
169 0.141887 0.129374 0.0125126 0.27126
170 0.0971285 0.000898235 0.0962302 0.0980267
171 0.0986449 0.00110945 0.0975355 0.0997544
172 0.0987951 0.00282655 0.0959685 0.101622
173 0.120626 0.0682069 0.0524191 0.188833
174 0.0975338 0.000668775 0.0968651 0.0982026
175 0.0969633 0.000900367 0.0960629 0.0978637
176 0.0961675 0.000621786 0.0955457 0.0967893
177 0.0978792 0.00757685 0.0903023 0.105456
178 0.1251 0.126101 -0.00100016 0.251201
179 0.120506 0.0837535 0.0367525 0.204259
180 0.11468 0.0775028 0.0371776 0.192183
181 0.108675 0.0551927 0.0534819 0.163867
182 0.108599 0.0431878 0.0654117 0.151787
183 0.0967381 0.00309061 0.0936475 0.0998287
184 0.0996058 0.0193273 0.0802785 0.118933
185 0.0950565 0.000824975 0.0942315 0.0958814
186 0.110386 0.0646628 0.0457234 0.175049
187 0.0950865 0.00117564 0.0939109 0.0962621
188 0.0954769 0.001314 0.0941629 0.0967909
189 0.0985248 0.0105148 0.08801 0.10904
190 0.111918 0.0741565 0.0377612 0.186074
191 0.0995458 0.0178273 0.0817185 0.117373
192 0.0983296 0.00410032 0.0942293 0.10243
193 0.102053 0.0261895 0.0758637 0.128243
194 0.118809 0.0982673 0.0205421 0.217077
195 0.111482 0.0584849 0.0529974 0.169967
196 0.102399 0.0211877 0.0812108 0.123586
197 0.0978642 0.00113118 0.096733 0.0989953
198 0.101888 0.0193706 0.0825174 0.121259
199 0.0990954 0.00754676 0.0915486 0.106642
200 0.106648 0.0269445 0.0797031 0.133592
201 0.111497 0.04911 0.0623873 0.160607
202 0.11917 0.0818609 0.0373088 0.201031
203 0.101723 0.00800137 0.0937215 0.109724
204 0.0996809 0.000835835 0.0988451 0.100517
205 0.100116 0.000951495 0.0991648 0.101068
206 0.132082 0.113653 0.018429 0.245735
207 0.101573 0.00680396 0.0947688 0.108377
208 0.100026 0.0012231 0.0988031 0.101249
209 0.102999 0.0108583 0.0921408 0.113857
210 0.100762 0.00332016 0.0974418 0.104082
211 0.117023 0.0755983 0.0414243 0.192621
212 0.106482 0.031243 0.0752395 0.137725
213 0.100221 0.00283113 0.0973903 0.103053
214 0.128343 0.0876301 0.0407134 0.215974
215 0.0984647 0.00163623 0.0968285 0.100101
216 0.110356 0.0331931 0.0771631 0.143549
217 0.0994557 0.000957164 0.0984985 0.100413
218 0.0995608 0.000862385 0.0986984 0.100423
219 0.0995308 0.00188603 0.0976447 0.101417
220 0.101077 0.00722718 0.0938501 0.108304
221 0.0993956 0.00147111 0.0979245 0.100867
222 0.0993206 0.00079944 0.0985211 0.10012
223 0.101498 0.00702958 0.0944681 0.108527
224 0.115912 0.0583318 0.0575798 0.174243
225 0.162501 0.179167 -0.016666 0.341669
226 0.100071 0.001424 0.0986473 0.101495
227 0.101047 0.00611772 0.0949295 0.107165
228 0.160444 0.161913 -0.00146854 0.322357
229 0.100146 0.00119551 0.0989508 0.101342
230 0.112248 0.040056 0.0721921 0.152304
231 0.101483 0.0069855 0.0944971 0.108468
232 0.100672 0.00383251 0.0968394 0.104504
233 0.0991704 0.000716144 0.0984543 0.0998866
234 0.127668 0.0826922 0.0449756 0.21036
235 0.122638 0.0640868 0.0585512 0.186725
236 0.102489 0.0077908 0.0946978 0.110279
237 0.119995 0.0840106 0.0359849 0.204006
238 0.128404 0.116568 0.0118358 0.244971
239 0.139049 0.127198 0.0118505 0.266247
240 0.103029 0.00874501 0.0942841 0.111774
241 0.11998 0.0792871 0.0406934 0.199267
242 0.107038 0.029527 0.0775109 0.136565
243 0.100507 0.00083381 0.0996729 0.101341
244 0.098705 0.00105785 0.0976471 0.0997628
245 0.15615 0.180397 -0.0242464 0.336547
246 0.122743 0.0652738 0.0574693 0.188017
247 0.0989752 0.00125404 0.0977212 0.100229
248 0.0989752 0.00165405 0.0973212 0.100629
249 0.0986599 0.000927865 0.0977321 0.0995878
250 0.098705 0.000538011 0.098167 0.099243
251 0.115386 0.063333 0.052053 0.178719
252 0.112083 0.0525881 0.0594947 0.164671
253 0.12492 0.0785527 0.0463675 0.203473
254 0.10396 0.0285356 0.0754244 0.132496
255 0.0981194 0.00827288 0.0898465 0.106392
256 0.0985248 0.00795902 0.0905658 0.106484
257 0.321114 0.975886 -0.654772 1.297
258 0.0990503 0.00735449 0.0916958 0.106405
259 0.098765 0.00768875 0.0910763 0.106454
260 0.0969032 0.000906355 0.0959969 0.0978096
261 0.102128 0.019114 0.0830142 0.121242
262 0.097729 0.000961277 0.0967678 0.0986903
263 0.115026 0.0599596 0.0550661 0.174985
264 0.114545 0.0551904 0.0593548 0.169736
265 0.116602 0.066352 0.0502502 0.182954
266 0.0976389 0.0078094 0.0898295 0.105448
267 0.0996058 0.0169776 0.0826282 0.116583
268 0.097699 0.00772815 0.0899709 0.105427
269 0.136271 0.102074 0.0341975 0.238345
270 0.09872 0.00849604 0.0902239 0.107216
271 0.10345 0.0216603 0.0817893 0.12511
272 0.0959423 0.00141327 0.094529 0.0973556
273 0.0972936 0.0080872 0.0892064 0.105381
274 0.0965879 0.00413732 0.0924506 0.100725
275 0.131722 0.143356 -0.0116345 0.275078
276 0.103164 0.0276276 0.0755366 0.130792
277 0.119185 0.0701435 0.0490411 0.189328
278 0.15067 0.1658 -0.0151304 0.31647
279 0.0993206 0.00976372 0.0895568 0.109084
280 0.1142 0.080793 0.0334069 0.194993
281 0.122938 0.115303 0.00763557 0.238241
282 0.0978642 0.00114701 0.0967172 0.0990112
283 0.0977741 0.00378936 0.0939847 0.101563
284 0.105476 0.021587 0.0838895 0.127063
285 0.0974438 0.0012363 0.0962075 0.0986801
286 0.100251 0.00447952 0.0957719 0.104731
287 0.113029 0.0627368 0.0502919 0.175766
288 0.156135 0.179965 -0.0238296 0.3361
289 0.128268 0.113608 0.01466 0.241877
290 0.101468 0.0105084 0.0909593 0.111976
291 0.146046 0.152217 -0.00617136 0.298262
292 0.0998911 0.00436637 0.0955247 0.104257
293 0.0981945 0.00108271 0.0971118 0.0992772
294 0.132052 0.144624 -0.0125715 0.276676
295 0.100131 0.00705422 0.0930771 0.107186
296 0.116332 0.0706208 0.0457111 0.186953
297 0.101903 0.0161917 0.0857113 0.118095
298 0.111647 0.050218 0.0614294 0.161865
299 0.099726 0.00131203 0.0984139 0.101038
300 0.118209 0.0790994 0.0391093 0.197308
301 0.0995158 0.000767943 0.0987478 0.100284
302 0.0980143 0.000667427 0.0973469 0.0986817
303 0.0974888 0.000666582 0.0968222 0.0981554
304 0.0987951 0.00617019 0.0926249 0.104965
305 0.111707 0.0466164 0.0650911 0.158324
306 0.0974287 0.000707273 0.0967215 0.098136
307 0.0970234 0.000552891 0.0964705 0.0975762
308 0.0978642 0.000832726 0.0970314 0.0986969
309 0.0995007 0.00800611 0.0914946 0.107507
310 0.122428 0.0996694 0.0227584 0.222097
311 0.126797 0.121713 0.00508357 0.24851
312 0.0983446 0.0066142 0.0917304 0.104959
313 0.108239 0.0407903 0.0674488 0.149029
314 0.098705 0.00867627 0.0900287 0.107381
315 0.115071 0.0805931 0.0344776 0.195664
316 0.100612 0.0175047 0.0831071 0.118116
317 0.103404 0.0165949 0.0868096 0.119999
318 0.122443 0.106433 0.0160102 0.228875
319 0.126992 0.130434 -0.00344169 0.257426
320 0.105492 0.0269901 0.0785014 0.132482
321 0.100822 0.0108241 0.0899979 0.111646
322 0.110146 0.0582294 0.0519166 0.168375
323 0.0993056 0.000901368 0.0984042 0.100207
324 0.098705 0.00108728 0.0976177 0.0997923
325 0.180023 0.204603 -0.0245795 0.384626
326 0.115791 0.0663026 0.0494888 0.182094
327 0.131106 0.113385 0.0177209 0.244491
328 0.113524 0.0517421 0.0617821 0.165266
329 0.122728 0.0928897 0.0298384 0.215618
330 0.101888 0.00320354 0.0986845 0.105092
331 0.101378 0.00125044 0.100127 0.102628
332 0.112143 0.0470984 0.0650445 0.159241
333 0.101272 0.000788079 0.100484 0.102061
334 0.105732 0.018339 0.0873927 0.124071
335 0.11396 0.0414297 0.07253 0.155389
336 0.111197 0.0432535 0.0679435 0.15445
337 0.110566 0.0411228 0.0694436 0.151689
338 0.103059 0.00784185 0.0952173 0.110901
339 0.109816 0.0300754 0.0797402 0.139891
340 0.127668 0.110366 0.0173016 0.238034
341 0.105972 0.0127299 0.0932421 0.118702
342 0.100672 0.000752971 0.0999189 0.101425
343 0.106077 0.021837 0.0842401 0.127914
344 0.100612 0.000862385 0.0997494 0.101474
345 0.131527 0.112649 0.0188774 0.244176
346 0.100837 0.00102539 0.0998116 0.101862
347 0.101122 0.00129464 0.0998277 0.102417
348 0.105567 0.0117863 0.0937803 0.117353
349 0.102744 0.00733546 0.0954084 0.110079
350 0.101287 0.000991862 0.100296 0.102279
351 0.101152 0.00160669 0.0995456 0.102759
352 0.115161 0.0285297 0.0866311 0.143691
353 0.102444 0.00110853 0.101335 0.103552
354 0.136211 0.0984096 0.0378015 0.234621
355 0.139905 0.153182 -0.0132771 0.293086
356 0.101468 0.00130858 0.100159 0.102776
357 0.101272 0.00128415 0.0999883 0.102557
358 0.101648 0.00225817 0.0993896 0.103906
359 0.101302 0.00142843 0.099874 0.102731
360 0.107609 0.0137233 0.0938852 0.121332
361 0.100537 0.000913786 0.099623 0.101451
362 0.10941 0.036029 0.0733813 0.145439
363 0.111753 0.0329309 0.0788216 0.144683
364 0.115401 0.0503016 0.0650995 0.165703
365 0.124094 0.101324 0.0227701 0.225419
366 0.101408 0.0048542 0.0965534 0.106262
367 0.10345 0.00850115 0.0949484 0.111951
368 0.10923 0.0300512 0.0791789 0.139281
369 0.106452 0.0163856 0.0900669 0.122838
370 0.132277 0.127686 0.00459117 0.259963
371 0.0989152 0.000756109 0.0981591 0.0996713
372 0.0986449 0.000674815 0.0979701 0.0993197
373 0.100191 0.00782498 0.0923664 0.108016
374 0.102429 0.0155244 0.0869042 0.117953
375 0.125085 0.109153 0.0159321 0.234239
376 0.102774 0.013535 0.0892389 0.116309
377 0.0999812 0.00743206 0.0925491 0.107413
378 0.116482 0.063819 0.0526631 0.180301
379 0.0982545 0.000797887 0.0974567 0.0990524
380 0.1242 0.111152 0.0130477 0.235351
381 0.102819 0.0180412 0.0847777 0.12086
382 0.124064 0.112135 0.0119295 0.236199
383 0.106287 0.0314347 0.0748525 0.137722
384 0.100206 0.00573788 0.0944685 0.105944
385 0.132728 0.133248 -0.00052044 0.265976
386 0.0990503 0.000818391 0.0982319 0.0998687
387 0.0979543 0.00161599 0.0963383 0.0995702
388 0.158988 0.179057 -0.0200687 0.338045
389 0.0974438 0.00122531 0.0962184 0.0986691
390 0.100552 0.00922003 0.0913317 0.109772
391 0.0985999 0.00110446 0.0974954 0.0997043
392 0.114245 0.0611188 0.0531261 0.175364
393 0.0974438 0.00201104 0.0954327 0.0994548
394 0.0971885 0.000712357 0.0964762 0.0979009
395 0.0972936 0.00106168 0.0962319 0.0983553
396 0.122323 0.0981521 0.0241706 0.220475
397 0.0967531 0.000994132 0.095759 0.0977472
398 0.0975338 0.0018647 0.0956692 0.0993985
399 0.104771 0.0224093 0.0823615 0.12718
400 0.106227 0.027219 0.0790082 0.133446
401 0.0967831 0.000711247 0.0960719 0.0974944
402 0.10914 0.0485323 0.0606077 0.157672
403 0.0979843 0.00732059 0.0906637 0.105305
404 0.128599 0.138183 -0.00958436 0.266782
405 0.098765 0.00812497 0.0906401 0.10689
406 0.0962576 0.000640362 0.0956173 0.096898
407 0.108645 0.0541806 0.0544639 0.162825
408 0.0961075 0.000732328 0.0953751 0.0968398
409 0.0973837 0.000665396 0.0967183 0.0980491
410 0.100086 0.00759624 0.0924901 0.107683
411 0.0996659 0.00794711 0.0917188 0.107613
412 0.100687 0.00687858 0.0938083 0.107565
413 0.14052 0.120375 0.0201453 0.260895
414 0.116212 0.0711038 0.0451081 0.187316
415 0.118059 0.0747896 0.043269 0.192848
416 0.131136 0.0833953 0.0477409 0.214532
417 0.101528 0.00799801 0.0935297 0.109526
418 0.100597 0.00538849 0.0952083 0.105985
419 0.120266 0.0642887 0.0559771 0.184554
420 0.100312 0.00323069 0.0970808 0.103542
421 0.0998311 0.00114139 0.0986897 0.100972
422 0.113134 0.0413045 0.0718293 0.154438
423 0.0999962 0.000940053 0.0990562 0.100936
424 0.113269 0.0591082 0.0541608 0.172377
425 0.10402 0.0138023 0.0902178 0.117822
426 0.100372 0.001875 0.0984966 0.102247
427 0.118599 0.0721508 0.0464483 0.19075
428 0.110536 0.0482941 0.0622423 0.15883
429 0.128103 0.0942003 0.0339029 0.222304
430 0.110446 0.0401148 0.0703315 0.150561
431 0.0971585 0.00112548 0.096033 0.098284
432 0.100777 0.012852 0.087925 0.113629
433 0.0975489 0.000724902 0.096824 0.0982738
434 0.111482 0.0539191 0.0575631 0.165401
435 0.0974888 0.00089723 0.0965916 0.098386
436 0.0993656 0.00742321 0.0919424 0.106789
437 0.097729 0.00102484 0.0967042 0.0987539
438 0.126932 0.11995 0.00698213 0.246882
439 0.0969333 0.000786505 0.0961468 0.0977198
440 0.106482 0.0430926 0.0633899 0.149575
441 0.112593 0.0619844 0.050609 0.174578
442 0.134229 0.127291 0.00693778 0.261521
443 0.113329 0.0609356 0.0523934 0.174265
444 0.112293 0.0667628 0.0455303 0.179056
445 0.0973236 0.000981811 0.0963418 0.0983055
446 0.0976239 0.00325214 0.0943718 0.100876
447 0.0993956 0.00856166 0.090834 0.107957
448 0.102564 0.0190286 0.0835351 0.121592
449 0.0992305 0.00718028 0.0920502 0.106411
450 0.102504 0.0112947 0.0912089 0.113798
451 0.0984497 0.00110445 0.0973453 0.0995542
452 0.100146 0.00714252 0.0930038 0.107289
453 0.107338 0.0256835 0.0816548 0.133022
454 0.108524 0.042627 0.0658974 0.151151
455 0.101993 0.000936569 0.101057 0.10293
456 0.103194 0.00610132 0.097093 0.109296
457 0.101858 0.00173441 0.100124 0.103592
458 0.101828 0.00108645 0.100742 0.102914
459 0.101348 0.00102495 0.100323 0.102372
460 0.10875 0.0301175 0.0786321 0.138867
461 0.114515 0.0513613 0.0631539 0.165876
462 0.103284 0.00921866 0.0940657 0.112503
463 0.127277 0.104098 0.0231794 0.231375
464 0.101588 0.00108313 0.100505 0.102671
465 0.101257 0.000814664 0.100443 0.102072
466 0.101227 0.000793923 0.100433 0.102021
467 0.100957 0.000786505 0.100171 0.101744
468 0.103269 0.0116185 0.0916509 0.114888
469 0.128193 0.119054 0.00913948 0.247247
470 0.10411 0.0103227 0.0937874 0.114433
471 0.121152 0.0895992 0.0315524 0.210751
472 0.103224 0.00788959 0.0953347 0.111114
473 0.10423 0.0147686 0.0894617 0.118999
474 0.101378 0.00114897 0.100229 0.102527
475 0.101092 0.000731097 0.100361 0.101823
476 0.100762 0.000830423 0.0999315 0.101592
477 0.100927 0.000859371 0.100068 0.101786
478 0.116572 0.0504758 0.0660964 0.167048
479 0.111572 0.0433263 0.068246 0.154899
480 0.110762 0.02058 0.0901815 0.131342
481 0.105687 0.015445 0.0902417 0.121132
482 0.102654 0.00771063 0.0949431 0.110364
483 0.101528 0.00228674 0.099241 0.103814
484 0.101993 0.0043384 0.0976547 0.106332
485 0.105852 0.0182771 0.0875748 0.124129
486 0.118554 0.0691328 0.0494213 0.187687
487 0.111707 0.0414493 0.0702581 0.153157
488 0.105762 0.0196412 0.0861206 0.125403
489 0.127292 0.107049 0.0202435 0.234341
490 0.130491 0.129137 0.00135327 0.259628
491 0.107293 0.0259031 0.0813901 0.133196
492 0.101017 0.00106761 0.0999496 0.102085
493 0.103329 0.00805194 0.0952775 0.111381
494 0.101242 0.00315985 0.0980826 0.104402
495 0.121332 0.0830327 0.038299 0.204364
496 0.102654 0.00743073 0.095223 0.110084
497 0.101047 0.000694571 0.100353 0.101742
498 0.0988101 0.001016 0.0977941 0.0998261
499 0.0985098 0.000707274 0.0978025 0.0992171
500 0.0986599 0.000797181 0.0978628 0.0994571
501 0.11483 0.0734141 0.0414164 0.188245
502 0.102158 0.0157317 0.0864266 0.11789
503 0.103525 0.0142278 0.0892968 0.117752
504 0.097699 0.000531052 0.097168 0.0982301
505 0.0993956 0.00768939 0.0917062 0.107085
506 0.107924 0.0420723 0.0658515 0.149996
507 0.145565 0.141684 0.00388138 0.287249
508 0.0992155 0.00210073 0.0971147 0.101316
509 0.100312 0.00889609 0.0914154 0.109208
510 0.101257 0.0110123 0.0902451 0.11227
511 0.0990953 0.00715293 0.0919424 0.106248
512 0.149994 0.136984 0.0130108 0.286978
513 0.112398 0.0471371 0.0652611 0.159535
514 0.0991704 0.00108219 0.0980882 0.100253
515 0.129364 0.132361 -0.00299659 0.261726
516 0.19789 0.239181 -0.0412903 0.437071
517 0.129334 0.10353 0.0258047 0.232864
518 0.111092 0.0575354 0.0535565 0.168627
519 0.106978 0.0374166 0.0695613 0.144395
520 0.0978191 0.00115864 0.0966605 0.0989778
521 0.127893 0.130907 -0.00301377 0.2588
522 0.111903 0.053879 0.0580237 0.165782
523 0.0978942 0.00130893 0.0965853 0.0992031
524 0.146271 0.146388 -0.00011717 0.292659
525 0.0989902 0.00739545 0.0915948 0.106386
526 0.0992605 0.00800904 0.0912515 0.10727
527 0.0988851 0.00723945 0.0916457 0.106125
528 0.0990503 0.00701885 0.0920315 0.106069
529 0.0981795 0.00591003 0.0922694 0.104089
530 0.12474 0.121498 0.00324198 0.246238
531 0.0969483 0.00106708 0.0958812 0.0980154
532 0.116797 0.0683046 0.0484927 0.185102
533 0.0985248 0.00739644 0.0911284 0.105921
534 0.133674 0.159819 -0.0261453 0.293493
535 0.107969 0.0466762 0.0612927 0.154645
536 0.110041 0.0559833 0.0540576 0.166024
537 0.101633 0.0098142 0.0918186 0.111447
538 0.0987951 0.00092067 0.0978744 0.0997157
539 0.0993206 0.0060528 0.0932678 0.105373
540 0.0981494 0.000790364 0.0973591 0.0989398
541 0.100477 0.00744959 0.0930271 0.107926
542 0.0980594 0.000898236 0.0971611 0.0989576
543 0.105582 0.0210897 0.0844919 0.126671
544 0.108915 0.0211343 0.0877805 0.130049
545 0.117488 0.0748828 0.0426052 0.192371
546 0.102128 0.00766466 0.0944636 0.109793
547 0.100206 0.00134996 0.0988565 0.101556
548 0.146 0.150018 -0.00401774 0.296019
549 0.106362 0.0232939 0.0830684 0.129656
550 0.128374 0.0912779 0.0370956 0.219651
551 0.105912 0.02746 0.078452 0.133372
552 0.105807 0.0209513 0.0848555 0.126758
553 0.116437 0.0399404 0.0764966 0.156377
554 0.101933 0.00867855 0.0932545 0.110612
555 0.101768 0.00686796 0.0949 0.108636
556 0.121557 0.0975732 0.0239837 0.21913
557 0.106678 0.0369238 0.0697538 0.143601
558 0.107849 0.0244167 0.0834321 0.132265
559 0.0982545 0.000961864 0.0972927 0.0992164
560 0.0999211 0.0076858 0.0922353 0.107607
561 0.0985098 0.00356254 0.0949472 0.102072
562 0.0974588 0.000726148 0.0967326 0.0981849
563 0.0974287 0.000830423 0.0965983 0.0982592
564 0.124064 0.0856429 0.0384214 0.209707
565 0.101843 0.0175044 0.0843386 0.119347
566 0.109951 0.0431865 0.0667642 0.153137
567 0.12483 0.118498 0.00633247 0.243328
568 0.0970534 0.00197279 0.0950806 0.0990262
569 0.096678 0.0014068 0.0952712 0.0980848
570 0.0963477 0.000755364 0.0955923 0.0971031
571 0.0964828 0.000777859 0.095705 0.0972607
572 0.0976089 0.0040561 0.0935528 0.101665
573 0.100402 0.0129251 0.0874765 0.113327
574 0.0965579 0.000633282 0.0959246 0.0971912
575 0.106152 0.0401546 0.0659975 0.146307
576 0.0981344 0.000913786 0.0972206 0.0990482
577 0.101423 0.0157301 0.0856925 0.117153
578 0.124139 0.0772117 0.0469277 0.201351
579 0.100537 0.0099855 0.0905512 0.110522
580 0.0982545 0.00447783 0.0937767 0.102732
581 0.122338 0.0949599 0.0273779 0.217298
582 0.122097 0.0955819 0.0265156 0.217679
583 0.100552 0.00114848 0.0994033 0.1017
584 0.101933 0.00766206 0.094271 0.109595
585 0.127307 0.0795264 0.0477811 0.206834
586 0.110596 0.0391183 0.0714781 0.149715
587 0.101468 0.001263 0.100205 0.102731
588 0.105281 0.0180432 0.0872381 0.123324
589 0.100972 0.000944241 0.100028 0.101916
590 0.106302 0.0109751 0.0953271 0.117277
591 0.113314 0.0423796 0.0709344 0.155694
592 0.1348 0.108665 0.0261348 0.243465
593 0.101363 0.000903242 0.100459 0.102266
594 0.104546 0.00965338 0.0948922 0.114199
595 0.101017 0.00138719 0.09963 0.102404
596 0.106137 0.0155782 0.090559 0.121715
597 0.112728 0.0498618 0.0628666 0.16259
598 0.0994557 0.00150923 0.0979465 0.100965
599 0.0993656 0.000734943 0.0986307 0.100101
600 0.0992605 0.00115709 0.0981034 0.100418
601 0.100672 0.00617886 0.094493 0.106851
602 0.0994107 0.000791504 0.0986191 0.100202
603 0.131226 0.138349 -0.00712249 0.269575
604 0.105281 0.0266974 0.0785839 0.131979
605 0.0993956 0.000816874 0.0985788 0.100213
606 0.101182 0.00811029 0.0930721 0.109293
607 0.0999962 0.00158329 0.0984129 0.10158
608 0.106618 0.0194879 0.0871297 0.126105
609 0.122563 0.0961489 0.0264141 0.218712
610 0.101167 0.00752156 0.0936458 0.108689
611 0.108765 0.0407784 0.0679863 0.149543
612 0.0991104 0.0010026 0.0981078 0.100113
613 0.107488 0.0196187 0.0878698 0.127107
614 0.101167 0.00840536 0.092762 0.109573
615 0.102248 0.00858401 0.0936644 0.110832
616 0.138764 0.162698 -0.0239348 0.301462
617 0.123494 0.104566 0.0189276 0.22806
618 0.0991854 0.000860421 0.098325 0.100046
619 0.0995458 0.00164063 0.0979051 0.101186
620 0.11435 0.0662954 0.0480546 0.180645
621 0.100882 0.00738703 0.093495 0.108269
622 0.0993656 0.000900366 0.0984652 0.100266
623 0.13034 0.129715 0.000625721 0.260055
624 0.0995308 0.00161843 0.0979123 0.101149
625 0.109365 0.037364 0.0720012 0.146729
626 0.0975188 0.000816183 0.0967026 0.098335
627 0.0970834 0.000844554 0.0962389 0.097928
628 0.113569 0.0646523 0.048917 0.178222
629 0.0979693 0.00223483 0.0957344 0.100204
630 0.0988701 0.0069157 0.0919544 0.105786
631 0.123554 0.106917 0.0166372 0.230471
632 0.149364 0.158826 -0.00946221 0.30819
633 0.0992305 0.00146335 0.0977671 0.100694
634 0.0992905 0.00546763 0.0938229 0.104758
635 0.0962126 0.00121756 0.094995 0.0974301
636 0.0972936 0.0075587 0.0897349 0.104852
637 0.132908 0.160476 -0.0275679 0.293384
638 0.0959573 0.000824976 0.0951324 0.0967823
639 0.113464 0.0791724 0.0342918 0.192637
640 0.0978792 0.0014068 0.0964724 0.099286
641 0.10914 0.0494514 0.0596886 0.158591
642 0.097714 0.00154991 0.0961641 0.0992639
643 0.100702 0.0133897 0.0873121 0.114092
644 0.0986149 0.00751047 0.0911044 0.106125
645 0.105807 0.033979 0.0718278 0.139786
646 0.13492 0.10939 0.0255294 0.24431
647 0.100627 0.0103235 0.0903033 0.11095
648 0.0971435 0.000681464 0.096462 0.0978249
649 0.0988101 0.00746414 0.0913459 0.106274
650 0.113224 0.0713743 0.0418496 0.184598
651 0.146871 0.151803 -0.00493173 0.298674
652 0.10441 0.0281735 0.076237 0.132584
653 0.0967681 0.00412597 0.0926421 0.100894
654 0.133208 0.120274 0.0129339 0.253482
655 0.0969183 0.00718555 0.0897327 0.104104
656 0.0950865 0.0011602 0.0939263 0.0962467
657 0.0954769 0.00132425 0.0941526 0.0968011
658 0.0968432 0.00764794 0.0891952 0.104491
659 0.104335 0.0353576 0.0689778 0.139693
660 0.106783 0.0412479 0.0655349 0.148031
661 0.132097 0.145768 -0.0136711 0.277865
662 0.0954769 0.00104661 0.0944303 0.0965235
663 0.123239 0.0979155 0.0253231 0.221154
664 0.0962876 0.00114455 0.0951431 0.0974322
665 0.097684 0.00185378 0.0958302 0.0995378
666 0.105461 0.0390555 0.0664059 0.144517
667 0.0957922 0.000783058 0.0950091 0.0965752
668 0.101408 0.0188557 0.0825519 0.120263
669 0.134379 0.135569 -0.00119008 0.269949
670 0.157141 0.227112 -0.0699704 0.384253
671 0.121992 0.066067 0.0559253 0.188059
672 0.131587 0.0799584 0.0516282 0.211545
673 0.104546 0.0131124 0.0914331 0.117658
674 0.113359 0.0626906 0.0506684 0.17605
675 0.100176 0.0075887 0.0925877 0.107765
676 0.118209 0.0840796 0.0341292 0.202288
677 0.0998911 0.00629123 0.0935999 0.106182
678 0.0986599 0.00194256 0.0967174 0.100602
679 0.0982846 0.00193471 0.0963499 0.100219
680 0.10378 0.021331 0.0824489 0.125111
681 0.100777 0.00745866 0.0933183 0.108236
682 0.0983146 0.000779597 0.097535 0.0990942
683 0.0984798 0.00147562 0.0970041 0.0999554
684 0.176405 0.160036 0.0163685 0.336441
685 0.134484 0.115739 0.0187456 0.250223
686 0.121992 0.111933 0.0100593 0.233925
687 0.0967531 0.00174219 0.0950109 0.0984953
688 0.120401 0.0842418 0.036159 0.204643
689 0.0963477 0.000767207 0.0955805 0.0971149
690 0.0972936 0.00260231 0.0946913 0.0998959
691 0.138673 0.145378 -0.00670453 0.284051
692 0.105972 0.0414226 0.0645494 0.147395
693 0.153988 0.14788 0.00610775 0.301869
694 0.100312 0.0195182 0.0807933 0.11983
695 0.10381 0.0370313 0.0667786 0.140841
696 0.0963477 0.00400441 0.0923433 0.100352
697 0.0964979 0.00600974 0.0904881 0.102508
698 0.102308 0.0186361 0.0836723 0.120945
699 0.101197 0.0204163 0.080781 0.121614
700 0.135701 0.128016 0.00768465 0.263716
701 0.107864 0.0470464 0.0608174 0.15491
702 0.130596 0.100797 0.0297985 0.231393
703 0.0951916 0.000553704 0.0946379 0.0957453
704 0.105702 0.0249325 0.0807692 0.130634
705 0.107188 0.0349452 0.0722429 0.142133
706 0.115221 0.0699553 0.0452656 0.185176
707 0.102218 0.0101097 0.0921086 0.112328
708 0.0993656 0.00437114 0.0949945 0.103737
709 0.0988701 0.00107382 0.0977963 0.099944
710 0.125671 0.0673949 0.058276 0.193066
711 0.105071 0.0101122 0.0949589 0.115183
712 0.101272 0.000890168 0.100382 0.102163
713 0.101678 0.000997755 0.10068 0.102676
714 0.10947 0.0213445 0.0881258 0.130815
715 0.101693 0.0012171 0.100476 0.10291
716 0.101723 0.00111502 0.100608 0.102838
717 0.102729 0.00795505 0.0947738 0.110684
718 0.1092 0.0355777 0.0736223 0.144778
719 0.101633 0.000802818 0.10083 0.102436
720 0.101257 0.000641243 0.100616 0.101899
721 0.102984 0.00741445 0.0955696 0.110399
722 0.102474 0.00719935 0.0952743 0.109673
723 0.116452 0.0476384 0.0688136 0.16409
724 0.105837 0.0198381 0.0859988 0.125675
725 0.101002 0.00138027 0.0996219 0.102382
726 0.112879 0.0445922 0.0682864 0.157471
727 0.102384 0.00720035 0.0951832 0.109584
728 0.132202 0.137975 -0.00577296 0.270177
729 0.112218 0.0352251 0.0769929 0.147443
730 0.104696 0.0101448 0.0945509 0.114841
731 0.102113 0.0042663 0.097847 0.10638
732 0.101077 0.00123594 0.0998413 0.102313
733 0.1198 0.0750691 0.0447312 0.194869
734 0.102834 0.00796331 0.0948706 0.110797
735 0.102504 0.0071927 0.0953109 0.109696
736 0.106828 0.0151332 0.0916946 0.121961
737 0.101348 0.0012363 0.100111 0.102584
738 0.102774 0.00763164 0.0951423 0.110406
739 0.101107 0.00116727 0.09994 0.102275
740 0.104125 0.00989263 0.0942326 0.114018
741 0.102684 0.00668403 0.0959998 0.109368
742 0.110401 0.0385643 0.0718369 0.148966
743 0.118749 0.0777544 0.0409949 0.196504
744 0.101212 0.00116098 0.100051 0.102373
745 0.100777 0.000887759 0.0998892 0.101665
746 0.110251 0.0416741 0.0685769 0.151925
747 0.100372 0.000895218 0.0994764 0.101267
748 0.101603 0.00603668 0.0955661 0.107639
749 0.109666 0.0330199 0.0766457 0.142685
750 0.109996 0.0313965 0.0785993 0.141392
751 0.100642 0.0010586 0.0995832 0.1017
752 0.127277 0.104275 0.0230023 0.231553
753 0.106227 0.0329548 0.0732724 0.139182
754 0.0985248 0.000799583 0.0977252 0.0993244
755 0.0994107 0.00364758 0.0957631 0.103058
756 0.0988851 0.0013533 0.0975318 0.100238
757 0.0958072 0.000687884 0.0951193 0.0964951
758 0.0984647 0.00388047 0.0945843 0.102345
759 0.0985698 0.000716145 0.0978537 0.099286
760 0.116647 0.0829207 0.0337265 0.199568
761 0.105852 0.020941 0.0849108 0.126793
762 0.117338 0.0501589 0.0671791 0.167497
763 0.120626 0.102329 0.0182973 0.222955
764 0.0962576 0.00112948 0.0951281 0.0973871
765 0.0957471 0.00109214 0.094655 0.0968393
766 0.113089 0.0770517 0.0360371 0.190141
767 0.1039 0.0275093 0.0763907 0.131409
768 0.099801 0.00325405 0.096547 0.103055
769 0.0978642 0.000915266 0.0969489 0.0987794
770 0.128509 0.127797 0.000711682 0.256306
771 0.0970234 0.000827294 0.0961961 0.0978506
772 0.0973086 0.000872777 0.0964359 0.0981814
773 0.110732 0.0482603 0.0624713 0.158992
774 0.0989902 0.00661541 0.0923748 0.105606
775 0.107473 0.0454154 0.0620581 0.152889
776 0.0977591 0.00128976 0.0964693 0.0990488
777 0.111602 0.0551672 0.0564352 0.16677
778 0.0972936 0.001249 0.0960446 0.0985426
779 0.0991554 0.00729869 0.0918567 0.106454
780 0.0971435 0.000918216 0.0962253 0.0980617
781 0.0990353 0.00699396 0.0920413 0.106029
782 0.09878 0.0082037 0.0905763 0.106984
783 0.09872 0.00857948 0.0901405 0.107299
784 0.125446 0.110172 0.0152737 0.235618
785 0.0972786 0.00124348 0.0960351 0.0985221
786 0.12989 0.129939 -4.85729e-005 0.259829
787 0.115987 0.082734 0.0332526 0.198721
788 0.100702 0.0106403 0.0900616 0.111342
789 0.0970534 0.00120715 0.0958462 0.0982605
790 0.0999211 0.014869 0.0850522 0.11479
791 0.109515 0.0563793 0.0531361 0.165895
792 0.0988251 0.00119702 0.0976281 0.100022
793 0.100191 0.00770361 0.0924878 0.107895
794 0.098735 0.00109348 0.0976415 0.0998285
795 0.137502 0.161641 -0.0241387 0.299143
796 0.0972185 0.00113506 0.0960835 0.0983536
797 0.116572 0.0591842 0.057388 0.175756
798 0.0989752 0.0011568 0.0978184 0.100132
799 0.109786 0.0497028 0.0600828 0.159488
