# ../output/graphs/perf_parallel34BIPED_thread2
# step - mean (0.0580291) - standard deviation (0.0114186) r=20 - ylow - yhigh
0 0.0702676 0.0261405 0.0441271 0.0964081
1 0.0642768 0.0085112 0.0557656 0.0727881
2 0.0631508 0.0107254 0.0524253 0.0738762
3 0.0617394 0.00760176 0.0541376 0.0693412
4 0.0601929 0.00230749 0.0578854 0.0625004
5 0.0608686 0.00485698 0.0560116 0.0657256
6 0.0594872 0.00281199 0.0566752 0.0622992
7 0.0611989 0.00899143 0.0522075 0.0701903
8 0.0604031 0.00634262 0.0540605 0.0667457
9 0.0609587 0.00727295 0.0536857 0.0682316
10 0.057205 0.00281936 0.0543857 0.0600244
11 0.0586614 0.00755289 0.0511086 0.0662143
12 0.0580158 0.00461664 0.0533992 0.0626325
13 0.0593972 0.00662653 0.0527706 0.0660237
14 0.0590969 0.00605929 0.0530376 0.0651562
15 0.056109 0.000974321 0.0551347 0.0570833
16 0.05719 0.00252578 0.0546643 0.0597158
17 0.0608536 0.0147244 0.0461292 0.0755779
18 0.0564243 0.00114701 0.0552773 0.0575713
19 0.0573702 0.00299308 0.0543771 0.0603633
20 0.0714237 0.0624902 0.00893351 0.133914
21 0.0586614 0.00628693 0.0523745 0.0649484
22 0.0563192 0.00216015 0.054159 0.0584793
23 0.0574603 0.00698601 0.0504743 0.0644463
24 0.0576705 0.00582086 0.0518496 0.0634914
25 0.0547277 0.000657043 0.0540706 0.0553847
26 0.0548928 0.000883687 0.0540091 0.0557765
27 0.055058 0.00217637 0.0528816 0.0572343
28 0.0583161 0.00892197 0.0493941 0.0672381
29 0.058211 0.00802692 0.0501841 0.0662379
30 0.0566795 0.00472693 0.0519526 0.0614065
31 0.0591569 0.00656871 0.0525882 0.0657256
32 0.0604782 0.0127827 0.0476955 0.0732609
33 0.0566946 0.00426537 0.0524292 0.0609599
34 0.0593071 0.00268838 0.0566187 0.0619954
35 0.0605383 0.00219725 0.058341 0.0627355
36 0.0601178 0.00162156 0.0584963 0.0617394
37 0.0607485 0.00229304 0.0584554 0.0630415
38 0.0611839 0.00447509 0.0567088 0.065659
39 0.0676251 0.0142248 0.0534002 0.0818499
40 0.0601028 0.00217637 0.0579265 0.0622792
41 0.0597425 0.00227601 0.0574665 0.0620185
42 0.0610187 0.00528508 0.0557336 0.0663038
43 0.0612589 0.00246164 0.0587973 0.0637206
44 0.0643369 0.0122935 0.0520434 0.0766304
45 0.0610487 0.00580739 0.0552414 0.0668561
46 0.0622499 0.00728044 0.0549695 0.0695303
47 0.0596974 0.00116146 0.058536 0.0608589
48 0.0604932 0.00262555 0.0578677 0.0631188
49 0.0600278 0.00180898 0.0582188 0.0618367
50 0.0622949 0.0093208 0.0529741 0.0716157
51 0.0600878 0.00174297 0.0583448 0.0618308
52 0.061274 0.00428528 0.0569887 0.0655592
53 0.060253 0.00284606 0.0574069 0.063099
54 0.060253 0.00266611 0.0575869 0.0629191
55 0.0610187 0.00313741 0.0578813 0.0641561
56 0.061319 0.00442312 0.0568959 0.0657421
57 0.0678503 0.0252645 0.0425857 0.0931148
58 0.0636462 0.0130225 0.0506238 0.0766687
59 0.0614091 0.00552197 0.0558871 0.0669311
60 0.0642468 0.0101653 0.0540815 0.0744122
61 0.0631357 0.0101429 0.0529929 0.0732786
62 0.0620097 0.00760241 0.0544073 0.0696121
63 0.0599227 0.00214549 0.0577772 0.0620681
64 0.0615742 0.00423021 0.057344 0.0658045
65 0.0648624 0.0101691 0.0546933 0.0750315
66 0.0597725 0.000667932 0.0591046 0.0604404
67 0.0614842 0.00511363 0.0563705 0.0665978
68 0.116077 0.233571 -0.117494 0.349648
69 0.0615442 0.00507344 0.0564708 0.0666177
70 0.0624 0.00691356 0.0554865 0.0693136
71 0.0617694 0.00490042 0.056869 0.0666699
72 0.0621748 0.00953458 0.0526402 0.0717094
73 0.0599377 0.00228575 0.0576519 0.0622234
74 0.0614241 0.00318855 0.0582356 0.0646126
75 0.0657783 0.0107554 0.0550229 0.0765337
76 0.0607935 0.00441381 0.0563797 0.0652073
77 0.0661236 0.0129701 0.0531535 0.0790937
78 0.0618895 0.00673538 0.0551542 0.0686249
79 0.0637213 0.0108958 0.0528255 0.0746171
80 0.0625502 0.00736541 0.0551848 0.0699156
81 0.0607935 0.00340067 0.0573928 0.0641942
82 0.0605533 0.00421398 0.0563393 0.0647672
83 0.06237 0.0109452 0.0514249 0.0733152
84 0.0607785 0.00461254 0.0561659 0.065391
85 0.0601028 0.00231101 0.0577918 0.0624138
86 0.0604932 0.00281612 0.0576771 0.0633093
87 0.0601028 0.00392366 0.0561792 0.0640265
88 0.0606283 0.00277325 0.0578551 0.0634016
89 0.0616944 0.00386834 0.057826 0.0655627
90 0.0616643 0.00586008 0.0558043 0.0675244
91 0.0601329 0.00313493 0.0569979 0.0632678
92 0.0620998 0.00807917 0.0540206 0.0701789
93 0.0597575 0.00210417 0.0576533 0.0618617
94 0.0610638 0.00613815 0.0549256 0.0672019
95 0.0604932 0.00303348 0.0574597 0.0635267
96 0.0619947 0.00316442 0.0588302 0.0651591
97 0.0606283 0.00111512 0.0595132 0.0617435
98 0.0595173 0.00301428 0.056503 0.0625315
99 0.0605533 0.00601349 0.0545398 0.0665668
100 0.0585113 0.0040979 0.0544134 0.0626092
101 0.0580158 0.0021625 0.0558533 0.0601783
102 0.0612589 0.0071074 0.0541515 0.0683663
103 0.0607785 0.00734045 0.053438 0.0681189
104 0.0620247 0.00594578 0.0560789 0.0679705
105 0.0624601 0.00809054 0.0543696 0.0705506
106 0.0592921 0.00236729 0.0569248 0.0616593
107 0.0599377 0.00301996 0.0569177 0.0629576
108 0.0596374 0.00401804 0.0556193 0.0636554
109 0.0620397 0.0120936 0.0499461 0.0741333
110 0.061319 0.00801248 0.0533065 0.0693315
111 0.0586614 0.00416339 0.0544981 0.0628248
112 0.0662888 0.0109087 0.05538 0.0771975
113 0.0629706 0.00729344 0.0556772 0.070264
114 0.0630306 0.00959887 0.0534318 0.0726295
115 0.0595023 0.00237262 0.0571296 0.0618749
116 0.0589167 0.00102098 0.0578957 0.0599377
117 0.0627754 0.00804779 0.0547276 0.0708232
118 0.0612589 0.0046375 0.0566214 0.0658964
119 0.0659435 0.0229104 0.0430331 0.0888538
120 0.0643519 0.010666 0.0536859 0.0750179
121 0.0601028 0.00416014 0.0559427 0.064263
122 0.0589167 0.000605066 0.0583116 0.0595218
123 0.0604482 0.00299402 0.0574541 0.0634422
124 0.062355 0.00899629 0.0533587 0.0713513
125 0.0646372 0.0110806 0.0535566 0.0757178
126 0.0604932 0.00278067 0.0577125 0.0632739
127 0.0643219 0.0101999 0.054122 0.0745218
128 0.0615292 0.0048139 0.0567153 0.0663431
129 0.0602229 0.00201993 0.058203 0.0622429
130 0.0617094 0.00521112 0.0564983 0.0669205
131 0.0621148 0.0070675 0.0550473 0.0691823
132 0.0611238 0.00666714 0.0544567 0.067791
133 0.0587665 0.00142471 0.0573418 0.0601913
134 0.0587966 0.00178312 0.0570135 0.0605797
135 0.0589767 0.00241989 0.0565569 0.0613966
136 0.0611088 0.00754168 0.0535671 0.0686505
137 0.0616643 0.00946424 0.0522001 0.0711286
138 0.0612589 0.00577461 0.0554843 0.0670336
139 0.0604932 0.00586946 0.0546237 0.0663627
140 0.0593671 0.00302548 0.0563416 0.0623926
141 0.0585864 0.00111107 0.0574753 0.0596974
142 0.0603731 0.00579213 0.054581 0.0661652
143 0.0610487 0.00739839 0.0536504 0.0684471
144 0.0611839 0.00630669 0.0548772 0.0674906
145 0.0587816 0.0012119 0.0575697 0.0599935
146 0.0616643 0.00605309 0.0556112 0.0677174
147 0.0628805 0.00919463 0.0536859 0.0720751
148 0.0628355 0.00982724 0.0530082 0.0726627
149 0.0605683 0.00336015 0.0572081 0.0639284
150 0.0625352 0.014432 0.0481032 0.0769671
151 0.0628805 0.00819046 0.05469 0.071071
152 0.06231 0.00700163 0.0553083 0.0693116
153 0.0605533 0.00514562 0.0554076 0.0656989
154 0.0588716 0.00150287 0.0573688 0.0603745
155 0.0633309 0.00918506 0.0541459 0.072516
156 0.059187 0.00423386 0.0549531 0.0634208
157 0.0600578 0.00482803 0.0552298 0.0648858
158 0.0599977 0.00333253 0.0566652 0.0633303
159 0.0609136 0.00465813 0.0562555 0.0655717
160 0.0601329 0.00303556 0.0570973 0.0631684
161 0.0628355 0.0101366 0.0526988 0.0729721
162 0.0634961 0.011845 0.051651 0.0753411
163 0.0594722 0.00183514 0.0576371 0.0613074
164 0.0594422 0.00206845 0.0573737 0.0615106
165 0.0612589 0.00625582 0.0550031 0.0675148
166 0.0604181 0.00640228 0.0540159 0.0668204
167 0.0595473 0.00206764 0.0574797 0.0616149
168 0.0597275 0.00406767 0.0556598 0.0637951
169 0.0599076 0.00426949 0.0556382 0.0641771
170 0.0587065 0.00141327 0.0572932 0.0601198
171 0.0618445 0.00675448 0.05509 0.068599
172 0.0625352 0.00734934 0.0551858 0.0698845
173 0.0629255 0.00937915 0.0535464 0.0723047
174 0.0590218 0.00119918 0.0578226 0.060221
175 0.0610187 0.00736877 0.0536499 0.0683875
176 0.0598025 0.00307452 0.056728 0.0628771
177 0.0601629 0.00332938 0.0568335 0.0634923
178 0.062355 0.00774331 0.0546117 0.0700983
179 0.0587365 0.000840809 0.0578957 0.0595773
180 0.0639916 0.0137459 0.0502457 0.0777374
181 0.060253 0.00382709 0.0564259 0.0640801
182 0.0604932 0.00521801 0.0552752 0.0657112
183 0.0613791 0.00523606 0.056143 0.0666151
184 0.0595923 0.003066 0.0565263 0.0626583
185 0.0589767 0.00206174 0.056915 0.0610385
186 0.0605533 0.00725512 0.0532981 0.0678084
187 0.060238 0.00787559 0.0523624 0.0681136
188 0.061334 0.00960262 0.0517314 0.0709366
189 0.0615592 0.00800708 0.0535522 0.0695663
190 0.0617694 0.0061549 0.0556145 0.0679243
191 0.0619646 0.00935306 0.0526116 0.0713177
192 0.0645021 0.0112933 0.0532088 0.0757953
193 0.0597725 0.00157322 0.0581993 0.0613457
194 0.0614091 0.00627489 0.0551342 0.067684
195 0.0596974 0.00214155 0.0575559 0.061839
196 0.0627754 0.00801691 0.0547585 0.0707923
197 0.0633009 0.0066652 0.0566357 0.0699661
198 0.060253 0.00406919 0.0561838 0.0643222
199 0.0569498 0.00428507 0.0526647 0.0612349
200 0.0625202 0.0139017 0.0486185 0.0764218
201 0.0561991 0.00132357 0.0548755 0.0575226
202 0.0575354 0.00332549 0.0542099 0.0608609
203 0.0606133 0.0101732 0.0504401 0.0707865
204 0.058196 0.00490456 0.0532914 0.0631006
205 0.0567696 0.00266983 0.0540998 0.0594395
206 0.0578657 0.00577703 0.0520886 0.0636427
207 0.056124 0.000843486 0.0552805 0.0569675
208 0.0582561 0.00630178 0.0519543 0.0645578
209 0.0602229 0.00944812 0.0507748 0.0696711
210 0.057175 0.00412763 0.0530474 0.0613026
211 0.0581209 0.00718468 0.0509362 0.0653056
212 0.0578056 0.00737911 0.0504265 0.0651847
213 0.0572651 0.00438165 0.0528835 0.0616467
214 0.058166 0.00396802 0.0541979 0.062134
215 0.0578807 0.004404 0.0534767 0.0622847
216 0.0572651 0.00454132 0.0527238 0.0618064
217 0.0560039 0.00194262 0.0540613 0.0579465
218 0.0557036 0.000908342 0.0547953 0.0566119
219 0.0557036 0.00296283 0.0527408 0.0586664
220 0.0545475 0.000936569 0.0536109 0.0554841
221 0.0541721 0.000937171 0.053235 0.0551093
222 0.0562892 0.00558689 0.0507023 0.061876
223 0.0584512 0.00813294 0.0503183 0.0665842
224 0.0637213 0.0126712 0.0510501 0.0763925
225 0.0559588 0.0041023 0.0518565 0.0600611
226 0.0565594 0.00585777 0.0507017 0.0624172
227 0.0549829 0.00220646 0.0527764 0.0571894
228 0.0578507 0.00995596 0.0478947 0.0678066
229 0.0560039 0.00395368 0.0520502 0.0599576
230 0.0546826 0.00184598 0.0528366 0.0565286
231 0.0595923 0.00382733 0.055765 0.0634197
232 0.0636162 0.0135511 0.0500651 0.0771673
233 0.0583311 0.00277646 0.0555547 0.0611076
234 0.0574002 0.00195136 0.0554489 0.0593516
235 0.0578206 0.00302007 0.0548006 0.0608407
236 0.0591269 0.00381485 0.055312 0.0629417
237 0.0577155 0.00195211 0.0557634 0.0596676
238 0.0613941 0.0117026 0.0496915 0.0730967
239 0.0590068 0.00341129 0.0555955 0.0624181
240 0.0580308 0.00292512 0.0551057 0.060956
241 0.0605382 0.00916664 0.0513716 0.0697049
242 0.0586915 0.00611844 0.052573 0.0648099
243 0.0565444 0.00132638 0.055218 0.0578708
244 0.0577305 0.00274543 0.0549851 0.060476
245 0.0569948 0.00130755 0.0556873 0.0583024
246 0.0627003 0.0134878 0.0492125 0.0761882
247 0.0569648 0.00224133 0.0547235 0.0592061
248 0.0589317 0.00630026 0.0526314 0.065232
249 0.0566645 0.0014056 0.0552589 0.0580701
250 0.0579257 0.00349408 0.0544317 0.0614198
251 0.0601178 0.00599421 0.0541236 0.0661121
252 0.0594572 0.00856271 0.0508945 0.0680199
253 0.0577756 0.00272982 0.0550458 0.0605054
254 0.0566195 0.0013378 0.0552817 0.0579573
255 0.0578657 0.00323992 0.0546258 0.0611056
256 0.0598926 0.00929756 0.0505951 0.0691902
257 0.0607785 0.0126251 0.0481533 0.0734036
258 0.0579858 0.00312488 0.0548609 0.0611107
259 0.0569798 0.0010044 0.0559754 0.0579842
260 0.0607184 0.014688 0.0460305 0.0754064
261 0.0577005 0.00270139 0.0549991 0.0604019
262 0.0604331 0.00947547 0.0509577 0.0699086
263 0.0603581 0.00847006 0.051888 0.0688281
264 0.0586014 0.00499354 0.0536078 0.0635949
265 0.0583161 0.00667331 0.0516428 0.0649894
266 0.0578056 0.00279527 0.0550104 0.0606009
267 0.0585864 0.00570936 0.052877 0.0642957
268 0.0602079 0.00877414 0.0514338 0.0689821
269 0.058151 0.00416772 0.0539832 0.0623187
270 0.0586614 0.00477004 0.0538914 0.0634315
271 0.0601479 0.00660711 0.0535408 0.066755
272 0.0610638 0.00847181 0.0525919 0.0695356
273 0.059202 0.00484692 0.054355 0.0640489
274 0.0573402 0.00137765 0.0559625 0.0587178
275 0.0579708 0.00363272 0.0543381 0.0616035
276 0.0577756 0.00268486 0.0550907 0.0604605
277 0.0580308 0.00277646 0.0552544 0.0608073
278 0.0604782 0.0120806 0.0483976 0.0725588
279 0.0560639 0.00408227 0.0519817 0.0601462
280 0.0547577 0.00121339 0.0535443 0.0559711
281 0.0567546 0.00687524 0.0498794 0.0636298
282 0.055088 0.00223806 0.0528499 0.0573261
283 0.0575804 0.00741408 0.0501663 0.0649945
284 0.0566345 0.00454062 0.0520939 0.0611751
285 0.0554033 0.00291991 0.0524834 0.0583232
286 0.0574603 0.00629553 0.0511648 0.0637558
287 0.0562441 0.00441649 0.0518276 0.0606606
288 0.0566495 0.00331853 0.053331 0.059968
289 0.058151 0.0112739 0.046877 0.0694249
290 0.0567997 0.00591903 0.0508806 0.0627187
291 0.0566795 0.00598764 0.0506919 0.0626672
292 0.0575504 0.00572307 0.0518273 0.0632734
293 0.0591119 0.00923371 0.0498782 0.0683456
294 0.05713 0.00605429 0.0510757 0.0631843
295 0.0590368 0.0125682 0.0464686 0.071605
296 0.0539769 0.00249235 0.0514846 0.0564693
297 0.0580609 0.00811518 0.0499457 0.066176
298 0.0555234 0.00170373 0.0538197 0.0572272
299 0.0578957 0.008179 0.0497167 0.0660747
300 0.0572201 0.00452777 0.0526923 0.0617478
301 0.0557937 0.00265989 0.0531338 0.0584536
302 0.0591119 0.00830844 0.0508034 0.0674203
303 0.0574002 0.00606203 0.0513382 0.0634623
304 0.0589918 0.011347 0.0476448 0.0703387
305 0.0583311 0.0101722 0.048159 0.0685033
306 0.0569498 0.00417421 0.0527756 0.061124
307 0.0581059 0.00613538 0.0519705 0.0642413
308 0.0647723 0.0117075 0.0530649 0.0764798
309 0.0607635 0.0082916 0.0524719 0.0690551
310 0.0584212 0.00186681 0.0565544 0.060288
311 0.05713 0.0010266 0.0561034 0.0581566
312 0.0592921 0.00481351 0.0544785 0.0641056
313 0.0590969 0.005262 0.0538349 0.0643589
314 0.0591269 0.00466744 0.0544595 0.0637943
315 0.0575804 0.00297707 0.0546033 0.0605575
316 0.0589017 0.00970044 0.0492012 0.0686021
317 0.0616643 0.0109716 0.0506928 0.0726359
318 0.0578957 0.00320283 0.0546929 0.0610985
319 0.0590068 0.00783317 0.0511736 0.0668399
320 0.0611839 0.0179755 0.0432084 0.0791593
321 0.0622199 0.0168701 0.0453497 0.07909
322 0.0593671 0.00926823 0.0500989 0.0686354
323 0.0544424 0.000800708 0.0536417 0.0552431
324 0.0553883 0.00401813 0.0513702 0.0594064
325 0.0577155 0.00800179 0.0497137 0.0657173
326 0.0557787 0.00317778 0.0526009 0.0589565
327 0.0559138 0.00307939 0.0528344 0.0589932
328 0.0564543 0.00754317 0.0489111 0.0639975
329 0.0587515 0.0141542 0.0445974 0.0729057
330 0.0566195 0.00889052 0.047729 0.06551
331 0.0570099 0.00802748 0.0489824 0.0650373
332 0.055133 0.00321099 0.0519221 0.058344
333 0.056169 0.00642118 0.0497479 0.0625902
334 0.0585113 0.0110958 0.0474155 0.0696071
335 0.0541421 0.00112798 0.0530141 0.0552701
336 0.0544874 0.00202662 0.0524608 0.056514
337 0.0564093 0.0053602 0.0510491 0.0617695
338 0.0565294 0.00522354 0.0513059 0.0617529
339 0.0558838 0.00497964 0.0509041 0.0608634
340 0.0554183 0.00480413 0.0506142 0.0602225
341 0.0591269 0.0102626 0.0488643 0.0693895
342 0.055133 0.0042999 0.0508331 0.059433
343 0.0545925 0.0023846 0.0522079 0.0569771
344 0.0548478 0.00432799 0.0505198 0.0591758
345 0.0545475 0.00261143 0.0519361 0.0571589
346 0.0538418 0.00100091 0.0528409 0.0548427
347 0.0549829 0.00319903 0.0517839 0.0581819
348 0.0545625 0.00214049 0.052422 0.056703
349 0.0534664 0.000872777 0.0525937 0.0543392
350 0.0560489 0.0086826 0.0473663 0.0647315
351 0.0554033 0.00333915 0.0520642 0.0587425
352 0.0577155 0.00771667 0.0499989 0.0654322
353 0.0579107 0.00936559 0.0485451 0.0672763
354 0.0544274 0.000900241 0.0535271 0.0553276
355 0.0541121 0.000985021 0.053127 0.0550971
356 0.0548027 0.00273988 0.0520629 0.0575426
357 0.0556736 0.00454658 0.051127 0.0602201
358 0.0581059 0.0144162 0.0436897 0.0725221
359 0.0560339 0.00764493 0.048389 0.0636788
360 0.0545475 0.00119088 0.0533566 0.0557384
361 0.0573402 0.00707273 0.0502674 0.0644129
362 0.0551631 0.00431215 0.0508509 0.0594752
363 0.0562141 0.00471042 0.0515037 0.0609245
364 0.057175 0.00764257 0.0495324 0.0648176
365 0.0554183 0.00346242 0.0519559 0.0588807
366 0.0568897 0.0062374 0.0506523 0.0631271
367 0.0554183 0.00257002 0.0528483 0.0579883
368 0.0553583 0.00258541 0.0527729 0.0579437
369 0.0557486 0.00444821 0.0513004 0.0601968
370 0.0580158 0.0100067 0.0480091 0.0680225
371 0.0568747 0.00765672 0.049218 0.0645314
372 0.060268 0.0102654 0.0500026 0.0705333
373 0.0570549 0.00557519 0.0514797 0.0626301
374 0.0583311 0.00942011 0.048911 0.0677512
375 0.055133 0.00285417 0.0522789 0.0579872
376 0.0552982 0.00254675 0.0527515 0.057845
377 0.0575053 0.0134329 0.0440725 0.0709382
378 0.0579408 0.00950379 0.048437 0.0674445
379 0.0586314 0.00791355 0.0507179 0.066545
380 0.0563042 0.00536963 0.0509345 0.0616738
381 0.0562741 0.00484518 0.051429 0.0611193
382 0.0564843 0.00585363 0.0506307 0.062338
383 0.0559889 0.00326677 0.0527221 0.0592556
384 0.0575954 0.00475804 0.0528374 0.0623535
385 0.0570249 0.0036666 0.0533583 0.0606915
386 0.0558688 0.00289973 0.052969 0.0587685
387 0.0546976 0.00158976 0.0531079 0.0562874
388 0.0563642 0.00464245 0.0517218 0.0610067
389 0.0558237 0.00665796 0.0491658 0.0624817
390 0.0566795 0.0055051 0.0511744 0.0621846
391 0.0558087 0.00347516 0.0523335 0.0592839
392 0.0595323 0.0100643 0.049468 0.0695966
393 0.0572651 0.00388187 0.0533832 0.061147
394 0.0546226 0.00299673 0.0516258 0.0576193
395 0.0538868 0.00170525 0.0521816 0.0555921
396 0.0586014 0.00715499 0.0514464 0.0657564
397 0.0563492 0.00127499 0.0550742 0.0576242
398 0.060268 0.00958157 0.0506864 0.0698496
399 0.0577005 0.00744103 0.0502595 0.0651416
400 0.0575954 0.00550734 0.0520881 0.0631028
401 0.0572351 0.00523606 0.051999 0.0624711
402 0.0558237 0.00115484 0.0546689 0.0569786
403 0.0560039 0.00211379 0.0538901 0.0581177
404 0.0555685 0.000961276 0.0546072 0.0565297
405 0.0555084 0.00143472 0.0540737 0.0569431
406 0.0580308 0.00547883 0.052552 0.0635097
407 0.0578657 0.00808837 0.0497773 0.065954
408 0.0564243 0.0031636 0.0532607 0.0595879
409 0.0560339 0.00187145 0.0541625 0.0579054
410 0.0534965 0.00197433 0.0515221 0.0554708
411 0.0534815 0.00207373 0.0514077 0.0555552
412 0.0537667 0.00238248 0.0513843 0.0561492
413 0.0562591 0.00775611 0.048503 0.0640152
414 0.0557036 0.00574055 0.049963 0.0614441
415 0.0535415 0.00197621 0.0515653 0.0555177
416 0.0531511 0.00200992 0.0511412 0.0551611
417 0.0577756 0.0137013 0.0440743 0.0714769
418 0.0537817 0.00410518 0.0496766 0.0578869
419 0.0542172 0.00529521 0.048922 0.0595124
420 0.0536616 0.00542776 0.0482339 0.0590894
421 0.0538718 0.00409914 0.0497727 0.057971
422 0.0535415 0.00656054 0.046981 0.0601021
423 0.0572201 0.0148452 0.0423749 0.0720652
424 0.0544124 0.0050602 0.0493522 0.0594726
425 0.0532562 0.00322622 0.05003 0.0564825
426 0.0569948 0.0167621 0.0402327 0.0737569
427 0.0551481 0.000926891 0.0542212 0.056075
428 0.0566345 0.00512202 0.0515125 0.0617565
429 0.0575954 0.00489259 0.0527028 0.062488
430 0.0584362 0.00785093 0.0505853 0.0662872
431 0.0573552 0.00515851 0.0521967 0.0625137
432 0.056079 0.00356937 0.0525096 0.0596483
433 0.0563492 0.00616088 0.0501883 0.0625101
434 0.0569948 0.0060302 0.0509646 0.063025
435 0.0569648 0.00917386 0.0477909 0.0661387
436 0.0547577 0.00480394 0.0499537 0.0595616
437 0.0538869 0.000830423 0.0530564 0.0547173
438 0.0567997 0.00500707 0.0517926 0.0618067
439 0.0553433 0.00342 0.0519233 0.0587633
440 0.0579257 0.0145446 0.0433811 0.0724704
441 0.055058 0.00332261 0.0517354 0.0583806
442 0.0551631 0.00426907 0.050894 0.0594321
443 0.0546226 0.00102671 0.0535959 0.0556493
444 0.056139 0.00401139 0.0521276 0.0601504
445 0.0570549 0.00771222 0.0493427 0.0647671
446 0.0585413 0.0109106 0.0476307 0.069452
447 0.0555835 0.00441527 0.0511682 0.0599988
448 0.05713 0.0050049 0.0521251 0.0621349
449 0.0600428 0.0131036 0.0469392 0.0731463
450 0.0580459 0.00324409 0.0548018 0.0612899
451 0.0578507 0.00307745 0.0547732 0.0609281
452 0.0608235 0.0105766 0.0502469 0.0714001
453 0.0576855 0.00228674 0.0553988 0.0599722
454 0.0611238 0.00836264 0.0527612 0.0694865
455 0.0576855 0.00202534 0.0556602 0.0597108
456 0.0577155 0.00237513 0.0553404 0.0600907
457 0.0608085 0.00920889 0.0515996 0.0700174
458 0.0563642 0.00428067 0.0520836 0.0606449
459 0.056139 0.00593439 0.0502046 0.0620734
460 0.0564243 0.00466744 0.0517569 0.0610917
461 0.055043 0.00222923 0.0528137 0.0572722
462 0.0570549 0.0055671 0.0514878 0.062622
463 0.0575804 0.00881688 0.0487635 0.0663973
464 0.0569198 0.00689781 0.050022 0.0638176
465 0.0556435 0.0025358 0.0531077 0.0581793
466 0.0564693 0.00445145 0.0520179 0.0609208
467 0.0559438 0.0020034 0.0539404 0.0579472
468 0.056109 0.00326512 0.0528439 0.0593741
469 0.0564693 0.00468054 0.0517888 0.0611499
470 0.0570549 0.00762521 0.0494297 0.0646801
471 0.058151 0.00849678 0.0496542 0.0666477
472 0.0574152 0.00751179 0.0499035 0.064927
473 0.0560639 0.00428172 0.0517822 0.0603457
474 0.0555985 0.00295335 0.0526452 0.0585518
475 0.0572501 0.00568116 0.0515689 0.0629312
476 0.0565444 0.00523494 0.0513095 0.0617793
477 0.0584062 0.00497293 0.0534333 0.0633791
478 0.0553282 0.00279587 0.0525324 0.0581241
479 0.0569348 0.00793434 0.0490004 0.0648691
480 0.0577456 0.00723759 0.050508 0.0649832
481 0.0573702 0.00492462 0.0524456 0.0622948
482 0.0572951 0.0067392 0.0505559 0.0640343
483 0.0569648 0.00489582 0.052069 0.0618606
484 0.0554634 0.0021677 0.0532957 0.0576311
485 0.0552081 0.00214297 0.0530652 0.0573511
486 0.0590818 0.00886889 0.050213 0.0679507
487 0.0564693 0.00367468 0.0527947 0.060144
488 0.0566795 0.00633878 0.0503408 0.0630183
489 0.0575804 0.00642076 0.0511596 0.0640012
490 0.0553282 0.0031234 0.0522048 0.0584516
491 0.0556886 0.00937771 0.0463109 0.0650663
492 0.0565444 0.00788572 0.0486587 0.0644301
493 0.0565294 0.00277483 0.0537546 0.0593042
494 0.0578507 0.00517358 0.0526771 0.0630242
495 0.0563943 0.00314172 0.0532525 0.059536
496 0.0564243 0.00298316 0.0534411 0.0594074
497 0.0574152 0.00774058 0.0496747 0.0651558
498 0.0572951 0.00781363 0.0494815 0.0651088
499 0.0579107 0.00595472 0.051956 0.0638654
500 0.056109 0.00224971 0.0538593 0.0583587
501 0.057205 0.00456449 0.0526406 0.0617695
502 0.0559739 0.00234033 0.0536335 0.0583142
503 0.0575504 0.00708152 0.0504689 0.0646319
504 0.0554333 0.00227785 0.0531555 0.0577112
505 0.0604782 0.00397177 0.0565064 0.06445
506 0.0625051 0.01154 0.0509652 0.0740451
507 0.0582861 0.00346687 0.0548192 0.061753
508 0.0641417 0.024005 0.0401367 0.0881467
509 0.0586014 0.00690748 0.0516939 0.0655089
510 0.0605232 0.00745991 0.0530633 0.0679831
511 0.0662287 0.0162768 0.0499519 0.0825055
512 0.0609286 0.00762042 0.0533082 0.068549
513 0.0574152 0.00114976 0.0562655 0.058565
514 0.0586464 0.00461029 0.0540361 0.0632567
515 0.0577606 0.00282539 0.0549352 0.060586
516 0.0563492 0.00752778 0.0488214 0.063877
517 0.0563943 0.00729931 0.049095 0.0636936
518 0.0578206 0.00972838 0.0480923 0.067549
519 0.0552532 0.00265208 0.0526011 0.0579052
520 0.056124 0.00544832 0.0506757 0.0615723
521 0.0549379 0.0039911 0.0509468 0.058929
522 0.0558688 0.00731527 0.0485535 0.063184
523 0.0570549 0.00661045 0.0504444 0.0636653
524 0.0544724 0.00215372 0.0523187 0.0566261
525 0.0578507 0.00811185 0.0497388 0.0659625
526 0.0589467 0.00706228 0.0518844 0.066009
527 0.0585714 0.0101213 0.04845 0.0686927
528 0.0562892 0.00690957 0.0493796 0.0631987
529 0.0543973 0.00221742 0.0521799 0.0566148
530 0.0576705 0.0115654 0.0461051 0.0692359
531 0.0564543 0.00762994 0.0488244 0.0640843
532 0.056124 0.00655077 0.0495732 0.0626748
533 0.0563042 0.00560061 0.0507036 0.0619048
534 0.0568597 0.0069718 0.0498879 0.0638315
535 0.0578657 0.0111924 0.0466733 0.0690581
536 0.0549829 0.0032243 0.0517586 0.0582072
537 0.0554183 0.00483593 0.0505824 0.0602543
538 0.054007 0.00114848 0.0528585 0.0551554
539 0.0539619 0.00115562 0.0528063 0.0551175
540 0.0539019 0.000979974 0.0529219 0.0548818
541 0.0546075 0.00309644 0.0515111 0.057704
542 0.0564693 0.00509207 0.0513773 0.0615614
543 0.0566946 0.0052902 0.0514044 0.0619848
544 0.0595173 0.0119693 0.047548 0.0714866
545 0.055103 0.00237494 0.0527281 0.057478
546 0.0547877 0.00213284 0.0526549 0.0569206
547 0.0560339 0.00472838 0.0513055 0.0607623
548 0.0572801 0.00839944 0.0488807 0.0656796
549 0.0586614 0.0101475 0.048514 0.0688089
550 0.0570699 0.00667255 0.0503974 0.0637425
551 0.0560489 0.00623146 0.0498175 0.0622804
552 0.0537367 0.000979857 0.0527568 0.0547166
553 0.0546376 0.00278877 0.0518488 0.0574263
554 0.0543673 0.00243859 0.0519287 0.0568059
555 0.0559588 0.00482548 0.0511334 0.0607843
556 0.0559889 0.00566144 0.0503274 0.0616503
557 0.0562441 0.00604253 0.0502016 0.0622866
558 0.0555084 0.00433112 0.0511773 0.0598395
559 0.0553883 0.00406831 0.05132 0.0594566
560 0.0575203 0.00871846 0.0488019 0.0662388
561 0.0554934 0.00464488 0.0508485 0.0601383
562 0.0557186 0.00444841 0.0512702 0.060167
563 0.0549228 0.00248152 0.0524413 0.0574044
564 0.0578507 0.0103329 0.0475178 0.0681835
565 0.0576254 0.0105422 0.0470833 0.0681676
566 0.0568897 0.00630569 0.050584 0.0631954
567 0.0609737 0.0121872 0.0487864 0.0731609
568 0.05713 0.00714655 0.0499834 0.0642765
569 0.0583612 0.00889194 0.0494692 0.0672531
570 0.0559739 0.00499094 0.0509829 0.0609648
571 0.0546526 0.00200093 0.0526517 0.0566535
572 0.0558087 0.00389019 0.0519185 0.0596989
573 0.0553132 0.00395265 0.0513606 0.0592659
574 0.0557486 0.00429767 0.051451 0.0600463
575 0.056109 0.00387626 0.0522327 0.0599852
576 0.0584212 0.0118557 0.0465655 0.0702769
577 0.0578507 0.00802692 0.0498237 0.0658776
578 0.0581359 0.0123945 0.0457415 0.0705304
579 0.0565744 0.00439429 0.0521802 0.0609687
580 0.05719 0.00808914 0.0491009 0.0652792
581 0.0576405 0.008083 0.0495575 0.0657235
582 0.0552081 0.00293957 0.0522685 0.0581477
583 0.0558387 0.0029567 0.052882 0.0587954
584 0.0568147 0.00568142 0.0511333 0.0624961
585 0.0564093 0.00379871 0.0526106 0.060208
586 0.0549529 0.00214869 0.0528042 0.0571016
587 0.0556285 0.0051048 0.0505237 0.0607333
588 0.0568897 0.00427474 0.052615 0.0611645
589 0.0606734 0.014805 0.0458684 0.0754784
590 0.0552832 0.00120078 0.0540824 0.056484
591 0.0548928 0.00287023 0.0520226 0.0577631
592 0.0555234 0.0081083 0.0474151 0.0636317
593 0.0580459 0.00490318 0.0531427 0.062949
594 0.0620547 0.0163888 0.0456659 0.0784435
595 0.0579558 0.00482616 0.0531296 0.0627819
596 0.0577756 0.00623734 0.0515382 0.0640129
597 0.0553433 0.000973511 0.0543697 0.0563168
598 0.0569948 0.00390676 0.0530881 0.0609016
599 0.0564543 0.0030829 0.0533714 0.0595372
600 0.0558537 0.00211058 0.0537432 0.0579643
601 0.0575203 0.00733128 0.0501891 0.0648516
602 0.0567096 0.00344519 0.0532644 0.0601548
603 0.0583612 0.00777874 0.0505824 0.0661399
604 0.05716 0.00545938 0.0517006 0.0626194
605 0.0563792 0.00267388 0.0537054 0.0590531
606 0.0585263 0.00569829 0.052828 0.0642246
607 0.0544274 0.00314928 0.0512781 0.0575766
608 0.0599377 0.0104492 0.0494885 0.0703869
609 0.0562741 0.00776025 0.0485139 0.0640344
610 0.0548778 0.00423703 0.0506408 0.0591148
611 0.0551481 0.00463193 0.0505161 0.05978
612 0.052986 0.00311704 0.0498689 0.056103
613 0.0535866 0.00355367 0.0500329 0.0571402
614 0.0541871 0.0077997 0.0463874 0.0619868
615 0.0524004 0.00224615 0.0501543 0.0546466
616 0.0537817 0.00514617 0.0486356 0.0589279
617 0.0522653 0.00281131 0.049454 0.0550766
618 0.0516947 0.00146889 0.0502259 0.0531636
619 0.0522202 0.00234322 0.049877 0.0545635
620 0.0548478 0.00727931 0.0475685 0.0621271
621 0.051965 0.000802817 0.0511622 0.0527678
622 0.0520551 0.000513792 0.0515413 0.0525689
623 0.0564994 0.0051175 0.0513819 0.0616169
624 0.0570999 0.00608133 0.0510186 0.0631813
625 0.054067 0.000927864 0.0531392 0.0549949
626 0.0559138 0.00568142 0.0502324 0.0615952
627 0.058151 0.0115141 0.0466368 0.0696651
628 0.0555685 0.00281932 0.0527491 0.0583878
629 0.0552382 0.00278067 0.0524575 0.0580188
630 0.056139 0.00479474 0.0513443 0.0609338
631 0.0543373 0.00226609 0.0520712 0.0566034
632 0.0554333 0.0043634 0.0510699 0.0597967
633 0.0572801 0.00716671 0.0501134 0.0644468
634 0.0555685 0.00576561 0.0498029 0.0613341
635 0.0600878 0.0132872 0.0468006 0.073375
636 0.0556886 0.00353076 0.0521578 0.0592193
637 0.0560039 0.00481727 0.0511866 0.0608212
638 0.0548027 0.0039078 0.0508949 0.0587105
639 0.0570249 0.00749273 0.0495321 0.0645176
640 0.0566045 0.00586794 0.0507365 0.0624724
641 0.0575804 0.00853681 0.0490436 0.0661172
642 0.0559588 0.00439313 0.0515657 0.060352
643 0.0572501 0.00312542 0.0541247 0.0603755
644 0.0582561 0.00596435 0.0522917 0.0642204
645 0.058211 0.00365475 0.0545563 0.0618658
646 0.0590668 0.00472237 0.0543445 0.0637892
647 0.0589918 0.00791617 0.0510756 0.0669079
648 0.0611238 0.00937001 0.0517538 0.0704938
649 0.0597575 0.00570865 0.0540488 0.0654661
650 0.0578507 0.00404697 0.0538037 0.0618976
651 0.0575654 0.00241747 0.0551479 0.0599829
652 0.0643519 0.0228321 0.0415199 0.087184
653 0.0590068 0.00577734 0.0532294 0.0647841
654 0.057115 0.000612472 0.0565025 0.0577274
655 0.0587665 0.00613215 0.0526344 0.0648987
656 0.0575053 0.00201104 0.0554943 0.0595164
657 0.0552231 0.00219622 0.0530269 0.0574194
658 0.0558237 0.0034171 0.0524066 0.0592408
659 0.056079 0.00443867 0.0516403 0.0605176
660 0.0566946 0.00381568 0.0528789 0.0605102
661 0.0565895 0.00363148 0.052958 0.0602209
662 0.0567546 0.00582437 0.0509302 0.062579
663 0.056094 0.00306765 0.0530263 0.0591616
664 0.0578356 0.00950138 0.0483343 0.067337
665 0.0544424 0.00128143 0.053161 0.0557238
666 0.0560339 0.00609106 0.0499429 0.062125
667 0.0572951 0.0088336 0.0484615 0.0661287
668 0.0562892 0.0054933 0.0507959 0.0617825
669 0.0565895 0.00721661 0.0493728 0.0638061
670 0.0553282 0.00181389 0.0535143 0.0571421
671 0.055118 0.00210946 0.0530086 0.0572275
672 0.0587816 0.00703848 0.0517431 0.06582
673 0.0579708 0.00691283 0.051058 0.0648836
674 0.0586314 0.0079901 0.0506413 0.0666215
675 0.0572501 0.00526515 0.0519849 0.0625152
676 0.0567846 0.00591417 0.0508705 0.0626988
677 0.0557186 0.0041701 0.0515485 0.0598887
678 0.0555835 0.00302369 0.0525598 0.0586072
679 0.0553433 0.00239498 0.0529483 0.0577382
680 0.0562892 0.00365746 0.0526317 0.0599466
681 0.059232 0.0101197 0.0491123 0.0693517
682 0.0567546 0.00790736 0.0488473 0.064662
683 0.0588416 0.0103334 0.0485082 0.069175
684 0.0610187 0.0132023 0.0478164 0.074221
685 0.0594722 0.0114601 0.0480122 0.0709323
686 0.0573702 0.00570666 0.0516635 0.0630769
687 0.0541721 0.00241989 0.0517522 0.056592
688 0.0545775 0.00453812 0.0500394 0.0591156
689 0.0564543 0.00307705 0.0533773 0.0595314
690 0.0556886 0.00188125 0.0538073 0.0575698
691 0.0562892 0.00308798 0.0532012 0.0593771
692 0.0582711 0.00731219 0.0509589 0.0655833
693 0.0569948 0.00460099 0.0523939 0.0615958
694 0.0569348 0.00470736 0.0522274 0.0616421
695 0.056139 0.0023424 0.0537966 0.0584814
696 0.0565744 0.0028415 0.0537329 0.0594159
697 0.0590969 0.00824817 0.0508487 0.067345
698 0.0588566 0.00681266 0.052044 0.0656693
699 0.0563642 0.00239874 0.0539655 0.058763
700 0.0575504 0.00351129 0.0540391 0.0610617
701 0.0620998 0.0122952 0.0498045 0.074395
702 0.0600878 0.00471358 0.0553742 0.0648014
703 0.0588566 0.0039917 0.0548649 0.0628483
704 0.0614241 0.00571771 0.0557064 0.0671418
705 0.0573101 0.000718657 0.0565915 0.0580288
706 0.059247 0.0048169 0.0544301 0.0640639
707 0.0584062 0.00484062 0.0535656 0.0632468
708 0.0583612 0.00384355 0.0545176 0.0622047
709 0.0600428 0.00795311 0.0520897 0.0679959
710 0.0583912 0.00358776 0.0548034 0.0619789
711 0.0631207 0.011952 0.0511688 0.0750727
712 0.0589767 0.00768083 0.0512959 0.0666576
713 0.0569198 0.00186197 0.0550578 0.0587817
714 0.0583161 0.00493663 0.0533795 0.0632527
715 0.0587065 0.00986416 0.0488423 0.0685706
716 0.0579107 0.00283017 0.0550805 0.0607409
717 0.0559138 0.00316887 0.0527449 0.0590827
718 0.0566495 0.00478513 0.0518644 0.0614346
719 0.0581209 0.00834105 0.0497799 0.066462
720 0.0553733 0.00258563 0.0527877 0.0579589
721 0.0552832 0.00487533 0.0504079 0.0601585
722 0.0544874 0.0010509 0.0534365 0.0555383
723 0.0568897 0.00639162 0.0504981 0.0632814
724 0.055133 0.00224996 0.0528831 0.057383
725 0.0547727 0.00208782 0.0526849 0.0568605
726 0.0589918 0.00856243 0.0504293 0.0675542
727 0.0558237 0.00413364 0.0516901 0.0599574
728 0.0545925 0.00236943 0.0522231 0.056962
729 0.0541571 0.000705998 0.0534511 0.0548631
730 0.0547877 0.00216015 0.0526276 0.0569479
731 0.0542922 0.00129368 0.0529986 0.0555859
732 0.0551931 0.00280348 0.0523896 0.0579966
733 0.0558087 0.00454248 0.0512662 0.0603512
734 0.0552231 0.00457574 0.0506474 0.0597989
735 0.0542922 0.00285764 0.0514346 0.0571499
736 0.0572651 0.00576375 0.0515014 0.0630289
737 0.0621448 0.0164654 0.0456794 0.0786102
738 0.0545625 0.00070488 0.0538576 0.0552674
739 0.0557637 0.00509705 0.0506666 0.0608607
740 0.0549829 0.00256901 0.0524139 0.0575519
741 0.0562892 0.0077719 0.0485173 0.0640611
742 0.0572801 0.0083272 0.0489529 0.0656073
743 0.0563642 0.0080122 0.048352 0.0643764
744 0.0562892 0.00546862 0.0508205 0.0617578
745 0.059202 0.0117441 0.0474579 0.070946
746 0.0579558 0.0145096 0.0434462 0.0724653
747 0.056169 0.00780028 0.0483688 0.0639693
748 0.0562141 0.00752018 0.0486939 0.0637343
749 0.056154 0.00786447 0.0482896 0.0640185
750 0.0542622 0.000795057 0.0534672 0.0550573
751 0.0554934 0.0068342 0.0486592 0.0623276
752 0.0541871 0.000965955 0.0532212 0.0551531
753 0.0596824 0.0115503 0.0481321 0.0712328
754 0.0559138 0.00479485 0.0511189 0.0607087
755 0.0565144 0.00494575 0.0515686 0.0614601
756 0.0557937 0.00401378 0.0517799 0.0598075
757 0.056109 0.0074483 0.0486607 0.0635573
758 0.0559889 0.00436451 0.0516244 0.0603534
759 0.0558237 0.0040186 0.0518051 0.0598423
760 0.0564693 0.00654153 0.0499278 0.0630109
761 0.0572951 0.00694739 0.0503477 0.0642425
762 0.0572201 0.00717211 0.0500479 0.0643922
763 0.0577005 0.00818158 0.0495189 0.0658821
764 0.055073 0.00195857 0.0531144 0.0570316
765 0.0616343 0.0138865 0.0477478 0.0755208
766 0.0552231 0.00310316 0.05212 0.0583263
767 0.0557787 0.00597256 0.0498061 0.0617512
768 0.0574903 0.0069855 0.0505048 0.0644758
769 0.0618595 0.0131823 0.0486772 0.0750418
770 0.0558387 0.00441279 0.0514259 0.0602515
771 0.0573702 0.00777248 0.0495977 0.0651427
772 0.0547577 0.0024731 0.0522846 0.0572308
773 0.0612439 0.0179636 0.0432804 0.0792075
774 0.0558087 0.00453851 0.0512702 0.0603472
775 0.0598326 0.0126884 0.0471442 0.0725209
776 0.0552982 0.00286501 0.0524332 0.0581632
777 0.0548628 0.00233009 0.0525327 0.0571929
778 0.0564093 0.00514912 0.0512602 0.0615584
779 0.0546826 0.00121199 0.0534706 0.0558946
780 0.0543073 0.00101066 0.0532966 0.0553179
781 0.0581359 0.00760057 0.0505354 0.0657365
782 0.0557336 0.00325976 0.0524739 0.0589934
783 0.0566195 0.00566383 0.0509556 0.0622833
784 0.0542022 0.000780173 0.053422 0.0549823
785 0.0608085 0.0136033 0.0472052 0.0744118
786 0.0557186 0.00201546 0.0537032 0.0577341
787 0.056139 0.00761543 0.0485236 0.0637545
788 0.0541271 0.00226688 0.0518602 0.056394
789 0.0585263 0.00560656 0.0529197 0.0641329
790 0.0610487 0.0162817 0.0447671 0.0773304
791 0.0579257 0.0066097 0.051316 0.0645354
792 0.0569198 0.00249705 0.0544227 0.0594168
793 0.0580459 0.0068431 0.0512028 0.0648889
794 0.0575203 0.00356254 0.0539578 0.0610829
795 0.0596224 0.0102444 0.0493779 0.0698668
796 0.0595623 0.01127 0.0482924 0.0708323
797 0.0580909 0.0114482 0.0466426 0.0695391
798 0.0534965 0.00203727 0.0514592 0.0555337
799 0.0552532 0.00995583 0.0452973 0.065209
