# ../output/graphs/perf_parallel5QUADRUPED_thread3
# step - mean (0.0271227) - standard deviation (0.00522389) r=20 - ylow - yhigh
0 0.0328011 0.0242737 0.00852739 0.0570748
1 0.0259586 0.00441976 0.0215389 0.0303784
2 0.0253813 0.00450212 0.0208792 0.0298834
3 0.0264504 0.00450821 0.0219422 0.0309587
4 0.0259159 0.00458489 0.021331 0.0305008
5 0.0260656 0.00516467 0.0209009 0.0312302
6 0.0256165 0.00474273 0.0208738 0.0303592
7 0.0256165 0.00455989 0.0210566 0.0301764
8 0.0252958 0.00454658 0.0207492 0.0298424
9 0.0256379 0.0052837 0.0203542 0.0309216
10 0.0254241 0.00478797 0.0206361 0.030212
11 0.0257448 0.00475755 0.0209873 0.0305024
12 0.026707 0.00605622 0.0206508 0.0327633
13 0.0258731 0.00495877 0.0209143 0.0308319
14 0.0260656 0.00522802 0.0208375 0.0312936
15 0.0252958 0.00502249 0.0202733 0.0303183
16 0.0252102 0.00474576 0.0204645 0.029956
17 0.0255524 0.00482108 0.0207313 0.0303735
18 0.0258517 0.00500461 0.0208471 0.0308563
19 0.0258731 0.00486945 0.0210037 0.0307426
20 0.0264077 0.00486451 0.0215432 0.0312722
21 0.026258 0.00499899 0.021259 0.031257
22 0.0262366 0.00481805 0.0214186 0.0310547
23 0.0268781 0.00510734 0.0217708 0.0319854
24 0.0267926 0.0050678 0.0217248 0.0318604
25 0.0269209 0.00481463 0.0221062 0.0317355
26 0.0263649 0.00497676 0.0213882 0.0313417
27 0.0270064 0.00510913 0.0218973 0.0321155
28 0.0269422 0.00515852 0.0217837 0.0321008
29 0.0266857 0.00533009 0.0213556 0.0320157
30 0.0264718 0.00503816 0.0214337 0.03151
31 0.0262794 0.00516644 0.0211129 0.0314458
32 0.0275837 0.00501196 0.0225718 0.0325957
33 0.027712 0.00838203 0.01933 0.0360941
34 0.0268995 0.00497974 0.0219197 0.0318792
35 0.0265574 0.00500356 0.0215538 0.0315609
36 0.0263863 0.00497092 0.0214154 0.0313572
37 0.0265146 0.00514609 0.0213685 0.0316607
38 0.0264504 0.00497124 0.0214792 0.0314217
39 0.0265146 0.00488912 0.0216255 0.0314037
40 0.0264718 0.00508154 0.0213903 0.0315534
41 0.0269209 0.00477458 0.0221463 0.0316954
42 0.0268567 0.00496079 0.0218959 0.0318175
43 0.0274341 0.00485586 0.0225782 0.0322899
44 0.0282894 0.00604534 0.022244 0.0343347
45 0.028268 0.00464335 0.0236246 0.0329113
46 0.0279045 0.00461961 0.0232849 0.0325241
47 0.0275837 0.00455106 0.0230327 0.0321348
48 0.0273058 0.00447359 0.0228322 0.0317793
49 0.0267926 0.00443046 0.0223621 0.031223
50 0.0286101 0.00698519 0.0216249 0.0355953
51 0.0273271 0.00450339 0.0228237 0.0318305
52 0.027263 0.00447686 0.0227861 0.0317399
53 0.0273271 0.00457191 0.0227552 0.031899
54 0.0271775 0.00437479 0.0228027 0.0315523
55 0.0267926 0.00459062 0.0222019 0.0313832
56 0.0266857 0.0045287 0.022157 0.0312144
57 0.0271133 0.00449424 0.0226191 0.0316076
58 0.0269636 0.00439357 0.0225701 0.0313572
59 0.0270705 0.00435935 0.0227112 0.0314299
60 0.0270705 0.0042789 0.0227916 0.0313494
61 0.0268995 0.00440484 0.0224946 0.0313043
62 0.0268995 0.00439029 0.0225092 0.0312898
63 0.0273913 0.0043894 0.0230019 0.0317807
64 0.0273485 0.0042086 0.0231399 0.0315571
65 0.0269209 0.00449643 0.0224244 0.0314173
66 0.027712 0.0059236 0.0217884 0.0336356
67 0.0270064 0.0044838 0.0225226 0.0314902
68 0.0274554 0.00425855 0.0231969 0.031714
69 0.0265787 0.00471638 0.0218624 0.0312951
70 0.0263649 0.0046989 0.021666 0.0310638
71 0.0265574 0.0047562 0.0218012 0.0313136
72 0.0281183 0.00502358 0.0230947 0.0331419
73 0.0273485 0.00466805 0.0226805 0.0320166
74 0.0271561 0.00494214 0.0222139 0.0320982
75 0.026536 0.00471677 0.0218192 0.0312527
76 0.0260228 0.00470668 0.0213161 0.0307295
77 0.0263008 0.0055554 0.0207454 0.0318562
78 0.0266001 0.00583651 0.0207636 0.0324366
79 0.0263435 0.00466399 0.0216795 0.0310075
80 0.0261297 0.00488707 0.0212426 0.0310168
81 0.0267712 0.00500082 0.0217704 0.031772
82 0.0270919 0.00487278 0.0222191 0.0319647
83 0.0270919 0.00500972 0.0220822 0.0321017
84 0.0270919 0.00523117 0.0218608 0.0323231
85 0.0260442 0.00499258 0.0210516 0.0310368
86 0.026258 0.00482587 0.0214321 0.0310839
87 0.0260442 0.00486268 0.0211815 0.0309069
88 0.0261297 0.00481164 0.0213181 0.0309413
89 0.0264718 0.00514591 0.0213259 0.0316177
90 0.0261511 0.00475693 0.0213942 0.030908
91 0.0260228 0.0049602 0.0210626 0.030983
92 0.0260869 0.00488725 0.0211997 0.0309742
93 0.0260442 0.00472147 0.0213227 0.0307656
94 0.0260228 0.00486902 0.0211538 0.0308918
95 0.0260014 0.00480346 0.0211979 0.0308049
96 0.0268567 0.00469953 0.0221572 0.0315563
97 0.0260442 0.00481734 0.0212268 0.0308615
98 0.0258731 0.00482037 0.0210527 0.0306935
99 0.0266643 0.00585633 0.0208079 0.0325206
100 0.0260442 0.00473114 0.021313 0.0307753
101 0.0259159 0.004784 0.0211319 0.0306999
102 0.0274127 0.00517957 0.0222331 0.0325922
103 0.0271133 0.00527491 0.0218384 0.0323882
104 0.0271775 0.00519292 0.0219845 0.0323704
105 0.0274982 0.00495434 0.0225439 0.0324525
106 0.0279686 0.00529394 0.0226747 0.0332626
107 0.0271988 0.00553379 0.021665 0.0327326
108 0.0274127 0.00490388 0.0225088 0.0323165
109 0.0265146 0.00527768 0.0212369 0.0317923
110 0.0265574 0.00518486 0.0213725 0.0317422
111 0.0267284 0.00532512 0.0214033 0.0320535
112 0.0266643 0.00517493 0.0214893 0.0318392
113 0.0266643 0.00511986 0.0215444 0.0317841
114 0.0265574 0.00510488 0.0214525 0.0316622
115 0.0263008 0.00505375 0.021247 0.0313545
116 0.0261297 0.00496319 0.0211665 0.0310929
117 0.025809 0.00496204 0.0208469 0.030771
118 0.0273699 0.0063128 0.0210571 0.0336827
119 0.0263649 0.00516609 0.0211988 0.031531
120 0.0259159 0.00483723 0.0210786 0.0307531
121 0.0257234 0.00490458 0.0208189 0.030628
122 0.0263649 0.00511986 0.0212451 0.0314848
123 0.0257876 0.00481582 0.0209718 0.0306034
124 0.0260228 0.00484832 0.0211745 0.0308711
125 0.0255524 0.00487015 0.0206822 0.0304225
126 0.0256807 0.00494949 0.0207312 0.0306302
127 0.0258517 0.00506636 0.0207854 0.0309181
128 0.0258303 0.004784 0.0210463 0.0306143
129 0.0251889 0.00453778 0.0206511 0.0297266
130 0.0258945 0.00449032 0.0214042 0.0303848
131 0.0255096 0.00465196 0.0208576 0.0301616
132 0.0254882 0.00451859 0.0209696 0.0300068
133 0.0254027 0.00478973 0.020613 0.0301924
134 0.0253813 0.00484266 0.0205387 0.030224
135 0.0252744 0.0045779 0.0206965 0.0298523
136 0.0249537 0.00463621 0.0203174 0.0295899
137 0.024975 0.00482776 0.0201473 0.0298028
138 0.0250606 0.00461273 0.0204478 0.0296733
139 0.0250178 0.004541 0.0204768 0.0295588
140 0.0254241 0.00471483 0.0207092 0.0301389
141 0.0256807 0.00466413 0.0210165 0.0303448
142 0.0266643 0.00665587 0.0200084 0.0333201
143 0.0265787 0.00512164 0.0214571 0.0317004
144 0.0265574 0.00509232 0.021465 0.0316497
145 0.0264932 0.00513804 0.0213552 0.0316313
146 0.0265146 0.00515674 0.0213579 0.0316713
147 0.0265787 0.00505877 0.02152 0.0316375
148 0.026814 0.00526224 0.0215517 0.0320762
149 0.0260869 0.00488912 0.0211978 0.0309761
150 0.0263008 0.00496061 0.0213402 0.0312614
151 0.0263649 0.00485209 0.0215128 0.031217
152 0.0264077 0.0048419 0.0215658 0.0312496
153 0.0261511 0.00493802 0.0212131 0.0310891
154 0.0261297 0.00503272 0.021097 0.0311624
155 0.0260869 0.0051868 0.0209001 0.0312737
156 0.0254668 0.00531648 0.0201504 0.0307833
157 0.0252316 0.00511579 0.0201158 0.0303474
158 0.0253172 0.00518257 0.0201346 0.0304997
159 0.0251033 0.00483477 0.0202686 0.0299381
160 0.0271988 0.00608473 0.0211141 0.0332836
161 0.0263649 0.00485021 0.0215147 0.0312151
162 0.0258945 0.00475154 0.021143 0.030646
163 0.0260228 0.00500972 0.0210131 0.0310325
164 0.0259373 0.00493247 0.0210048 0.0308697
165 0.0260869 0.00493751 0.0211494 0.0310245
166 0.0264718 0.00543795 0.0210339 0.0319098
167 0.0254882 0.00453878 0.0209494 0.030027
168 0.0252744 0.004481 0.0207934 0.0297554
169 0.0263649 0.00510197 0.0212629 0.0314669
170 0.0258945 0.00461288 0.0212816 0.0305074
171 0.0260869 0.00475255 0.0213344 0.0308395
172 0.0260014 0.00494048 0.0210609 0.0309419
173 0.0266001 0.00469953 0.0219006 0.0312997
174 0.0264504 0.00523991 0.0212105 0.0316904
175 0.0257876 0.00476427 0.0210233 0.0305519
176 0.0261939 0.00579606 0.0203978 0.0319899
177 0.0254027 0.00484856 0.0205541 0.0302512
178 0.0252744 0.00461966 0.0206547 0.0298941
179 0.0257876 0.00464178 0.0211458 0.0304294
180 0.0257876 0.00467906 0.0211085 0.0304666
181 0.0258731 0.00477654 0.0210966 0.0306497
182 0.0258731 0.00477845 0.0210947 0.0306516
183 0.0256807 0.00471095 0.0209697 0.0303916
184 0.0256807 0.00474191 0.0209388 0.0304226
185 0.0270278 0.0050738 0.021954 0.0321016
186 0.0263008 0.00469155 0.0216092 0.0309923
187 0.0262366 0.00468331 0.0215533 0.0309199
188 0.0267498 0.00432434 0.0224255 0.0310741
189 0.0268353 0.00449521 0.0223401 0.0313305
190 0.026814 0.00449363 0.0223203 0.0313076
191 0.0263863 0.00454623 0.0218401 0.0309325
192 0.0267926 0.00476461 0.022028 0.0315572
193 0.026536 0.00582062 0.0207154 0.0323566
194 0.025702 0.00452769 0.0211744 0.0302297
195 0.0268353 0.00510841 0.0217269 0.0319437
196 0.0262366 0.00469501 0.0215416 0.0309316
197 0.0259373 0.00480665 0.0211306 0.0307439
198 0.0258945 0.00466413 0.0212304 0.0305586
199 0.0260442 0.00469038 0.0213538 0.0307346
200 0.0276051 0.0051982 0.0224069 0.0328033
201 0.0271775 0.00471289 0.0224646 0.0318904
202 0.0266857 0.00483534 0.0218503 0.031521
203 0.0266643 0.00492504 0.0217392 0.0315893
204 0.0269209 0.0048298 0.0220911 0.0317507
205 0.0261511 0.00498043 0.0211707 0.0311315
206 0.0261511 0.00504429 0.0211068 0.0311954
207 0.0262366 0.00483131 0.0214053 0.0310679
208 0.0260228 0.00485209 0.0211707 0.0308749
209 0.0263008 0.00604114 0.0202596 0.0323419
210 0.02598 0.00516715 0.0208129 0.0311472
211 0.02598 0.00520418 0.0207758 0.0311842
212 0.0260014 0.00529083 0.0207106 0.0312922
213 0.0258945 0.00520524 0.0206893 0.0310997
214 0.0260869 0.00501834 0.0210686 0.0311053
215 0.0254882 0.00514858 0.0203396 0.0306368
216 0.0254455 0.00491431 0.0205311 0.0303598
217 0.0254455 0.00480137 0.0206441 0.0302468
218 0.0256379 0.00572239 0.0199155 0.0313603
219 0.025253 0.00586912 0.0193839 0.0311221
220 0.0247398 0.00468721 0.0200526 0.029427
221 0.0249537 0.0046204 0.0203332 0.0295741
222 0.0251033 0.00537401 0.0197293 0.0304773
223 0.0261297 0.00521476 0.0209149 0.0313445
224 0.0260228 0.00468526 0.0213375 0.030708
225 0.0255524 0.00479636 0.020756 0.0303487
226 0.0263221 0.00495134 0.0213708 0.0312735
227 0.0263863 0.00552503 0.0208613 0.0319113
228 0.0258303 0.00495489 0.0208755 0.0307852
229 0.0260228 0.00506057 0.0209622 0.0310834
230 0.0261083 0.00516821 0.0209401 0.0312765
231 0.0257876 0.00511419 0.0206734 0.0309018
232 0.0257234 0.00491203 0.0208114 0.0306355
233 0.0258731 0.00489753 0.0209756 0.0307706
234 0.0262152 0.00518698 0.0210283 0.0314022
235 0.0254027 0.00468745 0.0207152 0.0300901
236 0.0256379 0.00445352 0.0211844 0.0300914
237 0.0261939 0.00508329 0.0211106 0.0312771
238 0.0260014 0.0048865 0.0211149 0.0308879
239 0.0254455 0.00470323 0.0207422 0.0301487
240 0.02598 0.00501447 0.0209656 0.0309945
241 0.0259586 0.00471216 0.0212465 0.0306708
242 0.0260014 0.00485082 0.0211506 0.0308522
243 0.025809 0.00477036 0.0210386 0.0305793
244 0.025809 0.00458863 0.0212203 0.0303976
245 0.0255951 0.00456465 0.0210305 0.0301598
246 0.0255738 0.00489772 0.020676 0.0304715
247 0.0254882 0.00472824 0.02076 0.0302165
248 0.0256807 0.00474576 0.0209349 0.0304264
249 0.0254668 0.00479369 0.0206731 0.0302605
250 0.025809 0.0050152 0.0207938 0.0308242
251 0.0253813 0.00468526 0.020696 0.0300666
252 0.0256593 0.00514609 0.0205132 0.0308054
253 0.0250606 0.00476101 0.0202996 0.0298216
254 0.0257234 0.00468135 0.0210421 0.0304048
255 0.0263435 0.00661746 0.0197261 0.032961
256 0.0259373 0.00473573 0.0212015 0.030673
257 0.0261939 0.00506708 0.0211268 0.0312609
258 0.02598 0.00483245 0.0211476 0.0308125
259 0.0261725 0.00492007 0.0212524 0.0310925
260 0.0261083 0.00479369 0.0213146 0.030902
261 0.0263008 0.00506098 0.0212398 0.0313617
262 0.0265787 0.0046989 0.0218798 0.0312776
263 0.0263649 0.00478758 0.0215773 0.0311525
264 0.0265574 0.00455588 0.0220015 0.0311132
265 0.0260869 0.00481942 0.0212675 0.0309064
266 0.0260869 0.00464749 0.0214395 0.0307344
267 0.026258 0.0046933 0.0215647 0.0309513
268 0.0266429 0.00482151 0.0218214 0.0314644
269 0.0271347 0.00471483 0.0224199 0.0318495
270 0.0270705 0.00453011 0.0225404 0.0316007
271 0.0276051 0.00442261 0.0231825 0.0320277
272 0.0276906 0.00409941 0.0235912 0.0317901
273 0.0273485 0.00436014 0.0229884 0.0317087
274 0.0281397 0.00432883 0.0238109 0.0324685
275 0.0281183 0.00427842 0.0238399 0.0323967
276 0.0281183 0.00422465 0.0238937 0.0323429
277 0.02799 0.00431799 0.023672 0.032308
278 0.0277762 0.00455101 0.0232252 0.0323272
279 0.0268353 0.00452562 0.0223097 0.031361
280 0.0264077 0.00451145 0.0218962 0.0309191
281 0.0265146 0.00440297 0.0221116 0.0309176
282 0.0271347 0.00445967 0.022675 0.0315944
283 0.0274982 0.00475851 0.0227397 0.0322567
284 0.0274768 0.00456785 0.022909 0.0320447
285 0.02799 0.00457905 0.023411 0.0325691
286 0.0284604 0.0046837 0.0237767 0.0331441
287 0.0284177 0.00474576 0.0236719 0.0331634
288 0.0286742 0.00462673 0.0240475 0.033301
289 0.0282894 0.00495835 0.023331 0.0332477
290 0.0288453 0.00469929 0.024146 0.0335446
291 0.0287598 0.00476192 0.0239979 0.0335217
292 0.029444 0.00576823 0.0236758 0.0352123
293 0.0281824 0.0048608 0.0233216 0.0330432
294 0.0282466 0.00475923 0.0234874 0.0330058
295 0.028268 0.00500356 0.0232644 0.0332715
296 0.0285887 0.00484266 0.0237461 0.0334314
297 0.0280969 0.00496724 0.0231297 0.0330642
298 0.0285887 0.0050912 0.0234975 0.0336799
299 0.0285887 0.0048351 0.0237536 0.0334238
300 0.0281397 0.00494418 0.0231955 0.0330839
301 0.0277762 0.00515758 0.0226186 0.0329338
302 0.0274127 0.00492435 0.0224883 0.032337
303 0.0271347 0.00527157 0.0218631 0.0324063
304 0.0268353 0.00505624 0.0217791 0.0318916
305 0.0269636 0.0051629 0.0218007 0.0321265
306 0.0274554 0.00509717 0.0223583 0.0325526
307 0.0276479 0.00515723 0.0224906 0.0328051
308 0.0285032 0.00510555 0.0233976 0.0336087
309 0.0280542 0.00494381 0.0231103 0.032998
310 0.0277976 0.0046632 0.0231344 0.0324608
311 0.0274554 0.0050828 0.0223726 0.0325382
312 0.0280114 0.00512383 0.0228876 0.0331352
313 0.027712 0.00483571 0.0228763 0.0325477
314 0.0276479 0.00516432 0.0224836 0.0328122
315 0.0275837 0.00485251 0.0227312 0.0324362
316 0.0273271 0.00478878 0.0225384 0.0321159
317 0.0271133 0.0049327 0.0221806 0.032046
318 0.0271133 0.0050427 0.0220706 0.032156
319 0.0270705 0.00509268 0.0219779 0.0321632
320 0.0276906 0.00474653 0.0229441 0.0324372
321 0.0268353 0.00474846 0.0220869 0.0315838
322 0.0267712 0.00523314 0.021538 0.0320043
323 0.0282252 0.00611412 0.0221111 0.0343393
324 0.0274127 0.00498525 0.0224274 0.0323979
325 0.0271775 0.00533022 0.0218472 0.0325077
326 0.0270705 0.0050765 0.021994 0.032147
327 0.0282466 0.00510591 0.0231407 0.0333525
328 0.0279686 0.00517692 0.0227917 0.0331455
329 0.0277548 0.00516011 0.0225947 0.0329149
330 0.0277762 0.00534735 0.0224288 0.0331235
331 0.0277334 0.00524165 0.0224918 0.0329751
332 0.0285887 0.00550874 0.02308 0.0340975
333 0.0295296 0.00648355 0.023046 0.0360131
334 0.0285032 0.00544362 0.0230596 0.0339468
335 0.028439 0.00501925 0.0234198 0.0334583
336 0.0283963 0.00510577 0.0232905 0.033502
337 0.0281611 0.0053213 0.0228398 0.0334824
338 0.0278403 0.00539744 0.0224429 0.0332378
339 0.0276906 0.00516715 0.0225235 0.0328578
340 0.0277976 0.00520264 0.0225949 0.0330002
341 0.0275196 0.0050678 0.0224518 0.0325874
342 0.0278831 0.00489772 0.0229854 0.0327808
343 0.0274768 0.005049 0.0224278 0.0325258
344 0.0273058 0.00491575 0.02239 0.0322215
345 0.0275623 0.00518588 0.0223765 0.0327482
346 0.0279259 0.00547181 0.022454 0.0333977
347 0.0276051 0.00520699 0.0223981 0.0328121
348 0.0275623 0.00482412 0.0227382 0.0323865
349 0.0275837 0.00484497 0.0227388 0.0324287
350 0.0270064 0.00490458 0.0221018 0.031911
351 0.0271561 0.00478419 0.0223719 0.0319403
352 0.0278403 0.00444617 0.0233942 0.0322865
353 0.027541 0.0049364 0.0226046 0.0324774
354 0.0270492 0.00485134 0.0221978 0.0319005
355 0.0280969 0.00490611 0.0231908 0.033003
356 0.0274768 0.00479446 0.0226824 0.0322713
357 0.0274768 0.00505805 0.0224188 0.0325349
358 0.0273699 0.0047775 0.0225924 0.0321474
359 0.0288453 0.00686712 0.0219782 0.0357124
360 0.0273058 0.00477036 0.0225354 0.0320761
361 0.0271988 0.00472437 0.0224745 0.0319232
362 0.0274768 0.00472336 0.0227535 0.0322002
363 0.0273271 0.00492435 0.0224028 0.0322515
364 0.0272416 0.00481012 0.0224315 0.0320517
365 0.027263 0.0047059 0.0225571 0.0319689
366 0.026814 0.00494325 0.0218707 0.0317572
367 0.0267926 0.00482184 0.0219707 0.0316144
368 0.0275623 0.00477649 0.0227859 0.0323388
369 0.0277548 0.0045819 0.0231729 0.0323367
370 0.0273913 0.00472452 0.0226668 0.0321158
371 0.0272416 0.00441977 0.0228218 0.0316614
372 0.0268995 0.00480213 0.0220974 0.0317016
373 0.0270278 0.00502308 0.0220047 0.0320509
374 0.0277548 0.00497975 0.022775 0.0327345
375 0.0278189 0.00509695 0.022722 0.0329159
376 0.0286101 0.00538896 0.0232211 0.0339991
377 0.027712 0.00498287 0.0227292 0.0326949
378 0.0277762 0.00517705 0.0225991 0.0329532
379 0.0289308 0.00584852 0.0230823 0.0347794
380 0.0284177 0.00481083 0.0236068 0.0332285
381 0.0283321 0.00487015 0.023462 0.0332023
382 0.0285032 0.00469696 0.0238062 0.0332001
383 0.0283321 0.00468057 0.0236516 0.0330127
384 0.0283321 0.00486451 0.0234676 0.0331966
385 0.0292302 0.00579669 0.0234335 0.0350269
386 0.0281611 0.00499876 0.0231623 0.0331598
387 0.0288025 0.00500425 0.0237983 0.0338068
388 0.0279472 0.00502249 0.0229248 0.0329697
389 0.0276265 0.00521563 0.0224109 0.0328421
390 0.0276693 0.00488557 0.0227837 0.0325548
391 0.0276265 0.00504633 0.0225802 0.0326728
392 0.0274127 0.00511562 0.0222971 0.0325283
393 0.0274554 0.00520897 0.0222465 0.0326644
394 0.0278189 0.0049918 0.0228271 0.0328107
395 0.0279045 0.00508149 0.022823 0.032986
396 0.0277976 0.00481373 0.0229838 0.0326113
397 0.0278403 0.00506351 0.0227768 0.0329038
398 0.0277762 0.00504465 0.0227315 0.0328208
399 0.028717 0.00634498 0.022372 0.035062
400 0.0278831 0.00495342 0.0229297 0.0328365
401 0.0274982 0.00503853 0.0224597 0.0325367
402 0.0278617 0.00498777 0.0228739 0.0328495
403 0.0273271 0.00504723 0.0222799 0.0323744
404 0.0274768 0.00507249 0.0224043 0.0325493
405 0.0272416 0.00512847 0.0221131 0.0323701
406 0.0275196 0.00494543 0.0225742 0.032465
407 0.0272416 0.00502763 0.022214 0.0322692
408 0.0272416 0.00502581 0.0222158 0.0322674
409 0.0281611 0.00497308 0.023188 0.0331341
410 0.0280114 0.00516472 0.0228467 0.0331761
411 0.0278189 0.00494025 0.0228787 0.0327592
412 0.0277334 0.00523292 0.0225005 0.0329663
413 0.0271988 0.00514147 0.0220574 0.0323403
414 0.0271133 0.00524536 0.021868 0.0323587
415 0.0271347 0.00538654 0.0217482 0.0325212
416 0.0285673 0.00519842 0.0233689 0.0337658
417 0.0282894 0.0064635 0.0218259 0.0347529
418 0.0275837 0.00523681 0.0223469 0.0328205
419 0.0279045 0.00505443 0.02285 0.0329589
420 0.0280541 0.00527837 0.0227758 0.0333325
421 0.0276906 0.00533777 0.0223529 0.0330284
422 0.0281824 0.00533781 0.0228446 0.0335203
423 0.0282466 0.00526984 0.0229768 0.0335164
424 0.028268 0.00539574 0.0228722 0.0336637
425 0.0283535 0.00520458 0.0231489 0.0335581
426 0.0279045 0.0051352 0.0227693 0.0330397
427 0.0271988 0.00541857 0.0217803 0.0326174
428 0.0272416 0.0052917 0.0219499 0.0325333
429 0.0267712 0.00523838 0.0215328 0.0320096
430 0.026536 0.00517352 0.0213625 0.0317095
431 0.0276693 0.00786478 0.0198045 0.035534
432 0.0268567 0.00541047 0.0214463 0.0322672
433 0.0271133 0.00533524 0.0217781 0.0324485
434 0.0276265 0.00525581 0.0223707 0.0328823
435 0.0276265 0.00533524 0.0222913 0.0329617
436 0.027541 0.00530257 0.0222384 0.0328435
437 0.0275623 0.00513092 0.0224314 0.0326933
438 0.0275837 0.0050664 0.0225173 0.0326501
439 0.0275837 0.0052525 0.0223312 0.0328362
440 0.0273271 0.00509771 0.0222294 0.0324248
441 0.0266857 0.00500265 0.021683 0.0316883
442 0.0267712 0.00513257 0.0216386 0.0319038
443 0.0267498 0.00491426 0.0218355 0.0316641
444 0.0273271 0.00522527 0.0221019 0.0325524
445 0.0275196 0.00486339 0.0226562 0.032383
446 0.0274127 0.00519367 0.022219 0.0326063
447 0.0271347 0.00507357 0.0220611 0.0322083
448 0.0297434 0.0123839 0.0173595 0.0421273
449 0.0263221 0.00489749 0.0214247 0.0312196
450 0.0271347 0.00519468 0.02194 0.0323294
451 0.0266429 0.00517639 0.0214665 0.0318193
452 0.0267498 0.00513627 0.0216135 0.0318861
453 0.0266857 0.00501907 0.0216666 0.0317047
454 0.0272202 0.00525036 0.0219699 0.0324706
455 0.0281611 0.00531442 0.0228466 0.0334755
456 0.0282894 0.00566102 0.0226283 0.0339504
457 0.0285673 0.00605339 0.0225139 0.0346207
458 0.0274554 0.00510971 0.0223457 0.0325651
459 0.0272844 0.00521774 0.0220666 0.0325021
460 0.0274554 0.00517727 0.0222782 0.0326327
461 0.0279686 0.00517869 0.0227899 0.0331473
462 0.0273271 0.00508514 0.022242 0.0324123
463 0.0272416 0.00530723 0.0219344 0.0325488
464 0.0272844 0.00519314 0.0220912 0.0324775
465 0.0271775 0.00523851 0.0219389 0.032416
466 0.0266643 0.00498777 0.0216765 0.031652
467 0.0263221 0.00514871 0.0211734 0.0314709
468 0.0261939 0.00525315 0.0209407 0.031447
469 0.0258731 0.00499734 0.0208758 0.0308705
470 0.0259586 0.00500758 0.0209511 0.0309662
471 0.0260869 0.00501287 0.0210741 0.0310998
472 0.0260228 0.00501337 0.0210094 0.0310362
473 0.0261297 0.00494288 0.0211868 0.0310726
474 0.0259159 0.00487864 0.0210372 0.0307945
475 0.025253 0.00433912 0.0209139 0.0295921
476 0.0250392 0.00441226 0.0206269 0.0294514
477 0.0251247 0.00451753 0.0206072 0.0296422
478 0.0250819 0.00444488 0.0206371 0.0295268
479 0.0252958 0.0044695 0.0208263 0.0297653
480 0.0260442 0.0046157 0.0214285 0.0306599
481 0.0249109 0.00429335 0.0206175 0.0292042
482 0.0249109 0.00451955 0.0203913 0.0294304
483 0.0252102 0.00594036 0.0192699 0.0311506
484 0.0245474 0.00416255 0.0203848 0.0287099
485 0.024526 0.00392948 0.0205965 0.0284555
486 0.0248681 0.00442013 0.020448 0.0292882
487 0.024975 0.00542532 0.0195497 0.0304004
488 0.0243122 0.00395037 0.0203618 0.0282625
489 0.0243977 0.00416492 0.0202328 0.0285626
490 0.0244405 0.00400326 0.0204372 0.0284437
491 0.024248 0.00404603 0.020202 0.0282941
492 0.0250178 0.00457311 0.0204447 0.0295909
493 0.0255524 0.00543117 0.0201212 0.0309835
494 0.0243763 0.00383938 0.0205369 0.0282157
495 0.0243977 0.00391362 0.0204841 0.0283113
496 0.0242908 0.00396498 0.0203258 0.0282558
497 0.024248 0.00393605 0.020312 0.0281841
498 0.0246115 0.00372201 0.0208895 0.0283335
499 0.0238845 0.00380414 0.0200804 0.0276887
500 0.02397 0.00388077 0.0200893 0.0278508
501 0.0239059 0.00408382 0.0198221 0.0279897
502 0.0238845 0.00404868 0.0198358 0.0279332
503 0.0255524 0.00601593 0.0195364 0.0315683
504 0.02397 0.00380222 0.0201678 0.0277723
505 0.023799 0.00390614 0.0198928 0.0277051
506 0.0238845 0.00391082 0.0199737 0.0277953
507 0.0249323 0.00447936 0.0204529 0.0294116
508 0.0244191 0.00443381 0.0199853 0.0288529
509 0.0250178 0.0045188 0.020499 0.0295366
510 0.0245688 0.00438315 0.0201856 0.0289519
511 0.027263 0.00946932 0.0177937 0.0367323
512 0.0275196 0.00497124 0.0225483 0.0324908
513 0.0273058 0.00568359 0.0216222 0.0329893
514 0.0274127 0.00516896 0.0222437 0.0325816
515 0.0277334 0.00619919 0.0215342 0.0339326
516 0.0274341 0.00510018 0.0223339 0.0325342
517 0.0268567 0.00496079 0.0218959 0.0318175
518 0.0274554 0.00632524 0.0211302 0.0337807
519 0.0269209 0.00505913 0.0218617 0.03198
520 0.0268995 0.00522177 0.0216777 0.0321212
521 0.0266857 0.00538981 0.0212958 0.0320755
522 0.0266643 0.00525733 0.0214069 0.0319216
523 0.0266001 0.0051702 0.0214299 0.0317703
524 0.0260228 0.00527469 0.0207481 0.0312975
525 0.0260228 0.00526428 0.0207585 0.0312871
526 0.0259373 0.00534872 0.0205885 0.031286
527 0.0260656 0.00534906 0.0207165 0.0314146
528 0.0260656 0.00522277 0.0208428 0.0312883
529 0.02598 0.0053634 0.0206166 0.0313434
530 0.0260014 0.00540708 0.0205943 0.0314085
531 0.0259586 0.00553825 0.0204204 0.0314969
532 0.0260442 0.00524448 0.0207997 0.0312887
533 0.0272416 0.00530895 0.0219327 0.0325506
534 0.0273699 0.00572323 0.0216467 0.0330931
535 0.0268567 0.00507199 0.0217847 0.0319287
536 0.0262366 0.00502613 0.0212105 0.0312627
537 0.0270278 0.00547264 0.0215551 0.0325004
538 0.0272416 0.00520809 0.0220335 0.0324497
539 0.0268995 0.00554617 0.0213533 0.0324457
540 0.0270492 0.00553788 0.0215113 0.032587
541 0.0267712 0.00537792 0.0213933 0.0321491
542 0.0269209 0.00546073 0.0214601 0.0323816
543 0.0272202 0.00542342 0.0217968 0.0326436
544 0.0287598 0.00702171 0.0217381 0.0357815
545 0.0271347 0.0051894 0.0219453 0.0323241
546 0.0271775 0.00539333 0.0217841 0.0325708
547 0.0272202 0.00544866 0.0217716 0.0326689
548 0.0273485 0.00546407 0.0218844 0.0328126
549 0.0273699 0.00530361 0.0220663 0.0326735
550 0.0277548 0.0054865 0.0222683 0.0332413
551 0.0277548 0.00529135 0.0224634 0.0330461
552 0.0279045 0.00514409 0.0227604 0.0330486
553 0.0278189 0.0055273 0.0222916 0.0333462
554 0.0278403 0.00548149 0.0223588 0.0333218
555 0.0276693 0.0053859 0.0222834 0.0330552
556 0.0278189 0.00555206 0.0222669 0.033371
557 0.0273058 0.00511986 0.0221859 0.0324256
558 0.0275623 0.00547578 0.0220866 0.0330381
559 0.0276479 0.00525733 0.0223906 0.0329052
560 0.0275196 0.00511271 0.0224069 0.0326323
561 0.0279686 0.00473211 0.0232365 0.0327007
562 0.0274554 0.0049847 0.0224707 0.0324401
563 0.0273271 0.00502362 0.0223035 0.0323508
564 0.0273058 0.00497676 0.022329 0.0322825
565 0.0270492 0.00519715 0.021852 0.0322463
566 0.0269209 0.00509336 0.0218275 0.0320142
567 0.0272416 0.00583416 0.0214074 0.0330758
568 0.0271775 0.00484681 0.0223306 0.0320243
569 0.0271561 0.00518945 0.0219666 0.0323455
570 0.0272416 0.00510703 0.0221346 0.0323486
571 0.0273913 0.00501009 0.0223812 0.0324014
572 0.0273058 0.00511092 0.0221948 0.0324167
573 0.0278617 0.00637804 0.0214837 0.0342397
574 0.0273271 0.00491877 0.0224084 0.0322459
575 0.0278189 0.00485812 0.0229608 0.0326771
576 0.02799 0.00470901 0.023281 0.032699
577 0.0275623 0.00489188 0.0226705 0.0324542
578 0.0285032 0.00497492 0.0235283 0.0334781
579 0.02799 0.00473032 0.0232597 0.0327203
580 0.0278617 0.00491575 0.022946 0.0327775
581 0.0277976 0.00495969 0.0228379 0.0327572
582 0.0290378 0.00492435 0.0241134 0.0339621
583 0.0288025 0.00487653 0.023926 0.0336791
584 0.0286315 0.00522627 0.0234052 0.0338578
585 0.028995 0.00523873 0.0237563 0.0342337
586 0.0295723 0.00514303 0.0244293 0.0347154
587 0.028995 0.00477482 0.0242202 0.0337698
588 0.0288239 0.00507884 0.0237451 0.0339028
589 0.028268 0.00488894 0.023379 0.0331569
590 0.0288239 0.00508424 0.0237397 0.0339082
591 0.0285246 0.005345 0.0231796 0.0338696
592 0.0282894 0.00518729 0.0231021 0.0334766
593 0.0283107 0.00512401 0.0231867 0.0334348
594 0.02799 0.00536101 0.022629 0.033351
595 0.0279472 0.00480665 0.0231406 0.0327539
596 0.0273058 0.00514303 0.0221627 0.0324488
597 0.0266001 0.00499753 0.0216026 0.0315976
598 0.0261511 0.00504791 0.0211032 0.031199
599 0.0268567 0.00529083 0.0215659 0.0321475
600 0.0267284 0.00522982 0.0214986 0.0319582
601 0.0267284 0.00544232 0.0212861 0.0321707
602 0.0271988 0.0059202 0.0212786 0.033119
603 0.0270919 0.00516609 0.0219258 0.032258
604 0.0269636 0.0053182 0.0216454 0.0322818
605 0.0274982 0.00539439 0.0221038 0.0328926
606 0.0274341 0.00508941 0.0223446 0.0325235
607 0.0279472 0.00594005 0.0220072 0.0338873
608 0.0282038 0.00497161 0.0232322 0.0331754
609 0.0280541 0.00534893 0.0227052 0.0334031
610 0.0274982 0.00526571 0.0222325 0.0327639
611 0.0277976 0.00535508 0.0224425 0.0331526
612 0.0274982 0.00514094 0.0223573 0.0326391
613 0.0273913 0.00541701 0.0219743 0.0328083
614 0.0274554 0.0051949 0.0222605 0.0326503
615 0.0272202 0.00516786 0.0220524 0.0323881
616 0.0268567 0.00511687 0.0217398 0.0319736
617 0.026814 0.00534329 0.0214707 0.0321572
618 0.0266001 0.00523523 0.0213649 0.0318354
619 0.0273485 0.00515581 0.0221927 0.0325043
620 0.0274341 0.00535043 0.0220836 0.0327845
621 0.0270278 0.00523873 0.0217891 0.0322665
622 0.0269209 0.00507177 0.0218491 0.0319926
623 0.0267712 0.0051539 0.0216173 0.0319251
624 0.0269636 0.00522277 0.0217409 0.0321864
625 0.026985 0.00527231 0.0217127 0.0322573
626 0.027541 0.00541688 0.0221241 0.0329578
627 0.0277976 0.00530361 0.0224939 0.0331012
628 0.0276479 0.00516255 0.0224853 0.0328104
629 0.0274982 0.00500941 0.0224888 0.0325076
630 0.0285032 0.004755 0.0237482 0.0332582
631 0.0283963 0.00481069 0.0235856 0.033207
632 0.028439 0.00475928 0.0236798 0.0331983
633 0.0289736 0.00480398 0.0241696 0.0337776
634 0.0284177 0.00473612 0.0236815 0.0331538
635 0.0280328 0.00473612 0.0232966 0.0327689
636 0.0280541 0.00462065 0.0234335 0.0326748
637 0.0286101 0.00470012 0.02391 0.0333102
638 0.0279686 0.00469914 0.0232695 0.0326678
639 0.0278403 0.00451353 0.0233268 0.0323539
640 0.0290591 0.00481083 0.0242483 0.03387
641 0.0288453 0.00488627 0.023959 0.0337316
642 0.028439 0.0048994 0.0235396 0.0333384
643 0.0293157 0.00613126 0.0231845 0.035447
644 0.028439 0.00481658 0.0236225 0.0332556
645 0.0283749 0.00449195 0.0238829 0.0328668
646 0.0282466 0.00480893 0.0234377 0.0330555
647 0.0282252 0.00466516 0.02356 0.0328904
648 0.0289308 0.00486902 0.0240618 0.0337999
649 0.0282894 0.00477611 0.0235132 0.0330655
650 0.0288239 0.00460876 0.0242152 0.0334327
651 0.0284818 0.0044369 0.0240449 0.0329187
652 0.0282252 0.00425511 0.0239701 0.0324803
653 0.0278831 0.00466634 0.0232167 0.0325494
654 0.0278403 0.0045799 0.0232604 0.0324202
655 0.0274341 0.00476845 0.0226656 0.0322025
656 0.0272416 0.00483098 0.0224106 0.0320726
657 0.027263 0.00463345 0.0226295 0.0318964
658 0.0273058 0.00462238 0.0226834 0.0319281
659 0.027263 0.0047059 0.0225571 0.0319689
660 0.0271775 0.00470318 0.0224743 0.0318806
661 0.0276051 0.00527331 0.0223318 0.0328784
662 0.027434 0.00473959 0.0226945 0.0321736
663 0.0274554 0.00462302 0.0228324 0.0320785
664 0.0284604 0.00577488 0.0226855 0.0342353
665 0.0279259 0.0049414 0.0229845 0.0328673
666 0.0281611 0.00519961 0.0229615 0.0333607
667 0.0277334 0.00469695 0.0230365 0.0324304
668 0.0275837 0.00480327 0.0227805 0.032387
669 0.027541 0.00472437 0.0228166 0.0322653
670 0.0275196 0.00488777 0.0226318 0.0324073
671 0.02799 0.00473998 0.02325 0.03273
672 0.0290591 0.00476499 0.0242941 0.0338241
673 0.0283321 0.00497602 0.0233561 0.0333081
674 0.028439 0.00537979 0.0230593 0.0338188
675 0.0282466 0.00500461 0.023242 0.0332512
676 0.0283107 0.00496079 0.0233499 0.0332715
677 0.0282894 0.00484832 0.023441 0.0331377
678 0.0282252 0.00506911 0.0231561 0.0332943
679 0.0281183 0.00496499 0.0231533 0.0330833
680 0.0282466 0.00509695 0.0231496 0.0333435
681 0.0283321 0.00480398 0.0235281 0.0331361
682 0.0280755 0.00493432 0.0231412 0.0330099
683 0.0290378 0.00507794 0.0239598 0.0341157
684 0.0289736 0.0049962 0.0239774 0.0339698
685 0.0291233 0.00471953 0.0244038 0.0338428
686 0.0287384 0.00496264 0.0237758 0.033701
687 0.0285673 0.00485647 0.0237109 0.0334238
688 0.028995 0.00458728 0.0244077 0.0335823
689 0.0296151 0.00528093 0.0243342 0.034896
690 0.0285673 0.00460916 0.0239582 0.0331765
691 0.0283963 0.00476485 0.0236314 0.0331611
692 0.0282466 0.00479941 0.0234472 0.033046
693 0.0283535 0.00496172 0.0233918 0.0333152
694 0.0288239 0.0046581 0.0241658 0.033482
695 0.0287812 0.0044589 0.0243223 0.0332401
696 0.0285673 0.00446198 0.0241054 0.0330293
697 0.0293799 0.00629408 0.0230858 0.035674
698 0.0282894 0.00445721 0.0238321 0.0327466
699 0.0286742 0.00460494 0.0240693 0.0332792
700 0.0280969 0.00441563 0.0236813 0.0325125
701 0.0278831 0.00458329 0.0232998 0.0324664
702 0.0278403 0.00464926 0.0231911 0.0324896
703 0.0279472 0.00473959 0.0232076 0.0326868
704 0.0283963 0.00468745 0.0237088 0.0330837
705 0.0294013 0.00488702 0.0245142 0.0342883
706 0.0288881 0.00470512 0.024183 0.0335932
707 0.0289736 0.00489263 0.024081 0.0338662
708 0.0284818 0.00480879 0.023673 0.0332906
709 0.0281824 0.00500721 0.0231752 0.0331897
710 0.0294654 0.00493918 0.0245262 0.0344046
711 0.0289095 0.00503726 0.0238722 0.0339467
712 0.028995 0.0052037 0.0237913 0.0341987
713 0.0291019 0.00508797 0.0240139 0.0341899
714 0.0285673 0.00517904 0.0233883 0.0337464
715 0.0286101 0.00503635 0.0235738 0.0336465
716 0.0283535 0.00520458 0.0231489 0.0335581
717 0.0283749 0.00519609 0.0231788 0.033571
718 0.0284177 0.00531476 0.0231029 0.0337324
719 0.0286529 0.00525511 0.0233978 0.033908
720 0.0285246 0.00513382 0.0233908 0.0336584
721 0.0295723 0.00515191 0.0244204 0.0347242
722 0.0284604 0.00563706 0.0228234 0.0340975
723 0.0282252 0.00550995 0.0227153 0.0337352
724 0.0285887 0.005292 0.0232967 0.0338807
725 0.0284818 0.00524884 0.023233 0.0337306
726 0.0284818 0.00539659 0.0230852 0.0338784
727 0.0285887 0.00567715 0.0229116 0.0342659
728 0.0283963 0.00535577 0.0230405 0.033752
729 0.0289736 0.00523397 0.0237396 0.0342076
730 0.0290378 0.00511919 0.0239186 0.0341569
731 0.0288667 0.00520352 0.0236632 0.0340702
732 0.0295509 0.00505447 0.0244965 0.0346054
733 0.0295082 0.00460002 0.0249082 0.0341082
734 0.0294013 0.00460375 0.0247975 0.034005
735 0.0292088 0.00484799 0.0243608 0.0340568
736 0.0297648 0.00466986 0.0250949 0.0344346
737 0.0292088 0.00475082 0.024458 0.0339596
738 0.0292088 0.00472573 0.0244831 0.0339345
739 0.030171 0.00612529 0.0240458 0.0362963
740 0.0304704 0.00540247 0.0250679 0.0358729
741 0.0298931 0.00470984 0.0251832 0.0346029
742 0.0299144 0.00456104 0.0253534 0.0344755
743 0.0297434 0.00433701 0.0254064 0.0340804
744 0.0296365 0.00436564 0.0252708 0.0340021
745 0.0295509 0.00449933 0.0250516 0.0340503
746 0.0294654 0.00443793 0.0250275 0.0339033
747 0.0296579 0.00452441 0.0251334 0.0341823
748 0.0295723 0.00428568 0.0252866 0.033858
749 0.0293799 0.00445685 0.024923 0.0338367
750 0.03 0.00567554 0.0243244 0.0356755
751 0.0295082 0.00461788 0.0248903 0.0341261
752 0.0290591 0.00410966 0.0249495 0.0331688
753 0.0285887 0.00424925 0.0243395 0.032838
754 0.0284604 0.00457306 0.0238874 0.0330335
755 0.0286529 0.00422708 0.0244258 0.0328799
756 0.0286101 0.00482871 0.0237814 0.0334388
757 0.0276265 0.00422795 0.0233985 0.0318544
758 0.0273913 0.00454296 0.0228483 0.0319342
759 0.028268 0.00471178 0.0235562 0.0329798
760 0.0281824 0.00567171 0.0225107 0.0338542
761 0.0276479 0.00478185 0.022866 0.0324297
762 0.0272416 0.0044916 0.02275 0.0317332
763 0.0269209 0.00460692 0.0223139 0.0315278
764 0.0271133 0.00460082 0.0225125 0.0317141
765 0.0267712 0.0047379 0.0220333 0.0315091
766 0.0265787 0.00460057 0.0219782 0.0311793
767 0.0273058 0.00463226 0.0226735 0.031938
768 0.0272202 0.00450618 0.022714 0.0317264
769 0.0266001 0.00475178 0.0218483 0.0313519
770 0.0264718 0.00464729 0.0218245 0.0311191
771 0.0273913 0.00592803 0.0214633 0.0333193
772 0.0266001 0.0047729 0.0218272 0.031373
773 0.0264718 0.00470012 0.0217717 0.0311719
774 0.0274341 0.00693971 0.0204943 0.0343738
775 0.0265146 0.00447303 0.0220416 0.0309876
776 0.0264291 0.00455528 0.0218738 0.0309843
777 0.0263221 0.00467588 0.0216463 0.030998
778 0.0263435 0.0044718 0.0218717 0.0308153
779 0.0262366 0.00472026 0.0215164 0.0309569
780 0.0263221 0.00475539 0.0215668 0.0310775
781 0.0268995 0.00487583 0.0220237 0.0317753
782 0.026258 0.00461273 0.0216453 0.0308707
783 0.0262152 0.00474311 0.0214721 0.0309583
784 0.0260656 0.00456705 0.0214985 0.0306326
785 0.0263435 0.00479164 0.0215519 0.0311352
786 0.0261939 0.00455783 0.021636 0.0307517
787 0.0263221 0.00460494 0.0217172 0.0309271
788 0.0269209 0.00454699 0.0223739 0.0314679
789 0.0267284 0.00459107 0.0221374 0.0313195
790 0.0270705 0.0044239 0.0226466 0.0314944
791 0.0274982 0.00476811 0.0227301 0.0322663
792 0.0275623 0.00456305 0.0229993 0.0321254
793 0.0272416 0.00444452 0.0227971 0.0316861
794 0.0272416 0.00447528 0.0227663 0.0317169
795 0.0264718 0.00478305 0.0216888 0.0312549
796 0.0263863 0.00471992 0.0216664 0.0311062
797 0.0267712 0.00465614 0.022115 0.0314273
798 0.0270492 0.00498521 0.022064 0.0320344
799 0.0269422 0.00502744 0.0219148 0.0319697
