# ../output/graphs/perf_parallel14BIPED_thread2
# step - mean (0.0269694) - standard deviation (0.00485506) r=20 - ylow - yhigh
0 0.0346187 0.0214346 0.013184 0.0560533
1 0.0295509 0.00686502 0.0226859 0.036416
2 0.0289736 0.00434628 0.0246273 0.0333199
3 0.0291233 0.00441521 0.0247081 0.0335385
4 0.0294226 0.00502308 0.0243996 0.0344457
5 0.0284818 0.00416695 0.0243149 0.0326488
6 0.0280328 0.00408063 0.0239521 0.0321134
7 0.026985 0.00426777 0.0227172 0.0312528
8 0.0272416 0.00403924 0.0232024 0.0312808
9 0.0271775 0.00431163 0.0228658 0.0314891
10 0.0266429 0.00412437 0.0225185 0.0307673
11 0.0266857 0.00395991 0.0227257 0.0306456
12 0.0265574 0.00393559 0.0226218 0.0304929
13 0.0265574 0.00400697 0.0225504 0.0305643
14 0.0274341 0.00695945 0.0204746 0.0343935
15 0.0266429 0.00453415 0.0221087 0.031177
16 0.0268567 0.00426069 0.022596 0.0311174
17 0.0269422 0.00422708 0.0227152 0.0311693
18 0.026814 0.00420778 0.0226062 0.0310217
19 0.0266857 0.00417571 0.0225099 0.0308614
20 0.0268995 0.00418993 0.0227096 0.0310894
21 0.0267926 0.00408018 0.0227124 0.0308728
22 0.0274982 0.0052396 0.0222586 0.0327378
23 0.0270705 0.00472379 0.0223467 0.0317943
24 0.0266857 0.00480117 0.0218845 0.0314868
25 0.0268781 0.00480665 0.0220715 0.0316847
26 0.0265787 0.00472607 0.0218527 0.0313048
27 0.0273485 0.00636541 0.0209831 0.0337139
28 0.0266429 0.00476811 0.0218748 0.031411
29 0.0266001 0.00489959 0.0217005 0.0314997
30 0.0266857 0.00475909 0.0219266 0.0314447
31 0.0274127 0.00583384 0.0215788 0.0332465
32 0.0278617 0.00490458 0.0229571 0.0327663
33 0.026814 0.00500027 0.0218137 0.0318142
34 0.030171 0.0061788 0.0239922 0.0363498
35 0.0303207 0.00577714 0.0245436 0.0360979
36 0.0304276 0.00607401 0.0243536 0.0365016
37 0.0300427 0.00576442 0.0242783 0.0358072
38 0.0299572 0.00573835 0.0242189 0.0356956
39 0.0311333 0.00712735 0.0240059 0.0382606
40 0.0298931 0.00589 0.0240031 0.0357831
41 0.0297006 0.00588313 0.0238175 0.0355837
42 0.0298289 0.00558556 0.0242434 0.0354145
43 0.0298931 0.00556428 0.0243288 0.0354573
44 0.0296151 0.00553127 0.0240838 0.0351464
45 0.030171 0.00610884 0.0240622 0.0362799
46 0.0297862 0.00594159 0.0238446 0.0357277
47 0.0297862 0.00560256 0.0241836 0.0353887
48 0.0295937 0.00565346 0.0239402 0.0352472
49 0.0293157 0.0049124 0.0244033 0.0342281
50 0.0293371 0.00494011 0.024397 0.0342772
51 0.0290591 0.00485623 0.0242029 0.0339154
52 0.029273 0.00497161 0.0243014 0.0342446
53 0.028995 0.0047325 0.0242625 0.0337275
54 0.0289736 0.00480969 0.0241639 0.0337833
55 0.029722 0.00563872 0.0240833 0.0353607
56 0.0289736 0.00486451 0.0241091 0.0338381
57 0.0292302 0.0050678 0.0241624 0.034298
58 0.0287598 0.00408824 0.0246715 0.032848
59 0.0284177 0.00459301 0.0238246 0.0330107
60 0.0286742 0.00427329 0.024401 0.0329475
61 0.0277976 0.00325973 0.0245378 0.0310573
62 0.0276479 0.00306386 0.024584 0.0307117
63 0.02799 0.0032329 0.0247571 0.0312229
64 0.0305132 0.00781249 0.0227007 0.0383256
65 0.0283535 0.0035216 0.0248319 0.0318751
66 0.0282894 0.00357872 0.0247106 0.0318681
67 0.0294013 0.00560191 0.0237994 0.0350032
68 0.0277334 0.00301269 0.0247207 0.0307461
69 0.0276693 0.00301822 0.024651 0.0306875
70 0.0283963 0.00414053 0.0242557 0.0325368
71 0.0285246 0.00422946 0.0242951 0.032754
72 0.0283963 0.00410504 0.0242912 0.0325013
73 0.0283535 0.0040528 0.0243007 0.0324063
74 0.0285032 0.00413804 0.0243651 0.0326412
75 0.0285032 0.00408242 0.0244208 0.0325856
76 0.0286315 0.00406266 0.0245688 0.0326941
77 0.0286529 0.00404806 0.0246048 0.0327009
78 0.0284818 0.00408494 0.0243969 0.0325667
79 0.0283749 0.00412033 0.0242546 0.0324952
80 0.0288025 0.00412919 0.0246734 0.0329317
81 0.028439 0.00403335 0.0244057 0.0324724
82 0.0286101 0.00447896 0.0241311 0.0330891
83 0.028717 0.00459062 0.0241264 0.0333076
84 0.0284818 0.00416036 0.0243214 0.0326422
85 0.0286101 0.00411727 0.0244928 0.0327274
86 0.0286315 0.0041999 0.0244316 0.0328314
87 0.0282894 0.00407794 0.0242114 0.0323673
88 0.0283107 0.00399256 0.0243182 0.0323033
89 0.0286529 0.00422275 0.0244301 0.0328756
90 0.0285673 0.00414318 0.0244242 0.0327105
91 0.0303421 0.00927575 0.0210664 0.0396178
92 0.0295082 0.00523943 0.0242688 0.0347476
93 0.0296365 0.00523436 0.0244021 0.0348708
94 0.0293585 0.00518376 0.0241747 0.0345423
95 0.0290591 0.00459699 0.0244621 0.0336561
96 0.03 0.004755 0.025245 0.034755
97 0.0295296 0.00494764 0.0245819 0.0344772
98 0.0279472 0.00406221 0.023885 0.0320094
99 0.0306201 0.00916559 0.0214545 0.0397857
100 0.0276693 0.00411105 0.0235582 0.0317803
101 0.0274341 0.00403057 0.0234035 0.0314646
102 0.0274982 0.00448344 0.0230148 0.0319816
103 0.0274768 0.00406581 0.023411 0.0315426
104 0.0283963 0.00425812 0.0241382 0.0326544
105 0.0280328 0.00430314 0.0237296 0.0323359
106 0.0283535 0.00420343 0.0241501 0.0325569
107 0.0281824 0.00417024 0.0240122 0.0323527
108 0.0276693 0.00405957 0.0236097 0.0317288
109 0.027712 0.0040154 0.0236966 0.0317274
110 0.0276265 0.00394603 0.0236805 0.0315725
111 0.0282252 0.00447303 0.0237522 0.0326982
112 0.0294654 0.00431889 0.0251465 0.0337843
113 0.0289308 0.00439523 0.0245356 0.0333261
114 0.028439 0.00416497 0.0242741 0.032604
115 0.0285887 0.00447564 0.0241131 0.0330644
116 0.0274982 0.00215997 0.0253382 0.0296582
117 0.0272202 0.000578125 0.0266421 0.0277983
118 0.0271775 0.00049643 0.026681 0.0276739
119 0.0273485 0.00151486 0.0258337 0.0288634
120 0.0271988 0.000707895 0.0264909 0.0279067
121 0.0276265 0.0018063 0.0258202 0.0294328
122 0.0269209 0.000669044 0.0262518 0.0275899
123 0.0270919 0.00067989 0.026412 0.0277718
124 0.0328439 0.023877 0.00896688 0.0567209
125 0.0270919 0.000731714 0.0263602 0.0278236
126 0.0273913 0.00185168 0.0255396 0.029243
127 0.027263 0.0012459 0.0260171 0.0285089
128 0.0296151 0.00661536 0.0229997 0.0362304
129 0.0273058 0.0012041 0.0261017 0.0285099
130 0.0275196 0.00218596 0.0253336 0.0297055
131 0.0290164 0.00630885 0.0227075 0.0353252
132 0.026985 0.000572163 0.0264128 0.0275572
133 0.026707 0.000416278 0.0262908 0.0271233
134 0.0268995 0.000714324 0.0261852 0.0276138
135 0.026814 0.000621204 0.0261927 0.0274352
136 0.026707 0.000548916 0.0261581 0.027256
137 0.0267284 0.000581674 0.0261467 0.0273101
138 0.0274982 0.00319198 0.0243062 0.0306902
139 0.0274341 0.00297604 0.024458 0.0304101
140 0.0275623 0.00317006 0.0243923 0.0307324
141 0.0273485 0.00290829 0.0244402 0.0302568
142 0.0273913 0.0029828 0.0244085 0.0303741
143 0.028439 0.00485251 0.0235865 0.0332916
144 0.0275837 0.0030073 0.0245764 0.030591
145 0.027434 0.00298525 0.0244488 0.0304193
146 0.0274554 0.00302881 0.0244266 0.0304842
147 0.0275196 0.00297912 0.0245405 0.0304987
148 0.0282252 0.00453193 0.0236933 0.0327571
149 0.028439 0.00432439 0.0241146 0.0327634
150 0.0294226 0.00718358 0.0222391 0.0366062
151 0.0281824 0.00432524 0.0238572 0.0325077
152 0.0281397 0.00441045 0.0237292 0.0325501
153 0.0283963 0.00435158 0.0240447 0.0327479
154 0.0291874 0.00540247 0.023785 0.0345899
155 0.0280541 0.00472244 0.0233317 0.0327766
156 0.0300427 0.00630537 0.0237374 0.0363481
157 0.028268 0.00434843 0.0239195 0.0326164
158 0.028268 0.00416146 0.0241065 0.0324294
159 0.0290378 0.00498708 0.0240507 0.0340248
160 0.029444 0.00418638 0.0252576 0.0336304
161 0.0284604 0.00465432 0.0238061 0.0331147
162 0.0282894 0.00452441 0.023765 0.0328138
163 0.0284818 0.00438299 0.0240988 0.0328648
164 0.0282894 0.00408466 0.0242047 0.032374
165 0.0281824 0.00412615 0.0240563 0.0323086
166 0.0280969 0.0041553 0.0239416 0.0322522
167 0.0281397 0.00406069 0.024079 0.0322004
168 0.0278189 0.00324137 0.0245776 0.0310603
169 0.0273485 0.00299503 0.0243535 0.0303436
170 0.0273913 0.00310595 0.0242853 0.0304972
171 0.0273485 0.00309119 0.0242573 0.0304397
172 0.027541 0.00298563 0.0245553 0.0305266
173 0.0278189 0.00322724 0.0245917 0.0310462
174 0.0273913 0.00308527 0.024306 0.0304766
175 0.0292943 0.00638123 0.0229131 0.0356756
176 0.0275196 0.00304589 0.0244737 0.0305655
177 0.028268 0.00438195 0.023886 0.0326499
178 0.0282252 0.00437798 0.0238472 0.0326032
179 0.0281611 0.00428354 0.0238775 0.0324446
180 0.0288239 0.00531635 0.0235076 0.0341403
181 0.028268 0.00437777 0.0238902 0.0326457
182 0.0287384 0.00462105 0.0241174 0.0333594
183 0.0285032 0.00424494 0.0242582 0.0327481
184 0.0300214 0.00672738 0.023294 0.0367487
185 0.0284818 0.00424521 0.0242366 0.032727
186 0.0281397 0.0042821 0.0238576 0.0324218
187 0.029273 0.00586133 0.0234116 0.0351343
188 0.028268 0.00417681 0.0240912 0.0324448
189 0.0290805 0.00449546 0.0245851 0.033576
190 0.0285032 0.00445311 0.0240501 0.0329563
191 0.0285246 0.00430871 0.0242159 0.0328333
192 0.0286742 0.00418681 0.0244874 0.0328611
193 0.0281611 0.00419293 0.0239681 0.032354
194 0.0287384 0.00526311 0.0234753 0.0340015
195 0.0290591 0.00462673 0.0244324 0.0336859
196 0.0292088 0.00441355 0.0247953 0.0336224
197 0.0288025 0.00427927 0.0245233 0.0330818
198 0.028546 0.0040274 0.0245186 0.0325733
199 0.0269422 0.00365138 0.0232909 0.0305936
200 0.0261297 0.00280073 0.023329 0.0289304
201 0.0260442 0.00280073 0.0232434 0.0288449
202 0.0260014 0.00176119 0.0242402 0.0277626
203 0.0263863 0.00321481 0.0231715 0.0296011
204 0.0256379 0.000682575 0.0249553 0.0263205
205 0.0255738 0.000598716 0.024975 0.0261725
206 0.0254668 0.000655233 0.0248116 0.0261221
207 0.0254882 0.000513186 0.024975 0.0260014
208 0.0255951 0.00067989 0.0249152 0.026275
209 0.0254668 0.000531996 0.0249348 0.0259988
210 0.0255524 0.000739175 0.0248132 0.0262915
211 0.0254882 0.000580099 0.0249081 0.0260683
212 0.02598 0.0016721 0.0243079 0.0276521
213 0.0264932 0.00360215 0.0228911 0.0300954
214 0.0256379 0.000849678 0.0247882 0.0264876
215 0.0258517 0.00171316 0.0241386 0.0275649
216 0.0255096 0.000510953 0.0249987 0.0260206
217 0.0255524 0.00055554 0.0249968 0.0261079
218 0.025531 0.00093792 0.0245931 0.0264689
219 0.0254882 0.0013278 0.0241604 0.026816
220 0.0248467 0.000504197 0.0243425 0.0253509
221 0.0255524 0.0032227 0.0223297 0.0287751
222 0.0259373 0.00415128 0.021786 0.0300885
223 0.0255096 0.0027592 0.0227504 0.0282688
224 0.0261939 0.00278756 0.0234063 0.0289814
225 0.0254455 0.00274666 0.0226988 0.0281921
226 0.0256165 0.00289387 0.0227227 0.0285104
227 0.0255951 0.00275589 0.0228392 0.028351
228 0.025253 0.00279607 0.0224569 0.0280491
229 0.0261083 0.00388784 0.0222205 0.0299962
230 0.0260656 0.00338489 0.0226807 0.0294504
231 0.0277762 0.00366507 0.0241111 0.0314412
232 0.0272844 0.00336627 0.0239181 0.0306506
233 0.0268781 0.00302178 0.0238563 0.0298999
234 0.0268781 0.00297911 0.023899 0.0298572
235 0.0267926 0.00294826 0.0238443 0.0297408
236 0.0267498 0.00293333 0.0238165 0.0296831
237 0.0267284 0.00293341 0.023795 0.0296618
238 0.0273699 0.00374289 0.023627 0.0311128
239 0.0267498 0.00294888 0.0238009 0.0296987
240 0.0269422 0.00311631 0.0238259 0.0300586
241 0.0272844 0.00418927 0.0230951 0.0314736
242 0.0270492 0.00353915 0.02351 0.0305883
243 0.0274768 0.00448299 0.0229938 0.0319598
244 0.0279259 0.00467515 0.0232507 0.032601
245 0.0274768 0.00413716 0.0233397 0.031614
246 0.0273699 0.00424651 0.0231234 0.0316164
247 0.0276906 0.00424408 0.0234466 0.0319347
248 0.0275623 0.00414952 0.0234128 0.0317119
249 0.0275196 0.0046105 0.0229091 0.0321301
250 0.0275196 0.00464999 0.0228696 0.0321696
251 0.0272202 0.00422118 0.022999 0.0314414
252 0.0273913 0.00425183 0.0231395 0.0316431
253 0.0272844 0.0042067 0.0230777 0.0314911
254 0.0273058 0.00412919 0.0231766 0.0314349
255 0.0272844 0.00420235 0.023082 0.0314867
256 0.0281397 0.0044435 0.0236962 0.0325832
257 0.0273485 0.00410521 0.0232433 0.0314537
258 0.0276265 0.00418009 0.0234464 0.0318066
259 0.0284177 0.00637403 0.0220436 0.0347917
260 0.0274768 0.00419859 0.0232782 0.0316754
261 0.0283535 0.00514627 0.0232072 0.0334998
262 0.0284177 0.00542207 0.0229956 0.0338397
263 0.0279686 0.0049935 0.0229751 0.0329621
264 0.0286742 0.00579228 0.022882 0.0344665
265 0.0314326 0.0150748 0.0163579 0.0465074
266 0.0288239 0.00566445 0.0231595 0.0344884
267 0.0288239 0.0056709 0.023153 0.0344948
268 0.0287598 0.00596249 0.0227973 0.0347223
269 0.0290164 0.00604988 0.0229665 0.0350663
270 0.0289308 0.00567231 0.0232585 0.0346032
271 0.0294226 0.00629626 0.0231264 0.0357189
272 0.0289308 0.00549212 0.0234387 0.034423
273 0.0290378 0.0058495 0.0231883 0.0348873
274 0.0295082 0.00595193 0.0235562 0.0354601
275 0.0291233 0.00543121 0.0236921 0.0345545
276 0.0288667 0.00554881 0.0233179 0.0344155
277 0.0295296 0.00603505 0.0234945 0.0355646
278 0.0292088 0.00665288 0.0225559 0.0358617
279 0.0283321 0.00589462 0.0224375 0.0342267
280 0.0286742 0.0069584 0.0217159 0.0356326
281 0.0286529 0.00728019 0.0213727 0.0359331
282 0.0282894 0.00590764 0.0223817 0.034197
283 0.0281397 0.00594363 0.022196 0.0340833
284 0.0287812 0.0065196 0.0222616 0.0353008
285 0.0277548 0.00541097 0.0223438 0.0331658
286 0.0276051 0.00537634 0.0222288 0.0329815
287 0.027541 0.00576843 0.0217725 0.0333094
288 0.0279259 0.00497828 0.0229476 0.0329041
289 0.0261939 0.00414378 0.0220501 0.0303376
290 0.0275623 0.00554547 0.0220169 0.0331078
291 0.0278189 0.00622157 0.0215974 0.0340405
292 0.026707 0.00477075 0.0219363 0.0314778
293 0.0263435 0.00416695 0.0221766 0.0305105
294 0.0261511 0.00408914 0.0220619 0.0302402
295 0.025531 0.00393373 0.0215973 0.0294647
296 0.0254241 0.00388313 0.0215409 0.0293072
297 0.0266857 0.00410058 0.0225851 0.0307862
298 0.0265787 0.00403284 0.0225459 0.0306116
299 0.0272416 0.00539439 0.0218472 0.032636
300 0.0260656 0.00277967 0.0232859 0.0288452
301 0.0257876 0.00276524 0.0230223 0.0285528
302 0.02598 0.00282665 0.0231534 0.0288067
303 0.0262366 0.00290766 0.023329 0.0291443
304 0.0259159 0.00282511 0.0230908 0.028741
305 0.0270278 0.00443113 0.0225966 0.0314589
306 0.0265787 0.00423416 0.0223446 0.0308129
307 0.0271133 0.00601672 0.0210966 0.03313
308 0.0283535 0.0042917 0.0240618 0.0326452
309 0.0296579 0.00624475 0.0234131 0.0359026
310 0.0289522 0.00516932 0.0237829 0.0341215
311 0.0282252 0.00541958 0.0228056 0.0336448
312 0.0280114 0.0050952 0.0229162 0.0331066
313 0.02799 0.00504827 0.0229417 0.0330383
314 0.0280328 0.00490122 0.0231315 0.032934
315 0.0279472 0.00500242 0.0229448 0.0329497
316 0.0279472 0.00498961 0.0229576 0.0329368
317 0.0282038 0.0050519 0.0231519 0.0332557
318 0.0280114 0.00522457 0.0227868 0.033236
319 0.0279472 0.00500242 0.0229448 0.0329497
320 0.0283749 0.00514836 0.0232265 0.0335232
321 0.0276906 0.00566199 0.0220287 0.0333526
322 0.0276693 0.00554485 0.0221244 0.0332141
323 0.0275837 0.0056968 0.0218869 0.0332805
324 0.0277548 0.00604326 0.0217115 0.0337981
325 0.0295723 0.00752754 0.0220448 0.0370999
326 0.0296151 0.00667179 0.0229433 0.0362869
327 0.028546 0.00588064 0.0226653 0.0344266
328 0.0298289 0.00928304 0.0205459 0.039112
329 0.0280969 0.00583886 0.0222581 0.0339358
330 0.0282252 0.00619288 0.0220323 0.0344181
331 0.0283963 0.00582365 0.0225726 0.0342199
332 0.0281183 0.00596249 0.0221558 0.0340808
333 0.0280541 0.00600151 0.0220526 0.0340557
334 0.0282894 0.00617406 0.0221153 0.0344634
335 0.0275837 0.00572562 0.0218581 0.0333094
336 0.027263 0.00553953 0.0217235 0.0328025
337 0.028268 0.00690752 0.0213605 0.0351755
338 0.0276051 0.00560778 0.0219973 0.0332129
339 0.027263 0.00552962 0.0217334 0.0327926
340 0.0272416 0.00555639 0.0216852 0.032798
341 0.0274341 0.00555173 0.0218823 0.0329858
342 0.0273699 0.0055874 0.0217825 0.0329573
343 0.0273485 0.00594498 0.0214035 0.0332935
344 0.0271561 0.0058002 0.0213559 0.0329563
345 0.0272416 0.00559574 0.0216459 0.0328373
346 0.0271775 0.00562081 0.0215566 0.0327983
347 0.0271988 0.00566768 0.0215312 0.0328665
348 0.0271347 0.00560126 0.0215334 0.0327359
349 0.0271561 0.00558822 0.0215679 0.0327443
350 0.0273485 0.00569997 0.0216485 0.0330485
351 0.0279472 0.00589369 0.0220535 0.0338409
352 0.0285887 0.00554019 0.0230485 0.0341289
353 0.0272844 0.00573695 0.0215474 0.0330213
354 0.0273913 0.00541701 0.0219743 0.0328083
355 0.0300214 0.00944585 0.0205755 0.0394672
356 0.0275837 0.00540353 0.0221802 0.0329873
357 0.0270919 0.00545369 0.0216382 0.0325456
358 0.0271347 0.00533365 0.021801 0.0324683
359 0.0274982 0.00636056 0.0211376 0.0338588
360 0.0271775 0.00519644 0.021981 0.0323739
361 0.0277762 0.0059064 0.0218698 0.0336826
362 0.027712 0.00516312 0.0225489 0.0328751
363 0.0281824 0.00654731 0.0216351 0.0347298
364 0.0274554 0.00532529 0.0221301 0.0327807
365 0.027263 0.00526706 0.0219959 0.03253
366 0.0272202 0.00523117 0.0219891 0.0324514
367 0.0272416 0.00527439 0.0219672 0.032516
368 0.0277548 0.00542279 0.022332 0.0331776
369 0.0266857 0.0047514 0.0219343 0.0314371
370 0.0265574 0.00511919 0.0214382 0.0316765
371 0.0283107 0.00872835 0.0195824 0.0370391
372 0.0273699 0.00575668 0.0216132 0.0331266
373 0.0268567 0.00469564 0.0221611 0.0315524
374 0.0266215 0.00471561 0.0219059 0.0313371
375 0.0266001 0.00471895 0.0218812 0.0313191
376 0.0266643 0.00484077 0.0218235 0.031505
377 0.0262366 0.00409361 0.022143 0.0303302
378 0.0265146 0.00413964 0.0223749 0.0306542
379 0.0265146 0.00590876 0.0206058 0.0324234
380 0.0261297 0.00423551 0.0218942 0.0303652
381 0.0266215 0.00494469 0.0216768 0.0315662
382 0.0258731 0.00402882 0.0218443 0.0299019
383 0.0261511 0.00406671 0.0220844 0.0302178
384 0.0267926 0.00386377 0.0229288 0.0306563
385 0.0259373 0.0039964 0.0219409 0.0299337
386 0.0264504 0.00445516 0.0219953 0.0309056
387 0.0302566 0.00804954 0.022207 0.0383061
388 0.0266001 0.00484327 0.0217569 0.0314434
389 0.0266001 0.00521599 0.0213841 0.0318161
390 0.0266001 0.00491077 0.0216894 0.0315109
391 0.0266643 0.00482184 0.0218424 0.0314861
392 0.0274982 0.00499844 0.0224998 0.0324966
393 0.0288881 0.00851288 0.0203752 0.037401
394 0.0271347 0.00641265 0.020722 0.0335473
395 0.025531 0.00367161 0.0218594 0.0292026
396 0.0268995 0.00380565 0.0230938 0.0307051
397 0.0267498 0.00394388 0.0228059 0.0306937
398 0.0267498 0.00388549 0.0228643 0.0306353
399 0.0266001 0.00391625 0.0226839 0.0305164
400 0.0267498 0.00368497 0.0230648 0.0304348
401 0.0266643 0.00383527 0.022829 0.0304995
402 0.0266857 0.00311455 0.0235711 0.0298002
403 0.0260228 0.00280522 0.0232176 0.028828
404 0.0258517 0.00285113 0.0230006 0.0287029
405 0.0263649 0.00341127 0.0229536 0.0297762
406 0.0259586 0.00272191 0.0232367 0.0286806
407 0.0264504 0.0040532 0.0223972 0.0305036
408 0.026536 0.00402422 0.0225118 0.0305602
409 0.0266643 0.00408018 0.0225841 0.0307445
410 0.0260228 0.00596157 0.0200612 0.0319844
411 0.0283963 0.0122614 0.0161349 0.0406577
412 0.0253385 0.00397943 0.0213591 0.029318
413 0.025702 0.0037912 0.0219108 0.0294933
414 0.0253599 0.0036989 0.021661 0.0290588
415 0.0255096 0.00368944 0.0218202 0.029199
416 0.0258303 0.00370705 0.0221233 0.0295374
417 0.0246757 0.00363909 0.0210366 0.0283148
418 0.0246543 0.00414025 0.020514 0.0287945
419 0.0253813 0.00456665 0.0208147 0.029948
420 0.0246757 0.00370138 0.0209743 0.0283771
421 0.0246115 0.00365757 0.020954 0.0282691
422 0.0246757 0.00370138 0.0209743 0.0283771
423 0.0261939 0.0068115 0.0193824 0.0330054
424 0.0250178 0.00369989 0.0213179 0.0287177
425 0.0246543 0.00364455 0.0210097 0.0282988
426 0.0245688 0.00373917 0.0208296 0.0283079
427 0.0264932 0.00389254 0.0226007 0.0303857
428 0.0260656 0.00391596 0.0221496 0.0299815
429 0.0266429 0.00407081 0.0225721 0.0307137
430 0.0268353 0.0048739 0.0219614 0.0317092
431 0.0263221 0.00431163 0.0220105 0.0306338
432 0.0271988 0.00712838 0.0200705 0.0343272
433 0.0260656 0.00381662 0.0222489 0.0298822
434 0.0269422 0.00474099 0.0222013 0.0316832
435 0.025809 0.00333262 0.0224763 0.0291416
436 0.0254455 0.00312656 0.0223189 0.028572
437 0.0253172 0.00307376 0.0222434 0.0283909
438 0.0253385 0.00317985 0.0221587 0.0285184
439 0.0252316 0.00307495 0.0221567 0.0283066
440 0.0257876 0.00384675 0.0219408 0.0296343
441 0.025809 0.00438482 0.0214241 0.0301938
442 0.0254027 0.00321567 0.022187 0.0286184
443 0.0261939 0.00401831 0.0221755 0.0302122
444 0.0260442 0.00405461 0.0219896 0.0300988
445 0.0255951 0.00325207 0.0223431 0.0288472
446 0.0253172 0.00317618 0.022141 0.0284933
447 0.0253813 0.00325769 0.0221236 0.028639
448 0.0264077 0.00338057 0.0230271 0.0297882
449 0.0254882 0.00388766 0.0216006 0.0293759
450 0.0266215 0.00325657 0.0233649 0.0298781
451 0.0286101 0.00631555 0.0222946 0.0349257
452 0.0266643 0.00334631 0.023318 0.0300106
453 0.0264504 0.00318387 0.0232666 0.0296343
454 0.026814 0.0031166 0.0236973 0.0299306
455 0.0268567 0.0032558 0.0236009 0.0301125
456 0.0270492 0.00382715 0.023222 0.0308763
457 0.0271347 0.00551073 0.021624 0.0326454
458 0.0246115 0.000496429 0.0241151 0.025108
459 0.0246115 0.000531996 0.0240795 0.0251435
460 0.0245901 0.000478132 0.024112 0.0250683
461 0.0252102 0.00231675 0.0228935 0.027527
462 0.0245901 0.000565734 0.0240244 0.0251559
463 0.0247612 0.0011704 0.0235908 0.0259316
464 0.0246971 0.000687912 0.0240091 0.025385
465 0.0268781 0.00846851 0.0184096 0.0353466
466 0.0253813 0.00295136 0.0224299 0.0283327
467 0.0261725 0.00577825 0.0203942 0.0319507
468 0.0254027 0.00294555 0.0224571 0.0283482
469 0.0253385 0.00287158 0.022467 0.0282101
470 0.0255524 0.00292834 0.022624 0.0284807
471 0.0253385 0.00297174 0.0223668 0.0283103
472 0.0255738 0.00298011 0.0225936 0.0285539
473 0.0256807 0.00308527 0.0225954 0.0287659
474 0.0253813 0.00294516 0.0224362 0.0283265
475 0.0261511 0.00423416 0.0219169 0.0303852
476 0.0255738 0.00284189 0.0227319 0.0284156
477 0.0254455 0.00303153 0.0224139 0.028477
478 0.0273058 0.00634498 0.0209608 0.0336507
479 0.0264718 0.00432101 0.0221508 0.0307928
480 0.0269209 0.00411411 0.0228068 0.031035
481 0.0262794 0.00417807 0.0221013 0.0304575
482 0.026258 0.00409835 0.0221596 0.0303564
483 0.026814 0.00471216 0.0221018 0.0315261
484 0.0267926 0.00512343 0.0216691 0.031916
485 0.0265787 0.00405094 0.0225278 0.0306297
486 0.0262794 0.00447809 0.0218013 0.0307575
487 0.0262152 0.00412659 0.0220886 0.0303418
488 0.0263008 0.00411861 0.0221822 0.0304194
489 0.0262366 0.00412254 0.0221141 0.0303592
490 0.0263649 0.00416008 0.0222048 0.030525
491 0.0266215 0.00433152 0.02229 0.030953
492 0.0257662 0.00383908 0.0219271 0.0296053
493 0.0267498 0.00423891 0.0225109 0.0309887
494 0.0263863 0.00377961 0.0226067 0.0301659
495 0.0267926 0.00382333 0.0229692 0.0306159
496 0.0266429 0.00383246 0.0228104 0.0304754
497 0.0263221 0.00380463 0.0225175 0.0301268
498 0.0263435 0.00372428 0.0226192 0.0300678
499 0.0265146 0.00388437 0.0226302 0.030399
500 0.0260442 0.00296874 0.0230754 0.0290129
501 0.0259159 0.00283803 0.0230778 0.0287539
502 0.0258945 0.00277309 0.0231214 0.0286676
503 0.0260228 0.00290451 0.0231183 0.0289273
504 0.0259159 0.00285409 0.0230618 0.02877
505 0.0276693 0.00359103 0.0240782 0.0312603
506 0.0270492 0.0029932 0.024056 0.0300424
507 0.0267712 0.00285089 0.0239203 0.0296221
508 0.0266001 0.00294927 0.0236509 0.0295494
509 0.0264077 0.00292834 0.0234793 0.029336
510 0.0263863 0.00291653 0.0234698 0.0293028
511 0.0264932 0.00328342 0.0232098 0.0297766
512 0.026985 0.00306572 0.0239193 0.0300507
513 0.0263863 0.00291653 0.0234698 0.0293028
514 0.0266215 0.0029064 0.0237151 0.0295279
515 0.0277762 0.00638979 0.0213864 0.034166
516 0.0261511 0.00416228 0.0219888 0.0303134
517 0.0260869 0.00410415 0.0219828 0.0301911
518 0.0260442 0.00411283 0.0219313 0.030157
519 0.0266643 0.00526254 0.0214017 0.0319268
520 0.0266643 0.00489711 0.0217672 0.0315614
521 0.0267712 0.0052051 0.0215661 0.0319763
522 0.0276051 0.00591413 0.021691 0.0335192
523 0.0268781 0.0047222 0.0221559 0.0316003
524 0.0264077 0.00509766 0.02131 0.0315053
525 0.0264718 0.00480974 0.0216621 0.0312816
526 0.0263221 0.00484681 0.0214753 0.031169
527 0.0267498 0.00490495 0.0218449 0.0316548
528 0.026814 0.00481012 0.0220038 0.0316241
529 0.0264932 0.0051982 0.021295 0.0316914
530 0.0264077 0.00491873 0.021489 0.0313264
531 0.0266857 0.00496595 0.0217197 0.0316516
532 0.0264932 0.0048844 0.0216088 0.0313776
533 0.0266857 0.00482018 0.0218655 0.0315058
534 0.026258 0.00438299 0.021875 0.030641
535 0.025809 0.00426 0.021549 0.030069
536 0.0260014 0.00444966 0.0215517 0.0304511
537 0.0257234 0.00415348 0.0215699 0.0298769
538 0.0257876 0.0040528 0.0217348 0.0298404
539 0.0254455 0.00312364 0.0223218 0.0285691
540 0.0263649 0.0047473 0.0216176 0.0311122
541 0.0253172 0.00300151 0.0223156 0.0283187
542 0.0249964 0.00295198 0.0220444 0.0279484
543 0.0250178 0.00293029 0.0220875 0.0279481
544 0.0253813 0.00113369 0.0242476 0.026515
545 0.0245474 0.000733275 0.0238141 0.0252807
546 0.0244191 0.000603281 0.0238158 0.0250224
547 0.0271988 0.00606064 0.0211382 0.0332595
548 0.0244619 0.000480041 0.0239818 0.0249419
549 0.0243122 0.00047381 0.0238384 0.024786
550 0.0245901 0.000746866 0.0238433 0.025337
551 0.0244191 0.000485722 0.0239334 0.0249048
552 0.0245046 0.00059103 0.0239136 0.0250956
553 0.0249109 0.00132418 0.0235867 0.0262351
554 0.0246543 0.000706277 0.023948 0.0253606
555 0.0252102 0.00365757 0.0215527 0.0288678
556 0.0252316 0.00318308 0.0220485 0.0284147
557 0.025702 0.00363607 0.022066 0.0293381
558 0.0252316 0.00321168 0.0220199 0.0284433
559 0.0260442 0.00451556 0.0215286 0.0305597
560 0.0254241 0.00318158 0.0222425 0.0286056
561 0.0251247 0.00322553 0.0218992 0.0283502
562 0.025253 0.00319305 0.02206 0.0284461
563 0.0255096 0.00318961 0.02232 0.0286992
564 0.0252102 0.00303145 0.0221788 0.0282417
565 0.0252958 0.00312883 0.0221669 0.0284246
566 0.0255738 0.00311514 0.0224586 0.0286889
567 0.0252744 0.0031684 0.022106 0.0284428
568 0.0252316 0.00310455 0.0221271 0.0283362
569 0.0253172 0.00307079 0.0222464 0.0283879
570 0.0256593 0.00379385 0.0218654 0.0294531
571 0.0258517 0.00393227 0.0219195 0.029784
572 0.0253385 0.00317409 0.0221644 0.0285126
573 0.0253385 0.00317409 0.0221644 0.0285126
574 0.0252958 0.00306386 0.0222319 0.0283596
575 0.0252958 0.00317237 0.0221234 0.0284681
576 0.0263008 0.00364511 0.0226557 0.0299459
577 0.0253599 0.00324031 0.0221196 0.0286002
578 0.0263008 0.00451272 0.021788 0.0308135
579 0.0263221 0.0041999 0.0221223 0.030522
580 0.0253813 0.00325489 0.0221264 0.0286362
581 0.0252744 0.00317705 0.0220973 0.0284514
582 0.0261511 0.00458863 0.0215625 0.0307397
583 0.0263435 0.00453677 0.0218068 0.0308803
584 0.0260014 0.004625 0.0213764 0.0306264
585 0.0261725 0.00449668 0.0216758 0.0306692
586 0.0261297 0.00458589 0.0215438 0.0307156
587 0.0259586 0.00441563 0.021543 0.0303743
588 0.0264504 0.00468721 0.0217632 0.0311377
589 0.0268567 0.00452708 0.0223296 0.0313838
590 0.0268353 0.00468448 0.0221509 0.0315198
591 0.0260228 0.00403511 0.0219877 0.0300579
592 0.0255951 0.00410253 0.0214926 0.0296977
593 0.026814 0.00412437 0.0226896 0.0309383
594 0.0267498 0.00414952 0.0226003 0.0308993
595 0.0266643 0.00420382 0.0224605 0.0308681
596 0.0271133 0.00427526 0.022838 0.0313886
597 0.027263 0.00511199 0.022151 0.032375
598 0.0267712 0.00419102 0.0225802 0.0309622
599 0.026707 0.00424537 0.0224617 0.0309524
600 0.0261083 0.00318158 0.0229267 0.0292899
601 0.0269636 0.00459301 0.0223706 0.0315566
602 0.0258517 0.00313233 0.0227194 0.0289841
603 0.0259586 0.00312539 0.0228332 0.029084
604 0.0255096 0.00117333 0.0243363 0.0266829
605 0.025253 0.000655234 0.0245978 0.0259082
606 0.0250606 0.000391952 0.0246686 0.0254525
607 0.0241839 0.000393698 0.0237902 0.0245776
608 0.0260656 0.00367005 0.0223955 0.0297356
609 0.0248467 0.00310131 0.0217454 0.027948
610 0.0254455 0.00546913 0.0199763 0.0309146
611 0.0300855 0.0086173 0.0214682 0.0387028
612 0.024526 0.00294516 0.0215808 0.0274712
613 0.024077 0.00295391 0.021123 0.0270309
614 0.0259373 0.0059677 0.0199696 0.031905
615 0.0250392 0.00444735 0.0205918 0.0294865
616 0.0246115 0.00401967 0.0205919 0.0286312
617 0.0246971 0.00412166 0.0205754 0.0288187
618 0.0246329 0.00406924 0.0205637 0.0287022
619 0.0252102 0.00457905 0.0206312 0.0297893
620 0.0249109 0.0040274 0.0208835 0.0289383
621 0.0246543 0.00406671 0.0205876 0.028721
622 0.0246971 0.00397943 0.0207176 0.0286765
623 0.0265146 0.0043 0.0222146 0.0308146
624 0.02598 0.00428055 0.0216995 0.0302606
625 0.0261511 0.00461842 0.0215327 0.0307695
626 0.0262366 0.00440147 0.0218351 0.0306381
627 0.0261083 0.00415832 0.02195 0.0302666
628 0.0260228 0.00420816 0.0218146 0.030231
629 0.0260656 0.00424538 0.0218202 0.0303109
630 0.0259586 0.00435305 0.0216056 0.0303117
631 0.025809 0.00424925 0.0215597 0.0300582
632 0.0256165 0.00315104 0.0224655 0.0287676
633 0.0269209 0.00789423 0.0190266 0.0348151
634 0.0281397 0.0104881 0.0176516 0.0386278
635 0.0265574 0.00504542 0.0215119 0.0316028
636 0.0277976 0.00685583 0.0209417 0.0346534
637 0.0276051 0.00586445 0.0217407 0.0334696
638 0.0274554 0.00571139 0.021744 0.0331668
639 0.0274341 0.00599674 0.0214373 0.0334308
640 0.0279259 0.00556789 0.022358 0.0334937
641 0.0271988 0.00546562 0.0217332 0.0326645
642 0.0271561 0.00538319 0.0217729 0.0325393
643 0.0287384 0.00554897 0.0231894 0.0342874
644 0.028439 0.00554881 0.0228902 0.0339878
645 0.0289095 0.00562069 0.0232888 0.0345301
646 0.0286956 0.00598701 0.0227086 0.0346826
647 0.0288453 0.00560126 0.0232441 0.0344466
648 0.0286956 0.00568137 0.0230143 0.034377
649 0.0286742 0.00567586 0.0229984 0.0343501
650 0.0289308 0.00556818 0.0233627 0.034499
651 0.0286101 0.00561499 0.0229951 0.0342251
652 0.028546 0.00557901 0.0229669 0.034125
653 0.0293585 0.0071295 0.022229 0.036488
654 0.0285032 0.00549711 0.0230061 0.0340003
655 0.0288025 0.00549711 0.0233054 0.0342997
656 0.0283749 0.00556818 0.0228067 0.0339431
657 0.0267284 0.00445562 0.0222728 0.031184
658 0.0263435 0.00446157 0.021882 0.0308051
659 0.0270278 0.00443526 0.0225925 0.031463
660 0.0268353 0.00497786 0.0218575 0.0318132
661 0.0262794 0.00407615 0.0222032 0.0303555
662 0.0259159 0.00308208 0.0228338 0.028998
663 0.0268781 0.00528162 0.0215965 0.0321597
664 0.0261725 0.00413655 0.0220359 0.030309
665 0.0261511 0.00406446 0.0220866 0.0302155
666 0.0263221 0.00395083 0.0223713 0.030273
667 0.0260656 0.00396008 0.0221055 0.0300256
668 0.0262366 0.0044838 0.0217528 0.0307204
669 0.0261511 0.0039964 0.0221547 0.0301475
670 0.0261511 0.00407121 0.0220799 0.0302223
671 0.0260228 0.00398494 0.0220378 0.0300077
672 0.0279259 0.00471605 0.0232098 0.0326419
673 0.026258 0.00396452 0.0222935 0.0302225
674 0.0264932 0.0040739 0.0224193 0.0305671
675 0.0316251 0.00913769 0.0224874 0.0407628
676 0.0262794 0.0040333 0.0222461 0.0303127
677 0.0264504 0.00445105 0.0219994 0.0309015
678 0.026258 0.00404219 0.0222158 0.0303002
679 0.0269636 0.00498997 0.0219737 0.0319536
680 0.0269422 0.00503653 0.0219057 0.0319788
681 0.0269636 0.00492356 0.0220401 0.0318872
682 0.0276693 0.00553495 0.0221343 0.0332042
683 0.0271775 0.0048487 0.0223288 0.0320262
684 0.0268567 0.00491636 0.0219404 0.0317731
685 0.0285246 0.0062357 0.0222889 0.0347603
686 0.0266857 0.00428808 0.0223976 0.0309737
687 0.0266001 0.0045109 0.0220892 0.031111
688 0.0254455 0.0038879 0.0215576 0.0293334
689 0.0270064 0.00398953 0.0230169 0.0309959
690 0.0267284 0.00389495 0.0228335 0.0306234
691 0.0267712 0.00410281 0.0226684 0.030874
692 0.026814 0.00409768 0.0227163 0.0309116
693 0.0266857 0.00443897 0.0222467 0.0311246
694 0.026707 0.00404462 0.0226624 0.0307517
695 0.0268781 0.00392249 0.0229556 0.0308006
696 0.0271561 0.0045811 0.022575 0.0317372
697 0.0266215 0.00406581 0.0225557 0.0306873
698 0.026536 0.00395083 0.0225851 0.0304868
699 0.0265146 0.00396129 0.0225533 0.0304759
700 0.0265787 0.00401694 0.0225618 0.0305957
701 0.028995 0.00482056 0.0241744 0.0338156
702 0.0282038 0.00439565 0.0238082 0.0325995
703 0.0273699 0.00394742 0.0234225 0.0313173
704 0.0268353 0.00134473 0.0254906 0.0281801
705 0.0258945 0.00058128 0.0253132 0.0264758
706 0.0258517 0.00051452 0.0253372 0.0263662
707 0.0267712 0.00295794 0.0238132 0.0297291
708 0.0275837 0.00503381 0.0225499 0.0326175
709 0.0265574 0.00353921 0.0230181 0.0300966
710 0.0264718 0.0029253 0.0235465 0.0293971
711 0.0269422 0.00356265 0.0233796 0.0305049
712 0.0264077 0.00293458 0.0234731 0.0293423
713 0.0265787 0.00293271 0.023646 0.0295115
714 0.0263649 0.00293271 0.0234322 0.0292976
715 0.0314754 0.0186692 0.0128062 0.0501446
716 0.0278831 0.0045813 0.0233018 0.0324644
717 0.025809 0.00276913 0.0230398 0.0285781
718 0.0266429 0.00474889 0.021894 0.0313918
719 0.0257662 0.00281043 0.0229558 0.0285766
720 0.0253172 0.00286752 0.0224496 0.0281847
721 0.0252316 0.00288152 0.0223501 0.0281131
722 0.0260014 0.00391859 0.0220828 0.02992
723 0.0267284 0.00442886 0.0222996 0.0311573
724 0.0258945 0.00395083 0.0219437 0.0298453
725 0.025809 0.00383049 0.0219785 0.0296395
726 0.0259159 0.00386643 0.0220494 0.0297823
727 0.0257876 0.00391275 0.0218748 0.0297003
728 0.0260228 0.00441184 0.0216109 0.0304346
729 0.0258303 0.00439549 0.0214349 0.0302258
730 0.0257876 0.00390807 0.0218795 0.0296957
731 0.025809 0.00400097 0.021808 0.0298099
732 0.0257876 0.00419908 0.0215885 0.0299867
733 0.0251033 0.00292279 0.0221805 0.0280261
734 0.0269209 0.00598789 0.020933 0.0329088
735 0.0253813 0.00310241 0.0222789 0.0284837
736 0.0263435 0.00324116 0.0231024 0.0295847
737 0.0253385 0.0029594 0.0223791 0.0282979
738 0.0251675 0.00289505 0.0222724 0.0280625
739 0.027263 0.00585258 0.0214104 0.0331156
740 0.0250606 0.00303424 0.0220263 0.0280948
741 0.0249964 0.00284149 0.0221549 0.0278379
742 0.0250392 0.00292709 0.0221121 0.0279663
743 0.025253 0.00297973 0.0222733 0.0282327
744 0.0252744 0.00299328 0.0222811 0.0282677
745 0.0251033 0.00295082 0.0221525 0.0280542
746 0.0252744 0.00357265 0.0217017 0.028847
747 0.0261725 0.00515603 0.0210164 0.0313285
748 0.0252102 0.00348604 0.0217242 0.0286963
749 0.0253599 0.00292279 0.0224371 0.0282827
750 0.0248467 0.000896036 0.0239507 0.0257428
751 0.0246329 0.00102459 0.0236083 0.0256575
752 0.0246757 0.000542633 0.024133 0.0252183
753 0.024526 0.000454099 0.0240719 0.0249801
754 0.0251247 0.00280717 0.0223175 0.0279319
755 0.0243977 0.00049643 0.0239013 0.0248941
756 0.0278189 0.0139356 0.0138834 0.0417545
757 0.0253385 0.00345812 0.0218804 0.0287967
758 0.0254027 0.00390877 0.0214939 0.0293115
759 0.0255524 0.00350279 0.0220496 0.0290552
760 0.0255524 0.00340751 0.0221449 0.0289599
761 0.0253385 0.00335068 0.0219879 0.0286892
762 0.0255096 0.00341127 0.0220983 0.0289209
763 0.0253599 0.00342951 0.0219304 0.0287894
764 0.0253385 0.00278756 0.022551 0.0281261
765 0.0264932 0.0056823 0.0208109 0.0321755
766 0.0253385 0.00288746 0.0224511 0.028226
767 0.0253813 0.00288239 0.0224989 0.0282637
768 0.0273485 0.00505009 0.0222984 0.0323986
769 0.0254241 0.00292084 0.0225032 0.0283449
770 0.0253385 0.00286521 0.0224733 0.0282037
771 0.0273913 0.00473419 0.0226571 0.0321255
772 0.0252744 0.00287802 0.0223964 0.0281524
773 0.0251675 0.00289189 0.0222756 0.0280594
774 0.0253599 0.00290396 0.022456 0.0282639
775 0.0253599 0.00296935 0.0223906 0.0283293
776 0.0264077 0.00462357 0.0217841 0.0310312
777 0.0259159 0.00439549 0.0215204 0.0303114
778 0.0251675 0.00189464 0.0232728 0.0270621
779 0.0247184 0.000550994 0.0241674 0.0252694
780 0.0262152 0.0067822 0.019433 0.0329974
781 0.0248681 0.000578125 0.02429 0.0254462
782 0.0246329 0.000495046 0.0241379 0.025128
783 0.0246115 0.000496429 0.0241151 0.025108
784 0.0247184 0.00118361 0.0235348 0.0259021
785 0.0254668 0.000437694 0.0250291 0.0259045
786 0.0249964 0.000477654 0.0245188 0.0254741
787 0.0245474 0.000495046 0.0240523 0.0250424
788 0.024248 0.00047042 0.0237776 0.0247184
789 0.0255738 0.000583243 0.0249905 0.026157
790 0.0253385 0.00055554 0.024783 0.0258941
791 0.0253172 0.000567348 0.0247498 0.0258845
792 0.0262366 0.00382572 0.0224109 0.0300623
793 0.0254027 0.000391952 0.0250107 0.0257946
794 0.0252102 0.000531997 0.0246782 0.0257422
795 0.0275196 0.00920131 0.0183183 0.0367209
796 0.0266001 0.00375899 0.0228411 0.0303591
797 0.0248254 0.0026689 0.0221565 0.0274943
798 0.0247398 0.0026955 0.0220443 0.0274353
799 0.024975 0.00273966 0.0222354 0.0277147
