# ../output/graphs/perf_serial16QUADRUPED
# step - mean (0.152275) - standard deviation (0.0129217) r=20 - ylow - yhigh
0 0.148178 0.00514579 0.143032 0.153323
1 0.144664 0.00752035 0.137144 0.152185
2 0.147757 0.0179651 0.129792 0.165722
3 0.149769 0.0110724 0.138697 0.160842
4 0.144574 0.00453474 0.140039 0.149109
5 0.172276 0.109437 0.0628388 0.281713
6 0.148313 0.0101322 0.138181 0.158445
7 0.144529 0.00557204 0.138957 0.150101
8 0.152277 0.0136216 0.138655 0.165898
9 0.147802 0.00877471 0.139028 0.156577
10 0.15121 0.0174815 0.133729 0.168692
11 0.148283 0.0157875 0.132495 0.16407
12 0.147622 0.00778055 0.139841 0.155403
13 0.146886 0.00861116 0.138275 0.155497
14 0.148328 0.00907224 0.139255 0.1574
15 0.147892 0.00812308 0.139769 0.156015
16 0.146871 0.00701154 0.13986 0.153883
17 0.146931 0.00874769 0.138184 0.155679
18 0.148568 0.00827233 0.140296 0.15684
19 0.144829 0.00486903 0.13996 0.149698
20 0.151165 0.0187185 0.132447 0.169884
21 0.148388 0.00664465 0.141743 0.155032
22 0.146916 0.00789473 0.139022 0.154811
23 0.151751 0.0124521 0.139299 0.164203
24 0.14585 0.00419556 0.141655 0.150046
25 0.146015 0.00774424 0.138271 0.15376
26 0.155655 0.0122749 0.14338 0.16793
27 0.147907 0.00384261 0.144065 0.15175
28 0.153643 0.0188296 0.134813 0.172472
29 0.150024 0.0103525 0.139672 0.160377
30 0.152171 0.0143074 0.137864 0.166479
31 0.15082 0.0130112 0.137809 0.163831
32 0.160549 0.0317598 0.12879 0.192309
33 0.149394 0.00982202 0.139572 0.159216
34 0.154739 0.0110908 0.143648 0.16583
35 0.151301 0.00865347 0.142647 0.159954
36 0.152457 0.00976475 0.142692 0.162221
37 0.15085 0.00852433 0.142326 0.159374
38 0.156466 0.016516 0.13995 0.172982
39 0.154138 0.00994319 0.144195 0.164082
40 0.153147 0.0125616 0.140586 0.165709
41 0.152111 0.007272 0.144839 0.159383
42 0.152397 0.0106017 0.141795 0.162998
43 0.153343 0.00984347 0.143499 0.163186
44 0.152922 0.0136375 0.139285 0.16656
45 0.151361 0.00863323 0.142727 0.159994
46 0.152862 0.0105429 0.142319 0.163405
47 0.150325 0.0093372 0.140987 0.159662
48 0.147337 0.00997541 0.137361 0.157312
49 0.147502 0.00825035 0.139252 0.155752
50 0.144439 0.00262817 0.141811 0.147067
51 0.148283 0.00692268 0.14136 0.155205
52 0.149033 0.010098 0.138935 0.159131
53 0.144199 0.0021625 0.142036 0.146361
54 0.151406 0.0150779 0.136328 0.166484
55 0.146481 0.00652643 0.139955 0.153007
56 0.145295 0.00703937 0.138255 0.152334
57 0.145715 0.00591415 0.139801 0.151629
58 0.145895 0.00628765 0.139608 0.152183
59 0.145445 0.0060434 0.139402 0.151488
60 0.148838 0.0110453 0.137793 0.159883
61 0.146 0.00745938 0.138541 0.15346
62 0.146586 0.00834256 0.138243 0.154929
63 0.146721 0.00835829 0.138363 0.155079
64 0.146616 0.00577295 0.140843 0.152389
65 0.148238 0.00995641 0.138281 0.158194
66 0.150595 0.0174737 0.133121 0.168069
67 0.149589 0.0132029 0.136386 0.162792
68 0.153222 0.0120243 0.141198 0.165247
69 0.150159 0.00746354 0.142696 0.157623
70 0.148133 0.00776182 0.140371 0.155894
71 0.147952 0.00600886 0.141944 0.153961
72 0.158417 0.00868478 0.149733 0.167102
73 0.155324 0.0079573 0.147367 0.163282
74 0.156631 0.00744898 0.149182 0.16408
75 0.158177 0.011573 0.146604 0.16975
76 0.155805 0.0111642 0.144641 0.166969
77 0.15585 0.00869905 0.147151 0.164549
78 0.157967 0.0111368 0.14683 0.169104
79 0.156646 0.00747368 0.149172 0.164119
80 0.158613 0.0116629 0.14695 0.170276
81 0.161045 0.0202694 0.140776 0.181314
82 0.154994 0.00557218 0.149422 0.160566
83 0.158718 0.0155724 0.143145 0.17429
84 0.155955 0.00871215 0.147243 0.164667
85 0.158417 0.0132163 0.145201 0.171634
86 0.155445 0.00669131 0.148753 0.162136
87 0.155685 0.010273 0.145412 0.165958
88 0.155279 0.00969282 0.145587 0.164972
89 0.157757 0.0111485 0.146608 0.168905
90 0.159333 0.0110698 0.148264 0.170403
91 0.154619 0.00607364 0.148545 0.160692
92 0.156421 0.0107388 0.145682 0.167159
93 0.157712 0.0100449 0.147667 0.167757
94 0.154469 0.00629849 0.14817 0.160767
95 0.153523 0.00562661 0.147896 0.159149
96 0.160174 0.0097427 0.150431 0.169917
97 0.16097 0.0134677 0.147502 0.174438
98 0.15603 0.0067109 0.149319 0.162741
99 0.154048 0.00738796 0.14666 0.161436
100 0.158793 0.0152831 0.14351 0.174076
101 0.158583 0.0106701 0.147912 0.169253
102 0.157622 0.0130727 0.144549 0.170694
103 0.156736 0.00818885 0.148547 0.164925
104 0.161706 0.0208848 0.140821 0.18259
105 0.15618 0.0094964 0.146684 0.165677
106 0.153778 0.00451823 0.14926 0.158296
107 0.157652 0.0116286 0.146023 0.16928
108 0.1557 0.0120312 0.143669 0.167731
109 0.156646 0.0147546 0.141891 0.1714
110 0.15588 0.00682119 0.149059 0.162701
111 0.154349 0.00690534 0.147443 0.161254
112 0.15582 0.00927008 0.14655 0.16509
113 0.160444 0.0124213 0.148023 0.172866
114 0.152547 0.00582282 0.146724 0.15837
115 0.152322 0.00415211 0.148169 0.156474
116 0.157742 0.0141155 0.143626 0.171857
117 0.151691 0.0123591 0.139332 0.16405
118 0.148988 0.00268633 0.146302 0.151675
119 0.152982 0.0117437 0.141238 0.164726
120 0.151421 0.00909279 0.142328 0.160513
121 0.154213 0.0186284 0.135585 0.172842
122 0.158462 0.0157086 0.142754 0.174171
123 0.15031 0.00705102 0.143259 0.157361
124 0.153403 0.0128021 0.140601 0.166205
125 0.148253 0.00578171 0.142471 0.154034
126 0.149214 0.00561058 0.143603 0.154824
127 0.15064 0.00828181 0.142358 0.158922
128 0.151331 0.0132013 0.138129 0.164532
129 0.147562 0.0042312 0.143331 0.151793
130 0.152982 0.00844046 0.144542 0.161423
131 0.149859 0.00620987 0.143649 0.156069
132 0.151976 0.00805922 0.143917 0.160035
133 0.151766 0.00838952 0.143377 0.160156
134 0.151826 0.009201 0.142625 0.161027
135 0.151511 0.00745991 0.144051 0.158971
136 0.154258 0.0111476 0.143111 0.165406
137 0.150985 0.00873402 0.142251 0.159719
138 0.154529 0.0096497 0.144879 0.164178
139 0.153823 0.0115936 0.142229 0.165417
140 0.158012 0.0277145 0.130298 0.185727
141 0.149889 0.00540293 0.144486 0.155292
142 0.150925 0.00851699 0.142408 0.159442
143 0.149649 0.00400216 0.145647 0.153651
144 0.153087 0.00886061 0.144227 0.161948
145 0.153853 0.0155338 0.138319 0.169387
146 0.154409 0.0118971 0.142511 0.166306
147 0.150535 0.00692367 0.143611 0.157459
148 0.149184 0.0113716 0.137812 0.160555
149 0.15091 0.0126152 0.138295 0.163525
150 0.149093 0.00797124 0.141122 0.157065
151 0.154484 0.0116613 0.142822 0.166145
152 0.151 0.0101772 0.140823 0.161178
153 0.147442 0.00721631 0.140226 0.154658
154 0.152397 0.0138841 0.138513 0.166281
155 0.150535 0.0104642 0.140071 0.160999
156 0.148072 0.00809996 0.139973 0.156172
157 0.152712 0.0127163 0.139996 0.165428
158 0.149274 0.00867773 0.140596 0.157951
159 0.151165 0.0106068 0.140559 0.161772
160 0.148103 0.00614427 0.141958 0.154247
161 0.15624 0.0144529 0.141787 0.170693
162 0.157051 0.0127621 0.144289 0.169813
163 0.152967 0.00874063 0.144227 0.161708
164 0.158057 0.0135118 0.144545 0.171569
165 0.15073 0.00635129 0.144379 0.157081
166 0.159619 0.0390264 0.120592 0.198645
167 0.155129 0.0104112 0.144718 0.16554
168 0.152337 0.00953062 0.142806 0.161867
169 0.15064 0.0051849 0.145455 0.155825
170 0.150144 0.0110554 0.139089 0.1612
171 0.149289 0.0043467 0.144942 0.153635
172 0.152922 0.0105328 0.142389 0.163455
173 0.151841 0.0101186 0.141723 0.16196
174 0.151751 0.0114225 0.140328 0.163174
175 0.15076 0.009471 0.141289 0.160231
176 0.152201 0.0160348 0.136167 0.168236
177 0.152712 0.0186741 0.134038 0.171386
178 0.148403 0.00606301 0.14234 0.154466
179 0.149409 0.00708228 0.142326 0.156491
180 0.147892 0.00592529 0.141967 0.153818
181 0.149574 0.0182144 0.131359 0.167788
182 0.149259 0.00972374 0.139535 0.158982
183 0.146706 0.00721973 0.139486 0.153926
184 0.144124 0.00561586 0.138508 0.14974
185 0.147727 0.00915782 0.138569 0.156885
186 0.146046 0.00851269 0.137533 0.154558
187 0.148027 0.0113973 0.13663 0.159425
188 0.143913 0.00662671 0.137287 0.15054
189 0.147367 0.0109356 0.136431 0.158302
190 0.144409 0.00625575 0.138153 0.150665
191 0.147742 0.0118578 0.135884 0.1596
192 0.148928 0.0110584 0.13787 0.159987
193 0.146091 0.00758638 0.138504 0.153677
194 0.145955 0.00866555 0.13729 0.154621
195 0.150925 0.00987827 0.141047 0.160803
196 0.149063 0.00934589 0.139718 0.158409
197 0.151421 0.0138498 0.137571 0.16527
198 0.150595 0.0130114 0.137584 0.163606
199 0.151135 0.0107733 0.140362 0.161909
200 0.161706 0.0255515 0.136154 0.187257
201 0.155084 0.0114415 0.143643 0.166526
202 0.153913 0.00965441 0.144259 0.163568
203 0.152547 0.00663428 0.145913 0.159181
204 0.158417 0.0155039 0.142914 0.173921
205 0.160895 0.0182519 0.142643 0.179147
206 0.152937 0.0093732 0.143564 0.16231
207 0.151195 0.00413102 0.147064 0.155327
208 0.15552 0.00856371 0.146956 0.164083
209 0.158898 0.0138147 0.145083 0.172713
210 0.153117 0.00651281 0.146605 0.15963
211 0.170985 0.0497063 0.121278 0.220691
212 0.153192 0.00854071 0.144652 0.161733
213 0.15561 0.0119783 0.143631 0.167588
214 0.154168 0.0105407 0.143628 0.164709
215 0.149199 0.00581761 0.143381 0.155016
216 0.153388 0.00960342 0.143784 0.162991
217 0.151661 0.00747682 0.144184 0.159138
218 0.151331 0.0059798 0.145351 0.15731
219 0.155024 0.0121344 0.14289 0.167159
220 0.152442 0.00821513 0.144227 0.160657
221 0.152697 0.00907424 0.143623 0.161771
222 0.154258 0.0110055 0.143253 0.165264
223 0.152982 0.00842013 0.144562 0.161402
224 0.160204 0.0132064 0.146998 0.173411
225 0.149814 0.00200745 0.147807 0.151822
226 0.150535 0.00438268 0.146152 0.154918
227 0.152186 0.00690181 0.145285 0.159088
228 0.150445 0.0036949 0.14675 0.15414
229 0.154078 0.00771509 0.146363 0.161793
230 0.154138 0.0119083 0.14223 0.166047
231 0.157682 0.0138393 0.143842 0.171521
232 0.15588 0.0117212 0.144159 0.167601
233 0.155595 0.0114462 0.144149 0.167041
234 0.151571 0.00636717 0.145204 0.157938
235 0.155069 0.00873701 0.146332 0.163806
236 0.157862 0.00970361 0.148158 0.167566
237 0.155369 0.00969864 0.145671 0.165068
238 0.154904 0.00647836 0.148426 0.161382
239 0.15582 0.011998 0.143822 0.167818
240 0.156706 0.0132026 0.143503 0.169908
241 0.155955 0.00764368 0.148311 0.163599
242 0.158132 0.0123339 0.145798 0.170466
243 0.156045 0.0103202 0.145725 0.166365
244 0.153988 0.0121168 0.141871 0.166105
245 0.154994 0.0116042 0.14339 0.166598
246 0.15618 0.0123466 0.143834 0.168527
247 0.151526 0.00733123 0.144195 0.158857
248 0.158207 0.0165857 0.141622 0.174793
249 0.152006 0.0062886 0.145718 0.158295
250 0.15106 0.00465155 0.146409 0.155712
251 0.148988 0.00574665 0.143242 0.154735
252 0.152877 0.0139056 0.138971 0.166783
253 0.146751 0.00688906 0.139862 0.15364
254 0.149799 0.0135561 0.136243 0.163355
255 0.14501 0.00767231 0.137337 0.152682
256 0.147292 0.0096212 0.137671 0.156913
257 0.146886 0.00609836 0.140788 0.152985
258 0.157276 0.0171533 0.140123 0.17443
259 0.151796 0.0106017 0.141194 0.162398
260 0.147772 0.00757234 0.1402 0.155345
261 0.15028 0.00919222 0.141087 0.159472
262 0.148823 0.00656418 0.142259 0.155387
263 0.148763 0.00494648 0.143817 0.15371
264 0.158763 0.0147503 0.144012 0.173513
265 0.148433 0.00839634 0.140036 0.156829
266 0.146661 0.00527125 0.14139 0.151932
267 0.146841 0.00746265 0.139379 0.154304
268 0.151256 0.0277991 0.123456 0.179055
269 0.1504 0.0134167 0.136983 0.163816
270 0.146871 0.00779127 0.13908 0.154663
271 0.146571 0.00649409 0.140077 0.153065
272 0.153628 0.0167109 0.136917 0.170339
273 0.146046 0.00533913 0.140706 0.151385
274 0.148358 0.0108339 0.137524 0.159192
275 0.152382 0.0137903 0.138591 0.166172
276 0.144859 0.00420018 0.140659 0.14906
277 0.147757 0.0116833 0.136074 0.15944
278 0.149739 0.00935017 0.140389 0.159089
279 0.147051 0.0113066 0.135745 0.158358
280 0.145865 0.00773142 0.138134 0.153597
281 0.147277 0.00689912 0.140378 0.154176
282 0.148087 0.00500076 0.143087 0.153088
283 0.147577 0.00800679 0.13957 0.155584
284 0.146451 0.00400872 0.142442 0.15046
285 0.149949 0.00672894 0.14322 0.156678
286 0.1563 0.0234353 0.132865 0.179736
287 0.150685 0.00695064 0.143734 0.157636
288 0.156481 0.0148502 0.14163 0.171331
289 0.150205 0.00553021 0.144674 0.155735
290 0.150355 0.0109254 0.139429 0.16128
291 0.159544 0.0157719 0.143772 0.175315
292 0.15112 0.00686663 0.144254 0.157987
293 0.148643 0.00406112 0.144582 0.152704
294 0.15079 0.00670746 0.144083 0.157498
295 0.152352 0.012146 0.140206 0.164498
296 0.153988 0.0110589 0.142929 0.165047
297 0.15091 0.00868893 0.142221 0.159599
298 0.154349 0.0135503 0.140798 0.167899
299 0.157201 0.0107634 0.146438 0.167965
300 0.154799 0.0100328 0.144766 0.164832
301 0.153898 0.0127849 0.141113 0.166683
302 0.154604 0.0109674 0.143636 0.165571
303 0.153147 0.0120108 0.141137 0.165158
304 0.151301 0.0107612 0.140539 0.162062
305 0.154559 0.0129852 0.141573 0.167544
306 0.148583 0.00831567 0.140267 0.156899
307 0.149889 0.0093381 0.140551 0.159227
308 0.153913 0.00950379 0.144409 0.163417
309 0.149199 0.00587852 0.14332 0.155077
310 0.147142 0.00316944 0.143972 0.150311
311 0.150505 0.0085245 0.14198 0.159029
312 0.147787 0.0062898 0.141497 0.154077
313 0.148388 0.00789838 0.140489 0.156286
314 0.145595 0.00438594 0.141209 0.149981
315 0.147817 0.00662603 0.141191 0.154443
316 0.14543 0.00202133 0.143409 0.147451
317 0.151571 0.0141148 0.137456 0.165686
318 0.147006 0.00624101 0.140765 0.153247
319 0.150205 0.00831567 0.141889 0.15852
320 0.154904 0.0192703 0.135634 0.174174
321 0.14582 0.00441067 0.14141 0.150231
322 0.149769 0.00963402 0.140135 0.159403
323 0.151631 0.00925381 0.142377 0.160885
324 0.15555 0.0182807 0.137269 0.17383
325 0.153463 0.0142096 0.139253 0.167672
326 0.148433 0.00508287 0.14335 0.153516
327 0.157006 0.0083041 0.148702 0.16531
328 0.154469 0.00569552 0.148773 0.160164
329 0.157366 0.00983485 0.147532 0.167201
330 0.161015 0.0119138 0.149101 0.172929
331 0.160775 0.0175417 0.143233 0.178316
332 0.158733 0.0121539 0.146579 0.170887
333 0.158688 0.0107734 0.147914 0.169461
334 0.15603 0.00804942 0.147981 0.16408
335 0.155264 0.00662712 0.148637 0.161892
336 0.155955 0.00879661 0.147158 0.164752
337 0.15585 0.00974575 0.146104 0.165596
338 0.153072 0.00485584 0.148216 0.157928
339 0.152997 0.00437176 0.148625 0.157369
340 0.155099 0.00738949 0.14771 0.162489
341 0.160474 0.0151978 0.145277 0.175672
342 0.157231 0.013463 0.143768 0.170694
343 0.158357 0.0150118 0.143346 0.173369
344 0.155685 0.00527302 0.150412 0.160958
345 0.154454 0.00559318 0.14886 0.160047
346 0.158508 0.0104448 0.148063 0.168952
347 0.154589 0.00566473 0.148924 0.160253
348 0.154168 0.00506181 0.149107 0.15923
349 0.154559 0.00527698 0.149282 0.159836
350 0.154108 0.00485187 0.149256 0.15896
351 0.15618 0.00737263 0.148808 0.163553
352 0.157727 0.0113495 0.146377 0.169076
353 0.17163 0.075006 0.0966242 0.246636
354 0.156901 0.0124739 0.144427 0.169375
355 0.153072 0.00750535 0.145567 0.160578
356 0.153823 0.00635938 0.147464 0.160182
357 0.155144 0.00983659 0.145308 0.164981
358 0.156135 0.0172906 0.138845 0.173426
359 0.160144 0.0159854 0.144159 0.17613
360 0.15615 0.0101176 0.146033 0.166268
361 0.153012 0.00582551 0.147187 0.158838
362 0.15579 0.00785621 0.147934 0.163646
363 0.154919 0.00700768 0.147911 0.161927
364 0.156421 0.0105989 0.145822 0.167019
365 0.154334 0.0086801 0.145653 0.163014
366 0.154288 0.0107034 0.143585 0.164992
367 0.152382 0.00335125 0.14903 0.155733
368 0.156466 0.0200037 0.136462 0.176469
369 0.159994 0.0131596 0.146834 0.173154
370 0.154213 0.00658823 0.147625 0.160802
371 0.15591 0.0155205 0.14039 0.171431
372 0.155339 0.0103441 0.144995 0.165684
373 0.149514 0.0061003 0.143414 0.155614
374 0.1507 0.00895157 0.141748 0.159652
375 0.157021 0.0142075 0.142814 0.171229
376 0.149484 0.00631864 0.143165 0.155802
377 0.149484 0.00677789 0.142706 0.156262
378 0.153748 0.0129748 0.140773 0.166723
379 0.147727 0.00437895 0.143348 0.152106
380 0.151556 0.00923509 0.142321 0.160791
381 0.148853 0.00554934 0.143304 0.154403
382 0.147157 0.005694 0.141463 0.152851
383 0.153087 0.0147578 0.13833 0.167845
384 0.149229 0.00781241 0.141416 0.157041
385 0.148268 0.00253362 0.145734 0.150801
386 0.156586 0.0150002 0.141585 0.171586
387 0.151286 0.00958886 0.141697 0.160874
388 0.144454 0.00270006 0.141754 0.147154
389 0.149424 0.0101866 0.139237 0.15961
390 0.152907 0.00977098 0.143136 0.162678
391 0.149829 0.00662508 0.143204 0.156454
392 0.149649 0.00951223 0.140137 0.159161
393 0.148328 0.00814302 0.140185 0.156471
394 0.146541 0.00522882 0.141312 0.15177
395 0.151511 0.0115252 0.139986 0.163036
396 0.1454 0.00307499 0.142325 0.148475
397 0.152742 0.0184594 0.134283 0.171201
398 0.150805 0.0101027 0.140702 0.160908
399 0.148313 0.00817034 0.140142 0.156483
400 0.148613 0.00813384 0.140479 0.156747
401 0.144634 0.00167806 0.142956 0.146312
402 0.151976 0.0140806 0.137896 0.166057
403 0.155385 0.0161377 0.139247 0.171522
404 0.147637 0.00693029 0.140707 0.154567
405 0.145805 0.00415385 0.141651 0.149959
406 0.149769 0.00969885 0.14007 0.159468
407 0.145745 0.00598869 0.139757 0.151734
408 0.148988 0.009576 0.139412 0.158564
409 0.151466 0.00984856 0.141617 0.161314
410 0.151015 0.009889 0.141126 0.160904
411 0.158057 0.0210702 0.136987 0.179127
412 0.153688 0.00793899 0.145749 0.161627
413 0.151871 0.00545657 0.146415 0.157328
414 0.151886 0.00509041 0.146796 0.156977
415 0.15636 0.0137141 0.142646 0.170075
416 0.157742 0.0185415 0.1392 0.176283
417 0.152156 0.00657427 0.145582 0.158731
418 0.15603 0.0153757 0.140654 0.171406
419 0.154123 0.0115605 0.142563 0.165684
420 0.154964 0.00941705 0.145547 0.164381
421 0.154784 0.0104669 0.144317 0.165251
422 0.153403 0.00949278 0.14391 0.162895
423 0.153072 0.00779241 0.14528 0.160865
424 0.15567 0.0123938 0.143276 0.168064
425 0.1554 0.0120754 0.143324 0.167475
426 0.160354 0.0132233 0.147131 0.173578
427 0.152577 0.00756162 0.145015 0.160138
428 0.158177 0.0212667 0.13691 0.179444
429 0.15079 0.00862999 0.14216 0.15942
430 0.150205 0.00771082 0.142494 0.157915
431 0.151301 0.00949183 0.141809 0.160792
432 0.15028 0.00742356 0.142856 0.157703
433 0.153222 0.0188137 0.134409 0.172036
434 0.151511 0.011842 0.139669 0.163353
435 0.148012 0.0111899 0.136823 0.159202
436 0.148163 0.00652353 0.141639 0.154686
437 0.15055 0.00933907 0.141211 0.159889
438 0.149844 0.0088287 0.141015 0.158673
439 0.148072 0.00668162 0.141391 0.154754
440 0.149694 0.00805172 0.141642 0.157746
441 0.150955 0.0115156 0.13944 0.162471
442 0.148133 0.00671876 0.141414 0.154851
443 0.149664 0.00882022 0.140844 0.158484
444 0.152307 0.0116957 0.140611 0.164002
445 0.150745 0.0104783 0.140267 0.161223
446 0.149799 0.0123248 0.137474 0.162124
447 0.149499 0.0108297 0.138669 0.160329
448 0.149304 0.00944006 0.139864 0.158744
449 0.15022 0.0154629 0.134757 0.165682
450 0.153643 0.00972829 0.143915 0.163371
451 0.154949 0.0125767 0.142372 0.167526
452 0.147967 0.00429306 0.143674 0.15226
453 0.152322 0.0104001 0.141921 0.162722
454 0.149169 0.00680992 0.142359 0.155978
455 0.160745 0.0123503 0.148394 0.173095
456 0.152457 0.00545097 0.147006 0.157908
457 0.154273 0.00629883 0.147975 0.160572
458 0.153643 0.00685506 0.146788 0.160498
459 0.153252 0.0047511 0.148501 0.158004
460 0.156375 0.00899859 0.147377 0.165374
461 0.157547 0.00935113 0.148195 0.166898
462 0.153313 0.00829389 0.145019 0.161606
463 0.158703 0.0121617 0.146541 0.170864
464 0.157306 0.00994282 0.147364 0.167249
465 0.159679 0.0144254 0.145253 0.174104
466 0.153613 0.00562228 0.147991 0.159235
467 0.156315 0.012275 0.14404 0.16859
468 0.157802 0.0118012 0.146001 0.169603
469 0.154919 0.00725488 0.147664 0.162174
470 0.153102 0.00595926 0.147143 0.159062
471 0.153358 0.00583682 0.147521 0.159194
472 0.156135 0.00955536 0.14658 0.165691
473 0.15594 0.0118787 0.144061 0.167819
474 0.165414 0.0161809 0.149233 0.181595
475 0.153252 0.00634049 0.146912 0.159593
476 0.162126 0.0254511 0.136675 0.187577
477 0.15582 0.00867513 0.147145 0.164495
478 0.1554 0.0075584 0.147841 0.162958
479 0.155054 0.00838515 0.146669 0.163439
480 0.15606 0.010224 0.145836 0.166284
481 0.159423 0.0150507 0.144373 0.174474
482 0.157652 0.0094879 0.148164 0.16714
483 0.154318 0.00529301 0.149025 0.159611
484 0.155024 0.00809437 0.14693 0.163119
485 0.155159 0.00825828 0.146901 0.163418
486 0.154694 0.00742769 0.147266 0.162122
487 0.152262 0.00318855 0.149073 0.15545
488 0.153613 0.00569558 0.147917 0.159308
489 0.15612 0.0111689 0.144951 0.167289
490 0.155354 0.0090612 0.146293 0.164416
491 0.154979 0.00960028 0.145379 0.164579
492 0.158222 0.0130278 0.145194 0.17125
493 0.153553 0.00625386 0.147299 0.159807
494 0.161676 0.0385311 0.123144 0.200207
495 0.179588 0.0784252 0.101163 0.258013
496 0.154634 0.00911686 0.145517 0.163751
497 0.159003 0.0118527 0.14715 0.170856
498 0.151391 0.00766841 0.143722 0.159059
499 0.15073 0.00625688 0.144473 0.156987
500 0.152337 0.00883641 0.1435 0.161173
501 0.15121 0.00742417 0.143786 0.158635
502 0.153207 0.0111178 0.14209 0.164325
503 0.153418 0.0102499 0.143168 0.163668
504 0.15022 0.00521922 0.145 0.155439
505 0.153328 0.0137945 0.139533 0.167122
506 0.154499 0.0136757 0.140823 0.168174
507 0.154664 0.00941849 0.145245 0.164082
508 0.153568 0.00772881 0.145839 0.161297
509 0.150114 0.0110883 0.139026 0.161203
510 0.150505 0.00866249 0.141842 0.159167
511 0.146766 0.00410406 0.142662 0.15087
512 0.154469 0.00916958 0.145299 0.163638
513 0.15064 0.0113945 0.139245 0.162034
514 0.153643 0.0107356 0.142907 0.164378
515 0.152697 0.00898687 0.14371 0.161684
516 0.152006 0.00939698 0.142609 0.161403
517 0.150565 0.0113747 0.13919 0.16194
518 0.152637 0.0167625 0.135874 0.169399
519 0.151075 0.0150081 0.136067 0.166083
520 0.149514 0.0103375 0.139176 0.159851
521 0.149514 0.0125756 0.136938 0.162089
522 0.149649 0.00953495 0.140114 0.159184
523 0.153733 0.0125089 0.141224 0.166242
524 0.147397 0.00926345 0.138133 0.15666
525 0.147682 0.00669422 0.140988 0.154376
526 0.155099 0.0131008 0.141998 0.1682
527 0.146601 0.00828253 0.138319 0.154884
528 0.147997 0.00871215 0.139285 0.15671
529 0.155219 0.0155194 0.1397 0.170739
530 0.14582 0.00447259 0.141348 0.150293
531 0.145625 0.0043334 0.141292 0.149959
532 0.153523 0.0153749 0.138148 0.168898
533 0.152757 0.0169055 0.135851 0.169663
534 0.14588 0.00456953 0.141311 0.15045
535 0.149123 0.00558198 0.143542 0.154705
536 0.155925 0.0175249 0.1384 0.17345
537 0.15037 0.00794426 0.142425 0.158314
538 0.149244 0.00632035 0.142923 0.155564
539 0.152442 0.00905871 0.143383 0.1615
540 0.152111 0.012613 0.139498 0.164724
541 0.148103 0.00427487 0.143828 0.152377
542 0.150985 0.00679317 0.144192 0.157778
543 0.151526 0.00933478 0.142191 0.160861
544 0.153448 0.00723129 0.146216 0.160679
545 0.156015 0.0108244 0.145191 0.166839
546 0.15579 0.0120238 0.143766 0.167814
547 0.153403 0.008942 0.144461 0.162345
548 0.153237 0.011687 0.14155 0.164924
549 0.155099 0.00921378 0.145885 0.164313
550 0.165579 0.0376356 0.127944 0.203215
551 0.156766 0.0202577 0.136508 0.177024
552 0.151496 0.00512122 0.146375 0.156617
553 0.153868 0.0108605 0.143008 0.164729
554 0.153823 0.0079522 0.145871 0.161775
555 0.15597 0.0133625 0.142608 0.169333
556 0.154394 0.0118172 0.142576 0.166211
557 0.149199 0.00686361 0.142335 0.156062
558 0.15058 0.00945623 0.141124 0.160036
559 0.15052 0.011253 0.139267 0.161773
560 0.149184 0.00761314 0.14157 0.156797
561 0.149949 0.00978559 0.140164 0.159735
562 0.151226 0.0108035 0.140422 0.162029
563 0.152697 0.0120331 0.140664 0.16473
564 0.150655 0.00937465 0.14128 0.16003
565 0.152292 0.012305 0.139987 0.164597
566 0.149394 0.00823717 0.141157 0.157631
567 0.147232 0.00650741 0.140724 0.153739
568 0.151361 0.0104012 0.140959 0.161762
569 0.147187 0.00615576 0.141031 0.153342
570 0.149799 0.0118883 0.137911 0.161687
571 0.152922 0.015394 0.137528 0.168316
572 0.148643 0.00872958 0.139913 0.157373
573 0.151871 0.0166456 0.135226 0.168517
574 0.147907 0.005757 0.14215 0.153664
575 0.147817 0.00660286 0.141214 0.15442
576 0.154664 0.012441 0.142223 0.167105
577 0.149244 0.0151567 0.134087 0.1644
578 0.149634 0.00739229 0.142242 0.157026
579 0.155385 0.0176212 0.137763 0.173006
580 0.150475 0.00770164 0.142773 0.158176
581 0.150775 0.0073297 0.143445 0.158105
582 0.153117 0.00570541 0.147412 0.158823
583 0.153628 0.00543382 0.148194 0.159062
584 0.154874 0.00630526 0.148569 0.161179
585 0.158357 0.0113976 0.14696 0.169755
586 0.158493 0.00956768 0.148925 0.16806
587 0.158237 0.010791 0.147446 0.169028
588 0.156466 0.00677647 0.149689 0.163242
589 0.158658 0.0118305 0.146827 0.170488
590 0.153868 0.00577649 0.148092 0.159645
591 0.154979 0.00891858 0.146061 0.163898
592 0.161435 0.01709 0.144345 0.178525
593 0.159153 0.0117232 0.14743 0.170876
594 0.15594 0.00832407 0.147616 0.164264
595 0.156225 0.0142897 0.141936 0.170515
596 0.160715 0.0148118 0.145903 0.175526
597 0.158117 0.0107138 0.147403 0.168831
598 0.153763 0.0102383 0.143525 0.164001
599 0.154649 0.00978315 0.144866 0.164432
600 0.155339 0.0113222 0.144017 0.166662
601 0.151241 0.00533237 0.145908 0.156573
602 0.15115 0.00554298 0.145607 0.156693
603 0.15543 0.0152919 0.140138 0.170721
604 0.1557 0.0148123 0.140887 0.170512
605 0.152442 0.00679163 0.14565 0.159233
606 0.148898 0.00183711 0.147061 0.150735
607 0.155024 0.0108565 0.144168 0.165881
608 0.157847 0.0211462 0.136701 0.178993
609 0.159468 0.0151916 0.144277 0.17466
610 0.154063 0.0138812 0.140182 0.167944
611 0.1507 0.00780767 0.142892 0.158508
612 0.15061 0.00543139 0.145179 0.156041
613 0.153808 0.00916329 0.144645 0.162971
614 0.155505 0.0100313 0.145473 0.165536
615 0.151946 0.0071586 0.144788 0.159105
616 0.150955 0.00866015 0.142295 0.159615
617 0.15618 0.0149804 0.1412 0.171161
618 0.156706 0.0121931 0.144513 0.168899
619 0.149994 0.00361034 0.146384 0.153605
620 0.157051 0.0138061 0.143245 0.170857
621 0.154604 0.0141022 0.140502 0.168706
622 0.154288 0.0172253 0.137063 0.171514
623 0.153252 0.00833716 0.144915 0.16159
624 0.153763 0.0093208 0.144442 0.163084
625 0.151706 0.00576414 0.145942 0.15747
626 0.147217 0.00497781 0.142239 0.152194
627 0.151135 0.0107837 0.140352 0.161919
628 0.149259 0.00946481 0.139794 0.158723
629 0.149979 0.00776552 0.142214 0.157745
630 0.146886 0.00561651 0.14127 0.152503
631 0.148763 0.00762308 0.14114 0.156386
632 0.150174 0.00728403 0.14289 0.157459
633 0.152922 0.00930744 0.143615 0.16223
634 0.149364 0.00739796 0.141966 0.156762
635 0.147787 0.00906518 0.138722 0.156852
636 0.143868 0.0048568 0.139012 0.148725
637 0.148193 0.00981835 0.138374 0.158011
638 0.149078 0.0108713 0.138207 0.15995
639 0.146361 0.0105911 0.13577 0.156952
640 0.148403 0.00922606 0.139177 0.157629
641 0.147907 0.00865514 0.139252 0.156562
642 0.151135 0.00994818 0.141187 0.161084
643 0.150715 0.00904209 0.141673 0.159757
644 0.145385 0.00153493 0.14385 0.14692
645 0.150985 0.012817 0.138168 0.163802
646 0.149709 0.0093324 0.140377 0.159041
647 0.15094 0.0106212 0.140319 0.161561
648 0.149919 0.0106963 0.139223 0.160616
649 0.147021 0.00482653 0.142195 0.151848
650 0.146076 0.00548673 0.140589 0.151562
651 0.145655 0.00797179 0.137683 0.153627
652 0.146466 0.00894784 0.137518 0.155414
653 0.151571 0.0137048 0.137866 0.165276
654 0.146616 0.0113923 0.135224 0.158008
655 0.14573 0.00720324 0.138527 0.152933
656 0.155505 0.0243425 0.131162 0.179847
657 0.147412 0.0094983 0.137914 0.15691
658 0.1451 0.0068276 0.138272 0.151927
659 0.147742 0.00794546 0.139797 0.155688
660 0.147757 0.00863375 0.139123 0.156391
661 0.143148 0.00236657 0.140781 0.145514
662 0.146886 0.00725884 0.139627 0.154145
663 0.146466 0.00837202 0.138094 0.154838
664 0.147907 0.00707464 0.140833 0.154982
665 0.152096 0.0125374 0.139559 0.164634
666 0.149469 0.00972578 0.139743 0.159195
667 0.152292 0.011004 0.141288 0.163296
668 0.148988 0.0144826 0.134506 0.163471
669 0.146541 0.00389566 0.142645 0.150437
670 0.157907 0.0308831 0.127024 0.18879
671 0.149319 0.00604683 0.143272 0.155366
672 0.151286 0.00709445 0.144191 0.15838
673 0.151976 0.008172 0.143804 0.160148
674 0.149304 0.00423886 0.145065 0.153543
675 0.149874 0.00466551 0.145209 0.15454
676 0.153913 0.011425 0.142488 0.165338
677 0.150235 0.00642092 0.143814 0.156655
678 0.148868 0.00426143 0.144607 0.15313
679 0.152757 0.00862258 0.144134 0.16138
680 0.154364 0.0119417 0.142422 0.166305
681 0.151451 0.0109707 0.14048 0.162421
682 0.149799 0.00692638 0.142873 0.156726
683 0.149409 0.00569717 0.143712 0.155106
684 0.146361 0.00490529 0.141456 0.151266
685 0.146241 0.00561709 0.140624 0.151858
686 0.149078 0.01046 0.138618 0.159538
687 0.152952 0.0122385 0.140714 0.165191
688 0.15061 0.0106877 0.139922 0.161298
689 0.147337 0.00830084 0.139036 0.155638
690 0.146721 0.00662979 0.140091 0.153351
691 0.148403 0.0105685 0.137834 0.158971
692 0.149139 0.0117851 0.137353 0.160924
693 0.14534 0.00617384 0.139166 0.151514
694 0.148643 0.0149829 0.13366 0.163626
695 0.144004 0.00464767 0.139356 0.148651
696 0.151946 0.0155832 0.136363 0.167529
697 0.146 0.00886671 0.137134 0.154867
698 0.144004 0.00453672 0.139467 0.14854
699 0.148583 0.0106166 0.137966 0.1592
700 0.144949 0.00670196 0.138248 0.151651
701 0.146015 0.00767464 0.138341 0.15369
702 0.147562 0.00928684 0.138275 0.156849
703 0.142607 0.00285654 0.139751 0.145464
704 0.148703 0.0120436 0.136659 0.160747
705 0.155024 0.0124892 0.142535 0.167513
706 0.151331 0.00913366 0.142197 0.160464
707 0.15094 0.00676435 0.144176 0.157705
708 0.151571 0.00659739 0.144973 0.158168
709 0.154123 0.0114598 0.142663 0.165583
710 0.155625 0.00471547 0.150909 0.16034
711 0.153478 0.00322849 0.150249 0.156706
712 0.156751 0.0074946 0.149256 0.164245
713 0.15612 0.00776402 0.148356 0.163884
714 0.152292 0.00271803 0.149574 0.15501
715 0.153583 0.00825192 0.145331 0.161835
716 0.157847 0.0131389 0.144708 0.170986
717 0.156706 0.0112771 0.145429 0.167983
718 0.159754 0.0202531 0.139501 0.180007
719 0.16067 0.0180689 0.142601 0.178739
720 0.15564 0.0116092 0.144031 0.167249
721 0.156195 0.0113497 0.144846 0.167545
722 0.156105 0.00999889 0.146106 0.166104
723 0.156571 0.0128201 0.143751 0.169391
724 0.156811 0.0112103 0.145601 0.168021
725 0.152652 0.00696921 0.145683 0.159621
726 0.158057 0.0162457 0.141811 0.174303
727 0.158778 0.0120183 0.14676 0.170796
728 0.156195 0.00805663 0.148139 0.164252
729 0.154409 0.00837133 0.146037 0.16278
730 0.153222 0.00665591 0.146567 0.159878
731 0.155535 0.0106852 0.144849 0.16622
732 0.156991 0.0118618 0.145129 0.168853
733 0.155655 0.00901931 0.146635 0.164674
734 0.157231 0.0102038 0.147027 0.167435
735 0.15609 0.00927382 0.146816 0.165364
736 0.1557 0.00707083 0.148629 0.162771
737 0.155535 0.00722535 0.148309 0.16276
738 0.152622 0.00627588 0.146346 0.158898
739 0.157291 0.0145743 0.142717 0.171866
740 0.157877 0.00991494 0.147962 0.167792
741 0.156045 0.00803253 0.148013 0.164078
742 0.15549 0.0113558 0.144134 0.166845
743 0.153823 0.00631241 0.147511 0.160135
744 0.157727 0.0115878 0.146139 0.169315
745 0.156571 0.00932899 0.147242 0.1659
746 0.158613 0.0106979 0.147915 0.16931
747 0.155069 0.00835883 0.14671 0.163428
748 0.152051 0.00482268 0.147229 0.156874
749 0.158192 0.0176269 0.140565 0.175819
750 0.153733 0.0057035 0.148029 0.159436
751 0.158162 0.0116495 0.146513 0.169812
752 0.160264 0.016053 0.144211 0.176317
753 0.150039 0.00580908 0.14423 0.155848
754 0.153237 0.00918418 0.144053 0.162422
755 0.15118 0.00780374 0.143377 0.158984
756 0.147352 0.00348011 0.143872 0.150832
757 0.148673 0.0136084 0.135065 0.162281
758 0.150159 0.0103286 0.139831 0.160488
759 0.15064 0.00723707 0.143403 0.157877
760 0.150054 0.0154985 0.134556 0.165553
761 0.154559 0.0236173 0.130941 0.178176
762 0.147937 0.00836523 0.139572 0.156303
763 0.148418 0.00634802 0.14207 0.154766
764 0.149589 0.0108998 0.138689 0.160489
765 0.149093 0.0106932 0.1384 0.159787
766 0.145895 0.0070917 0.138804 0.152987
767 0.154168 0.0126551 0.141513 0.166823
768 0.150355 0.00798684 0.142368 0.158342
769 0.148868 0.00673804 0.14213 0.155606
770 0.148553 0.00715614 0.141397 0.155709
771 0.152787 0.0111361 0.141651 0.163923
772 0.15046 0.0097469 0.140713 0.160207
773 0.149199 0.0125283 0.13667 0.161727
774 0.148268 0.00556214 0.142706 0.15383
775 0.151466 0.0161726 0.135293 0.167638
776 0.151481 0.0100377 0.141443 0.161518
777 0.149424 0.010466 0.138958 0.15989
778 0.15028 0.00875973 0.14152 0.159039
779 0.148538 0.00681615 0.141722 0.155354
780 0.149409 0.00893907 0.14047 0.158348
781 0.147412 0.00650311 0.140909 0.153915
782 0.14573 0.00268939 0.143041 0.14842
783 0.149454 0.012339 0.137115 0.161793
784 0.152847 0.0216408 0.131206 0.174488
785 0.148238 0.00804879 0.140189 0.156286
786 0.153147 0.0201988 0.132949 0.173346
787 0.147427 0.00588787 0.141539 0.153315
788 0.148943 0.00968217 0.139261 0.158625
789 0.151856 0.0114878 0.140368 0.163344
790 0.147967 0.00936154 0.138606 0.157329
791 0.148808 0.0112552 0.137553 0.160063
792 0.15061 0.00708356 0.143526 0.157693
793 0.149364 0.00465051 0.144713 0.154014
794 0.153703 0.0100918 0.143611 0.163795
795 0.148103 0.00917657 0.138926 0.157279
796 0.147997 0.00590835 0.142089 0.153906
797 0.152337 0.0119321 0.140404 0.164269
798 0.151346 0.00870941 0.142636 0.160055
799 0.147757 0.0029704 0.144787 0.150728
