# ../output/graphs/perf_serial96BIPED
# step - mean (0.330434) - standard deviation (0.033363) r=20 - ylow - yhigh
0 0.328159 0.011035 0.317124 0.339194
1 0.334339 0.0186241 0.315715 0.352963
2 0.34364 0.0392413 0.304399 0.382882
3 0.342529 0.0391942 0.303334 0.381723
4 0.344795 0.0419823 0.302813 0.386777
5 0.346271 0.0379172 0.308353 0.384188
6 0.344303 0.0351667 0.309137 0.37947
7 0.340219 0.0206501 0.319569 0.360869
8 0.341973 0.0348681 0.307105 0.376841
9 0.343747 0.0433321 0.300415 0.38708
10 0.336691 0.0211604 0.315531 0.357852
11 0.332415 0.0222754 0.310139 0.35469
12 0.342208 0.037742 0.304466 0.37995
13 0.333227 0.0204007 0.312826 0.353628
14 0.331474 0.0224136 0.30906 0.353887
15 0.342614 0.0525427 0.290071 0.395157
16 0.330597 0.0143487 0.316248 0.344946
17 0.335686 0.0310629 0.304623 0.366749
18 0.346484 0.0422106 0.304274 0.388695
19 0.333954 0.022882 0.311072 0.356836
20 0.342101 0.0535162 0.288585 0.395617
21 0.334489 0.0235563 0.310932 0.358045
22 0.337354 0.0268647 0.310489 0.364219
23 0.345073 0.0476225 0.297451 0.392696
24 0.327604 0.0124567 0.315147 0.34006
25 0.330063 0.022342 0.307721 0.352404
26 0.328865 0.0170064 0.311859 0.345871
27 0.341224 0.0467837 0.294441 0.388008
28 0.329678 0.0250186 0.304659 0.354696
29 0.332372 0.0247129 0.307659 0.357085
30 0.339428 0.0418445 0.297584 0.381273
31 0.346912 0.0462865 0.300626 0.393199
32 0.340861 0.0267738 0.314087 0.367635
33 0.335494 0.0235351 0.311959 0.359029
34 0.34565 0.0381482 0.307502 0.383799
35 0.344774 0.0295253 0.315248 0.374299
36 0.340797 0.0391133 0.301683 0.37991
37 0.335087 0.0228694 0.312218 0.357957
38 0.331388 0.0157269 0.315661 0.347115
39 0.351424 0.0485566 0.302867 0.39998
40 0.330319 0.00980849 0.320511 0.340128
41 0.333655 0.0270298 0.306625 0.360685
42 0.339834 0.0371397 0.302695 0.376974
43 0.360533 0.061491 0.299042 0.422024
44 0.335323 0.0144992 0.320823 0.349822
45 0.338915 0.0276439 0.311271 0.366559
46 0.340198 0.0282511 0.311947 0.368449
47 0.358972 0.0589031 0.300069 0.417875
48 0.333804 0.0198181 0.313986 0.353623
49 0.328373 0.00613987 0.322233 0.334513
50 0.344047 0.0623665 0.28168 0.406413
51 0.340412 0.0409416 0.29947 0.381353
52 0.335986 0.0206907 0.315295 0.356676
53 0.319499 0.0178802 0.301619 0.33738
54 0.31704 0.0171004 0.29994 0.334141
55 0.315544 0.00397343 0.31157 0.319517
56 0.324289 0.0235244 0.300765 0.347814
57 0.332457 0.0359629 0.296494 0.36842
58 0.316271 0.00860898 0.307662 0.32488
59 0.315693 0.00730347 0.30839 0.322997
60 0.318516 0.00983473 0.308681 0.328351
61 0.324332 0.0316724 0.29266 0.356004
62 0.317832 0.0181103 0.299721 0.335942
63 0.324674 0.0292127 0.295461 0.353887
64 0.321766 0.0152261 0.30654 0.336992
65 0.329421 0.0321219 0.297299 0.361543
66 0.328053 0.0221419 0.305911 0.350194
67 0.321381 0.0154201 0.305961 0.336801
68 0.320205 0.0102547 0.30995 0.33046
69 0.32183 0.0149889 0.306841 0.336819
70 0.334446 0.0397847 0.294661 0.374231
71 0.327539 0.0182603 0.309279 0.3458
72 0.322707 0.0155999 0.307107 0.338307
73 0.35739 0.0227498 0.33464 0.380139
74 0.353241 0.0171531 0.336088 0.370394
75 0.34858 0.0260475 0.322532 0.374627
76 0.351595 0.0254222 0.326173 0.377017
77 0.356876 0.0419692 0.314907 0.398846
78 0.350248 0.0232098 0.327038 0.373458
79 0.354182 0.0249159 0.329266 0.379098
80 0.346206 0.00979174 0.336415 0.355998
81 0.347789 0.0194626 0.328326 0.367251
82 0.346377 0.0188825 0.327495 0.36526
83 0.344068 0.00849778 0.33557 0.352566
84 0.350419 0.0179972 0.332422 0.368416
85 0.354396 0.0184229 0.335973 0.372819
86 0.357561 0.0329253 0.324635 0.390486
87 0.351552 0.0258659 0.325686 0.377418
88 0.353027 0.0259341 0.327093 0.378962
89 0.358972 0.0314391 0.327533 0.390411
90 0.354952 0.0288883 0.326064 0.38384
91 0.343833 0.00860636 0.335227 0.352439
92 0.348558 0.0192736 0.329285 0.367832
93 0.361944 0.0536881 0.308256 0.415632
94 0.347318 0.0157428 0.331575 0.363061
95 0.348387 0.0191459 0.329242 0.367533
96 0.352322 0.0193128 0.333009 0.371635
97 0.34533 0.0246925 0.320637 0.370022
98 0.357411 0.0558784 0.301533 0.413289
99 0.343149 0.0238956 0.319253 0.367044
100 0.343769 0.0243087 0.31946 0.368077
101 0.344047 0.0311951 0.312852 0.375242
102 0.362115 0.045471 0.316644 0.407586
103 0.337867 0.0174959 0.320371 0.355363
104 0.336777 0.0128107 0.323966 0.349587
105 0.345394 0.0211393 0.324255 0.366533
106 0.349735 0.0398655 0.309869 0.3896
107 0.333099 0.00651509 0.326584 0.339614
108 0.340882 0.0287645 0.312118 0.369647
109 0.340668 0.0210996 0.319569 0.361768
110 0.344645 0.0248951 0.31975 0.369541
111 0.344346 0.0325532 0.311793 0.376899
112 0.342571 0.0320305 0.310541 0.374602
113 0.338038 0.00902993 0.329008 0.347068
114 0.350782 0.0288534 0.321929 0.379636
115 0.338273 0.0114528 0.326821 0.349726
116 0.340839 0.0219211 0.318918 0.36276
117 0.363484 0.0454008 0.318083 0.408884
118 0.350141 0.0315035 0.318637 0.381644
119 0.344817 0.0177896 0.327027 0.362606
120 0.338894 0.0127082 0.326185 0.351602
121 0.362372 0.0507035 0.311668 0.413075
122 0.345672 0.0172372 0.328435 0.362909
123 0.342571 0.0299056 0.312666 0.372477
124 0.343191 0.033926 0.309265 0.377117
125 0.340818 0.0108252 0.329993 0.351643
126 0.342058 0.0182595 0.323799 0.360318
127 0.343085 0.0247625 0.318322 0.367847
128 0.349756 0.0246182 0.325138 0.374374
129 0.350269 0.0257682 0.324501 0.376037
130 0.356898 0.0413066 0.315591 0.398204
131 0.346826 0.0183786 0.328448 0.365205
132 0.358865 0.0521862 0.306679 0.411051
133 0.346591 0.0206785 0.325913 0.36727
134 0.344795 0.016048 0.328747 0.360843
135 0.354909 0.0413251 0.313584 0.396234
136 0.344945 0.0268532 0.318092 0.371798
137 0.356171 0.0544567 0.301714 0.410627
138 0.343363 0.0200723 0.32329 0.363435
139 0.35136 0.0354386 0.315921 0.386798
140 0.342571 0.0196006 0.322971 0.362172
141 0.33528 0.00508532 0.330195 0.340365
142 0.343063 0.0223702 0.320693 0.365433
143 0.340583 0.0118325 0.32875 0.352415
144 0.335857 0.0074922 0.328365 0.343349
145 0.336435 0.0173197 0.319115 0.353754
146 0.358651 0.0351801 0.323471 0.393831
147 0.339236 0.0110999 0.328136 0.350336
148 0.339877 0.0162192 0.323658 0.356096
149 0.358672 0.0420624 0.31661 0.400735
150 0.350013 0.0353686 0.314644 0.385381
151 0.342913 0.0358554 0.307058 0.378769
152 0.337375 0.0112554 0.32612 0.348631
153 0.347318 0.034242 0.313076 0.38156
154 0.342251 0.0112547 0.330996 0.353505
155 0.338359 0.0187171 0.319642 0.357076
156 0.33389 0.00501626 0.328874 0.338906
157 0.343555 0.0161567 0.327398 0.359712
158 0.351189 0.0349096 0.316279 0.386098
159 0.344325 0.0300799 0.314245 0.374405
160 0.351916 0.025657 0.326259 0.377573
161 0.34873 0.0318659 0.316864 0.380595
162 0.350911 0.0318107 0.3191 0.382721
163 0.341695 0.0220347 0.31966 0.363729
164 0.347233 0.00717578 0.340057 0.354409
165 0.360169 0.0290227 0.331147 0.389192
166 0.365066 0.0480816 0.316984 0.413147
167 0.341866 0.0263232 0.315543 0.368189
168 0.333826 0.0273552 0.306471 0.361181
169 0.330298 0.012685 0.317613 0.342983
170 0.342678 0.0364023 0.306276 0.379081
171 0.337183 0.0243948 0.312788 0.361578
172 0.334425 0.0189629 0.315462 0.353387
173 0.331174 0.0152956 0.315879 0.34647
174 0.333591 0.0238749 0.309716 0.357466
175 0.335387 0.0249028 0.310484 0.36029
176 0.334147 0.0221197 0.312027 0.356266
177 0.330127 0.0201789 0.309948 0.350306
178 0.356406 0.0564991 0.299907 0.412905
179 0.350034 0.0458033 0.304231 0.395837
180 0.340775 0.0305268 0.310248 0.371302
181 0.331174 0.0139223 0.317252 0.345097
182 0.340561 0.0315149 0.309046 0.372076
183 0.349093 0.0349498 0.314143 0.384043
184 0.330554 0.00726065 0.323294 0.337815
185 0.33806 0.0329383 0.305121 0.370998
186 0.344368 0.0354637 0.308904 0.379831
187 0.341631 0.0432042 0.298426 0.384835
188 0.332393 0.0117996 0.320594 0.344193
189 0.339877 0.0449922 0.294885 0.384869
190 0.341331 0.027731 0.3136 0.369062
191 0.337162 0.0159855 0.321176 0.353147
192 0.334916 0.0102112 0.324705 0.345128
193 0.344068 0.0368682 0.3072 0.380936
194 0.339663 0.0345722 0.305091 0.374236
195 0.33466 0.0221813 0.312478 0.356841
196 0.348473 0.0477794 0.300694 0.396252
197 0.341096 0.0230224 0.318074 0.364118
198 0.334874 0.0122061 0.322668 0.34708
199 0.335857 0.0190151 0.316842 0.354872
200 0.347789 0.0421586 0.30563 0.389947
201 0.342165 0.0377036 0.304461 0.379869
202 0.332072 0.0125051 0.319567 0.344578
203 0.337739 0.0304337 0.307305 0.368173
204 0.345757 0.0530435 0.292714 0.398801
205 0.341438 0.0320781 0.30936 0.373516
206 0.337889 0.0291388 0.30875 0.367027
207 0.331923 0.0126778 0.319245 0.344601
208 0.343341 0.041822 0.301519 0.385163
209 0.334018 0.0136939 0.320324 0.347712
210 0.330896 0.00855506 0.322341 0.339451
211 0.350526 0.0604192 0.290106 0.410945
212 0.337546 0.0189306 0.318616 0.356477
213 0.328929 0.00519255 0.323737 0.334122
214 0.332778 0.0138075 0.318971 0.346586
215 0.331089 0.0151871 0.315902 0.346276
216 0.328951 0.0086441 0.320306 0.337595
217 0.332522 0.0220805 0.310441 0.354602
218 0.336456 0.0335278 0.302928 0.369984
219 0.347489 0.0481165 0.299373 0.395606
220 0.33868 0.0269474 0.311732 0.365627
221 0.338359 0.0289814 0.309378 0.36734
222 0.337782 0.0220435 0.315738 0.359825
223 0.336007 0.0121863 0.323821 0.348193
224 0.35786 0.039001 0.318859 0.396861
225 0.338252 0.0177099 0.320542 0.355962
226 0.33513 0.0143638 0.320766 0.349494
227 0.34054 0.0234232 0.317117 0.363963
228 0.350932 0.0318118 0.31912 0.382744
229 0.34565 0.0213971 0.324253 0.367048
230 0.337247 0.0268419 0.310405 0.364089
231 0.343234 0.0263076 0.316927 0.369542
232 0.352621 0.0446431 0.307978 0.397264
233 0.34255 0.0319162 0.310634 0.374466
234 0.333804 0.0128328 0.320972 0.346637
235 0.333484 0.00923037 0.324253 0.342714
236 0.341481 0.0235421 0.317939 0.365023
237 0.350077 0.0307308 0.319346 0.380807
238 0.358715 0.0558721 0.302843 0.414587
239 0.347104 0.0355604 0.311544 0.382665
240 0.345544 0.0364075 0.309136 0.381951
241 0.33605 0.0176878 0.318362 0.353737
242 0.338573 0.0262434 0.312329 0.364816
243 0.332607 0.00912002 0.323487 0.341727
244 0.346185 0.00798751 0.338198 0.354173
245 0.355144 0.0379741 0.31717 0.393118
246 0.356256 0.031099 0.325157 0.387355
247 0.34193 0.00346236 0.338467 0.345392
248 0.35044 0.0287408 0.321699 0.379181
249 0.350248 0.0331973 0.31705 0.383445
250 0.359677 0.0308208 0.328857 0.390498
251 0.354417 0.02872 0.325697 0.383137
252 0.346912 0.0204633 0.326449 0.367375
253 0.357753 0.0350097 0.322743 0.392763
254 0.373854 0.0373734 0.336481 0.411228
255 0.360233 0.0608118 0.299422 0.421045
256 0.349692 0.0100912 0.339601 0.359783
257 0.353947 0.0258592 0.328088 0.379806
258 0.360661 0.037503 0.323158 0.398164
259 0.349435 0.0146073 0.334828 0.364042
260 0.343705 0.00771213 0.335993 0.351417
261 0.374923 0.0706626 0.304261 0.445586
262 0.360169 0.031538 0.328631 0.391707
263 0.359464 0.0405888 0.318875 0.400052
264 0.349243 0.0115872 0.337656 0.36083
265 0.340968 0.0199183 0.321049 0.360886
266 0.350141 0.0351391 0.315002 0.38528
267 0.334467 0.00625293 0.328214 0.34072
268 0.338102 0.0231093 0.314993 0.361212
269 0.338616 0.0170556 0.32156 0.355671
270 0.345372 0.0366025 0.30877 0.381975
271 0.339813 0.0193861 0.320427 0.359199
272 0.337162 0.0173183 0.319843 0.35448
273 0.345928 0.0357675 0.310161 0.381696
274 0.358266 0.0429189 0.315347 0.401185
275 0.357154 0.0509337 0.306221 0.408088
276 0.336242 0.0114981 0.324744 0.34774
277 0.363868 0.0655364 0.298332 0.429405
278 0.348644 0.0425423 0.306102 0.391186
279 0.34317 0.0192522 0.323918 0.362422
280 0.349285 0.0362449 0.313041 0.38553
281 0.336798 0.00749122 0.329307 0.344289
282 0.354695 0.0380292 0.316666 0.392725
283 0.337546 0.00700765 0.330539 0.344554
284 0.338231 0.0109915 0.327239 0.349222
285 0.340497 0.0125962 0.327901 0.353093
286 0.370711 0.058144 0.312567 0.428855
287 0.339941 0.00735624 0.332585 0.347298
288 0.35446 0.0254625 0.328998 0.379923
289 0.349692 0.0175875 0.332104 0.367279
290 0.341609 0.0150146 0.326595 0.356624
291 0.33776 0.0129393 0.324821 0.3507
292 0.353284 0.0450505 0.308234 0.398335
293 0.36173 0.0464647 0.315266 0.408195
294 0.330383 0.0164151 0.313968 0.346798
295 0.33868 0.0437553 0.294924 0.382435
296 0.337097 0.035009 0.302088 0.372106
297 0.337162 0.02604 0.311122 0.363201
298 0.331581 0.0380768 0.293504 0.369657
299 0.325273 0.0107624 0.31451 0.336035
300 0.32538 0.0188343 0.306545 0.344214
301 0.328437 0.0230841 0.305353 0.351522
302 0.335408 0.0310413 0.304367 0.366449
303 0.328694 0.0266313 0.302063 0.355325
304 0.333398 0.047726 0.285672 0.381124
305 0.340198 0.0315414 0.308656 0.371739
306 0.32508 0.0114746 0.313606 0.336555
307 0.328865 0.0258788 0.302986 0.354744
308 0.328673 0.0240827 0.30459 0.352755
309 0.326427 0.0116579 0.31477 0.338085
310 0.333976 0.0380785 0.295897 0.372054
311 0.327582 0.0213929 0.306189 0.348975
312 0.341374 0.0343195 0.307054 0.375693
313 0.324011 0.00955042 0.314461 0.333562
314 0.330469 0.0258155 0.304653 0.356284
315 0.339556 0.0378959 0.30166 0.377452
316 0.329913 0.0288697 0.301043 0.358783
317 0.330939 0.0387248 0.292214 0.369664
318 0.331923 0.0670671 0.264856 0.39899
319 0.31796 0.0302337 0.287726 0.348194
320 0.309428 0.00632936 0.303099 0.315758
321 0.322792 0.0494374 0.273355 0.37223
322 0.339449 0.0616212 0.277828 0.401071
323 0.336969 0.0366275 0.300342 0.373597
324 0.324353 0.0148959 0.309457 0.339249
325 0.332757 0.0408179 0.291939 0.373575
326 0.336734 0.0414932 0.295241 0.378227
327 0.333313 0.027956 0.305357 0.361269
328 0.339086 0.0234239 0.315662 0.36251
329 0.360426 0.0592124 0.301214 0.419638
330 0.341203 0.0210661 0.320137 0.362269
331 0.347254 0.0299849 0.317269 0.377239
332 0.344902 0.033469 0.311433 0.378371
333 0.339642 0.0158829 0.323759 0.355525
334 0.323327 0.022171 0.301156 0.345498
335 0.314966 0.00953627 0.30543 0.324503
336 0.314795 0.0176081 0.297187 0.332403
337 0.328202 0.0538217 0.27438 0.382024
338 0.306392 0.0360771 0.270315 0.342469
339 0.30374 0.020501 0.283239 0.324241
340 0.321916 0.0547962 0.26712 0.376712
341 0.302073 0.0258987 0.276174 0.327971
342 0.293562 0.00449844 0.289064 0.298061
343 0.29615 0.00533711 0.290813 0.301487
344 0.317874 0.0426192 0.275255 0.360494
345 0.302436 0.0127032 0.289733 0.315139
346 0.309257 0.0313911 0.277866 0.340648
347 0.301025 0.0312956 0.269729 0.33232
348 0.307825 0.0337241 0.2741 0.341549
349 0.297155 0.00826963 0.288885 0.305424
350 0.296641 0.00776903 0.288872 0.30441
351 0.302821 0.0131797 0.289641 0.316001
352 0.32245 0.0789242 0.243526 0.401374
353 0.30528 0.0245837 0.280696 0.329864
354 0.324546 0.0567753 0.26777 0.381321
355 0.308936 0.0229568 0.28598 0.331893
356 0.328908 0.0323301 0.296578 0.361238
357 0.319692 0.0159518 0.30374 0.335644
358 0.318879 0.0209092 0.29797 0.339789
359 0.31781 0.0177124 0.300098 0.335523
360 0.337889 0.0496549 0.288234 0.387543
361 0.322301 0.0260262 0.296274 0.348327
362 0.326684 0.0323318 0.294352 0.359016
363 0.339171 0.0641127 0.275059 0.403284
364 0.32724 0.0262931 0.300947 0.353533
365 0.314924 0.00825537 0.306668 0.323179
366 0.321424 0.0298642 0.29156 0.351288
367 0.313256 0.0117612 0.301495 0.325017
368 0.335152 0.0488716 0.28628 0.384023
369 0.326834 0.0347492 0.292084 0.361583
370 0.32245 0.0241501 0.2983 0.3466
371 0.326064 0.0289039 0.29716 0.354968
372 0.325529 0.026691 0.298838 0.35222
373 0.327368 0.0394554 0.287913 0.366824
374 0.325401 0.0314146 0.293987 0.356816
375 0.325508 0.0248614 0.300647 0.350369
376 0.316549 0.0133422 0.303206 0.329891
377 0.324246 0.0446074 0.279639 0.368854
378 0.331581 0.0350749 0.296506 0.366656
379 0.321125 0.0303853 0.290739 0.35151
380 0.321125 0.0235446 0.29758 0.344669
381 0.312507 0.0284648 0.284043 0.340972
382 0.330362 0.0666688 0.263693 0.397031
383 0.308338 0.0236771 0.284661 0.332015
384 0.313726 0.0325989 0.281127 0.346325
385 0.302714 0.0136033 0.289111 0.316317
386 0.305023 0.016213 0.28881 0.321236
387 0.304767 0.0147656 0.290001 0.319532
388 0.312807 0.0279855 0.284821 0.340792
389 0.310497 0.0212292 0.289268 0.331727
390 0.316891 0.039825 0.277066 0.356716
391 0.31858 0.0379175 0.280663 0.356498
392 0.310305 0.0201938 0.290111 0.330499
393 0.312507 0.0470371 0.26547 0.359544
394 0.30806 0.0173994 0.29066 0.325459
395 0.307675 0.0205858 0.287089 0.328261
396 0.307012 0.0362923 0.27072 0.343304
397 0.311823 0.0266415 0.285182 0.338465
398 0.31518 0.0336783 0.281502 0.348858
399 0.30714 0.024762 0.282378 0.331902
400 0.304916 0.00968139 0.295235 0.314598
401 0.309899 0.0160089 0.29389 0.325908
402 0.312785 0.029915 0.28287 0.3427
403 0.30853 0.0225757 0.285955 0.331106
404 0.318495 0.040627 0.277868 0.359122
405 0.312978 0.0267163 0.286262 0.339694
406 0.30791 0.0267076 0.281202 0.334618
407 0.319371 0.0163868 0.302984 0.335758
408 0.320291 0.026384 0.293907 0.346675
409 0.320034 0.0162065 0.303828 0.33624
410 0.314795 0.00796848 0.306827 0.322764
411 0.325508 0.0322614 0.293247 0.357769
412 0.334874 0.0126454 0.322228 0.347519
413 0.354118 0.0467506 0.307367 0.400869
414 0.328844 0.00644392 0.3224 0.335288
415 0.33235 0.0172934 0.315057 0.349644
416 0.345715 0.0202092 0.325505 0.365924
417 0.337568 0.0173762 0.320192 0.354944
418 0.327796 0.00426046 0.323535 0.332056
419 0.337055 0.0212476 0.315807 0.358302
420 0.348601 0.0473152 0.301286 0.395916
421 0.337247 0.0308469 0.3064 0.368094
422 0.33714 0.0231266 0.314014 0.360267
423 0.342144 0.0350523 0.307091 0.377196
424 0.330683 0.011118 0.319565 0.341801
425 0.333548 0.013836 0.319712 0.347384
426 0.329549 0.0105279 0.319021 0.340077
427 0.341695 0.0376585 0.304036 0.379353
428 0.338423 0.0233865 0.315037 0.36181
429 0.329891 0.0110624 0.318829 0.340954
430 0.348387 0.0216792 0.326708 0.370067
431 0.358822 0.038004 0.320818 0.396826
432 0.340604 0.018135 0.322469 0.358739
433 0.3424 0.0310254 0.311375 0.373426
434 0.349563 0.0467725 0.302791 0.396336
435 0.334104 0.00728753 0.326816 0.341391
436 0.347468 0.0438271 0.303641 0.391295
437 0.345287 0.0320341 0.313253 0.377321
438 0.344303 0.0330532 0.31125 0.377356
439 0.362179 0.0539633 0.308216 0.416143
440 0.337995 0.0132243 0.324771 0.35122
441 0.345137 0.0260586 0.319079 0.371196
442 0.340861 0.0246276 0.316233 0.365488
443 0.341395 0.0281333 0.313262 0.369529
444 0.337311 0.0198358 0.317475 0.357147
445 0.342978 0.0207573 0.32222 0.363735
446 0.327005 0.0150927 0.311912 0.342098
447 0.323541 0.0178201 0.305721 0.341361
448 0.325358 0.0117807 0.313578 0.337139
449 0.326107 0.0241112 0.301996 0.350218
450 0.335643 0.0356987 0.299945 0.371342
451 0.331303 0.0233273 0.307975 0.35463
452 0.327133 0.0116738 0.315459 0.338807
453 0.328801 0.0151906 0.31361 0.343991
454 0.332372 0.0287561 0.303616 0.361128
455 0.308188 0.0140262 0.294162 0.322214
456 0.327304 0.0318529 0.295451 0.359157
457 0.308338 0.0115197 0.296818 0.319857
458 0.315137 0.0265465 0.288591 0.341684
459 0.313405 0.0165354 0.29687 0.329941
460 0.329635 0.043685 0.28595 0.37332
461 0.316869 0.0288301 0.288039 0.3457
462 0.304275 0.00454096 0.299734 0.308816
463 0.309899 0.0277369 0.282162 0.337636
464 0.319115 0.0375346 0.28158 0.356649
465 0.312465 0.0231693 0.289295 0.335634
466 0.304532 0.00509411 0.299438 0.309626
467 0.322664 0.0384232 0.284241 0.361087
468 0.307718 0.00674077 0.300977 0.314458
469 0.305729 0.00933803 0.296391 0.315067
470 0.328331 0.0436554 0.284675 0.371986
471 0.318067 0.0306212 0.287446 0.348688
472 0.308723 0.0226571 0.286066 0.33138
473 0.309172 0.014385 0.294787 0.323557
474 0.317789 0.0347487 0.28304 0.352538
475 0.311567 0.0196862 0.29188 0.331253
476 0.312486 0.0137023 0.298784 0.326188
477 0.307654 0.0161256 0.291528 0.323779
478 0.314902 0.0327556 0.282147 0.347658
479 0.308124 0.0156544 0.29247 0.323778
480 0.316014 0.0258139 0.2902 0.341828
481 0.311139 0.0212877 0.289851 0.332427
482 0.323049 0.0243561 0.298693 0.347405
483 0.324289 0.0343581 0.289931 0.358647
484 0.324824 0.0366759 0.288148 0.3615
485 0.322279 0.0296075 0.292672 0.351887
486 0.31518 0.0142717 0.300908 0.329452
487 0.30838 0.0128252 0.295555 0.321206
488 0.312443 0.0187639 0.293679 0.331207
489 0.316891 0.0320517 0.284839 0.348943
490 0.311032 0.0107392 0.300293 0.321771
491 0.313726 0.0198094 0.293917 0.333536
492 0.331153 0.0346072 0.296546 0.36576
493 0.32337 0.0148829 0.308487 0.338253
494 0.326599 0.0228192 0.303779 0.349418
495 0.336926 0.0171762 0.31975 0.354102
496 0.338808 0.0178362 0.320972 0.356644
497 0.341181 0.0298582 0.311323 0.37104
498 0.334938 0.0154202 0.319518 0.350358
499 0.334895 0.0104927 0.324402 0.345388
500 0.329998 0.00564803 0.32435 0.335646
501 0.317661 0.0195959 0.298065 0.337257
502 0.320398 0.0163879 0.30401 0.336785
503 0.328117 0.0367505 0.291366 0.364867
504 0.326149 0.0377119 0.288438 0.363861
505 0.312764 0.00718441 0.30558 0.319948
506 0.313277 0.00885713 0.30442 0.322134
507 0.332607 0.06282 0.269787 0.395427
508 0.325594 0.0347172 0.290876 0.360311
509 0.315458 0.013517 0.301941 0.328975
510 0.331067 0.0473656 0.283702 0.378433
511 0.313384 0.0157702 0.297614 0.329154
512 0.317682 0.0158585 0.301823 0.33354
513 0.341032 0.054688 0.286344 0.39572
514 0.318772 0.0155247 0.303248 0.334297
515 0.326898 0.0405915 0.286306 0.367489
516 0.332115 0.0387576 0.293358 0.370873
517 0.330725 0.0393637 0.291362 0.370089
518 0.329464 0.0325363 0.296927 0.362
519 0.312101 0.0107626 0.301338 0.322864
520 0.323776 0.0389777 0.284798 0.362754
521 0.320633 0.0255967 0.295036 0.346229
522 0.32275 0.0270549 0.295695 0.349805
523 0.318473 0.0212596 0.297214 0.339733
524 0.325166 0.0253812 0.299785 0.350547
525 0.336499 0.0144546 0.322044 0.350953
526 0.336028 0.0242585 0.31177 0.360287
527 0.335558 0.0228125 0.312745 0.35837
528 0.336135 0.0221436 0.313992 0.358279
529 0.336199 0.0147854 0.321414 0.350985
530 0.330576 0.00752233 0.323053 0.338098
531 0.335451 0.0199799 0.315471 0.355431
532 0.341139 0.0354651 0.305674 0.376604
533 0.335686 0.0180308 0.317655 0.353717
534 0.33513 0.0160249 0.319105 0.351155
535 0.330661 0.0142085 0.316453 0.34487
536 0.329442 0.01195 0.317492 0.341392
537 0.337653 0.0267755 0.310878 0.364429
538 0.334147 0.0180017 0.316145 0.352148
539 0.33992 0.0241024 0.315817 0.364022
540 0.335536 0.0163838 0.319153 0.35192
541 0.331196 0.00722654 0.323969 0.338422
542 0.333398 0.0282802 0.305118 0.361678
543 0.329891 0.0141607 0.315731 0.344052
544 0.334831 0.0151889 0.319642 0.35002
545 0.332543 0.0152777 0.317265 0.347821
546 0.334809 0.0236558 0.311154 0.358465
547 0.346549 0.0490205 0.297528 0.395569
548 0.333783 0.0180556 0.315727 0.351839
549 0.337824 0.0208098 0.317015 0.358634
550 0.322065 0.022545 0.29952 0.34461
551 0.327112 0.0533443 0.273767 0.380456
552 0.31471 0.00990819 0.304802 0.324618
553 0.333355 0.0555209 0.277835 0.388876
554 0.321916 0.0171908 0.304725 0.339107
555 0.307739 0.0248839 0.282855 0.332623
556 0.316891 0.058048 0.258843 0.374939
557 0.313427 0.0353762 0.278051 0.348803
558 0.31146 0.0204573 0.291002 0.331917
559 0.316399 0.0234447 0.292954 0.339844
560 0.302671 0.0124644 0.290207 0.315136
561 0.313277 0.0411711 0.272106 0.354448
562 0.307183 0.0183941 0.288789 0.325577
563 0.319564 0.0533968 0.266167 0.37296
564 0.302137 0.00964878 0.292488 0.311786
565 0.307739 0.0186446 0.289094 0.326384
566 0.3127 0.0348873 0.277812 0.347587
567 0.308038 0.0168764 0.291162 0.324915
568 0.318494 0.0464623 0.272032 0.364957
569 0.309343 0.0194261 0.289917 0.328769
570 0.325166 0.0404156 0.28475 0.365582
571 0.309642 0.0176318 0.29201 0.327274
572 0.308487 0.0210083 0.287479 0.329496
573 0.354032 0.0726015 0.281431 0.426634
574 0.333847 0.0179519 0.315895 0.351799
575 0.330704 0.0114297 0.319274 0.342134
576 0.332885 0.0101503 0.322735 0.343035
577 0.339941 0.0346047 0.305337 0.374546
578 0.336157 0.0229728 0.313184 0.359129
579 0.335237 0.0192704 0.315967 0.354508
580 0.328159 0.00642659 0.321733 0.334586
581 0.335558 0.0226427 0.312915 0.358201
582 0.334938 0.0192888 0.315649 0.354227
583 0.342186 0.0325121 0.309674 0.374699
584 0.333291 0.0203826 0.312909 0.353674
585 0.340732 0.0492427 0.29149 0.389975
586 0.329186 0.00551469 0.323671 0.3347
587 0.345116 0.043386 0.30173 0.388502
588 0.345479 0.0471397 0.29834 0.392619
589 0.335301 0.0202869 0.315014 0.355588
590 0.330725 0.0115888 0.319137 0.342314
591 0.348922 0.0240932 0.324829 0.373015
592 0.346099 0.0111961 0.334903 0.357296
593 0.359656 0.0266373 0.333019 0.386293
594 0.355187 0.0321205 0.323067 0.387308
595 0.343576 0.00867134 0.334905 0.352248
596 0.348879 0.025663 0.323216 0.374542
597 0.367525 0.0579794 0.309545 0.425504
598 0.361495 0.0347498 0.326745 0.396245
599 0.340732 0.0275167 0.313216 0.368249
600 0.331217 0.0044019 0.326815 0.335619
601 0.338423 0.0182259 0.320197 0.356649
602 0.337333 0.0208752 0.316457 0.358208
603 0.344902 0.0341364 0.310766 0.379038
604 0.342464 0.0257799 0.316685 0.368244
605 0.343555 0.0245434 0.319012 0.368098
606 0.354396 0.0518348 0.302561 0.406231
607 0.340626 0.0178206 0.322805 0.358446
608 0.342593 0.0131227 0.32947 0.355715
609 0.33528 0.00637619 0.328904 0.341656
610 0.346805 0.0381409 0.308664 0.384946
611 0.343619 0.0230217 0.320597 0.366641
612 0.352878 0.0412913 0.311587 0.394169
613 0.353412 0.030538 0.322874 0.38395
614 0.351082 0.026054 0.325028 0.377136
615 0.342144 0.0163599 0.325784 0.358504
616 0.360426 0.0505985 0.309827 0.411024
617 0.348067 0.0295378 0.318529 0.377604
618 0.3427 0.0183125 0.324387 0.361012
619 0.333484 0.020863 0.312621 0.354347
620 0.329763 0.0177751 0.311988 0.347538
621 0.323263 0.00748684 0.315776 0.33075
622 0.326641 0.014883 0.311758 0.341524
623 0.328395 0.0155931 0.312802 0.343988
624 0.324931 0.0134453 0.311485 0.338376
625 0.332158 0.0316559 0.300502 0.363814
626 0.328095 0.0183281 0.309767 0.346423
627 0.323177 0.0115293 0.311648 0.334707
628 0.341823 0.0522504 0.289573 0.394073
629 0.325872 0.00986665 0.316005 0.335738
630 0.326855 0.0256114 0.301244 0.352467
631 0.325401 0.00936833 0.316033 0.334769
632 0.329528 0.0226751 0.306853 0.352203
633 0.323135 0.0133489 0.309786 0.336483
634 0.330512 0.0279488 0.302563 0.35846
635 0.334489 0.0363035 0.298185 0.370792
636 0.328972 0.0268775 0.302094 0.35585
637 0.325487 0.0215899 0.303897 0.347077
638 0.326342 0.0173786 0.308963 0.343721
639 0.320868 0.00751148 0.313356 0.328379
640 0.327154 0.012566 0.314588 0.33972
641 0.336328 0.0297716 0.306556 0.366099
642 0.323605 0.0432251 0.28038 0.36683
643 0.32647 0.0374382 0.289032 0.363908
644 0.307739 0.00873752 0.299002 0.316477
645 0.325038 0.04217 0.282868 0.367208
646 0.314175 0.0188765 0.295299 0.333052
647 0.306969 0.0102874 0.296682 0.317257
648 0.314346 0.0277759 0.28657 0.342122
649 0.311117 0.0168256 0.294292 0.327943
650 0.32044 0.0363321 0.284108 0.356772
651 0.314581 0.0304146 0.284167 0.344996
652 0.309749 0.0159384 0.293811 0.325687
653 0.328523 0.0427838 0.285739 0.371307
654 0.304639 0.00516076 0.299478 0.309799
655 0.315095 0.0293778 0.285717 0.344472
656 0.307675 0.00997493 0.2977 0.31765
657 0.317832 0.035105 0.282727 0.352937
658 0.310305 0.0166325 0.293672 0.326937
659 0.30945 0.0192546 0.290195 0.328704
660 0.305879 0.0122468 0.293632 0.318126
661 0.306199 0.0070608 0.299139 0.31326
662 0.336926 0.060314 0.276612 0.39724
663 0.32183 0.0180485 0.303782 0.339879
664 0.321873 0.0113447 0.310528 0.333218
665 0.336135 0.0138225 0.322313 0.349958
666 0.342785 0.0309529 0.311832 0.373738
667 0.338167 0.0236101 0.314556 0.361777
668 0.319243 0.0212046 0.298038 0.340448
669 0.312187 0.0076644 0.304522 0.319851
670 0.319713 0.0276815 0.292032 0.347395
671 0.317062 0.017071 0.299991 0.334133
672 0.315501 0.0129628 0.302538 0.328464
673 0.33141 0.144619 0.18679 0.476029
674 0.300063 0.0154384 0.284624 0.315501
675 0.300448 0.0141368 0.286311 0.314584
676 0.31317 0.0430573 0.270113 0.356227
677 0.300426 0.0113288 0.289097 0.311755
678 0.313769 0.0377499 0.276019 0.351519
679 0.311032 0.0269819 0.28405 0.338014
680 0.309022 0.0310166 0.278005 0.340039
681 0.299934 0.0152962 0.284638 0.315231
682 0.306093 0.0422115 0.263881 0.348304
683 0.306114 0.0238474 0.282267 0.329961
684 0.305665 0.0330813 0.272584 0.338746
685 0.298951 0.0107267 0.288224 0.309678
686 0.30079 0.0145881 0.286202 0.315378
687 0.306221 0.0177533 0.288468 0.323974
688 0.300854 0.017379 0.283475 0.318233
689 0.301581 0.0162038 0.285377 0.317785
690 0.303805 0.0193757 0.284429 0.32318
691 0.323177 0.0279814 0.295196 0.351159
692 0.316185 0.0110449 0.30514 0.32723
693 0.333377 0.0415661 0.291811 0.374943
694 0.315458 0.00903986 0.306418 0.324498
695 0.315458 0.00696991 0.308488 0.322428
696 0.31997 0.0200069 0.299963 0.339977
697 0.330533 0.0444545 0.286078 0.374987
698 0.317575 0.0105288 0.307046 0.328104
699 0.322386 0.0154419 0.306944 0.337828
700 0.3192 0.0187346 0.300466 0.337935
701 0.325123 0.0326033 0.29252 0.357726
702 0.338722 0.0467688 0.291954 0.385491
703 0.327881 0.0246668 0.303215 0.352548
704 0.320141 0.0101295 0.310011 0.33027
705 0.321082 0.0242704 0.296811 0.345352
706 0.318559 0.0170069 0.301552 0.335566
707 0.322685 0.0211069 0.301579 0.343792
708 0.327796 0.0322728 0.295523 0.360069
709 0.319927 0.0253634 0.294564 0.345291
710 0.321253 0.0215563 0.299697 0.342809
711 0.332115 0.0483368 0.283778 0.380452
712 0.312678 0.0427549 0.269924 0.355433
713 0.308423 0.0257299 0.282693 0.334153
714 0.303035 0.00811801 0.294917 0.311153
715 0.302949 0.0104161 0.292533 0.313365
716 0.301025 0.0159755 0.285049 0.317
717 0.301303 0.0105566 0.290746 0.311859
718 0.310668 0.0304113 0.280257 0.34108
719 0.302158 0.00969792 0.29246 0.311856
720 0.311182 0.0452782 0.265903 0.35646
721 0.30806 0.0237566 0.284303 0.331816
722 0.31332 0.0470831 0.266237 0.360403
723 0.309941 0.0382848 0.271657 0.348226
724 0.306926 0.0206531 0.286273 0.32758
725 0.314603 0.0329138 0.281689 0.347517
726 0.312978 0.0380585 0.274919 0.351036
727 0.303163 0.00989985 0.293263 0.313063
728 0.314175 0.0419944 0.272181 0.35617
729 0.30419 0.0105649 0.293625 0.314754
730 0.305622 0.0193828 0.286239 0.325005
731 0.324033 0.0613167 0.262716 0.385349
732 0.312849 0.0263153 0.286534 0.339165
733 0.304467 0.0173447 0.287123 0.321812
734 0.307162 0.0241761 0.282986 0.331338
735 0.308295 0.0193481 0.288947 0.327643
736 0.309706 0.0165881 0.293118 0.326294
737 0.310177 0.0186807 0.291496 0.328857
738 0.306285 0.0111663 0.295119 0.317451
739 0.312721 0.0258353 0.286886 0.338556
740 0.307696 0.0127728 0.294923 0.320469
741 0.328673 0.0423855 0.286287 0.371058
742 0.324931 0.0247509 0.30018 0.349682
743 0.335301 0.0325802 0.302721 0.367881
744 0.3161 0.0114658 0.304634 0.327565
745 0.3192 0.0179356 0.301264 0.337136
746 0.320013 0.0157902 0.304222 0.335803
747 0.321958 0.0264033 0.295555 0.348362
748 0.315843 0.0113562 0.304487 0.327199
749 0.31456 0.0111809 0.303379 0.325741
750 0.314325 0.00713554 0.307189 0.32146
751 0.312208 0.00758946 0.304619 0.319797
752 0.321381 0.0300441 0.291337 0.351425
753 0.317297 0.0134248 0.303872 0.330722
754 0.318559 0.0159858 0.302573 0.334544
755 0.32198 0.0309784 0.291001 0.352958
756 0.314539 0.00908749 0.305451 0.323626
757 0.33002 0.0400866 0.289933 0.370106
758 0.314068 0.00598165 0.308087 0.32005
759 0.326556 0.0367743 0.289781 0.36333
760 0.317682 0.0186994 0.298983 0.336381
761 0.311866 0.00373525 0.308131 0.315601
762 0.317767 0.0198426 0.297925 0.33761
763 0.326983 0.057891 0.269092 0.384874
764 0.320398 0.0276654 0.292732 0.348063
765 0.31734 0.0165317 0.300808 0.333872
766 0.306777 0.0132215 0.293555 0.319998
767 0.310989 0.0236243 0.287365 0.334614
768 0.308573 0.0125511 0.296022 0.321124
769 0.324589 0.0394198 0.285169 0.364008
770 0.316463 0.0334262 0.283037 0.349889
771 0.306456 0.0139761 0.29248 0.320432
772 0.31843 0.0330151 0.285415 0.351445
773 0.31533 0.0227603 0.29257 0.33809
774 0.310006 0.0219227 0.288083 0.331928
775 0.304617 0.0119621 0.292655 0.316579
776 0.311652 0.0221332 0.289519 0.333785
777 0.310882 0.0260474 0.284835 0.33693
778 0.315437 0.0280076 0.287429 0.343444
779 0.30806 0.0192184 0.288841 0.327278
780 0.313833 0.0282138 0.285619 0.342047
781 0.323904 0.049505 0.274399 0.373409
782 0.315031 0.0266058 0.288425 0.341636
783 0.316356 0.0444368 0.271919 0.360793
784 0.313127 0.0388307 0.274297 0.351958
785 0.316698 0.0202666 0.296432 0.336965
786 0.308274 0.0120506 0.296223 0.320324
787 0.321381 0.0536237 0.267757 0.375005
788 0.307247 0.00888085 0.298366 0.316128
789 0.318494 0.0302653 0.288229 0.34876
790 0.312122 0.0218297 0.290293 0.333952
791 0.305366 0.00444527 0.30092 0.309811
792 0.320269 0.0253172 0.294952 0.345586
793 0.328651 0.0648859 0.263765 0.393537
794 0.328159 0.0502625 0.277897 0.378422
795 0.318473 0.0354718 0.283001 0.353945
796 0.310626 0.0124757 0.29815 0.323101
797 0.321381 0.0387736 0.282608 0.360155
798 0.31503 0.0202489 0.294782 0.335279
799 0.311545 0.0127714 0.298774 0.324317
