# ../output/graphs/perf_serial20QUADRUPED
# step - mean (0.188424) - standard deviation (0.0160421) r=20 - ylow - yhigh
0 0.18193 0.0106492 0.171281 0.192579
1 0.17684 0.0101104 0.16673 0.186951
2 0.175654 0.00628636 0.169368 0.18194
3 0.184137 0.0107919 0.173345 0.194929
4 0.180579 0.00686295 0.173716 0.187442
5 0.185113 0.0147715 0.170342 0.199885
6 0.18163 0.00735633 0.174273 0.188986
7 0.183792 0.0122526 0.171539 0.196044
8 0.180714 0.0135937 0.16712 0.194308
9 0.18178 0.00970601 0.172074 0.191486
10 0.187575 0.0120323 0.175543 0.199608
11 0.182305 0.00982358 0.172482 0.192129
12 0.179303 0.00720562 0.172097 0.186508
13 0.187666 0.0173622 0.170303 0.205028
14 0.1869 0.0183769 0.168523 0.205277
15 0.185488 0.0124245 0.173064 0.197913
16 0.182035 0.00625265 0.175783 0.188288
17 0.185128 0.0104354 0.174693 0.195564
18 0.18169 0.00691609 0.174774 0.188606
19 0.182245 0.0088628 0.173383 0.191108
20 0.181299 0.0090321 0.172267 0.190332
21 0.182996 0.00886153 0.174135 0.191858
22 0.1816 0.00973551 0.171864 0.191335
23 0.185684 0.0147775 0.170906 0.200461
24 0.180969 0.00991876 0.17105 0.190888
25 0.183326 0.0106463 0.17268 0.193973
26 0.187921 0.0198821 0.168039 0.207803
27 0.185128 0.0108431 0.174285 0.195971
28 0.182035 0.00641706 0.175618 0.188452
29 0.182155 0.00657928 0.175576 0.188735
30 0.189047 0.0135757 0.175471 0.202623
31 0.184483 0.00827636 0.176206 0.192759
32 0.184558 0.00911336 0.175444 0.193671
33 0.18675 0.0121518 0.174598 0.198902
34 0.188311 0.0194083 0.168903 0.207719
35 0.189062 0.0110901 0.177972 0.200152
36 0.18705 0.00828106 0.178769 0.195331
37 0.186359 0.0125283 0.173831 0.198888
38 0.193101 0.0135917 0.179509 0.206692
39 0.187515 0.0101972 0.177318 0.197713
40 0.183011 0.00356634 0.179445 0.186577
41 0.186915 0.0102607 0.176654 0.197176
42 0.195743 0.0177018 0.178042 0.213445
43 0.184077 0.00603797 0.178039 0.190115
44 0.189723 0.0154062 0.174316 0.205129
45 0.189888 0.0106504 0.179237 0.200538
46 0.189873 0.0234795 0.166393 0.213352
47 0.180669 0.00369279 0.176976 0.184362
48 0.182741 0.00953458 0.173206 0.192275
49 0.18208 0.00749296 0.174587 0.189573
50 0.184513 0.014699 0.169814 0.199212
51 0.182305 0.00744262 0.174863 0.189748
52 0.180759 0.00632568 0.174433 0.187085
53 0.179978 0.00493084 0.175047 0.184909
54 0.183386 0.00843545 0.174951 0.191822
55 0.180684 0.00783697 0.172847 0.188521
56 0.185353 0.00797259 0.177381 0.193326
57 0.183927 0.0110723 0.172855 0.194999
58 0.184242 0.0100668 0.174175 0.194309
59 0.178762 0.00672413 0.172038 0.185486
60 0.183401 0.0124121 0.170989 0.195814
61 0.186149 0.0242844 0.161865 0.210434
62 0.180173 0.00675016 0.173423 0.186924
63 0.18184 0.00714692 0.174693 0.188987
64 0.185248 0.0127164 0.172532 0.197965
65 0.183987 0.0105811 0.173406 0.194568
66 0.180113 0.00787914 0.172234 0.187992
67 0.182906 0.0115026 0.171403 0.194409
68 0.188611 0.0105879 0.178024 0.199199
69 0.183221 0.00771005 0.175511 0.190931
70 0.187891 0.0167129 0.171178 0.204604
71 0.185879 0.00926624 0.176613 0.195145
72 0.193386 0.0097314 0.183655 0.203117
73 0.194182 0.00707706 0.187105 0.201259
74 0.194407 0.0130442 0.181363 0.207451
75 0.194437 0.0129053 0.181532 0.207342
76 0.196359 0.0255145 0.170844 0.221873
77 0.198416 0.0161124 0.182304 0.214528
78 0.19271 0.00693978 0.185771 0.19965
79 0.200113 0.0230774 0.177035 0.22319
80 0.192966 0.00852334 0.184442 0.201489
81 0.197845 0.017167 0.180678 0.215012
82 0.1925 0.00805954 0.184441 0.20056
83 0.194527 0.0101681 0.184359 0.204695
84 0.190789 0.00844943 0.182339 0.199238
85 0.195893 0.0150613 0.180832 0.210955
86 0.191389 0.00924884 0.18214 0.200638
87 0.191239 0.00986223 0.181377 0.201101
88 0.198986 0.0142098 0.184777 0.213196
89 0.195098 0.0131878 0.18191 0.208286
90 0.193116 0.0118847 0.181231 0.205001
91 0.187936 0.00357744 0.184358 0.191513
92 0.194617 0.0149219 0.179695 0.209539
93 0.193371 0.00787105 0.1855 0.201242
94 0.190999 0.00910449 0.181894 0.200103
95 0.190398 0.00596848 0.18443 0.196367
96 0.200278 0.0158129 0.184465 0.216091
97 0.189903 0.00382842 0.186074 0.193731
98 0.193626 0.0114919 0.182134 0.205118
99 0.192695 0.0118464 0.180849 0.204542
100 0.193161 0.00912349 0.184037 0.202284
101 0.194527 0.0152133 0.179314 0.20974
102 0.189122 0.00513274 0.183989 0.194255
103 0.193101 0.00881259 0.184288 0.201913
104 0.190759 0.0078535 0.182905 0.198612
105 0.191089 0.00860068 0.182488 0.19969
106 0.194017 0.00928175 0.184735 0.203298
107 0.19193 0.00827037 0.183659 0.2002
108 0.189572 0.00744335 0.182129 0.197016
109 0.199572 0.0194174 0.180155 0.218989
110 0.192425 0.0117007 0.180724 0.204126
111 0.191659 0.00943685 0.182223 0.201096
112 0.193101 0.00958786 0.183513 0.202689
113 0.193536 0.0102189 0.183317 0.203755
114 0.189167 0.00734418 0.181823 0.196511
115 0.193701 0.0139194 0.179782 0.207621
116 0.193536 0.0120488 0.181487 0.205585
117 0.195008 0.0148129 0.180195 0.209821
118 0.187185 0.0101159 0.177069 0.197301
119 0.193236 0.0146806 0.178555 0.207916
120 0.185473 0.0064112 0.179062 0.191885
121 0.187726 0.00905971 0.178666 0.196785
122 0.190518 0.00895117 0.181567 0.199469
123 0.191179 0.0117594 0.17942 0.202938
124 0.194047 0.0119316 0.182115 0.205978
125 0.185564 0.00838633 0.177177 0.19395
126 0.184843 0.00620406 0.178639 0.191047
127 0.18738 0.0121715 0.175209 0.199552
128 0.186269 0.00984201 0.176427 0.196111
129 0.183852 0.00724865 0.176603 0.191101
130 0.18729 0.00975135 0.177539 0.197042
131 0.187095 0.0104738 0.176621 0.197569
132 0.188206 0.00775994 0.180446 0.195966
133 0.187726 0.0130082 0.174717 0.200734
134 0.187906 0.0105499 0.177356 0.198456
135 0.187365 0.00819491 0.17917 0.19556
136 0.191269 0.0149109 0.176358 0.20618
137 0.190894 0.0125925 0.178301 0.203486
138 0.188491 0.00894896 0.179542 0.19744
139 0.191089 0.0212619 0.169827 0.212351
140 0.190789 0.011434 0.179355 0.202223
141 0.189452 0.0102279 0.179224 0.19968
142 0.190578 0.0173062 0.173272 0.207885
143 0.197215 0.0197171 0.177498 0.216932
144 0.185519 0.00736878 0.17815 0.192887
145 0.189828 0.0147191 0.175109 0.204547
146 0.190008 0.0113368 0.178671 0.201345
147 0.191599 0.0120008 0.179599 0.2036
148 0.186029 0.0110503 0.174979 0.197079
149 0.190353 0.0171051 0.173248 0.207458
150 0.18711 0.010957 0.176153 0.198067
151 0.186119 0.0109136 0.175205 0.197033
152 0.183717 0.00765448 0.176062 0.191371
153 0.194227 0.0196178 0.174609 0.213845
154 0.183206 0.00794768 0.175259 0.191154
155 0.190083 0.0153171 0.174766 0.2054
156 0.183101 0.00602816 0.177073 0.189129
157 0.185639 0.00989934 0.175739 0.195538
158 0.188566 0.0149523 0.173614 0.203519
159 0.196134 0.0240757 0.172058 0.220209
160 0.182365 0.00553225 0.176833 0.187898
161 0.191149 0.0112876 0.179861 0.202437
162 0.189587 0.00942461 0.180163 0.199012
163 0.188687 0.0207298 0.167957 0.209416
164 0.190503 0.0186078 0.171895 0.209111
165 0.194527 0.0277521 0.166775 0.222279
166 0.192695 0.0178026 0.174893 0.210498
167 0.187771 0.0115356 0.176235 0.199306
168 0.189632 0.0186103 0.171022 0.208243
169 0.188912 0.00994129 0.17897 0.198853
170 0.184573 0.00994236 0.17463 0.194515
171 0.186209 0.00911014 0.177099 0.195319
172 0.190428 0.0201293 0.170299 0.210558
173 0.188672 0.00932401 0.179348 0.197996
174 0.186389 0.0181015 0.168288 0.204491
175 0.183266 0.0095344 0.173732 0.192801
176 0.1875 0.0146063 0.172894 0.202107
177 0.180489 0.0062842 0.174204 0.186773
178 0.189828 0.0162065 0.173621 0.206034
179 0.186735 0.015321 0.171414 0.202056
180 0.179933 0.00538732 0.174546 0.18532
181 0.185038 0.0139039 0.171134 0.198942
182 0.18711 0.0134508 0.173659 0.200561
183 0.179738 0.00530116 0.174437 0.185039
184 0.179888 0.0061118 0.173776 0.186
185 0.18142 0.00845956 0.17296 0.189879
186 0.182966 0.0116778 0.171288 0.194644
187 0.177426 0.00527114 0.172155 0.182697
188 0.18235 0.0113181 0.171032 0.193669
189 0.186029 0.0116331 0.174396 0.197662
190 0.177621 0.00542394 0.172197 0.183045
191 0.17642 0.00306015 0.17336 0.17948
192 0.179528 0.00587775 0.17365 0.185405
193 0.185428 0.0123581 0.17307 0.197787
194 0.180278 0.00836092 0.171918 0.188639
195 0.183101 0.00652593 0.176575 0.189627
196 0.184588 0.0136653 0.170922 0.198253
197 0.187485 0.0108393 0.176646 0.198325
198 0.193131 0.0245871 0.168544 0.217718
199 0.184452 0.00907294 0.17538 0.193525
200 0.194527 0.0140199 0.180507 0.208547
201 0.194002 0.0187137 0.175288 0.212715
202 0.191314 0.00952153 0.181793 0.200836
203 0.192891 0.0138857 0.179005 0.206776
204 0.192816 0.0228658 0.16995 0.215681
205 0.187305 0.00378039 0.183525 0.191086
206 0.187756 0.00421141 0.183544 0.191967
207 0.18753 0.00588405 0.181646 0.193414
208 0.190008 0.00836178 0.181646 0.19837
209 0.188476 0.00884517 0.179631 0.197322
210 0.187606 0.00606024 0.181545 0.193666
211 0.193701 0.0203461 0.173355 0.214047
212 0.192861 0.0133606 0.1795 0.206221
213 0.193221 0.0197339 0.173487 0.212955
214 0.187305 0.00750535 0.1798 0.194811
215 0.186915 0.01038 0.176535 0.197295
216 0.192215 0.0106756 0.181539 0.202891
217 0.191765 0.0115459 0.180219 0.20331
218 0.187771 0.0069775 0.180793 0.194748
219 0.193131 0.0144358 0.178695 0.207567
220 0.190698 0.0106509 0.180048 0.201349
221 0.190083 0.0109496 0.179133 0.201033
222 0.190578 0.0110954 0.179483 0.201674
223 0.19238 0.0136012 0.178779 0.205981
224 0.1866 0.00723653 0.179363 0.193836
225 0.191104 0.0150939 0.17601 0.206198
226 0.198641 0.0201783 0.178463 0.218819
227 0.191374 0.00857118 0.182803 0.199945
228 0.187365 0.00703758 0.180328 0.194403
229 0.189347 0.0105774 0.17877 0.199925
230 0.187696 0.00704206 0.180654 0.194738
231 0.196029 0.0207898 0.175239 0.216818
232 0.187921 0.00944818 0.178473 0.197369
233 0.187876 0.00998626 0.17789 0.197862
234 0.193491 0.0116105 0.181881 0.205102
235 0.192831 0.0100264 0.182804 0.202857
236 0.190563 0.0122558 0.178308 0.202819
237 0.188521 0.0042622 0.184259 0.192784
238 0.190248 0.0063385 0.18391 0.196587
239 0.196945 0.022299 0.174645 0.219244
240 0.193056 0.010624 0.182432 0.20368
241 0.188356 0.00473646 0.18362 0.193093
242 0.195743 0.0149317 0.180812 0.210675
243 0.19789 0.0190996 0.178791 0.21699
244 0.187395 0.0117338 0.175662 0.199129
245 0.183942 0.00432299 0.179619 0.188265
246 0.189843 0.00891995 0.180923 0.198763
247 0.235381 0.212006 0.0233759 0.447387
248 0.18687 0.0135274 0.173342 0.200397
249 0.185879 0.00613869 0.17974 0.192018
250 0.189497 0.00957986 0.179917 0.199077
251 0.183822 0.00632696 0.177495 0.190149
252 0.181825 0.00726271 0.174562 0.189088
253 0.185534 0.0154706 0.170063 0.201004
254 0.182726 0.0103808 0.172345 0.193107
255 0.182441 0.0106068 0.171834 0.193047
256 0.185699 0.0149097 0.170789 0.200608
257 0.186419 0.0105104 0.175909 0.19693
258 0.185879 0.0162911 0.169588 0.20217
259 0.185729 0.010904 0.174825 0.196633
260 0.18187 0.00631983 0.17555 0.18819
261 0.183432 0.00574665 0.177685 0.189178
262 0.187185 0.0164547 0.17073 0.20364
263 0.189107 0.0129737 0.176133 0.202081
264 0.182711 0.00874995 0.173961 0.191461
265 0.184873 0.0117048 0.173168 0.196578
266 0.183206 0.00902062 0.174186 0.192227
267 0.18199 0.00943809 0.172552 0.191428
268 0.184708 0.0147594 0.169948 0.199467
269 0.182981 0.0107507 0.17223 0.193732
270 0.184828 0.00986371 0.174964 0.194692
271 0.181675 0.00939621 0.172279 0.191071
272 0.183086 0.0102794 0.172807 0.193366
273 0.183011 0.0110172 0.171994 0.194028
274 0.180248 0.0106575 0.169591 0.190906
275 0.183747 0.0128237 0.170923 0.196571
276 0.184017 0.0118937 0.172123 0.195911
277 0.189557 0.0163871 0.17317 0.205944
278 0.181645 0.0080838 0.173561 0.189729
279 0.180113 0.00629863 0.173815 0.186412
280 0.180369 0.00857759 0.171791 0.188946
281 0.183702 0.0110145 0.172687 0.194716
282 0.185954 0.0123092 0.173645 0.198263
283 0.187891 0.0122163 0.175674 0.200107
284 0.184873 0.0105115 0.174361 0.195384
285 0.185714 0.00971307 0.176001 0.195427
286 0.190924 0.0102004 0.180723 0.201124
287 0.185398 0.00651108 0.178887 0.191909
288 0.194122 0.015056 0.179066 0.209178
289 0.192891 0.0150448 0.177846 0.207935
290 0.193221 0.0290304 0.16419 0.222251
291 0.189828 0.0100277 0.1798 0.199855
292 0.187936 0.00797507 0.179961 0.195911
293 0.185639 0.00912483 0.176514 0.194763
294 0.191945 0.0186079 0.173337 0.210553
295 0.185594 0.00553419 0.180059 0.191128
296 0.187831 0.0113219 0.176509 0.199153
297 0.195173 0.0214591 0.173714 0.216632
298 0.188657 0.00770455 0.180952 0.196361
299 0.189512 0.00753893 0.181973 0.197051
300 0.188221 0.00645558 0.181766 0.194677
301 0.189933 0.0102655 0.179667 0.200198
302 0.185534 0.00844302 0.177091 0.193977
303 0.186014 0.011947 0.174067 0.197961
304 0.181765 0.00495895 0.176806 0.186724
305 0.184167 0.0069917 0.177176 0.191159
306 0.181405 0.00357445 0.17783 0.184979
307 0.184122 0.00757197 0.17655 0.191694
308 0.18717 0.0153888 0.171781 0.202559
309 0.183627 0.00431988 0.179307 0.187947
310 0.189482 0.0109208 0.178562 0.200403
311 0.185684 0.0110962 0.174587 0.19678
312 0.185819 0.0112557 0.174563 0.197074
313 0.185398 0.0113878 0.174011 0.196786
314 0.182215 0.00829178 0.173924 0.190507
315 0.188266 0.0171729 0.171093 0.205439
316 0.186539 0.0127347 0.173805 0.199274
317 0.186014 0.0130121 0.173002 0.199026
318 0.185654 0.0101633 0.17549 0.195817
319 0.18139 0.00838902 0.173001 0.189779
320 0.186479 0.0110399 0.17544 0.197519
321 0.184272 0.00997632 0.174296 0.194249
322 0.18726 0.0146901 0.17257 0.20195
323 0.185549 0.0064488 0.1791 0.191997
324 0.195578 0.019153 0.176425 0.214731
325 0.184948 0.00725737 0.177691 0.192205
326 0.186975 0.00948898 0.177486 0.196464
327 0.193341 0.00933907 0.184002 0.20268
328 0.193281 0.00972458 0.183556 0.203006
329 0.191344 0.0104588 0.180885 0.201803
330 0.19223 0.00818654 0.184043 0.200416
331 0.191825 0.00896381 0.182861 0.200788
332 0.193506 0.00949616 0.18401 0.203002
333 0.19753 0.0107034 0.186827 0.208233
334 0.194032 0.0139262 0.180106 0.207958
335 0.190819 0.00850273 0.182316 0.199321
336 0.193251 0.00881821 0.184433 0.202069
337 0.191915 0.00856055 0.183354 0.200475
338 0.191554 0.00859996 0.182954 0.200154
339 0.193461 0.0106837 0.182777 0.204145
340 0.195578 0.0101984 0.18538 0.205777
341 0.190458 0.00961622 0.180842 0.200074
342 0.193386 0.0139533 0.179433 0.207339
343 0.192365 0.00648054 0.185885 0.198846
344 0.194602 0.0106552 0.183947 0.205257
345 0.191104 0.00721656 0.183887 0.19832
346 0.191329 0.00945756 0.181872 0.200787
347 0.192425 0.00863852 0.183787 0.201064
348 0.198521 0.0203231 0.178198 0.218844
349 0.196839 0.0152373 0.181602 0.212077
350 0.195398 0.0174111 0.177987 0.212809
351 0.196584 0.0175779 0.179006 0.214162
352 0.193867 0.0090528 0.184814 0.202919
353 0.190744 0.00695777 0.183786 0.197701
354 0.19798 0.0207812 0.177199 0.218762
355 0.191659 0.0117201 0.179939 0.203379
356 0.190293 0.00878524 0.181508 0.199078
357 0.191614 0.00781438 0.1838 0.199429
358 0.194903 0.0127961 0.182106 0.207699
359 0.191479 0.00795866 0.183521 0.199438
360 0.190578 0.0112483 0.17933 0.201827
361 0.205187 0.023102 0.182085 0.228289
362 0.195638 0.0107671 0.184871 0.206405
363 0.190068 0.00706188 0.183006 0.19713
364 0.188927 0.00681019 0.182117 0.195737
365 0.189407 0.0074855 0.181922 0.196893
366 0.194467 0.0134164 0.181051 0.207883
367 0.193266 0.0156316 0.177634 0.208898
368 0.187215 0.00215597 0.185059 0.189371
369 0.192185 0.00831318 0.183872 0.200498
370 0.195143 0.0147084 0.180434 0.209851
371 0.186765 0.0108755 0.175889 0.19764
372 0.186104 0.00710479 0.178999 0.193209
373 0.185278 0.00603125 0.179247 0.19131
374 0.18741 0.0096331 0.177777 0.197043
375 0.186164 0.00926744 0.176897 0.195432
376 0.185609 0.00855634 0.177052 0.194165
377 0.191209 0.0123242 0.178885 0.203533
378 0.181329 0.00612933 0.1752 0.187459
379 0.190503 0.0190288 0.171475 0.209532
380 0.18663 0.00789737 0.178732 0.194527
381 0.189197 0.00884833 0.180349 0.198045
382 0.188176 0.0116039 0.176572 0.19978
383 0.188431 0.0153199 0.173111 0.203751
384 0.188642 0.0122331 0.176408 0.200875
385 0.190864 0.0137951 0.177069 0.204659
386 0.191344 0.0110168 0.180327 0.202361
387 0.188852 0.0128385 0.176013 0.20169
388 0.183582 0.0057912 0.17779 0.189373
389 0.189993 0.0123674 0.177625 0.20236
390 0.184077 0.00676684 0.17731 0.190844
391 0.190774 0.011694 0.17908 0.202468
392 0.182861 0.00920545 0.173656 0.192066
393 0.184002 0.00706278 0.176939 0.191065
394 0.183011 0.00915831 0.173853 0.192169
395 0.186164 0.0120387 0.174125 0.198203
396 0.184978 0.00977393 0.175204 0.194752
397 0.181885 0.00587685 0.176008 0.187762
398 0.183642 0.00789107 0.175751 0.191533
399 0.1875 0.0119877 0.175513 0.199488
400 0.182456 0.0113271 0.171128 0.193783
401 0.188717 0.0158094 0.172907 0.204526
402 0.185759 0.0119254 0.173833 0.197684
403 0.1875 0.011095 0.176405 0.198595
404 0.179137 0.00309527 0.176042 0.182233
405 0.18175 0.00848223 0.173268 0.190232
406 0.187215 0.0132333 0.173982 0.200448
407 0.180564 0.00766596 0.172898 0.18823
408 0.183236 0.00774408 0.175492 0.19098
409 0.185774 0.0090622 0.176712 0.194836
410 0.188251 0.0104109 0.17784 0.198662
411 0.185849 0.00926473 0.176584 0.195114
412 0.189783 0.00968449 0.180098 0.199467
413 0.192996 0.00999024 0.183005 0.202986
414 0.190593 0.0144248 0.176169 0.205018
415 0.189257 0.00883833 0.180419 0.198095
416 0.194197 0.0134763 0.180721 0.207673
417 0.188506 0.00885566 0.179651 0.197362
418 0.193296 0.013693 0.179603 0.206989
419 0.189903 0.00899334 0.180909 0.198896
420 0.195353 0.0214883 0.173865 0.216841
421 0.193176 0.0150526 0.178123 0.208228
422 0.193026 0.013936 0.17909 0.206962
423 0.199167 0.025982 0.173185 0.225149
424 0.188717 0.00597905 0.182738 0.194696
425 0.189302 0.00778345 0.181519 0.197086
426 0.190653 0.0160987 0.174555 0.206752
427 0.196209 0.0222101 0.173999 0.218419
428 0.191719 0.00966234 0.182057 0.201382
429 0.186299 0.00935264 0.176947 0.195652
430 0.188897 0.0125984 0.176298 0.201495
431 0.18735 0.0236914 0.163659 0.211042
432 0.182756 0.0017024 0.181053 0.184458
433 0.189978 0.0108998 0.179078 0.200878
434 0.184528 0.0126519 0.171876 0.197179
435 0.18753 0.01296 0.17457 0.20049
436 0.185353 0.0106333 0.17472 0.195987
437 0.190023 0.0171003 0.172923 0.207123
438 0.183927 0.00826722 0.17566 0.192194
439 0.189077 0.0186635 0.170413 0.20774
440 0.186149 0.011361 0.174788 0.19751
441 0.183011 0.00879056 0.174221 0.191802
442 0.185233 0.0102117 0.175022 0.195445
443 0.186314 0.0109991 0.175315 0.197313
444 0.188596 0.0122944 0.176302 0.200891
445 0.183251 0.0113713 0.17188 0.194623
446 0.181329 0.00548656 0.175843 0.186816
447 0.18681 0.0120975 0.174712 0.198907
448 0.189798 0.0193898 0.170408 0.209187
449 0.184603 0.0103003 0.174302 0.194903
450 0.18666 0.009224 0.177436 0.195884
451 0.18729 0.00870014 0.17859 0.19599
452 0.191284 0.0131491 0.178135 0.204433
453 0.18747 0.0150598 0.172411 0.20253
454 0.18666 0.00880948 0.17785 0.195469
455 0.192966 0.00854659 0.184419 0.201512
456 0.199812 0.0278028 0.172009 0.227615
457 0.194227 0.0105506 0.183676 0.204778
458 0.196194 0.0120372 0.184157 0.208231
459 0.195278 0.0100917 0.185186 0.20537
460 0.194047 0.0120765 0.18197 0.206123
461 0.193296 0.0107103 0.182586 0.204006
462 0.190984 0.0082958 0.182688 0.19928
463 0.193731 0.0092829 0.184449 0.203014
464 0.192335 0.00693303 0.185402 0.199268
465 0.194242 0.0115407 0.182701 0.205783
466 0.194873 0.0117549 0.183118 0.206627
467 0.192065 0.00925231 0.182812 0.201317
468 0.191885 0.00876977 0.183115 0.200654
469 0.190368 0.00948432 0.180884 0.199852
470 0.187831 0.00450884 0.183322 0.19234
471 0.196134 0.0140557 0.182078 0.210189
472 0.194888 0.0131932 0.181694 0.208081
473 0.189107 0.00481762 0.184289 0.193925
474 0.19193 0.0108746 0.181055 0.202804
475 0.189437 0.00643157 0.183006 0.195869
476 0.196674 0.0106374 0.186037 0.207312
477 0.190218 0.00823004 0.181988 0.198448
478 0.189813 0.00601171 0.183801 0.195824
479 0.189933 0.00882896 0.181104 0.198762
480 0.202815 0.0293412 0.173474 0.232156
481 0.196779 0.0130976 0.183682 0.209877
482 0.19205 0.00985546 0.182194 0.201905
483 0.190924 0.00914162 0.181782 0.200065
484 0.191344 0.00869366 0.18265 0.200038
485 0.194122 0.00866659 0.185455 0.202788
486 0.191704 0.0093483 0.182356 0.201053
487 0.192395 0.0103655 0.18203 0.202761
488 0.191239 0.00886604 0.182373 0.200105
489 0.196059 0.0141196 0.181939 0.210178
490 0.189993 0.00640756 0.183585 0.1964
491 0.190939 0.00835444 0.182584 0.199293
492 0.194182 0.0142504 0.179931 0.208432
493 0.192831 0.0106547 0.182176 0.203485
494 0.189963 0.00803372 0.181929 0.197997
495 0.190083 0.00890092 0.181182 0.198984
496 0.196044 0.0141885 0.181855 0.210232
497 0.193626 0.0145544 0.179072 0.208181
498 0.19184 0.0173343 0.174505 0.209174
499 0.189738 0.0121635 0.177574 0.201901
500 0.189828 0.0141488 0.175679 0.203976
501 0.185849 0.0062109 0.179638 0.19206
502 0.188596 0.0141016 0.174495 0.202698
503 0.188371 0.00936068 0.179011 0.197732
504 0.185218 0.00892753 0.176291 0.194146
505 0.193056 0.020363 0.172693 0.213419
506 0.185323 0.00522043 0.180103 0.190544
507 0.190023 0.00911643 0.180906 0.199139
508 0.190503 0.0135308 0.176972 0.204034
509 0.184738 0.00815637 0.176581 0.192894
510 0.185368 0.00802289 0.177345 0.193391
511 0.185849 0.0134816 0.172367 0.19933
512 0.184528 0.0055187 0.179009 0.190046
513 0.18726 0.00838898 0.178871 0.195649
514 0.192816 0.0178127 0.175003 0.210628
515 0.188311 0.0113507 0.17696 0.199662
516 0.222559 0.157945 0.0646139 0.380504
517 0.188506 0.0122099 0.176296 0.200716
518 0.185669 0.00880164 0.176867 0.19447
519 0.18738 0.0214188 0.165961 0.208799
520 0.184948 0.00804522 0.176903 0.192993
521 0.19214 0.0343802 0.15776 0.22652
522 0.184182 0.00716507 0.177017 0.191347
523 0.183176 0.00692425 0.176252 0.190101
524 0.18732 0.0126691 0.174651 0.199989
525 0.185413 0.011567 0.173846 0.19698
526 0.186585 0.0135274 0.173057 0.200112
527 0.188221 0.0138948 0.174326 0.202116
528 0.185579 0.0109414 0.174637 0.19652
529 0.185594 0.00914698 0.176447 0.194741
530 0.185458 0.00961319 0.175845 0.195072
531 0.183401 0.00771566 0.175686 0.191117
532 0.18708 0.012277 0.174803 0.199357
533 0.188146 0.0123952 0.175751 0.200541
534 0.184392 0.0101022 0.17429 0.194495
535 0.188837 0.017634 0.171203 0.206471
536 0.184077 0.0127161 0.171361 0.196793
537 0.190218 0.0157526 0.174465 0.205971
538 0.189993 0.00916944 0.180823 0.199162
539 0.184858 0.00902887 0.175829 0.193887
540 0.185759 0.00721906 0.17854 0.192978
541 0.191434 0.0112456 0.180189 0.20268
542 0.184828 0.00594276 0.178885 0.190771
543 0.189933 0.0125161 0.177417 0.202449
544 0.193596 0.0109961 0.1826 0.204592
545 0.188116 0.00719032 0.180926 0.195306
546 0.185984 0.00443501 0.181549 0.190419
547 0.195969 0.0253856 0.170583 0.221354
548 0.194407 0.0170265 0.177381 0.211434
549 0.188897 0.0078274 0.181069 0.196724
550 0.19184 0.0124915 0.179348 0.204331
551 0.190744 0.00936189 0.181382 0.200105
552 0.194392 0.0147103 0.179682 0.209102
553 0.194227 0.0156296 0.178597 0.209857
554 0.186885 0.00750679 0.179378 0.194392
555 0.190068 0.0111627 0.178905 0.201231
556 0.189317 0.012293 0.177024 0.20161
557 0.187365 0.0127117 0.174654 0.200077
558 0.186555 0.0107522 0.175802 0.197307
559 0.187621 0.0134279 0.174193 0.201048
560 0.190819 0.0220494 0.168769 0.212868
561 0.183176 0.00479993 0.178376 0.187976
562 0.186389 0.00838559 0.178004 0.194775
563 0.187606 0.0117849 0.175821 0.19939
564 0.18684 0.017186 0.169654 0.204026
565 0.186825 0.0101706 0.176654 0.196995
566 0.185353 0.0104968 0.174857 0.19585
567 0.183221 0.0104991 0.172722 0.19372
568 0.183206 0.00712951 0.176077 0.190336
569 0.184197 0.0108729 0.173324 0.19507
570 0.183492 0.00862435 0.174867 0.192116
571 0.187335 0.016559 0.170776 0.203894
572 0.184588 0.0106972 0.17389 0.195285
573 0.190128 0.0156009 0.174527 0.205729
574 0.183131 0.00844836 0.174683 0.19158
575 0.185744 0.01154 0.174204 0.197284
576 0.185203 0.0101872 0.175016 0.19539
577 0.180939 0.00936568 0.171573 0.190305
578 0.189662 0.0150736 0.174589 0.204736
579 0.187876 0.0149625 0.172913 0.202838
580 0.184573 0.0150211 0.169551 0.199594
581 0.183341 0.00906976 0.174272 0.192411
582 0.194873 0.0315746 0.163298 0.226447
583 0.191479 0.00837169 0.183108 0.199851
584 0.191164 0.00863684 0.182527 0.199801
585 0.193521 0.0101075 0.183414 0.203629
586 0.192861 0.0070372 0.185823 0.199898
587 0.194092 0.00895912 0.185133 0.203051
588 0.194933 0.0104522 0.18448 0.205385
589 0.193987 0.00983601 0.184151 0.203823
590 0.196854 0.0122489 0.184606 0.209103
591 0.19702 0.0151203 0.181899 0.21214
592 0.193746 0.0135239 0.180223 0.20727
593 0.193686 0.00828493 0.185401 0.201971
594 0.191975 0.00914137 0.182833 0.201116
595 0.192245 0.00823778 0.184007 0.200483
596 0.193056 0.0104546 0.182601 0.20351
597 0.193056 0.00949355 0.183562 0.202549
598 0.192936 0.0180247 0.174911 0.21096
599 0.187726 0.00866492 0.179061 0.196391
600 0.195398 0.0148618 0.180536 0.21026
601 0.186404 0.00531085 0.181094 0.191715
602 0.189002 0.00991517 0.179087 0.198917
603 0.190458 0.0126217 0.177837 0.20308
604 0.193341 0.015721 0.17762 0.209062
605 0.188702 0.00826717 0.180434 0.196969
606 0.191614 0.0114586 0.180156 0.203073
607 0.189017 0.0139253 0.175092 0.202942
608 0.194527 0.0172922 0.177235 0.211819
609 0.194632 0.0146344 0.179998 0.209267
610 0.187981 0.0097873 0.178194 0.197768
611 0.184678 0.00185597 0.182822 0.186534
612 0.191059 0.0122324 0.178826 0.203291
613 0.191209 0.0120269 0.179182 0.203236
614 0.191089 0.0118415 0.179247 0.20293
615 0.18666 0.00597296 0.180687 0.192633
616 0.187756 0.00885261 0.178903 0.196608
617 0.19247 0.0121906 0.18028 0.204661
618 0.189107 0.00757173 0.181535 0.196679
619 0.188191 0.00992776 0.178263 0.198119
620 0.187425 0.00916313 0.178262 0.196588
621 0.190954 0.00859315 0.182361 0.199547
622 0.187771 0.00727425 0.180496 0.195045
623 0.188026 0.00970973 0.178316 0.197736
624 0.189422 0.00891489 0.180507 0.198337
625 0.192095 0.0108832 0.181212 0.202978
626 0.183957 0.00769549 0.176262 0.191652
627 0.190548 0.0133016 0.177247 0.20385
628 0.187395 0.0144618 0.172934 0.201857
629 0.188687 0.0192867 0.1694 0.207973
630 0.182696 0.00586171 0.176834 0.188558
631 0.18663 0.0122794 0.17435 0.198909
632 0.189572 0.0133035 0.176269 0.202876
633 0.186735 0.00702976 0.179705 0.193764
634 0.186359 0.0110991 0.17526 0.197458
635 0.182441 0.00811973 0.174321 0.19056
636 0.179663 0.00825391 0.171409 0.187917
637 0.183371 0.0103655 0.173006 0.193737
638 0.179182 0.00675089 0.172432 0.185933
639 0.177261 0.00424046 0.17302 0.181501
640 0.18735 0.0132624 0.174088 0.200613
641 0.184122 0.0112815 0.172841 0.195404
642 0.185398 0.0102325 0.175166 0.195631
643 0.186059 0.00960286 0.176456 0.195662
644 0.184332 0.013467 0.170865 0.197799
645 0.184678 0.011118 0.17356 0.195796
646 0.183492 0.00875716 0.174734 0.192249
647 0.184513 0.0117886 0.172724 0.196301
648 0.190714 0.0141084 0.176605 0.204822
649 0.184828 0.0148564 0.169971 0.199684
650 0.180954 0.00423652 0.176718 0.185191
651 0.184047 0.011342 0.172705 0.195389
652 0.182846 0.010774 0.172072 0.19362
653 0.185218 0.0147189 0.170499 0.199937
654 0.182696 0.0106708 0.172025 0.193367
655 0.177125 0.00208106 0.175044 0.179206
656 0.185669 0.0161663 0.169502 0.201835
657 0.178642 0.00423386 0.174408 0.182876
658 0.179603 0.00583975 0.173763 0.185443
659 0.182651 0.0144098 0.168241 0.197061
660 0.182215 0.0086552 0.17356 0.190871
661 0.185113 0.0119836 0.17313 0.197097
662 0.180609 0.00654635 0.174062 0.187155
663 0.180489 0.0075009 0.172988 0.18799
664 0.186945 0.0159743 0.170971 0.202919
665 0.184242 0.0062135 0.178029 0.190456
666 0.187666 0.0159197 0.171746 0.203585
667 0.18663 0.0118865 0.174743 0.198516
668 0.18181 0.00609185 0.175718 0.187902
669 0.183221 0.00837869 0.174843 0.1916
670 0.189632 0.014993 0.17464 0.204625
671 0.190428 0.0102086 0.18022 0.200637
672 0.186254 0.00573927 0.180515 0.191993
673 0.192831 0.0196363 0.173194 0.212467
674 0.189257 0.01001 0.179247 0.199267
675 0.183281 0.00255206 0.180729 0.185833
676 0.188792 0.0186371 0.170155 0.207429
677 0.187485 0.0106754 0.17681 0.198161
678 0.186675 0.00748152 0.179193 0.194156
679 0.188206 0.017977 0.170229 0.206183
680 0.189272 0.0104642 0.178808 0.199736
681 0.185744 0.0056303 0.180113 0.191374
682 0.186509 0.00795392 0.178556 0.194463
683 0.190879 0.0149196 0.175959 0.205798
684 0.186149 0.0087414 0.177408 0.194891
685 0.181975 0.00648235 0.175493 0.188457
686 0.180669 0.00559962 0.175069 0.186268
687 0.182741 0.00867075 0.17407 0.191412
688 0.182456 0.0070433 0.175412 0.189499
689 0.189122 0.0206431 0.168479 0.209765
690 0.183311 0.00920692 0.174104 0.192518
691 0.183987 0.00942979 0.174557 0.193417
692 0.18178 0.00705601 0.174724 0.188836
693 0.184828 0.0163531 0.168475 0.201181
694 0.1816 0.0105857 0.171014 0.192185
695 0.18738 0.0154446 0.171936 0.202825
696 0.179918 0.00561651 0.174302 0.185535
697 0.180369 0.00737592 0.172993 0.187744
698 0.182275 0.0111492 0.171126 0.193425
699 0.182395 0.00960192 0.172794 0.191997
700 0.184332 0.011217 0.173115 0.195549
701 0.179558 0.00616615 0.173392 0.185724
702 0.181284 0.00859535 0.172689 0.18988
703 0.188386 0.0145094 0.173877 0.202896
704 0.18726 0.0198287 0.167431 0.207089
705 0.189813 0.013225 0.176588 0.203038
706 0.188957 0.0113781 0.177579 0.200335
707 0.193671 0.0134009 0.18027 0.207072
708 0.188581 0.0115434 0.177038 0.200125
709 0.187095 0.00859397 0.178501 0.195689
710 0.195473 0.0103382 0.185135 0.205811
711 0.204482 0.0561052 0.148377 0.260587
712 0.195848 0.013601 0.182247 0.209449
713 0.197665 0.0143536 0.183312 0.212019
714 0.201344 0.0186103 0.182733 0.219954
715 0.194632 0.00945804 0.185174 0.20409
716 0.199287 0.0176672 0.18162 0.216954
717 0.193491 0.00729045 0.186201 0.200782
718 0.196929 0.0117925 0.185137 0.208722
719 0.19178 0.00879507 0.182984 0.200575
720 0.191584 0.00710233 0.184482 0.198687
721 0.194152 0.0119948 0.182157 0.206147
722 0.190368 0.00635839 0.18401 0.196727
723 0.19268 0.00709424 0.185586 0.199775
724 0.193131 0.00867168 0.184459 0.201803
725 0.197996 0.0129226 0.185073 0.210918
726 0.191299 0.00862487 0.182674 0.199924
727 0.195098 0.0107632 0.184335 0.205861
728 0.19208 0.00783189 0.184248 0.199912
729 0.195758 0.0113368 0.184422 0.207095
730 0.188672 0.00524784 0.183424 0.193919
731 0.195833 0.0107478 0.185086 0.206581
732 0.195053 0.0113839 0.183669 0.206437
733 0.19193 0.00938914 0.182541 0.201319
734 0.191975 0.00878626 0.183188 0.200761
735 0.19187 0.00672505 0.185145 0.198595
736 0.191104 0.00644496 0.184659 0.197549
737 0.191179 0.00924494 0.181934 0.200424
738 0.191554 0.00742078 0.184134 0.198975
739 0.194527 0.01138 0.183147 0.205907
740 0.195308 0.0124348 0.182873 0.207743
741 0.193821 0.00993384 0.183888 0.203755
742 0.192545 0.00836972 0.184176 0.200915
743 0.193761 0.0101788 0.183583 0.20394
744 0.188957 0.00578933 0.183167 0.194746
745 0.196524 0.012593 0.183931 0.209117
746 0.19271 0.00794823 0.184762 0.200659
747 0.191404 0.00890163 0.182503 0.200306
748 0.189783 0.00598171 0.183801 0.195764
749 0.195023 0.0171605 0.177862 0.212183
750 0.190774 0.0093833 0.18139 0.200157
751 0.191284 0.0116534 0.179631 0.202937
752 0.191314 0.0103723 0.180942 0.201686
753 0.188446 0.00953741 0.178909 0.197984
754 0.187936 0.00896717 0.178969 0.196903
755 0.190954 0.0109895 0.179964 0.201943
756 0.185458 0.00497737 0.180481 0.190436
757 0.184242 0.0120758 0.172167 0.196318
758 0.181495 0.00506893 0.176426 0.186564
759 0.185969 0.00869289 0.177276 0.194662
760 0.183206 0.00677875 0.176428 0.189985
761 0.186269 0.010616 0.175653 0.196885
762 0.181945 0.01168 0.170265 0.193625
763 0.181885 0.00534405 0.176541 0.187229
764 0.181675 0.00700646 0.174668 0.188681
765 0.184272 0.00962438 0.174648 0.193897
766 0.180504 0.00861411 0.17189 0.189118
767 0.183942 0.0100305 0.173911 0.193972
768 0.18732 0.0129653 0.174355 0.200285
769 0.187575 0.0130518 0.174524 0.200627
770 0.182816 0.00711792 0.175698 0.189934
771 0.184888 0.01022 0.174668 0.195108
772 0.186539 0.00940513 0.177134 0.195945
773 0.189392 0.0169015 0.172491 0.206294
774 0.186735 0.0132561 0.173479 0.199991
775 0.185699 0.0091563 0.176542 0.194855
776 0.188386 0.0144826 0.173904 0.202869
777 0.183567 0.00976244 0.173804 0.193329
778 0.18705 0.00926765 0.177782 0.196318
779 0.189557 0.0183343 0.171223 0.207892
780 0.186675 0.0137102 0.172964 0.200385
781 0.184062 0.00702475 0.177037 0.191087
782 0.184182 0.00779148 0.176391 0.191974
783 0.184873 0.0101971 0.174676 0.19507
784 0.185188 0.0142712 0.170917 0.199459
785 0.186735 0.00814236 0.178592 0.194877
786 0.184768 0.00928718 0.175481 0.194055
787 0.184017 0.0107151 0.173302 0.194732
788 0.185534 0.0121263 0.173407 0.19766
789 0.18738 0.0142983 0.173082 0.201679
790 0.184422 0.015778 0.168644 0.2002
791 0.183762 0.00916864 0.174593 0.19293
792 0.193776 0.0181254 0.175651 0.211902
793 0.187651 0.00847054 0.17918 0.196121
794 0.186479 0.00903516 0.177444 0.195515
795 0.188792 0.0134522 0.175339 0.202244
796 0.182305 0.00585055 0.176455 0.188156
797 0.185684 0.00990147 0.175782 0.195585
798 0.1875 0.00919708 0.178303 0.196697
799 0.187365 0.0117218 0.175643 0.199087
