# ../output/graphs/perf_serial7QUADRUPED
# step - mean (0.0647051) - standard deviation (0.00732943) r=20 - ylow - yhigh
0 0.0712683 0.0151152 0.0561532 0.0863835
1 0.0683389 0.0180875 0.0502514 0.0864265
2 0.0643404 0.00315846 0.0611819 0.0674988
3 0.0652384 0.00788955 0.0573489 0.073128
4 0.0634637 0.00161945 0.0618442 0.0650831
5 0.0641907 0.00279418 0.0613965 0.0669849
6 0.0657517 0.0100402 0.0557115 0.0757918
7 0.0639555 0.00306146 0.060894 0.0670169
8 0.0684031 0.015009 0.0533941 0.0834121
9 0.0633995 0.00202345 0.0613761 0.065423
10 0.0635492 0.00203033 0.0615189 0.0655796
11 0.0644687 0.00469031 0.0597784 0.069159
12 0.0652812 0.00849865 0.0567826 0.0737799
13 0.064768 0.00637544 0.0583926 0.0711435
14 0.0644687 0.00525488 0.0592138 0.0697236
15 0.0632926 0.00154192 0.0617507 0.0648345
16 0.0649605 0.00633142 0.0586291 0.0712919
17 0.0632285 0.00134744 0.061881 0.0645759
18 0.0643831 0.00409627 0.0602869 0.0684794
19 0.0652598 0.00802849 0.0572313 0.0732883
20 0.0690232 0.0168201 0.0522031 0.0858433
21 0.0660937 0.00910555 0.0569882 0.0751993
22 0.0632071 0.00147278 0.0617343 0.0646799
23 0.0632926 0.0012096 0.062083 0.0645022
24 0.0647039 0.00642064 0.0582832 0.0711245
25 0.065602 0.00862587 0.0569761 0.0742278
26 0.0636561 0.00360162 0.0600545 0.0672578
27 0.0633782 0.00142863 0.0619495 0.0648068
28 0.0638486 0.00315449 0.0606941 0.0670031
29 0.063592 0.00322898 0.060363 0.066821
30 0.06387 0.00278887 0.0610811 0.0666588
31 0.0636775 0.00314521 0.0605323 0.0668227
32 0.0693011 0.0108226 0.0584785 0.0801238
33 0.0669277 0.0126455 0.0542822 0.0795731
34 0.0655164 0.00913076 0.0563857 0.0746472
35 0.0666283 0.00961943 0.0570089 0.0762478
36 0.0629719 0.0029563 0.0600156 0.0659282
37 0.0648963 0.0123375 0.0525588 0.0772339
38 0.0636134 0.00163334 0.06198 0.0652467
39 0.0633568 0.00201167 0.0613451 0.0653685
40 0.0654523 0.00945149 0.0560008 0.0749038
41 0.0636561 0.0027225 0.0609336 0.0663786
42 0.063592 0.00271855 0.0608734 0.0663105
43 0.0631643 0.00156605 0.0615983 0.0647304
44 0.063592 0.0023113 0.0612807 0.0659033
45 0.0675264 0.011642 0.0558844 0.0791684
46 0.0649177 0.00293993 0.0619778 0.0678576
47 0.0641907 0.00258333 0.0616074 0.066774
48 0.0638058 0.00290236 0.0609034 0.0667082
49 0.0638913 0.00132087 0.0625705 0.0652122
50 0.0651743 0.00574777 0.0594265 0.0709221
51 0.0675478 0.0115668 0.055981 0.0791146
52 0.0646825 0.00424408 0.0604384 0.0689266
53 0.0639127 0.00303145 0.0608813 0.0669442
54 0.0639341 0.00298592 0.0609482 0.06692
55 0.0640196 0.0021894 0.0618302 0.066209
56 0.0635492 0.0011347 0.0624145 0.0646839
57 0.0636348 0.00288658 0.0607482 0.0665214
58 0.0644901 0.00347848 0.0610116 0.0679685
59 0.0664359 0.0106744 0.0557615 0.0771103
60 0.0644901 0.00316175 0.0613283 0.0676518
61 0.0657303 0.00749319 0.0582371 0.0732235
62 0.0641265 0.0027499 0.0613766 0.0668764
63 0.0638913 0.0023361 0.0615552 0.0662274
64 0.0715249 0.0113492 0.0601757 0.0828742
65 0.0641479 0.00357544 0.0605725 0.0677234
66 0.0634851 0.00153287 0.0619522 0.065018
67 0.0638914 0.00232039 0.061571 0.0662118
68 0.0638272 0.00300233 0.0608249 0.0668295
69 0.0634851 0.00158562 0.0618994 0.0650707
70 0.0681679 0.0172076 0.0509603 0.0853755
71 0.0643404 0.00324699 0.0610934 0.0675874
72 0.0642762 0.00406855 0.0602077 0.0683448
73 0.0639555 0.00331666 0.0606388 0.0672721
74 0.0639769 0.00200767 0.0619692 0.0659845
75 0.064597 0.00378291 0.0608141 0.0683799
76 0.0639555 0.00328897 0.0606665 0.0672445
77 0.0648963 0.00572461 0.0591717 0.070621
78 0.0652812 0.00919331 0.0560879 0.0744745
79 0.0653026 0.00933626 0.0559663 0.0746389
80 0.0633995 0.00122368 0.0621759 0.0646232
81 0.0646611 0.00650765 0.0581535 0.0711688
82 0.0641693 0.00414068 0.0600286 0.06831
83 0.0641052 0.00324819 0.060857 0.0673534
84 0.0680609 0.0179361 0.0501249 0.085997
85 0.0655806 0.0071333 0.0584473 0.0727139
86 0.064319 0.00315828 0.0611607 0.0674773
87 0.0659868 0.00697756 0.0590093 0.0729644
88 0.065324 0.00845292 0.0568711 0.0737769
89 0.0642335 0.00344414 0.0607893 0.0676776
90 0.0636134 0.00186348 0.0617499 0.0654768
91 0.0633995 0.00159941 0.0618001 0.0649989
92 0.0638058 0.00192966 0.0618762 0.0657355
93 0.0648108 0.00650607 0.0583047 0.0713169
94 0.066778 0.0127576 0.0540204 0.0795356
95 0.0641907 0.00276788 0.0614228 0.0669586
96 0.0692156 0.0100287 0.0591869 0.0792443
97 0.0642548 0.00402284 0.060232 0.0682777
98 0.063592 0.00252314 0.0610688 0.0661151
99 0.0636561 0.00312298 0.0605332 0.0667791
100 0.0671201 0.00956114 0.057559 0.0766812
101 0.0654951 0.00676352 0.0587315 0.0722586
102 0.0639555 0.00186643 0.0620891 0.0658219
103 0.064041 0.00158794 0.0624531 0.065629
104 0.0654737 0.0082725 0.0572012 0.0737462
105 0.0656875 0.00801823 0.0576693 0.0737057
106 0.0645542 0.00285432 0.0616999 0.0674085
107 0.0658799 0.00897204 0.0569079 0.074852
108 0.0645114 0.00205216 0.0624593 0.0665636
109 0.0667994 0.00841791 0.0583815 0.0752173
110 0.0643404 0.00238671 0.0619537 0.0667271
111 0.0657089 0.00702483 0.058684 0.0727337
112 0.0640838 0.00174908 0.0623347 0.0658329
113 0.0639341 0.00148451 0.0624496 0.0654186
114 0.0650246 0.00435801 0.0606666 0.0693826
115 0.0685955 0.0126743 0.0559212 0.0812698
116 0.064041 0.00195915 0.0620819 0.0660002
117 0.0638272 0.00130329 0.0625239 0.0651305
118 0.065495 0.00575868 0.0597363 0.0712537
119 0.0639769 0.00229264 0.0616842 0.0662695
120 0.0648536 0.00538956 0.059464 0.0702431
121 0.0637203 0.00194572 0.0617746 0.065666
122 0.0636989 0.00155065 0.0621483 0.0652496
123 0.0682534 0.0152483 0.0530051 0.0835017
124 0.063592 0.00137315 0.0622188 0.0649651
125 0.0639983 0.00289819 0.0611001 0.0668965
126 0.0642976 0.00341125 0.0608864 0.0677089
127 0.0656661 0.00677189 0.0588942 0.072438
128 0.0731928 0.0155904 0.0576024 0.0887832
129 0.0627153 0.00118882 0.0615265 0.0639041
130 0.063314 0.00257473 0.0607393 0.0658888
131 0.063036 0.00296717 0.0600689 0.0660032
132 0.0646184 0.00968228 0.0549361 0.0743006
133 0.063314 0.00479558 0.0585184 0.0681096
134 0.0629505 0.00203575 0.0609148 0.0649863
135 0.0644473 0.00635189 0.0580954 0.0707992
136 0.0663717 0.0115993 0.0547724 0.077971
137 0.0624373 0.00143757 0.0609997 0.0638749
138 0.0660296 0.0103368 0.0556928 0.0763664
139 0.0652171 0.00873973 0.0564773 0.0739568
140 0.0644687 0.00566681 0.0588019 0.0701355
141 0.0654309 0.0116224 0.0538085 0.0770533
142 0.0625656 0.00150046 0.0610651 0.0640661
143 0.067334 0.0146975 0.0526365 0.0820315
144 0.0624801 0.00155316 0.0609269 0.0640332
145 0.0639127 0.00628005 0.0576327 0.0701928
146 0.0640196 0.00612768 0.0578919 0.0701473
147 0.0632285 0.00317811 0.0600504 0.0664066
148 0.0624587 0.00149051 0.0609682 0.0639492
149 0.0624159 0.00159139 0.0608245 0.0640073
150 0.0623946 0.00123872 0.0611558 0.0636333
151 0.0640838 0.00799181 0.056092 0.0720756
152 0.0638058 0.00554894 0.0582569 0.0693547
153 0.0627794 0.00271013 0.0600693 0.0654896
154 0.0636775 0.00874014 0.0549374 0.0724177
155 0.0672698 0.0179248 0.0493451 0.0851946
156 0.0641266 0.00974494 0.0543816 0.0738715
157 0.0619241 0.00145403 0.0604701 0.0633782
158 0.0627367 0.003274 0.0594627 0.0660107
159 0.0617317 0.00140068 0.060331 0.0631324
160 0.0666711 0.00999637 0.0566747 0.0766675
161 0.0629719 0.00289694 0.060075 0.0658688
162 0.0638058 0.00805032 0.0557555 0.0718561
163 0.0643831 0.00808986 0.0562933 0.072473
164 0.0621593 0.0018107 0.0603487 0.06397
165 0.0636775 0.00229462 0.0613829 0.0659722
166 0.0642762 0.00619003 0.0580862 0.0704663
167 0.0623732 0.00172273 0.0606505 0.0640959
168 0.0618172 0.00157404 0.0602432 0.0633913
169 0.062587 0.00429419 0.0582928 0.0668812
170 0.0617744 0.00150273 0.0602717 0.0632772
171 0.0626725 0.00465233 0.0580202 0.0673249
172 0.0620952 0.0019903 0.0601049 0.0640855
173 0.0625442 0.00292833 0.0596159 0.0654726
174 0.06186 0.0012415 0.0606185 0.0631015
175 0.0631857 0.00519361 0.0579921 0.0683793
176 0.0618172 0.00164229 0.0601749 0.0634595
177 0.0619455 0.00150759 0.0604379 0.0634531
178 0.0645114 0.0103817 0.0541297 0.0748932
179 0.0619669 0.00116256 0.0608043 0.0631294
180 0.0624373 0.00302396 0.0594134 0.0654613
181 0.064875 0.0108122 0.0540628 0.0756871
182 0.0618386 0.00126428 0.0605743 0.0631029
183 0.06186 0.00100545 0.0608545 0.0628654
184 0.0633568 0.00563509 0.0577217 0.0689919
185 0.0626511 0.00261007 0.0600411 0.0652612
186 0.0635706 0.00699217 0.0565784 0.0705628
187 0.0650888 0.00739679 0.057692 0.0724855
188 0.0620524 0.00134491 0.0607075 0.0633974
189 0.0620738 0.00127778 0.060796 0.0633516
190 0.0657089 0.00978876 0.0559201 0.0754976
191 0.0644687 0.0108567 0.0536119 0.0753254
192 0.070413 0.0143543 0.0560588 0.0847673
193 0.0622876 0.00202073 0.0602669 0.0643084
194 0.0654309 0.0142371 0.0511938 0.079668
195 0.0634637 0.00379962 0.0596641 0.0672633
196 0.0619883 0.00117488 0.0608134 0.0631632
197 0.0640624 0.00736581 0.0566966 0.0714282
198 0.0635492 0.00360703 0.0599422 0.0671563
199 0.0636134 0.00225838 0.061355 0.0658718
200 0.0640196 0.00368403 0.0603356 0.0677037
201 0.062865 0.00153597 0.061329 0.064401
202 0.0637203 0.00248257 0.0612377 0.0662029
203 0.0637416 0.00308229 0.0606594 0.0668239
204 0.0631216 0.0013818 0.0617398 0.0645033
205 0.0631857 0.00156474 0.061621 0.0647505
206 0.0681679 0.0133442 0.0548237 0.081512
207 0.0656447 0.0111506 0.0544941 0.0767953
208 0.0629933 0.00148202 0.0615113 0.0644753
209 0.0678257 0.0162471 0.0515787 0.0840728
210 0.0632285 0.00188009 0.0613484 0.0651086
211 0.0636561 0.003637 0.0600191 0.0672931
212 0.0652598 0.00573661 0.0595232 0.0709964
213 0.063143 0.00160741 0.0615355 0.0647504
214 0.0642335 0.00475753 0.0594759 0.068991
215 0.0660938 0.0110319 0.0550619 0.0771256
216 0.0650032 0.00314257 0.0618607 0.0681458
217 0.0640196 0.00147588 0.0625438 0.0654955
218 0.0716105 0.0171651 0.0544454 0.0887755
219 0.065773 0.00636554 0.0594075 0.0721386
220 0.0639769 0.00132088 0.062656 0.0652978
221 0.0642762 0.00143823 0.062838 0.0657145
222 0.0641052 0.00123132 0.0628738 0.0653365
223 0.0648322 0.00409164 0.0607405 0.0689238
224 0.0732997 0.0120355 0.0612642 0.0853352
225 0.0651316 0.00344282 0.0616887 0.0685744
226 0.0641266 0.00125029 0.0628763 0.0653769
227 0.0679968 0.0124358 0.055561 0.0804326
228 0.0643404 0.00152087 0.0628195 0.0658612
229 0.0650032 0.00248259 0.0625206 0.0674858
230 0.0658372 0.00797371 0.0578634 0.0738109
231 0.0644901 0.00152762 0.0629624 0.0660177
232 0.0655806 0.00605891 0.0595217 0.0716395
233 0.0640197 0.00139298 0.0626267 0.0654126
234 0.0703703 0.026756 0.0436143 0.0971263
235 0.065046 0.00345819 0.0615878 0.0685042
236 0.066051 0.0081 0.057951 0.074151
237 0.068959 0.0159371 0.0530219 0.0848961
238 0.0664145 0.00646746 0.059947 0.072882
239 0.0655164 0.0056599 0.0598565 0.0711763
240 0.0660082 0.00626956 0.0597387 0.0722778
241 0.0667994 0.0116433 0.0551561 0.0784427
242 0.0659441 0.00605791 0.0598862 0.072002
243 0.0655164 0.00590347 0.059613 0.0714199
244 0.0647466 0.00300091 0.0617457 0.0677475
245 0.0642549 0.00144315 0.0628117 0.065698
246 0.0640838 0.00129202 0.0627918 0.0653758
247 0.0656447 0.00713104 0.0585137 0.0727758
248 0.0654951 0.00555829 0.0599368 0.0710533
249 0.0644473 0.00301217 0.0614351 0.0674595
250 0.0651743 0.00522612 0.0599482 0.0704004
251 0.0660296 0.00967043 0.0563592 0.0757
252 0.0643618 0.00256771 0.0617941 0.0669295
253 0.0664573 0.0111841 0.0552732 0.0776413
254 0.0641907 0.00140477 0.0627859 0.0655955
255 0.06387 0.00147075 0.0623992 0.0653407
256 0.0697074 0.00953005 0.0601774 0.0792375
257 0.0657516 0.00826142 0.0574902 0.0740131
258 0.0652812 0.00475689 0.0605243 0.0700381
259 0.06387 0.00133381 0.0625362 0.0652038
260 0.064597 0.003551 0.061046 0.068148
261 0.066222 0.00793903 0.058283 0.0741611
262 0.0651743 0.00688163 0.0582927 0.0720559
263 0.0693439 0.0142269 0.055117 0.0835709
264 0.0649177 0.00351249 0.0614052 0.0684302
265 0.0640624 0.00249215 0.0615703 0.0665546
266 0.0641907 0.00215064 0.0620401 0.0663413
267 0.0645114 0.00315211 0.0613593 0.0676635
268 0.0651743 0.00485041 0.0603239 0.0700247
269 0.0649391 0.00553521 0.0594039 0.0704743
270 0.0632926 0.00132503 0.0619676 0.0646177
271 0.065046 0.00709685 0.0579492 0.0721429
272 0.0633782 0.00153955 0.0618386 0.0649177
273 0.0631643 0.00141901 0.0617453 0.0645834
274 0.0652812 0.0087468 0.0565344 0.074028
275 0.0632926 0.00155373 0.0617389 0.0648464
276 0.0632071 0.00167056 0.0615366 0.0648777
277 0.066329 0.0104051 0.0559238 0.0767341
278 0.0639127 0.00322439 0.0606884 0.0671371
279 0.0622021 0.00155067 0.0606515 0.0637528
280 0.0639982 0.00751414 0.0564841 0.0715124
281 0.0623732 0.0015015 0.0608717 0.0638747
282 0.062309 0.00168964 0.0606194 0.0639987
283 0.0622021 0.00126484 0.0609373 0.063467
284 0.0626511 0.00156837 0.0610828 0.0642195
285 0.0645756 0.00738491 0.0571907 0.0719605
286 0.0645542 0.00635389 0.0582003 0.0709081
287 0.0637203 0.00548664 0.0582336 0.0692069
288 0.0685741 0.00970148 0.0588727 0.0782756
289 0.0656447 0.0076829 0.0579618 0.0733276
290 0.0662007 0.00918469 0.057016 0.0753854
291 0.0639555 0.00380461 0.0601509 0.0677601
292 0.0632926 0.0027013 0.0605913 0.0659939
293 0.063314 0.00279607 0.0605179 0.0661101
294 0.0648963 0.00697726 0.0579191 0.0718736
295 0.0627794 0.00144771 0.0613317 0.0642271
296 0.062865 0.00140541 0.0614596 0.0642704
297 0.0629505 0.00150956 0.0614409 0.0644601
298 0.0626939 0.00166949 0.0610244 0.0643634
299 0.0668421 0.0120505 0.0547916 0.0788926
300 0.0628222 0.00154133 0.0612809 0.0643635
301 0.0628436 0.00135557 0.061488 0.0641992
302 0.0637417 0.0039369 0.0598048 0.0676786
303 0.0642549 0.00700603 0.0572488 0.0712609
304 0.0641479 0.00645177 0.0576962 0.0705997
305 0.0640838 0.00417325 0.0599105 0.068257
306 0.0625442 0.00137831 0.0611659 0.0639225
307 0.0629719 0.00168297 0.0612889 0.0646548
308 0.0628008 0.00145198 0.0613489 0.0642528
309 0.0665428 0.0113995 0.0551433 0.0779423
310 0.0631002 0.00103414 0.0620661 0.0641343
311 0.0657516 0.00854542 0.0572062 0.0742971
312 0.0642335 0.00488835 0.0593451 0.0691218
313 0.0644045 0.00579844 0.0586061 0.070203
314 0.0634209 0.00320339 0.0602175 0.0666243
315 0.0647894 0.00772799 0.0570614 0.0725174
316 0.0664573 0.0156052 0.0508521 0.0820625
317 0.0635706 0.00270566 0.0608649 0.0662763
318 0.0633568 0.00292956 0.0604272 0.0662863
319 0.0633995 0.00261139 0.0607882 0.0660109
320 0.0699212 0.0110823 0.0588389 0.0810036
321 0.0652171 0.00828973 0.0569273 0.0735068
322 0.0637203 0.00588702 0.0578332 0.0696073
323 0.062416 0.00134882 0.0610671 0.0637648
324 0.0642121 0.00397572 0.0602364 0.0681878
325 0.0629933 0.00241197 0.0605813 0.0654052
326 0.0622876 0.00148927 0.0607984 0.0637769
327 0.0617103 0.00124756 0.0604628 0.0629579
328 0.0647039 0.00858516 0.0561187 0.073289
329 0.0638486 0.0057425 0.0581061 0.0695911
330 0.0629933 0.00285311 0.0601402 0.0658464
331 0.0626298 0.0013623 0.0612675 0.0639921
332 0.0626725 0.00154474 0.0611278 0.0642173
333 0.0650674 0.00847387 0.0565935 0.0735412
334 0.0629933 0.00214294 0.0608503 0.0651362
335 0.0683603 0.0159568 0.0524035 0.0843171
336 0.0664786 0.0098104 0.0566682 0.076289
337 0.067056 0.0137353 0.0533207 0.0807913
338 0.0639983 0.00271914 0.0612791 0.0667174
339 0.0694081 0.0166352 0.0527729 0.0860432
340 0.0672056 0.0105078 0.0566978 0.0777134
341 0.0656661 0.00851285 0.0571532 0.0741789
342 0.0650888 0.00496814 0.0601206 0.0700569
343 0.0655164 0.005156 0.0603604 0.0706724
344 0.0647466 0.00129995 0.0634467 0.0660466
345 0.0654095 0.00335503 0.0620545 0.0687645
346 0.0716746 0.0251438 0.0465308 0.0968184
347 0.067227 0.00987556 0.0573515 0.0771026
348 0.0653026 0.00272189 0.0625807 0.0680245
349 0.0664573 0.00505534 0.0614019 0.0715126
350 0.0651529 0.00126339 0.0638895 0.0664163
351 0.0672484 0.0101821 0.0570663 0.0774306
352 0.0781963 0.0304873 0.0477091 0.108684
353 0.0676547 0.0116472 0.0560074 0.0793019
354 0.065046 0.00149923 0.0635468 0.0665452
355 0.0666497 0.00688545 0.0597642 0.0735351
356 0.0646397 0.00136765 0.0632721 0.0660074
357 0.0665214 0.00868827 0.0578331 0.0752097
358 0.065324 0.00291582 0.0624082 0.0682398
359 0.0647253 0.00174906 0.0629762 0.0664743
360 0.0645756 0.00146281 0.0631128 0.0660384
361 0.0660082 0.00462237 0.0613859 0.0706306
362 0.0663931 0.00569577 0.0606974 0.0720889
363 0.0649177 0.0028451 0.0620726 0.0677628
364 0.06449 0.0012291 0.063261 0.0657191
365 0.0652384 0.00227292 0.0629655 0.0675114
366 0.0665428 0.00891059 0.0576322 0.0754534
367 0.06449 0.00130134 0.0631887 0.0657914
368 0.0653026 0.00297858 0.062324 0.0682812
369 0.0652812 0.00278555 0.0624957 0.0680668
370 0.0659013 0.00413719 0.0617641 0.0700385
371 0.0665 0.00688708 0.0596129 0.0733871
372 0.0646184 0.00145591 0.0631625 0.0660743
373 0.0649391 0.00147075 0.0634683 0.0664098
374 0.0650246 0.00369981 0.0613248 0.0687244
375 0.064597 0.00155065 0.0630463 0.0661476
376 0.0715891 0.0207495 0.0508396 0.0923386
377 0.0651102 0.00292521 0.0621849 0.0680354
378 0.0656875 0.00332744 0.06236 0.0690149
379 0.0651957 0.00310888 0.0620868 0.0683046
380 0.0662007 0.00660803 0.0595926 0.0728087
381 0.0718243 0.0174105 0.0544138 0.0892348
382 0.0655164 0.00288974 0.0626267 0.0684062
383 0.066051 0.00565647 0.0603945 0.0717075
384 0.0713325 0.0122741 0.0590584 0.0836066
385 0.0646611 0.00138971 0.0632714 0.0660508
386 0.0697288 0.0151334 0.0545954 0.0848622
387 0.0666283 0.0124598 0.0541685 0.0790881
388 0.0634423 0.00124884 0.0621935 0.0646911
389 0.0647467 0.00535233 0.0593943 0.070099
390 0.0635706 0.0016131 0.0619575 0.0651837
391 0.0633782 0.0016262 0.061752 0.0650044
392 0.0633568 0.00156707 0.0617897 0.0649238
393 0.0648536 0.00698958 0.057864 0.0718432
394 0.0634637 0.00155608 0.0619076 0.0650198
395 0.066778 0.00902669 0.0577513 0.0758047
396 0.0676333 0.0117704 0.0558629 0.0794037
397 0.0645328 0.00577078 0.058762 0.0703036
398 0.0635065 0.00178131 0.0617251 0.0652878
399 0.0640838 0.00387321 0.0602106 0.067957
400 0.0656447 0.00841236 0.0572324 0.0740571
401 0.0640196 0.00300302 0.0610166 0.0670227
402 0.0632499 0.00131741 0.0619324 0.0645673
403 0.0634637 0.0015144 0.0619493 0.0649781
404 0.0640838 0.00262674 0.061457 0.0667105
405 0.066329 0.00841715 0.0579118 0.0747461
406 0.0679113 0.0139218 0.0539895 0.0818331
407 0.0658158 0.00990634 0.0559095 0.0757221
408 0.0662007 0.0106841 0.0555165 0.0768848
409 0.063763 0.00145589 0.0623071 0.0652189
410 0.0636989 0.00153286 0.0621661 0.0652318
411 0.0652171 0.00675977 0.0584573 0.0719768
412 0.0637203 0.00139233 0.062328 0.0651126
413 0.0703275 0.0166644 0.0536631 0.086992
414 0.0641693 0.0028671 0.0613022 0.0670364
415 0.0641266 0.00305847 0.0610681 0.067185
416 0.0715677 0.0156869 0.0558808 0.0872546
417 0.0647253 0.00295753 0.0617677 0.0676828
418 0.0642335 0.00256805 0.0616654 0.0668015
419 0.0664359 0.00746775 0.0589681 0.0739036
420 0.0636775 0.0013917 0.0622858 0.0650692
421 0.0658158 0.00800512 0.0578107 0.0738209
422 0.0681251 0.0102869 0.0578382 0.078412
423 0.0642762 0.00295082 0.0613254 0.0672271
424 0.0657944 0.00855978 0.0572346 0.0743542
425 0.0637417 0.00148436 0.0622573 0.065226
426 0.0654737 0.00854332 0.0569303 0.074017
427 0.064041 0.00311298 0.060928 0.067154
428 0.0636134 0.00144946 0.0621639 0.0650628
429 0.0643617 0.00259955 0.0617622 0.0669613
430 0.065773 0.00842986 0.0573432 0.0742029
431 0.0636134 0.00123112 0.0623822 0.0648445
432 0.0634209 0.0013864 0.0620345 0.0648073
433 0.0645114 0.00357616 0.0609353 0.0680876
434 0.0648322 0.00582676 0.0590054 0.0706589
435 0.0623304 0.00116236 0.0611681 0.0634928
436 0.064319 0.00896379 0.0553552 0.0732828
437 0.0625229 0.00143502 0.0610878 0.0639579
438 0.0647466 0.0073693 0.0573773 0.0721159
439 0.0626084 0.00149617 0.0611122 0.0641045
440 0.0627581 0.00137166 0.0613864 0.0641297
441 0.0633995 0.00414376 0.0592558 0.0675433
442 0.062865 0.00346639 0.0593986 0.0663314
443 0.0616034 0.00104293 0.0605605 0.0626463
444 0.0625656 0.00386809 0.0586975 0.0664337
445 0.0620524 0.00172604 0.0603264 0.0637785
446 0.062587 0.00238977 0.0601972 0.0649768
447 0.0640624 0.00631651 0.0577459 0.0703789
448 0.0731714 0.0155432 0.0576282 0.0887146
449 0.0634423 0.00362694 0.0598154 0.0670692
450 0.0621807 0.00136181 0.0608189 0.0635425
451 0.0629505 0.00286112 0.0600894 0.0658116
452 0.0622877 0.00126338 0.0610243 0.063551
453 0.0631643 0.00381572 0.0593486 0.0669801
454 0.0629933 0.00306334 0.0599299 0.0660566
455 0.0651101 0.00427414 0.060836 0.0693843
456 0.065046 0.0121267 0.0529193 0.0771727
457 0.0631216 0.00424089 0.0588807 0.0673625
458 0.0616676 0.00135641 0.0603111 0.063024
459 0.0639769 0.00663399 0.0573429 0.0706109
460 0.063592 0.00630566 0.0572863 0.0698976
461 0.0623732 0.00261631 0.0597569 0.0649895
462 0.0674195 0.015625 0.0517944 0.0830445
463 0.0622235 0.00228506 0.0599384 0.0645086
464 0.0632499 0.00704123 0.0562086 0.0702911
465 0.0629933 0.00478341 0.0582099 0.0677767
466 0.0634423 0.0078754 0.0555669 0.0713177
467 0.0622021 0.00275983 0.0594423 0.0649619
468 0.0621594 0.00142657 0.0607328 0.0635859
469 0.0625229 0.00248481 0.060038 0.0650077
470 0.063763 0.00643459 0.0573284 0.0701976
471 0.0620524 0.00108104 0.0609714 0.0631335
472 0.0616889 0.000809998 0.0608789 0.0624989
473 0.0620311 0.00119035 0.0608407 0.0632214
474 0.0650246 0.0104591 0.0545655 0.0754837
475 0.0636775 0.00572305 0.0579545 0.0694006
476 0.0661579 0.0141669 0.051991 0.0803248
477 0.0617958 0.00145967 0.0603362 0.0632555
478 0.0622876 0.00219431 0.0600933 0.064482
479 0.0666711 0.0171141 0.049557 0.0837851
480 0.0657089 0.00813923 0.0575696 0.0738481
481 0.0620311 0.00149051 0.0605405 0.0635216
482 0.0634209 0.00718037 0.0562405 0.0706013
483 0.0626939 0.00345686 0.0592371 0.0661508
484 0.062138 0.0029539 0.0591841 0.0650919
485 0.0619241 0.00171381 0.0602103 0.0636379
486 0.0639555 0.00432008 0.0596354 0.0682756
487 0.0634637 0.0033521 0.0601116 0.0668158
488 0.0641479 0.00627354 0.0578744 0.0704215
489 0.0629719 0.00155302 0.0614189 0.0645249
490 0.0642976 0.00486524 0.0594324 0.0691628
491 0.0648749 0.00841845 0.0564565 0.0732934
492 0.0630788 0.00316435 0.0599144 0.0662431
493 0.0632712 0.00152688 0.0617444 0.0647981
494 0.0629291 0.00150152 0.0614276 0.0644306
495 0.0648108 0.00772676 0.057084 0.0725375
496 0.0629291 0.00148313 0.061446 0.0644123
497 0.0635064 0.0022609 0.0612455 0.0657673
498 0.0642549 0.00503448 0.0592204 0.0692893
499 0.0637844 0.00316368 0.0606208 0.0669481
500 0.0667352 0.0166573 0.0500779 0.0833926
501 0.0632712 0.00171846 0.0615528 0.0649897
502 0.0627367 0.00139298 0.0613437 0.0641297
503 0.0650674 0.00572363 0.0593438 0.070791
504 0.0639341 0.00514874 0.0587854 0.0690828
505 0.0637417 0.00123557 0.0625061 0.0649772
506 0.063314 0.00118263 0.0621314 0.0644966
507 0.0654737 0.00815114 0.0573225 0.0736248
508 0.0689163 0.0126381 0.0562782 0.0815543
509 0.0648108 0.00361227 0.0611985 0.068423
510 0.0644045 0.00306423 0.0613403 0.0674688
511 0.06387 0.00131308 0.0625569 0.065183
512 0.0739412 0.0296364 0.0443048 0.103578
513 0.0647252 0.00237445 0.0623508 0.0670997
514 0.0651529 0.0040712 0.0610817 0.0692241
515 0.0641052 0.00175754 0.0623476 0.0658627
516 0.0667139 0.00874755 0.0579663 0.0754614
517 0.0647039 0.0048574 0.0598465 0.0695613
518 0.0641907 0.00165574 0.062535 0.0658464
519 0.0644901 0.00315014 0.0613399 0.0676402
520 0.0647894 0.00474772 0.0600417 0.0695371
521 0.0637631 0.00131046 0.0624526 0.0650735
522 0.0709904 0.0195611 0.0514293 0.0905515
523 0.0647039 0.00310482 0.0615991 0.0678087
524 0.0667994 0.0102535 0.0565459 0.0770529
525 0.0637844 0.00156707 0.0622174 0.0653515
526 0.0658585 0.00596878 0.0598898 0.0718273
527 0.0659441 0.00889332 0.0570508 0.0748374
528 0.0635065 0.00125777 0.0622487 0.0647642
529 0.0649819 0.00427113 0.0607107 0.069253
530 0.0666283 0.011593 0.0550354 0.0782213
531 0.0687238 0.0176523 0.0510715 0.0863762
532 0.0673767 0.0134968 0.0538799 0.0808736
533 0.0639341 0.00158577 0.0623483 0.0655199
534 0.0637203 0.0011867 0.0625336 0.064907
535 0.0638486 0.00142544 0.0624231 0.065274
536 0.0645756 0.00374534 0.0608303 0.0683209
537 0.0677616 0.0172813 0.0504803 0.0850429
538 0.0647467 0.00504994 0.0596967 0.0697966
539 0.0640196 0.00235831 0.0616613 0.0663779
540 0.0633996 0.00146825 0.0619313 0.0648678
541 0.0659868 0.00629695 0.0596899 0.0722838
542 0.0636134 0.00149908 0.0621143 0.0651124
543 0.0635278 0.00134879 0.062179 0.0648766
544 0.0662007 0.00507379 0.0611269 0.0712745
545 0.0635065 0.001428 0.0620785 0.0649345
546 0.0696433 0.0180104 0.0516329 0.0876536
547 0.0660724 0.00831946 0.0577529 0.0743918
548 0.0668422 0.00953778 0.0573044 0.0763799
549 0.0659655 0.00847667 0.0574888 0.0744421
550 0.0686597 0.0126375 0.0560222 0.0812971
551 0.0701351 0.0160093 0.0541258 0.0861444
552 0.0659655 0.0103981 0.0555674 0.0763636
553 0.0661793 0.00791778 0.0582615 0.0740971
554 0.0670346 0.0083812 0.0586534 0.0754158
555 0.0666069 0.00843125 0.0581757 0.0750382
556 0.0657302 0.00768598 0.0580443 0.0734162
557 0.0676547 0.0100926 0.0575621 0.0777473
558 0.0649605 0.00699169 0.0579688 0.0719522
559 0.0649819 0.00679482 0.058187 0.0717767
560 0.0651529 0.00688409 0.0582688 0.072037
561 0.067056 0.011022 0.056034 0.078078
562 0.0651743 0.00839051 0.0567838 0.0735648
563 0.0668208 0.00888641 0.0579344 0.0757072
564 0.0651957 0.00623474 0.0589609 0.0714304
565 0.0636775 0.00173661 0.0619409 0.0654141
566 0.0657516 0.00712384 0.0586278 0.0728755
567 0.0636989 0.00176573 0.0619332 0.0654646
568 0.0632926 0.00137915 0.0619135 0.0646718
569 0.0625229 0.00164298 0.0608799 0.0641658
570 0.0628008 0.00281497 0.0599859 0.0656158
571 0.0666925 0.0112372 0.0554553 0.0779296
572 0.0675264 0.0142184 0.053308 0.0817447
573 0.0623946 0.00131744 0.0610771 0.063712
574 0.0623304 0.00140458 0.0609258 0.063735
575 0.0649819 0.010153 0.0548288 0.0751349
576 0.0678258 0.0081998 0.059626 0.0760256
577 0.0626725 0.0015088 0.0611637 0.0641813
578 0.0630788 0.00134896 0.0617298 0.0644278
579 0.0651529 0.00329953 0.0618534 0.0684524
580 0.0641693 0.0060577 0.0581116 0.070227
581 0.066778 0.0155875 0.0511905 0.0823655
582 0.0636134 0.00405454 0.0595588 0.0676679
583 0.0628864 0.00154475 0.0613416 0.0644311
584 0.0623732 0.00145198 0.0609212 0.0638252
585 0.0629933 0.00311073 0.0598825 0.066104
586 0.062138 0.00140604 0.0607319 0.063544
587 0.0642121 0.00718568 0.0570264 0.0713977
588 0.0625015 0.00163 0.0608715 0.0641315
589 0.0633568 0.00312297 0.0602338 0.0664798
590 0.0629719 0.00178837 0.0611835 0.0647603
591 0.0640196 0.00572656 0.0582931 0.0697462
592 0.0630147 0.00288239 0.0601323 0.0658971
593 0.0631216 0.00328319 0.0598384 0.0664048
594 0.0653026 0.00937731 0.0559253 0.0746799
595 0.0624587 0.00139545 0.0610633 0.0638542
596 0.0624801 0.00151136 0.0609687 0.0639914
597 0.0661579 0.00926053 0.0568974 0.0754184
598 0.0656875 0.00979167 0.0558958 0.0754792
599 0.0650674 0.00942028 0.0556471 0.0744877
600 0.0632926 0.00307792 0.0602147 0.0663705
601 0.0632926 0.00209942 0.0611932 0.0653921
602 0.0640838 0.00432599 0.0597578 0.0684098
603 0.0631429 0.00236672 0.0607762 0.0655097
604 0.0627367 0.00121036 0.0615263 0.063947
605 0.0665 0.011126 0.055374 0.077626
606 0.0629719 0.0030686 0.0599033 0.0660405
607 0.064768 0.0106523 0.0541157 0.0754203
608 0.0691515 0.0107622 0.0583893 0.0799136
609 0.0630146 0.00170673 0.0613079 0.0647214
610 0.0626084 0.00137516 0.0612332 0.0639835
611 0.0653454 0.0110774 0.0542679 0.0764228
612 0.0634423 0.00348813 0.0599542 0.0669304
613 0.0654309 0.0121479 0.053283 0.0775788
614 0.0626298 0.00117488 0.0614549 0.0638046
615 0.0623518 0.00144772 0.0609041 0.0637995
616 0.0636561 0.0061085 0.0575476 0.0697646
617 0.0622449 0.00150274 0.0607421 0.0637476
618 0.0666069 0.00955962 0.0570473 0.0761666
619 0.0641907 0.00571666 0.058474 0.0699074
620 0.0642762 0.00542309 0.0588531 0.0696993
621 0.0693012 0.0266048 0.0426963 0.095906
622 0.0630574 0.00135556 0.0617019 0.064413
623 0.0637416 0.00327505 0.0604666 0.0670167
624 0.0647467 0.00551723 0.0592294 0.0702639
625 0.063036 0.00112662 0.0619094 0.0641627
626 0.063763 0.00125338 0.0625096 0.0650164
627 0.0641907 0.00375239 0.0604383 0.0679431
628 0.0658158 0.0074844 0.0583314 0.0733002
629 0.06387 0.00267849 0.0611915 0.0665484
630 0.0647467 0.00562554 0.0591211 0.0703722
631 0.0634851 0.00149051 0.0619946 0.0649756
632 0.0633568 0.00140069 0.0619561 0.0647575
633 0.0669704 0.00890443 0.058066 0.0758749
634 0.0705413 0.0193876 0.0511538 0.0899289
635 0.0641052 0.00306869 0.0610365 0.0671739
636 0.0633995 0.00157639 0.0618231 0.0649759
637 0.0656661 0.00909151 0.0565746 0.0747576
638 0.0658372 0.0100798 0.0557574 0.075917
639 0.0642976 0.00151968 0.0627779 0.0658173
640 0.0727437 0.0120852 0.0606586 0.0848289
641 0.0690232 0.0140316 0.0549916 0.0830547
642 0.0673126 0.00914557 0.058167 0.0764581
643 0.0672912 0.00607851 0.0612127 0.0733697
644 0.0654095 0.00369239 0.0617171 0.0691019
645 0.0647467 0.00160814 0.0631385 0.0663548
646 0.0650032 0.00298133 0.0620219 0.0679846
647 0.0654523 0.00391358 0.0615387 0.0693658
648 0.0665214 0.0089883 0.0575331 0.0755097
649 0.0661365 0.00481232 0.0613242 0.0709488
650 0.0644901 0.00150349 0.0629866 0.0659936
651 0.0645114 0.00140719 0.0631042 0.0659186
652 0.0644259 0.00150151 0.0629244 0.0659274
653 0.0657089 0.00691328 0.0587956 0.0726222
654 0.0646397 0.00143932 0.0632004 0.0660791
655 0.0698143 0.0179619 0.0518525 0.0877762
656 0.0663076 0.00583158 0.060476 0.0721391
657 0.0659655 0.00473687 0.0612286 0.0707023
658 0.0660296 0.00443482 0.0615948 0.0704644
659 0.0650674 0.00280193 0.0622655 0.0678693
660 0.0646825 0.00134474 0.0633378 0.0660272
661 0.0674409 0.0104308 0.0570101 0.0778716
662 0.0665642 0.00524862 0.0613156 0.0718128
663 0.0657089 0.00281171 0.0628972 0.0685206
664 0.0654523 0.00407388 0.0613784 0.0695262
665 0.0665 0.00858242 0.0579176 0.0750825
666 0.0665214 0.00809777 0.0584236 0.0746192
667 0.0642976 0.00157291 0.0627247 0.0658705
668 0.0659013 0.00570383 0.0601975 0.0716051
669 0.0692584 0.0160261 0.0532322 0.0852845
670 0.0655806 0.00456463 0.0610159 0.0701452
671 0.070242 0.0157976 0.0544444 0.0860396
672 0.0700709 0.0100414 0.0600295 0.0801124
673 0.0679327 0.00950244 0.0584302 0.0774351
674 0.0674409 0.00899505 0.0584458 0.0764359
675 0.0643617 0.00167551 0.0626862 0.0660373
676 0.0669705 0.0126887 0.0542818 0.0796591
677 0.06387 0.00146452 0.0624054 0.0653345
678 0.0644687 0.00278097 0.0616877 0.0672496
679 0.0641265 0.0027198 0.0614067 0.0668463
680 0.0644687 0.00233796 0.0621307 0.0668066
681 0.0657089 0.00580927 0.0598996 0.0715181
682 0.0684245 0.0113211 0.0571034 0.0797455
683 0.0639127 0.00262047 0.0612922 0.0665332
684 0.0652385 0.00603049 0.059208 0.071269
685 0.065602 0.00640252 0.0591994 0.0720045
686 0.0649391 0.00450615 0.060433 0.0694453
687 0.063592 0.0015602 0.0620318 0.0651522
688 0.0649177 0.00620848 0.0587092 0.0711262
689 0.0637417 0.00144693 0.0622947 0.0651886
690 0.0637203 0.00136581 0.0623545 0.0650861
691 0.0641907 0.00280398 0.0613867 0.0669947
692 0.0641907 0.00218439 0.0620063 0.0663751
693 0.0640838 0.00265789 0.0614259 0.0667417
694 0.0644901 0.00217471 0.0623153 0.0666648
695 0.064597 0.00305548 0.0615415 0.0676525
696 0.0673981 0.01773 0.0496681 0.0851281
697 0.0638913 0.00285727 0.0610341 0.0667486
698 0.0658585 0.00918906 0.0566695 0.0750476
699 0.0646397 0.00585004 0.0587897 0.0704898
700 0.0640838 0.00326049 0.0608233 0.0673443
701 0.0647894 0.00556852 0.0592209 0.0703579
702 0.0641693 0.00339568 0.0607737 0.067565
703 0.0637203 0.00223853 0.0614817 0.0659588
704 0.066778 0.00745919 0.0593188 0.0742372
705 0.0634637 0.0015852 0.0618785 0.0650489
706 0.0637203 0.00168369 0.0620366 0.065404
707 0.0646825 0.00294389 0.0617386 0.0676264
708 0.0647466 0.00480686 0.0599398 0.0695535
709 0.0661793 0.0108702 0.0553091 0.0770495
710 0.0639341 0.00308831 0.0608458 0.0670224
711 0.0639127 0.00156238 0.0623503 0.0654751
712 0.0636134 0.00130329 0.0623101 0.0649167
713 0.0644901 0.00290867 0.0615814 0.0673987
714 0.0639769 0.00127869 0.0626982 0.0652556
715 0.064768 0.00398767 0.0607804 0.0687557
716 0.0640624 0.00204472 0.0620177 0.0661071
717 0.0683176 0.0169033 0.0514142 0.0852209
718 0.0644045 0.00337114 0.0610334 0.0677757
719 0.0664573 0.00757489 0.0588824 0.0740322
720 0.0637844 0.00137432 0.0624101 0.0651588
721 0.0643404 0.00270292 0.0616375 0.0670433
722 0.0639341 0.00119819 0.0627359 0.0651323
723 0.0646397 0.0025129 0.0621268 0.0671527
724 0.0636348 0.00159784 0.0620369 0.0652326
725 0.0625656 0.00135976 0.0612058 0.0639254
726 0.0631643 0.00375777 0.0594066 0.0669221
727 0.0631643 0.00296933 0.060195 0.0661337
728 0.0624159 0.00134881 0.0610671 0.0637647
729 0.0623732 0.00136097 0.0610122 0.0637342
730 0.0661151 0.0156951 0.05042 0.0818103
731 0.0633782 0.00316464 0.0602135 0.0665428
732 0.0621807 0.00115069 0.06103 0.0633314
733 0.0622876 0.00157869 0.0607089 0.0638663
734 0.0645328 0.00860305 0.0559298 0.0731359
735 0.063314 0.00599549 0.0573185 0.0693095
736 0.0659013 0.00771662 0.0581847 0.0736179
737 0.0623946 0.00137184 0.0610227 0.0637664
738 0.063036 0.0038853 0.0591507 0.0669213
739 0.0645328 0.00504359 0.0594892 0.0695764
740 0.0626511 0.00282868 0.0598225 0.0654798
741 0.0628222 0.00372795 0.0590943 0.0665502
742 0.0622663 0.0018063 0.06046 0.0640726
743 0.0620097 0.00160014 0.0604095 0.0636098
744 0.0635065 0.00152104 0.0619854 0.0650275
745 0.0628436 0.00141498 0.0614286 0.0642586
746 0.0625442 0.0026184 0.0599258 0.0651626
747 0.0618386 0.00145904 0.0603796 0.0632976
748 0.0629077 0.00566201 0.0572457 0.0685697
749 0.061582 0.00121714 0.0603649 0.0627992
750 0.0665214 0.0149724 0.051549 0.0814938
751 0.062309 0.00377234 0.0585367 0.0660814
752 0.0616462 0.00138757 0.0602586 0.0630337
753 0.0616462 0.00126338 0.0603828 0.0629096
754 0.0621166 0.00149299 0.0606236 0.0636096
755 0.0633995 0.00660565 0.0567939 0.0700052
756 0.0631216 0.00427094 0.0588506 0.0673925
757 0.0616034 0.00158565 0.0600177 0.063189
758 0.0631643 0.00396152 0.0592028 0.0671259
759 0.0655592 0.010436 0.0551232 0.0759952
760 0.062865 0.0029536 0.0599114 0.0658186
761 0.0644045 0.00934341 0.0550611 0.0737479
762 0.0657302 0.00955601 0.0561742 0.0752863
763 0.0635278 0.00486186 0.058666 0.0683897
764 0.065602 0.00744705 0.0581549 0.073049
765 0.063143 0.00154947 0.0615935 0.0646924
766 0.0640624 0.00356159 0.0605008 0.067624
767 0.0642121 0.00566907 0.058543 0.0698812
768 0.0700282 0.00937221 0.0606559 0.0794004
769 0.0648536 0.00591534 0.0589382 0.0707689
770 0.0633995 0.00146824 0.0619313 0.0648678
771 0.0679968 0.0106656 0.0573312 0.0786624
772 0.0648963 0.00627918 0.0586171 0.0711755
773 0.0651743 0.00605758 0.0591167 0.0712319
774 0.0666283 0.0157592 0.0508691 0.0823876
775 0.063036 0.0015678 0.0614682 0.0646038
776 0.0629291 0.0016017 0.0613274 0.0645308
777 0.0655592 0.0121201 0.0534391 0.0776793
778 0.0626084 0.00145905 0.0611493 0.0640674
779 0.0629719 0.00151121 0.0614607 0.0644831
780 0.0641693 0.00528195 0.0588874 0.0694513
781 0.0640838 0.00616809 0.0579157 0.0702519
782 0.0631857 0.0027711 0.0604146 0.0659568
783 0.0654095 0.010305 0.0551045 0.0757145
784 0.0636561 0.00321815 0.060438 0.0668743
785 0.0637417 0.00451266 0.059229 0.0682543
786 0.0639127 0.00428395 0.0596288 0.0681967
787 0.0645328 0.00595789 0.0585749 0.0704907
788 0.0655806 0.00811219 0.0574684 0.0736928
789 0.0658158 0.00728506 0.0585307 0.0731008
790 0.0630788 0.00125047 0.0618284 0.0643293
791 0.0629505 0.00119895 0.0617516 0.0641495
792 0.0629077 0.00126066 0.0616471 0.0641684
793 0.0633995 0.00240352 0.060996 0.0658031
794 0.0636134 0.00366607 0.0599473 0.0672794
795 0.0644259 0.0016017 0.0628242 0.0660276
796 0.0642548 0.00171525 0.0625396 0.0659701
797 0.0640838 0.00155536 0.0625284 0.0656391
798 0.0638272 0.000992635 0.0628346 0.0648198
799 0.0640624 0.00122163 0.0628408 0.065284
