# ../output/graphs/perf_parallel82QUADRUPED_thread3
# step - mean (0.384291) - standard deviation (0.083908) r=20 - ylow - yhigh
0 0.354162 0.0815743 0.272588 0.435737
1 0.371824 0.0787044 0.29312 0.450529
2 0.358546 0.0798956 0.27865 0.438441
3 0.347961 0.0780994 0.269862 0.426061
4 0.346935 0.0784184 0.268517 0.425353
5 0.373193 0.0834469 0.289746 0.45664
6 0.377812 0.0869552 0.290856 0.464767
7 0.352345 0.0853061 0.267039 0.437651
8 0.361475 0.0802565 0.281219 0.441732
9 0.346978 0.0778493 0.269128 0.424827
10 0.355595 0.0795371 0.276058 0.435132
11 0.383927 0.0830694 0.300858 0.466996
12 0.385638 0.0749126 0.310725 0.46055
13 0.356728 0.0820268 0.274701 0.438755
14 0.376464 0.0817887 0.294676 0.458253
15 0.384975 0.0856311 0.299344 0.470606
16 0.362673 0.0801557 0.282517 0.442828
17 0.368232 0.0835385 0.284694 0.451771
18 0.388482 0.0774052 0.311076 0.465887
19 0.383457 0.0810111 0.302446 0.464468
20 0.389166 0.0798405 0.309325 0.469006
21 0.365431 0.0822603 0.283171 0.447691
22 0.353286 0.0810248 0.272261 0.43431
23 0.338489 0.0761578 0.262331 0.414646
24 0.354184 0.0828603 0.271323 0.437044
25 0.373599 0.0818948 0.291704 0.455494
26 0.400221 0.0760253 0.324195 0.476246
27 0.400627 0.0824721 0.318155 0.483099
28 0.40563 0.0777479 0.327883 0.483378
29 0.399857 0.083014 0.316843 0.482871
30 0.391903 0.0883873 0.303516 0.48029
31 0.379693 0.0869665 0.292727 0.46666
32 0.383521 0.0852644 0.298256 0.468785
33 0.385552 0.0844481 0.301104 0.47
34 0.395923 0.0803031 0.31562 0.476226
35 0.391924 0.0881122 0.303812 0.480036
36 0.395474 0.0866061 0.308868 0.48208
37 0.386172 0.0837021 0.30247 0.469874
38 0.393186 0.0785352 0.314651 0.471721
39 0.374882 0.0834522 0.29143 0.458334
40 0.377897 0.0866284 0.291269 0.464525
41 0.384504 0.0838203 0.300684 0.468325
42 0.384077 0.0865503 0.297526 0.470627
43 0.358097 0.0853773 0.272719 0.443474
44 0.367484 0.0855888 0.281895 0.453072
45 0.395452 0.081591 0.313861 0.477043
46 0.382473 0.0858924 0.296581 0.468365
47 0.380741 0.0799482 0.300793 0.460689
48 0.358246 0.0810569 0.277189 0.439303
49 0.34067 0.072967 0.267703 0.413637
50 0.369344 0.0857355 0.283609 0.455079
51 0.408132 0.0707705 0.337362 0.478903
52 0.402509 0.0689271 0.333582 0.471436
53 0.383735 0.0748608 0.308874 0.458595
54 0.396757 0.0732022 0.323554 0.469959
55 0.398125 0.0720019 0.326123 0.470127
56 0.379993 0.0769299 0.303063 0.456922
57 0.387434 0.0770069 0.310427 0.464441
58 0.371119 0.0823149 0.288804 0.453434
59 0.351169 0.0787639 0.272405 0.429933
60 0.349843 0.0782492 0.271594 0.428092
61 0.348539 0.0776025 0.270936 0.426141
62 0.347961 0.0797906 0.268171 0.427752
63 0.355638 0.0787023 0.276935 0.43434
64 0.347234 0.0781141 0.26912 0.425348
65 0.362052 0.0825346 0.279518 0.444587
66 0.355018 0.0795725 0.275445 0.43459
67 0.34965 0.0790425 0.270608 0.428693
68 0.375096 0.0846981 0.290398 0.459794
69 0.369964 0.0828808 0.287083 0.452845
70 0.370392 0.0845559 0.285836 0.454948
71 0.406293 0.0789257 0.327368 0.485219
72 0.414633 0.0835901 0.331043 0.498223
73 0.403257 0.0841077 0.319149 0.487365
74 0.368339 0.0827863 0.285553 0.451125
75 0.379586 0.0849977 0.294589 0.464584
76 0.384761 0.0853242 0.299437 0.470085
77 0.402894 0.08171 0.321183 0.484604
78 0.391368 0.0844586 0.30691 0.475827
79 0.419957 0.0801952 0.339762 0.500152
80 0.416771 0.0858239 0.330947 0.502595
81 0.380741 0.0871478 0.293593 0.467889
82 0.37516 0.0853546 0.289806 0.460515
83 0.421432 0.0772676 0.344165 0.4987
84 0.394725 0.0857885 0.308937 0.480514
85 0.407063 0.0846696 0.322394 0.491733
86 0.401055 0.0803317 0.320723 0.481386
87 0.397227 0.0795171 0.31771 0.476744
88 0.400114 0.0853821 0.314732 0.485496
89 0.382815 0.083805 0.29901 0.46662
90 0.372787 0.0820869 0.2907 0.454874
91 0.385103 0.0875682 0.297535 0.472671
92 0.381938 0.0850783 0.29686 0.467017
93 0.406913 0.0823543 0.324559 0.489268
94 0.394105 0.0879393 0.306166 0.482045
95 0.398018 0.0917819 0.306236 0.4898
96 0.411703 0.0806938 0.331009 0.492397
97 0.368809 0.0816925 0.287117 0.450502
98 0.386728 0.0856277 0.301101 0.472356
99 0.37841 0.0879264 0.290484 0.466337
100 0.381703 0.0822215 0.299482 0.463925
101 0.378132 0.0843117 0.293821 0.462444
102 0.387434 0.081362 0.306072 0.468796
103 0.378517 0.0811384 0.297379 0.459656
104 0.384205 0.0818121 0.302393 0.466017
105 0.372915 0.0836915 0.289223 0.456606
106 0.400777 0.0855654 0.315211 0.486342
107 0.404134 0.088769 0.315365 0.492903
108 0.420021 0.080308 0.339713 0.500329
109 0.38459 0.0892005 0.295389 0.47379
110 0.384098 0.085922 0.298176 0.47002
111 0.381169 0.0836183 0.29755 0.464787
112 0.382665 0.0850108 0.297655 0.467676
113 0.405716 0.0867373 0.318979 0.492453
114 0.386899 0.0865134 0.300386 0.473413
115 0.405117 0.0899365 0.315181 0.495054
116 0.394789 0.0824995 0.31229 0.477289
117 0.393635 0.0846747 0.30896 0.478309
118 0.400606 0.0814662 0.319139 0.482072
119 0.404818 0.0827958 0.322022 0.487614
120 0.382537 0.0827498 0.299787 0.465287
121 0.392822 0.0812194 0.311603 0.474042
122 0.364127 0.0804535 0.283673 0.44458
123 0.354847 0.0778566 0.27699 0.432703
124 0.371268 0.0790956 0.292173 0.450364
125 0.386279 0.0774501 0.308829 0.463729
126 0.391047 0.0832131 0.307834 0.474261
127 0.388588 0.0753716 0.313217 0.46396
128 0.413114 0.0743105 0.338804 0.487425
129 0.394469 0.0821326 0.312336 0.476601
130 0.371589 0.0834276 0.288162 0.455017
131 0.354269 0.0755662 0.278703 0.429835
132 0.362715 0.0834918 0.279224 0.446207
133 0.369258 0.0818967 0.287362 0.451155
134 0.352152 0.0799307 0.272222 0.432083
135 0.368874 0.0819086 0.286965 0.450782
136 0.399579 0.0777795 0.3218 0.477359
137 0.348881 0.0760826 0.272798 0.424963
138 0.361069 0.0840103 0.277059 0.445079
139 0.342102 0.077843 0.264259 0.419945
140 0.359059 0.080569 0.27849 0.439628
141 0.369194 0.0831036 0.286091 0.452298
142 0.362095 0.0801705 0.281925 0.442266
143 0.391112 0.0822019 0.30891 0.473314
144 0.369964 0.0783923 0.291572 0.448356
145 0.37392 0.0830925 0.290827 0.457012
146 0.387477 0.0838589 0.303618 0.471335
147 0.345096 0.0788611 0.266235 0.423957
148 0.353927 0.0839427 0.269984 0.43787
149 0.398339 0.0758575 0.322481 0.474196
150 0.365944 0.0774967 0.288447 0.443441
151 0.373 0.0835217 0.289479 0.456522
152 0.375331 0.0861226 0.289209 0.461454
153 0.371162 0.0816486 0.289513 0.45281
154 0.373278 0.088929 0.284349 0.462207
155 0.353542 0.0809965 0.272546 0.434539
156 0.363849 0.0871704 0.276678 0.451019
157 0.374241 0.086278 0.287963 0.460519
158 0.381896 0.082292 0.299604 0.464188
159 0.389786 0.0852685 0.304517 0.475054
160 0.402466 0.0806227 0.321843 0.483089
161 0.380442 0.0885086 0.291933 0.46895
162 0.38444 0.0882269 0.296213 0.472667
163 0.403813 0.091872 0.311941 0.495685
164 0.400926 0.0881491 0.312777 0.489075
165 0.396094 0.0870808 0.309013 0.483175
166 0.385809 0.0856526 0.300156 0.471461
167 0.383927 0.0831902 0.300737 0.467117
168 0.368275 0.0867385 0.281536 0.455013
169 0.374262 0.0829336 0.291328 0.457196
170 0.373022 0.0795011 0.293521 0.452523
171 0.382003 0.0837655 0.298237 0.465768
172 0.38273 0.0849916 0.297738 0.467721
173 0.391967 0.0865592 0.305408 0.478526
174 0.42774 0.0604501 0.36729 0.48819
175 0.435695 0.0508101 0.384885 0.486505
176 0.377363 0.0774743 0.299888 0.454837
177 0.356493 0.0773131 0.27918 0.433806
178 0.390898 0.0779337 0.312964 0.468832
179 0.398895 0.0765854 0.32231 0.47548
180 0.378368 0.0772107 0.301157 0.455578
181 0.391881 0.0782651 0.313616 0.470146
182 0.372594 0.0765135 0.296081 0.449108
183 0.390085 0.0758065 0.314279 0.465892
184 0.393314 0.0724097 0.320904 0.465724
185 0.382216 0.0813809 0.300836 0.463597
186 0.396179 0.0734497 0.32273 0.469629
187 0.393806 0.0732912 0.320515 0.467097
188 0.400392 0.077314 0.323078 0.477706
189 0.363464 0.0812588 0.282205 0.444723
190 0.364234 0.0816613 0.282572 0.445895
191 0.378581 0.0779069 0.300674 0.456488
192 0.369708 0.0827294 0.286978 0.452437
193 0.352559 0.0805212 0.272037 0.43308
194 0.386664 0.0884942 0.29817 0.475158
195 0.384077 0.084603 0.299474 0.46868
196 0.388546 0.0850486 0.303497 0.473594
197 0.373941 0.0813249 0.292616 0.455266
198 0.383392 0.0823131 0.301079 0.465706
199 0.406486 0.0804001 0.326086 0.486886
200 0.401931 0.0801029 0.321828 0.482034
201 0.387177 0.0946809 0.292496 0.481858
202 0.36727 0.0813573 0.285913 0.448627
203 0.359722 0.0830219 0.2767 0.442744
204 0.371546 0.0850631 0.286483 0.456609
205 0.388845 0.0864127 0.302432 0.475258
206 0.397591 0.0840898 0.313501 0.48168
207 0.394597 0.0833655 0.311232 0.477962
208 0.390214 0.0863886 0.303825 0.476602
209 0.376742 0.082098 0.294644 0.45884
210 0.401461 0.083504 0.317957 0.484965
211 0.410848 0.0774125 0.333435 0.48826
212 0.394918 0.0841085 0.310809 0.479026
213 0.41506 0.0816837 0.333377 0.496744
214 0.424084 0.0745634 0.34952 0.498647
215 0.39124 0.0854404 0.3058 0.47668
216 0.395987 0.0832843 0.312703 0.479271
217 0.410613 0.0786777 0.331935 0.48929
218 0.395046 0.0842446 0.310801 0.479291
219 0.38521 0.0848276 0.300382 0.470038
220 0.403022 0.0809553 0.322066 0.483977
221 0.390663 0.0815212 0.309141 0.472184
222 0.393079 0.0830948 0.309984 0.476174
223 0.404027 0.0800544 0.323972 0.484081
224 0.386258 0.082761 0.303497 0.469019
225 0.386814 0.0892624 0.297551 0.476076
226 0.382323 0.0861066 0.296217 0.46843
227 0.377833 0.0840969 0.293736 0.46193
228 0.380271 0.0859306 0.29434 0.466201
229 0.396436 0.0828903 0.313546 0.479326
230 0.365581 0.0886871 0.276894 0.454268
231 0.362908 0.0841003 0.278808 0.447008
232 0.359978 0.0828991 0.277079 0.442877
233 0.351489 0.0812096 0.27028 0.432699
234 0.332886 0.0717104 0.261176 0.404597
235 0.373278 0.0831463 0.290132 0.456425
236 0.390898 0.0853691 0.305529 0.476267
237 0.381703 0.0867317 0.294972 0.468435
238 0.393015 0.0889094 0.304105 0.481924
239 0.427612 0.0730415 0.35457 0.500653
240 0.424618 0.0744472 0.350171 0.499066
241 0.446065 0.0627733 0.383292 0.508839
242 0.415381 0.0791254 0.336256 0.494506
243 0.374904 0.0843817 0.290522 0.459285
244 0.364661 0.0836606 0.281001 0.448322
245 0.390663 0.0827019 0.307961 0.473364
246 0.413563 0.0687237 0.34484 0.482287
247 0.418674 0.0739583 0.344716 0.492632
248 0.423699 0.0679337 0.355765 0.491633
249 0.424276 0.0645584 0.359718 0.488835
250 0.416044 0.0694975 0.346546 0.485541
251 0.387284 0.0795292 0.307755 0.466813
252 0.36727 0.0806643 0.286606 0.447934
253 0.349244 0.081814 0.26743 0.431058
254 0.355231 0.0799197 0.275312 0.435151
255 0.353756 0.0779326 0.275823 0.431689
256 0.367612 0.0803287 0.287283 0.447941
257 0.376122 0.0821655 0.293957 0.458288
258 0.339665 0.0744602 0.265205 0.414125
259 0.366607 0.0837824 0.282825 0.450389
260 0.389337 0.0816243 0.307713 0.470961
261 0.387541 0.0782633 0.309277 0.465804
262 0.369365 0.083194 0.286171 0.452559
263 0.388118 0.0788332 0.309285 0.466951
264 0.377897 0.0817527 0.296144 0.45965
265 0.365003 0.0874231 0.27758 0.452426
266 0.349415 0.0787068 0.270709 0.428122
267 0.366928 0.0821548 0.284773 0.449083
268 0.350463 0.0827823 0.267681 0.433245
269 0.378068 0.0812398 0.296828 0.459308
270 0.367976 0.0766627 0.291313 0.444638
271 0.373514 0.079947 0.293567 0.453461
272 0.344604 0.0755957 0.269008 0.4202
273 0.349907 0.0814971 0.26841 0.431404
274 0.375823 0.0837873 0.292036 0.45961
275 0.391283 0.078666 0.312617 0.469949
276 0.386985 0.0844703 0.302514 0.471455
277 0.364319 0.0796966 0.284622 0.444016
278 0.361689 0.0814479 0.280241 0.443137
279 0.381896 0.0824047 0.299491 0.4643
280 0.38258 0.0812188 0.301361 0.463799
281 0.378004 0.0783743 0.29963 0.456378
282 0.369152 0.0846963 0.284455 0.453848
283 0.396158 0.0808857 0.315272 0.477044
284 0.369814 0.0842718 0.285543 0.454086
285 0.377384 0.0838354 0.293548 0.461219
286 0.403941 0.0813784 0.322563 0.48532
287 0.385402 0.0850176 0.300385 0.47042
288 0.400092 0.0801818 0.319911 0.480274
289 0.406529 0.0844615 0.322067 0.49099
290 0.376657 0.0823438 0.294313 0.459001
291 0.370819 0.0814113 0.289408 0.452231
292 0.379522 0.089186 0.290336 0.468708
293 0.375353 0.0826777 0.292675 0.45803
294 0.375994 0.0868121 0.289182 0.462806
295 0.398061 0.0801995 0.317861 0.478261
296 0.365067 0.0840478 0.28102 0.449115
297 0.366072 0.084929 0.281143 0.451001
298 0.376165 0.0843614 0.291804 0.460526
299 0.335794 0.0729679 0.262827 0.408762
300 0.381725 0.0841517 0.297573 0.465876
301 0.411489 0.074911 0.336578 0.4864
302 0.438966 0.0518975 0.387069 0.490864
303 0.412644 0.0694056 0.343238 0.48205
304 0.398809 0.0722851 0.326524 0.471095
305 0.385616 0.0793928 0.306223 0.465009
306 0.354804 0.0764185 0.278385 0.431222
307 0.37114 0.0837224 0.287418 0.454863
308 0.399173 0.0795728 0.3196 0.478746
309 0.38876 0.0798945 0.308865 0.468654
310 0.395816 0.073665 0.322151 0.469481
311 0.369558 0.0806402 0.288918 0.450198
312 0.398318 0.0833582 0.314959 0.481676
313 0.413157 0.0727019 0.340455 0.485859
314 0.380078 0.0835299 0.296548 0.463608
315 0.347555 0.0800946 0.26746 0.42765
316 0.32985 0.0730276 0.256822 0.402878
317 0.335281 0.0719241 0.263357 0.407205
318 0.377106 0.0809277 0.296178 0.458034
319 0.35382 0.0770057 0.276814 0.430826
320 0.374091 0.083271 0.29082 0.457362
321 0.358417 0.080305 0.278112 0.438722
322 0.383179 0.07847 0.304709 0.461649
323 0.407085 0.0792492 0.327835 0.486334
324 0.4064 0.0814287 0.324972 0.487829
325 0.392972 0.0816586 0.311313 0.474631
326 0.392309 0.0822459 0.310063 0.474555
327 0.396137 0.0869155 0.309221 0.483052
328 0.419743 0.0778139 0.341929 0.497557
329 0.42588 0.0732996 0.35258 0.49918
330 0.433514 0.0675983 0.365915 0.501112
331 0.425666 0.0679238 0.357742 0.49359
332 0.399365 0.0797941 0.319571 0.47916
333 0.378881 0.0798984 0.298982 0.458779
334 0.388973 0.0793676 0.309606 0.468341
335 0.39139 0.0840546 0.307335 0.475444
336 0.406571 0.0782602 0.328311 0.484832
337 0.388075 0.0792722 0.308803 0.467347
338 0.403107 0.0781698 0.324938 0.481277
339 0.37871 0.0914917 0.287218 0.470201
340 0.381789 0.100397 0.281392 0.482185
341 0.383307 0.0865329 0.296774 0.46984
342 0.353371 0.0802277 0.273143 0.433599
343 0.349522 0.0797166 0.269806 0.429239
344 0.355039 0.0778907 0.277148 0.43293
345 0.361154 0.0816887 0.279466 0.442843
346 0.414868 0.0817836 0.333084 0.496651
347 0.37794 0.0867841 0.291156 0.464724
348 0.381147 0.0855021 0.295645 0.466649
349 0.394939 0.087845 0.307094 0.482784
350 0.385873 0.0887916 0.297081 0.474664
351 0.383435 0.0862973 0.297138 0.469733
352 0.397313 0.0866922 0.31062 0.484005
353 0.392459 0.0880981 0.304361 0.480557
354 0.395559 0.0852581 0.310301 0.480817
355 0.38243 0.0834106 0.29902 0.465841
356 0.392288 0.0912075 0.30108 0.483495
357 0.405695 0.0812967 0.324398 0.486991
358 0.374904 0.0792856 0.295618 0.454189
359 0.384119 0.084101 0.300019 0.46822
360 0.40531 0.0856804 0.319629 0.49099
361 0.39139 0.0853322 0.306057 0.476722
362 0.374882 0.0843004 0.290582 0.459183
363 0.398168 0.0828368 0.315331 0.481005
364 0.378196 0.0821241 0.296072 0.460321
365 0.376593 0.0859429 0.29065 0.462536
366 0.38876 0.0850966 0.303663 0.473856
367 0.388161 0.0920876 0.296073 0.480248
368 0.372444 0.083563 0.288881 0.456007
369 0.388033 0.0815161 0.306516 0.469549
370 0.370028 0.078786 0.291242 0.448814
371 0.358674 0.083701 0.274973 0.442375
372 0.375866 0.0826072 0.293259 0.458473
373 0.374711 0.0862737 0.288437 0.460985
374 0.384633 0.0826352 0.301997 0.467268
375 0.39325 0.0820089 0.311241 0.475259
376 0.381981 0.0831408 0.29884 0.465122
377 0.384312 0.0862081 0.298104 0.47052
378 0.393186 0.0792807 0.313905 0.472466
379 0.395666 0.0782431 0.317423 0.473909
380 0.382644 0.0825178 0.300126 0.465162
381 0.381981 0.0837152 0.298266 0.465696
382 0.372038 0.0824671 0.289571 0.454505
383 0.382708 0.0807947 0.301914 0.463503
384 0.390556 0.0827335 0.307822 0.473289
385 0.421603 0.0767365 0.344867 0.49834
386 0.383264 0.0854325 0.297832 0.468697
387 0.388011 0.0873797 0.300631 0.475391
388 0.385873 0.080685 0.305188 0.466558
389 0.429558 0.068733 0.360825 0.498291
390 0.397398 0.0766086 0.32079 0.474007
391 0.429087 0.0731434 0.355944 0.502231
392 0.418695 0.0933311 0.325364 0.512026
393 0.371226 0.0814679 0.289758 0.452694
394 0.379159 0.0838894 0.295269 0.463048
395 0.386194 0.0821604 0.304033 0.468354
396 0.376785 0.0807145 0.296071 0.4575
397 0.359422 0.0785749 0.280848 0.437997
398 0.396201 0.0874263 0.308774 0.483627
399 0.375459 0.081573 0.293886 0.457032
400 0.386921 0.0798801 0.30704 0.466801
401 0.38444 0.0810666 0.303374 0.465507
402 0.379159 0.0784526 0.300706 0.457611
403 0.395944 0.072033 0.323911 0.467977
404 0.376165 0.0795066 0.296659 0.455672
405 0.350164 0.0778288 0.272335 0.427992
406 0.37702 0.0864462 0.290574 0.463467
407 0.369365 0.0782855 0.29108 0.447651
408 0.367698 0.0826496 0.285048 0.450347
409 0.365067 0.0859164 0.279151 0.450984
410 0.376229 0.0833583 0.292871 0.459588
411 0.399258 0.0818507 0.317408 0.481109
412 0.404839 0.0826379 0.322201 0.487477
413 0.412708 0.0782916 0.334417 0.491
414 0.412879 0.0775628 0.335316 0.490442
415 0.392416 0.0820057 0.31041 0.474422
416 0.394469 0.0814994 0.312969 0.475968
417 0.37129 0.0805813 0.290709 0.451871
418 0.387712 0.0859639 0.301748 0.473676
419 0.383948 0.0839038 0.300045 0.467852
420 0.375203 0.0836422 0.291561 0.458845
421 0.374155 0.0860851 0.28807 0.46024
422 0.371739 0.0875323 0.284207 0.459271
423 0.366308 0.0836045 0.282703 0.449912
424 0.354633 0.0842013 0.270431 0.438834
425 0.35645 0.0804327 0.276018 0.436883
426 0.349864 0.0800797 0.269785 0.429944
427 0.355274 0.0830404 0.272234 0.438315
428 0.373107 0.0838736 0.289234 0.456981
429 0.378731 0.081114 0.297617 0.459845
430 0.362052 0.0824167 0.279636 0.444469
431 0.385702 0.0817557 0.303946 0.467457
432 0.395238 0.0780093 0.317229 0.473248
433 0.395987 0.0755857 0.320401 0.471573
434 0.395089 0.0766524 0.318436 0.471741
435 0.409287 0.077933 0.331354 0.48722
436 0.387263 0.0819535 0.305309 0.469216
437 0.408923 0.0754795 0.333444 0.484403
438 0.414654 0.070642 0.344012 0.485296
439 0.37702 0.0808665 0.296154 0.457887
440 0.377277 0.0800579 0.297219 0.457335
441 0.374091 0.0875884 0.286503 0.461679
442 0.376657 0.0800403 0.296617 0.456697
443 0.385424 0.0788759 0.306548 0.4643
444 0.396457 0.0734781 0.322979 0.469935
445 0.395238 0.0755747 0.319664 0.470813
446 0.386129 0.0776068 0.308523 0.463736
447 0.391539 0.0749494 0.31659 0.466489
448 0.392074 0.0794142 0.31266 0.471488
449 0.370712 0.0798056 0.290907 0.450518
450 0.389615 0.0843015 0.305313 0.473916
451 0.401439 0.0783032 0.323136 0.479743
452 0.395046 0.082308 0.312738 0.477354
453 0.381105 0.0842083 0.296896 0.465313
454 0.39139 0.0832197 0.30817 0.474609
455 0.410613 0.0875291 0.323084 0.498142
456 0.394661 0.0867119 0.307949 0.481373
457 0.395132 0.0830086 0.312123 0.47814
458 0.40856 0.0799206 0.328639 0.488481
459 0.398318 0.0913944 0.306923 0.489712
460 0.377876 0.0826151 0.295261 0.460491
461 0.384119 0.0844056 0.299714 0.468525
462 0.383991 0.0870171 0.296974 0.471008
463 0.428382 0.0782573 0.350124 0.506639
464 0.422779 0.0775935 0.345186 0.500373
465 0.423827 0.0732874 0.35054 0.497115
466 0.401204 0.0822537 0.318951 0.483458
467 0.386407 0.0866463 0.299761 0.473054
468 0.399814 0.0854268 0.314388 0.485241
469 0.405417 0.0844493 0.320967 0.489866
470 0.374732 0.0832743 0.291458 0.458007
471 0.372017 0.0789054 0.293111 0.450922
472 0.392737 0.0857829 0.306954 0.47852
473 0.421625 0.0814398 0.340185 0.503065
474 0.407876 0.0872121 0.320664 0.495088
475 0.402936 0.0858738 0.317062 0.48881
476 0.410228 0.0819147 0.328313 0.492142
477 0.417028 0.0767303 0.340297 0.493758
478 0.40779 0.0792929 0.328497 0.487083
479 0.369772 0.0837366 0.286035 0.453508
480 0.386065 0.0853961 0.300669 0.471461
481 0.39727 0.0857489 0.311521 0.483019
482 0.394747 0.0977487 0.296998 0.492495
483 0.37377 0.0801737 0.293597 0.453944
484 0.400862 0.0815527 0.319309 0.482415
485 0.40841 0.0805745 0.327836 0.488985
486 0.376529 0.0870076 0.289521 0.463536
487 0.381318 0.0848279 0.29649 0.466146
488 0.397569 0.0826772 0.314892 0.480246
489 0.395645 0.0837678 0.311877 0.479413
490 0.400499 0.0847898 0.315709 0.485288
491 0.405823 0.0811888 0.324634 0.487012
492 0.409608 0.0839235 0.325684 0.493531
493 0.40238 0.0770325 0.325348 0.479413
494 0.398211 0.0810607 0.31715 0.479271
495 0.414825 0.0792156 0.335609 0.494041
496 0.414376 0.0779877 0.336388 0.492364
497 0.437362 0.0691772 0.368185 0.50654
498 0.427975 0.0682541 0.359721 0.49623
499 0.404732 0.0745183 0.330214 0.479251
500 0.390577 0.0806627 0.309914 0.47124
501 0.397142 0.0792003 0.317941 0.476342
502 0.42372 0.0673646 0.356356 0.491085
503 0.387733 0.0796882 0.308045 0.467421
504 0.371012 0.0821551 0.288857 0.453167
505 0.393806 0.0789629 0.314843 0.472769
506 0.38444 0.0778585 0.306582 0.462299
507 0.39464 0.0826728 0.311967 0.477313
508 0.374283 0.0857412 0.288542 0.460025
509 0.375588 0.0787334 0.296854 0.454321
510 0.394554 0.0761575 0.318397 0.470712
511 0.408774 0.070016 0.338758 0.47879
512 0.427334 0.0671949 0.360139 0.494529
513 0.411981 0.0784374 0.333544 0.490419
514 0.418524 0.0743714 0.344153 0.492896
515 0.396158 0.0838734 0.312285 0.480031
516 0.377042 0.0816495 0.295392 0.458691
517 0.380506 0.0867046 0.293801 0.46721
518 0.405695 0.0767204 0.328974 0.482415
519 0.385745 0.0822144 0.30353 0.467959
520 0.345459 0.0785513 0.266908 0.424011
521 0.387947 0.0793757 0.308571 0.467323
522 0.384397 0.0914684 0.292929 0.475866
523 0.38598 0.0808621 0.305118 0.466842
524 0.410976 0.0717942 0.339182 0.48277
525 0.379116 0.0816385 0.297477 0.460754
526 0.364234 0.0831813 0.281052 0.447415
527 0.367248 0.0800546 0.287194 0.447303
528 0.395987 0.0789336 0.317053 0.47492
529 0.412045 0.0736612 0.338384 0.485706
530 0.425025 0.0703717 0.354653 0.495396
531 0.414889 0.06918 0.345709 0.484069
532 0.402316 0.0767694 0.325547 0.479086
533 0.399173 0.080762 0.318411 0.479935
534 0.381725 0.0833022 0.298422 0.465027
535 0.398253 0.0768419 0.321412 0.475095
536 0.402851 0.0775221 0.325329 0.480373
537 0.398125 0.0797068 0.318418 0.477832
538 0.391475 0.081954 0.309521 0.473429
539 0.371653 0.0837062 0.287947 0.45536
540 0.382003 0.0864203 0.295582 0.468423
541 0.381169 0.0826149 0.298554 0.463784
542 0.385189 0.0884744 0.296714 0.473663
543 0.37918 0.0864863 0.292694 0.465666
544 0.388396 0.091193 0.297203 0.479589
545 0.388204 0.0900671 0.298137 0.478271
546 0.401525 0.0913787 0.310146 0.492904
547 0.40702 0.0854078 0.321613 0.492428
548 0.36387 0.0846484 0.279222 0.448518
549 0.3699 0.0827003 0.2872 0.4526
550 0.345695 0.0777301 0.267965 0.423425
551 0.398852 0.0857503 0.313102 0.484602
552 0.390385 0.0885504 0.301834 0.478935
553 0.370135 0.0855283 0.284607 0.455663
554 0.386301 0.0837612 0.302539 0.470062
555 0.351361 0.0767794 0.274582 0.42814
556 0.350228 0.0797651 0.270463 0.429993
557 0.348646 0.0795292 0.269116 0.428175
558 0.374134 0.0865237 0.28761 0.460657
559 0.396992 0.080104 0.316888 0.477096
560 0.386065 0.0788394 0.307226 0.464905
561 0.389123 0.0805908 0.308532 0.469714
562 0.375117 0.083398 0.291719 0.458515
563 0.367676 0.080147 0.287529 0.447823
564 0.389123 0.0790486 0.310074 0.468172
565 0.384526 0.0806241 0.303902 0.46515
566 0.393464 0.0770855 0.316378 0.470549
567 0.361582 0.0809706 0.280611 0.442553
568 0.367334 0.0793471 0.287987 0.446681
569 0.373792 0.0784632 0.295328 0.452255
570 0.378539 0.081539 0.297 0.460078
571 0.389508 0.0812753 0.308233 0.470783
572 0.388289 0.0815303 0.306759 0.469819
573 0.368318 0.0814451 0.286872 0.449763
574 0.378988 0.0809158 0.298072 0.459903
575 0.371717 0.0770663 0.294651 0.448784
576 0.361796 0.0784897 0.283306 0.440286
577 0.405331 0.0707402 0.334591 0.476071
578 0.390492 0.0843784 0.306113 0.47487
579 0.375374 0.0836894 0.291685 0.459063
580 0.372915 0.085373 0.287542 0.458288
581 0.381382 0.0838799 0.297503 0.465262
582 0.405545 0.0798815 0.325663 0.485426
583 0.387861 0.0817623 0.306099 0.469624
584 0.378474 0.0837056 0.294769 0.46218
585 0.385509 0.0869677 0.298542 0.472477
586 0.397142 0.0897024 0.307439 0.486844
587 0.385509 0.0846483 0.300861 0.470158
588 0.393314 0.0843195 0.308995 0.477634
589 0.409608 0.083771 0.325837 0.493379
590 0.40702 0.0834178 0.323603 0.490438
591 0.400584 0.0929068 0.307677 0.493491
592 0.395516 0.0847738 0.310743 0.48029
593 0.414226 0.0811085 0.333118 0.495335
594 0.401097 0.0844562 0.316641 0.485554
595 0.39511 0.0870046 0.308106 0.482115
596 0.419936 0.0837214 0.336214 0.503657
597 0.449593 0.0948547 0.354739 0.544448
598 0.413499 0.0808515 0.332648 0.494351
599 0.381575 0.0892371 0.292338 0.470812
600 0.37067 0.085528 0.285142 0.456198
601 0.383927 0.0838616 0.300065 0.467789
602 0.404198 0.0808294 0.323368 0.485027
603 0.370071 0.0836543 0.286417 0.453725
604 0.37144 0.0838959 0.287544 0.455335
605 0.40392 0.0812158 0.322704 0.485136
606 0.41506 0.0811045 0.333956 0.496165
607 0.390363 0.0898883 0.300475 0.480251
608 0.391005 0.0858937 0.305111 0.476898
609 0.382216 0.0889659 0.29325 0.471182
610 0.387177 0.0830481 0.304129 0.470225
611 0.39836 0.0841788 0.314182 0.482539
612 0.384376 0.085117 0.299259 0.469493
613 0.38305 0.0922751 0.290775 0.475325
614 0.362929 0.083978 0.278951 0.446907
615 0.372188 0.0864051 0.285783 0.458593
616 0.387883 0.0847886 0.303094 0.472671
617 0.388995 0.0885551 0.30044 0.47755
618 0.372231 0.0857561 0.286475 0.457987
619 0.43005 0.0705483 0.359501 0.500598
620 0.411511 0.0786879 0.332823 0.490199
621 0.380998 0.0840795 0.296918 0.465077
622 0.37578 0.0840362 0.291744 0.459816
623 0.392159 0.0848373 0.307322 0.476997
624 0.412109 0.0785968 0.333513 0.490706
625 0.428467 0.0706336 0.357834 0.499101
626 0.391176 0.0834893 0.307686 0.474665
627 0.362673 0.080755 0.281918 0.443428
628 0.3634 0.0846401 0.27876 0.44804
629 0.376785 0.0819799 0.294805 0.458765
630 0.391796 0.0760182 0.315778 0.467814
631 0.374219 0.0798469 0.294372 0.454066
632 0.375181 0.0836242 0.291557 0.458806
633 0.392266 0.0841202 0.308146 0.476387
634 0.370007 0.0839685 0.286038 0.453975
635 0.358011 0.0839584 0.274053 0.44197
636 0.37129 0.080906 0.290384 0.452196
637 0.363442 0.0783337 0.285109 0.441776
638 0.35784 0.0805176 0.277322 0.438358
639 0.37469 0.08082 0.29387 0.45551
640 0.376999 0.082948 0.294051 0.459947
641 0.328695 0.0692802 0.259415 0.397976
642 0.392651 0.0843879 0.308263 0.477039
643 0.37809 0.0796111 0.298478 0.457701
644 0.341183 0.0749135 0.266269 0.416096
645 0.380827 0.0825363 0.29829 0.463363
646 0.401076 0.0734326 0.327643 0.474509
647 0.375246 0.0839635 0.291282 0.459209
648 0.344305 0.0745298 0.269775 0.418835
649 0.355317 0.0820044 0.273312 0.437321
650 0.380442 0.0847004 0.295741 0.465142
651 0.391946 0.080203 0.311743 0.472149
652 0.37191 0.0830816 0.288828 0.454992
653 0.350014 0.0794344 0.27058 0.429448
654 0.353521 0.080985 0.272536 0.434506
655 0.390214 0.0778275 0.312386 0.468041
656 0.373984 0.0839822 0.290002 0.457966
657 0.359829 0.0869264 0.272902 0.446755
658 0.351725 0.0794073 0.272317 0.431132
659 0.347641 0.0778181 0.269822 0.425459
660 0.33109 0.0739435 0.257147 0.405034
661 0.359465 0.0810688 0.278396 0.440534
662 0.366864 0.0859793 0.280884 0.452843
663 0.381126 0.0805199 0.300606 0.461646
664 0.386792 0.0838711 0.302921 0.470663
665 0.37191 0.0852086 0.286701 0.457118
666 0.389829 0.0821102 0.307718 0.471939
667 0.392224 0.0800063 0.312217 0.47223
668 0.394319 0.0804655 0.313853 0.474785
669 0.384825 0.0788173 0.306008 0.463642
670 0.360064 0.0834988 0.276565 0.443563
671 0.386814 0.087171 0.299643 0.473985
672 0.397804 0.082308 0.315496 0.480112
673 0.387562 0.0868703 0.300692 0.474432
674 0.37995 0.0874306 0.292519 0.46738
675 0.390278 0.0904871 0.299791 0.480765
676 0.405716 0.0814325 0.324284 0.487149
677 0.389978 0.0873204 0.302658 0.477299
678 0.369216 0.0826252 0.286591 0.451841
679 0.344519 0.0761129 0.268406 0.420631
680 0.355851 0.0804399 0.275412 0.436291
681 0.397933 0.0789521 0.318981 0.476885
682 0.374155 0.0788153 0.29534 0.45297
683 0.361753 0.0822815 0.279472 0.444035
684 0.375802 0.0833536 0.292448 0.459155
685 0.38521 0.0807697 0.30444 0.46598
686 0.406721 0.0724552 0.334266 0.479176
687 0.401482 0.0808809 0.320601 0.482363
688 0.405417 0.0698148 0.335602 0.475231
689 0.402765 0.0657881 0.336977 0.468553
690 0.391347 0.0764499 0.314897 0.467797
691 0.372295 0.0801052 0.29219 0.4524
692 0.341824 0.0760652 0.265759 0.41789
693 0.34856 0.078794 0.269766 0.427354
694 0.37206 0.0783762 0.293683 0.450436
695 0.363827 0.0794233 0.284404 0.443251
696 0.364127 0.080575 0.283552 0.444702
697 0.380078 0.0801637 0.299914 0.460242
698 0.363571 0.0779068 0.285664 0.441477
699 0.379244 0.0781293 0.301115 0.457374
700 0.386942 0.072955 0.313987 0.459897
701 0.386065 0.0746907 0.311375 0.460756
702 0.39077 0.0706471 0.320122 0.461417
703 0.378239 0.0755863 0.302653 0.453825
704 0.394405 0.0697186 0.324686 0.464123
705 0.391325 0.0860418 0.305284 0.477367
706 0.398425 0.0802536 0.318171 0.478678
707 0.399729 0.0825386 0.31719 0.482267
708 0.405395 0.0846532 0.320742 0.490049
709 0.408688 0.0864508 0.322237 0.495139
710 0.37253 0.0878198 0.28471 0.46035
711 0.351789 0.0775012 0.274288 0.42929
712 0.366179 0.0824005 0.283779 0.44858
713 0.369964 0.0842132 0.285751 0.454177
714 0.37099 0.086572 0.284418 0.457562
715 0.405524 0.0868857 0.318638 0.492409
716 0.411233 0.0803941 0.330839 0.491627
717 0.405844 0.0830155 0.322829 0.48886
718 0.399665 0.0902463 0.309418 0.489911
719 0.415146 0.0863545 0.328791 0.5015
720 0.385317 0.0877586 0.297558 0.473075
721 0.387284 0.0880917 0.299192 0.475376
722 0.389786 0.0848803 0.304906 0.474666
723 0.401546 0.08616 0.315386 0.487706
724 0.376742 0.0847713 0.291971 0.461514
725 0.383221 0.0858927 0.297329 0.469114
726 0.357947 0.0774187 0.280528 0.435366
727 0.36541 0.083609 0.281801 0.449019
728 0.385402 0.0851239 0.300279 0.470526
729 0.393806 0.0869515 0.306854 0.480757
730 0.387883 0.0881784 0.299704 0.476061
731 0.384697 0.0878048 0.296892 0.472502
732 0.378196 0.0870736 0.291123 0.46527
733 0.359315 0.0805072 0.278808 0.439823
734 0.348325 0.0793084 0.269016 0.427633
735 0.381938 0.0846831 0.297255 0.466622
736 0.409137 0.088637 0.3205 0.497774
737 0.407705 0.0926324 0.315072 0.500337
738 0.395901 0.0841957 0.311706 0.480097
739 0.36449 0.0819809 0.282509 0.446471
740 0.376849 0.0828641 0.293985 0.459713
741 0.389957 0.0834352 0.306522 0.473392
742 0.398959 0.0838096 0.315149 0.482769
743 0.388332 0.0827506 0.305581 0.471083
744 0.400092 0.0852731 0.314819 0.485365
745 0.376186 0.0846278 0.291559 0.460814
746 0.399152 0.0825934 0.316558 0.481745
747 0.369023 0.0799999 0.289023 0.449023
748 0.379201 0.0835949 0.295607 0.462796
749 0.392865 0.0803502 0.312515 0.473215
750 0.361646 0.0777501 0.283896 0.439396
751 0.382195 0.0852044 0.296991 0.467399
752 0.37407 0.0837025 0.290367 0.457772
753 0.36742 0.0854725 0.281947 0.452892
754 0.409479 0.077367 0.332112 0.486846
755 0.407491 0.0771039 0.330387 0.484595
756 0.373578 0.083104 0.290474 0.456682
757 0.336265 0.0742773 0.261988 0.410542
758 0.367655 0.0830724 0.284582 0.450727
759 0.38305 0.0823745 0.300676 0.465425
760 0.385595 0.081285 0.30431 0.46688
761 0.40809 0.0721175 0.335972 0.480207
762 0.38273 0.0781691 0.30456 0.460899
763 0.379009 0.0804396 0.298569 0.459449
764 0.373043 0.0806031 0.29244 0.453646
765 0.382794 0.0807546 0.302039 0.463548
766 0.379907 0.0803048 0.299602 0.460212
767 0.370819 0.0851105 0.285709 0.45593
768 0.365559 0.0786906 0.286869 0.44425
769 0.412067 0.0792745 0.332792 0.491341
770 0.42712 0.0688369 0.358283 0.495957
771 0.39913 0.0802473 0.318883 0.479377
772 0.371739 0.0810336 0.290705 0.452772
773 0.390214 0.0849739 0.30524 0.475187
774 0.399707 0.0782113 0.321496 0.477919
775 0.384312 0.0804195 0.303892 0.464731
776 0.399173 0.0803339 0.318839 0.479507
777 0.378624 0.0826962 0.295928 0.46132
778 0.391283 0.0766258 0.314657 0.467909
779 0.403642 0.0736491 0.329993 0.477291
780 0.406892 0.0812838 0.325608 0.488176
781 0.406229 0.0732589 0.33297 0.479488
782 0.371889 0.083566 0.288323 0.455455
783 0.369258 0.081351 0.287908 0.450609
784 0.367591 0.0767544 0.290836 0.444345
785 0.353606 0.0808117 0.272795 0.434418
786 0.360876 0.0816901 0.279186 0.442567
787 0.376956 0.0827279 0.294228 0.459684
788 0.396821 0.0781847 0.318636 0.475006
789 0.384569 0.0785639 0.306005 0.463132
790 0.385338 0.0813711 0.303967 0.466709
791 0.367184 0.0817567 0.285428 0.448941
792 0.375652 0.0870977 0.288554 0.46275
793 0.377769 0.0867619 0.291007 0.464531
794 0.375267 0.0839331 0.291334 0.4592
795 0.370712 0.0866522 0.28406 0.457365
796 0.394405 0.0811057 0.313299 0.47551
797 0.391539 0.0791788 0.31236 0.470718
798 0.388888 0.0816648 0.307223 0.470553
799 0.406678 0.0770249 0.329653 0.483703
