# ../output/graphs/perf_serial51QUADRUPED
# step - mean (0.479249) - standard deviation (0.0287693) r=20 - ylow - yhigh
0 0.449848 0.0186374 0.43121 0.468485
1 0.450779 0.0148412 0.435938 0.46562
2 0.456424 0.024271 0.432153 0.480695
3 0.464067 0.01502 0.449047 0.479086
4 0.464277 0.0166014 0.447675 0.480878
5 0.458962 0.0242381 0.434724 0.4832
6 0.463331 0.0188002 0.444531 0.482131
7 0.473451 0.0293391 0.444111 0.50279
8 0.463241 0.0133111 0.44993 0.476552
9 0.459953 0.0147056 0.445247 0.474658
10 0.452385 0.00926405 0.443121 0.461649
11 0.461694 0.0170387 0.444656 0.478733
12 0.458571 0.0104877 0.448083 0.469059
13 0.464502 0.0278083 0.436694 0.49231
14 0.463391 0.0238073 0.439584 0.487198
15 0.455448 0.0132165 0.442232 0.468665
16 0.460944 0.0156905 0.445253 0.476634
17 0.460028 0.011845 0.448183 0.471873
18 0.460373 0.0109377 0.449435 0.471311
19 0.458962 0.0170456 0.441916 0.476007
20 0.465103 0.0191704 0.445932 0.484273
21 0.473451 0.0231978 0.450253 0.496648
22 0.464547 0.0165932 0.447954 0.48114
23 0.47318 0.0219706 0.45121 0.495151
24 0.471484 0.0153623 0.456121 0.486846
25 0.454637 0.00982271 0.444815 0.46446
26 0.463 0.0155114 0.447489 0.478512
27 0.470177 0.0161869 0.453991 0.486364
28 0.468331 0.0161583 0.452172 0.484489
29 0.483901 0.047562 0.436339 0.531463
30 0.46231 0.0117599 0.45055 0.47407
31 0.476589 0.0247805 0.451808 0.501369
32 0.474321 0.0179854 0.456336 0.492307
33 0.480718 0.025021 0.455697 0.505739
34 0.483165 0.0268944 0.456271 0.510059
35 0.476739 0.01582 0.460919 0.492559
36 0.483375 0.0317116 0.451664 0.515087
37 0.476288 0.0147105 0.461578 0.490999
38 0.481844 0.0193383 0.462505 0.501182
39 0.477354 0.0221187 0.455236 0.499473
40 0.474952 0.0161898 0.458762 0.491142
41 0.476393 0.0141574 0.462236 0.490551
42 0.47833 0.0144626 0.463868 0.492793
43 0.48315 0.0227716 0.460378 0.505922
44 0.480688 0.0216076 0.45908 0.502295
45 0.475598 0.0161402 0.459457 0.491738
46 0.477294 0.0217064 0.455588 0.499001
47 0.464262 0.011082 0.45318 0.475344
48 0.468751 0.0169183 0.451833 0.485669
49 0.467685 0.0216813 0.446004 0.489366
50 0.464712 0.0146236 0.450089 0.479336
51 0.469427 0.025443 0.443984 0.49487
52 0.470973 0.0198117 0.451162 0.490785
53 0.461544 0.0183073 0.443237 0.479851
54 0.461454 0.0136191 0.447835 0.475073
55 0.468 0.0167085 0.451292 0.484709
56 0.461949 0.0138704 0.448079 0.47582
57 0.46722 0.019233 0.447987 0.486453
58 0.460298 0.0177453 0.442553 0.478043
59 0.460643 0.0173025 0.443341 0.477946
60 0.457205 0.0138405 0.443364 0.471045
61 0.460628 0.016928 0.4437 0.477556
62 0.463676 0.0201632 0.443513 0.483839
63 0.463526 0.0185163 0.44501 0.482042
64 0.466379 0.0180461 0.448333 0.484425
65 0.474832 0.024881 0.449951 0.499713
66 0.464907 0.0187597 0.446148 0.483667
67 0.469021 0.0160338 0.452987 0.485055
68 0.463751 0.0119216 0.45183 0.475673
69 0.473841 0.0151038 0.458737 0.488945
70 0.466859 0.0141407 0.452718 0.481
71 0.483826 0.0231239 0.460702 0.506949
72 0.496543 0.0179839 0.478559 0.514527
73 0.490807 0.011708 0.479099 0.502515
74 0.502098 0.0252556 0.476842 0.527354
75 0.498915 0.0216597 0.477255 0.520575
76 0.494936 0.0289204 0.466016 0.523857
77 0.50405 0.0593316 0.444718 0.563382
78 0.489636 0.0172287 0.472407 0.506865
79 0.496993 0.0194154 0.477578 0.516409
80 0.491933 0.0193759 0.472557 0.511309
81 0.485777 0.0142652 0.471512 0.500043
82 0.49878 0.0480648 0.450715 0.546845
83 0.495927 0.0194444 0.476483 0.515372
84 0.485072 0.0124738 0.472598 0.497546
85 0.490867 0.0195378 0.47133 0.510405
86 0.491603 0.0227295 0.468874 0.514333
87 0.488015 0.0139437 0.474071 0.501958
88 0.485657 0.0165249 0.469132 0.502182
89 0.491138 0.0144396 0.476698 0.505577
90 0.488705 0.0186698 0.470035 0.507375
91 0.484952 0.0172392 0.467712 0.502191
92 0.534785 0.191153 0.343631 0.725938
93 0.486123 0.0152665 0.470856 0.501389
94 0.490267 0.0170371 0.47323 0.507304
95 0.489501 0.0187631 0.470738 0.508264
96 0.496137 0.0170348 0.479103 0.513172
97 0.49372 0.0171076 0.476612 0.510828
98 0.489501 0.0171196 0.472381 0.506621
99 0.489591 0.0167424 0.472849 0.506333
100 0.501558 0.0375195 0.464038 0.539077
101 0.490582 0.0171486 0.473433 0.507731
102 0.493225 0.0231344 0.47009 0.516359
103 0.492879 0.0177527 0.475127 0.510632
104 0.485492 0.0143423 0.47115 0.499834
105 0.487879 0.0122063 0.475673 0.500086
106 0.491678 0.0146365 0.477042 0.506315
107 0.487069 0.0111851 0.475884 0.498254
108 0.492129 0.0280043 0.464124 0.520133
109 0.510371 0.0331248 0.477246 0.543496
110 0.493465 0.0197439 0.473721 0.513209
111 0.48806 0.013088 0.474972 0.501148
112 0.485417 0.0195996 0.465817 0.505017
113 0.492339 0.0207407 0.471598 0.513079
114 0.489831 0.0145157 0.475316 0.504347
115 0.481198 0.0098165 0.471382 0.491015
116 0.475462 0.016571 0.458891 0.492034
117 0.489501 0.024989 0.464512 0.51449
118 0.479787 0.0238152 0.455971 0.503602
119 0.477985 0.0111362 0.466849 0.489121
120 0.493825 0.0326614 0.461164 0.526487
121 0.484051 0.0202176 0.463833 0.504268
122 0.527668 0.164773 0.362894 0.692441
123 0.475763 0.015392 0.460371 0.491155
124 0.479667 0.0204627 0.459204 0.500129
125 0.470162 0.0126468 0.457516 0.482809
126 0.479832 0.0186179 0.461214 0.49845
127 0.469487 0.0218893 0.447597 0.491376
128 0.477985 0.0152835 0.462701 0.493268
129 0.475538 0.020907 0.454631 0.496445
130 0.482414 0.0185433 0.463871 0.500957
131 0.473285 0.0197176 0.453568 0.493003
132 0.481483 0.0275012 0.453982 0.508984
133 0.477489 0.0128553 0.464634 0.490345
134 0.485072 0.0211961 0.463876 0.506268
135 0.48881 0.0274408 0.46137 0.516251
136 0.479471 0.024493 0.454978 0.503964
137 0.490477 0.0368039 0.453673 0.527281
138 0.483931 0.0180649 0.465866 0.501996
139 0.476048 0.0131017 0.462946 0.48915
140 0.477595 0.0122249 0.46537 0.489819
141 0.533538 0.228398 0.30514 0.761937
142 0.476393 0.0157067 0.460687 0.4921
143 0.476213 0.0167647 0.459449 0.492978
144 0.476784 0.0163405 0.460443 0.493124
145 0.479111 0.0224951 0.456616 0.501606
146 0.483315 0.0159873 0.467328 0.499302
147 0.484201 0.0188563 0.465345 0.503057
148 0.471303 0.0158322 0.455471 0.487136
149 0.473586 0.0148735 0.458712 0.488459
150 0.470177 0.0177952 0.452382 0.487973
151 0.468165 0.0178374 0.450328 0.486003
152 0.474066 0.0180481 0.456018 0.492114
153 0.476814 0.0363052 0.440509 0.513119
154 0.473916 0.024186 0.44973 0.498102
155 0.475447 0.0214771 0.45397 0.496925
156 0.472324 0.0214917 0.450833 0.493816
157 0.466889 0.0129217 0.453968 0.479811
158 0.4677 0.0146406 0.453059 0.482341
159 0.46776 0.0174912 0.450269 0.485251
160 0.476754 0.0165272 0.460227 0.493281
161 0.472715 0.0150787 0.457636 0.487794
162 0.480387 0.0177691 0.462618 0.498156
163 0.480688 0.0188336 0.461854 0.499521
164 0.480988 0.0193151 0.461673 0.500303
165 0.478015 0.017214 0.460801 0.495229
166 0.480372 0.0190313 0.461341 0.499404
167 0.478225 0.0154713 0.462754 0.493696
168 0.475447 0.0179943 0.457453 0.493442
169 0.480342 0.0178027 0.462539 0.498145
170 0.464172 0.0196676 0.444504 0.483839
171 0.475267 0.0116863 0.463581 0.486954
172 0.484411 0.0247377 0.459673 0.509149
173 0.477354 0.0242116 0.453143 0.501566
174 0.471859 0.0116983 0.460161 0.483557
175 0.473886 0.0211472 0.452739 0.495033
176 0.471589 0.0243663 0.447222 0.495955
177 0.468751 0.028489 0.440262 0.49724
178 0.471409 0.0184504 0.452958 0.489859
179 0.460838 0.00975143 0.451087 0.47059
180 0.468421 0.0201643 0.448256 0.488585
181 0.471318 0.0253223 0.445996 0.496641
182 0.459893 0.0109577 0.448935 0.47085
183 0.468391 0.0181836 0.450207 0.486574
184 0.460328 0.0124305 0.447897 0.472758
185 0.459847 0.0126796 0.447168 0.472527
186 0.461769 0.0178269 0.443942 0.479596
187 0.457851 0.0108703 0.44698 0.468721
188 0.460703 0.01385 0.446853 0.474553
189 0.460778 0.0194722 0.441306 0.480251
190 0.461574 0.0202709 0.441303 0.481845
191 0.464667 0.0165373 0.44813 0.481204
192 0.46731 0.017263 0.450047 0.484573
193 0.466694 0.0213624 0.445332 0.488056
194 0.463916 0.0185895 0.445327 0.482506
195 0.47264 0.023497 0.449143 0.496137
196 0.463751 0.0146498 0.449101 0.478401
197 0.483916 0.0302708 0.453645 0.514186
198 0.473946 0.0196895 0.454257 0.493635
199 0.475868 0.0162523 0.459616 0.49212
200 0.481648 0.015903 0.465745 0.497551
201 0.481739 0.0179202 0.463818 0.499659
202 0.483255 0.0171775 0.466077 0.500432
203 0.486843 0.02136 0.465483 0.508203
204 0.48378 0.017847 0.465934 0.501627
205 0.484847 0.0138007 0.471046 0.498647
206 0.487459 0.0203998 0.467059 0.507859
207 0.488975 0.0225841 0.466391 0.51156
208 0.484261 0.019591 0.46467 0.503852
209 0.480372 0.0164031 0.463969 0.496775
210 0.497969 0.0303646 0.467605 0.528334
211 0.486078 0.014634 0.471444 0.500712
212 0.483075 0.0208788 0.462196 0.503954
213 0.479621 0.0131448 0.466477 0.492766
214 0.484877 0.0205034 0.464373 0.50538
215 0.475718 0.025104 0.450614 0.500822
216 0.476243 0.0152763 0.460967 0.49152
217 0.482369 0.0219768 0.460392 0.504346
218 0.482489 0.0138699 0.468619 0.496359
219 0.480868 0.0288107 0.452057 0.509678
220 0.481678 0.0111299 0.470549 0.492808
221 0.486348 0.0299789 0.456369 0.516327
222 0.487324 0.0241784 0.463145 0.511502
223 0.486783 0.0243633 0.46242 0.511147
224 0.498179 0.0253882 0.472791 0.523568
225 0.482189 0.018995 0.463194 0.501184
226 0.486828 0.0174967 0.469332 0.504325
227 0.481498 0.0197417 0.461757 0.50124
228 0.49378 0.0249461 0.468834 0.518726
229 0.493705 0.0231386 0.470566 0.516844
230 0.483 0.01836 0.46464 0.50136
231 0.48318 0.0156354 0.467545 0.498815
232 0.482264 0.0154285 0.466836 0.497693
233 0.485702 0.0231465 0.462556 0.508849
234 0.481468 0.0166532 0.464815 0.498122
235 0.489531 0.0235465 0.465985 0.513078
236 0.490507 0.0176647 0.472842 0.508172
237 0.486468 0.0224613 0.464007 0.508929
238 0.489621 0.0144948 0.475126 0.504116
239 0.497594 0.0258202 0.471774 0.523414
240 0.497008 0.0229639 0.474044 0.519972
241 0.486738 0.0137888 0.47295 0.500527
242 0.48836 0.0199477 0.468412 0.508308
243 0.486813 0.0178906 0.468923 0.504704
244 0.514365 0.166437 0.347928 0.680802
245 0.476619 0.0180547 0.458564 0.494673
246 0.479817 0.0171686 0.462648 0.496985
247 0.486228 0.0463672 0.439861 0.532595
248 0.484546 0.0226933 0.461853 0.507239
249 0.481844 0.0200179 0.461826 0.501862
250 0.484291 0.0159303 0.468361 0.500221
251 0.475297 0.0179498 0.457348 0.493247
252 0.474487 0.0176556 0.456831 0.492142
253 0.465493 0.0157771 0.449716 0.48127
254 0.465973 0.0140055 0.451968 0.479979
255 0.461379 0.0190636 0.442315 0.480443
256 0.475523 0.0260877 0.449435 0.50161
257 0.47758 0.0218913 0.455688 0.499471
258 0.475222 0.0237379 0.451484 0.49896
259 0.470328 0.01609 0.454238 0.486418
260 0.485898 0.0318231 0.454074 0.517721
261 0.473826 0.0144463 0.45938 0.488272
262 0.481063 0.0295383 0.451525 0.510601
263 0.47788 0.021061 0.456819 0.498941
264 0.468195 0.0143264 0.453869 0.482522
265 0.461949 0.0141264 0.447823 0.476076
266 0.46725 0.0193622 0.447887 0.486612
267 0.459232 0.0181062 0.441126 0.477338
268 0.461679 0.0247245 0.436955 0.486404
269 0.472595 0.0199828 0.452612 0.492578
270 0.456274 0.00930628 0.446968 0.46558
271 0.461934 0.0111322 0.450802 0.473067
272 0.473766 0.0257481 0.448018 0.499514
273 0.468376 0.0183439 0.450032 0.48672
274 0.463766 0.0182504 0.445516 0.482017
275 0.469141 0.0203768 0.448765 0.489518
276 0.466589 0.0199943 0.446595 0.486583
277 0.465012 0.0201902 0.444822 0.485203
278 0.457836 0.0142257 0.44361 0.472061
279 0.464892 0.0121156 0.452777 0.477008
280 0.462625 0.0215067 0.441118 0.484132
281 0.462625 0.0134154 0.44921 0.476041
282 0.473195 0.012935 0.46026 0.48613
283 0.47252 0.0176051 0.454915 0.490125
284 0.474051 0.0139908 0.46006 0.488042
285 0.464622 0.012688 0.451934 0.47731
286 0.477715 0.0144664 0.463248 0.492181
287 0.481123 0.0204901 0.460633 0.501613
288 0.483075 0.0174935 0.465581 0.500568
289 0.481513 0.0295452 0.451968 0.511059
290 0.480432 0.0212423 0.45919 0.501675
291 0.479021 0.0218276 0.457193 0.500849
292 0.481003 0.0165624 0.46444 0.497565
293 0.486258 0.0269073 0.459351 0.513165
294 0.481438 0.0148115 0.466627 0.49625
295 0.475628 0.0207864 0.454841 0.496414
296 0.474817 0.0180432 0.456774 0.49286
297 0.473135 0.0149466 0.458189 0.488082
298 0.482594 0.0137285 0.468866 0.496323
299 0.481739 0.0190495 0.462689 0.500788
300 0.487534 0.0229066 0.464627 0.510441
301 0.484651 0.0187284 0.465923 0.50338
302 0.470763 0.0188516 0.451911 0.489615
303 0.481213 0.0212796 0.459933 0.502493
304 0.468541 0.0190765 0.449464 0.487617
305 0.478255 0.0215155 0.45674 0.499771
306 0.477174 0.0275548 0.449619 0.504729
307 0.477429 0.0327151 0.444714 0.510144
308 0.470883 0.0119566 0.458926 0.48284
309 0.473796 0.0194425 0.454353 0.493238
310 0.487924 0.0329107 0.455014 0.520835
311 0.473105 0.0171063 0.455999 0.490212
312 0.474216 0.0207746 0.453442 0.494991
313 0.464172 0.0152486 0.448923 0.47942
314 0.466003 0.0167768 0.449227 0.48278
315 0.470928 0.0190002 0.451928 0.489928
316 0.476093 0.0159627 0.46013 0.492056
317 0.474817 0.0161031 0.458714 0.49092
318 0.475432 0.0216508 0.453782 0.497083
319 0.472039 0.0161754 0.455864 0.488215
320 0.470583 0.0129204 0.457662 0.483503
321 0.468436 0.0133554 0.45508 0.481791
322 0.474261 0.0464266 0.427835 0.520688
323 0.474547 0.0161191 0.458427 0.490666
324 0.485988 0.0221808 0.463807 0.508168
325 0.474231 0.0174736 0.456758 0.491705
326 0.482219 0.0205316 0.461687 0.502751
327 0.498855 0.0169627 0.481892 0.515818
328 0.491903 0.0138266 0.478077 0.50573
329 0.490327 0.0194248 0.470902 0.509752
330 0.495357 0.0121268 0.48323 0.507483
331 0.492264 0.0203327 0.471931 0.512596
332 0.562036 0.243422 0.318614 0.805458
333 0.502819 0.0253328 0.477486 0.528152
334 0.494741 0.0171113 0.47763 0.511852
335 0.492759 0.0229531 0.469806 0.515712
336 0.50453 0.0437218 0.460809 0.548252
337 0.498179 0.0279957 0.470184 0.526175
338 0.496663 0.019943 0.47672 0.516606
339 0.49396 0.0170125 0.476948 0.510973
340 0.495462 0.0132197 0.482242 0.508681
341 0.484922 0.0162462 0.468675 0.501168
342 0.495882 0.0224027 0.473479 0.518285
343 0.496813 0.0274853 0.469328 0.524298
344 0.493705 0.0189971 0.474708 0.512702
345 0.500131 0.0227894 0.477342 0.522921
346 0.491047 0.0193226 0.471725 0.51037
347 0.496002 0.0232098 0.472792 0.519212
348 0.496227 0.0329204 0.463307 0.529148
349 0.485237 0.0125012 0.472736 0.497738
350 0.490192 0.0118694 0.478322 0.502061
351 0.480267 0.0140916 0.466175 0.494359
352 0.49405 0.0172725 0.476778 0.511323
353 0.49393 0.0226033 0.471327 0.516534
354 0.482549 0.015314 0.467235 0.497863
355 0.494606 0.0239938 0.470612 0.5186
356 0.491123 0.0188074 0.472315 0.50993
357 0.492684 0.0212037 0.47148 0.513888
358 0.486843 0.016894 0.469949 0.503737
359 0.490687 0.0194789 0.471208 0.510166
360 0.482775 0.0143411 0.468433 0.497116
361 0.48797 0.0196732 0.468296 0.507643
362 0.491558 0.0237284 0.46783 0.515286
363 0.487759 0.0177575 0.470002 0.505517
364 0.481829 0.0130148 0.468814 0.494843
365 0.482654 0.0109637 0.471691 0.493618
366 0.48857 0.0215113 0.467059 0.510081
367 0.495807 0.0312368 0.46457 0.527044
368 0.494351 0.0168857 0.477465 0.511236
369 0.488315 0.015512 0.472803 0.503827
370 0.500221 0.0247123 0.475509 0.524934
371 0.477549 0.0169239 0.460626 0.494473
372 0.478751 0.0189311 0.45982 0.497682
373 0.473661 0.0183921 0.455269 0.492053
374 0.473736 0.0171355 0.4566 0.490871
375 0.47788 0.0194536 0.458426 0.497333
376 0.473015 0.0132146 0.459801 0.48623
377 0.479096 0.0156616 0.463434 0.494758
378 0.479021 0.0259074 0.453114 0.504928
379 0.485192 0.0166466 0.468545 0.501838
380 0.47818 0.0148694 0.463311 0.49305
381 0.470883 0.0108379 0.460045 0.481721
382 0.465223 0.013431 0.451792 0.478654
383 0.477324 0.0182882 0.459036 0.495612
384 0.474231 0.0153966 0.458835 0.489628
385 0.48351 0.0237814 0.459729 0.507292
386 0.478811 0.0140176 0.464793 0.492828
387 0.47776 0.0124857 0.465274 0.490245
388 0.473616 0.0184876 0.455128 0.492103
389 0.479456 0.0269883 0.452468 0.506445
390 0.475583 0.0129587 0.462624 0.488541
391 0.475432 0.0106393 0.464793 0.486072
392 0.47249 0.0211812 0.451308 0.493671
393 0.471213 0.0221685 0.449045 0.493382
394 0.470583 0.0146438 0.455939 0.485227
395 0.474051 0.02382 0.450231 0.497871
396 0.474171 0.0147623 0.459409 0.488934
397 0.467475 0.0121659 0.455309 0.479641
398 0.467114 0.0154105 0.451704 0.482525
399 0.468841 0.0203863 0.448455 0.489227
400 0.472294 0.0167949 0.4555 0.489089
401 0.46797 0.0207435 0.447227 0.488714
402 0.475988 0.0326214 0.443367 0.508609
403 0.46282 0.0151671 0.447653 0.477987
404 0.467925 0.0133184 0.454607 0.481244
405 0.463721 0.0136177 0.450104 0.477339
406 0.478721 0.0285624 0.450158 0.507283
407 0.46719 0.0189593 0.44823 0.486149
408 0.467685 0.0159689 0.451716 0.483654
409 0.482309 0.0214498 0.460859 0.503759
410 0.48288 0.0272765 0.455603 0.510156
411 0.477474 0.0214528 0.456022 0.498927
412 0.491588 0.0236508 0.467937 0.515239
413 0.489096 0.0213602 0.467735 0.510456
414 0.4836 0.0159033 0.467697 0.499504
415 0.483435 0.0182863 0.465149 0.501721
416 0.492414 0.0253218 0.467092 0.517736
417 0.491078 0.0182738 0.472804 0.509351
418 0.478976 0.0164229 0.462553 0.495399
419 0.475538 0.0119084 0.463629 0.487446
420 0.488255 0.0309161 0.457339 0.519171
421 0.495462 0.0204744 0.474987 0.515936
422 0.480928 0.0218394 0.459088 0.502767
423 0.487624 0.0184887 0.469135 0.506113
424 0.484952 0.0208348 0.464117 0.505786
425 0.478916 0.0144748 0.464441 0.493391
426 0.485913 0.0216515 0.464261 0.507564
427 0.477519 0.0155333 0.461986 0.493053
428 0.481168 0.0200741 0.461094 0.501242
429 0.480793 0.0414484 0.439344 0.522241
430 0.468616 0.0146159 0.454 0.483232
431 0.471108 0.0163177 0.454791 0.487426
432 0.476694 0.0225764 0.454117 0.49927
433 0.477129 0.0196791 0.45745 0.496808
434 0.472204 0.0190662 0.453138 0.491271
435 0.476544 0.0185979 0.457946 0.495141
436 0.47779 0.0182848 0.459505 0.496075
437 0.474982 0.0155641 0.459418 0.490546
438 0.469652 0.0121615 0.45749 0.481813
439 0.471994 0.0172324 0.454762 0.489227
440 0.47246 0.0205364 0.451923 0.492996
441 0.470988 0.0177723 0.453216 0.48876
442 0.475883 0.0165584 0.459325 0.492441
443 0.466108 0.00972797 0.456381 0.475836
444 0.471364 0.013061 0.458302 0.484425
445 0.471739 0.0200371 0.451702 0.491776
446 0.471634 0.0197554 0.451878 0.491389
447 0.470718 0.0332768 0.437441 0.503995
448 0.485387 0.0492354 0.436152 0.534622
449 0.473646 0.0229638 0.450682 0.49661
450 0.483225 0.0300492 0.453176 0.513274
451 0.478601 0.012684 0.465917 0.491285
452 0.482339 0.0204582 0.461881 0.502797
453 0.484111 0.0223101 0.461801 0.506421
454 0.481724 0.0170794 0.464644 0.498803
455 0.498615 0.0227641 0.475851 0.521379
456 0.494351 0.0142537 0.480097 0.508604
457 0.48818 0.0135134 0.474666 0.501693
458 0.494065 0.0245887 0.469477 0.518654
459 0.496573 0.0144592 0.482114 0.511032
460 0.488375 0.016461 0.471914 0.504836
461 0.497789 0.0167092 0.48108 0.514498
462 0.490312 0.026004 0.464308 0.516316
463 0.497954 0.0125999 0.485354 0.510554
464 0.49935 0.0155557 0.483795 0.514906
465 0.496768 0.019073 0.477695 0.515841
466 0.489606 0.018816 0.47079 0.508422
467 0.494861 0.0147803 0.480081 0.509641
468 0.48875 0.0155207 0.47323 0.504271
469 0.491888 0.0159726 0.475916 0.507861
470 0.487219 0.0190461 0.468173 0.506265
471 0.499546 0.0259778 0.473568 0.525523
472 0.486858 0.0154496 0.471409 0.502308
473 0.490807 0.0233248 0.467482 0.514132
474 0.487684 0.015172 0.472512 0.502856
475 0.494336 0.0202824 0.474053 0.514618
476 0.490912 0.0189949 0.471917 0.509907
477 0.48297 0.0138925 0.469077 0.496862
478 0.490627 0.0175082 0.473119 0.508135
479 0.488195 0.0162464 0.471948 0.504441
480 0.497278 0.0181917 0.479087 0.51547
481 0.490177 0.014067 0.47611 0.504244
482 0.492114 0.0201721 0.471941 0.512286
483 0.49911 0.0126375 0.486473 0.511748
484 0.488991 0.0180304 0.47096 0.507021
485 0.498254 0.0147567 0.483498 0.513011
486 0.498825 0.0265344 0.472291 0.525359
487 0.489591 0.0175294 0.472062 0.50712
488 0.489561 0.0153771 0.474184 0.504938
489 0.48848 0.0133438 0.475136 0.501824
490 0.496363 0.0349221 0.46144 0.531285
491 0.486093 0.0143232 0.47177 0.500416
492 0.486708 0.013127 0.473581 0.499835
493 0.497954 0.0229233 0.475031 0.520877
494 0.484351 0.0104103 0.473941 0.494761
495 0.487684 0.0149839 0.4727 0.502668
496 0.488375 0.0117697 0.476605 0.500145
497 0.486153 0.0114664 0.474686 0.497619
498 0.47309 0.0131667 0.459923 0.486257
499 0.476198 0.0148501 0.461348 0.491048
500 0.477369 0.0217769 0.455592 0.499146
501 0.473961 0.0121342 0.461827 0.486095
502 0.483931 0.0241206 0.45981 0.508051
503 0.479847 0.0121041 0.467743 0.491951
504 0.469262 0.0146614 0.4546 0.483923
505 0.471228 0.016293 0.454935 0.487521
506 0.476799 0.0191123 0.457686 0.495911
507 0.480838 0.0156081 0.46523 0.496446
508 0.480988 0.0187979 0.46219 0.499786
509 0.477099 0.019878 0.457221 0.496977
510 0.470853 0.0157736 0.455079 0.486627
511 0.474276 0.0164276 0.457849 0.490704
512 0.481258 0.0211797 0.460078 0.502438
513 0.471198 0.0139194 0.457279 0.485118
514 0.487669 0.0202491 0.46742 0.507918
515 0.470553 0.0114086 0.459144 0.481961
516 0.474637 0.0173528 0.457284 0.49199
517 0.47794 0.0213884 0.456551 0.499328
518 0.481693 0.0188724 0.462821 0.500566
519 0.473135 0.018263 0.454872 0.491398
520 0.470778 0.0159563 0.454822 0.486734
521 0.474772 0.0179894 0.456782 0.492761
522 0.472129 0.0146222 0.457507 0.486751
523 0.479066 0.023802 0.455264 0.502868
524 0.478435 0.0252468 0.453189 0.503682
525 0.467925 0.012157 0.455768 0.480082
526 0.469337 0.0144425 0.454894 0.483779
527 0.466814 0.0238535 0.442961 0.490668
528 0.475553 0.0196932 0.455859 0.495246
529 0.469742 0.0260358 0.443706 0.495778
530 0.466229 0.0143736 0.451855 0.480602
531 0.469937 0.0134627 0.456474 0.4834
532 0.475508 0.0164539 0.459054 0.491961
533 0.471724 0.0173939 0.45433 0.489118
534 0.476333 0.0246132 0.45172 0.500947
535 0.479997 0.0246331 0.455364 0.50463
536 0.473661 0.0137987 0.459862 0.487459
537 0.471994 0.0158328 0.456161 0.487827
538 0.481243 0.0220577 0.459185 0.503301
539 0.483435 0.0175501 0.465885 0.500985
540 0.479006 0.0208944 0.458111 0.4999
541 0.477565 0.0148891 0.462675 0.492454
542 0.476829 0.0189429 0.457886 0.495772
543 0.479201 0.0161612 0.46304 0.495362
544 0.48881 0.0199909 0.468819 0.508801
545 0.48309 0.0178155 0.465274 0.500905
546 0.483765 0.0151751 0.46859 0.498941
547 0.484171 0.013874 0.470297 0.498045
548 0.493465 0.0253948 0.46807 0.51886
549 0.479967 0.0139956 0.465971 0.493962
550 0.488405 0.0172161 0.471189 0.505621
551 0.485117 0.0195708 0.465546 0.504688
552 0.486363 0.0181428 0.46822 0.504506
553 0.48809 0.0155538 0.472536 0.503643
554 0.48303 0.0182465 0.464783 0.501276
555 0.486543 0.0170946 0.469449 0.503638
556 0.484231 0.0289961 0.455235 0.513227
557 0.474802 0.0125693 0.462233 0.487371
558 0.474036 0.014221 0.459815 0.488257
559 0.47788 0.0240938 0.453786 0.501974
560 0.46776 0.0135354 0.454225 0.481295
561 0.475838 0.0162279 0.45961 0.492066
562 0.496888 0.0733244 0.423564 0.570213
563 0.474426 0.0160538 0.458373 0.49048
564 0.470853 0.0128245 0.458029 0.483678
565 0.468931 0.0184489 0.450482 0.48738
566 0.471874 0.0157164 0.456158 0.48759
567 0.470673 0.0145782 0.456095 0.485251
568 0.469742 0.0125954 0.457147 0.482337
569 0.470763 0.015313 0.45545 0.486076
570 0.475192 0.0208724 0.45432 0.496065
571 0.474141 0.0179947 0.456147 0.492136
572 0.476303 0.024028 0.452275 0.500331
573 0.476844 0.0268354 0.450008 0.503679
574 0.46815 0.0113173 0.456833 0.479468
575 0.466018 0.012245 0.453773 0.478263
576 0.48309 0.0307697 0.45232 0.51386
577 0.470898 0.0261631 0.444735 0.497061
578 0.468541 0.0125412 0.456 0.481082
579 0.476994 0.0204824 0.456512 0.497476
580 0.472925 0.0148143 0.458111 0.487739
581 0.473375 0.0210869 0.452289 0.494462
582 0.492579 0.0183317 0.474247 0.510911
583 0.497564 0.0204173 0.477146 0.517981
584 0.48306 0.0122933 0.470767 0.495353
585 0.493405 0.0266194 0.466785 0.520024
586 0.49926 0.0185508 0.48071 0.517811
587 0.500146 0.0215624 0.478584 0.521709
588 0.497654 0.0194776 0.478176 0.517131
589 0.48866 0.0143125 0.474348 0.502973
590 0.506587 0.0460832 0.460504 0.552671
591 0.49324 0.0152789 0.477961 0.508519
592 0.492174 0.013393 0.478781 0.505567
593 0.497564 0.0206787 0.476885 0.518242
594 0.486633 0.0117832 0.47485 0.498416
595 0.491813 0.0188914 0.472922 0.510705
596 0.492564 0.0147976 0.477766 0.507362
597 0.491468 0.0140939 0.477374 0.505562
598 0.477144 0.0127212 0.464423 0.489865
599 0.484922 0.0130293 0.471892 0.497951
600 0.486228 0.014542 0.471686 0.50077
601 0.479516 0.0129387 0.466578 0.492455
602 0.486018 0.0183968 0.467621 0.504414
603 0.486138 0.0155968 0.470541 0.501735
604 0.481138 0.0181499 0.462988 0.499288
605 0.480733 0.0138696 0.466863 0.494602
606 0.484441 0.0112602 0.473181 0.495701
607 0.486573 0.0148848 0.471688 0.501458
608 0.49875 0.0224738 0.476276 0.521224
609 0.481048 0.0133037 0.467744 0.494352
610 0.487879 0.0204629 0.467417 0.508342
611 0.486003 0.0215948 0.464408 0.507597
612 0.487129 0.0144998 0.472629 0.501629
613 0.486964 0.0260803 0.460883 0.513044
614 0.484006 0.0178359 0.46617 0.501842
615 0.485852 0.0238783 0.461974 0.509731
616 0.478931 0.0161146 0.462816 0.495045
617 0.484922 0.0230326 0.461889 0.507954
618 0.487084 0.0178278 0.469256 0.504911
619 0.482444 0.0136218 0.468822 0.496066
620 0.486979 0.0245178 0.462461 0.511496
621 0.482654 0.0153586 0.467296 0.498013
622 0.506512 0.135943 0.370569 0.642455
623 0.476228 0.0106231 0.465605 0.486851
624 0.480973 0.0180326 0.46294 0.499005
625 0.482339 0.0186687 0.46367 0.501008
626 0.472249 0.0176633 0.454586 0.489913
627 0.472279 0.0258883 0.446391 0.498168
628 0.468436 0.0141762 0.45426 0.482612
629 0.470793 0.01846 0.452333 0.489253
630 0.466559 0.0149835 0.451575 0.481542
631 0.478075 0.0340794 0.443996 0.512154
632 0.468271 0.0161951 0.452075 0.484466
633 0.48854 0.041891 0.446649 0.530431
634 0.471018 0.014965 0.456053 0.485983
635 0.465012 0.0191864 0.445826 0.484199
636 0.460148 0.0170839 0.443064 0.477232
637 0.466199 0.0246265 0.441572 0.490825
638 0.465178 0.0157893 0.449388 0.480967
639 0.470688 0.0156541 0.455034 0.486342
640 0.476829 0.022073 0.454756 0.498902
641 0.469036 0.0179113 0.451125 0.486948
642 0.469697 0.0129415 0.456755 0.482638
643 0.46758 0.0170964 0.450483 0.484676
644 0.463811 0.011899 0.451912 0.47571
645 0.468526 0.0137783 0.454748 0.482304
646 0.47339 0.0167152 0.456675 0.490106
647 0.475478 0.0176529 0.457825 0.49313
648 0.47315 0.0187574 0.454393 0.491908
649 0.474877 0.0183576 0.456519 0.493234
650 0.465988 0.0128752 0.453113 0.478864
651 0.473766 0.0320288 0.441737 0.505795
652 0.456875 0.0160137 0.440861 0.472888
653 0.460313 0.0177927 0.44252 0.478106
654 0.463106 0.0145808 0.448525 0.477686
655 0.458271 0.0128592 0.445412 0.47113
656 0.462625 0.0102694 0.452356 0.472895
657 0.458601 0.0111535 0.447448 0.469755
658 0.458902 0.0150449 0.443857 0.473946
659 0.461274 0.0168282 0.444446 0.478102
660 0.463301 0.0191817 0.444119 0.482482
661 0.470147 0.0186982 0.451449 0.488846
662 0.468195 0.0236865 0.444509 0.491882
663 0.464967 0.015247 0.44972 0.480214
664 0.468691 0.0174908 0.4512 0.486182
665 0.465748 0.0118992 0.453849 0.477647
666 0.461769 0.0123994 0.44937 0.474169
667 0.462115 0.0137045 0.44841 0.475819
668 0.465823 0.0155156 0.450308 0.481339
669 0.476889 0.0152368 0.461652 0.492126
670 0.465643 0.0113147 0.454328 0.476958
671 0.472985 0.0138586 0.459127 0.486844
672 0.482114 0.0161715 0.465942 0.498285
673 0.480342 0.0207505 0.459592 0.501093
674 0.489996 0.0157613 0.474235 0.505758
675 0.482579 0.0123457 0.470234 0.494925
676 0.481784 0.0188765 0.462907 0.50066
677 0.480267 0.0161566 0.46411 0.496424
678 0.479817 0.0142469 0.46557 0.494064
679 0.471709 0.0173798 0.454329 0.489089
680 0.480522 0.0180267 0.462496 0.498549
681 0.476859 0.0188241 0.458035 0.495683
682 0.478766 0.0182672 0.460499 0.497033
683 0.471093 0.0142811 0.456812 0.485374
684 0.469201 0.0216019 0.4476 0.490803
685 0.466349 0.0155659 0.450783 0.481915
686 0.475553 0.0232122 0.45234 0.498765
687 0.46755 0.016106 0.451444 0.483656
688 0.466859 0.0175141 0.449345 0.484373
689 0.467775 0.0139519 0.453823 0.481727
690 0.469502 0.0261459 0.443356 0.495648
691 0.473045 0.0211191 0.451926 0.494164
692 0.467054 0.0150837 0.451971 0.482138
693 0.475252 0.0197599 0.455492 0.495012
694 0.459157 0.0137497 0.445407 0.472906
695 0.467009 0.0186667 0.448343 0.485676
696 0.471499 0.0224507 0.449048 0.493949
697 0.454667 0.0122759 0.442392 0.466943
698 0.469322 0.0168451 0.452476 0.486167
699 0.468946 0.0269609 0.441985 0.495907
700 0.454953 0.0110032 0.44395 0.465956
701 0.4627 0.0179032 0.444797 0.480603
702 0.464607 0.0165027 0.448104 0.48111
703 0.46201 0.0104389 0.451571 0.472448
704 0.465163 0.0174358 0.447727 0.482598
705 0.480012 0.0218821 0.45813 0.501894
706 0.485477 0.0211988 0.464278 0.506676
707 0.476964 0.0193569 0.457607 0.496321
708 0.487294 0.0185137 0.46878 0.505808
709 0.482639 0.0154562 0.467183 0.498096
710 0.498119 0.0239228 0.474196 0.522042
711 0.489861 0.0125088 0.477353 0.50237
712 0.494606 0.0265242 0.468082 0.52113
713 0.488991 0.0145373 0.474453 0.503528
714 0.497354 0.0221915 0.475162 0.519545
715 0.493495 0.0157563 0.477739 0.509251
716 0.486378 0.0122892 0.474089 0.498667
717 0.504606 0.0761088 0.428497 0.580714
718 0.494516 0.0145461 0.47997 0.509062
719 0.491078 0.0185576 0.47252 0.509635
720 0.494606 0.0217265 0.472879 0.516332
721 0.49402 0.0284095 0.465611 0.52243
722 0.490657 0.0253182 0.465339 0.515975
723 0.494246 0.0250517 0.469194 0.519297
724 0.495176 0.0252839 0.469893 0.52046
725 0.495146 0.0191955 0.475951 0.514342
726 0.495657 0.018402 0.477255 0.514059
727 0.487774 0.0176508 0.470124 0.505425
728 0.489576 0.0209158 0.46866 0.510492
729 0.489216 0.0156131 0.473603 0.504829
730 0.485672 0.0156396 0.470033 0.501312
731 0.48375 0.0164106 0.46734 0.500161
732 0.490162 0.0229987 0.467163 0.51316
733 0.491213 0.0154661 0.475747 0.506679
734 0.490162 0.0158298 0.474332 0.505991
735 0.486093 0.0166583 0.469434 0.502751
736 0.48839 0.0122874 0.476102 0.500677
737 0.503855 0.0290401 0.474815 0.532895
738 0.500537 0.0304876 0.470049 0.531024
739 0.485837 0.0145651 0.471272 0.500403
740 0.492324 0.0147657 0.477558 0.507089
741 0.498254 0.0183427 0.479912 0.516597
742 0.49318 0.0179811 0.475198 0.511161
743 0.512833 0.0600726 0.452761 0.572906
744 0.489381 0.0205546 0.468826 0.509935
745 0.486919 0.0207414 0.466177 0.50766
746 0.488991 0.0178871 0.471103 0.506878
747 0.491528 0.0170492 0.474479 0.508577
748 0.491032 0.0192526 0.47178 0.510285
749 0.487444 0.0152687 0.472175 0.502713
750 0.490942 0.0353112 0.455631 0.526254
751 0.488615 0.0196709 0.468944 0.508286
752 0.491213 0.0201199 0.471093 0.511333
753 0.476408 0.0150185 0.46139 0.491427
754 0.478225 0.02075 0.457475 0.498975
755 0.47824 0.017095 0.461145 0.495335
756 0.476769 0.0135753 0.463193 0.490344
757 0.468556 0.0247965 0.443759 0.493352
758 0.468045 0.0182928 0.449753 0.486338
759 0.479186 0.0181795 0.461007 0.497366
760 0.474922 0.0271169 0.447805 0.502039
761 0.464922 0.0123717 0.452551 0.477294
762 0.472084 0.0198068 0.452277 0.491891
763 0.474216 0.0228377 0.451379 0.497054
764 0.469892 0.0227068 0.447185 0.492599
765 0.461259 0.0147214 0.446537 0.47598
766 0.462205 0.0165218 0.445683 0.478727
767 0.468676 0.0149416 0.453734 0.483618
768 0.472385 0.0126378 0.459747 0.485022
769 0.472775 0.0233283 0.449447 0.496103
770 0.464907 0.0132232 0.451684 0.47813
771 0.466904 0.0113198 0.455584 0.478224
772 0.476514 0.0206952 0.455818 0.497209
773 0.476423 0.0168313 0.459592 0.493255
774 0.478661 0.0266661 0.451994 0.505327
775 0.475432 0.0199347 0.455498 0.495367
776 0.469742 0.0178246 0.451917 0.487567
777 0.472174 0.0176133 0.454561 0.489788
778 0.473315 0.016567 0.456748 0.489882
779 0.465163 0.0166949 0.448468 0.481858
780 0.465403 0.0125721 0.452831 0.477975
781 0.469712 0.0191083 0.450604 0.48882
782 0.471018 0.0194888 0.451529 0.490507
783 0.472054 0.0127738 0.45928 0.484828
784 0.473015 0.045262 0.427753 0.518277
785 0.477009 0.031727 0.445282 0.508736
786 0.466093 0.0125829 0.453511 0.478676
787 0.468856 0.0221877 0.446668 0.491044
788 0.472009 0.0168888 0.45512 0.488898
789 0.470222 0.0146056 0.455617 0.484828
790 0.47282 0.020722 0.452098 0.493542
791 0.473556 0.0277807 0.445775 0.501336
792 0.48327 0.0168286 0.466441 0.500099
793 0.474457 0.0185643 0.455892 0.493021
794 0.488135 0.0530673 0.435067 0.541202
795 0.476799 0.023726 0.453073 0.500525
796 0.468841 0.0154633 0.453378 0.484304
797 0.477114 0.0192939 0.45782 0.496408
798 0.494471 0.0581012 0.43637 0.552572
799 0.472279 0.016708 0.455571 0.488987
