# ../output/graphs/perf_serial7BIPED
# step - mean (0.0254826) - standard deviation (0.00422503) r=20 - ylow - yhigh
0 0.0300854 0.0093433 0.0207421 0.0394287
1 0.025317 0.000628492 0.0246886 0.0259455
2 0.0276478 0.0056626 0.0219851 0.0333104
3 0.0266214 0.00549644 0.021125 0.0321178
4 0.025424 0.000532004 0.024892 0.025956
5 0.0253384 0.000466047 0.0248724 0.0258045
6 0.0254881 0.000580095 0.024908 0.0260682
7 0.0252957 0.00057813 0.0247175 0.0258738
8 0.0256592 0.00220977 0.0234494 0.027869
9 0.0255523 0.00234184 0.0232104 0.0278941
10 0.0251032 0.000489471 0.0246137 0.0255927
11 0.0249749 0.000414626 0.0245603 0.0253895
12 0.0249108 0.00050375 0.024407 0.0254145
13 0.0248894 0.00053415 0.0243552 0.0254235
14 0.0249749 0.000414618 0.0245603 0.0253896
15 0.0249749 0.0005307 0.0244442 0.0255056
16 0.0249963 0.000581258 0.0244151 0.0255776
17 0.0272843 0.00610901 0.0211753 0.0333933
18 0.0263648 0.00464995 0.0217149 0.0310148
19 0.0256378 0.00278624 0.0228516 0.028424
20 0.0262579 0.00434105 0.0219168 0.0305989
21 0.025146 0.000872231 0.0242738 0.0260182
22 0.0250391 0.00047763 0.0245615 0.0255167
23 0.0249749 0.000960092 0.0240148 0.025935
24 0.0249963 0.000891697 0.0241046 0.025888
25 0.0268994 0.00543457 0.0214648 0.0323339
26 0.0264717 0.0064118 0.0200599 0.0328835
27 0.0265572 0.00478111 0.0217761 0.0313384
28 0.0271346 0.00695179 0.0201828 0.0340864
29 0.0271132 0.00741258 0.0197006 0.0345258
30 0.0264289 0.00568731 0.0207416 0.0321162
31 0.0251674 0.00066629 0.0245011 0.0258337
32 0.031069 0.00790555 0.0231634 0.0389745
33 0.0253598 0.00052552 0.0248343 0.0258854
34 0.0251888 0.000854232 0.0243345 0.026043
35 0.0260227 0.00331057 0.0227121 0.0293333
36 0.0256592 0.00217641 0.0234828 0.0278356
37 0.0250177 0.000612304 0.0244054 0.02563
38 0.025146 0.00100839 0.0241376 0.0261544
39 0.0263434 0.00454682 0.0217966 0.0308902
40 0.0269421 0.00598407 0.0209581 0.0329262
41 0.0267925 0.00676622 0.0200262 0.0335587
42 0.0268352 0.00490194 0.0219333 0.0317371
43 0.0258089 0.00263717 0.0231717 0.028446
44 0.0254667 0.001472 0.0239947 0.0269387
45 0.0259585 0.00377232 0.0221862 0.0297309
46 0.0250177 0.000532429 0.0244853 0.0255501
47 0.0260227 0.00397574 0.0220469 0.0299984
48 0.0249963 0.000565347 0.024431 0.0255616
49 0.0260441 0.00513166 0.0209124 0.0311757
50 0.0263862 0.00598882 0.0203974 0.032375
51 0.0262151 0.00525525 0.0209599 0.0314704
52 0.0249749 0.000921211 0.0240537 0.0258961
53 0.0239272 0.000979642 0.0229475 0.0249068
54 0.0249322 0.00472572 0.0202064 0.0296579
55 0.0246328 0.00258154 0.0220513 0.0272143
56 0.0237775 0.00041461 0.0233629 0.0241921
57 0.0244403 0.00231988 0.0221205 0.0267602
58 0.0255309 0.00534156 0.0201893 0.0308724
59 0.0240555 0.000895775 0.0231597 0.0249512
60 0.0241838 0.000921936 0.0232618 0.0251057
61 0.0252315 0.00462381 0.0206077 0.0298553
62 0.0270277 0.00899352 0.0180341 0.0360212
63 0.0259585 0.00647029 0.0194882 0.0324288
64 0.0293584 0.00481422 0.0245441 0.0341726
65 0.0246542 0.0022026 0.0224516 0.0268568
66 0.0241624 0.000370374 0.023792 0.0245328
67 0.0242693 0.000964603 0.0233047 0.0252339
68 0.0242265 0.00043349 0.0237931 0.02466
69 0.0240982 0.000473797 0.0236244 0.024572
70 0.0246756 0.002029 0.0226466 0.0267046
71 0.0258944 0.00413847 0.0217559 0.0300329
72 0.0263648 0.00745917 0.0189056 0.033824
73 0.0281182 0.0067345 0.0213837 0.0348527
74 0.026878 0.00254183 0.0243361 0.0294198
75 0.0263006 0.00127221 0.0250284 0.0275728
76 0.0268138 0.00275199 0.0240618 0.0295658
77 0.0268994 0.00227864 0.0246207 0.029178
78 0.0268352 0.00255119 0.024284 0.0293864
79 0.0260868 0.00046849 0.0256183 0.0265553
80 0.0295294 0.0109411 0.0185883 0.0404706
81 0.0263648 0.000929852 0.025435 0.0272947
82 0.0272415 0.00504396 0.0221975 0.0322854
83 0.0262793 0.00092194 0.0253574 0.0272012
84 0.0263434 0.00145905 0.0248844 0.0278025
85 0.0260441 0.000403467 0.0256406 0.0264475
86 0.0263862 0.000525502 0.0258607 0.0269117
87 0.0269421 0.00259779 0.0243444 0.0295399
88 0.0270277 0.00392321 0.0231045 0.0309509
89 0.0268352 0.00263232 0.0242029 0.0294676
90 0.0263007 0.00089194 0.0254087 0.0271926
91 0.0274553 0.00527695 0.0221784 0.0327323
92 0.0268138 0.00273533 0.0240785 0.0295492
93 0.0271346 0.00516819 0.0219664 0.0323027
94 0.0272842 0.00508096 0.0222033 0.0323652
95 0.026322 0.000988935 0.0253331 0.027311
96 0.0339984 0.00855253 0.0254459 0.0425509
97 0.0291873 0.00393784 0.0252495 0.0331252
98 0.0290376 0.00566845 0.0233692 0.0347061
99 0.0266428 0.00568166 0.0209611 0.0323244
100 0.0253384 0.000424965 0.0249135 0.0257634
101 0.025424 0.000849671 0.0245743 0.0262736
102 0.0263862 0.00336218 0.023024 0.0297484
103 0.0255095 0.000899858 0.0246096 0.0264093
104 0.0262793 0.00291455 0.0233647 0.0291938
105 0.0256805 0.0014214 0.0242591 0.0271019
106 0.0262793 0.00301935 0.0232599 0.0292986
107 0.0255736 0.000923183 0.0246505 0.0264968
108 0.0264717 0.00502541 0.0214463 0.0314971
109 0.0253598 0.000834733 0.0245251 0.0261946
110 0.0255095 0.000987103 0.0245224 0.0264966
111 0.025595 0.000492726 0.0251023 0.0260878
112 0.0256806 0.000881378 0.0247992 0.0265619
113 0.0264503 0.0045546 0.0218957 0.0310049
114 0.028781 0.00856383 0.0202172 0.0373449
115 0.0285031 0.00897691 0.0195261 0.03748
116 0.0262793 0.00226887 0.0240104 0.0285481
117 0.0255523 0.000587528 0.0249647 0.0261398
118 0.0257875 0.000887841 0.0248996 0.0266753
119 0.0257233 0.000638246 0.0250851 0.0263616
120 0.0270277 0.00517193 0.0218557 0.0321996
121 0.0257447 0.000583246 0.0251615 0.0263279
122 0.0262151 0.0017895 0.0244256 0.0280046
123 0.0257875 0.00102192 0.0247656 0.0268094
124 0.0258089 0.00106719 0.0247417 0.026876
125 0.0257233 0.00107572 0.0246476 0.026799
126 0.0265358 0.00269277 0.0238431 0.0292286
127 0.0257875 0.000957208 0.0248303 0.0267447
128 0.0304917 0.00479486 0.0256968 0.0352865
129 0.0294225 0.00437085 0.0250517 0.0337934
130 0.0292942 0.00534568 0.0239486 0.0346399
131 0.0266855 0.0038236 0.0228619 0.0305091
132 0.0261937 0.00259385 0.0235999 0.0287876
133 0.0279044 0.0067182 0.0211862 0.0346226
134 0.0258302 0.00104227 0.024788 0.0268725
135 0.0260013 0.00111188 0.0248894 0.0271132
136 0.025873 0.00106912 0.0248039 0.0269421
137 0.0258302 0.00106828 0.024762 0.0268985
138 0.025702 0.000555949 0.025146 0.0262579
139 0.027049 0.00522869 0.0218203 0.0322777
140 0.0256592 0.00055759 0.0251016 0.0262168
141 0.0257875 0.0009947 0.0247928 0.0267822
142 0.0256806 0.00100725 0.0246733 0.0266878
143 0.0257233 0.000679892 0.0250434 0.0264032
144 0.0267497 0.00448216 0.0222675 0.0312319
145 0.026151 0.00222328 0.0239277 0.0283742
146 0.0265786 0.00473764 0.021841 0.0313163
147 0.0267069 0.00456503 0.0221419 0.031272
148 0.0257019 0.000964815 0.0247371 0.0266668
149 0.0256378 0.00106032 0.0245775 0.0266981
150 0.0286314 0.00798519 0.0206462 0.0366165
151 0.0260227 0.0023395 0.0236832 0.0283622
152 0.025873 0.00106055 0.0248125 0.0269336
153 0.0258516 0.00123557 0.024616 0.0270872
154 0.0256378 0.00101631 0.0246215 0.0266541
155 0.0256592 0.00102102 0.0246381 0.0266802
156 0.0256806 0.00104293 0.0246376 0.0267235
157 0.0260441 0.00184882 0.0241952 0.0278929
158 0.0257233 0.000996319 0.024727 0.0267196
159 0.0255095 0.000968362 0.0245411 0.0264779
160 0.0307055 0.0045633 0.0261422 0.0352688
161 0.0325016 0.0124056 0.020096 0.0449073
162 0.0292087 0.00437607 0.0248326 0.0335848
163 0.0254881 0.00092118 0.0245669 0.0264093
164 0.0266214 0.000983362 0.025638 0.0276048
165 0.027605 0.00546909 0.0221359 0.0330741
166 0.0272415 0.00329624 0.0239453 0.0305377
167 0.0253598 0.000470417 0.0248894 0.0258302
168 0.0251887 0.000504183 0.0246846 0.0256929
169 0.025146 0.000892972 0.024253 0.026039
170 0.0249749 0.00102459 0.0239503 0.0259995
171 0.0265572 0.00688228 0.019675 0.0334395
172 0.026151 0.00440354 0.0217474 0.0305545
173 0.0267069 0.00512911 0.0215778 0.031836
174 0.0259371 0.00406443 0.0218727 0.0300016
175 0.0254881 0.00237106 0.0231171 0.0278592
176 0.0252101 0.00163671 0.0235734 0.0268469
177 0.0250177 0.00107764 0.02394 0.0260953
178 0.0252529 0.00099814 0.0242548 0.0262511
179 0.0252743 0.00102012 0.0242542 0.0262944
180 0.0251887 0.00102013 0.0241686 0.0262089
181 0.0252101 0.000901866 0.0243083 0.026112
182 0.0253598 0.00088783 0.024472 0.0262477
183 0.0252101 0.00105166 0.0241585 0.0262618
184 0.0252529 0.00100725 0.0242457 0.0262602
185 0.0252529 0.000891708 0.0243612 0.0261446
186 0.0251674 0.000593739 0.0245736 0.0257611
187 0.025873 0.00248444 0.0233886 0.0283574
188 0.0259371 0.00265791 0.0232792 0.0285951
189 0.025595 0.00222739 0.0233676 0.0278224
190 0.0257875 0.00316318 0.0226243 0.0289507
191 0.0255095 0.00150759 0.0240019 0.0270171
192 0.0298288 0.00470394 0.0251249 0.0345327
193 0.0285886 0.00423846 0.0243502 0.0328271
194 0.0284389 0.00416494 0.024274 0.0326038
195 0.0262793 0.00559632 0.0206829 0.0318756
196 0.0274125 0.00828025 0.0191323 0.0356928
197 0.0250391 0.000911967 0.0241271 0.025951
198 0.0257233 0.00336536 0.022358 0.0290887
199 0.0280968 0.00527784 0.022819 0.0333746
200 0.0264717 0.00310131 0.0233704 0.029573
201 0.026322 0.00447602 0.021846 0.0307981
202 0.025424 0.00184179 0.0235822 0.0272657
203 0.0268994 0.00568295 0.0212164 0.0325823
204 0.0257875 0.0025159 0.0232716 0.0283034
205 0.0261082 0.00521574 0.0208925 0.0313239
206 0.0259585 0.00377959 0.0221789 0.0297381
207 0.0261724 0.00477289 0.0213995 0.0309452
208 0.0260868 0.0044443 0.0216425 0.0305311
209 0.0254026 0.00111847 0.0242841 0.0265211
210 0.025424 0.000960814 0.0244632 0.0263848
211 0.0250605 0.0010246 0.0240359 0.0260851
212 0.0251674 0.00090995 0.0242574 0.0260773
213 0.0252315 0.0010734 0.0241581 0.0263049
214 0.026878 0.0075263 0.0193517 0.0344043
215 0.0248039 0.000487608 0.0243163 0.0252915
216 0.0261937 0.00510658 0.0210872 0.0313003
217 0.0251032 0.000898085 0.0242052 0.0260013
218 0.0250604 0.000640058 0.0244204 0.0257005
219 0.0262365 0.00509835 0.0211381 0.0313348
220 0.0268138 0.00705704 0.0197568 0.0338709
221 0.0272629 0.00673316 0.0205297 0.033996
222 0.0273698 0.00711369 0.0202561 0.0344835
223 0.0275622 0.00709888 0.0204634 0.0346611
224 0.0292087 0.0046398 0.0245689 0.0338485
225 0.02861 0.00468256 0.0239274 0.0332925
226 0.0301709 0.00625232 0.0239186 0.0364233
227 0.0263648 0.00405318 0.0223116 0.030418
228 0.0275409 0.00597246 0.0215684 0.0335133
229 0.0261937 0.00311593 0.0230778 0.0293097
230 0.0264931 0.00353292 0.0229602 0.030026
231 0.026322 0.00336049 0.0229615 0.0296825
232 0.0266855 0.00352756 0.023158 0.0302131
233 0.0269421 0.00341319 0.0235289 0.0303553
234 0.0259585 0.00263309 0.0233254 0.0285916
235 0.0261724 0.00293683 0.0232355 0.0291092
236 0.0261937 0.00295321 0.0232405 0.0291469
237 0.026151 0.00279214 0.0233588 0.0289431
238 0.0270918 0.0049749 0.0221169 0.0320667
239 0.0261082 0.00258887 0.0235194 0.0286971
240 0.0274553 0.00842988 0.0190254 0.0358852
241 0.0259585 0.00309893 0.0228596 0.0290575
242 0.0260654 0.00289568 0.0231697 0.0289611
243 0.0266855 0.00351457 0.023171 0.0302001
244 0.0311331 0.0165969 0.0145362 0.04773
245 0.0283748 0.00534697 0.0230278 0.0337217
246 0.02861 0.0059225 0.0226875 0.0345325
247 0.0281182 0.00483053 0.0232877 0.0329487
248 0.027156 0.00296132 0.0241946 0.0301173
249 0.0288452 0.00604563 0.0227996 0.0348908
250 0.0286741 0.0058862 0.0227879 0.0345603
251 0.0275195 0.00375332 0.0237662 0.0312728
252 0.0269635 0.00306147 0.023902 0.030025
253 0.0272843 0.00293683 0.0243474 0.0302211
254 0.0282465 0.00557013 0.0226763 0.0338166
255 0.0271559 0.00295824 0.0241977 0.0301142
256 0.031347 0.00469463 0.0266523 0.0360416
257 0.0307482 0.00505808 0.0256902 0.0358063
258 0.0311973 0.00485999 0.0263373 0.0360573
259 0.0264717 0.000572153 0.0258996 0.0270439
260 0.0278188 0.00688306 0.0209357 0.0347019
261 0.0286314 0.00760871 0.0210227 0.0362401
262 0.0267497 0.00102525 0.0257244 0.0277749
263 0.0296364 0.0071446 0.0224918 0.036781
264 0.0271346 0.00272652 0.0244081 0.0298611
265 0.0257875 0.000470418 0.0253171 0.0262579
266 0.0256378 0.000988923 0.0246489 0.0266267
267 0.0259372 0.00235899 0.0235782 0.0282961
268 0.0259799 0.00310122 0.0228787 0.0290811
269 0.0281609 0.0112321 0.0169288 0.0393931
270 0.0256164 0.000896048 0.0247204 0.0265125
271 0.0254881 0.000921192 0.0245669 0.0264093
272 0.0258516 0.00215732 0.0236943 0.0280089
273 0.0257019 0.000885773 0.0248162 0.0265877
274 0.0258516 0.00206195 0.0237897 0.0279136
275 0.0264931 0.00402192 0.0224712 0.030515
276 0.0268994 0.00578029 0.0211191 0.0326797
277 0.0254881 0.000495047 0.0249931 0.0259832
278 0.0257019 0.000485754 0.0252162 0.0261877
279 0.0257233 0.000652454 0.0250709 0.0263758
280 0.0273484 0.00669173 0.0206567 0.0340401
281 0.0275622 0.00571115 0.0218511 0.0332734
282 0.0279257 0.00674975 0.021176 0.0346755
283 0.0258089 0.0009493 0.0248596 0.0267582
284 0.0258302 0.00105103 0.0247792 0.0268813
285 0.0258089 0.00104117 0.0247677 0.02685
286 0.0264931 0.00248434 0.0240088 0.0289775
287 0.0258516 0.000941586 0.02491 0.0267932
288 0.0303206 0.00463743 0.0256832 0.034958
289 0.0297432 0.00466805 0.0250752 0.0344113
290 0.0327582 0.0137498 0.0190084 0.046508
291 0.0275622 0.00688307 0.0206792 0.0344453
292 0.0267283 0.00438108 0.0223472 0.0311094
293 0.0267711 0.00305525 0.0237158 0.0298263
294 0.0245687 0.000931789 0.0236369 0.0255004
295 0.0246114 0.00102525 0.0235862 0.0256367
296 0.0256378 0.00345443 0.0221834 0.0290922
297 0.0261296 0.00495209 0.0211775 0.0310817
298 0.02459 0.00101652 0.0235735 0.0256066
299 0.0245687 0.000931811 0.0236368 0.0255005
300 0.0245473 0.0010335 0.0235138 0.0255808
301 0.0247183 0.000892978 0.0238254 0.0256113
302 0.0259799 0.00570222 0.0202777 0.0316821
303 0.0249535 0.00217758 0.0227759 0.0271311
304 0.0251246 0.00238061 0.022744 0.0275052
305 0.0253812 0.00246882 0.0229124 0.02785
306 0.0248466 0.000896041 0.0239506 0.0257427
307 0.0247183 0.000933038 0.0237853 0.0256514
308 0.0246969 0.000885498 0.0238114 0.0255824
309 0.0246328 0.000890896 0.0237419 0.0255237
310 0.0250818 0.00252016 0.0225617 0.027602
311 0.0244831 0.000466015 0.0240171 0.0249492
312 0.0257661 0.00524094 0.0205251 0.031007
313 0.024868 0.00114171 0.0237263 0.0260097
314 0.0244618 0.000628517 0.0238332 0.0250903
315 0.0244831 0.0010109 0.0234722 0.025494
316 0.0256805 0.00455298 0.0211276 0.0302335
317 0.0256164 0.00432945 0.021287 0.0299459
318 0.0233712 0.000473805 0.0228974 0.023845
319 0.0233926 0.00047043 0.0229222 0.023863
320 0.0279044 0.0046275 0.0232769 0.0325319
321 0.028054 0.00591246 0.0221416 0.0339665
322 0.0271987 0.00432628 0.0228724 0.031525
323 0.0247183 0.000851022 0.0238673 0.0255693
324 0.0249322 0.00219774 0.0227344 0.0271299
325 0.0246328 0.000950492 0.0236823 0.0255833
326 0.0246114 0.000849668 0.0237618 0.0254611
327 0.025595 0.00305488 0.0225401 0.0286499
328 0.0262579 0.00248039 0.0237775 0.0287383
329 0.0257875 0.00114032 0.0246472 0.0269278
330 0.0260013 0.00220396 0.0237973 0.0282052
331 0.025317 0.000516718 0.0248003 0.0258338
332 0.027049 0.00774496 0.0193041 0.034794
333 0.0263648 0.00439104 0.0219738 0.0307559
334 0.0244617 0.000534142 0.0239276 0.0249959
335 0.0250818 0.00417323 0.0209086 0.0292551
336 0.0243976 0.00245472 0.0219429 0.0268523
337 0.0242051 0.00248409 0.0217211 0.0266892
338 0.0226656 0.000965784 0.0216998 0.0236314
339 0.0225373 0.000966738 0.0215705 0.023504
340 0.0230505 0.00268403 0.0203665 0.0257345
341 0.0225159 0.000868829 0.0216471 0.0233847
342 0.0224304 0.000416261 0.0220141 0.0228467
343 0.0226656 0.00100293 0.0216627 0.0236685
344 0.0245259 0.00668465 0.0178412 0.0312105
345 0.0225801 0.00096197 0.0216181 0.023542
346 0.0224945 0.000997466 0.0214971 0.023492
347 0.0232857 0.0043852 0.0189005 0.0276709
348 0.0226656 0.000844562 0.0218211 0.0235102
349 0.0225801 0.000999293 0.0215808 0.0235794
350 0.0226442 0.000901883 0.0217423 0.0235461
351 0.0251032 0.0108712 0.014232 0.0359745
352 0.0274126 0.00520597 0.0222066 0.0326185
353 0.0276478 0.00764683 0.0200009 0.0352946
354 0.0259585 0.00588875 0.0200698 0.0318473
355 0.0227939 0.00103964 0.0217543 0.0238335
356 0.0254239 0.0068471 0.0185769 0.032271
357 0.0250605 0.00281213 0.0222483 0.0278726
358 0.023863 0.000980829 0.0228822 0.0248439
359 0.0238417 0.000775388 0.0230663 0.024617
360 0.023863 0.000550983 0.0233121 0.024414
361 0.0260227 0.00557637 0.0204463 0.031599
362 0.0281823 0.0105344 0.0176479 0.0387167
363 0.0239913 0.000935985 0.0230553 0.0249273
364 0.0239913 0.000854247 0.0231371 0.0248456
365 0.025146 0.0065048 0.0186412 0.0316508
366 0.0255523 0.00817352 0.0173787 0.0337258
367 0.0243335 0.00228665 0.0220468 0.0266201
368 0.0243976 0.00210151 0.0222961 0.0264991
369 0.0252102 0.00467196 0.0205382 0.0298821
370 0.0268352 0.00831877 0.0185164 0.035154
371 0.026151 0.00717295 0.018978 0.0333239
372 0.0262579 0.00754949 0.0187084 0.0338074
373 0.0240341 0.000872259 0.0231618 0.0249063
374 0.0263434 0.00824428 0.0180991 0.0345877
375 0.0240341 0.000829258 0.0232048 0.0248633
376 0.0240127 0.000889632 0.0231231 0.0249024
377 0.0240555 0.000821198 0.0232343 0.0248767
378 0.0239699 0.000941565 0.0230284 0.0249115
379 0.0239699 0.000931797 0.0230381 0.0249017
380 0.0238844 0.000847528 0.0230369 0.0247319
381 0.0229008 0.000941563 0.0219593 0.0238424
382 0.0232215 0.00188895 0.0213326 0.0251105
383 0.0229436 0.000858242 0.0220853 0.0238018
384 0.0280754 0.00742354 0.0206519 0.0354989
385 0.0255522 0.00418112 0.0213711 0.0297334
386 0.0256805 0.00531646 0.0203641 0.030997
387 0.0228794 0.000817026 0.0220624 0.0236965
388 0.022687 0.000369721 0.0223173 0.0230567
389 0.0228153 0.000454091 0.0223612 0.0232694
390 0.0238203 0.00493768 0.0188826 0.0287579
391 0.0260868 0.00845304 0.0176338 0.0345399
392 0.0260654 0.00821323 0.0178522 0.0342787
393 0.0240982 0.00365205 0.0204462 0.0277503
394 0.0240127 0.00430696 0.0197058 0.0283197
395 0.0236492 0.00306331 0.0205859 0.0267125
396 0.0243335 0.00539065 0.0189428 0.0297241
397 0.0228367 0.000391957 0.0224447 0.0232286
398 0.0229436 0.000996294 0.0219473 0.0239399
399 0.0240769 0.00528302 0.0187938 0.0293599
400 0.023414 0.000945439 0.0224686 0.0243594
401 0.0233926 0.00145715 0.0219355 0.0248498
402 0.0237347 0.00333047 0.0204043 0.0270652
403 0.0230933 0.000865937 0.0222273 0.0239592
404 0.0231146 0.000870945 0.0222437 0.0239856
405 0.0235637 0.00257622 0.0209875 0.0261399
406 0.0232216 0.000947607 0.0222739 0.0241692
407 0.0243334 0.00089603 0.0234374 0.0252295
408 0.0241624 0.00101653 0.0231459 0.0251789
409 0.0252957 0.00432812 0.0209676 0.0296238
410 0.0255523 0.00473301 0.0208193 0.0302853
411 0.0243548 0.00229692 0.0220579 0.0266518
412 0.0261938 0.00529475 0.020899 0.0314885
413 0.0255309 0.00227543 0.0232555 0.0278063
414 0.0248466 0.000425502 0.0244211 0.0252721
415 0.0251246 0.000925893 0.0241987 0.0260505
416 0.031069 0.00551206 0.0255569 0.036581
417 0.0295081 0.00478895 0.0247191 0.034297
418 0.0297005 0.00614613 0.0235544 0.0358466
419 0.0277119 0.00796814 0.0197438 0.0356801
420 0.026322 0.0043727 0.0219493 0.0306947
421 0.0253812 0.000949301 0.0244319 0.0263305
422 0.025317 0.000642906 0.0246741 0.0259599
423 0.0255309 0.00147588 0.024055 0.0270068
424 0.0255309 0.000716853 0.024814 0.0262477
425 0.0258944 0.00252814 0.0233662 0.0284225
426 0.0256378 0.00272318 0.0229146 0.028361
427 0.0264289 0.00493677 0.0214922 0.0313657
428 0.025146 0.000534146 0.0246119 0.0256802
429 0.0252315 0.000702693 0.0245288 0.0259342
430 0.0277547 0.00680211 0.0209526 0.0345568
431 0.0263006 0.000979892 0.0253208 0.0272805
432 0.0270277 0.00513113 0.0218965 0.0321588
433 0.0254881 0.00107679 0.0244113 0.0265649
434 0.0259585 0.00244211 0.0235164 0.0284006
435 0.0255523 0.00101989 0.0245324 0.0265721
436 0.0254026 0.000997436 0.0244051 0.0264
437 0.0254026 0.000931065 0.0244715 0.0263337
438 0.0256592 0.00099376 0.0246654 0.0266529
439 0.0264717 0.00476194 0.0217098 0.0312337
440 0.027156 0.00601987 0.0211361 0.0331758
441 0.0256806 0.000960805 0.0247197 0.0266414
442 0.0264931 0.00481081 0.0216823 0.0313039
443 0.0254667 0.00056532 0.0249014 0.026032
444 0.0261082 0.00242097 0.0236872 0.0285292
445 0.0267924 0.00506597 0.0217265 0.0318584
446 0.0246114 0.000496412 0.024115 0.0251078
447 0.0275195 0.00842952 0.0190899 0.035949
448 0.0278188 0.00421511 0.0236037 0.0320339
449 0.0270063 0.00401237 0.0229939 0.0310186
450 0.0273056 0.00504426 0.0222614 0.0323499
451 0.0252101 0.00260297 0.0226072 0.0278131
452 0.0252101 0.00298277 0.0222274 0.0281929
453 0.02459 0.000597171 0.0239929 0.0251872
454 0.0246328 0.000921188 0.0237116 0.025554
455 0.0257875 0.00535352 0.020434 0.031141
456 0.0240127 0.00202524 0.0219875 0.026038
457 0.0241624 0.00312361 0.0210388 0.027286
458 0.0234782 0.000843471 0.0226347 0.0243216
459 0.0233499 0.000495063 0.0228548 0.0238449
460 0.0240769 0.00342682 0.02065 0.0275037
461 0.0233285 0.00054892 0.0227795 0.0238774
462 0.0245259 0.0044613 0.0200646 0.0289872
463 0.0233285 0.000548897 0.0227796 0.0238774
464 0.0247397 0.00457663 0.0201631 0.0293164
465 0.0240769 0.00267101 0.0214058 0.0267479
466 0.0243121 0.00407343 0.0202386 0.0283855
467 0.0235637 0.000935959 0.0226277 0.0244996
468 0.0239058 0.00221763 0.0216882 0.0261234
469 0.0249535 0.00467353 0.02028 0.0296271
470 0.0233498 0.000456602 0.0228932 0.0238064
471 0.0233712 0.00107574 0.0222955 0.024447
472 0.0232215 0.000470406 0.0227511 0.0236919
473 0.0231574 0.00052855 0.0226289 0.023686
474 0.0281609 0.0122538 0.0159072 0.0404147
475 0.0238203 0.0020514 0.0217689 0.0258717
476 0.0235209 0.00114751 0.0223734 0.0246684
477 0.0232429 0.00105862 0.0221843 0.0243015
478 0.0232857 0.000941565 0.0223441 0.0242273
479 0.0232216 0.00057536 0.0226462 0.0237969
480 0.0273911 0.00545065 0.0219405 0.0328418
481 0.0285672 0.00865045 0.0199168 0.0372177
482 0.0262365 0.00490828 0.0213282 0.0311448
483 0.0240127 0.00288237 0.0211303 0.0268951
484 0.0234995 0.000881366 0.0226182 0.0243809
485 0.0232429 0.000562098 0.0226808 0.023805
486 0.0232216 0.000489479 0.0227321 0.023711
487 0.0233499 0.000640047 0.0227098 0.0239899
488 0.0233926 0.000937917 0.0224547 0.0243305
489 0.0233285 0.000477665 0.0228508 0.0238061
490 0.0235209 0.000936943 0.0225839 0.0244578
491 0.0242479 0.00436773 0.0198802 0.0286156
492 0.0244618 0.000516726 0.023945 0.0249785
493 0.025146 0.00311218 0.0220338 0.0282582
494 0.0245687 0.00102526 0.0235434 0.0255939
495 0.0257661 0.00109762 0.0246685 0.0268637
496 0.0268994 0.00660847 0.0202909 0.0335078
497 0.0265786 0.00469889 0.0218797 0.0312775
498 0.0254667 0.0010163 0.0244504 0.026483
499 0.0259158 0.00331644 0.0225993 0.0292322
500 0.0253171 0.00051673 0.0248003 0.0258338
501 0.0247183 0.000971426 0.0237469 0.0256898
502 0.0241196 0.000978964 0.0231407 0.0250986
503 0.0239272 0.000849678 0.0230775 0.0247769
504 0.023863 0.000613798 0.0232492 0.0244768
505 0.0239699 0.000911942 0.023058 0.0248819
506 0.0252101 0.00568388 0.0195263 0.030894
507 0.0237775 0.000890925 0.0228866 0.0246684
508 0.0237134 0.000458114 0.0232552 0.0241715
509 0.0238844 0.0009963 0.0228881 0.0248807
510 0.0248894 0.00468 0.0202094 0.0295694
511 0.0243762 0.00260835 0.0217679 0.0269846
512 0.0280326 0.00409182 0.0239408 0.0321245
513 0.0274339 0.0042707 0.0231632 0.0317046
514 0.0281396 0.00589574 0.0222438 0.0340353
515 0.0248466 0.00442348 0.0204232 0.0292701
516 0.0260441 0.00708655 0.0189575 0.0331306
517 0.0243335 0.00266349 0.02167 0.0269969
518 0.0239058 0.000916211 0.0229896 0.024822
519 0.0237989 0.000929843 0.022869 0.0247287
520 0.0239272 0.000458085 0.0234691 0.0243853
521 0.0245687 0.00249169 0.022077 0.0270603
522 0.02397 0.00100728 0.0229627 0.0249772
523 0.0237347 0.000549331 0.0231854 0.0242841
524 0.0239913 0.00119359 0.0227977 0.0251849
525 0.0252315 0.000540941 0.0246906 0.0257725
526 0.0267497 0.00631637 0.0204333 0.0330661
527 0.0258302 0.002473 0.0233572 0.0283032
528 0.0273484 0.00769475 0.0196536 0.0350431
529 0.0250177 0.000496891 0.0245208 0.0255146
530 0.0252315 0.000956264 0.0242753 0.0261878
531 0.0250818 0.000510974 0.0245708 0.0255928
532 0.0264289 0.00558345 0.0208455 0.0320124
533 0.0253812 0.0013061 0.0240751 0.0266873
534 0.0251888 0.00103786 0.0241509 0.0262266
535 0.025146 0.00101741 0.0241286 0.0261634
536 0.0268138 0.00444656 0.0223673 0.0312604
537 0.0252102 0.000970283 0.0242399 0.0261804
538 0.0257019 0.00263934 0.0230626 0.0283413
539 0.0258302 0.00260622 0.023224 0.0284364
540 0.0252743 0.00105536 0.0242189 0.0263296
541 0.0266214 0.00651363 0.0201077 0.033135
542 0.0291873 0.01347 0.0157173 0.0426573
543 0.0251674 0.000977783 0.0241896 0.0261452
544 0.0293156 0.00486187 0.0244537 0.0341775
545 0.0286955 0.00501268 0.0236828 0.0337082
546 0.0289307 0.00614135 0.0227894 0.0350721
547 0.025146 0.000942789 0.0242032 0.0260888
548 0.0248894 0.000735776 0.0241537 0.0256252
549 0.0248894 0.000480051 0.0244093 0.0253694
550 0.0239272 0.000951219 0.022976 0.0248784
551 0.0237775 0.000610804 0.0231667 0.0243883
552 0.0240341 0.000892952 0.0231411 0.024927
553 0.0244831 0.0017678 0.0227153 0.0262509
554 0.0242693 0.00241114 0.0218582 0.0266804
555 0.022965 0.000976134 0.0219888 0.0239411
556 0.0227511 0.00101741 0.0217337 0.0237685
557 0.022858 0.000416282 0.0224418 0.0232743
558 0.0234995 0.00262745 0.0208721 0.026127
559 0.0229863 0.00086462 0.0221217 0.023851
560 0.0228794 0.000902122 0.0219773 0.0237815
561 0.0235209 0.00269796 0.0208229 0.0262189
562 0.022965 0.00103964 0.0219253 0.0240046
563 0.0241838 0.00672716 0.0174566 0.0309109
564 0.0230505 0.000864881 0.0221856 0.0239154
565 0.0229436 0.000879306 0.0220643 0.0238229
566 0.0229222 0.000890918 0.0220313 0.0238131
567 0.0230719 0.000931803 0.0221401 0.0240037
568 0.0240127 0.00519784 0.0188149 0.0292105
569 0.0230505 0.000843452 0.022207 0.0238939
570 0.0236064 0.00257518 0.0210313 0.0261816
571 0.0237347 0.00260307 0.0211317 0.0263378
572 0.0234782 0.0020771 0.0214011 0.0255553
573 0.0240127 0.000454098 0.0235586 0.0244668
574 0.0253171 0.000942779 0.0243743 0.0262598
575 0.0259371 0.00505151 0.0208856 0.0309886
576 0.0292087 0.00424454 0.0249641 0.0334532
577 0.0297433 0.00758585 0.0221574 0.0373291
578 0.031069 0.0122784 0.0187906 0.0433474
579 0.0251032 0.000985462 0.0241178 0.0260887
580 0.0249749 0.00105101 0.0239239 0.0260259
581 0.0249963 0.000921935 0.0240744 0.0259182
582 0.0253384 0.00219262 0.0231458 0.0275311
583 0.0255309 0.00291651 0.0226143 0.0284474
584 0.0276691 0.00919316 0.018476 0.0368623
585 0.025873 0.00355363 0.0223194 0.0294266
586 0.0260013 0.00455727 0.021444 0.0305586
587 0.0265145 0.00487225 0.0216422 0.0313867
588 0.0250391 0.00056532 0.0244738 0.0256044
589 0.0250604 0.000654181 0.0244063 0.0257146
590 0.0253598 0.00128367 0.0240762 0.0266435
591 0.0263648 0.000977773 0.025387 0.0273426
592 0.0264503 0.000836652 0.0256137 0.027287
593 0.0263006 0.000932026 0.0253686 0.0272327
594 0.0262793 0.000951231 0.025328 0.0272305
595 0.0263648 0.000958879 0.0254059 0.0273237
596 0.0267711 0.00237107 0.0244 0.0291421
597 0.0262365 0.000968374 0.0252681 0.0272049
598 0.0267711 0.00225646 0.0245146 0.0290276
599 0.0268994 0.00529305 0.0216063 0.0321924
600 0.0253812 0.000578125 0.0248031 0.0259593
601 0.0271346 0.0059357 0.0211989 0.0330703
602 0.0260868 0.00258366 0.0235032 0.0286705
603 0.0254881 0.00105102 0.0244371 0.0265391
604 0.0269208 0.00513446 0.0217863 0.0320552
605 0.0253171 0.000567345 0.0247497 0.0258844
606 0.0254881 0.00102458 0.0244635 0.0265127
607 0.0255309 0.0010484 0.0244825 0.0265793
608 0.0304275 0.00452033 0.0259072 0.0349478
609 0.0298501 0.00462696 0.0252232 0.0344771
610 0.0302351 0.00558427 0.0246508 0.0358193
611 0.025873 0.00110283 0.0247702 0.0269758
612 0.0262365 0.00228815 0.0239484 0.0285247
613 0.0284176 0.00851282 0.0199047 0.0369304
614 0.0258944 0.00082787 0.0250665 0.0267223
615 0.0274981 0.00480821 0.0226899 0.0323063
616 0.0287597 0.00726869 0.021491 0.0360284
617 0.0260868 0.000936938 0.0251499 0.0270237
618 0.0268566 0.00272358 0.024133 0.0295802
619 0.024697 0.000424961 0.024272 0.0251219
620 0.0249536 0.000825658 0.0241279 0.0257792
621 0.0248466 0.000885768 0.0239609 0.0257324
622 0.0247825 0.000891671 0.0238908 0.0256742
623 0.0258944 0.00526289 0.0206315 0.0311573
624 0.0248039 0.000833647 0.0239702 0.0256375
625 0.0246328 0.000414636 0.0242182 0.0250475
626 0.0246328 0.000513194 0.0241196 0.025146
627 0.0267497 0.00620093 0.0205488 0.0329506
628 0.0247183 0.000551014 0.0241673 0.0252693
629 0.0256592 0.00424432 0.0214149 0.0299035
630 0.0276478 0.00759644 0.0200513 0.0352442
631 0.026322 0.00678133 0.0195407 0.0331034
632 0.0263006 0.00525769 0.021043 0.0315583
633 0.0257019 0.0052165 0.0204854 0.0309184
634 0.024697 0.000905907 0.023791 0.0256029
635 0.0246328 0.00101561 0.0236172 0.0256484
636 0.0245473 0.000997446 0.0235498 0.0255447
637 0.0246542 0.000473811 0.0241804 0.025128
638 0.0251246 0.00242626 0.0226983 0.0275508
639 0.0244403 0.0004541 0.0239862 0.0248944
640 0.030513 0.00729806 0.023215 0.0378111
641 0.0294439 0.00716019 0.0222837 0.0366041
642 0.0270918 0.00469108 0.0224007 0.0317829
643 0.0244617 0.00349944 0.0209623 0.0279612
644 0.0233071 0.000998372 0.0223087 0.0243055
645 0.0232857 0.000921929 0.0223638 0.0242076
646 0.0239485 0.00271485 0.0212337 0.0266634
647 0.0237989 0.00256335 0.0212355 0.0263622
648 0.0240982 0.00332712 0.0207711 0.0274254
649 0.0253812 0.00787309 0.0175081 0.0332543
650 0.0257875 0.00735274 0.0184347 0.0331402
651 0.0238844 0.00280194 0.0210825 0.0266864
652 0.0242907 0.00465457 0.0196361 0.0289453
653 0.0243121 0.00513055 0.0191815 0.0294426
654 0.0233712 0.000939619 0.0224316 0.0243108
655 0.0243335 0.00471369 0.0196198 0.0290471
656 0.0252529 0.00568871 0.0195642 0.0309416
657 0.023863 0.00221636 0.0216466 0.0260794
658 0.0243762 0.00263971 0.0217365 0.0270159
659 0.0235637 0.000983581 0.0225801 0.0245473
660 0.0234567 0.000939622 0.0225171 0.0243964
661 0.0233498 0.00100659 0.0223433 0.0243564
662 0.0254881 0.00496409 0.020524 0.0304522
663 0.0243121 0.000510936 0.0238011 0.024823
664 0.0242479 0.000812551 0.0234354 0.0250605
665 0.0254881 0.000921201 0.0245669 0.0264093
666 0.0252957 0.000706259 0.0245894 0.0260019
667 0.0253598 0.000947607 0.0244122 0.0263074
668 0.0250391 0.00350435 0.0215347 0.0285434
669 0.024419 0.00251881 0.0219002 0.0269378
670 0.0250391 0.00503372 0.0200054 0.0300728
671 0.0249108 0.00545803 0.0194528 0.0303688
672 0.027883 0.00434567 0.0235373 0.0322286
673 0.0258302 0.00429871 0.0215315 0.030129
674 0.0264289 0.00598042 0.0204485 0.0324094
675 0.0226228 0.00052203 0.0221008 0.0231449
676 0.0227511 0.00103524 0.0217159 0.0237864
677 0.022965 0.000908199 0.0220568 0.0238732
678 0.0227297 0.000756315 0.0219734 0.0234861
679 0.0252315 0.00768825 0.0175433 0.0329198
680 0.0228367 0.000436105 0.0224006 0.0232728
681 0.0238844 0.00494725 0.0189372 0.0288317
682 0.0249322 0.00653498 0.0183972 0.0314671
683 0.0237133 0.00419989 0.0195134 0.0279132
684 0.0242265 0.00495833 0.0192682 0.0291849
685 0.0246328 0.00681487 0.0178179 0.0314477
686 0.022858 0.000960797 0.0218972 0.0238188
687 0.0226656 0.000468464 0.0221971 0.0231341
688 0.0226228 0.000485724 0.0221371 0.0231086
689 0.0239486 0.00416386 0.0197847 0.0281124
690 0.0246756 0.00637201 0.0183036 0.0310476
691 0.0253598 0.00513912 0.0202207 0.0304989
692 0.0242265 0.000949305 0.0232772 0.0251758
693 0.0240127 0.000528556 0.0234842 0.0245413
694 0.0240555 0.00105515 0.0230003 0.0251106
695 0.0248253 0.0031498 0.0216755 0.0279751
696 0.0241838 0.000941561 0.0232422 0.0251253
697 0.0246756 0.00218104 0.0224945 0.0268566
698 0.0241196 0.000978941 0.0231407 0.0250986
699 0.0240982 0.00102347 0.0230748 0.0251217
700 0.024141 0.000816759 0.0233243 0.0249578
701 0.0254881 0.00468549 0.0208026 0.0301736
702 0.0256378 0.00655508 0.0190827 0.0321929
703 0.025595 0.00468717 0.0209079 0.0302822
704 0.0289735 0.00452359 0.0244499 0.0334971
705 0.0291018 0.00730332 0.0217985 0.0364051
706 0.0274126 0.00447075 0.0229418 0.0318833
707 0.0239699 0.000458101 0.0235118 0.024428
708 0.0240555 0.000354589 0.0237009 0.0244101
709 0.0247397 0.0026372 0.0221025 0.0273769
710 0.0240127 0.000473806 0.0235389 0.0244865
711 0.0268994 0.00613335 0.020766 0.0330327
712 0.0256592 0.00622376 0.0194354 0.0318829
713 0.023414 0.00232619 0.0210878 0.0257402
714 0.0241838 0.00431372 0.0198701 0.0284975
715 0.022965 0.000649984 0.022315 0.023615
716 0.022858 0.000849667 0.0220084 0.0237077
717 0.0229008 0.000496418 0.0224044 0.0233972
718 0.0229222 0.00092119 0.022001 0.0238434
719 0.0243335 0.00669643 0.017637 0.0310299
720 0.0229436 0.000562066 0.0223815 0.0235056
721 0.0229008 0.000827892 0.0220729 0.0237287
722 0.0229863 0.000885519 0.0221008 0.0238719
723 0.0229436 0.00104992 0.0218937 0.0239935
724 0.0232216 0.000918199 0.0223034 0.0241398
725 0.0229222 0.000367885 0.0225543 0.0232901
726 0.0231146 0.000951222 0.0221634 0.0240659
727 0.023136 0.000810278 0.0223257 0.0239463
728 0.0230719 0.000911975 0.0221599 0.0239838
729 0.0229436 0.000889648 0.0220539 0.0238332
730 0.0234995 0.00242474 0.0210748 0.0259243
731 0.0242479 0.00494879 0.0192991 0.0291967
732 0.0249536 0.00638088 0.0185727 0.0313344
733 0.0230505 0.000875384 0.0221751 0.0239259
734 0.0230505 0.000485736 0.0225648 0.0235362
735 0.0235423 0.00235975 0.0211826 0.025902
736 0.025873 0.00381187 0.0220611 0.0296849
737 0.0252957 0.00411142 0.0211842 0.0294071
738 0.0260654 0.0087929 0.0172725 0.0348583
739 0.0231146 0.0009318 0.0221828 0.0240464
740 0.0232215 0.000918204 0.0223033 0.0241397
741 0.0243762 0.000855303 0.0235209 0.0252315
742 0.0255095 0.00668738 0.0188221 0.0321969
743 0.0247611 0.00250422 0.0222569 0.0272653
744 0.0244831 0.00215477 0.0223283 0.0266379
745 0.0244831 0.00227853 0.0222046 0.0267617
746 0.0240983 0.00103237 0.0230659 0.0251306
747 0.0240555 0.000843176 0.0232123 0.0248987
748 0.0250177 0.00308828 0.0219294 0.028106
749 0.0239913 0.000885745 0.0231056 0.0248771
750 0.0239272 0.000891685 0.0230355 0.0248189
751 0.0252315 0.00518676 0.0200447 0.0304183
752 0.0240769 0.000947614 0.0231292 0.0250245
753 0.0239699 0.000931794 0.0230382 0.0249017
754 0.0244404 0.00313759 0.0213028 0.0275779
755 0.0237989 0.000411867 0.023387 0.0242108
756 0.0240341 0.000851001 0.0231831 0.0248851
757 0.0238844 0.000889635 0.0229948 0.024774
758 0.0266428 0.00820392 0.0184389 0.0348467
759 0.0255095 0.00502611 0.0204834 0.0305356
760 0.0244403 0.00222326 0.0222171 0.0266636
761 0.0241624 0.00146592 0.0226965 0.0256283
762 0.0238844 0.000879284 0.0230051 0.0247637
763 0.0257233 0.00797923 0.0177441 0.0337025
764 0.0241196 0.00103345 0.0230862 0.0251531
765 0.024141 0.0010163 0.0231247 0.0251573
766 0.0253598 0.00642206 0.0189377 0.0317819
767 0.0230719 0.000477656 0.0225942 0.0235495
768 0.0293156 0.00428607 0.0250295 0.0336017
769 0.0294225 0.00472668 0.0246958 0.0341492
770 0.0285031 0.00545534 0.0230477 0.0339584
771 0.0232216 0.000525511 0.0226961 0.0237471
772 0.0232643 0.000921193 0.0223431 0.0241855
773 0.025146 0.006331 0.018815 0.031477
774 0.0230077 0.000419023 0.0225887 0.0234267
775 0.0237775 0.00256021 0.0212173 0.0263377
776 0.0238203 0.00250861 0.0213117 0.0263289
777 0.0230933 0.000487608 0.0226057 0.0235809
778 0.0230719 0.000531997 0.0225399 0.0236039
779 0.0234995 0.00100727 0.0224923 0.0245068
780 0.0232002 0.000587539 0.0226126 0.0237877
781 0.0232857 0.000979639 0.022306 0.0242653
782 0.0233285 0.000921936 0.0224065 0.0242504
783 0.0232643 0.000940855 0.0223235 0.0242052
784 0.0232002 0.000503746 0.0226964 0.0237039
785 0.0242479 0.0043677 0.0198802 0.0286156
786 0.0235851 0.00111742 0.0224676 0.0247025
787 0.0234354 0.000892959 0.0225424 0.0243283
788 0.0233499 0.00041461 0.0229353 0.0237645
789 0.024419 0.00441935 0.0199996 0.0288383
790 0.0234568 0.000919969 0.0225368 0.0243767
791 0.0234781 0.000446494 0.0230317 0.0239246
792 0.0236278 0.000503753 0.0231241 0.0241316
793 0.0235209 0.000382529 0.0231384 0.0239035
794 0.0240341 0.00225727 0.0217768 0.0262914
795 0.024868 0.0050097 0.0198583 0.0298777
796 0.023692 0.000940844 0.0227511 0.0246328
797 0.0235851 0.000929851 0.0226552 0.0245149
798 0.0236278 0.00112234 0.0225055 0.0247502
799 0.0235851 0.000939627 0.0226454 0.0245247
