# ../output/graphs/perf_parallel55QUADRUPED_thread3
# step - mean (0.275532) - standard deviation (0.0481925) r=2 - ylow - yhigh
0 0.33528 0.144547 0.190733 0.479826
1 0.269421 0.0748393 0.194582 0.344261
2 0.257661 0.0609405 0.19672 0.318601
3 0.26151 0.0652171 0.196293 0.326727
4 0.255309 0.0598714 0.195437 0.31518
5 0.328437 0.0119742 0.316463 0.340412
6 0.323733 0.0175338 0.306199 0.341267
7 0.265145 0.0679969 0.197148 0.333142
8 0.325658 0.0250177 0.30064 0.350675
9 0.30064 0.0102636 0.290376 0.310904
10 0.311759 0.00812538 0.303634 0.319884
11 0.297646 0.00513189 0.292515 0.302778
12 0.307269 0.00748393 0.299785 0.314752
13 0.242479 0.0431929 0.199286 0.285672
14 0.23863 0.0427653 0.195865 0.281396
15 0.310904 0.0303633 0.28054 0.341267
16 0.308124 0.0177476 0.290376 0.325872
17 0.322664 0.0173199 0.305344 0.339984
18 0.298074 0.0329293 0.265145 0.331003
19 0.264289 0.0590161 0.205273 0.323306
20 0.203349 0.00620098 0.197148 0.20955
21 0.203135 0.00769779 0.195437 0.210833
22 0.251888 0.0538842 0.198003 0.305772
23 0.203135 0.00299356 0.200142 0.206129
24 0.246542 0.0481109 0.198431 0.294653
25 0.249108 0.0545257 0.194582 0.303634
26 0.308124 0.00876683 0.299357 0.316891
27 0.304061 0.0158232 0.288238 0.319884
28 0.310262 0.00449032 0.305772 0.314752
29 0.265572 0.0658586 0.199714 0.331431
30 0.292087 0.0453313 0.246756 0.337418
31 0.267711 0.050463 0.217248 0.318174
32 0.306199 0.00299363 0.303206 0.309193
33 0.331431 0.00256597 0.328865 0.333997
34 0.316891 0.0145402 0.30235 0.331431
35 0.254454 0.0401994 0.214254 0.294653
36 0.263862 0.0632926 0.200569 0.327154
37 0.313683 0.00192446 0.311759 0.315608
38 0.328224 0.00491802 0.323306 0.333142
39 0.266855 0.0543119 0.212543 0.321167
40 0.330362 0.0348537 0.295508 0.365216
41 0.317746 0.0243762 0.29337 0.342122
42 0.307055 0.00470418 0.302351 0.311759
43 0.299785 0.00898074 0.290804 0.308765
44 0.324802 0.00149675 0.323306 0.326299
45 0.304275 0.00919454 0.29508 0.31347
46 0.270063 0.0485386 0.221524 0.318601
47 0.254667 0.045545 0.209122 0.300212
48 0.307482 0.0175338 0.289949 0.325016
49 0.268352 0.0412685 0.227084 0.309621
50 0.337846 0.0265145 0.311331 0.36436
51 0.298074 0.0102637 0.28781 0.308338
52 0.297219 0.00427657 0.292942 0.301495
53 0.297005 0.00320747 0.293797 0.300212
54 0.256378 0.0579469 0.198431 0.314325
55 0.246328 0.0449036 0.201424 0.291232
56 0.246328 0.04191 0.204418 0.288238
57 0.31069 0.00791152 0.302778 0.318601
58 0.257661 0.0515322 0.206129 0.309193
59 0.256806 0.0570916 0.199714 0.313897
60 0.250391 0.0506769 0.199714 0.301068
61 0.239699 0.0434068 0.196293 0.283106
62 0.252743 0.0534566 0.199286 0.306199
63 0.270918 0.065217 0.205701 0.336135
64 0.250818 0.0395579 0.211261 0.290376
65 0.299785 0.00213827 0.297646 0.301923
66 0.295936 0.00983599 0.2861 0.305772
67 0.294439 0.0113329 0.283106 0.305772
68 0.289949 0.0034212 0.286527 0.29337
69 0.296363 0.00513183 0.291232 0.301495
70 0.318174 0.0329292 0.285245 0.351103
71 0.294439 0.00748394 0.286955 0.301923
72 0.30791 0.00555953 0.302351 0.31347
73 0.306413 0.00876689 0.297646 0.31518
74 0.272415 0.0650032 0.207412 0.337418
75 0.31796 0.0104775 0.307482 0.328437
76 0.309621 0.0102637 0.299357 0.319884
77 0.309407 0.00449032 0.304917 0.313897
78 0.311759 0.00855304 0.303206 0.320312
79 0.30791 0.0102637 0.297646 0.318174
80 0.329293 0.0256592 0.303634 0.354952
81 0.310048 0.00598712 0.304061 0.316035
82 0.265359 0.0549534 0.210405 0.320312
83 0.316677 0.000213921 0.316463 0.316891
84 0.313256 0.0134711 0.299785 0.326727
85 0.276478 0.0485386 0.227939 0.325016
86 0.282679 0.0577331 0.224945 0.340412
87 0.308124 0.00748393 0.30064 0.315608
88 0.302992 0.00320742 0.299785 0.306199
89 0.311759 0.00727008 0.304489 0.319029
90 0.298288 0.00363512 0.294653 0.301923
91 0.311117 0.00919454 0.301923 0.320312
92 0.304275 0.0113328 0.292942 0.315608
93 0.294867 0.00320736 0.291659 0.298074
94 0.306199 0.00727014 0.298929 0.31347
95 0.253812 0.0404132 0.213399 0.294225
96 0.312614 0.00470418 0.30791 0.317318
97 0.313683 0.00106904 0.312614 0.314752
98 0.306199 0.00684248 0.299357 0.313042
99 0.295294 0.000213787 0.295081 0.295508
100 0.271132 0.0551672 0.215965 0.326299
101 0.253171 0.0444759 0.208695 0.297646
102 0.258516 0.0532428 0.205273 0.311759
103 0.302137 0.000641569 0.301495 0.302778
104 0.313897 0.0106914 0.303206 0.324589
105 0.306627 0.00940834 0.297219 0.316035
106 0.31518 0.0034212 0.311759 0.318601
107 0.304061 0.00641473 0.297646 0.310476
108 0.299999 0.00620092 0.293798 0.306199
109 0.275622 0.0694936 0.206129 0.345116
110 0.294439 0.00064145 0.293798 0.29508
111 0.304489 0.0102637 0.294225 0.314753
112 0.307482 0.0132572 0.294225 0.32074
113 0.318388 0.00064145 0.317746 0.319029
114 0.297219 0.0021382 0.295081 0.299357
115 0.294867 0.0019244 0.292942 0.296791
116 0.305986 0.00833918 0.297646 0.314325
117 0.298716 0.0104775 0.288238 0.309193
118 0.303634 0.00213826 0.301495 0.305772
119 0.304489 0.0124019 0.292087 0.316891
120 0.30513 0.0186029 0.286527 0.323733
121 0.307696 0.0113328 0.296364 0.319029
122 0.303206 0.00171055 0.301495 0.304916
123 0.292942 0.00641477 0.286527 0.299357
124 0.304489 0.0128296 0.291659 0.317318
125 0.28781 0.00128295 0.286527 0.289093
126 0.286314 0.00320736 0.283106 0.289521
127 0.286741 0.0023521 0.284389 0.289093
128 0.207839 0.00213826 0.205701 0.209978
129 0.254454 0.0487524 0.205701 0.303206
130 0.256164 0.0534566 0.202707 0.309621
131 0.250605 0.04191 0.208695 0.292515
132 0.246542 0.0399855 0.206556 0.286527
133 0.24697 0.0438344 0.203135 0.290804
134 0.284817 0.0102637 0.274553 0.29508
135 0.205915 0.00064151 0.205273 0.206556
136 0.255736 0.0547396 0.200997 0.310476
137 0.259799 0.0536704 0.206129 0.31347
138 0.249108 0.0416961 0.207412 0.290804
139 0.255309 0.0534566 0.201852 0.308765
140 0.259158 0.0491801 0.209978 0.308338
141 0.25424 0.0412685 0.212971 0.295508
142 0.249322 0.0431929 0.206129 0.292515
143 0.294439 0.00791158 0.286527 0.302351
144 0.254026 0.0526013 0.201424 0.306627
145 0.250391 0.0378473 0.212544 0.288238
146 0.252101 0.0472556 0.204846 0.299357
147 0.249322 0.0423376 0.206984 0.291659
148 0.242907 0.0376335 0.205273 0.28054
149 0.261724 0.0628649 0.198859 0.324589
150 0.257019 0.0585884 0.198431 0.315608
151 0.247611 0.0397717 0.207839 0.287383
152 0.261724 0.0577332 0.20399 0.319457
153 0.258944 0.0489663 0.209978 0.30791
154 0.301495 0.00213832 0.299357 0.303634
155 0.291232 0.00342122 0.28781 0.294653
156 0.293798 0.00855303 0.285245 0.302351
157 0.301281 0.0091946 0.292087 0.310476
158 0.303206 0.00727002 0.295936 0.310476
159 0.246328 0.0478971 0.198431 0.294225
160 0.278616 0.045545 0.233071 0.324161
161 0.316036 0.0128296 0.303206 0.328865
162 0.255309 0.0449035 0.210405 0.300212
163 0.313897 0.00727008 0.306627 0.321167
164 0.302564 0.0109052 0.291659 0.31347
165 0.292301 0.00491796 0.287383 0.297219
166 0.293156 0.00363506 0.289521 0.296791
167 0.289307 0.0019244 0.287383 0.291232
168 0.302137 0.00149681 0.30064 0.303634
169 0.294653 0.00427657 0.290376 0.298929
170 0.245045 0.0380611 0.206984 0.283106
171 0.243548 0.0425514 0.200997 0.2861
172 0.298716 0.00833918 0.290376 0.307055
173 0.24697 0.0412685 0.205701 0.288238
174 0.255736 0.0560226 0.199714 0.311759
175 0.247397 0.0506768 0.19672 0.298074
176 0.284603 0.00277977 0.281823 0.287383
177 0.281396 0.00213832 0.279257 0.283534
178 0.292942 0.0119743 0.280968 0.304917
179 0.299785 0.00128295 0.298502 0.301068
180 0.292728 0.00491802 0.28781 0.297646
181 0.289093 0.000427648 0.288666 0.289521
182 0.283962 0.00427651 0.279685 0.288238
183 0.293798 0.00769779 0.2861 0.301495
184 0.285031 0.00577334 0.279257 0.290804
185 0.286955 0.00384887 0.283106 0.290804
186 0.297433 0.00449038 0.292942 0.301923
187 0.282037 0.00235206 0.279685 0.284389
188 0.254026 0.0513183 0.202707 0.305344
189 0.265573 0.0650032 0.200569 0.330576
190 0.244831 0.0489662 0.195865 0.293797
191 0.28888 0.0412685 0.247611 0.330148
192 0.214468 0.0130433 0.201425 0.227511
193 0.260868 0.0602991 0.200569 0.321167
194 0.319671 0.0126158 0.307055 0.332286
195 0.261937 0.0600852 0.201852 0.322023
196 0.207839 0.00940839 0.198431 0.217248
197 0.252315 0.050463 0.201852 0.302778
198 0.324375 0.0130434 0.311331 0.337418
199 0.262151 0.0624373 0.199714 0.324589
200 0.32523 0.0177476 0.307482 0.342978
201 0.321595 0.00898068 0.312614 0.330576
202 0.269849 0.0645756 0.205273 0.334425
203 0.254453 0.0521737 0.20228 0.306627
204 0.260013 0.0581608 0.201852 0.318174
205 0.266855 0.062865 0.20399 0.32972
206 0.259799 0.0553811 0.204418 0.31518
207 0.325658 0.0143263 0.311331 0.339984
208 0.310048 0.00299349 0.307055 0.313042
209 0.323733 0.00812544 0.315608 0.331859
210 0.30791 0.00342128 0.304489 0.311331
211 0.314753 0.00769773 0.307055 0.32245
212 0.255523 0.0438344 0.211688 0.299357
213 0.283748 0.0793297 0.204418 0.363077
214 0.230933 0.0269421 0.20399 0.257875
215 0.308765 0.00299357 0.305772 0.311759
216 0.204418 0.00427652 0.200142 0.208695
217 0.313256 0.00491802 0.308338 0.318174
218 0.25317 0.0414824 0.211688 0.294653
219 0.260013 0.0440483 0.215965 0.304061
220 0.253812 0.0502493 0.203563 0.304061
221 0.208267 0.00213826 0.206129 0.210405
222 0.251888 0.051746 0.200142 0.303634
223 0.254667 0.0464003 0.208267 0.301068
224 0.274339 0.0694936 0.204846 0.343833
225 0.25873 0.0500354 0.208695 0.308765
226 0.260227 0.0515322 0.208695 0.311759
227 0.25424 0.0438344 0.210405 0.298074
228 0.325444 0.0166785 0.308765 0.342122
229 0.264931 0.0549534 0.209978 0.319884
230 0.310262 0.0104775 0.299785 0.32074
231 0.322878 0.0192444 0.303634 0.342122
232 0.305986 0.00106916 0.304917 0.307055
233 0.253171 0.0436206 0.20955 0.296791
234 0.256378 0.0464004 0.209978 0.302778
235 0.260868 0.0573055 0.203563 0.318174
236 0.256164 0.039344 0.21682 0.295508
237 0.25317 0.0478971 0.205273 0.301068
238 0.24868 0.0451174 0.203563 0.293798
239 0.236706 0.0263007 0.210405 0.263007
240 0.304061 0.0119744 0.292087 0.316036
241 0.304917 0.0119742 0.292942 0.316891
242 0.328651 0.0113328 0.317318 0.339984
243 0.325658 0.0117604 0.313897 0.337418
244 0.248253 0.0378472 0.210405 0.2861
245 0.251674 0.0472557 0.204418 0.298929
246 0.258089 0.0519598 0.206129 0.310048
247 0.244617 0.0431929 0.201424 0.28781
248 0.299785 0.00812538 0.291659 0.30791
249 0.260654 0.0476833 0.212971 0.308338
250 0.246114 0.0416961 0.204418 0.28781
251 0.258302 0.0585885 0.199714 0.316891
252 0.249108 0.0506768 0.198431 0.299785
253 0.197362 0.00149675 0.195865 0.198859
254 0.238844 0.0442621 0.194582 0.283106
255 0.235209 0.0406271 0.194582 0.275836
256 0.257233 0.0442621 0.212971 0.301495
257 0.257661 0.0583747 0.199286 0.316035
258 0.240769 0.0436206 0.197148 0.284389
259 0.241624 0.0393441 0.20228 0.280968
260 0.251032 0.0478972 0.203135 0.298929
261 0.254026 0.0320739 0.221952 0.2861
262 0.247397 0.0438344 0.203563 0.291232
263 0.252315 0.0543119 0.198003 0.306627
264 0.201638 0.00149675 0.200142 0.203135
265 0.251246 0.0493939 0.201852 0.30064
266 0.298716 0.00192447 0.296791 0.30064
267 0.285672 0.00299351 0.282679 0.288666
268 0.304061 0.00684248 0.297219 0.310904
269 0.292728 0.00277971 0.289949 0.295508
270 0.285458 0.00363506 0.281823 0.289093
271 0.29786 0.00534561 0.292515 0.303206
272 0.251246 0.0404132 0.210833 0.291659
273 0.295508 0.00299357 0.292515 0.298502
274 0.284603 0.00363506 0.280968 0.288238
275 0.292301 0.0104776 0.281823 0.302778
276 0.291873 0.00833924 0.283534 0.300212
277 0.292728 0.000641495 0.292087 0.29337
278 0.282251 0.000427648 0.281823 0.282679
279 0.298074 0.00812545 0.289949 0.3062
280 0.306413 0.00449038 0.301923 0.310904
281 0.285672 0.00598712 0.279685 0.291659
282 0.301495 0.00384887 0.297646 0.305344
283 0.308338 0.0243762 0.283962 0.332714
284 0.300854 0.0151817 0.285672 0.316035
285 0.250177 0.0483248 0.201852 0.298502
286 0.248466 0.0427653 0.205701 0.291232
287 0.246114 0.0412685 0.204846 0.287383
288 0.304703 0.000213861 0.304489 0.304917
289 0.323519 0.0104775 0.313042 0.333997
290 0.318388 0.0130434 0.305344 0.331431
291 0.303634 0.00299355 0.30064 0.306627
292 0.309407 0.0096222 0.299785 0.319029
293 0.298074 0.0128296 0.285244 0.310904
294 0.313683 0.014754 0.298929 0.328437
295 0.331217 0.0220241 0.309193 0.353241
296 0.311973 0.0228795 0.289093 0.334852
297 0.260227 0.0528151 0.207412 0.313042
298 0.305986 0.0138987 0.292087 0.319884
299 0.323306 0.019672 0.303634 0.342978
300 0.297433 0.00705628 0.290376 0.304489
301 0.307482 0 0.307482 0.307482
302 0.256592 0.0543119 0.20228 0.310904
303 0.294225 0.0111189 0.283106 0.305344
304 0.254881 0.0483247 0.206556 0.303206
305 0.252101 0.0536705 0.198431 0.305772
306 0.256378 0.034426 0.221952 0.290804
307 0.243976 0.0429791 0.200997 0.286955
308 0.250605 0.0500354 0.200569 0.30064
309 0.316463 0.0295081 0.286955 0.345971
310 0.322878 0.00598718 0.316891 0.328865
311 0.305558 0.0720595 0.233499 0.377618
312 0.259371 0.0583746 0.200997 0.317746
313 0.307269 0.0100498 0.297219 0.317318
314 0.302992 0.014754 0.288238 0.317746
315 0.308338 0.0269421 0.281396 0.33528
316 0.315822 0.0117604 0.304061 0.327582
317 0.308765 0.00299361 0.305772 0.311759
318 0.238844 0.0412685 0.197576 0.280113
319 0.2459 0.0410547 0.204846 0.286955
320 0.324375 0.00363502 0.32074 0.32801
321 0.312187 0.00513181 0.307055 0.317318
322 0.24868 0.0425515 0.206129 0.291232
323 0.333142 0.00213826 0.331003 0.33528
324 0.208908 0.00406272 0.204846 0.212971
325 0.29337 0.00513183 0.288238 0.298502
326 0.311973 0.0104776 0.301495 0.32245
327 0.314111 0.0134711 0.30064 0.327582
328 0.31518 0.0200997 0.29508 0.33528
329 0.315822 0.0211688 0.294653 0.33699
330 0.26322 0.0558087 0.207412 0.319029
331 0.298288 0.00149681 0.296791 0.299785
332 0.301495 0.00384887 0.297646 0.305344
333 0.310476 0.0136849 0.296791 0.324161
334 0.304275 0.00491796 0.299357 0.309193
335 0.308338 0 0.308338 0.308338
336 0.297646 0.00342122 0.294225 0.301068
337 0.302351 0.00513181 0.297219 0.307482
338 0.257875 0.0491801 0.208695 0.307055
339 0.250177 0.0440482 0.206129 0.294225
340 0.25146 0.0470419 0.204418 0.298502
341 0.254667 0.0459727 0.208695 0.30064
342 0.256592 0.0384887 0.218103 0.29508
343 0.209978 0.00427652 0.205701 0.214254
344 0.258302 0.053029 0.205273 0.311331
345 0.303634 0.00769773 0.295936 0.311331
346 0.298288 0.00491796 0.29337 0.303206
347 0.310262 0.00320742 0.307055 0.31347
348 0.306841 0.00919455 0.297646 0.316036
349 0.273056 0.0284389 0.244617 0.301495
350 0.274767 0.0600853 0.214682 0.334852
351 0.207626 0.000641502 0.206984 0.208267
352 0.253598 0.0470418 0.206556 0.30064
353 0.266428 0.0521736 0.214254 0.318601
354 0.303847 0.00534567 0.298502 0.309193
355 0.316463 0.0128296 0.303634 0.329293
356 0.320098 0.00662863 0.31347 0.326727
357 0.305986 0.000213861 0.305772 0.3062
358 0.311331 0.00427651 0.307055 0.315608
359 0.295722 0.00149681 0.294225 0.297219
360 0.252529 0.0429791 0.20955 0.295508
361 0.252529 0.0412685 0.211261 0.293797
362 0.259585 0.0474695 0.212116 0.307055
363 0.270063 0.0429791 0.227084 0.313042
364 0.258089 0.0493939 0.208695 0.307482
365 0.265359 0.0600853 0.205273 0.325444
366 0.249749 0.0449035 0.204846 0.294653
367 0.26151 0.0566639 0.204846 0.318174
368 0.259585 0.0543119 0.205273 0.313897
369 0.259799 0.045545 0.214254 0.305344
370 0.265786 0.0361367 0.22965 0.301923
371 0.294225 0.00641479 0.28781 0.30064
372 0.292728 0.0057734 0.286955 0.298502
373 0.251888 0.0521737 0.199714 0.304061
374 0.295936 0.00684243 0.289093 0.302778
375 0.305772 0.000427604 0.305344 0.306199
376 0.29615 0.00363506 0.292515 0.299785
377 0.292301 0.00534567 0.286955 0.297646
378 0.299357 0.000427708 0.298929 0.299785
379 0.256806 0.0446897 0.212116 0.301495
380 0.31069 0.00192441 0.308765 0.312614
381 0.310904 0.0106913 0.300212 0.321595
382 0.295722 0.00235206 0.29337 0.298074
383 0.248253 0.0352814 0.212971 0.283534
384 0.263648 0.0626511 0.200997 0.326299
385 0.250177 0.0474695 0.202707 0.297646
386 0.25595 0.0318602 0.22409 0.28781
387 0.266428 0.0620097 0.204418 0.328437
388 0.253598 0.0530289 0.200569 0.306627
389 0.306413 0.0104776 0.295936 0.316891
390 0.207839 0.0029935 0.204846 0.210833
391 0.314325 0.00470422 0.309621 0.319029
392 0.29337 0.00898062 0.284389 0.30235
393 0.311545 0.00919454 0.302351 0.32074
394 0.243548 0.0391303 0.204418 0.282679
395 0.404346 0.110548 0.293798 0.514894
396 0.300854 0.00919454 0.291659 0.310048
397 0.313683 0.0143264 0.299357 0.32801
398 0.249535 0.0442621 0.205273 0.293798
399 0.246756 0.0461866 0.200569 0.292942
400 0.253598 0.0401994 0.213399 0.293798
401 0.253598 0.0551672 0.198431 0.308765
402 0.257233 0.0511045 0.206129 0.308338
403 0.304061 0.00684242 0.297219 0.310904
404 0.25317 0.050463 0.202707 0.303634
405 0.247397 0.0429791 0.204418 0.290376
406 0.203563 0.00641472 0.197148 0.209978
407 0.298716 0.0113328 0.287383 0.310048
408 0.3124 0.00833917 0.304061 0.32074
409 0.312614 0.0094084 0.303206 0.322023
410 0.323092 0.00577334 0.317318 0.328865
411 0.252315 0.0526013 0.199714 0.304917
412 0.249108 0.0476832 0.201425 0.296791
413 0.249108 0.044262 0.204846 0.29337
414 0.248253 0.0438344 0.204418 0.292087
415 0.24697 0.0438344 0.203135 0.290804
416 0.301709 0.00662863 0.29508 0.308338
417 0.317532 0.0138988 0.303634 0.331431
418 0.31796 0.0203135 0.297646 0.338273
419 0.300854 0.00449042 0.296363 0.305344
420 0.305558 0.00277977 0.302778 0.308338
421 0.306841 0.0126158 0.294225 0.319457
422 0.289735 0.00064145 0.289093 0.290376
423 0.299143 0.00277975 0.296364 0.301923
424 0.313683 0.0194582 0.294225 0.333142
425 0.302992 0.0113328 0.291659 0.314325
426 0.312828 0.000213787 0.312614 0.313042
427 0.308124 0.0126158 0.295508 0.32074
428 0.292942 0.00598712 0.286955 0.298929
429 0.30791 0.00812545 0.299785 0.316036
430 0.302351 0.0119742 0.290376 0.314325
431 0.292728 0.0109052 0.281823 0.303634
432 0.30342 0.00235212 0.301068 0.305772
433 0.307269 0.01732 0.289949 0.324589
434 0.302351 0.0205273 0.281823 0.322878
435 0.298288 0.00534567 0.292942 0.303634
436 0.314539 0.0224518 0.292087 0.336991
437 0.297005 0.0070563 0.289949 0.304061
438 0.310904 0.00256591 0.308338 0.31347
439 0.307269 0.0113328 0.295936 0.318601
440 0.302992 0.00277977 0.300212 0.305772
441 0.307269 0.00406273 0.303206 0.311331
442 0.299998 0.00235212 0.297646 0.302351
443 0.306841 0.000213861 0.306627 0.307055
444 0.29337 0.00213826 0.291232 0.295508
445 0.294653 0.00769779 0.286955 0.302351
446 0.288238 0.00555947 0.282679 0.293798
447 0.294867 0.0134711 0.281396 0.308338
448 0.252743 0.0530289 0.199714 0.305772
449 0.286527 0.00470422 0.281823 0.291232
450 0.299143 0.00577334 0.29337 0.304917
451 0.311973 0.000213787 0.311759 0.312187
452 0.3124 0.00149682 0.310904 0.313897
453 0.315394 0.00577328 0.309621 0.321167
454 0.257661 0.0485386 0.209122 0.306199
455 0.283106 0.0679968 0.215109 0.351103
456 0.265359 0.0558087 0.20955 0.321167
457 0.328865 0.00299355 0.325872 0.331859
458 0.318815 0.0117605 0.307055 0.330576
459 0.257875 0.0508907 0.206984 0.308765
460 0.256806 0.0464003 0.210405 0.303206
461 0.254667 0.0459726 0.208695 0.30064
462 0.250177 0.0457588 0.204418 0.295936
463 0.306841 0.00876689 0.298074 0.315608
464 0.294867 0.00235212 0.292515 0.297219
465 0.315608 0.00470424 0.310904 0.320312
466 0.319029 0.00855303 0.310476 0.327582
467 0.310476 0.00598718 0.304489 0.316463
468 0.255095 0.0446897 0.210405 0.299785
469 0.265786 0.0570916 0.208695 0.322878
470 0.259371 0.0540981 0.205273 0.31347
471 0.259799 0.0536704 0.206129 0.31347
472 0.24868 0.0438344 0.204846 0.292515
473 0.259371 0.0549534 0.204418 0.314325
474 0.260227 0.0498216 0.210405 0.310048
475 0.260654 0.0408408 0.219814 0.301495
476 0.250177 0.0457589 0.204418 0.295936
477 0.322664 0.00833924 0.314325 0.331003
478 0.327154 0.0153955 0.311759 0.34255
479 0.313256 0.00406271 0.309193 0.317318
480 0.315608 0.00598718 0.309621 0.321595
481 0.299999 0.00491802 0.29508 0.304917
482 0.298502 0.00342122 0.29508 0.301923
483 0.309621 0.0132573 0.296364 0.322878
484 0.3325 0.034426 0.298074 0.366926
485 0.316677 0.014754 0.301923 0.331431
486 0.304275 0.0010691 0.303206 0.305344
487 0.30342 0.0104775 0.292942 0.313897
488 0.304061 0.0115467 0.292515 0.315608
489 0.260227 0.0408408 0.219386 0.301068
490 0.253384 0.0451174 0.208267 0.298502
491 0.248894 0.0453312 0.203563 0.294225
492 0.209978 0.00384887 0.206129 0.213826
493 0.254667 0.0391303 0.215537 0.293798
494 0.251888 0.0401993 0.211688 0.292087
495 0.253812 0.0459727 0.207839 0.299785
496 0.247183 0.0436206 0.203563 0.290804
497 0.274553 0.0645756 0.209978 0.339129
498 0.301068 0.00384893 0.297219 0.304917
499 0.294439 0.00534567 0.289093 0.299785
500 0.301068 0.00513189 0.295936 0.3062
501 0.316036 0.0252315 0.290804 0.341267
502 0.299785 0.0141125 0.285672 0.313897
503 0.312187 0.0106913 0.301495 0.322878
504 0.288666 0.000855312 0.28781 0.289521
505 0.285886 0.00149681 0.284389 0.287383
506 0.257019 0.0538843 0.203135 0.310904
507 0.298716 0.0104775 0.288238 0.309193
508 0.299357 0.0128296 0.286527 0.312187
509 0.294867 0.0104774 0.284389 0.305344
510 0.291445 0.00919454 0.282251 0.30064
511 0.256378 0.0446897 0.211688 0.301068
512 0.210619 0.00235206 0.208267 0.212971
513 0.205487 0.00363507 0.201852 0.209122
514 0.313897 0.000427589 0.31347 0.314325
515 0.303634 0.00769779 0.295936 0.311331
516 0.298929 0.0136849 0.285245 0.312614
517 0.270918 0.056664 0.214254 0.327582
518 0.253598 0.0547396 0.198859 0.308338
519 0.244404 0.0438344 0.200569 0.288238
520 0.29059 0.00491802 0.285672 0.295508
521 0.24141 0.0404132 0.200997 0.281823
522 0.251888 0.0508907 0.200997 0.302778
523 0.247611 0.0461866 0.201424 0.293798
524 0.245473 0.0478971 0.197576 0.29337
525 0.292087 0.000855371 0.291232 0.292942
526 0.30064 0.00470416 0.295936 0.305344
527 0.309835 0.0151817 0.294653 0.325016
528 0.292087 0.00213832 0.289949 0.294225
529 0.304703 0.000213861 0.304489 0.304917
530 0.285244 0.0171061 0.268138 0.302351
531 0.249322 0.0483247 0.200997 0.297646
532 0.249108 0.0498216 0.199286 0.298929
533 0.252743 0.0491801 0.203563 0.301923
534 0.249322 0.0410547 0.208267 0.290376
535 0.316677 0.00833923 0.308338 0.325016
536 0.252101 0.0434067 0.208695 0.295508
537 0.300854 0.00876684 0.292087 0.309621
538 0.301495 0.00171061 0.299785 0.303206
539 0.208481 0.000213802 0.208267 0.208695
540 0.204204 0.00320736 0.200997 0.207412
541 0.255309 0.0312186 0.22409 0.286527
542 0.301923 0.00898068 0.292942 0.310904
543 0.306413 0.00449036 0.301923 0.310904
544 0.303634 0.00555947 0.298074 0.309193
545 0.31069 0.00876684 0.301923 0.319457
546 0.253598 0.0487525 0.204846 0.302351
547 0.310476 0.00171061 0.308765 0.312187
548 0.291445 0.00149676 0.289949 0.292942
549 0.29059 0.000213802 0.290376 0.290804
550 0.321595 0.00513183 0.316463 0.326727
551 0.308338 0.0115467 0.296791 0.319884
552 0.257019 0.0461865 0.210833 0.303206
553 0.302137 0.00491808 0.297219 0.307055
554 0.260013 0.0521737 0.207839 0.312187
555 0.287383 0.0230933 0.264289 0.310476
556 0.268138 0.0645756 0.203563 0.332714
557 0.258088 0.0575193 0.200569 0.315608
558 0.262151 0.0590161 0.203135 0.321167
559 0.255523 0.0540981 0.201424 0.309621
560 0.243121 0.0434068 0.199714 0.286527
561 0.249536 0.0489663 0.200569 0.298502
562 0.242479 0.0423376 0.200142 0.284817
563 0.324589 0.00769773 0.316891 0.332286
564 0.257447 0.0483248 0.209122 0.305772
565 0.247611 0.0461865 0.201425 0.293798
566 0.20228 0.00384886 0.198431 0.206129
567 0.20399 0.00384887 0.200142 0.207839
568 0.198859 0.000855304 0.198003 0.199714
569 0.207626 0.00235211 0.205273 0.209978
570 0.205915 0.00577327 0.200142 0.211688
571 0.256164 0.050463 0.205701 0.306627
572 0.29615 0.00149681 0.294653 0.297646
573 0.295294 0.00235204 0.292942 0.297646
574 0.309407 0.00662863 0.302778 0.316035
575 0.252957 0.0412685 0.211688 0.294225
576 0.257661 0.0519599 0.205701 0.309621
577 0.200355 0.00406272 0.196293 0.204418
578 0.203777 0.00192452 0.201852 0.205701
579 0.20228 0.000427656 0.201852 0.202707
580 0.208053 0.00876689 0.199286 0.21682
581 0.198431 0 0.198431 0.198431
582 0.25595 0.0485386 0.207412 0.304489
583 0.214468 0.00106916 0.213399 0.215537
584 0.207839 0.00470423 0.203135 0.212544
585 0.316891 0.00812538 0.308765 0.325016
586 0.258302 0.050463 0.207839 0.308765
587 0.254667 0.0485386 0.206129 0.303206
588 0.314325 0.00513183 0.309193 0.319457
589 0.268352 0.0549534 0.213399 0.323306
590 0.319243 0.0113329 0.30791 0.330576
591 0.26878 0.0511045 0.217675 0.319884
592 0.259799 0.0489662 0.210833 0.308765
593 0.268566 0.0363505 0.232216 0.304917
594 0.322236 0.0091946 0.313042 0.331431
595 0.258302 0.0449036 0.213399 0.303206
596 0.20506 0.00149675 0.203563 0.206556
597 0.206342 0.000213802 0.206129 0.206556
598 0.201425 0.000427648 0.200997 0.201852
599 0.204204 0.00320736 0.200997 0.207412
600 0.211688 0.00513188 0.206556 0.21682
601 0.201638 0.000641502 0.200997 0.20228
602 0.201852 0.00128289 0.200569 0.203135
603 0.20399 0.00171061 0.20228 0.205701
604 0.205701 0.00384887 0.201852 0.20955
605 0.255736 0.0504631 0.205273 0.3062
606 0.261082 0.0575194 0.203563 0.318601
607 0.256164 0.0538842 0.20228 0.310048
608 0.233712 0.027156 0.206556 0.260868
609 0.315822 0.00534567 0.310476 0.321167
610 0.309193 0.000855297 0.308338 0.310048
611 0.260868 0.0538843 0.206984 0.314753
612 0.302351 0.00299355 0.299357 0.305344
613 0.294867 0.00449038 0.290376 0.299357
614 0.302137 0.00235216 0.299785 0.304489
615 0.302351 0.0119742 0.290376 0.314325
616 0.302992 0.00833918 0.294653 0.311331
617 0.304061 0.0183891 0.285672 0.32245
618 0.304489 0.0192444 0.285244 0.323733
619 0.262579 0.0551673 0.207412 0.317746
620 0.204204 0.00277977 0.201424 0.206984
621 0.208053 0.00449038 0.203563 0.212544
622 0.203135 0.00171055 0.201425 0.204846
623 0.207839 0.00641484 0.201424 0.214254
624 0.200783 0.00064145 0.200142 0.201424
625 0.245473 0.0440483 0.201424 0.289521
626 0.242693 0.0387026 0.20399 0.281396
627 0.20228 0.000427656 0.201852 0.202707
628 0.252743 0.0491801 0.203563 0.301923
629 0.202921 0.00363507 0.199286 0.206556
630 0.20677 0.00363507 0.203135 0.210405
631 0.203349 0.00662857 0.19672 0.209978
632 0.199928 0.00235206 0.197576 0.20228
633 0.259799 0.0536704 0.206129 0.31347
634 0.199072 0.00235211 0.19672 0.201425
635 0.241838 0.0472556 0.194582 0.289093
636 0.19672 0.00171061 0.19501 0.198431
637 0.239058 0.0414823 0.197576 0.28054
638 0.249535 0.0489663 0.200569 0.298502
639 0.201852 0.00171061 0.200142 0.203563
640 0.268566 0.0607267 0.207839 0.329293
641 0.257447 0.0568778 0.200569 0.314325
642 0.256164 0.0543119 0.201852 0.310476
643 0.259799 0.0605129 0.199286 0.320312
644 0.256164 0.0440482 0.212116 0.300212
645 0.260654 0.0540981 0.206556 0.314752
646 0.267497 0.0712042 0.196293 0.338701
647 0.328224 0.0280113 0.300212 0.356235
648 0.325658 0.0138987 0.311759 0.339556
649 0.232216 0.0256592 0.206556 0.257875
650 0.207412 0.00470417 0.202707 0.212116
651 0.196507 0.000213854 0.196293 0.19672
652 0.245473 0.0457588 0.199714 0.291232
653 0.295294 0.00748388 0.28781 0.302778
654 0.289307 0.00791159 0.281396 0.297219
655 0.288666 0.00812538 0.28054 0.296791
656 0.285458 0.00406267 0.281396 0.289521
657 0.299785 0.0162508 0.283534 0.316035
658 0.289521 0.00727007 0.282251 0.296791
659 0.283961 0.00470418 0.279257 0.288666
660 0.292942 0.00598718 0.286955 0.298929
661 0.261082 0.065217 0.195865 0.326299
662 0.250177 0.0478971 0.20228 0.298074
663 0.260441 0.0530289 0.207412 0.31347
664 0.261296 0.0611544 0.200141 0.32245
665 0.26322 0.0519598 0.211261 0.31518
666 0.251032 0.0470419 0.20399 0.298074
667 0.252743 0.0491801 0.203563 0.301923
668 0.258302 0.0534566 0.204846 0.311759
669 0.252957 0.046828 0.206129 0.299785
670 0.204846 0.00727008 0.197576 0.212116
671 0.243976 0.0434067 0.200569 0.287383
672 0.272201 0.0609406 0.211261 0.333142
673 0.260227 0.0605129 0.199714 0.32074
674 0.251674 0.0523874 0.199286 0.304061
675 0.272201 0.0549534 0.217248 0.327154
676 0.248039 0.0474694 0.200569 0.295508
677 0.254454 0.0474695 0.206984 0.301923
678 0.309193 0.00171061 0.307482 0.310904
679 0.302564 0.00277971 0.299785 0.305344
680 0.316891 0.0226656 0.294225 0.339556
681 0.289949 0.00213821 0.28781 0.292087
682 0.287169 0.00235212 0.284817 0.289521
683 0.303847 0.0190305 0.284817 0.322878
684 0.265145 0.0637203 0.201424 0.328865
685 0.242479 0.0461865 0.196293 0.288666
686 0.275408 0.00641477 0.268994 0.281823
687 0.250391 0.0468279 0.203563 0.297219
688 0.244831 0.0472557 0.197576 0.292087
689 0.259158 0.0372058 0.221952 0.296364
690 0.249963 0.0519598 0.198003 0.301923
691 0.197148 0.000855297 0.196293 0.198003
692 0.197576 0.000855304 0.19672 0.198431
693 0.294225 0.00171061 0.292515 0.295936
694 0.291018 0.00534563 0.285672 0.296363
695 0.291445 0.00320736 0.288238 0.294653
696 0.247825 0.0408408 0.206984 0.288666
697 0.291873 0.00363506 0.288238 0.295508
698 0.203563 0.00855304 0.19501 0.212116
699 0.196934 0.00192446 0.19501 0.198859
700 0.195437 0.000855304 0.194582 0.196293
701 0.246114 0.0451174 0.200997 0.291232
702 0.255523 0.0395579 0.215965 0.29508
703 0.247825 0.0519598 0.195865 0.299785
704 0.248039 0.0457588 0.20228 0.293797
705 0.26151 0.0498216 0.211688 0.311331
706 0.259585 0.0478971 0.211688 0.307482
707 0.252315 0.0521737 0.200142 0.304489
708 0.25595 0.0506769 0.205273 0.306627
709 0.262579 0.0620097 0.200569 0.324589
710 0.325658 0.00064151 0.325016 0.326299
711 0.27049 0.0570916 0.213399 0.327582
712 0.270704 0.0547396 0.215965 0.325444
713 0.267711 0.060299 0.207412 0.32801
714 0.20677 0.00064151 0.206129 0.207412
715 0.257233 0.0511045 0.206129 0.308338
716 0.257233 0.0476833 0.20955 0.304917
717 0.263648 0.0515322 0.212116 0.31518
718 0.253812 0.0421238 0.211688 0.295936
719 0.253598 0.0427653 0.210833 0.296364
720 0.263648 0.0553811 0.208267 0.319029
721 0.257233 0.0519598 0.205273 0.309193
722 0.266642 0.0600853 0.206556 0.326727
723 0.26322 0.045545 0.217675 0.308765
724 0.323733 0.0175338 0.306199 0.341267
725 0.320953 0.0194582 0.301495 0.340412
726 0.261724 0.053029 0.208695 0.314753
727 0.262365 0.0515322 0.210833 0.313897
728 0.256806 0.0515322 0.205273 0.308338
729 0.260013 0.0534566 0.206556 0.31347
730 0.256164 0.0500354 0.206129 0.306199
731 0.298074 0.00555947 0.292515 0.303634
732 0.308765 0.00769773 0.301068 0.316463
733 0.298074 0.00427651 0.293798 0.302351
734 0.265786 0.0575193 0.208267 0.323306
735 0.31069 0.00149681 0.309193 0.312187
736 0.253171 0.0457588 0.207412 0.298929
737 0.329934 0.0164646 0.31347 0.346399
738 0.308765 0.00213826 0.306627 0.310904
739 0.267711 0.051746 0.215965 0.319457
740 0.256164 0.0449035 0.211261 0.301068
741 0.263434 0.0500354 0.213399 0.31347
742 0.261937 0.0476833 0.214254 0.309621
743 0.21404 0.000213802 0.213827 0.214254
744 0.312614 0.000855297 0.311759 0.31347
745 0.312828 0.00449036 0.308338 0.317318
746 0.316891 0.0119743 0.304917 0.328865
747 0.298502 0.00727002 0.291232 0.305772
748 0.297646 0.00769773 0.289949 0.305344
749 0.297433 0.00662863 0.290804 0.304061
750 0.307055 0.00983599 0.297219 0.316891
751 0.247825 0.044262 0.203563 0.292087
752 0.247397 0.0429791 0.204418 0.290376
753 0.205487 0.00320742 0.20228 0.208695
754 0.267283 0.0585885 0.208695 0.325872
755 0.29615 0.0100499 0.2861 0.3062
756 0.206129 0.00513182 0.200997 0.211261
757 0.242907 0.0496077 0.193299 0.292515
758 0.248894 0.04191 0.206984 0.290804
759 0.204204 0.00235206 0.201852 0.206556
760 0.197789 0.00064151 0.197148 0.198431
761 0.203777 0.000213854 0.203563 0.20399
762 0.203349 0.00449043 0.198859 0.207839
763 0.240555 0.0438344 0.19672 0.284389
764 0.258516 0.0528152 0.205701 0.311331
765 0.240982 0.0395578 0.201425 0.28054
766 0.284817 0.00598712 0.27883 0.290804
767 0.304917 0.00256591 0.302351 0.307482
768 0.297005 0.0100498 0.286955 0.307055
769 0.248466 0.043193 0.205273 0.291659
770 0.251032 0.0466141 0.204418 0.297646
771 0.247825 0.0459727 0.201852 0.293798
772 0.24697 0.0459727 0.200997 0.292942
773 0.298502 0.00384893 0.294653 0.302351
774 0.30064 0.00898069 0.291659 0.309621
775 0.303206 0.020955 0.282251 0.324161
776 0.307055 0.00256597 0.304489 0.309621
777 0.308552 0.0138988 0.294653 0.32245
778 0.316249 0.00577326 0.310476 0.322023
779 0.301495 0.0141126 0.287383 0.315608
780 0.298288 0.0113328 0.286955 0.309621
781 0.313897 0.0102637 0.303634 0.324161
782 0.313042 0.0132573 0.299785 0.326299
783 0.313042 0.011119 0.301923 0.324161
784 0.252529 0.0511045 0.201425 0.303634
785 0.257447 0.0470418 0.210405 0.304489
786 0.293584 0.0100498 0.283534 0.303634
787 0.32074 0.0128296 0.30791 0.333569
788 0.297433 0.0126158 0.284817 0.310048
789 0.254667 0.0498216 0.204846 0.304489
790 0.250818 0.0528151 0.198003 0.303634
791 0.306627 0.0222379 0.284389 0.328865
792 0.309621 0.00128295 0.308338 0.310904
793 0.299143 0.0113328 0.28781 0.310476
794 0.322878 0.00171067 0.321167 0.324589
795 0.263862 0.0496077 0.214254 0.31347
796 0.242907 0.0449036 0.198003 0.28781
797 0.252315 0.0423376 0.209978 0.294653
798 0.260227 0.0596576 0.200569 0.319884
799 0.297219 0.00641477 0.290804 0.303634
