# ../output/graphs/perf_parallel57QUADRUPED_thread3
# step - mean (0.28602) - standard deviation (0.0551228) r=2 - ylow - yhigh
0 0.329079 0.0220241 0.307055 0.351103
1 0.322023 0.0179614 0.304061 0.339984
2 0.330362 0.0335707 0.296791 0.363933
3 0.333142 0.018389 0.314753 0.351531
4 0.341267 0.030791 0.310476 0.372058
5 0.337204 0.0203135 0.316891 0.357518
6 0.320312 0.0145402 0.305772 0.334852
7 0.322878 0.0218103 0.301068 0.344688
8 0.327796 0.0292942 0.298502 0.35709
9 0.32972 0.0141126 0.315608 0.343833
10 0.391302 0.0748392 0.316463 0.466142
11 0.321381 0.0126158 0.308765 0.333997
12 0.322878 0.0166784 0.3062 0.339556
13 0.25424 0.0472556 0.206984 0.301495
14 0.260227 0.0523875 0.207839 0.312614
15 0.331431 0.0188167 0.312614 0.350248
16 0.320312 0.0188167 0.301495 0.339129
17 0.27049 0.0630788 0.207412 0.333569
18 0.262579 0.0547396 0.207839 0.317318
19 0.483248 0.157804 0.325444 0.641052
20 0.269421 0.0555948 0.213827 0.325016
21 0.316677 0.0164646 0.300212 0.333142
22 0.314111 0.0151817 0.298929 0.329293
23 0.304061 0.00641485 0.297646 0.310476
24 0.321595 0.0179614 0.303634 0.339556
25 0.307269 0.00748388 0.299785 0.314752
26 0.38895 0.0686383 0.320312 0.457589
27 0.257875 0.0500354 0.207839 0.30791
28 0.314111 0.0104775 0.303634 0.324589
29 0.321809 0.00748393 0.314325 0.329293
30 0.314753 0.00983599 0.304917 0.324589
31 0.326727 0.0235209 0.303206 0.350248
32 0.321809 0.0173199 0.304489 0.339129
33 0.271773 0.0600852 0.211688 0.331859
34 0.277119 0.060299 0.21682 0.337418
35 0.261082 0.057947 0.203135 0.319029
36 0.329079 0.00406273 0.325016 0.333142
37 0.323947 0.00705628 0.316891 0.331003
38 0.321809 0.0126158 0.309193 0.334425
39 0.274767 0.0613682 0.213399 0.336135
40 0.329507 0.00577332 0.323733 0.33528
41 0.330362 0.00149675 0.328865 0.331859
42 0.319884 0.0132573 0.306627 0.333142
43 0.321809 0.0156092 0.3062 0.337418
44 0.266428 0.0534566 0.212971 0.319884
45 0.316463 0.00256585 0.313897 0.319029
46 0.318601 0.00684242 0.311759 0.325444
47 0.207839 0.00684243 0.200997 0.214682
48 0.252743 0.0457589 0.206984 0.298502
49 0.252315 0.0573055 0.19501 0.309621
50 0.317105 0.0109052 0.306199 0.32801
51 0.3124 0.0019244 0.310476 0.314325
52 0.322878 0.0149679 0.30791 0.337846
53 0.324161 0 0.324161 0.324161
54 0.304061 0.00769779 0.296363 0.311759
55 0.268138 0.0367781 0.23136 0.304916
56 0.262579 0.062865 0.199714 0.325444
57 0.249108 0.0536705 0.195437 0.302778
58 0.270277 0.040627 0.22965 0.310904
59 0.248466 0.0453312 0.203135 0.293798
60 0.263434 0.0658585 0.197576 0.329293
61 0.319457 0.0119743 0.307482 0.331431
62 0.306199 0.00171061 0.304489 0.30791
63 0.313683 0.000213861 0.31347 0.313897
64 0.314753 0.0136849 0.301068 0.328437
65 0.262365 0.0489663 0.213399 0.311331
66 0.332928 0.00320742 0.32972 0.336135
67 0.253812 0.0575194 0.196293 0.311331
68 0.321167 0.00855303 0.312614 0.32972
69 0.328865 0.00855303 0.320312 0.337418
70 0.309407 0.00876689 0.30064 0.318174
71 0.319884 0.00299355 0.316891 0.322878
72 0.326941 0.0096222 0.317318 0.336563
73 0.275836 0.0671415 0.208695 0.342978
74 0.274339 0.0626511 0.211688 0.33699
75 0.265359 0.0536704 0.211688 0.319029
76 0.261296 0.0581608 0.203135 0.319457
77 0.260013 0.0543119 0.205701 0.314325
78 0.305558 0.0198859 0.285672 0.325444
79 0.267711 0.0568778 0.210833 0.324589
80 0.272843 0.0650032 0.207839 0.337846
81 0.276905 0.0652171 0.211688 0.342122
82 0.260868 0.0555949 0.205273 0.316463
83 0.327368 0.00577332 0.321595 0.333142
84 0.328651 0.0147541 0.313897 0.343405
85 0.322023 0.00983605 0.312187 0.331859
86 0.333142 0.0183891 0.314753 0.351531
87 0.262579 0.0521736 0.210405 0.314753
88 0.263648 0.0493939 0.214254 0.313042
89 0.266 0.0641479 0.201852 0.330148
90 0.266855 0.0461866 0.220669 0.313042
91 0.267711 0.0581608 0.20955 0.325872
92 0.274767 0.0703489 0.204418 0.345116
93 0.32972 0.00171055 0.32801 0.331431
94 0.261937 0.0493939 0.212544 0.311331
95 0.319671 0.0104775 0.309193 0.330148
96 0.343619 0.00491802 0.338701 0.348537
97 0.29337 0.0474695 0.2459 0.340839
98 0.212971 0.00213826 0.210833 0.215109
99 0.265572 0.0607268 0.204846 0.326299
100 0.330148 0.00769773 0.32245 0.337846
101 0.270277 0.0632926 0.206984 0.333569
102 0.328865 0.000855297 0.32801 0.32972
103 0.332928 0.016037 0.316891 0.348965
104 0.321167 0.00128296 0.319884 0.32245
105 0.311545 0.00192446 0.309621 0.31347
106 0.337204 0.000213802 0.33699 0.337418
107 0.324802 0.00320736 0.321595 0.32801
108 0.346185 0.025873 0.320312 0.372058
109 0.264717 0.0585885 0.206129 0.323306
110 0.261296 0.0602991 0.200997 0.321595
111 0.260868 0.0560225 0.204846 0.316891
112 0.262151 0.0611544 0.200997 0.323306
113 0.282892 0.0617959 0.221097 0.344688
114 0.260654 0.056664 0.20399 0.317318
115 0.283534 0.062865 0.220669 0.346399
116 0.25873 0.0470418 0.211688 0.305772
117 0.319884 0.00940832 0.310476 0.329293
118 0.268138 0.0624374 0.205701 0.330576
119 0.313042 0.00727008 0.305772 0.320312
120 0.256806 0.049394 0.207412 0.3062
121 0.315394 0.00620098 0.309193 0.321595
122 0.321381 0.00149681 0.319884 0.322878
123 0.31796 0.00235206 0.315608 0.320312
124 0.32523 0.00491796 0.320312 0.330148
125 0.313897 0.00983599 0.304061 0.323733
126 0.267283 0.0577331 0.20955 0.325016
127 0.271346 0.0716318 0.199714 0.342978
128 0.260868 0.0491801 0.211688 0.310048
129 0.270704 0.0590162 0.211688 0.32972
130 0.328437 0.0094084 0.319029 0.337846
131 0.323092 0.0151817 0.30791 0.338273
132 0.328651 0.0019244 0.326727 0.330576
133 0.31967 0.0138988 0.305772 0.333569
134 0.262365 0.0553811 0.206984 0.317746
135 0.333142 0.00427651 0.328865 0.337418
136 0.316036 0.011119 0.304917 0.327155
137 0.318601 0.00983605 0.308765 0.328437
138 0.292301 0.0254454 0.266855 0.317746
139 0.256164 0.0538843 0.20228 0.310048
140 0.256378 0.0515322 0.204846 0.30791
141 0.262793 0.0438344 0.218958 0.306627
142 0.255523 0.0498216 0.205701 0.305344
143 0.278616 0.0716319 0.206984 0.350248
144 0.254453 0.0526013 0.201852 0.307055
145 0.203777 0.00449032 0.199286 0.208267
146 0.253598 0.0555949 0.198003 0.309193
147 0.257447 0.0470418 0.210405 0.304489
148 0.250818 0.0506769 0.200142 0.301495
149 0.251246 0.0489663 0.20228 0.300212
150 0.311973 0.0117605 0.300212 0.323733
151 0.319671 0.00406273 0.315608 0.323733
152 0.331217 0.00833924 0.322878 0.339556
153 0.314753 0.0094084 0.305344 0.324161
154 0.260013 0.0538842 0.206129 0.313897
155 0.268566 0.0551672 0.213399 0.323733
156 0.258302 0.0577332 0.200569 0.316036
157 0.257019 0.0504631 0.206556 0.307482
158 0.350462 0.0314325 0.319029 0.381894
159 0.322236 0.0109052 0.311331 0.333142
160 0.260441 0.053029 0.207412 0.31347
161 0.261296 0.055595 0.205701 0.316891
162 0.253384 0.0536704 0.199714 0.307055
163 0.340839 0.00727007 0.333569 0.348109
164 0.326513 0.00235212 0.324161 0.328865
165 0.331645 0.000213802 0.331431 0.331859
166 0.324375 0.00363508 0.32074 0.32801
167 0.31518 0.00513183 0.310048 0.320312
168 0.317105 0.00149681 0.315608 0.318601
169 0.256164 0.0526013 0.203563 0.308765
170 0.250391 0.0536704 0.19672 0.304061
171 0.262365 0.0600853 0.20228 0.32245
172 0.264717 0.0637203 0.200997 0.328437
173 0.250177 0.053029 0.197148 0.303206
174 0.277333 0.0686382 0.208695 0.345971
175 0.249963 0.0532428 0.19672 0.303206
176 0.265786 0.0596576 0.206129 0.325444
177 0.320954 0.00919454 0.311759 0.330148
178 0.257875 0.0641479 0.193727 0.322023
179 0.257875 0.0598714 0.198003 0.317746
180 0.253812 0.057947 0.195865 0.311759
181 0.325871 0.00513189 0.32074 0.331003
182 0.265145 0.0594437 0.205701 0.324589
183 0.260227 0.0434067 0.21682 0.303634
184 0.310048 0.0141126 0.295936 0.324161
185 0.259799 0.0635064 0.196293 0.323305
186 0.332714 0.0166785 0.316035 0.349392
187 0.261082 0.048111 0.212971 0.309193
188 0.205915 0.00577333 0.200142 0.211688
189 0.310476 0.00855303 0.301923 0.319029
190 0.304916 0.00727008 0.297646 0.312187
191 0.31347 0.0188167 0.294653 0.332286
192 0.32972 0.0153955 0.314325 0.345116
193 0.272843 0.0286527 0.24419 0.301495
194 0.331217 0.00577338 0.325444 0.336991
195 0.323733 0.0166785 0.307055 0.340412
196 0.317746 0.0153955 0.302351 0.333142
197 0.313042 0.00256597 0.310476 0.315608
198 0.306413 0.0113328 0.29508 0.317746
199 0.319457 0.00769772 0.311759 0.327154
200 0.276478 0.0652171 0.211261 0.341695
201 0.31796 0.00320742 0.314753 0.321167
202 0.267925 0.0588023 0.209122 0.326727
203 0.26151 0.0558087 0.205701 0.317318
204 0.318601 0.00684242 0.311759 0.325444
205 0.262151 0.0534566 0.208695 0.315608
206 0.267069 0.0665 0.200569 0.333569
207 0.273484 0.0609405 0.212544 0.334425
208 0.266642 0.0630788 0.203563 0.32972
209 0.260441 0.0598714 0.200569 0.320312
210 0.277119 0.0688521 0.208267 0.345971
211 0.316463 0.00598712 0.310476 0.32245
212 0.324589 0.0162508 0.308338 0.340839
213 0.258944 0.0558087 0.203135 0.314752
214 0.255523 0.0549534 0.200569 0.310476
215 0.261937 0.0476834 0.214254 0.309621
216 0.256592 0.0547396 0.201852 0.311331
217 0.254667 0.0511045 0.203563 0.305772
218 0.276264 0.0684244 0.207839 0.344688
219 0.255736 0.053029 0.202707 0.308765
220 0.26322 0.046828 0.216392 0.310048
221 0.211261 0.00171061 0.20955 0.212971
222 0.1995 0.00192446 0.197576 0.201425
223 0.268566 0.0671415 0.201424 0.335707
224 0.324589 0.0132572 0.311331 0.337846
225 0.32245 0.0128296 0.309621 0.33528
226 0.267497 0.0540981 0.213399 0.321595
227 0.319243 0.00064151 0.318601 0.319884
228 0.322023 0.00470422 0.317318 0.326727
229 0.340198 0.000213787 0.339984 0.340412
230 0.26322 0.056664 0.206556 0.319884
231 0.314966 0.00577332 0.309193 0.32074
232 0.32074 0.0111189 0.309621 0.331859
233 0.211047 0.00320736 0.207839 0.214254
234 0.280754 0.0511045 0.22965 0.331859
235 0.316677 0.00534567 0.311331 0.322023
236 0.325658 0.00106916 0.324589 0.326727
237 0.31796 0.00705628 0.310904 0.325016
238 0.261082 0.0489663 0.212116 0.310048
239 0.3124 0.00277971 0.309621 0.31518
240 0.309193 0.00171061 0.307482 0.310904
241 0.318388 0.00748394 0.310904 0.325872
242 0.319029 0.00812544 0.310904 0.327155
243 0.339343 0.0130433 0.326299 0.352386
244 0.314539 0.00491798 0.309621 0.319457
245 0.314966 0.00876689 0.306199 0.323733
246 0.270277 0.0585885 0.211688 0.328865
247 0.209336 0.00363513 0.205701 0.212971
248 0.261296 0.0641479 0.197148 0.325444
249 0.323733 0.00598712 0.317746 0.32972
250 0.312614 0.00598712 0.306627 0.318601
251 0.321167 0.0102637 0.310904 0.331431
252 0.304489 0.00213826 0.302351 0.306627
253 0.310904 0.0141126 0.296791 0.325016
254 0.310904 0.00213832 0.308765 0.313042
255 0.249108 0.0472557 0.201852 0.296364
256 0.24868 0.0489663 0.199714 0.297646
257 0.32074 0.00213826 0.318601 0.322878
258 0.318815 0.00662863 0.312187 0.325444
259 0.317746 0.0106913 0.307055 0.328437
260 0.31518 0.000427648 0.314753 0.315608
261 0.254026 0.0457588 0.208267 0.299785
262 0.251888 0.0504631 0.201424 0.302351
263 0.257661 0.0540981 0.203563 0.311759
264 0.245473 0.0372059 0.208267 0.282679
265 0.327368 0.00534561 0.322023 0.332714
266 0.305558 0.00748393 0.298074 0.313042
267 0.252957 0.0532428 0.199714 0.306199
268 0.331431 0.00513183 0.326299 0.336563
269 0.262365 0.0502492 0.212116 0.312614
270 0.204418 0.0017106 0.202707 0.206129
271 0.258089 0.0549534 0.203135 0.313042
272 0.298716 0.00149681 0.297219 0.300212
273 0.297005 0.000641495 0.296363 0.297646
274 0.319884 0.00727007 0.312614 0.327154
275 0.304061 0.00598712 0.298074 0.310048
276 0.252101 0.0519598 0.200142 0.304061
277 0.321167 0.00684243 0.314325 0.32801
278 0.259158 0.0478971 0.211261 0.307055
279 0.25873 0.0594438 0.199286 0.318174
280 0.332072 0.0228794 0.309193 0.354952
281 0.299357 0.000855297 0.298502 0.300212
282 0.312401 0.00791159 0.304489 0.320312
283 0.321595 0.00641485 0.31518 0.32801
284 0.324161 0.00213832 0.322023 0.326299
285 0.311118 0.00192446 0.309193 0.313042
286 0.301709 0.0382749 0.263434 0.339984
287 0.266428 0.0551672 0.211261 0.321595
288 0.335921 0.00106916 0.334852 0.33699
289 0.318601 0.00427645 0.314325 0.322878
290 0.317318 0.00940834 0.30791 0.326727
291 0.316463 0.011119 0.305344 0.327582
292 0.323947 0.0104775 0.31347 0.334425
293 0.328437 0.012402 0.316035 0.340839
294 0.319029 0.00812544 0.310904 0.327155
295 0.306841 0.000213802 0.306627 0.307055
296 0.305986 0.00064151 0.305344 0.306627
297 0.321595 0.000855371 0.32074 0.32245
298 0.311545 0.00192441 0.309621 0.31347
299 0.319029 0.00898069 0.310048 0.32801
300 0.267069 0.0630788 0.20399 0.330148
301 0.309193 0.00128302 0.30791 0.310476
302 0.264717 0.0555949 0.209122 0.320312
303 0.415465 0.0801849 0.33528 0.49565
304 0.301923 0.00213827 0.299785 0.304061
305 0.308124 0.0057734 0.30235 0.313897
306 0.312828 0.00406273 0.308765 0.316891
307 0.319671 0.0177476 0.301923 0.337418
308 0.276478 0.0549534 0.221524 0.331431
309 0.260441 0.0491801 0.211261 0.309621
310 0.326085 0.00491802 0.321167 0.331003
311 0.255523 0.0498216 0.205701 0.305344
312 0.252101 0.0502492 0.201852 0.30235
313 0.262151 0.0645756 0.197576 0.326727
314 0.311973 0.00876689 0.303206 0.32074
315 0.299785 0.000855371 0.298929 0.30064
316 0.252101 0.0523875 0.199714 0.304489
317 0.298715 0.00149681 0.297219 0.300212
318 0.256164 0.0466142 0.20955 0.302778
319 0.305344 0.00684242 0.298502 0.312187
320 0.25424 0.0498216 0.204418 0.304061
321 0.263007 0.0478971 0.215109 0.310904
322 0.205915 0.00363501 0.20228 0.20955
323 0.274125 0.0667138 0.207412 0.340839
324 0.312828 0.000213847 0.312614 0.313042
325 0.268352 0.0194582 0.248894 0.28781
326 0.316891 0.00727013 0.309621 0.324161
327 0.32245 0.00769773 0.314753 0.330148
328 0.264717 0.0513183 0.213399 0.316035
329 0.333142 0.000427663 0.332714 0.333569
330 0.350889 0.0215965 0.329293 0.372486
331 0.336991 0.00812538 0.328865 0.345116
332 0.322023 0.00128296 0.32074 0.323306
333 0.316463 0.00256597 0.313897 0.319029
334 0.338273 0.0136849 0.324589 0.351958
335 0.324161 0.0128295 0.311331 0.33699
336 0.32801 0.0128296 0.31518 0.340839
337 0.315608 0.00213826 0.31347 0.317746
338 0.331431 0.00427647 0.327155 0.335707
339 0.34533 0.00876683 0.336563 0.354097
340 0.319029 0.00727007 0.311759 0.326299
341 0.337418 0.0115466 0.325871 0.348965
342 0.327582 0.00555941 0.322023 0.333142
343 0.329293 0.0115467 0.317746 0.340839
344 0.279471 0.0639341 0.215537 0.343405
345 0.272629 0.0630788 0.20955 0.335707
346 0.330148 0.00684248 0.323305 0.33699
347 0.320526 0.0109052 0.309621 0.331431
348 0.325872 0.0141126 0.311759 0.339984
349 0.332286 0.00598712 0.326299 0.338273
350 0.327582 0.00427651 0.323306 0.331859
351 0.335494 0.00534561 0.330148 0.340839
352 0.334425 0.0132573 0.321167 0.347682
353 0.334425 0.00812544 0.326299 0.34255
354 0.324802 0.0104775 0.314325 0.33528
355 0.338487 0.000213861 0.338273 0.338701
356 0.33528 0.00727013 0.32801 0.34255
357 0.32801 0.0132572 0.314753 0.341267
358 0.326299 0.0158232 0.310476 0.342122
359 0.324375 0.00235206 0.322023 0.326727
360 0.329293 0.00727008 0.322023 0.336563
361 0.333142 0.00427657 0.328865 0.337418
362 0.274981 0.0543119 0.220669 0.329293
363 0.259158 0.0526013 0.206556 0.311759
364 0.27049 0.0562364 0.214254 0.326727
365 0.272629 0.0519598 0.220669 0.324589
366 0.257875 0.0530289 0.204846 0.310904
367 0.335066 0.0019244 0.333142 0.33699
368 0.316677 0.00662863 0.310048 0.323306
369 0.207626 0.00149681 0.206129 0.209122
370 0.273056 0.0652171 0.207839 0.338273
371 0.362863 0.0365642 0.326299 0.399428
372 0.330362 0.00192447 0.328437 0.332286
373 0.311759 0.00598712 0.305772 0.317746
374 0.277974 0.0333569 0.244617 0.311331
375 0.321381 0.0186029 0.302778 0.339984
376 0.313042 0.00384887 0.309193 0.316891
377 0.31796 0.0117605 0.306199 0.32972
378 0.309834 0.00876689 0.301068 0.318601
379 0.259799 0.0528151 0.206984 0.312614
380 0.20506 0.00620092 0.198859 0.211261
381 0.333997 0.0119743 0.322023 0.345971
382 0.313256 0.00962219 0.303634 0.322878
383 0.329293 0.00128289 0.32801 0.330576
384 0.274125 0.062865 0.211261 0.33699
385 0.265572 0.053029 0.212543 0.318601
386 0.266428 0.0637203 0.202707 0.330148
387 0.264931 0.0605129 0.204418 0.325444
388 0.259799 0.0596576 0.200142 0.319457
389 0.266642 0.0682106 0.198431 0.334852
390 0.262793 0.0502492 0.212543 0.313042
391 0.202921 0.000213854 0.202707 0.203135
392 0.248466 0.0521737 0.196293 0.30064
393 0.25317 0.0521736 0.200997 0.305344
394 0.252957 0.0545257 0.198431 0.307482
395 0.269849 0.0555949 0.214254 0.325444
396 0.262793 0.0583746 0.204418 0.321167
397 0.256806 0.0583747 0.198431 0.31518
398 0.253812 0.055381 0.198431 0.309193
399 0.252957 0.0459727 0.206984 0.298929
400 0.253812 0.0532428 0.200569 0.307055
401 0.286955 0.0585885 0.228367 0.345544
402 0.214254 0.00256597 0.211688 0.21682
403 0.211047 0.0100498 0.200997 0.221097
404 0.327154 5.96046e-008 0.327154 0.327155
405 0.255523 0.0558088 0.199714 0.311331
406 0.314966 0.00705628 0.30791 0.322023
407 0.316463 0.00769773 0.308765 0.324161
408 0.309193 0.00555947 0.303634 0.314752
409 0.32074 0.00598712 0.314753 0.326727
410 0.309835 0.00320742 0.306627 0.313042
411 0.319884 0.00684243 0.313042 0.326727
412 0.266855 0.0491801 0.217675 0.316035
413 0.266 0.0568778 0.209122 0.322878
414 0.325016 0.00555952 0.319457 0.330576
415 0.263862 0.053029 0.210833 0.316891
416 0.32972 0.0111189 0.318601 0.340839
417 0.31796 0.00235206 0.315608 0.320312
418 0.276691 0.0568779 0.219814 0.333569
419 0.267925 0.0464004 0.221524 0.314325
420 0.204632 0.000213854 0.204418 0.204846
421 0.268352 0.0605129 0.207839 0.328865
422 0.325658 0.0134711 0.312187 0.339129
423 0.260868 0.053029 0.207839 0.313897
424 0.25595 0.0532428 0.202707 0.309193
425 0.266 0.0637203 0.20228 0.32972
426 0.269207 0.0652171 0.20399 0.334425
427 0.266428 0.0637203 0.202707 0.330148
428 0.264931 0.0570916 0.207839 0.322023
429 0.310476 0.00555953 0.304917 0.316036
430 0.311973 0.00320736 0.308765 0.31518
431 0.314752 0.00769773 0.307055 0.32245
432 0.320312 0.00641477 0.313897 0.326727
433 0.305558 0.00320736 0.302351 0.308765
434 0.320954 0.00277971 0.318174 0.323733
435 0.320526 0.00406273 0.316463 0.324589
436 0.311759 0.00513183 0.306627 0.316891
437 0.313683 0.0117604 0.301923 0.325444
438 0.329934 0.00149681 0.328437 0.331431
439 0.258302 0.0551673 0.203135 0.31347
440 0.248466 0.0508907 0.197576 0.299357
441 0.252957 0.0451174 0.207839 0.298074
442 0.249322 0.0491801 0.200142 0.298502
443 0.255309 0.0543119 0.200997 0.309621
444 0.252315 0.0470418 0.205273 0.299357
445 0.200142 0.00256591 0.197576 0.202707
446 0.195224 0.00149675 0.193727 0.19672
447 0.257019 0.0568779 0.200142 0.313897
448 0.204846 0.00213832 0.202707 0.206984
449 0.325658 0.00106916 0.324589 0.326727
450 0.33806 0.0109051 0.327155 0.348965
451 0.313042 0.00427647 0.308765 0.317318
452 0.268994 0.0594438 0.20955 0.328437
453 0.258089 0.0562363 0.201852 0.314325
454 0.258516 0.0605129 0.198003 0.319029
455 0.335066 0.00235212 0.332714 0.337418
456 0.334852 0.000855312 0.333997 0.335708
457 0.264931 0.0485386 0.216392 0.31347
458 0.215537 0.00769773 0.207839 0.223235
459 0.210833 0.00171061 0.209122 0.212544
460 0.298929 0.0350676 0.263862 0.333997
461 0.277119 0.0594437 0.217675 0.336563
462 0.259799 0.0528152 0.206984 0.312614
463 0.269208 0.0673553 0.201852 0.336563
464 0.335066 0.00064151 0.334425 0.335708
465 0.317532 0.00449032 0.313042 0.322023
466 0.322023 0.0128296 0.309193 0.334852
467 0.356235 0.00513183 0.351103 0.361367
468 0.288452 0.0703489 0.218103 0.358801
469 0.264503 0.0562363 0.208267 0.32074
470 0.261082 0.0515322 0.20955 0.312614
471 0.275195 0.0694936 0.205701 0.344688
472 0.270704 0.0611544 0.20955 0.331859
473 0.259585 0.0534566 0.206129 0.313042
474 0.266428 0.0598714 0.206556 0.326299
475 0.336563 0.00727014 0.329293 0.343833
476 0.216179 0.00449032 0.211688 0.220669
477 0.284175 0.0622235 0.221952 0.346399
478 0.333569 0.0128296 0.32074 0.346399
479 0.281182 0.0605129 0.220669 0.341695
480 0.266428 0.0534566 0.212971 0.319884
481 0.274125 0.0671415 0.206984 0.341267
482 0.269207 0.0540981 0.215109 0.323306
483 0.26151 0.0570916 0.204418 0.318601
484 0.265145 0.0457588 0.219386 0.310904
485 0.266214 0.0532428 0.212971 0.319457
486 0.263007 0.0585885 0.204418 0.321595
487 0.328224 0.00491802 0.323305 0.333142
488 0.261296 0.0521737 0.209122 0.31347
489 0.211047 0.00577333 0.205273 0.21682
490 0.266214 0.0464003 0.219814 0.312614
491 0.267069 0.0622235 0.204846 0.329293
492 0.265572 0.0637203 0.201852 0.329293
493 0.27049 0.0455451 0.224945 0.316035
494 0.291873 0.0647894 0.227084 0.356663
495 0.270063 0.057947 0.212116 0.32801
496 0.266855 0.0534567 0.213399 0.320312
497 0.337204 0.0117605 0.325444 0.348965
498 0.270063 0.0515322 0.218531 0.321595
499 0.262579 0.0513183 0.211261 0.313897
500 0.310904 0.00598718 0.304916 0.316891
501 0.263007 0.0551673 0.207839 0.318174
502 0.265572 0.0650033 0.200569 0.330576
503 0.266428 0.0534565 0.212971 0.319884
504 0.318388 0.00534563 0.313042 0.323733
505 0.307696 0.00449032 0.303206 0.312187
506 0.313683 0.0104776 0.303206 0.324161
507 0.329293 0.00427657 0.325016 0.333569
508 0.322023 0.00384887 0.318174 0.325872
509 0.318388 0.00491802 0.31347 0.323306
510 0.253812 0.0459727 0.207839 0.299785
511 0.305986 0.00192446 0.304061 0.30791
512 0.327154 0.0132573 0.313897 0.340412
513 0.323306 0.012402 0.310904 0.335708
514 0.316891 0.00128296 0.315608 0.318174
515 0.306841 0.0237347 0.283106 0.330576
516 0.264289 0.0590161 0.205273 0.323306
517 0.262793 0.0579469 0.204846 0.32074
518 0.263648 0.0566641 0.206984 0.320312
519 0.262365 0.0596576 0.202707 0.322023
520 0.257233 0.0506768 0.206556 0.30791
521 0.250177 0.0508907 0.199286 0.301068
522 0.267069 0.0605129 0.206556 0.327582
523 0.259371 0.0583746 0.200997 0.317746
524 0.256378 0.0536704 0.202707 0.310048
525 0.249108 0.0493939 0.199714 0.298502
526 0.197789 0.00149681 0.196293 0.199286
527 0.194796 0.00235205 0.192444 0.197148
528 0.198217 0.00235206 0.195865 0.200569
529 0.262151 0.0611544 0.200997 0.323306
530 0.307482 0.00940834 0.298074 0.316891
531 0.326085 0.00705634 0.319029 0.333142
532 0.310262 0.00149676 0.308765 0.311759
533 0.3325 0.00106916 0.331431 0.333569
534 0.312187 0.00128296 0.310904 0.31347
535 0.31518 0.00513189 0.310048 0.320312
536 0.318815 0.00449032 0.314325 0.323305
537 0.311973 0.00320742 0.308765 0.31518
538 0.333997 0.0149678 0.319029 0.348965
539 0.329293 0.0119743 0.317318 0.341267
540 0.324589 0.00213826 0.32245 0.326727
541 0.209336 0.00277977 0.206556 0.212116
542 0.261082 0.0592299 0.201852 0.320312
543 0.338487 0.0130434 0.325444 0.351531
544 0.340198 0.0224517 0.317746 0.36265
545 0.320954 0.00491802 0.316035 0.325872
546 0.26322 0.057947 0.205273 0.321167
547 0.32801 0.011119 0.316891 0.339129
548 0.330576 0.00384887 0.326727 0.334425
549 0.33977 0.00106916 0.338701 0.340839
550 0.321809 0.00149681 0.320312 0.323306
551 0.261296 0.051746 0.20955 0.313042
552 0.274125 0.0602991 0.213826 0.334425
553 0.216179 0.00705634 0.209122 0.223235
554 0.274553 0.0607267 0.213826 0.33528
555 0.256378 0.0528151 0.203563 0.309193
556 0.27156 0.0585885 0.212971 0.330148
557 0.304703 0.000213802 0.304489 0.304917
558 0.309835 0.00791153 0.301923 0.317746
559 0.31518 0.00898074 0.306199 0.324161
560 0.298716 0.000213847 0.298502 0.298929
561 0.300212 0.00213826 0.298074 0.302351
562 0.31518 0.0102637 0.304916 0.325444
563 0.333142 0.00727007 0.325872 0.340412
564 0.322878 0.0102637 0.312614 0.333142
565 0.317532 0.00277971 0.314753 0.320312
566 0.314753 0.00684243 0.30791 0.321595
567 0.319457 0.012402 0.307055 0.331859
568 0.311759 0.0111189 0.30064 0.322878
569 0.314753 0.00513187 0.309621 0.319884
570 0.326299 0.00855309 0.317746 0.334852
571 0.3124 0.00491798 0.307482 0.317318
572 0.323519 0.00662863 0.316891 0.330148
573 0.264931 0.0481109 0.21682 0.313042
574 0.252957 0.056664 0.196293 0.309621
575 0.259372 0.0562363 0.203135 0.315608
576 0.256378 0.055381 0.200997 0.311759
577 0.245687 0.0489663 0.19672 0.294653
578 0.251674 0.0562363 0.195437 0.30791
579 0.326085 0.00406267 0.322023 0.330148
580 0.32074 0.0119742 0.308765 0.332714
581 0.258089 0.045545 0.212544 0.303634
582 0.268352 0.0455451 0.222807 0.313897
583 0.255309 0.053029 0.20228 0.308338
584 0.257875 0.0487525 0.209122 0.306627
585 0.20955 0.00598712 0.203563 0.215537
586 0.203563 0.00342122 0.200142 0.206984
587 0.203563 0 0.203563 0.203563
588 0.209764 0.00149675 0.208267 0.211261
589 0.265786 0.0592299 0.206556 0.325016
590 0.28054 0.0598713 0.220669 0.340412
591 0.302137 0.0215964 0.28054 0.323733
592 0.214896 0.00620098 0.208695 0.221097
593 0.269207 0.0558087 0.213399 0.325016
594 0.27156 0.0590161 0.212544 0.330576
595 0.269635 0.0575193 0.212116 0.327154
596 0.209122 0.00342116 0.205701 0.212543
597 0.203777 0.00235211 0.201424 0.206129
598 0.199072 0.000213854 0.198859 0.199286
599 0.265145 0.0650033 0.200141 0.330148
600 0.258089 0.0545258 0.203563 0.312614
601 0.252529 0.0532428 0.199286 0.305772
602 0.252957 0.0536704 0.199286 0.306627
603 0.27327 0.0650032 0.208267 0.338273
604 0.267497 0.0438344 0.223662 0.311331
605 0.204846 0.00256591 0.20228 0.207412
606 0.33699 0.00684242 0.330148 0.343833
607 0.316249 0.000213847 0.316035 0.316463
608 0.328865 0.00598712 0.322878 0.334852
609 0.329293 0.000427648 0.328865 0.32972
610 0.331859 0.012402 0.319457 0.344261
611 0.265572 0.0470418 0.218531 0.312614
612 0.26322 0.0545257 0.208695 0.317746
613 0.319457 0.00171061 0.317746 0.321167
614 0.26151 0.0451174 0.216392 0.306627
615 0.329507 0.00620098 0.323306 0.335708
616 0.263862 0.0564502 0.207412 0.320312
617 0.256164 0.0491801 0.206984 0.305344
618 0.264931 0.0660724 0.198859 0.331003
619 0.254881 0.0538842 0.200997 0.308765
620 0.203349 0.00449037 0.198859 0.207839
621 0.264931 0.0558086 0.209122 0.32074
622 0.254026 0.0543119 0.199714 0.308338
623 0.277333 0.0754807 0.201852 0.352814
624 0.322023 0.00342128 0.318601 0.325444
625 0.257447 0.0564502 0.200997 0.313897
626 0.275836 0.0679969 0.207839 0.343833
627 0.266214 0.0588022 0.207412 0.325016
628 0.262793 0.0622235 0.200569 0.325016
629 0.257019 0.0573056 0.199714 0.314325
630 0.265145 0.059016 0.206129 0.324161
631 0.205915 0.00192446 0.20399 0.207839
632 0.259585 0.0590161 0.200569 0.318601
633 0.24141 0.0451173 0.196293 0.286527
634 0.206984 0.0115467 0.195437 0.218531
635 0.251674 0.0617958 0.189878 0.31347
636 0.31347 0.00384891 0.309621 0.317318
637 0.312614 0.00171061 0.310904 0.314325
638 0.297433 0.0023521 0.29508 0.299785
639 0.310476 0.00256597 0.30791 0.313042
640 0.314325 0.00427651 0.310048 0.318601
641 0.267925 0.0694936 0.198431 0.337418
642 0.255523 0.060513 0.19501 0.316036
643 0.31347 0.00384887 0.309621 0.317318
644 0.271987 0.0607267 0.211261 0.332714
645 0.31069 0.00149675 0.309193 0.312187
646 0.328224 0.0096222 0.318601 0.337846
647 0.272201 0.0639341 0.208267 0.336135
648 0.259585 0.0581608 0.201424 0.317746
649 0.334638 0.00748394 0.327155 0.342122
650 0.302778 0.00256585 0.300212 0.305344
651 0.25146 0.0483248 0.203135 0.299785
652 0.24868 0.0545257 0.194154 0.303206
653 0.245687 0.0511045 0.194582 0.296791
654 0.247825 0.0540981 0.193727 0.301923
655 0.244617 0.053029 0.191588 0.297646
656 0.244831 0.0498216 0.19501 0.294653
657 0.257875 0.0555949 0.20228 0.31347
658 0.256806 0.0630788 0.193727 0.319884
659 0.249749 0.0547396 0.19501 0.304489
660 0.298074 0.00171055 0.296364 0.299785
661 0.294867 0.00149676 0.29337 0.296363
662 0.296791 0.000855237 0.295936 0.297646
663 0.260013 0.0564501 0.203563 0.316463
664 0.304703 0.00577328 0.298929 0.310476
665 0.315822 0.0168923 0.298929 0.332714
666 0.265145 0.0581608 0.206984 0.323306
667 0.255309 0.0483248 0.206984 0.303634
668 0.316463 0.0162508 0.300212 0.332714
669 0.325444 0.00598717 0.319457 0.331431
670 0.315394 0.0138987 0.301495 0.329293
671 0.317746 0.0106913 0.307055 0.328437
672 0.334638 0.00534563 0.329293 0.339984
673 0.326513 0.000641495 0.325872 0.327155
674 0.317318 0.0102636 0.307055 0.327582
675 0.264931 0.0553811 0.20955 0.320312
676 0.265145 0.0692798 0.195865 0.334425
677 0.260441 0.0508907 0.20955 0.311331
678 0.334852 0.00470416 0.330148 0.339556
679 0.334638 0.00320742 0.331431 0.337846
680 0.313042 0 0.313042 0.313042
681 0.313897 0.00342122 0.310476 0.317318
682 0.320098 0.0104775 0.309621 0.330576
683 0.330576 0.00342116 0.327155 0.333997
684 0.310476 0.00256591 0.30791 0.313042
685 0.267069 0.0613682 0.205701 0.328437
686 0.27156 0.0401994 0.23136 0.311759
687 0.324589 0.00641477 0.318174 0.331003
688 0.310904 0.00213826 0.308765 0.313042
689 0.252957 0.0562363 0.19672 0.309193
690 0.266 0.0641479 0.201852 0.330148
691 0.25146 0.0560225 0.195437 0.307482
692 0.311759 0.00256591 0.309193 0.314325
693 0.314966 0.0156093 0.299357 0.330576
694 0.307269 0.00962226 0.297646 0.316891
695 0.307269 0.0134711 0.293797 0.32074
696 0.317746 0 0.317746 0.317746
697 0.305558 0.00235212 0.303206 0.30791
698 0.304061 0.00769773 0.296364 0.311759
699 0.300854 0.00320743 0.297646 0.304061
700 0.292942 0 0.292942 0.292942
701 0.308979 0.0151817 0.293798 0.324161
702 0.305344 0.0119743 0.29337 0.317318
703 0.320312 0.00213832 0.318174 0.32245
704 0.32074 0.0136849 0.307055 0.334425
705 0.323306 0.00727001 0.316036 0.330576
706 0.341053 0.0198858 0.321167 0.360939
707 0.316463 0.0102637 0.306199 0.326727
708 0.313256 0.0100498 0.303206 0.323306
709 0.324161 0.00812532 0.316036 0.332286
710 0.326085 0.0100498 0.316035 0.336135
711 0.268138 0.0573056 0.210833 0.325444
712 0.334211 0.00449032 0.32972 0.338701
713 0.331859 0.00598712 0.325872 0.337846
714 0.261937 0.0498216 0.212116 0.311759
715 0.272629 0.0605129 0.212116 0.333142
716 0.321381 0.00791158 0.31347 0.329293
717 0.267711 0.0624373 0.205273 0.330148
718 0.25595 0.055381 0.200569 0.311331
719 0.266642 0.0562363 0.210405 0.322878
720 0.211474 0.000213794 0.211261 0.211688
721 0.21404 0.00620098 0.207839 0.220241
722 0.201638 0.000213794 0.201424 0.201852
723 0.207412 5.96046e-008 0.207412 0.207412
724 0.216606 0.00235217 0.214254 0.218958
725 0.204204 0.00320742 0.200997 0.207412
726 0.295294 0.0476833 0.247611 0.342978
727 0.206342 0.00235212 0.20399 0.208695
728 0.272415 0.0521736 0.220241 0.324589
729 0.262579 0.062865 0.199714 0.325444
730 0.259799 0.0583747 0.201424 0.318174
731 0.267497 0.0562363 0.211261 0.323733
732 0.268352 0.0677831 0.200569 0.336135
733 0.334638 0.0023521 0.332286 0.33699
734 0.325016 0.00470416 0.320312 0.32972
735 0.319457 0 0.319457 0.319457
736 0.249322 0.0359229 0.213399 0.285244
737 0.201852 0.000855304 0.200997 0.202707
738 0.216606 0.00192446 0.214682 0.218531
739 0.211902 0.0019244 0.209978 0.213826
740 0.205915 0.000213794 0.205701 0.206129
741 0.217462 0.000641502 0.21682 0.218103
742 0.20506 0.00363501 0.201425 0.208695
743 0.305772 0.0893795 0.216392 0.395151
744 0.279044 0.0596576 0.219386 0.338701
745 0.208909 0.00491802 0.20399 0.213827
746 0.207839 0.00213826 0.205701 0.209978
747 0.266855 0.0598714 0.206984 0.326727
748 0.206556 0.00470417 0.201852 0.211261
749 0.204632 0.0019244 0.202707 0.206556
750 0.267711 0.0555949 0.212116 0.323306
751 0.269421 0.0667138 0.202707 0.336135
752 0.262579 0.0620096 0.200569 0.324589
753 0.257019 0.0564502 0.200569 0.31347
754 0.261082 0.0626511 0.198431 0.323733
755 0.21233 0.00363506 0.208695 0.215965
756 0.197789 0.00320742 0.194582 0.200997
757 0.196507 0.00277977 0.193727 0.199286
758 0.253812 0.0583746 0.195437 0.312187
759 0.271132 0.0585884 0.212544 0.32972
760 0.254026 0.0564502 0.197576 0.310476
761 0.261082 0.0609405 0.200142 0.322023
762 0.199714 0.00299356 0.19672 0.202707
763 0.310262 0.00064145 0.309621 0.310904
764 0.204846 0.0094084 0.195437 0.214254
765 0.263862 0.0564502 0.207412 0.320312
766 0.200355 0.00833918 0.192016 0.208695
767 0.199072 0.00235211 0.19672 0.201424
768 0.198859 0.00299362 0.195865 0.201852
769 0.198003 0.00128295 0.19672 0.199286
770 0.267497 0.0600852 0.207412 0.327582
771 0.251246 0.057947 0.193299 0.309193
772 0.254881 0.0543119 0.200569 0.309193
773 0.260227 0.0592299 0.200997 0.319457
774 0.253812 0.0562363 0.197576 0.310048
775 0.259371 0.0545257 0.204846 0.313897
776 0.315822 0.00363506 0.312187 0.319457
777 0.308552 0.000213847 0.308338 0.308765
778 0.319243 0.00106916 0.318174 0.320312
779 0.255095 0.055381 0.199714 0.310476
780 0.265145 0.0487525 0.216392 0.313897
781 0.267283 0.0611544 0.206129 0.328437
782 0.253812 0.0588023 0.19501 0.312614
783 0.262365 0.0575193 0.204846 0.319884
784 0.271987 0.0778329 0.194154 0.34982
785 0.249535 0.055381 0.194154 0.304916
786 0.251887 0.0478971 0.20399 0.299785
787 0.249963 0.0519598 0.198003 0.301923
788 0.25146 0.0560225 0.195437 0.307482
789 0.255523 0.048111 0.207412 0.303634
790 0.257233 0.0635065 0.193727 0.32074
791 0.256806 0.056664 0.200142 0.31347
792 0.326941 0.0104775 0.316463 0.337418
793 0.313897 0.00812538 0.305772 0.322023
794 0.264076 0.0626512 0.201424 0.326727
795 0.260227 0.0626512 0.197576 0.322878
796 0.24697 0.0528151 0.194154 0.299785
797 0.257661 0.0485386 0.209122 0.306199
798 0.211474 0.00149681 0.209978 0.212971
799 0.27049 0.0737701 0.19672 0.344261
