# ../output/graphs/perf_parallel24BIPED_thread2
# step - mean (0.0463921) - standard deviation (0.010047) r=20 - ylow - yhigh
0 0.057669 0.0267347 0.0309343 0.0844037
1 0.0505913 0.0145428 0.0360486 0.0651341
2 0.0491587 0.0126063 0.0365524 0.061765
3 0.048282 0.0093478 0.0389342 0.0576298
4 0.0480468 0.00854587 0.0395009 0.0565927
5 0.0498216 0.00964971 0.0401719 0.0594713
6 0.0508907 0.0104 0.0404907 0.0612906
7 0.0484531 0.00832454 0.0401285 0.0567776
8 0.0496933 0.0118496 0.0378436 0.0615429
9 0.0509548 0.0140432 0.0369116 0.0649981
10 0.0496933 0.00947482 0.0402184 0.0591681
11 0.0531145 0.0123721 0.0407424 0.0654866
12 0.0511687 0.0111766 0.0399921 0.0623453
13 0.0493511 0.00926578 0.0400854 0.0586169
14 0.0496077 0.0100585 0.0395493 0.0596662
15 0.0508693 0.0105531 0.0403162 0.0614224
16 0.0509548 0.0102995 0.0406553 0.0612543
17 0.0517246 0.0108463 0.0408783 0.0625709
18 0.0519598 0.0167575 0.0352023 0.0687173
19 0.0510404 0.0149319 0.0361084 0.0659723
20 0.0477688 0.00841955 0.0393493 0.0561884
21 0.0477474 0.0084566 0.0392908 0.056204
22 0.0477047 0.00822883 0.0394759 0.0559335
23 0.0483462 0.0100298 0.0383164 0.0583759
24 0.0471701 0.00777234 0.0393978 0.0549424
25 0.0455023 0.00539486 0.0401074 0.0508971
26 0.0455664 0.00562402 0.0399424 0.0511905
27 0.0464431 0.00559458 0.0408485 0.0520377
28 0.0476191 0.00778197 0.0398372 0.0554011
29 0.0453526 0.00511662 0.040236 0.0504692
30 0.0451174 0.00521227 0.0399051 0.0503296
31 0.0461651 0.00570797 0.0404571 0.0518731
32 0.0475122 0.00655285 0.0409594 0.0540651
33 0.0449677 0.00251288 0.0424548 0.0474806
34 0.0446256 0.0019934 0.0426322 0.046619
35 0.0503561 0.0164176 0.0339386 0.0667737
36 0.0447967 0.00236131 0.0424353 0.047158
37 0.0457589 0.00617658 0.0395823 0.0519354
38 0.0448608 0.00234587 0.0425149 0.0472067
39 0.0451601 0.00313209 0.042028 0.0482922
40 0.0462506 0.00934721 0.0369034 0.0555979
41 0.0449463 0.00225037 0.0426959 0.0471967
42 0.0450746 0.00256022 0.0425144 0.0476348
43 0.0448822 0.00186154 0.0430206 0.0467437
44 0.0449035 0.0017424 0.0431611 0.0466459
45 0.0452029 0.0024082 0.0427947 0.0476111
46 0.0447111 0.00204414 0.042667 0.0467553
47 0.0459941 0.00424751 0.0417466 0.0502416
48 0.0463576 0.00565797 0.0406996 0.0520156
49 0.0456306 0.00417285 0.0414577 0.0498034
50 0.0527724 0.0338715 0.0189009 0.0866438
51 0.0445828 0.00162775 0.0429551 0.0462106
52 0.0479185 0.0132168 0.0347017 0.0611353
53 0.0439413 0.00544628 0.0384951 0.0493876
54 0.0438772 0.00561253 0.0382647 0.0494897
55 0.0443262 0.00543688 0.0388894 0.0497631
56 0.0444759 0.0055677 0.0389082 0.0500436
57 0.045823 0.00684413 0.0389789 0.0526671
58 0.0466569 0.0115805 0.0350764 0.0582375
59 0.0459727 0.00777988 0.0381928 0.0537526
60 0.0465073 0.00878393 0.0377233 0.0552912
61 0.0482179 0.00944413 0.0387737 0.057662
62 0.047106 0.00819965 0.0389063 0.0553056
63 0.0491587 0.0117402 0.0374185 0.0608989
64 0.0537346 0.0137856 0.039949 0.0675202
65 0.0494795 0.0100221 0.0394573 0.0595016
66 0.0514467 0.0127517 0.0386949 0.0641984
67 0.0490732 0.0101786 0.0388946 0.0592517
68 0.0512328 0.0109128 0.0403201 0.0621456
69 0.0509976 0.010042 0.0409556 0.0610396
70 0.052302 0.0107545 0.0415474 0.0630565
71 0.0514039 0.0130918 0.0383121 0.0644956
72 0.0489021 0.00977099 0.0391311 0.0586731
73 0.0530717 0.010823 0.0422487 0.0638947
74 0.0560653 0.0157118 0.0403535 0.071777
75 0.0515963 0.00992053 0.0416758 0.0615169
76 0.0533069 0.0120225 0.0412844 0.0653294
77 0.050741 0.00873636 0.0420047 0.0594774
78 0.0498002 0.00738178 0.0424184 0.057182
79 0.0478116 0.00535096 0.0424606 0.0531625
80 0.0516391 0.0124856 0.0391535 0.0641247
81 0.0485814 0.00745933 0.041122 0.0560407
82 0.0477474 0.0054234 0.042324 0.0531708
83 0.0500995 0.0114418 0.0386577 0.0615414
84 0.0464859 0.00193677 0.0445491 0.0484226
85 0.0489876 0.00642258 0.042565 0.0554102
86 0.0469777 0.00176987 0.0452078 0.0487475
87 0.0466997 0.00187683 0.0448229 0.0485765
88 0.0466783 0.00188494 0.0447934 0.0485633
89 0.0497147 0.0123353 0.0373793 0.06205
90 0.0481324 0.00698854 0.0411438 0.0551209
91 0.0499499 0.00843312 0.0415167 0.058383
92 0.0478971 0.00706859 0.0408285 0.0549657
93 0.0481751 0.00706633 0.0411088 0.0552414
94 0.0514038 0.0121687 0.0392352 0.0635725
95 0.0480896 0.00702766 0.0410619 0.0551172
96 0.0567495 0.0248577 0.0318919 0.0816072
97 0.052195 0.0169323 0.0352627 0.0691273
98 0.0471915 0.00953508 0.0376564 0.0567266
99 0.0489235 0.0111743 0.0377492 0.0600977
100 0.0484317 0.00914007 0.0392916 0.0575718
101 0.0465714 0.00686366 0.0397077 0.0534351
102 0.0474908 0.00775631 0.0397345 0.0552471
103 0.047106 0.00780778 0.0392982 0.0549137
104 0.0454167 0.00213656 0.0432802 0.0475533
105 0.0454381 0.00226243 0.0431757 0.0477006
106 0.0467638 0.00576186 0.041002 0.0525257
107 0.0456947 0.00462828 0.0410664 0.050323
108 0.0453098 0.00179144 0.0435184 0.0471012
109 0.0455878 0.00283479 0.042753 0.0484226
110 0.0459513 0.00291457 0.0430367 0.0488659
111 0.0461865 0.00239638 0.0437901 0.0485829
112 0.0474053 0.00812572 0.0392796 0.055531
113 0.0474053 0.007426 0.0399793 0.0548313
114 0.0487311 0.0076769 0.0410541 0.056408
115 0.0469349 0.00504534 0.0418896 0.0519802
116 0.0469349 0.00511733 0.0418176 0.0520522
117 0.0478971 0.00719678 0.0407003 0.0550939
118 0.0500995 0.00927846 0.0408211 0.059378
119 0.0488594 0.00653044 0.0423289 0.0553898
120 0.0491159 0.00748976 0.0416262 0.0566057
121 0.0506555 0.0124384 0.0382171 0.0630939
122 0.0486027 0.00715763 0.0414451 0.0557604
123 0.0483889 0.00658263 0.0418063 0.0549716
124 0.0509976 0.0098033 0.0411943 0.0608009
125 0.0484744 0.00680395 0.0416705 0.0552784
126 0.0508266 0.0094193 0.0414072 0.0602459
127 0.0483462 0.0065313 0.0418149 0.0548775
128 0.0508907 0.00944135 0.0414493 0.060332
129 0.0486883 0.00802377 0.0406645 0.0567121
130 0.0500782 0.00821704 0.0418611 0.0582952
131 0.0484317 0.00693124 0.0415004 0.0553629
132 0.0479827 0.00659833 0.0413843 0.054581
133 0.0470846 0.00589309 0.0411915 0.0529777
134 0.0478544 0.00600376 0.0418506 0.0538581
135 0.05057 0.0127852 0.0377847 0.0633552
136 0.0476833 0.0072063 0.040477 0.0548896
137 0.0496077 0.0082105 0.0413972 0.0578182
138 0.0496505 0.0101417 0.0395088 0.0597922
139 0.0480682 0.0055913 0.0424769 0.0536595
140 0.0477902 0.00570858 0.0420816 0.0534988
141 0.0484531 0.00830913 0.0401439 0.0567622
142 0.0506555 0.0125773 0.0380782 0.0632327
143 0.0477261 0.00661331 0.0411128 0.0543394
144 0.0477688 0.00676869 0.0410001 0.0545375
145 0.0459513 0.00219098 0.0437603 0.0481423
146 0.0476191 0.00850724 0.0391119 0.0561264
147 0.0452884 0.00152943 0.043759 0.0468179
148 0.0458444 0.00188166 0.0439627 0.047726
149 0.04655 0.00572047 0.0408295 0.0522705
150 0.0458016 0.00202808 0.0437736 0.0478297
151 0.0470846 0.00557902 0.0415056 0.0526636
152 0.0456947 0.00178015 0.0439146 0.0474749
153 0.046999 0.00516718 0.0418319 0.0521662
154 0.0459299 0.00245072 0.0434792 0.0483806
155 0.0455236 0.00179145 0.0437322 0.0473151
156 0.0454381 0.00229852 0.0431396 0.0477366
157 0.0471701 0.00715613 0.040014 0.0543263
158 0.0466569 0.00503269 0.0416243 0.0516896
159 0.0484103 0.00732725 0.041083 0.0557375
160 0.0520026 0.00898925 0.0430134 0.0609919
161 0.0508266 0.0137138 0.0371128 0.0645403
162 0.0478971 0.00832331 0.0395738 0.0562204
163 0.0465072 0.00515649 0.0413507 0.0516637
164 0.0486669 0.00530979 0.0433571 0.0539767
165 0.0493725 0.00631779 0.0430547 0.0556903
166 0.0480468 0.00532129 0.0427255 0.0533681
167 0.0461865 0.00502015 0.0411664 0.0512066
168 0.0464859 0.00766096 0.0388249 0.0541468
169 0.0455237 0.00514513 0.0403785 0.0506688
170 0.0456947 0.00498226 0.0407125 0.050677
171 0.0452243 0.00266684 0.0425575 0.0478911
172 0.046272 0.00553078 0.0407413 0.0518028
173 0.0455237 0.00510948 0.0404142 0.0506331
174 0.0479399 0.00849499 0.0394449 0.0564349
175 0.0456947 0.00529198 0.0404027 0.0509867
176 0.0474053 0.00796431 0.039441 0.0553696
177 0.0460368 0.00523814 0.0407987 0.051275
178 0.0470418 0.00680493 0.0402369 0.0538468
179 0.0496291 0.0120553 0.0375738 0.0616844
180 0.0486883 0.00787423 0.0408141 0.0565625
181 0.0491587 0.0129978 0.0361609 0.0621565
182 0.0480468 0.00682139 0.0412254 0.0548682
183 0.0470846 0.00670734 0.0403772 0.0537919
184 0.0493939 0.00862068 0.0407732 0.0580146
185 0.0482179 0.00731382 0.040904 0.0555317
186 0.0468708 0.00650032 0.0403704 0.0533711
187 0.0464431 0.00522612 0.041217 0.0516692
188 0.0459513 0.00493652 0.0410148 0.0508878
189 0.0478544 0.00731763 0.0405367 0.055172
190 0.0464217 0.00512911 0.0412926 0.0515508
191 0.0464859 0.00559082 0.040895 0.0520767
192 0.0501637 0.0101374 0.0400263 0.0603011
193 0.0462507 0.00510376 0.0411469 0.0513544
194 0.0476191 0.00777022 0.0398489 0.0553894
195 0.0485172 0.0111358 0.0373814 0.059653
196 0.0458444 0.00498837 0.040856 0.0508328
197 0.045823 0.00505695 0.0407661 0.05088
198 0.0460582 0.00503488 0.0410233 0.0510931
199 0.0461224 0.00503519 0.0410872 0.0511576
200 0.0476405 0.0124155 0.0352251 0.060056
201 0.0464217 0.00495318 0.0414686 0.0513749
202 0.0486455 0.00866129 0.0399842 0.0573068
203 0.0485172 0.00845033 0.0400669 0.0569675
204 0.0513397 0.0129307 0.038409 0.0642705
205 0.0512114 0.0140397 0.0371717 0.0652511
206 0.0498643 0.00918548 0.0406789 0.0590498
207 0.0527296 0.0128958 0.0398338 0.0656254
208 0.0495436 0.00899016 0.0405534 0.0585338
209 0.0520667 0.0127437 0.0393231 0.0648104
210 0.0541622 0.0151839 0.0389783 0.0693462
211 0.0503561 0.00958636 0.0407698 0.0599425
212 0.0514466 0.0105788 0.0408679 0.0620254
213 0.0539912 0.0145181 0.0394731 0.0685093
214 0.0555735 0.0138921 0.0416814 0.0694656
215 0.0541836 0.0154578 0.0387258 0.0696414
216 0.0520026 0.0113351 0.0406674 0.0633377
217 0.0522592 0.0112267 0.0410325 0.0634859
218 0.0529648 0.0117952 0.0411696 0.0647601
219 0.0533283 0.0149385 0.0383898 0.0682669
220 0.0496933 0.010059 0.0396342 0.0597523
221 0.049565 0.0100865 0.0394784 0.0596515
222 0.0496505 0.0101336 0.0395169 0.0597841
223 0.0508265 0.0103588 0.0404677 0.0611854
224 0.05057 0.00984613 0.0407238 0.0604161
225 0.0491587 0.00936693 0.0397918 0.0585256
226 0.0489877 0.0115541 0.0374335 0.0605418
227 0.0480896 0.0103977 0.0376918 0.0584873
228 0.0508693 0.0156649 0.0352045 0.0665342
229 0.0499499 0.0151425 0.0348073 0.0650924
230 0.0454595 0.00302126 0.0424383 0.0484808
231 0.0449249 0.0020752 0.0428497 0.0470001
232 0.0470846 0.00739841 0.0396862 0.054483
233 0.0452243 0.00191189 0.0433124 0.0471362
234 0.0467425 0.00532441 0.0414181 0.0520669
235 0.046999 0.00614823 0.0408508 0.0531473
236 0.0466356 0.00618619 0.0404494 0.0528217
237 0.0454809 0.00221503 0.0432658 0.0476959
238 0.0456519 0.00235356 0.0432984 0.0480055
239 0.0459727 0.00240971 0.043563 0.0483824
240 0.0454381 0.00161648 0.0438216 0.0470546
241 0.0450319 0.0019926 0.0430393 0.0470245
242 0.0463362 0.00537939 0.0409568 0.0517156
243 0.0450318 0.00183493 0.0431969 0.0468668
244 0.0470204 0.00176572 0.0452547 0.0487862
245 0.0477902 0.00331776 0.0444725 0.051108
246 0.047106 0.00184571 0.0452602 0.0489517
247 0.0499926 0.00739714 0.0425955 0.0573898
248 0.047726 0.00355339 0.0441726 0.0512794
249 0.0485386 0.0070329 0.0415057 0.0555715
250 0.0469563 0.00232117 0.0446351 0.0492775
251 0.0477475 0.00429844 0.043449 0.0520459
252 0.0466997 0.00176637 0.0449333 0.0484661
253 0.0479185 0.00495501 0.0429635 0.0528735
254 0.0467638 0.00143294 0.0453309 0.0481968
255 0.047106 0.00205217 0.0450538 0.0491581
256 0.0571772 0.0185811 0.0385961 0.0757582
257 0.0470204 0.00178118 0.0452393 0.0488016
258 0.0503989 0.0107308 0.0396681 0.0611297
259 0.0486455 0.00614968 0.0424958 0.0547952
260 0.0485386 0.00612679 0.0424118 0.0546654
261 0.0480254 0.00573455 0.0422909 0.05376
262 0.0494794 0.00755276 0.0419267 0.0570322
263 0.048282 0.0057597 0.0425223 0.0540417
264 0.0514253 0.0143757 0.0370496 0.065801
265 0.0469135 0.00586694 0.0410466 0.0527805
266 0.0501637 0.0154098 0.0347539 0.0655735
267 0.0479613 0.00733804 0.0406232 0.0552993
268 0.0487738 0.0125969 0.0361769 0.0613707
269 0.047726 0.00726179 0.0404642 0.0549878
270 0.0474909 0.00724046 0.0402504 0.0547313
271 0.047555 0.00705899 0.040496 0.054614
272 0.0474267 0.00726745 0.0401593 0.0546941
273 0.0479185 0.0123654 0.0355531 0.0602839
274 0.0473626 0.00616752 0.041195 0.0535301
275 0.0464645 0.005075 0.0413895 0.0515395
276 0.0467852 0.00519804 0.0415872 0.0519833
277 0.051575 0.0195196 0.0320553 0.0710946
278 0.047106 0.00502064 0.0420853 0.0521266
279 0.0468921 0.00494543 0.0419467 0.0518376
280 0.0469777 0.00490083 0.0420768 0.0518785
281 0.0469777 0.00580612 0.0411716 0.0527838
282 0.0457161 0.00152943 0.0441867 0.0472455
283 0.0478116 0.00563561 0.042176 0.0534472
284 0.0465286 0.00393488 0.0425938 0.0504635
285 0.0471701 0.00724503 0.0399251 0.0544151
286 0.0484745 0.0118409 0.0366336 0.0603154
287 0.0456092 0.00208753 0.0435217 0.0476967
288 0.0505699 0.0102991 0.0402708 0.0608691
289 0.0494794 0.0103091 0.0391703 0.0597885
290 0.0486241 0.00853924 0.0400849 0.0571634
291 0.047277 0.00566938 0.0416077 0.0529464
292 0.0468708 0.00539487 0.0414759 0.0522656
293 0.0473626 0.0055494 0.0418132 0.052912
294 0.0459941 0.0083884 0.0376057 0.0543825
295 0.0459513 0.00615802 0.0397933 0.0521093
296 0.0464431 0.00733321 0.0391099 0.0537763
297 0.0464003 0.00707826 0.0393221 0.0534786
298 0.0455664 0.00547743 0.040089 0.0510439
299 0.0472984 0.0099455 0.0373529 0.0572439
300 0.0447539 0.00524512 0.0395088 0.049999
301 0.0457802 0.00875017 0.0370301 0.0545304
302 0.0464859 0.00803271 0.0384532 0.0545186
303 0.0484745 0.00911339 0.0393611 0.0575879
304 0.0473198 0.00878227 0.0385375 0.0561021
305 0.0504203 0.0142209 0.0361994 0.0646412
306 0.0486241 0.0128993 0.0357248 0.0615234
307 0.0473412 0.00939289 0.0379483 0.0567341
308 0.0477474 0.010718 0.0370294 0.0584655
309 0.0489021 0.0108512 0.0380509 0.0597533
310 0.0464645 0.00792519 0.0385393 0.0543897
311 0.0464645 0.0078253 0.0386392 0.0542898
312 0.0465286 0.00781285 0.0387158 0.0543415
313 0.046101 0.00786996 0.038231 0.0539709
314 0.0461437 0.00782138 0.0383224 0.0539651
315 0.0468066 0.00816075 0.0386459 0.0549674
316 0.0448608 0.00517779 0.039683 0.0500386
317 0.0447753 0.00554811 0.0392272 0.0503234
318 0.0452243 0.00747583 0.0377485 0.0527001
319 0.0432357 0.00523398 0.0380017 0.0484697
320 0.0471487 0.00958541 0.0375633 0.0567341
321 0.0450746 0.00908739 0.0359872 0.054162
322 0.0453098 0.00849348 0.0368164 0.0538033
323 0.0441552 0.00151122 0.0426439 0.0456664
324 0.0440269 0.00300721 0.0410197 0.0470341
325 0.043642 0.0016699 0.0419721 0.0453119
326 0.0451601 0.00717565 0.0379845 0.0523358
327 0.0489021 0.0178723 0.0310299 0.0667744
328 0.048004 0.00655422 0.0414498 0.0545583
329 0.0492442 0.00934524 0.039899 0.0585895
330 0.0476833 0.00618768 0.0414956 0.053871
331 0.0468708 0.00557986 0.0412909 0.0524506
332 0.0476405 0.00644381 0.0411967 0.0540844
333 0.0467425 0.00553162 0.0412109 0.0522741
334 0.0466142 0.0074195 0.0391947 0.0540337
335 0.0441979 0.00510197 0.039096 0.0492999
336 0.0448394 0.00552694 0.0393125 0.0503664
337 0.0636347 0.0854302 -0.0217955 0.149065
338 0.0437489 0.00739371 0.0363552 0.0511426
339 0.0433854 0.00702509 0.0363603 0.0504105
340 0.0423162 0.00592337 0.0363929 0.0482396
341 0.04191 0.00519382 0.0367162 0.0471038
342 0.0432143 0.00700421 0.0362101 0.0502185
343 0.0443262 0.0104817 0.0338446 0.0548079
344 0.0442407 0.0106772 0.0335635 0.0549178
345 0.0446683 0.0130805 0.0315878 0.0577489
346 0.0427439 0.00660509 0.0361388 0.049349
347 0.0430005 0.00663825 0.0363623 0.0496388
348 0.0445614 0.010241 0.0343204 0.0548024
349 0.0431502 0.0066608 0.0364894 0.049811
350 0.0441979 0.00772179 0.0364761 0.0519197
351 0.0447111 0.00825212 0.036459 0.0529632
352 0.0462507 0.00813022 0.0381204 0.0543809
353 0.0464003 0.00898429 0.0374161 0.0553846
354 0.0490304 0.0120392 0.0369912 0.0610696
355 0.0459299 0.0109494 0.0349805 0.0568793
356 0.0474695 0.0103824 0.0370871 0.0578519
357 0.0460368 0.00795513 0.0380817 0.053992
358 0.0465928 0.00807517 0.0385176 0.054668
359 0.0452029 0.00678621 0.0384167 0.0519891
360 0.0451388 0.00686442 0.0382743 0.0520032
361 0.0448608 0.00672503 0.0381358 0.0515858
362 0.0454381 0.00692596 0.0385122 0.0523641
363 0.0454381 0.00678321 0.0386549 0.0522213
364 0.0450532 0.0065114 0.0385418 0.0515646
365 0.0440696 0.00528539 0.0387842 0.049355
366 0.0432357 0.0021421 0.0410936 0.0453778
367 0.045096 0.0110368 0.0340592 0.0561328
368 0.0440055 0.00611992 0.0378856 0.0501254
369 0.044369 0.00626607 0.0381029 0.0506351
370 0.0430219 0.00145277 0.0415691 0.0444747
371 0.0456947 0.0133331 0.0323616 0.0590278
372 0.0457802 0.00971675 0.0360635 0.055497
373 0.0433426 0.00211796 0.0412247 0.0454606
374 0.043086 0.00202798 0.041058 0.045114
375 0.0444118 0.00573641 0.0386753 0.0501482
376 0.0429577 0.00165339 0.0413043 0.0446111
377 0.0426156 0.00137432 0.0412413 0.0439899
378 0.0441765 0.00457429 0.0396022 0.0487508
379 0.042915 0.00194229 0.0409727 0.0448573
380 0.0455664 0.0146869 0.0308795 0.0602534
381 0.0409905 0.00267504 0.0383155 0.0436656
382 0.0405629 0.00148312 0.0390797 0.042046
383 0.0408409 0.00149679 0.0393441 0.0423376
384 0.0481323 0.0123528 0.0357795 0.0604851
385 0.0409905 0.00168516 0.0393054 0.0426757
386 0.0408622 0.00204863 0.0388136 0.0429109
387 0.041354 0.00222668 0.0391274 0.0435807
388 0.041183 0.00259109 0.0385919 0.043774
389 0.0413327 0.00167973 0.0396529 0.0430124
390 0.04191 0.00407507 0.0378349 0.0459851
391 0.0410333 0.00171847 0.0393148 0.0427518
392 0.0410119 0.00199626 0.0390157 0.0430082
393 0.0416748 0.00324136 0.0384334 0.0449161
394 0.0421666 0.00392973 0.0382369 0.0460963
395 0.041183 0.00151861 0.0396644 0.0427016
396 0.0427867 0.00547577 0.0373109 0.0482624
397 0.0425942 0.00530944 0.0372848 0.0479037
398 0.0421666 0.00506258 0.037104 0.0472291
399 0.0423163 0.00525418 0.0370621 0.0475704
400 0.0431074 0.00546761 0.0376398 0.048575
401 0.0425301 0.0051041 0.037426 0.0476342
402 0.0436634 0.00737736 0.036286 0.0510407
403 0.0474267 0.0110917 0.036335 0.0585184
404 0.0454595 0.00975583 0.0357037 0.0552153
405 0.0468921 0.0135258 0.0333664 0.0604179
406 0.0442193 0.00669166 0.0375277 0.050911
407 0.0459513 0.00722782 0.0387235 0.0531791
408 0.0465714 0.0113267 0.0352447 0.0578981
409 0.0460796 0.00794201 0.0381376 0.0540216
410 0.047277 0.00955252 0.0377245 0.0568295
411 0.0448608 0.00512808 0.0397327 0.0499889
412 0.0502065 0.0129151 0.0372913 0.0631216
413 0.0504416 0.0156082 0.0348335 0.0660498
414 0.0490304 0.00926663 0.0397638 0.058297
415 0.0487097 0.00861472 0.0400949 0.0573244
416 0.04856 0.00768881 0.0408712 0.0562488
417 0.0472556 0.00730084 0.0399548 0.0545565
418 0.0483461 0.00801488 0.0403313 0.056361
419 0.0471915 0.00741368 0.0397778 0.0546052
420 0.0472129 0.00739036 0.0398225 0.0546033
421 0.0497788 0.0138208 0.035958 0.0635996
422 0.0486027 0.0107945 0.0378082 0.0593973
423 0.0486455 0.00899176 0.0396537 0.0576373
424 0.0475978 0.00727399 0.0403238 0.0548718
425 0.0505699 0.0144683 0.0361017 0.0650382
426 0.046999 0.00527055 0.0417285 0.0522696
427 0.0472129 0.00911855 0.0380943 0.0563314
428 0.0476405 0.0101114 0.0375291 0.057752
429 0.0462934 0.00569418 0.0405993 0.0519876
430 0.0495436 0.00759524 0.0419484 0.0571388
431 0.0481751 0.00584381 0.0423313 0.0540189
432 0.0480468 0.00619326 0.0418536 0.0542401
433 0.0481109 0.0122053 0.0359056 0.0603163
434 0.0464217 0.00547409 0.0409476 0.0518958
435 0.0481537 0.00808298 0.0400707 0.0562367
436 0.0468494 0.00541192 0.0414375 0.0522613
437 0.0465928 0.00523498 0.0413578 0.0518278
438 0.0484531 0.00903056 0.0394225 0.0574836
439 0.0475978 0.00691833 0.0406794 0.0545161
440 0.047555 0.00691107 0.0406439 0.0544661
441 0.050463 0.00932735 0.0411357 0.0597904
442 0.0483675 0.0127186 0.035649 0.0610861
443 0.0471273 0.00566475 0.0414626 0.0527921
444 0.0479185 0.00741761 0.0405009 0.0553361
445 0.0505058 0.0135255 0.0369803 0.0640313
446 0.0498643 0.0103076 0.0395567 0.0601719
447 0.0483675 0.00990078 0.0384668 0.0582683
448 0.0512756 0.00982664 0.0414489 0.0611022
449 0.0512114 0.0156989 0.0355125 0.0669104
450 0.0511045 0.0131683 0.0379362 0.0642728
451 0.0482179 0.00942862 0.0387892 0.0576465
452 0.0476833 0.00887984 0.0388035 0.0565632
453 0.0472556 0.00886643 0.0383892 0.0561221
454 0.04856 0.0093689 0.0391911 0.0579289
455 0.045096 0.00871141 0.0363846 0.0538074
456 0.0448608 0.00873909 0.0361217 0.0535999
457 0.04655 0.0147316 0.0318184 0.0612816
458 0.044369 0.00843665 0.0359323 0.0528056
459 0.0470204 0.0156928 0.0313276 0.0627133
460 0.0430647 0.00495799 0.0381067 0.0480226
461 0.0444759 0.00840967 0.0360662 0.0528856
462 0.0440696 0.0063207 0.0377489 0.0503903
463 0.0461651 0.00836439 0.0378007 0.0545295
464 0.0483675 0.0160201 0.0323474 0.0643876
465 0.0436633 0.00512809 0.0385353 0.0487914
466 0.0435137 0.00510301 0.0384107 0.0486167
467 0.0449249 0.0104993 0.0344257 0.0554242
468 0.0451388 0.00872923 0.0364095 0.053868
469 0.0425942 0.00477634 0.0378179 0.0473706
470 0.0440269 0.00786751 0.0361594 0.0518944
471 0.0422949 0.00323972 0.0390552 0.0455346
472 0.0422521 0.0032389 0.0390132 0.045491
473 0.0416962 0.00175545 0.0399407 0.0434516
474 0.0416106 0.00152462 0.040086 0.0431353
475 0.0412685 0.00144706 0.0398214 0.0427156
476 0.0420169 0.00284919 0.0391677 0.0448661
477 0.0412899 0.00192432 0.0393656 0.0432142
478 0.0430646 0.00791805 0.0351466 0.0509827
479 0.0420597 0.00273923 0.0393204 0.0447989
480 0.0450746 0.00542866 0.0396459 0.0505033
481 0.0420383 0.00200177 0.0400365 0.04404
482 0.0453526 0.0102024 0.0351502 0.055555
483 0.0415679 0.00190103 0.0396668 0.0434689
484 0.0415679 0.00149741 0.0400705 0.0430653
485 0.0432999 0.00642886 0.036871 0.0497287
486 0.042081 0.00308503 0.038996 0.0451661
487 0.0414395 0.00159956 0.03984 0.0430391
488 0.0424659 0.00447729 0.0379887 0.0469432
489 0.0417603 0.00180059 0.0399597 0.0435609
490 0.0418031 0.00152926 0.0402738 0.0433323
491 0.0416534 0.00140801 0.0402454 0.0430614
492 0.0434282 0.00152087 0.0419073 0.044949
493 0.0436633 0.0026942 0.0409691 0.0463575
494 0.0431716 0.00141496 0.0417566 0.0445865
495 0.0470846 0.00778857 0.039296 0.0548732
496 0.0464859 0.00775231 0.0387336 0.0542382
497 0.0525799 0.0235844 0.0289955 0.0761643
498 0.0480468 0.00911039 0.0389364 0.0571572
499 0.0483889 0.00878437 0.0396046 0.0571733
500 0.0503775 0.0117496 0.0386279 0.0621272
501 0.0477474 0.00909429 0.0386532 0.0568417
502 0.0465714 0.00874641 0.037825 0.0553178
503 0.0467639 0.00948607 0.0372778 0.0562499
504 0.0466997 0.0120819 0.0346178 0.0587816
505 0.0459727 0.00887778 0.0370949 0.0548505
506 0.0469563 0.0094989 0.0374574 0.0564552
507 0.0463148 0.00906191 0.0372529 0.0553767
508 0.0468066 0.00925697 0.0375496 0.0560636
509 0.0463362 0.00882384 0.0375124 0.05516
510 0.0487097 0.0131262 0.0355835 0.0618358
511 0.0441979 0.00734925 0.0368487 0.0515472
512 0.0477902 0.00933898 0.0384512 0.0571292
513 0.0444759 0.00620611 0.0382698 0.050682
514 0.0434068 0.00317588 0.0402309 0.0465826
515 0.0436634 0.00545136 0.038212 0.0491147
516 0.0426798 0.00246265 0.0402171 0.0451424
517 0.0421879 0.00169599 0.040492 0.0438839
518 0.0435778 0.00529478 0.0382831 0.0488726
519 0.0458658 0.0158502 0.0300155 0.061716
520 0.0444118 0.00509837 0.0393134 0.0495101
521 0.0467211 0.00871916 0.0380019 0.0554403
522 0.0441766 0.00540284 0.0387737 0.0495794
523 0.0435351 0.00501213 0.0385229 0.0485472
524 0.0460582 0.0120543 0.034004 0.0581125
525 0.0462293 0.00491503 0.0413142 0.0511443
526 0.0472984 0.00735562 0.0399428 0.054654
527 0.0498429 0.0100526 0.0397904 0.0598955
528 0.0490304 0.009756 0.0392744 0.0587864
529 0.0505058 0.00953186 0.0409739 0.0600377
530 0.0472343 0.00713227 0.040102 0.0543665
531 0.0469991 0.00711101 0.0398881 0.0541101
532 0.0469349 0.0070386 0.0398963 0.0539735
533 0.0480254 0.0107656 0.0372598 0.058791
534 0.0477688 0.00783212 0.0399367 0.0556009
535 0.0484745 0.00902163 0.0394528 0.0574961
536 0.0485172 0.00874073 0.0397765 0.057258
537 0.0483248 0.00873815 0.0395866 0.0570629
538 0.0485386 0.00857814 0.0399605 0.0571168
539 0.0495222 0.009325 0.0401972 0.0588472
540 0.0546327 0.0185238 0.0361089 0.0731564
541 0.0484958 0.00813823 0.0403576 0.0566341
542 0.0495222 0.00930537 0.0402168 0.0588276
543 0.0474908 0.00713486 0.040356 0.0546257
544 0.0487311 0.00760751 0.0411236 0.0563386
545 0.0472556 0.00673807 0.0405176 0.0539937
546 0.0470204 0.0069439 0.0400765 0.0539643
547 0.0471488 0.00610194 0.0410468 0.0532507
548 0.0485813 0.0127634 0.0358179 0.0613448
549 0.0459727 0.00496426 0.0410084 0.0509369
550 0.0439199 0.00479105 0.0391289 0.048711
551 0.0437489 0.00493025 0.0388186 0.0486791
552 0.0439627 0.00506655 0.0388962 0.0490293
553 0.0438558 0.00500275 0.0388531 0.0488586
554 0.0440482 0.00487038 0.0391778 0.0489186
555 0.0417603 0.00479137 0.0369689 0.0465517
556 0.0429363 0.00653958 0.0363968 0.0494759
557 0.0422307 0.00471752 0.0375132 0.0469482
558 0.0425942 0.0048391 0.0377551 0.0474333
559 0.0424445 0.00479632 0.0376482 0.0472409
560 0.0427225 0.00484382 0.0378787 0.0475663
561 0.0424659 0.0051887 0.0372772 0.0476546
562 0.0430219 0.00520155 0.0378203 0.0482234
563 0.0410333 0.00168082 0.0393525 0.0427141
564 0.0411402 0.00147276 0.0396674 0.042613
565 0.0423376 0.00524636 0.0370913 0.047584
566 0.0424232 0.00521422 0.037209 0.0476374
567 0.0441552 0.00654306 0.0376121 0.0506982
568 0.0429791 0.0070316 0.0359475 0.0500107
569 0.0414396 0.00152343 0.0399162 0.042963
570 0.0412899 0.00150274 0.0397872 0.0427926
571 0.0422735 0.0039642 0.0383093 0.0462377
572 0.0422949 0.00315393 0.039141 0.0454488
573 0.0434282 0.0019573 0.0414709 0.0453855
574 0.0450319 0.00165685 0.043375 0.0466887
575 0.0446256 0.00154947 0.0430761 0.0461751
576 0.0488166 0.00630738 0.0425092 0.0551239
577 0.0452884 0.00215062 0.0431378 0.0474391
578 0.0455023 0.00376578 0.0417365 0.049268
579 0.044818 0.00153955 0.0432785 0.0463576
580 0.0470632 0.008852 0.0382112 0.0559152
581 0.0450532 0.00207875 0.0429745 0.047132
582 0.0447539 0.00169599 0.0430579 0.0464499
583 0.0447753 0.00154843 0.0432268 0.0463237
584 0.0462293 0.00589774 0.0403315 0.052127
585 0.0458016 0.00579608 0.0400056 0.0515977
586 0.0466355 0.0062946 0.0403409 0.0529301
587 0.0460796 0.00582437 0.0402552 0.051904
588 0.0465928 0.00723161 0.0393612 0.0538244
589 0.0477047 0.0100943 0.0376104 0.057799
590 0.0462079 0.00556026 0.0406476 0.0517682
591 0.0504203 0.00891622 0.041504 0.0593365
592 0.0483248 0.00526033 0.0430645 0.0535851
593 0.0481323 0.00545737 0.042675 0.0535897
594 0.0477047 0.00540008 0.0423046 0.0531048
595 0.0476405 0.00527141 0.0423691 0.0529119
596 0.0483889 0.00554347 0.0428455 0.0539324
597 0.0500995 0.00780076 0.0422988 0.0579003
598 0.0486027 0.00594925 0.0426535 0.054552
599 0.0479613 0.00658262 0.0413787 0.0545439
600 0.0460796 0.00488513 0.0411945 0.0509647
601 0.0462079 0.00503374 0.0411742 0.0512417
602 0.0480682 0.00890341 0.0391648 0.0569716
603 0.0474909 0.0067122 0.0407786 0.0542031
604 0.0492015 0.0132113 0.0359902 0.0624128
605 0.0624801 0.0474072 0.0150729 0.109887
606 0.0483034 0.00723286 0.0410705 0.0555363
607 0.0478757 0.00661477 0.041261 0.0544905
608 0.0519598 0.00875542 0.0432044 0.0607152
609 0.0503134 0.00970901 0.0406043 0.0600224
610 0.0478544 0.00658209 0.0412723 0.0544364
611 0.0499499 0.0105263 0.0394235 0.0604762
612 0.047106 0.00499323 0.0421127 0.0520992
613 0.0473839 0.00505573 0.0423282 0.0524397
614 0.047277 0.0049012 0.0423758 0.0521782
615 0.0514466 0.0226358 0.0288109 0.0740824
616 0.0457161 0.00161664 0.0440995 0.0473327
617 0.0460155 0.00186604 0.0441494 0.0478815
618 0.0456306 0.00151862 0.0441119 0.0471492
619 0.0453098 0.00710662 0.0382032 0.0524164
620 0.0440268 0.00166989 0.042357 0.0456967
621 0.0437916 0.00149007 0.0423016 0.0452817
622 0.0445187 0.00234977 0.0421689 0.0468684
623 0.045096 0.00549075 0.0396053 0.0505868
624 0.0452457 0.00540029 0.0398454 0.050646
625 0.0457589 0.00984066 0.0359182 0.0555995
626 0.0468708 0.00938833 0.0374824 0.0562591
627 0.0448608 0.00543118 0.0394296 0.050292
628 0.045823 0.00574277 0.0400802 0.0515658
629 0.0464645 0.00682943 0.0396351 0.0532939
630 0.0458444 0.00581609 0.0400283 0.0516605
631 0.0454381 0.00551633 0.0399218 0.0509545
632 0.0455237 0.00545065 0.040073 0.0509743
633 0.046379 0.00785938 0.0385196 0.0542384
634 0.0482606 0.00868805 0.0395726 0.0569487
635 0.046101 0.00573851 0.0403625 0.0518395
636 0.0448394 0.00523289 0.0396065 0.0500723
637 0.0442621 0.00207975 0.0421823 0.0463418
638 0.0450105 0.00448093 0.0405295 0.0494914
639 0.0435351 0.00176638 0.0417687 0.0453014
640 0.0472556 0.00691624 0.0403394 0.0541719
641 0.0444545 0.00392762 0.0405269 0.0483821
642 0.0417817 0.00161774 0.0401639 0.0433994
643 0.041632 0.00156122 0.0400708 0.0431932
644 0.0412471 0.00143422 0.0398129 0.0426813
645 0.041354 0.0014882 0.0398658 0.0428422
646 0.0423163 0.00336318 0.0389531 0.0456794
647 0.0431929 0.00625457 0.0369384 0.0494475
648 0.0423376 0.00292871 0.0394089 0.0452663
649 0.042188 0.00363198 0.038556 0.0458199
650 0.0435564 0.00576344 0.037793 0.0493199
651 0.0431502 0.00474654 0.0384037 0.0478967
652 0.044091 0.00816906 0.0359219 0.0522601
653 0.0447752 0.00672125 0.038054 0.0514965
654 0.0435351 0.00645968 0.0370754 0.0499947
655 0.0444759 0.00664584 0.0378301 0.0511217
656 0.0441765 0.00649429 0.0376822 0.0506708
657 0.0437061 0.00643557 0.0372705 0.0501417
658 0.0454595 0.00898285 0.0364767 0.0544424
659 0.0440482 0.00638908 0.0376592 0.0504373
660 0.0464217 0.0128925 0.0335292 0.0593142
661 0.0438344 0.0066079 0.0372265 0.0504423
662 0.0460582 0.00687856 0.0391796 0.0529368
663 0.0489449 0.0141943 0.0347506 0.0631391
664 0.0469991 0.0125156 0.0344834 0.0595147
665 0.0473198 0.00707801 0.0402418 0.0543978
666 0.048731 0.00751438 0.0412167 0.0562454
667 0.0475978 0.00624886 0.0413489 0.0538466
668 0.0450532 0.00749097 0.0375623 0.0525442
669 0.0428081 0.00175753 0.0410505 0.0445656
670 0.0447111 0.00620976 0.0385013 0.0509209
671 0.043364 0.0039645 0.0393995 0.0473285
672 0.0474481 0.00687907 0.040569 0.0543272
673 0.0413754 0.00265653 0.0387189 0.0440319
674 0.0431288 0.0080964 0.0350324 0.0512252
675 0.0418031 0.00484565 0.0369574 0.0466487
676 0.043086 0.0119826 0.0311035 0.0550686
677 0.0415892 0.00483623 0.036753 0.0464255
678 0.0424659 0.00478532 0.0376806 0.0472512
679 0.0416106 0.00481199 0.0367986 0.0464226
680 0.042188 0.00547208 0.0367159 0.04766
681 0.0418031 0.00488513 0.0369179 0.0466882
682 0.041632 0.00480853 0.0368235 0.0464405
683 0.0418458 0.00488776 0.0369581 0.0467336
684 0.0428508 0.00670828 0.0361426 0.0495591
685 0.0435992 0.0077728 0.0358264 0.051372
686 0.0430219 0.00685233 0.0361695 0.0498742
687 0.0440269 0.00770543 0.0363215 0.0517323
688 0.048731 0.017584 0.031147 0.0663151
689 0.0472984 0.013116 0.0341824 0.0604145
690 0.048111 0.0128847 0.0352263 0.0609957
691 0.0501423 0.0103151 0.0398272 0.0604574
692 0.048838 0.0101468 0.0386912 0.0589848
693 0.0492656 0.0116079 0.0376577 0.0608735
694 0.0474481 0.00870512 0.038743 0.0561532
695 0.0493084 0.0141417 0.0351666 0.0634501
696 0.0475977 0.00904472 0.038553 0.0566425
697 0.0477261 0.00881981 0.0389063 0.0565459
698 0.0494794 0.0142718 0.0352077 0.0637512
699 0.0483462 0.0107199 0.0376263 0.0590661
700 0.0475336 0.00821638 0.0393172 0.05575
701 0.0455023 0.00680008 0.0387022 0.0523023
702 0.0447111 0.00497345 0.0397377 0.0496845
703 0.0427867 0.00148436 0.0413023 0.044271
704 0.0452243 0.00415259 0.0410717 0.0493769
705 0.042637 0.0016121 0.0410249 0.0442491
706 0.0425301 0.00157986 0.0409502 0.0441099
707 0.0444331 0.0058479 0.0385852 0.050281
708 0.0428936 0.00165685 0.0412368 0.0445505
709 0.0523447 0.0417978 0.0105469 0.0941425
710 0.0432571 0.00410919 0.0391479 0.0473663
711 0.0434068 0.00367012 0.0397366 0.0470769
712 0.0410974 0.00243387 0.0386636 0.0435313
713 0.040905 0.00157871 0.0393263 0.0424837
714 0.0409478 0.00156473 0.039383 0.0425125
715 0.040905 0.00159598 0.039309 0.042501
716 0.0413113 0.00222379 0.0390875 0.0435351
717 0.0406912 0.00197497 0.0387162 0.0426661
718 0.0419741 0.00404187 0.0379323 0.046016
719 0.0425728 0.00529059 0.0372823 0.0478634
720 0.0419528 0.00486079 0.037092 0.0468135
721 0.0427439 0.00513091 0.037613 0.0478748
722 0.0493084 0.0261904 0.023118 0.0754988
723 0.0451174 0.0176588 0.0274586 0.0627761
724 0.0421452 0.00500275 0.0371424 0.0471479
725 0.0641052 0.0957981 -0.0316929 0.159903
726 0.042637 0.00508369 0.0375533 0.0477207
727 0.0439627 0.00646393 0.0374988 0.0504267
728 0.0428722 0.00543619 0.037436 0.0483084
729 0.0419742 0.00484642 0.0371277 0.0468206
730 0.042637 0.00586228 0.0367747 0.0484993
731 0.0421024 0.00490866 0.0371938 0.0470111
732 0.0431074 0.00975067 0.0333567 0.0528581
733 0.0418886 0.00313816 0.0387504 0.0450268
734 0.0441765 0.00973426 0.0344423 0.0539108
735 0.0421024 0.00495316 0.0371493 0.0470556
736 0.043086 0.00370328 0.0393828 0.0467893
737 0.0427439 0.0042861 0.0384578 0.04703
738 0.0469349 0.0122863 0.0346486 0.0592212
739 0.0427867 0.00524895 0.0375377 0.0480356
740 0.0444759 0.00780158 0.0366743 0.0522775
741 0.0444759 0.00552648 0.0389494 0.0500024
742 0.0449463 0.00634152 0.0386048 0.0512879
743 0.0444331 0.00555603 0.0388771 0.0499892
744 0.0440055 0.00552302 0.0384825 0.0495285
745 0.0444117 0.005578 0.0388338 0.0499897
746 0.0442193 0.00560764 0.0386117 0.049827
747 0.0441552 0.00550971 0.0386455 0.0496649
748 0.0442407 0.00564675 0.0385939 0.0498874
749 0.0458016 0.00956919 0.0362324 0.0553708
750 0.0441338 0.00515778 0.038976 0.0492916
751 0.0459941 0.0111858 0.0348083 0.0571798
752 0.045545 0.00766382 0.0378812 0.0532089
753 0.0441124 0.00592618 0.0381862 0.0500386
754 0.0452884 0.00764398 0.0376445 0.0529324
755 0.0473626 0.0110106 0.0363519 0.0583732
756 0.0445828 0.00569257 0.0388902 0.0502754
757 0.0457802 0.00804791 0.0377323 0.0538281
758 0.0467211 0.0115021 0.035219 0.0582232
759 0.045545 0.00745086 0.0380942 0.0529959
760 0.0455023 0.00797592 0.0375264 0.0534782
761 0.04655 0.00869121 0.0378588 0.0552412
762 0.0495222 0.0141078 0.0354145 0.06363
763 0.045374 0.00756946 0.0378045 0.0529434
764 0.0453312 0.00756234 0.0377689 0.0528935
765 0.0466569 0.0088058 0.0378511 0.0554627
766 0.043364 0.0052991 0.0380649 0.0486631
767 0.042466 0.00523085 0.0372351 0.0476968
768 0.044818 0.00666179 0.0381562 0.0514798
769 0.0456947 0.0141999 0.0314948 0.0598946
770 0.0428294 0.00525383 0.0375756 0.0480833
771 0.0422735 0.00243903 0.0398344 0.0447125
772 0.0422735 0.00387558 0.0383979 0.0461491
773 0.0427653 0.00450967 0.0382556 0.047275
774 0.0434282 0.00582218 0.037606 0.0492503
775 0.043813 0.00914064 0.0346724 0.0529537
776 0.0414609 0.00189076 0.0395702 0.0433517
777 0.0412685 0.00185177 0.0394167 0.0431203
778 0.042915 0.00541834 0.0374966 0.0483333
779 0.0416106 0.0017324 0.0398782 0.043343
780 0.0416748 0.00257472 0.0391001 0.0442495
781 0.0435564 0.0055862 0.0379702 0.0491426
782 0.0431074 0.00527871 0.0378287 0.0483861
783 0.0414823 0.00149984 0.0399825 0.0429822
784 0.0441124 0.00635215 0.0377602 0.0504645
785 0.0431715 0.00545902 0.0377125 0.0486306
786 0.0426797 0.00521244 0.0374673 0.0478922
787 0.0432143 0.00524375 0.0379706 0.0484581
788 0.0436847 0.00952455 0.0341602 0.0532093
789 0.0431929 0.00518503 0.0380079 0.048378
790 0.0434281 0.0055652 0.0378629 0.0489933
791 0.0432999 0.00526703 0.0380328 0.0485669
792 0.0432143 0.00549243 0.0377219 0.0487067
793 0.0444759 0.00689305 0.0375828 0.0513689
794 0.0442621 0.00704069 0.0372214 0.0513028
795 0.0435992 0.00615208 0.0374471 0.0497513
796 0.0436634 0.00626026 0.0374031 0.0499236
797 0.0437916 0.00841337 0.0353783 0.052205
798 0.0428508 0.0055654 0.0372854 0.0484162
799 0.0432571 0.0056009 0.0376562 0.048858
