# ../output/graphs/perf_parallel32QUADRUPED_thread3
# step - mean (0.145599) - standard deviation (0.0320051) r=20 - ylow - yhigh
0 0.147669 0.0413799 0.106289 0.189049
1 0.139137 0.0296344 0.109503 0.168772
2 0.135845 0.0300277 0.105817 0.165872
3 0.137876 0.0306594 0.107216 0.168535
4 0.13933 0.0305612 0.108769 0.169891
5 0.137405 0.0297502 0.107655 0.167156
6 0.13871 0.0310944 0.107615 0.169804
7 0.133065 0.0297806 0.103284 0.162845
8 0.13685 0.031546 0.105303 0.168396
9 0.13933 0.0317087 0.107621 0.171039
10 0.154661 0.0276869 0.126974 0.182348
11 0.149893 0.0289022 0.120991 0.178795
12 0.152266 0.0286109 0.123656 0.180877
13 0.148802 0.0298904 0.118912 0.178693
14 0.147733 0.0329567 0.114777 0.18069
15 0.145552 0.0314512 0.114101 0.177003
16 0.153421 0.0300242 0.123397 0.183445
17 0.155089 0.0280136 0.127075 0.183103
18 0.155495 0.0269543 0.128541 0.18245
19 0.155196 0.0268538 0.128342 0.18205
20 0.15139 0.0284353 0.122954 0.179825
21 0.149166 0.0298421 0.119324 0.179008
22 0.146044 0.0309187 0.115125 0.176963
23 0.148674 0.0299219 0.118752 0.178596
24 0.145659 0.0295417 0.116117 0.175201
25 0.149765 0.0309959 0.118769 0.180761
26 0.150449 0.028273 0.122176 0.178722
27 0.154105 0.0292424 0.124863 0.183348
28 0.151155 0.0296116 0.121543 0.180766
29 0.156137 0.0274483 0.128688 0.183585
30 0.149358 0.0293933 0.119965 0.178752
31 0.146515 0.0299503 0.116564 0.176465
32 0.144633 0.030867 0.113766 0.1755
33 0.14846 0.0337637 0.114697 0.182224
34 0.142281 0.0311564 0.111124 0.173437
35 0.139351 0.0293408 0.110011 0.168692
36 0.13933 0.0312374 0.108092 0.170567
37 0.136422 0.0304195 0.106002 0.166841
38 0.136443 0.0308156 0.105628 0.167259
39 0.137063 0.0313735 0.10569 0.168437
40 0.142751 0.0300868 0.112664 0.172838
41 0.142687 0.0321186 0.110568 0.174806
42 0.142046 0.0312095 0.110836 0.173255
43 0.139971 0.0304618 0.10951 0.170433
44 0.141618 0.031427 0.110191 0.173045
45 0.142815 0.0316602 0.111155 0.174475
46 0.146044 0.0319975 0.114047 0.178042
47 0.144205 0.0314704 0.112735 0.175676
48 0.14876 0.029768 0.118992 0.178528
49 0.149957 0.0300533 0.119904 0.18001
50 0.150428 0.030441 0.119987 0.180869
51 0.141896 0.0304548 0.111441 0.172351
52 0.134668 0.0305257 0.104143 0.165194
53 0.130798 0.0292002 0.101598 0.159998
54 0.128959 0.0279663 0.100993 0.156926
55 0.12541 0.0272879 0.0981219 0.152698
56 0.128938 0.0303067 0.0986312 0.159245
57 0.130905 0.0298505 0.101055 0.160756
58 0.136358 0.0312651 0.105093 0.167623
59 0.146557 0.0301001 0.116457 0.176657
60 0.14861 0.030163 0.118447 0.178773
61 0.148738 0.0298249 0.118913 0.178563
62 0.15742 0.0304633 0.126956 0.187883
63 0.154041 0.026011 0.12803 0.180052
64 0.154512 0.0274463 0.127065 0.181958
65 0.154362 0.0266781 0.127684 0.18104
66 0.151411 0.027949 0.123462 0.17936
67 0.146065 0.0308856 0.11518 0.176951
68 0.151112 0.0302601 0.120852 0.181372
69 0.150748 0.0308586 0.11989 0.181607
70 0.149743 0.029521 0.120222 0.179264
71 0.153913 0.0292845 0.124628 0.183197
72 0.164497 0.0284428 0.136055 0.19294
73 0.166187 0.0284936 0.137693 0.19468
74 0.162081 0.0304005 0.131681 0.192482
75 0.155003 0.0320123 0.122991 0.187016
76 0.157313 0.0316896 0.125623 0.189002
77 0.154961 0.0330088 0.121952 0.18797
78 0.152438 0.0342633 0.118174 0.186701
79 0.151732 0.0328787 0.118853 0.184611
80 0.151326 0.0331106 0.118215 0.184436
81 0.148738 0.0312198 0.117518 0.179958
82 0.14784 0.0332822 0.114558 0.181122
83 0.141425 0.032122 0.109303 0.173547
84 0.14923 0.0318123 0.117418 0.181042
85 0.152502 0.0316884 0.120813 0.18419
86 0.151967 0.0308837 0.121083 0.182851
87 0.158745 0.0293377 0.129408 0.188083
88 0.157398 0.032076 0.125322 0.189474
89 0.153378 0.0318226 0.121556 0.185201
90 0.149487 0.0319268 0.11756 0.181413
91 0.143906 0.0325488 0.111357 0.176455
92 0.146408 0.0321499 0.114258 0.178558
93 0.143328 0.0324745 0.110854 0.175803
94 0.143435 0.0322582 0.111177 0.175694
95 0.146964 0.0330808 0.113883 0.180044
96 0.144184 0.0306621 0.113522 0.174846
97 0.142601 0.0310757 0.111526 0.173677
98 0.138603 0.0292957 0.109307 0.167899
99 0.132637 0.0283327 0.104304 0.16097
100 0.139651 0.0321966 0.107454 0.171847
101 0.134519 0.0293293 0.10519 0.163848
102 0.130606 0.0272374 0.103368 0.157843
103 0.13747 0.0305216 0.106948 0.167991
104 0.136678 0.0299008 0.106778 0.166579
105 0.146386 0.0328441 0.113542 0.17923
106 0.14072 0.0310271 0.109693 0.171747
107 0.14459 0.0320264 0.112564 0.176616
108 0.142858 0.0323052 0.110553 0.175163
109 0.142666 0.0321699 0.110496 0.174835
110 0.146493 0.0330291 0.113464 0.179522
111 0.139843 0.0320493 0.107794 0.171892
112 0.130563 0.0279917 0.102571 0.158555
113 0.144141 0.0338919 0.110249 0.178033
114 0.140463 0.0322429 0.10822 0.172706
115 0.144376 0.0340052 0.110371 0.178381
116 0.138496 0.0314454 0.107051 0.169941
117 0.140335 0.0310759 0.109259 0.171411
118 0.147947 0.0306299 0.117317 0.178577
119 0.149594 0.0310433 0.11855 0.180637
120 0.148888 0.0300706 0.118817 0.178959
121 0.147519 0.0310315 0.116488 0.178551
122 0.149786 0.031703 0.118083 0.181489
123 0.15263 0.0302923 0.122338 0.182922
124 0.152887 0.0302695 0.122617 0.183156
125 0.151026 0.0295213 0.121505 0.180548
126 0.151539 0.0292552 0.122284 0.180795
127 0.157013 0.0266674 0.130346 0.183681
128 0.153549 0.0294441 0.124105 0.182994
129 0.149829 0.0286998 0.121129 0.178529
130 0.152544 0.0301417 0.122403 0.182686
131 0.154597 0.0285501 0.126047 0.183147
132 0.148995 0.0295377 0.119457 0.178533
133 0.148867 0.0313491 0.117517 0.180216
134 0.147263 0.0320893 0.115174 0.179352
135 0.138389 0.0322295 0.10616 0.170619
136 0.136785 0.0308411 0.105944 0.167626
137 0.135588 0.0307999 0.104788 0.166388
138 0.140527 0.0313656 0.109162 0.171893
139 0.13685 0.0303291 0.10652 0.167179
140 0.136956 0.0298615 0.107095 0.166818
141 0.133364 0.029503 0.103861 0.162867
142 0.133599 0.0300913 0.103508 0.163691
143 0.136251 0.030461 0.10579 0.166712
144 0.141169 0.0324795 0.108689 0.173648
145 0.138325 0.0304707 0.107854 0.168796
146 0.143136 0.0316601 0.111476 0.174796
147 0.141703 0.031755 0.109948 0.173458
148 0.141169 0.0317183 0.109451 0.172887
149 0.143991 0.0314993 0.112492 0.175491
150 0.147006 0.030292 0.116714 0.177298
151 0.150534 0.0295862 0.120948 0.180121
152 0.150791 0.0301954 0.120596 0.180986
153 0.153336 0.0288771 0.124458 0.182213
154 0.153785 0.0311562 0.122628 0.184941
155 0.151561 0.0309583 0.120603 0.182519
156 0.149615 0.0334704 0.116145 0.183085
157 0.153635 0.0292166 0.124418 0.182852
158 0.15402 0.0296357 0.124384 0.183656
159 0.154063 0.0293166 0.124746 0.183379
160 0.157099 0.0299664 0.127133 0.187065
161 0.148696 0.032247 0.116449 0.180943
162 0.146108 0.0352988 0.110809 0.181407
163 0.144889 0.0339886 0.110901 0.178878
164 0.143713 0.0332498 0.110464 0.176963
165 0.148482 0.0333841 0.115098 0.181866
166 0.152202 0.030814 0.121388 0.183016
167 0.147455 0.0299342 0.117521 0.17739
168 0.143157 0.0321882 0.110969 0.175346
169 0.143778 0.0329934 0.110784 0.176771
170 0.141041 0.03194 0.109101 0.172981
171 0.144954 0.033307 0.111647 0.178261
172 0.147498 0.0327897 0.114708 0.180288
173 0.156286 0.0300116 0.126275 0.186298
174 0.148888 0.0305153 0.118373 0.179403
175 0.147819 0.0307683 0.117051 0.178587
176 0.143799 0.0310295 0.112769 0.174828
177 0.152887 0.0312312 0.121655 0.184118
178 0.149829 0.0299759 0.119853 0.179805
179 0.147177 0.0300734 0.117104 0.177251
180 0.152095 0.0285782 0.123517 0.180674
181 0.149123 0.0286085 0.120515 0.177732
182 0.143072 0.0300043 0.113068 0.173076
183 0.135973 0.0295511 0.106422 0.165524
184 0.138453 0.0297688 0.108684 0.168222
185 0.138838 0.030582 0.108256 0.16942
186 0.138282 0.030884 0.107398 0.169166
187 0.142174 0.0306475 0.111526 0.172821
188 0.143649 0.0312919 0.112357 0.174941
189 0.145595 0.030705 0.11489 0.1763
190 0.14583 0.0306772 0.115153 0.176507
191 0.145232 0.0306191 0.114612 0.175851
192 0.146728 0.0305511 0.116177 0.177279
193 0.150513 0.0296586 0.120855 0.180172
194 0.146194 0.0299729 0.116221 0.176167
195 0.151946 0.0305634 0.121382 0.182509
196 0.151668 0.0309323 0.120735 0.1826
197 0.14722 0.0306855 0.116535 0.177906
198 0.14149 0.0311065 0.110383 0.172596
199 0.146087 0.0330304 0.113056 0.179117
200 0.146515 0.0334311 0.113083 0.179946
201 0.145873 0.0335435 0.11233 0.179417
202 0.147519 0.033427 0.114092 0.180947
203 0.140656 0.0333417 0.107314 0.173997
204 0.143243 0.0335226 0.10972 0.176766
205 0.144098 0.0350156 0.109083 0.179114
206 0.143115 0.0337821 0.109333 0.176897
207 0.1435 0.0337748 0.109725 0.177274
208 0.143286 0.0336014 0.109684 0.176887
209 0.139544 0.0332387 0.106305 0.172782
210 0.143136 0.0334226 0.109713 0.176559
211 0.139095 0.0325953 0.106499 0.17169
212 0.138902 0.0332116 0.105691 0.172114
213 0.141789 0.0326299 0.109159 0.174419
214 0.146044 0.032312 0.113732 0.178356
215 0.144633 0.0326101 0.112023 0.177243
216 0.144761 0.0327611 0.112 0.177522
217 0.141703 0.033073 0.10863 0.174776
218 0.142922 0.0327662 0.110156 0.175688
219 0.132552 0.0292831 0.103268 0.161835
220 0.131311 0.0291347 0.102177 0.160446
221 0.134433 0.0308381 0.103595 0.165271
222 0.137855 0.0318599 0.105995 0.169714
223 0.141105 0.0325898 0.108515 0.173695
224 0.154063 0.0324516 0.121611 0.186514
225 0.156137 0.0316146 0.124522 0.187751
226 0.152844 0.0331981 0.119646 0.186042
227 0.152202 0.0329138 0.119288 0.185116
228 0.140934 0.0351915 0.105742 0.176125
229 0.13655 0.0325712 0.103979 0.169121
230 0.136892 0.031401 0.105491 0.168293
231 0.139287 0.0333379 0.105949 0.172625
232 0.141532 0.0380224 0.10351 0.179555
233 0.138304 0.0321991 0.106104 0.170503
234 0.149016 0.0334224 0.115594 0.182439
235 0.154298 0.0326809 0.121617 0.186979
236 0.150449 0.0331833 0.117266 0.183632
237 0.146857 0.0329698 0.113887 0.179826
238 0.143286 0.0326481 0.110638 0.175934
239 0.1466 0.0331424 0.113458 0.179742
240 0.146322 0.0324788 0.113843 0.178801
241 0.15 0.0320615 0.117938 0.182061
242 0.15278 0.03242 0.12036 0.1852
243 0.153015 0.032329 0.120686 0.185344
244 0.156244 0.0340823 0.122161 0.190326
245 0.15077 0.0309805 0.119789 0.18175
246 0.15449 0.0309998 0.12349 0.18549
247 0.155581 0.0317994 0.123781 0.18738
248 0.147006 0.031896 0.11511 0.178902
249 0.144184 0.0318013 0.112382 0.175985
250 0.146023 0.0326918 0.113331 0.178715
251 0.142901 0.0318056 0.111095 0.174706
252 0.142644 0.0315974 0.111047 0.174242
253 0.149123 0.029403 0.11972 0.178526
254 0.148952 0.0289466 0.120006 0.177899
255 0.151304 0.0277342 0.12357 0.179038
256 0.156115 0.0272012 0.128914 0.183317
257 0.155559 0.027986 0.127573 0.183545
258 0.152801 0.0293656 0.123435 0.182167
259 0.147926 0.0312972 0.116629 0.179223
260 0.147626 0.0312918 0.116335 0.178918
261 0.143564 0.0305194 0.113044 0.174083
262 0.134583 0.0296911 0.104892 0.164274
263 0.138047 0.0305283 0.107519 0.168575
264 0.138731 0.0322944 0.106437 0.171026
265 0.136529 0.0321455 0.104383 0.168674
266 0.140741 0.0318621 0.108879 0.172603
267 0.143799 0.0313281 0.112471 0.175127
268 0.13995 0.0308107 0.109139 0.170761
269 0.139137 0.0307921 0.108345 0.16993
270 0.136422 0.0307293 0.105693 0.167151
271 0.134284 0.0316776 0.102606 0.165961
272 0.133535 0.030656 0.102879 0.164191
273 0.133578 0.031032 0.102546 0.16461
274 0.140442 0.0317187 0.108723 0.172161
275 0.140228 0.0311622 0.109066 0.17139
276 0.13933 0.0311445 0.108185 0.170474
277 0.139095 0.0307884 0.108306 0.169883
278 0.144633 0.030272 0.114361 0.174905
279 0.143927 0.0295312 0.114396 0.173458
280 0.147605 0.0289719 0.118633 0.176577
281 0.150834 0.02841 0.122424 0.179244
282 0.15789 0.0280848 0.129805 0.185975
283 0.161504 0.0257295 0.135774 0.187233
284 0.16114 0.0263137 0.134827 0.187454
285 0.16052 0.0256287 0.134891 0.186149
286 0.158981 0.0274393 0.131541 0.18642
287 0.155944 0.0294903 0.126454 0.185435
288 0.145039 0.0313516 0.113688 0.176391
289 0.144013 0.0322651 0.111748 0.176278
290 0.142901 0.0320417 0.110859 0.174942
291 0.150321 0.0330128 0.117308 0.183333
292 0.148845 0.0316477 0.117197 0.180493
293 0.150342 0.0316081 0.118734 0.18195
294 0.154469 0.0299097 0.124559 0.184379
295 0.153357 0.0307014 0.122656 0.184058
296 0.150278 0.0317014 0.118576 0.181979
297 0.143371 0.0302799 0.113091 0.173651
298 0.150299 0.0317121 0.118587 0.182011
299 0.145317 0.0303811 0.114936 0.175698
300 0.143585 0.0308131 0.112772 0.174398
301 0.14675 0.0310559 0.115694 0.177806
302 0.135374 0.0290035 0.106371 0.164378
303 0.136315 0.0313582 0.104957 0.167673
304 0.131247 0.0293163 0.101931 0.160564
305 0.130542 0.0298759 0.100666 0.160417
306 0.133535 0.0314862 0.102049 0.165021
307 0.130264 0.0301481 0.100116 0.160412
308 0.137277 0.0317869 0.10549 0.169064
309 0.140078 0.0316885 0.10839 0.171767
310 0.140335 0.0320613 0.108274 0.172396
311 0.145616 0.0319514 0.113665 0.177568
312 0.14211 0.031555 0.110555 0.173665
313 0.139052 0.0319874 0.107065 0.171039
314 0.138945 0.0319346 0.10701 0.17088
315 0.143093 0.0306445 0.112449 0.173738
316 0.135011 0.0308792 0.104131 0.16589
317 0.135588 0.0314512 0.104137 0.167039
318 0.135909 0.030489 0.10542 0.166398
319 0.131803 0.0288293 0.102974 0.160633
320 0.133364 0.0300892 0.103275 0.163453
321 0.135182 0.0288386 0.106343 0.16402
322 0.129066 0.0283541 0.100712 0.15742
323 0.134818 0.0308975 0.103921 0.165716
324 0.141147 0.0318399 0.109308 0.172987
325 0.146493 0.031351 0.115142 0.177844
326 0.146857 0.0308545 0.116002 0.177711
327 0.152972 0.0311103 0.121862 0.184082
328 0.150962 0.0313943 0.119568 0.182356
329 0.149123 0.0314793 0.117644 0.180603
330 0.147177 0.0328271 0.11435 0.180005
331 0.141639 0.0305519 0.111087 0.172191
332 0.144034 0.0324955 0.111539 0.17653
333 0.14397 0.0321806 0.111789 0.176151
334 0.140912 0.0315262 0.109386 0.172438
335 0.143778 0.031685 0.112092 0.175463
336 0.142901 0.0315299 0.111371 0.174431
337 0.143157 0.0313407 0.111817 0.174498
338 0.141361 0.0312631 0.110098 0.172624
339 0.139223 0.0319047 0.107318 0.171128
340 0.142559 0.0307588 0.1118 0.173318
341 0.142837 0.0325987 0.110238 0.175435
342 0.143671 0.0318947 0.111776 0.175565
343 0.140527 0.0313586 0.109169 0.171886
344 0.1435 0.0328545 0.110645 0.176354
345 0.147327 0.0328779 0.114449 0.180205
346 0.144761 0.0332342 0.111527 0.177995
347 0.143478 0.0329071 0.110571 0.176385
348 0.147626 0.0332028 0.114424 0.180829
349 0.147177 0.0331923 0.113985 0.18037
350 0.146493 0.0327452 0.113748 0.179238
351 0.146557 0.0323953 0.114162 0.178953
352 0.141789 0.0317208 0.110068 0.17351
353 0.142794 0.0337256 0.109068 0.17652
354 0.141169 0.032948 0.108221 0.174117
355 0.141083 0.0333474 0.107736 0.174431
356 0.146023 0.0317303 0.114292 0.177753
357 0.143713 0.0328951 0.110818 0.176608
358 0.155752 0.0320155 0.123736 0.187767
359 0.148589 0.0339178 0.114671 0.182506
360 0.14814 0.0335771 0.114562 0.181717
361 0.147541 0.0332062 0.114335 0.180747
362 0.151582 0.0341403 0.117442 0.185722
363 0.155303 0.031423 0.12388 0.186726
364 0.163514 0.0287902 0.134724 0.192304
365 0.159537 0.0297543 0.129782 0.189291
366 0.149957 0.0316988 0.118258 0.181656
367 0.143136 0.0317299 0.111406 0.174866
368 0.137833 0.0322898 0.105543 0.170123
369 0.137277 0.0317595 0.105518 0.169037
370 0.140036 0.0322865 0.107749 0.172322
371 0.143906 0.0319193 0.111986 0.175825
372 0.144462 0.0321617 0.1123 0.176623
373 0.143735 0.031894 0.111841 0.175629
374 0.141554 0.0315538 0.11 0.173108
375 0.140634 0.0320211 0.108613 0.172655
376 0.136871 0.0302254 0.106646 0.167096
377 0.140784 0.0321264 0.108658 0.17291
378 0.141618 0.0313647 0.110253 0.172983
379 0.146664 0.0310851 0.115579 0.177749
380 0.151133 0.032028 0.119105 0.183161
381 0.153849 0.0308116 0.123037 0.18466
382 0.151946 0.0301877 0.121758 0.182133
383 0.144718 0.0307972 0.113921 0.175516
384 0.140677 0.0300996 0.110577 0.170777
385 0.138688 0.0309907 0.107698 0.169679
386 0.138175 0.0320187 0.106157 0.170194
387 0.131846 0.0295172 0.102329 0.161363
388 0.13052 0.029899 0.100621 0.160419
389 0.132124 0.0297315 0.102392 0.161855
390 0.137812 0.0317382 0.106074 0.16955
391 0.14211 0.0311329 0.110977 0.173243
392 0.138026 0.0313891 0.106636 0.169415
393 0.135246 0.0307022 0.104544 0.165948
394 0.140634 0.0310844 0.10955 0.171719
395 0.139629 0.0314076 0.108222 0.171037
396 0.138154 0.0316879 0.106466 0.169842
397 0.13794 0.0313545 0.106585 0.169295
398 0.138475 0.031349 0.107126 0.169824
399 0.138047 0.0319105 0.106136 0.169957
400 0.145552 0.0313513 0.114201 0.176904
401 0.143863 0.0305653 0.113298 0.174428
402 0.141019 0.0312094 0.10981 0.172229
403 0.139309 0.030174 0.109134 0.169483
404 0.138624 0.0312558 0.107369 0.16988
405 0.142452 0.0331113 0.10934 0.175563
406 0.141447 0.0321299 0.109317 0.173577
407 0.135866 0.0314482 0.104418 0.167314
408 0.135224 0.0316908 0.103534 0.166915
409 0.141383 0.0327929 0.10859 0.174176
410 0.140656 0.0325748 0.108081 0.17323
411 0.13407 0.0305192 0.103551 0.164589
412 0.135695 0.0306166 0.105078 0.166311
413 0.13841 0.0314776 0.106933 0.169888
414 0.141917 0.032289 0.109628 0.174206
415 0.145638 0.0333289 0.112309 0.178967
416 0.143863 0.0326725 0.111191 0.176536
417 0.148802 0.0329404 0.115862 0.181743
418 0.15387 0.0338 0.12007 0.18767
419 0.151454 0.0322337 0.11922 0.183688
420 0.149765 0.0340174 0.115747 0.183782
421 0.149765 0.0327955 0.116969 0.18256
422 0.149294 0.0322081 0.117086 0.181502
423 0.146087 0.0320163 0.114071 0.178103
424 0.139031 0.0316016 0.107429 0.170632
425 0.135716 0.0306101 0.105106 0.166326
426 0.143222 0.033354 0.109868 0.176576
427 0.148503 0.0333927 0.11511 0.181896
428 0.154875 0.0310191 0.123856 0.185894
429 0.150684 0.0304967 0.120187 0.181181
430 0.149914 0.0311876 0.118727 0.181102
431 0.150727 0.0296231 0.121104 0.18035
432 0.143457 0.0311955 0.112261 0.174652
433 0.143799 0.0320444 0.111754 0.175843
434 0.146814 0.0297609 0.117053 0.176575
435 0.139715 0.0294657 0.110249 0.169181
436 0.135631 0.0299552 0.105676 0.165586
437 0.135096 0.0275321 0.107564 0.162628
438 0.130392 0.028145 0.102247 0.158537
439 0.122373 0.0238171 0.0985563 0.14619
440 0.135994 0.0295825 0.106412 0.165577
441 0.132124 0.0296983 0.102426 0.161822
442 0.132188 0.0298955 0.102293 0.162084
443 0.138667 0.0313033 0.107364 0.16997
444 0.148952 0.0303328 0.118619 0.179285
445 0.147242 0.0303334 0.116908 0.177575
446 0.150492 0.0296065 0.120885 0.180098
447 0.156329 0.0267599 0.129569 0.183089
448 0.161846 0.0229633 0.138883 0.184809
449 0.156308 0.0270728 0.129235 0.183381
450 0.1599 0.0275859 0.132314 0.187486
451 0.162723 0.0258119 0.136911 0.188535
452 0.158083 0.0272585 0.130824 0.185341
453 0.152502 0.0298996 0.122602 0.182401
454 0.153699 0.0301041 0.123595 0.183803
455 0.155517 0.0325971 0.12292 0.188114
456 0.15201 0.0324019 0.119608 0.184412
457 0.145552 0.0323337 0.113219 0.177886
458 0.151561 0.0333588 0.118202 0.18492
459 0.148867 0.0335159 0.115351 0.182383
460 0.151711 0.0325622 0.119148 0.184273
461 0.144804 0.0327602 0.112044 0.177564
462 0.144611 0.0334524 0.111159 0.178064
463 0.144355 0.0321628 0.112192 0.176518
464 0.141319 0.0319983 0.10932 0.173317
465 0.141062 0.031923 0.109139 0.172985
466 0.150684 0.0414929 0.109191 0.192177
467 0.150107 0.0327403 0.117366 0.182847
468 0.148888 0.0314157 0.117472 0.180304
469 0.150192 0.0319523 0.11824 0.182145
470 0.150962 0.0336285 0.117334 0.184591
471 0.150834 0.0325277 0.118306 0.183361
472 0.150128 0.032403 0.117725 0.182531
473 0.150406 0.0327554 0.117651 0.183162
474 0.150962 0.0330915 0.117871 0.184054
475 0.15464 0.0306343 0.124006 0.185274
476 0.15417 0.031968 0.122202 0.186138
477 0.156222 0.0310758 0.125146 0.187298
478 0.150363 0.0321187 0.118245 0.182482
479 0.15464 0.0334287 0.121211 0.188069
480 0.154298 0.0305785 0.123719 0.184876
481 0.151261 0.0325167 0.118745 0.183778
482 0.14784 0.0327426 0.115098 0.180583
483 0.151048 0.0332298 0.117818 0.184277
484 0.147113 0.0327721 0.114341 0.179885
485 0.143478 0.0323595 0.111119 0.175838
486 0.14149 0.0313624 0.110127 0.172852
487 0.142751 0.0323717 0.110379 0.175123
488 0.140399 0.0315014 0.108898 0.1719
489 0.139971 0.032341 0.10763 0.172312
490 0.133792 0.0287425 0.105049 0.162534
491 0.13747 0.0311192 0.10635 0.168589
492 0.133984 0.0297043 0.10428 0.163689
493 0.137641 0.0306638 0.106977 0.168305
494 0.138603 0.0303152 0.108288 0.168918
495 0.140356 0.0317617 0.108595 0.172118
496 0.140185 0.0327876 0.107398 0.172973
497 0.140677 0.032263 0.108414 0.17294
498 0.137277 0.0307567 0.10652 0.168034
499 0.139929 0.0309223 0.109006 0.170851
500 0.142922 0.0317018 0.11122 0.174624
501 0.149038 0.0309036 0.118134 0.179941
502 0.150599 0.0299982 0.1206 0.180597
503 0.149829 0.0306731 0.119156 0.180502
504 0.149102 0.0308479 0.118254 0.17995
505 0.151711 0.029852 0.121859 0.181562
506 0.155196 0.0289434 0.126253 0.184139
507 0.159366 0.0279871 0.131378 0.187353
508 0.159109 0.0270792 0.13203 0.186188
509 0.155602 0.0281159 0.127486 0.183718
510 0.151967 0.0302809 0.121686 0.182248
511 0.14799 0.0306448 0.117345 0.178635
512 0.152587 0.0329304 0.119657 0.185518
513 0.151561 0.0313192 0.120242 0.18288
514 0.151197 0.031903 0.119294 0.1831
515 0.153507 0.0311124 0.122394 0.184619
516 0.159023 0.032746 0.126277 0.191769
517 0.157762 0.0276921 0.13007 0.185454
518 0.151625 0.029603 0.122022 0.181228
519 0.157933 0.0268794 0.131053 0.184812
520 0.154939 0.0286446 0.126295 0.183584
521 0.154383 0.0284778 0.125906 0.182861
522 0.14784 0.0300249 0.117815 0.177865
523 0.149807 0.0325959 0.117212 0.182403
524 0.157569 0.0279901 0.129579 0.18556
525 0.156949 0.026681 0.130268 0.18363
526 0.157997 0.0282555 0.129742 0.186253
527 0.153314 0.0284599 0.124854 0.181774
528 0.153421 0.028309 0.125112 0.18173
529 0.150171 0.0300256 0.120145 0.180197
530 0.14814 0.0306663 0.117473 0.178806
531 0.14645 0.0300552 0.116395 0.176506
532 0.145338 0.0294875 0.115851 0.174826
533 0.145852 0.0297878 0.116064 0.175639
534 0.145638 0.0285013 0.117136 0.174139
535 0.144205 0.0306508 0.113554 0.174856
536 0.140249 0.0298396 0.11041 0.170089
537 0.141468 0.030703 0.110765 0.172171
538 0.140549 0.0314921 0.109057 0.172041
539 0.142879 0.0319879 0.110892 0.174867
540 0.145638 0.0315827 0.114055 0.17722
541 0.144932 0.0333825 0.11155 0.178315
542 0.13995 0.0313879 0.108562 0.171338
543 0.141618 0.0320633 0.109555 0.173681
544 0.146023 0.0329123 0.11311 0.178935
545 0.142281 0.0323379 0.109943 0.174619
546 0.141297 0.0312359 0.110061 0.172533
547 0.142516 0.0311311 0.111385 0.173647
548 0.144633 0.0320123 0.11262 0.176645
549 0.148225 0.0323315 0.115894 0.180557
550 0.151775 0.0326006 0.119174 0.184375
551 0.146985 0.0336198 0.113365 0.180605
552 0.157847 0.0299916 0.127856 0.187839
553 0.165673 0.0778081 0.0878654 0.243481
554 0.148888 0.0322229 0.116665 0.181111
555 0.145488 0.0323536 0.113135 0.177842
556 0.148225 0.0324864 0.115739 0.180712
557 0.146792 0.0307447 0.116048 0.177537
558 0.140998 0.0313069 0.109691 0.172305
559 0.145937 0.0315405 0.114397 0.177478
560 0.140356 0.0309471 0.109409 0.171303
561 0.139758 0.0317931 0.107964 0.171551
562 0.136379 0.0316375 0.104742 0.168017
563 0.142837 0.0309724 0.111864 0.173809
564 0.141661 0.0309197 0.110741 0.17258
565 0.141361 0.0302964 0.111065 0.171658
566 0.143842 0.0303982 0.113443 0.17424
567 0.138453 0.0292748 0.109178 0.167728
568 0.140698 0.0291684 0.11153 0.169867
569 0.144825 0.0312891 0.113536 0.176114
570 0.141041 0.0310725 0.109968 0.172113
571 0.140912 0.031155 0.109757 0.172067
572 0.138197 0.0301605 0.108036 0.168357
573 0.137277 0.0293497 0.107927 0.166627
574 0.139886 0.030023 0.109863 0.169909
575 0.14258 0.0295594 0.113021 0.172139
576 0.140335 0.0293055 0.111029 0.16964
577 0.138902 0.0287846 0.110118 0.167687
578 0.142708 0.0319719 0.110736 0.17468
579 0.140634 0.0306128 0.110021 0.171247
580 0.139779 0.0326806 0.107098 0.17246
581 0.139031 0.032891 0.10614 0.171922
582 0.143906 0.0339889 0.109917 0.177895
583 0.152993 0.0324186 0.120575 0.185412
584 0.149914 0.0329465 0.116968 0.182861
585 0.151711 0.0327983 0.118912 0.184509
586 0.143842 0.0323775 0.111464 0.176219
587 0.138239 0.0310257 0.107214 0.169265
588 0.140207 0.031169 0.109038 0.171376
589 0.140912 0.0323408 0.108571 0.173253
590 0.145595 0.0334459 0.112149 0.179041
591 0.151539 0.0337645 0.117775 0.185304
592 0.157569 0.0312014 0.126368 0.188771
593 0.160926 0.0304705 0.130456 0.191397
594 0.1568 0.030984 0.125816 0.187784
595 0.15248 0.0314803 0.121 0.183961
596 0.143435 0.0313577 0.112078 0.174793
597 0.145787 0.0400701 0.105717 0.185858
598 0.138517 0.0315292 0.106988 0.170047
599 0.137748 0.0310272 0.10672 0.168775
600 0.137534 0.0314084 0.106125 0.168942
601 0.150727 0.0319943 0.118733 0.182721
602 0.148247 0.032038 0.116209 0.180284
603 0.142174 0.0321554 0.110018 0.174329
604 0.141896 0.0317464 0.110149 0.173642
605 0.133428 0.029448 0.10398 0.162876
606 0.133001 0.03098 0.102021 0.163981
607 0.139095 0.032237 0.106858 0.171332
608 0.146322 0.0315869 0.114735 0.177909
609 0.14846 0.0326632 0.115797 0.181124
610 0.151539 0.0305213 0.121018 0.182061
611 0.147862 0.0325506 0.115311 0.180412
612 0.150043 0.0322697 0.117773 0.182312
613 0.148011 0.0323246 0.115687 0.180336
614 0.144676 0.0319762 0.112699 0.176652
615 0.141554 0.0311748 0.110379 0.172729
616 0.138197 0.0316176 0.106579 0.169814
617 0.13841 0.0324325 0.105978 0.170843
618 0.132637 0.0300061 0.102631 0.162643
619 0.138261 0.0322722 0.105989 0.170533
620 0.141212 0.0317009 0.109511 0.172912
621 0.144398 0.0318125 0.112585 0.17621
622 0.141532 0.0322048 0.109327 0.173737
623 0.141511 0.0319864 0.109525 0.173497
624 0.141041 0.0321972 0.108843 0.173238
625 0.14119 0.0321246 0.109066 0.173315
626 0.14149 0.0316621 0.109827 0.173152
627 0.144761 0.0313758 0.113385 0.176137
628 0.141511 0.0309765 0.110534 0.172487
629 0.147969 0.0306038 0.117365 0.178572
630 0.141832 0.0309175 0.110914 0.172749
631 0.138197 0.0310974 0.107099 0.169294
632 0.135716 0.0307333 0.104983 0.166449
633 0.138389 0.0320494 0.10634 0.170438
634 0.146835 0.0334103 0.113425 0.180246
635 0.140142 0.031716 0.108426 0.171858
636 0.140463 0.0311624 0.109301 0.171626
637 0.143051 0.0310032 0.112047 0.174054
638 0.141853 0.0295327 0.11232 0.171386
639 0.145018 0.0301683 0.114849 0.175186
640 0.151625 0.0303618 0.121263 0.181987
641 0.158318 0.0279542 0.130364 0.186272
642 0.156907 0.0268071 0.130099 0.183714
643 0.151261 0.0293753 0.121886 0.180637
644 0.150064 0.0299269 0.120137 0.179991
645 0.148717 0.030037 0.11868 0.178754
646 0.139351 0.029249 0.110102 0.1686
647 0.139587 0.0297284 0.109858 0.169315
648 0.150107 0.0300797 0.120027 0.180186
649 0.147156 0.0297455 0.11741 0.176901
650 0.14613 0.0299298 0.1162 0.176059
651 0.138945 0.0298563 0.109089 0.168801
652 0.142559 0.0305904 0.111968 0.173149
653 0.140869 0.0320782 0.108791 0.172948
654 0.136828 0.030649 0.106179 0.167477
655 0.143799 0.0327258 0.111073 0.176525
656 0.149979 0.0296803 0.120298 0.179659
657 0.151924 0.0338931 0.118031 0.185817
658 0.145702 0.0306635 0.115038 0.176365
659 0.14583 0.0312811 0.114549 0.177111
660 0.145723 0.0311988 0.114525 0.176922
661 0.145167 0.0309622 0.114205 0.17613
662 0.149273 0.0305785 0.118694 0.179851
663 0.152523 0.0287228 0.1238 0.181246
664 0.151433 0.0309732 0.120459 0.182406
665 0.158553 0.028547 0.130006 0.1871
666 0.160798 0.0256646 0.135134 0.186463
667 0.157313 0.0280879 0.129225 0.185401
668 0.154747 0.030186 0.124561 0.184933
669 0.154512 0.0297071 0.124805 0.184219
670 0.148311 0.0315604 0.11675 0.179871
671 0.143949 0.0324253 0.111523 0.176374
672 0.138047 0.0321469 0.1059 0.170194
673 0.136657 0.031448 0.105209 0.168105
674 0.132466 0.0317284 0.100738 0.164194
675 0.130584 0.0292114 0.101373 0.159796
676 0.137021 0.0320109 0.10501 0.169031
677 0.142024 0.0321239 0.1099 0.174148
678 0.143414 0.0318674 0.111547 0.175281
679 0.147135 0.0318051 0.115329 0.17894
680 0.150214 0.0318084 0.118405 0.182022
681 0.151261 0.0299343 0.121327 0.181196
682 0.146792 0.0320284 0.114764 0.178821
683 0.149401 0.0315867 0.117815 0.180988
684 0.146835 0.0302326 0.116603 0.177068
685 0.147006 0.0303963 0.11661 0.177403
686 0.143093 0.0302967 0.112797 0.17339
687 0.143671 0.0299354 0.113735 0.173606
688 0.143008 0.0303618 0.112646 0.17337
689 0.136678 0.0301793 0.106499 0.166858
690 0.140848 0.0314529 0.109395 0.172301
691 0.143072 0.030856 0.112216 0.173928
692 0.146557 0.0302401 0.116317 0.176797
693 0.15015 0.0296374 0.120512 0.179787
694 0.152095 0.0285945 0.123501 0.18069
695 0.149465 0.0297472 0.119718 0.179213
696 0.149209 0.0293914 0.119817 0.1786
697 0.139907 0.0312168 0.10869 0.171124
698 0.150235 0.0308182 0.119417 0.181053
699 0.146087 0.0301029 0.115984 0.17619
700 0.148268 0.0293603 0.118908 0.177628
701 0.148268 0.0294682 0.1188 0.177736
702 0.157078 0.0241669 0.132911 0.181244
703 0.152331 0.0289802 0.12335 0.181311
704 0.1534 0.028506 0.124894 0.181906
705 0.157206 0.0291808 0.128025 0.186387
706 0.153357 0.0302677 0.123089 0.183625
707 0.147049 0.0316335 0.115416 0.178683
708 0.147006 0.0304447 0.116562 0.177451
709 0.14521 0.030026 0.115184 0.175236
710 0.148974 0.0314718 0.117502 0.180445
711 0.154661 0.0334617 0.1212 0.188123
712 0.150599 0.0311268 0.119472 0.181725
713 0.151454 0.0327298 0.118724 0.184184
714 0.154576 0.0317576 0.122818 0.186333
715 0.148717 0.0338596 0.114857 0.182577
716 0.150256 0.0324641 0.117792 0.182721
717 0.14707 0.0320416 0.115029 0.179112
718 0.152758 0.0309389 0.121819 0.183697
719 0.154127 0.0317242 0.122403 0.185851
720 0.147199 0.0315517 0.115647 0.17875
721 0.147199 0.0316145 0.115584 0.178813
722 0.153614 0.0327441 0.120869 0.186358
723 0.15 0.0320273 0.117973 0.182027
724 0.15 0.032946 0.117054 0.182946
725 0.155837 0.0311846 0.124653 0.187022
726 0.1565 0.0307497 0.125751 0.18725
727 0.160648 0.0392521 0.121396 0.199901
728 0.157334 0.0323842 0.12495 0.189718
729 0.147455 0.0324191 0.115036 0.179874
730 0.140827 0.0320385 0.108788 0.172865
731 0.140356 0.0325932 0.107763 0.17295
732 0.147733 0.0327773 0.114956 0.180511
733 0.143735 0.032199 0.111536 0.175934
734 0.153614 0.0325441 0.121069 0.186158
735 0.149123 0.0316956 0.117428 0.180819
736 0.147797 0.0322196 0.115578 0.180017
737 0.146087 0.0317179 0.114369 0.177805
738 0.149572 0.0315839 0.117988 0.181156
739 0.146985 0.0329403 0.114045 0.179925
740 0.156586 0.0317772 0.124809 0.188363
741 0.156479 0.0312796 0.125199 0.187758
742 0.159836 0.0300845 0.129751 0.18992
743 0.15866 0.029787 0.128873 0.188447
744 0.159216 0.0293553 0.129861 0.188571
745 0.153592 0.0318145 0.121778 0.185407
746 0.157398 0.0320634 0.125335 0.189462
747 0.155859 0.0307416 0.125117 0.1866
748 0.155559 0.0309478 0.124612 0.186507
749 0.154811 0.0303144 0.124497 0.185125
750 0.154191 0.033497 0.120694 0.187688
751 0.151817 0.0312934 0.120524 0.183111
752 0.148589 0.0318264 0.116762 0.180415
753 0.146557 0.0317745 0.114783 0.178332
754 0.142046 0.0311664 0.110879 0.173212
755 0.14459 0.031117 0.113473 0.175707
756 0.143435 0.0320343 0.111401 0.17547
757 0.145125 0.0302972 0.114827 0.175422
758 0.147391 0.0303494 0.117042 0.177741
759 0.146151 0.0312205 0.11493 0.177372
760 0.144333 0.0307708 0.113563 0.175104
761 0.137619 0.0301673 0.107452 0.167787
762 0.137021 0.0310194 0.106001 0.16804
763 0.133428 0.0295072 0.103921 0.162936
764 0.135502 0.0295705 0.105932 0.165073
765 0.135695 0.0290541 0.106641 0.164749
766 0.137598 0.0288909 0.108707 0.166489
767 0.144184 0.0315209 0.112663 0.175705
768 0.141853 0.0304804 0.111373 0.172334
769 0.137961 0.0302278 0.107734 0.168189
770 0.134476 0.0295291 0.104947 0.164005
771 0.138582 0.030969 0.107613 0.16955
772 0.134818 0.03063 0.104188 0.165448
773 0.13779 0.0307904 0.107 0.168581
774 0.13809 0.0304654 0.107624 0.168555
775 0.138646 0.0318112 0.106834 0.170457
776 0.145253 0.0315745 0.113678 0.176827
777 0.142986 0.0303726 0.112614 0.173359
778 0.141297 0.0311685 0.110129 0.172466
779 0.136614 0.0303356 0.106279 0.16695
780 0.135631 0.0310005 0.10463 0.166631
781 0.135609 0.0318931 0.103716 0.167502
782 0.132381 0.0303371 0.102043 0.162718
783 0.138517 0.0313608 0.107157 0.169878
784 0.141917 0.0325906 0.109327 0.174508
785 0.148396 0.0315585 0.116838 0.179955
786 0.147712 0.0312066 0.116505 0.178919
787 0.152502 0.0296844 0.122817 0.182186
788 0.155452 0.0282558 0.127197 0.183708
789 0.153507 0.0289316 0.124575 0.182438
790 0.154105 0.0283685 0.125737 0.182474
791 0.154234 0.029351 0.124883 0.183585
792 0.150919 0.0320709 0.118848 0.18299
793 0.151176 0.0322678 0.118908 0.183444
794 0.153485 0.031298 0.122187 0.184783
795 0.148182 0.0312213 0.116961 0.179404
796 0.147862 0.0313144 0.116547 0.179176
797 0.147519 0.0308474 0.116672 0.178367
798 0.152651 0.0309172 0.121734 0.183569
799 0.152993 0.030448 0.122546 0.183441
