# ../output/graphs/perf_parallel3QUADRUPED_thread3
# step - mean (0.0206434) - standard deviation (0.238895) r=5 - ylow - yhigh
0 0.121137 0.151924 -0.030787 0.27306
1 0.0161555 0.00785449 0.00830105 0.02401
2 0.0139935 0.00399554 0.00999793 0.017989
3 0.0133328 0.00180773 0.0115251 0.0151406
4 0.0127923 0.00172607 0.0110662 0.0145184
5 0.014594 0.00355104 0.011043 0.0181451
6 0.0153748 0.00792763 0.00744716 0.0233024
7 0.0115311 0.000147111 0.011384 0.0116782
8 0.0129725 0.00327522 0.00969727 0.0162477
9 0.0162156 0.00932541 0.00689019 0.025541
10 0.0120116 0.00136953 0.010642 0.0133811
11 0.0112308 0.000147111 0.0110837 0.0113779
12 0.0112308 0.000306236 0.0109246 0.011537
13 0.0132728 0.00389404 0.00937873 0.0171668
14 0.0111707 0.000350195 0.0108206 0.0115209
15 0.0112909 0.000240231 0.0110506 0.0115311
16 0.0112308 0.000360347 0.0108705 0.0115912
17 0.011411 0.00105743 0.0103536 0.0124684
18 0.0111107 0.00018992 0.0109208 0.0113006
19 0.0233625 0.0242037 -0.000841183 0.0475661
20 0.0138133 0.0052632 0.00855009 0.0190765
21 0.0112909 0.000240231 0.0110506 0.0115311
22 0.0190984 0.0155265 0.00357184 0.0346249
23 0.0113509 0.000668776 0.0106821 0.0120197
24 0.0109906 0.000147112 0.0108435 0.0111377
25 0.0232424 0.023814 -0.00057159 0.0470563
26 0.0117113 0.0013563 0.010355 0.0130676
27 0.0117113 0.000379838 0.0113314 0.0120911
28 0.011411 0.000379838 0.0110311 0.0117908
29 0.142817 0.263113 -0.120296 0.405931
30 0.0115311 0.000306235 0.0112249 0.0118373
31 0.011471 0.000350193 0.0111208 0.0118212
32 0.016636 0.0053603 0.0112757 0.0219963
33 0.0119515 0.000878571 0.0110729 0.0128301
34 0.0120716 0.000641242 0.0114304 0.0127129
35 0.0118914 0.000306236 0.0115852 0.0121977
36 0.0115912 0.000240232 0.0113509 0.0118314
37 0.0138733 0.0049284 0.00894495 0.0188017
38 0.0121917 0.0015615 0.0106302 0.0137532
39 0.0134529 0.00295689 0.0104961 0.0164098
40 0.0115311 0.000240231 0.0112909 0.0117713
41 0.0115311 0.000147111 0.011384 0.0116782
42 0.0112909 0.000240231 0.0110506 0.0115311
43 0.0231222 0.0234248 -0.000302597 0.0465471
44 0.0181975 0.0134261 0.0047714 0.0316236
45 0.011411 0.000268587 0.0111424 0.0116796
46 0.0116512 0.000224715 0.0114265 0.0118759
47 0.0133929 0.00229166 0.0111012 0.0156845
48 0.011411 0.000268587 0.0111424 0.0116796
49 0.011411 0.00032895 0.011082 0.0117399
50 0.012432 0.00164036 0.0107916 0.0140723
51 0.011471 0.000224715 0.0112463 0.0116958
52 0.011411 0.000328949 0.011082 0.0117399
53 0.011471 0.000441333 0.0110297 0.0119124
54 0.018738 0.0102743 0.00846376 0.0290123
55 0.0115311 0.000147111 0.011384 0.0116782
56 0.0127323 0.00264936 0.0100829 0.0153816
57 0.0120716 0.00132127 0.0107503 0.0133929
58 0.0115912 0.000646842 0.0109443 0.012238
59 0.0115912 0.00081908 0.0107721 0.0124102
60 0.0112308 0.000240233 0.0109906 0.011471
61 0.0255246 0.0211161 0.00440846 0.0466407
62 0.0115311 0.000556953 0.0109741 0.012088
63 0.0110506 0.000224715 0.0108259 0.0112753
64 0.015615 0.00398831 0.0116267 0.0196033
65 0.036395 0.0450259 -0.00863086 0.0814209
66 0.0117113 0.00100496 0.0107063 0.0127162
67 0.0112308 0.000407332 0.0108235 0.0116381
68 0.0123118 0.00105743 0.0112544 0.0133693
69 0.0118914 0.000306237 0.0115852 0.0121977
70 0.0115311 0.000588443 0.0109427 0.0121195
71 0.011411 0.000379839 0.0110311 0.0117908
72 0.0162156 0.00781905 0.00839655 0.0240347
73 0.0122518 0.000350194 0.0119016 0.012602
74 0.0119515 0.000224715 0.0117268 0.0121762
75 0.0120116 0.000424672 0.0115869 0.0124362
76 0.0227018 0.0216829 0.0010189 0.0443848
77 0.0118314 0.000449433 0.011382 0.0122808
78 0.0123719 0.00133485 0.0110371 0.0137068
79 0.0119515 0.000350193 0.0116013 0.0123017
80 0.0214406 0.0191598 0.00228078 0.0406005
81 0.0120116 0.000629892 0.0113817 0.0126414
82 0.0118914 0.000240232 0.0116512 0.0121317
83 0.0118914 0.000240232 0.0116512 0.0121317
84 0.0117713 0.000224716 0.0115466 0.011996
85 0.0117113 0.00032895 0.0113823 0.0120402
86 0.0222814 0.0212916 0.00098979 0.0435731
87 0.0120116 0.000629892 0.0113817 0.0126414
88 0.0123118 0.00113952 0.0111723 0.0134514
89 0.0117113 0.000379838 0.0113314 0.0120911
90 0.0117713 0.000350193 0.0114211 0.0121215
91 0.0117713 0.000294223 0.0114771 0.0120655
92 0.0157351 0.00574989 0.00998525 0.021485
93 0.0128524 0.00214365 0.0107087 0.014996
94 0.015615 0.0063474 0.00926762 0.0219624
95 0.0120716 0.000120115 0.0119515 0.0121917
96 0.0455839 0.0585711 -0.0129872 0.104155
97 0.288518 0.547621 -0.259103 0.836138
98 0.0132728 0.00158215 0.0116906 0.0148549
99 0.0120716 0.000350195 0.0117214 0.0124218
100 0.0122518 0.000668776 0.011583 0.0129206
101 0.0568747 0.0901768 -0.0333021 0.147052
102 0.0129725 0.00212676 0.0108457 0.0150992
103 0.0117113 0.000268587 0.0114427 0.0119799
104 0.0117113 0.000268586 0.0114427 0.0119799
105 0.0117713 0.000120116 0.0116512 0.0118914
106 0.0119515 0.000550439 0.0114011 0.0125019
107 0.0118914 0.000306236 0.0115852 0.0121977
108 0.0118914 0.00024023 0.0116512 0.0121317
109 0.0118914 0.000306237 0.0115852 0.0121977
110 0.0134529 0.00334064 0.0101123 0.0167936
111 0.0120116 0.000189919 0.0118216 0.0122015
112 0.0118914 0.000147111 0.0117443 0.0120386
113 0.0189182 0.0138211 0.00509708 0.0327393
114 0.132487 0.239456 -0.106969 0.371943
115 0.0138133 0.00348128 0.010332 0.0172946
116 0.0117713 0.000224716 0.0115466 0.011996
117 0.0117713 0.000224715 0.0115466 0.011996
118 0.0117113 0.00018992 0.0115213 0.0119012
119 0.0193987 0.00965157 0.0097471 0.0290502
120 0.0118314 0.000556952 0.0112744 0.0123883
121 0.0130926 0.00307177 0.0100208 0.0161644
122 0.0117113 0.000268587 0.0114427 0.0119799
123 0.0116512 0.000350194 0.011301 0.0120014
124 0.0123719 0.00106423 0.0113077 0.0134361
125 0.0118314 0.000556954 0.0112744 0.0123883
126 0.0123719 0.00163816 0.0107337 0.0140101
127 0.0302091 0.0368456 -0.00663657 0.0670547
128 0.02078 0.00721044 0.0135696 0.0279904
129 0.0147742 0.00412785 0.0106464 0.0189021
130 0.0126121 0.00120116 0.011411 0.0138133
131 0.0117713 0.000350195 0.0114211 0.0121215
132 0.0371157 0.0509595 -0.0138438 0.0880752
133 0.0121317 0.00084081 0.0112909 0.0129725
134 0.0156751 0.0079299 0.00774518 0.023605
135 0.0299688 0.0363657 -0.00639684 0.0663345
136 0.0230622 0.0221102 0.000951952 0.0451724
137 0.0119515 0.00111391 0.0108376 0.0130654
138 0.0116512 0.000516636 0.0111346 0.0121678
139 0.0117113 0.000328949 0.0113823 0.0120402
140 0.242814 0.462805 -0.219992 0.705619
141 0.0121917 0.00126834 0.0109234 0.0134601
142 0.0116512 0.000224716 0.0114265 0.0118759
143 0.011471 0.000224716 0.0112463 0.0116958
144 0.0132127 0.0033168 0.00989591 0.0165295
145 0.0141736 0.0055351 0.00863854 0.0197087
146 0.0117713 0.000769115 0.0110022 0.0125404
147 0.0192185 0.0151662 0.00405227 0.0343847
148 0.0424609 0.0609001 -0.0184392 0.103361
149 0.0133328 0.00256637 0.0107665 0.0158992
150 0.0121917 0.00129647 0.0108953 0.0134882
151 0.0115311 0.000618334 0.0109128 0.0121494
152 0.0112909 0.000147111 0.0111438 0.011438
153 0.0115912 0.000240232 0.0113509 0.0118314
154 0.0117713 0.000745298 0.011026 0.0125166
155 0.0118914 0.00101567 0.0108758 0.0129071
156 0.0112909 0.000147111 0.0111438 0.011438
157 0.0113509 0.000224715 0.0111262 0.0115756
158 0.0112909 0.000147112 0.0111438 0.011438
159 0.0112909 0.000407331 0.0108835 0.0116982
160 0.0130926 0.00159577 0.0114968 0.0146884
161 0.0118314 0.000487912 0.0113435 0.0123193
162 0.0118314 0.000240232 0.0115912 0.0120716
163 0.0380166 0.0527612 -0.0147447 0.0907778
164 0.0117713 0.000441334 0.01133 0.0122127
165 0.106062 0.189002 -0.0829399 0.295064
166 0.0118314 0.000449431 0.011382 0.0122808
167 0.0126121 0.00210631 0.0105058 0.0147184
168 0.0115912 0.000306235 0.0112849 0.0118974
169 0.0123719 0.00162711 0.0107448 0.013999
170 0.0123118 0.000949597 0.0113622 0.0132614
171 0.0202995 0.0173281 0.00297143 0.0376276
172 0.0118314 0.000523573 0.0113078 0.012355
173 0.0117113 0.00018992 0.0115213 0.0119012
174 0.011411 0.000189919 0.0112211 0.0116009
175 0.0116512 0.000294222 0.011357 0.0119454
176 0.0112909 0.000147112 0.0111438 0.011438
177 0.0149544 0.00768974 0.00726465 0.0226441
178 0.0119515 0.00169231 0.0102592 0.0136438
179 0.0111707 0.000224716 0.010946 0.0113955
180 0.0113509 0.000516635 0.0108343 0.0118676
181 0.0178972 0.013725 0.00417221 0.0316222
182 0.0111707 0.000224715 0.010946 0.0113955
183 0.0184377 0.0145044 0.00393332 0.0329422
184 0.011411 0.000629892 0.0107811 0.0120409
185 0.0132127 0.00391068 0.00930204 0.0171234
186 0.0110506 0.000120115 0.0109305 0.0111707
187 0.0193987 0.0167287 0.00267001 0.0361273
188 0.0118914 0.00144139 0.0104501 0.0133328
189 0.0110506 0.000224716 0.0108259 0.0112753
190 0.0720693 0.118212 -0.0461425 0.190281
191 0.0112308 0.000240231 0.0109906 0.011471
192 0.0269659 0.0216103 0.00535565 0.0485762
193 0.014594 0.00354086 0.0110532 0.0181349
194 0.011411 0.000268586 0.0111424 0.0116796
195 0.0118314 0.000240232 0.0115912 0.0120716
196 0.0118314 0.000618332 0.0112131 0.0124497
197 0.0113509 0.000224716 0.0111262 0.0115756
198 0.0121317 0.00164036 0.0104913 0.013772
199 0.0190984 0.0150751 0.00402327 0.0341735
200 0.0121917 0.000556953 0.0116348 0.0127487
201 0.0117113 0.00018992 0.0115213 0.0119012
202 0.0160354 0.00865458 0.00738085 0.02469
203 0.0117713 0.000224716 0.0115466 0.011996
204 0.0118314 0.000407333 0.0114241 0.0122387
205 0.0117113 0 0.0117113 0.0117113
206 0.0118314 0.000147111 0.0116843 0.0119785
207 0.0132728 0.00193121 0.0113416 0.015204
208 0.0158553 0.00829015 0.00756511 0.0241454
209 0.0117713 0.000294223 0.0114771 0.0120655
210 0.0116512 0.000224715 0.0114265 0.0118759
211 0.0118314 0.00014711 0.0116843 0.0119785
212 0.011471 0.000224716 0.0112463 0.0116958
213 0.0128524 0.00259294 0.0102594 0.0154453
214 0.0120716 0.000745298 0.0113263 0.0128169
215 0.011411 0.00018992 0.0112211 0.0116009
216 0.011471 0.000224715 0.0112463 0.0116958
217 0.0115311 0.000306235 0.0112249 0.0118373
218 0.011471 0.000224715 0.0112463 0.0116958
219 0.011471 0.000120116 0.0113509 0.0115912
220 0.0138733 0.00342066 0.0104527 0.017294
221 0.0266056 0.019668 0.00693762 0.0462736
222 0.0139935 0.00458804 0.00940543 0.0185815
223 0.0132728 0.00329717 0.0099756 0.0165699
224 0.0140535 0.003665 0.0103885 0.0177185
225 0.0128524 0.00169231 0.0111601 0.0145447
226 0.0117713 0.000294223 0.0114771 0.0120655
227 0.0183777 0.00735162 0.0110261 0.0257293
228 0.0553132 0.0869041 -0.0315909 0.142217
229 0.0120716 0.000769116 0.0113025 0.0128407
230 0.0113509 0.000294221 0.0110567 0.0116451
231 0.0150144 0.00428478 0.0107297 0.0192992
232 0.012492 0.000979514 0.0115125 0.0134715
233 0.0182576 0.0133949 0.00486266 0.0316525
234 0.0151346 0.00432082 0.0108137 0.0194554
235 0.0121317 0.000556953 0.0115747 0.0126886
236 0.0321309 0.04099 -0.00885913 0.073121
237 0.204497 0.34732 -0.142824 0.551817
238 0.0133929 0.00210288 0.01129 0.0154958
239 0.0121317 0.000750122 0.0113816 0.0128818
240 0.0138133 0.00321744 0.0105959 0.0170307
241 0.0137532 0.00423993 0.00951331 0.0179932
242 0.0303292 0.0364878 -0.00615858 0.0668169
243 0.0123118 0.00100496 0.0113069 0.0133168
244 0.0126722 0.00101211 0.0116601 0.0136843
245 0.0119515 0.000695217 0.0112563 0.0126467
246 0.0122518 0.000957163 0.0112946 0.013209
247 0.0121317 0.000725682 0.011406 0.0128574
248 0.0120716 0.00106423 0.0110074 0.0131358
249 0.0127323 0.00121013 0.0115221 0.0139424
250 0.0174168 0.0112614 0.00615532 0.0286782
251 0.0119515 0.000516636 0.0114349 0.0124681
252 0.0774145 0.132157 -0.0547429 0.209572
253 0.0264254 0.0295799 -0.00315448 0.0560053
254 0.0121317 0.00116456 0.0109671 0.0132962
255 0.0120716 0.00119211 0.0108795 0.0132637
256 0.0260651 0.0249861 0.00107902 0.0510511
257 0.0141736 0.00350914 0.0106645 0.0176828
258 0.0129725 0.00239027 0.0105822 0.0153628
259 0.0255246 0.0170113 0.00851325 0.0425359
260 0.0119515 0.00112998 0.0108215 0.0130815
261 0.0163958 0.00857292 0.00782285 0.0249687
262 0.0115311 0.000306235 0.0112249 0.0118373
263 0.0118314 0.000487912 0.0113435 0.0123193
264 0.011471 0.000224715 0.0112463 0.0116958
265 0.0115912 0.000979514 0.0106116 0.0125707
266 0.011411 0.000379838 0.0110311 0.0117908
267 0.0113509 0.000480461 0.0108705 0.0118314
268 0.0112909 0.000147111 0.0111438 0.011438
269 0.14498 0.267587 -0.122608 0.412567
270 0.0115311 0.000556954 0.0109741 0.012088
271 0.0111107 0.00032895 0.0107817 0.0114396
272 0.0110506 0.000224717 0.0108259 0.0112754
273 0.0111107 0.000268587 0.0108421 0.0113793
274 0.011471 0.000641241 0.0108298 0.0121123
275 0.0111707 0.000350194 0.0108206 0.0115209
276 0.0115912 0.000979513 0.0106116 0.0125707
277 0.0109906 0.000147112 0.0108435 0.0111377
278 0.0111707 0.000120115 0.0110506 0.0112909
279 0.0110506 0.000224716 0.0108259 0.0112753
280 0.0111707 0.000294222 0.0108765 0.011465
281 0.0452836 0.0681965 -0.0229129 0.11348
282 0.0116512 0.000294222 0.011357 0.0119454
283 0.0111707 0.000224716 0.010946 0.0113955
284 0.0113509 0.000224715 0.0111262 0.0115756
285 0.0119515 0.000836508 0.011115 0.012788
286 0.0181975 0.013725 0.0044725 0.0319225
287 0.0125521 0.00230578 0.0102463 0.0148579
288 0.0183176 0.00522537 0.0130923 0.023543
289 0.0120716 0.00106423 0.0110074 0.0131358
290 0.011471 0.000224716 0.0112463 0.0116958
291 0.011411 0.000189919 0.0112211 0.0116009
292 0.0115311 0.000306236 0.0112249 0.0118373
293 0.011411 0.000268586 0.0111424 0.0116796
294 0.011411 0.00018992 0.0112211 0.0116009
295 0.0112308 0.000240231 0.0109906 0.011471
296 0.0113509 0.000350194 0.0110007 0.0117011
297 0.0113509 0.000398378 0.0109525 0.0117493
298 0.0253444 0.0268208 -0.00147637 0.0521651
299 0.012432 0.00162933 0.0108026 0.0140613
300 0.0118314 0.000306234 0.0115251 0.0121376
301 0.0129725 0.00283864 0.0101338 0.0158111
302 0.0125521 0.00145136 0.0111007 0.0140034
303 0.0117113 0.000268587 0.0114427 0.0119799
304 0.0190984 0.0144858 0.00461262 0.0335841
305 0.011471 0.000224715 0.0112463 0.0116958
306 0.0118914 0.00111714 0.0107743 0.0130086
307 0.011471 0.000224716 0.0112463 0.0116958
308 0.011411 0.00032895 0.011082 0.0117399
309 0.011471 0.000224716 0.0112463 0.0116958
310 0.0112909 0.000147111 0.0111438 0.011438
311 0.0111107 0.000268588 0.0108421 0.0113793
312 0.0112308 0.000147111 0.0110837 0.0113779
313 0.0111107 0.00018992 0.0109208 0.0113006
314 0.0110506 0.000224716 0.0108259 0.0112753
315 0.0110506 0.000224716 0.0108259 0.0112753
316 0.0287076 0.0350449 -0.00633732 0.0637526
317 0.0112308 0.000306235 0.0109246 0.011537
318 0.0112308 0.000306237 0.0109246 0.011537
319 0.0123719 0.00116146 0.0112104 0.0135334
320 0.021861 0.0129137 0.00894735 0.0347747
321 0.0116512 0.000398377 0.0112528 0.0120496
322 0.0774145 0.131857 -0.0544426 0.209272
323 0.012432 0.000902866 0.0115291 0.0133348
324 0.0167561 0.00934357 0.00741255 0.0260997
325 0.0117713 0.000224716 0.0115466 0.011996
326 0.011411 0.000268586 0.0111424 0.0116796
327 0.0142337 0.00430828 0.00992541 0.018542
328 0.0118314 0.000240232 0.0115912 0.0120716
329 0.013513 0.00360347 0.00990953 0.0171165
330 0.0125521 0.00169231 0.0108598 0.0142444
331 0.0130926 0.0026151 0.0104775 0.0157077
332 0.0121917 0.000674146 0.0115176 0.0128659
333 0.0129124 0.00240981 0.0105026 0.0153222
334 0.0125521 0.000918708 0.0116334 0.0134708
335 2.97442 5.92512 -2.9507 8.89954
336 0.0123719 0.00120715 0.0111648 0.0135791
337 0.0121317 0.00077379 0.0113579 0.0129055
338 0.0120116 0.000600578 0.011411 0.0126121
339 0.0120716 0.000350194 0.0117214 0.0124218
340 0.0125521 0.00155919 0.0109929 0.0141113
341 0.0121917 0.000861992 0.0113297 0.0130537
342 0.0120716 0.000441333 0.0116303 0.0125129
343 0.0122518 0.000745298 0.0115065 0.0129971
344 0.0118314 0.000240232 0.0115912 0.0120716
345 0.0117713 0.000120116 0.0116512 0.0118914
346 0.0133929 0.00336859 0.0100243 0.0167615
347 0.0121317 0.00129647 0.0108352 0.0134281
348 0.0116512 0.000120116 0.0115311 0.0117713
349 0.0117713 0.000224716 0.0115466 0.011996
350 0.0121917 0.00113317 0.0110586 0.0133249
351 0.0116512 0.000120116 0.0115311 0.0117713
352 0.0178972 0.00504128 0.0128559 0.0229385
353 0.0141736 0.00406179 0.0101118 0.0182354
354 0.0123118 0.00112358 0.0111883 0.0134354
355 0.0121317 0.00086199 0.0112697 0.0129937
356 0.0217409 0.0140702 0.00767072 0.0358111
357 0.0147142 0.00338142 0.0113327 0.0180956
358 0.0136932 0.00352555 0.0101676 0.0172187
359 0.0163958 0.00756966 0.00882611 0.0239654
360 0.0243835 0.0253451 -0.000961637 0.0497286
361 0.021801 0.0181377 0.00366333 0.0399386
362 0.0147142 0.00570707 0.00900709 0.0204212
363 0.0233024 0.022733 0.000569457 0.0460354
364 0.012432 0.00111714 0.0113148 0.0135491
365 0.0117713 0.000224716 0.0115466 0.011996
366 0.0117113 0.00018992 0.0115213 0.0119012
367 0.0131527 0.00261372 0.0105389 0.0157664
368 0.012432 0.00129647 0.0111355 0.0137284
369 0.0163357 0.00612648 0.0102092 0.0224622
370 0.0120716 0.00087857 0.011193 0.0129502
371 0.0158553 0.00829015 0.00756511 0.0241454
372 0.027026 0.0309301 -0.00390405 0.0579561
373 0.0132127 0.00289899 0.0103137 0.0161117
374 0.0123719 0.00130755 0.0110644 0.0136795
375 0.0122518 0.000938134 0.0113137 0.0131899
376 0.0117713 0.000582281 0.011189 0.0123536
377 0.0117713 0.000398377 0.0113729 0.0121697
378 0.0118314 0.000700389 0.011131 0.0125318
379 0.0163958 0.0092196 0.00717617 0.0256154
380 0.0116512 0.000224715 0.0114265 0.0118759
381 0.0135731 0.0027086 0.0108645 0.0162817
382 0.0451635 0.0666042 -0.0214408 0.111768
383 0.0115912 0.000407331 0.0111838 0.0119985
384 0.0135731 0.00167086 0.0119022 0.0152439
385 0.0119515 0.000224716 0.0117268 0.0121762
386 0.0118314 0.000407331 0.0114241 0.0122387
387 0.011411 1.82501e-009 0.011411 0.011411
388 0.0113509 0.000224716 0.0111262 0.0115756
389 0.0113509 0.000224716 0.0111262 0.0115756
390 0.0113509 0.000120114 0.0112308 0.011471
391 0.0112909 0.000147111 0.0111438 0.011438
392 0.011411 0.000268586 0.0111424 0.0116796
393 0.011471 0.000441334 0.0110297 0.0119124
394 0.0120116 0.00093041 0.0110811 0.012942
395 0.0111707 0.000120116 0.0110506 0.0112909
396 0.0121917 0.00157301 0.0106187 0.0137647
397 0.0120716 0.00163816 0.0104335 0.0137098
398 0.0254645 0.0276595 -0.00219496 0.053124
399 0.016636 0.0103006 0.00633544 0.0269366
400 0.0138733 0.00510102 0.00877232 0.0189744
401 0.0126121 0.00138263 0.0112295 0.0139948
402 0.0111107 0.000189921 0.0109208 0.0113006
403 0.0113509 0.000350194 0.0110007 0.0117011
404 0.0112308 0.000147111 0.0110837 0.0113779
405 0.0113509 0.000668774 0.0106821 0.0120197
406 0.0118914 0.00126834 0.0106231 0.0131598
407 0.0111107 0.000189919 0.0109208 0.0113006
408 0.0111707 0.000294222 0.0108765 0.011465
409 0.011471 0.000120116 0.0113509 0.0115912
410 0.0115311 0.000147111 0.011384 0.0116782
411 0.0119515 0.00117689 0.0107746 0.0131284
412 0.0117713 0.000480461 0.0112909 0.0122518
413 0.0399384 0.0557115 -0.0157731 0.0956499
414 0.0117113 0.00032895 0.0113823 0.0120402
415 0.0120716 0.000441333 0.0116303 0.0125129
416 0.0159754 0.00384745 0.0121279 0.0198228
417 0.0142938 0.00413309 0.0101607 0.0184268
418 0.0149544 0.00380977 0.0111446 0.0187642
419 0.014594 0.00417218 0.0104219 0.0187662
420 0.0141736 0.003972 0.0102016 0.0181456
421 0.0133929 0.00382016 0.00957272 0.0172131
422 0.0117113 0.000379838 0.0113314 0.0120911
423 0.0118314 0.000449433 0.011382 0.0122808
424 0.0121317 0.000556953 0.0115747 0.0126886
425 0.0126121 0.00210631 0.0105058 0.0147184
426 0.0116512 0.000294222 0.011357 0.0119454
427 0.0119515 0.000938133 0.0110134 0.0128896
428 0.0120116 0.000502479 0.0115091 0.012514
429 0.0115912 0.000240231 0.0113509 0.0118314
430 0.0123118 0.00153118 0.0107807 0.013843
431 0.0116512 0.000350195 0.011301 0.0120014
432 0.0115912 0.000407332 0.0111838 0.0119985
433 0.011411 0.00018992 0.0112211 0.0116009
434 0.0115912 0.000306235 0.0112849 0.0118974
435 0.0286476 0.0343237 -0.00567618 0.0629713
436 0.014534 0.00609993 0.00843405 0.0206339
437 0.0128524 0.00229009 0.0105623 0.0151425
438 0.0117713 0.000441334 0.01133 0.0122127
439 0.0115311 0.000306235 0.0112249 0.0118373
440 0.141857 0.251392 -0.109536 0.393249
441 0.0125521 0.00167086 0.0108812 0.0142229
442 0.0113509 0.000224715 0.0111262 0.0115756
443 0.0112308 0.000240232 0.0109906 0.011471
444 0.0111707 0.000224716 0.010946 0.0113955
445 0.0117713 0.00104714 0.0107242 0.0128185
446 0.0129124 0.00360847 0.00930395 0.0165209
447 0.0111107 0.000268586 0.0108421 0.0113793
448 0.0150745 0.00421861 0.0108559 0.0192931
449 0.0136331 0.00415051 0.00948261 0.0177836
450 0.0156751 0.00468066 0.0109944 0.0203557
451 0.0162156 0.0074699 0.00874571 0.0236855
452 0.0118314 0.000725681 0.0111057 0.0125571
453 0.0150144 0.00691317 0.00810128 0.0219276
454 0.0120116 0.000759678 0.0112519 0.0127712
455 0.012432 0.000240231 0.0121917 0.0126722
456 0.0136932 0.00351531 0.0101779 0.0172085
457 0.0118314 0.000240232 0.0115912 0.0120716
458 0.012492 0.00141614 0.0110759 0.0139082
459 0.0125521 0.00141359 0.0111385 0.0139657
460 0.159754 0.291899 -0.132145 0.451653
461 0.0156751 0.00676124 0.00891385 0.0224363
462 0.0119515 0.000224715 0.0117268 0.0121762
463 0.0127923 0.00150265 0.0112897 0.014295
464 0.0116512 0.000224716 0.0114265 0.0118759
465 0.0123719 0.000938132 0.0114338 0.01331
466 0.0125521 0.00183545 0.0107166 0.0143875
467 0.0117713 0.000350193 0.0114211 0.0121215
468 0.0118914 0.000306236 0.0115852 0.0121977
469 0.0117713 0.000224716 0.0115466 0.011996
470 0.0122518 0.000938132 0.0113137 0.0131899
471 0.0115311 0.000240231 0.0112909 0.0117713
472 0.0117713 0.000224716 0.0115466 0.011996
473 0.0118914 0.000700389 0.0111911 0.0125918
474 0.0118314 0.000240231 0.0115912 0.0120716
475 0.0136331 0.00369538 0.00993773 0.0173285
476 0.0118314 0.000240231 0.0115912 0.0120716
477 0.0116512 0.000120116 0.0115311 0.0117713
478 0.0121317 0.000700387 0.0114313 0.0128321
479 0.0116512 0.000224716 0.0114265 0.0118759
480 0.0185579 0.00531571 0.0132421 0.0238736
481 0.0160354 0.00426199 0.0117734 0.0202974
482 0.0121917 0.000700389 0.0114913 0.0128921
483 0.0209602 0.0179023 0.00305791 0.0388624
484 0.0139334 0.00311838 0.010815 0.0170518
485 0.0119515 0.000294222 0.0116573 0.0122457
486 0.0118314 0.000240231 0.0115912 0.0120716
487 0.0120116 0.000759678 0.0112519 0.0127712
488 0.0118914 0.00024023 0.0116512 0.0121317
489 0.0119515 0.000350195 0.0116013 0.0123017
490 0.0174168 0.00806431 0.00935245 0.0254811
491 0.0120116 0.000684764 0.0113268 0.0126963
492 0.0462445 0.0692167 -0.0229722 0.115461
493 0.0123118 0.000930411 0.0113814 0.0132423
494 0.0117713 0.000120116 0.0116512 0.0118914
495 0.0118314 0.00014711 0.0116843 0.0119785
496 0.0149544 0.00664012 0.00831427 0.0215945
497 0.0121317 0.000861991 0.0112697 0.0129937
498 0.0120716 0.000582281 0.0114893 0.0126539
499 0.0121317 0.000700389 0.0114313 0.0128321
500 0.0236628 0.0155065 0.00815622 0.0391693
501 0.0117113 0.00018992 0.0115213 0.0119012
502 0.0117113 0.000189919 0.0115213 0.0119012
503 0.0116512 0.000224716 0.0114265 0.0118759
504 0.0120116 0.000629891 0.0113817 0.0126414
505 0.0115912 0.000240231 0.0113509 0.0118314
506 0.0118914 0.000523571 0.0113679 0.012415
507 0.0115311 0.000240232 0.0112909 0.0117713
508 0.0260651 0.0291595 -0.00309445 0.0552246
509 0.0334522 0.0260048 0.00744737 0.059457
510 0.014594 0.00532994 0.0092641 0.019924
511 0.0168762 0.007898 0.00897824 0.0247742
512 0.0193386 0.00731769 0.0120209 0.0266563
513 0.0153147 0.00605959 0.00925515 0.0213743
514 0.0120116 0.00105743 0.0109541 0.013069
515 0.0115912 0.000147111 0.011444 0.0117383
516 0.011471 0.000294221 0.0111768 0.0117653
517 0.011411 0.000465204 0.0109458 0.0118762
518 0.0111107 0.000268587 0.0108421 0.0113793
519 0.0757329 0.129094 -0.0533614 0.204827
520 0.0113509 0.000480461 0.0108705 0.0118314
521 0.0113509 0.000350194 0.0110007 0.0117011
522 0.0113509 0.000516635 0.0108343 0.0118676
523 0.0110506 0.000120115 0.0109305 0.0111707
524 0.0129124 0.00330591 0.00960652 0.0162183
525 0.0112308 0.000306237 0.0109246 0.011537
526 0.0111107 0.000465206 0.0106455 0.0115759
527 0.0267257 0.0315306 -0.00480491 0.0582563
528 0.0112909 0.000306235 0.0109846 0.0115971
529 0.0147142 0.00397472 0.0107394 0.0186889
530 0.0111707 0.000441333 0.0107294 0.0116121
531 0.0112308 0.000306236 0.0109246 0.011537
532 0.0121917 0.00172607 0.0104657 0.0139178
533 0.0242633 0.0255563 -0.00129292 0.0498196
534 0.0113509 0.000224715 0.0111262 0.0115756
535 0.0115311 0.000407333 0.0111238 0.0119384
536 0.0255846 0.0224911 0.00309348 0.0480758
537 0.0134529 0.00323644 0.0102165 0.0166894
538 0.0123118 0.00110741 0.0112044 0.0134193
539 0.0115311 0.00024023 0.0112909 0.0117713
540 0.0115311 0.00014711 0.011384 0.0116782
541 0.0132127 0.0033168 0.00989591 0.0165295
542 0.0117113 0.000600578 0.0111107 0.0123118
543 0.011411 0.00018992 0.0112211 0.0116009
544 0.0160354 0.00612648 0.00990895 0.0221619
545 0.0117713 0.000350194 0.0114211 0.0121215
546 0.0119515 0.000398377 0.0115531 0.0123499
547 0.0117713 0.000294222 0.0114771 0.0120655
548 0.0118914 0.000407331 0.0114841 0.0122988
549 0.0153147 0.00751323 0.00780151 0.022828
550 0.0118314 0.000750121 0.0110813 0.0125815
551 0.0141736 0.00334603 0.0108276 0.0175197
552 0.0117113 0.000268586 0.0114427 0.0119799
553 0.0116512 0.000224716 0.0114265 0.0118759
554 0.0190383 0.0146578 0.00438053 0.0336961
555 0.0116512 0.000441332 0.0112099 0.0120925
556 0.0116512 0.000120116 0.0115311 0.0117713
557 0.0115311 0.000306236 0.0112249 0.0118373
558 0.011471 0.000120116 0.0113509 0.0115912
559 0.0115311 0.000240231 0.0112909 0.0117713
560 0.0115311 0.000407332 0.0111238 0.0119384
561 0.0113509 0.000224715 0.0111262 0.0115756
562 0.011411 0 0.011411 0.011411
563 0.0112909 0.000240231 0.0110506 0.0115311
564 0.027026 0.0241526 0.00287336 0.0511786
565 0.0209001 0.0185292 0.00237094 0.0394293
566 0.011471 0.000224715 0.0112463 0.0116958
567 0.0144139 0.00334926 0.0110646 0.0177631
568 0.0209602 0.0128885 0.00807165 0.0338487
569 0.0115912 0.000407332 0.0111838 0.0119985
570 0.0113509 0.000120116 0.0112308 0.011471
571 0.063421 0.0987107 -0.0352896 0.162132
572 0.0117113 0.00105743 0.0106538 0.0127687
573 0.0111707 0.000120115 0.0110506 0.0112909
574 0.0111107 0.000189919 0.0109208 0.0113006
575 0.0333321 0.0442928 -0.0109607 0.0776248
576 0.0189182 0.00516637 0.0137518 0.0240846
577 0.0118314 0.00101567 0.0108157 0.0128471
578 0.0117113 0.000268587 0.0114427 0.0119799
579 0.0115311 0.000147111 0.011384 0.0116782
580 0.0117113 0.000502479 0.0112088 0.0122137
581 0.0112308 0.000147111 0.0110837 0.0113779
582 0.0117713 0.000120115 0.0116512 0.0118914
583 0.0142938 0.00377266 0.0105211 0.0180664
584 0.0115912 0.000240232 0.0113509 0.0118314
585 0.0117713 0.000120116 0.0116512 0.0118914
586 0.0120716 0.000350193 0.0117214 0.0124218
587 0.0117713 0.000294223 0.0114771 0.0120655
588 0.0209001 0.0185292 0.00237094 0.0394293
589 0.012492 0.00157301 0.010919 0.014065
590 0.0118914 0.000147111 0.0117443 0.0120386
591 0.0494276 0.0743846 -0.024957 0.123812
592 0.0135731 0.00373808 0.00983498 0.0173111
593 0.0115912 0.000240232 0.0113509 0.0118314
594 0.0117713 0.000224716 0.0115466 0.011996
595 0.0116512 0.000224716 0.0114265 0.0118759
596 0.0116512 0.000224715 0.0114265 0.0118759
597 0.0117713 0.000350194 0.0114211 0.0121215
598 0.0115912 0.000407333 0.0111838 0.0119985
599 0.0132127 0.00330591 0.00990681 0.0165186
600 0.0115311 0.00024023 0.0112909 0.0117713
601 0.0117113 0.000502479 0.0112088 0.0122137
602 0.0136932 0.00427044 0.00942273 0.0179636
603 0.0115912 0.000240231 0.0113509 0.0118314
604 0.011471 0.000350193 0.0111208 0.0118212
605 0.0221613 0.0133787 0.00878258 0.0355401
606 0.0126722 0.00125116 0.011421 0.0139234
607 0.0115912 0.000147111 0.011444 0.0117383
608 0.0169964 0.00526526 0.0117311 0.0222616
609 0.156931 0.281161 -0.12423 0.438092
610 0.0118314 0.000588443 0.0112429 0.0124198
611 0.0115912 0.000407332 0.0111838 0.0119985
612 0.0115311 0.000147111 0.011384 0.0116782
613 0.0122518 0.00153588 0.0107159 0.0137877
614 0.0116512 0.000224715 0.0114265 0.0118759
615 0.0115311 0.000240231 0.0112909 0.0117713
616 0.0115311 0.000407332 0.0111238 0.0119384
617 0.0113509 0.000224715 0.0111262 0.0115756
618 0.012432 0.00180773 0.0106242 0.0142397
619 0.0175969 0.0122223 0.00537462 0.0298192
620 0.0287076 0.0259757 0.00273195 0.0546833
621 0.0125521 0.00127967 0.0112724 0.0138317
622 0.0252843 0.0274474 -0.00216307 0.0527317
623 0.0213205 0.0195192 0.00180127 0.0408398
624 0.0693667 0.11307 -0.0437036 0.182437
625 0.0133929 0.00353066 0.00986222 0.0169235
626 0.0118314 0.000306237 0.0115251 0.0121376
627 0.0122518 0.00171349 0.0105383 0.0139653
628 0.0117113 0.000465207 0.0112461 0.0121765
629 0.0115912 0.000240231 0.0113509 0.0118314
630 0.0121317 0.00145384 0.0106778 0.0135855
631 0.0112308 0.000306237 0.0109246 0.011537
632 0.011411 0.000268586 0.0111424 0.0116796
633 0.011471 0.000224716 0.0112463 0.0116958
634 0.0115311 0.000306236 0.0112249 0.0118373
635 0.0111707 0.000120115 0.0110506 0.0112909
636 0.0113509 0.000224716 0.0111262 0.0115756
637 0.0133929 0.00381544 0.00957745 0.0172083
638 0.0118914 0.00114897 0.0107425 0.0130404
639 0.0112909 0.000240231 0.0110506 0.0115311
640 0.0234826 0.0171805 0.00630208 0.0406631
641 0.0162156 0.00842309 0.00779251 0.0246387
642 0.0117113 0.000537172 0.0111741 0.0122484
643 0.011471 0.000516636 0.0109544 0.0119877
644 0.011411 0.000189919 0.0112211 0.0116009
645 0.0115311 0.000306235 0.0112249 0.0118373
646 0.0121317 0.00159578 0.0105359 0.0137274
647 0.0113509 0.000120116 0.0112308 0.011471
648 0.0115912 0.000306236 0.0112849 0.0118974
649 0.0159153 0.00886336 0.00705196 0.0247787
650 0.0117713 0.000668775 0.0111026 0.0124401
651 0.0112308 0.000240231 0.0109906 0.011471
652 0.0144739 0.00412348 0.0103504 0.0185974
653 0.0112909 0.000240232 0.0110506 0.0115311
654 0.0110506 0.000120115 0.0109305 0.0111707
655 0.0109906 0.000147111 0.0108435 0.0111377
656 0.0109305 0.00014711 0.0107834 0.0110776
657 0.0111707 0.000120115 0.0110506 0.0112909
658 0.0109906 0.000240231 0.0107503 0.0112308
659 0.0136331 0.00504843 0.00858469 0.0186815
660 0.0180173 0.0141168 0.00390056 0.0321341
661 0.011471 0.000792217 0.0106788 0.0122633
662 0.014594 0.00493644 0.0096576 0.0195305
663 0.0112909 0.000407331 0.0108835 0.0116982
664 0.0123719 0.00125116 0.0111207 0.0136231
665 0.0144139 0.00570707 0.0087068 0.0201209
666 0.0116512 0.000516638 0.0111346 0.0121678
667 0.0112909 0.000306236 0.0109846 0.0115971
668 0.0117113 0.000684765 0.0110265 0.012396
669 0.0112909 0.00014711 0.0111438 0.011438
670 0.0109906 0.000240231 0.0107503 0.0112308
671 0.0113509 0.000224715 0.0111262 0.0115756
672 0.0126722 0.000836509 0.0118357 0.0135087
673 0.011471 0.000224716 0.0112463 0.0116958
674 0.021801 0.0204801 0.00132083 0.0422811
675 0.014534 0.00579985 0.00873413 0.0203338
676 0.0115912 0.000240231 0.0113509 0.0118314
677 0.0117713 0.000294223 0.0114771 0.0120655
678 0.0834803 0.142046 -0.0585657 0.225526
679 0.0232424 0.0227845 0.000457891 0.0460268
680 0.011411 0.000189919 0.0112211 0.0116009
681 0.0152547 0.00622229 0.00903239 0.021477
682 0.0115311 0.000306234 0.0112249 0.0118373
683 0.0115311 0.000240232 0.0112909 0.0117713
684 0.0117713 0.000224716 0.0115466 0.011996
685 0.0115311 0.000306235 0.0112249 0.0118373
686 0.0112909 0.000240232 0.0110506 0.0115311
687 0.0112909 0.000240232 0.0110506 0.0115311
688 0.011471 0.000898862 0.0105722 0.0123699
689 0.0111707 0.000294222 0.0108765 0.011465
690 0.0110506 0.000224716 0.0108259 0.0112753
691 0.0111707 0.000350194 0.0108206 0.0115209
692 0.0132728 0.00418427 0.00908851 0.017457
693 0.0112909 0.000306236 0.0109846 0.0115971
694 0.0112308 0.000306236 0.0109246 0.011537
695 0.0111707 0.000224716 0.010946 0.0113955
696 0.0111707 0.000441333 0.0107294 0.0116121
697 0.0111707 0.000350194 0.0108206 0.0115209
698 0.0112308 0.000360347 0.0108705 0.0115912
699 0.0294884 0.0310595 -0.00157108 0.0605478
700 0.0119515 0.000720694 0.0112308 0.0126722
701 0.0129725 0.00342593 0.00954656 0.0163984
702 0.0112909 0.000360346 0.0109305 0.0116512
703 0.0112909 0.000487913 0.010803 0.0117788
704 0.0178372 0.00750987 0.0103273 0.025347
705 0.0123118 0.000783057 0.0115288 0.0130949
706 0.0115912 0.000360346 0.0112308 0.0119515
707 0.0117713 0.000350193 0.0114211 0.0121215
708 0.011471 0.000350194 0.0111208 0.0118212
709 0.0115311 0.000240231 0.0112909 0.0117713
710 0.0118914 0.000240231 0.0116512 0.0121317
711 0.0117113 0.00018992 0.0115213 0.0119012
712 0.0118314 0.00024023 0.0115912 0.0120716
713 0.0117713 0.000224715 0.0115466 0.011996
714 0.0544124 0.0854024 -0.03099 0.139815
715 0.0120116 0.000502479 0.0115091 0.012514
716 0.0118914 0.000407331 0.0114841 0.0122988
717 0.032251 0.0371619 -0.00491091 0.069413
718 0.0119515 0.000350195 0.0116013 0.0123017
719 0.0117713 0.000294222 0.0114771 0.0120655
720 0.0118314 0.000588444 0.0112429 0.0124198
721 0.0199992 0.0164273 0.00357193 0.0364266
722 0.0126121 0.00181171 0.0108004 0.0144238
723 0.0118914 0.000306237 0.0115852 0.0121977
724 0.0117113 0.00018992 0.0115213 0.0119012
725 0.0132728 0.00342593 0.00984684 0.0166987
726 0.0118314 0.00024023 0.0115912 0.0120716
727 0.0118314 0.000306234 0.0115251 0.0121376
728 0.0336324 0.0438426 -0.0102102 0.077475
729 0.0118914 0.000556953 0.0113345 0.0124484
730 0.0120116 0.00091082 0.0111007 0.0129224
731 0.0116512 0.000224716 0.0114265 0.0118759
732 0.157111 0.285423 -0.128312 0.442534
733 0.0117113 0.000379839 0.0113314 0.0120911
734 0.0118914 0.000306235 0.0115852 0.0121977
735 0.0117713 0.000120116 0.0116512 0.0118914
736 0.0248639 0.0162438 0.0086201 0.0411078
737 0.0131527 0.00164913 0.0115035 0.0148018
738 0.0117713 0.000120116 0.0116512 0.0118914
739 0.0117113 0.00018992 0.0115213 0.0119012
740 0.0117113 0.000268586 0.0114427 0.0119799
741 0.0679854 0.083105 -0.0151196 0.15109
742 0.0120116 0.000502481 0.0115091 0.012514
743 0.0157351 0.00601658 0.00971856 0.0217517
744 0.0131527 0.00217704 0.0109756 0.0153297
745 0.0117713 0.000224716 0.0115466 0.011996
746 0.0115311 0.000240231 0.0112909 0.0117713
747 0.0117113 0.00018992 0.0115213 0.0119012
748 0.0117713 0.000294223 0.0114771 0.0120655
749 0.0115912 0.000147111 0.011444 0.0117383
750 0.0117113 0.000268586 0.0114427 0.0119799
751 0.0115912 0.00024023 0.0113509 0.0118314
752 0.0115311 0.000147111 0.011384 0.0116782
753 0.0168762 0.00866873 0.00820751 0.025545
754 0.0118314 0.000407332 0.0114241 0.0122387
755 0.0116512 0.000350193 0.011301 0.0120014
756 0.0116512 0.000350193 0.011301 0.0120014
757 0.011471 0.000350195 0.0111208 0.0118212
758 0.0112909 0.00014711 0.0111438 0.011438
759 0.0117113 0.00032895 0.0113823 0.0120402
760 0.0258849 0.0270576 -0.00117271 0.0529425
761 0.0117113 0.000629891 0.0110814 0.0123412
762 0.0123118 0.00181172 0.0105001 0.0141236
763 0.0116512 0.000441332 0.0112099 0.0120925
764 0.011471 0.000224715 0.0112463 0.0116958
765 0.0112308 0.000240231 0.0109906 0.011471
766 0.0130325 0.0038437 0.00918884 0.0168762
767 0.0115311 0.000147111 0.011384 0.0116782
768 0.0157952 0.00390422 0.011891 0.0196994
769 0.0137532 0.00410156 0.00965168 0.0178548
770 0.013513 0.00405557 0.00945743 0.0175686
771 0.0139334 0.00423652 0.00969689 0.0181699
772 0.0173567 0.0118975 0.00545919 0.0292542
773 0.0440224 0.0653733 -0.0213509 0.109396
774 0.0263053 0.0299396 -0.00363432 0.0562449
775 0.011411 0.000268586 0.0111424 0.0116796
776 0.0113509 0.000350194 0.0110007 0.0117011
777 0.0112909 0.00014711 0.0111438 0.011438
778 0.011411 0.00018992 0.0112211 0.0116009
779 0.0129124 0.0019737 0.0109387 0.0148861
780 0.090447 0.157023 -0.0665763 0.24747
781 0.0113509 0.000350194 0.0110007 0.0117011
782 0.0115311 0.000523571 0.0110075 0.0120547
783 0.0112308 0.00014711 0.0110837 0.0113779
784 0.0111107 0.00018992 0.0109208 0.0113006
785 0.0111707 0.000120115 0.0110506 0.0112909
786 0.0131527 0.00349885 0.00965381 0.0166515
787 0.0115311 0.000449432 0.0110817 0.0119805
788 0.0113509 0.000224715 0.0111262 0.0115756
789 0.011471 0.000441332 0.0110297 0.0119124
790 0.0113509 0.000224715 0.0111262 0.0115756
791 0.0113509 0.000398377 0.0109525 0.0117493
792 0.0115912 0.000147111 0.011444 0.0117383
793 0.0125521 0.00202244 0.0105296 0.0145745
794 0.0115311 0.000147111 0.011384 0.0116782
795 0.011471 0.000294221 0.0111768 0.0117653
796 0.0112308 0.00014711 0.0110837 0.0113779
797 0.011411 0.00018992 0.0112211 0.0116009
798 0.012432 0.00176737 0.0106646 0.0141993
799 0.0305694 0.0377168 -0.00714736 0.0682862
