# ../output/graphs/perf_parallel99BIPED_thread2
# step - mean (0.164462) - standard deviation (0.015429) r=20 - ylow - yhigh
0 0.186014 0.0490202 0.136994 0.235034
1 0.174168 0.00941347 0.164754 0.183581
2 0.176255 0.0100874 0.166167 0.186342
3 0.178477 0.0114639 0.167013 0.189941
4 0.179197 0.0181735 0.161024 0.197371
5 0.173642 0.00890643 0.164736 0.182549
6 0.172861 0.0112615 0.1616 0.184123
7 0.174843 0.0246389 0.150204 0.199482
8 0.167516 0.0143459 0.15317 0.181862
9 0.167426 0.013847 0.153579 0.181273
10 0.165414 0.00991421 0.1555 0.175328
11 0.171135 0.0141266 0.157008 0.185261
12 0.167516 0.012909 0.154607 0.180425
13 0.166 0.0134577 0.152542 0.179457
14 0.162186 0.00949497 0.152691 0.171681
15 0.166946 0.0121787 0.154767 0.179124
16 0.164078 0.0103185 0.153759 0.174396
17 0.167771 0.0112955 0.156476 0.179067
18 0.167216 0.0145202 0.152696 0.181736
19 0.163552 0.0100927 0.15346 0.173645
20 0.167441 0.00999398 0.157447 0.177435
21 0.162937 0.00850693 0.15443 0.171444
22 0.160775 0.00594117 0.154834 0.166716
23 0.160279 0.0105955 0.149684 0.170875
24 0.164048 0.0143427 0.149705 0.178391
25 0.161195 0.0120765 0.149119 0.173272
26 0.162096 0.0112448 0.150851 0.173341
27 0.159559 0.008362 0.151197 0.167921
28 0.162396 0.0109152 0.151481 0.173312
29 0.160444 0.00952257 0.150922 0.169967
30 0.16073 0.00804969 0.15268 0.168779
31 0.164153 0.0135919 0.150561 0.177745
32 0.167666 0.0129498 0.154716 0.180616
33 0.161736 0.00955391 0.152182 0.17129
34 0.169798 0.00942375 0.160375 0.179222
35 0.173822 0.0090338 0.164788 0.182856
36 0.176915 0.0147672 0.162148 0.191682
37 0.175339 0.0158104 0.159528 0.191149
38 0.175699 0.0142484 0.161451 0.189947
39 0.177771 0.0153908 0.16238 0.193162
40 0.175234 0.0129548 0.162279 0.188188
41 0.17121 0.0071348 0.164075 0.178345
42 0.17136 0.0059312 0.165429 0.177291
43 0.175549 0.00723403 0.168315 0.182783
44 0.176615 0.0143047 0.16231 0.19092
45 0.17121 0.00797168 0.163238 0.179181
46 0.181329 0.0289578 0.152372 0.210287
47 0.173807 0.010914 0.162893 0.184721
48 0.179828 0.0169032 0.162925 0.196731
49 0.175234 0.0135175 0.161716 0.188751
50 0.172426 0.00813534 0.164291 0.180561
51 0.173657 0.00883743 0.16482 0.182495
52 0.17645 0.0160839 0.160366 0.192534
53 0.170654 0.00592879 0.164725 0.176583
54 0.171495 0.00690462 0.16459 0.1784
55 0.175834 0.0090797 0.166754 0.184914
56 0.172561 0.00834797 0.164213 0.180909
57 0.176029 0.0129899 0.163039 0.189019
58 0.172981 0.00930967 0.163672 0.182291
59 0.171975 0.00835219 0.163623 0.180328
60 0.180684 0.0192131 0.161471 0.199897
61 0.174603 0.0142305 0.160373 0.188833
62 0.173222 0.00829922 0.164922 0.181521
63 0.174648 0.011721 0.162927 0.186369
64 0.178747 0.0116881 0.167059 0.190435
65 0.174903 0.0100999 0.164803 0.185003
66 0.173747 0.00731831 0.166429 0.181065
67 0.17672 0.0118169 0.164903 0.188537
68 0.170219 0.0051025 0.165116 0.175321
69 0.171015 0.00668607 0.164328 0.177701
70 0.176345 0.0105755 0.165769 0.18692
71 0.176525 0.00907761 0.167447 0.185602
72 0.174723 0.0112999 0.163423 0.186023
73 0.180113 0.0133423 0.166771 0.193456
74 0.173102 0.0111283 0.161973 0.18423
75 0.17657 0.0127794 0.16379 0.189349
76 0.17714 0.00978495 0.167355 0.186925
77 0.17621 0.00910059 0.167109 0.18531
78 0.177426 0.0141331 0.163293 0.191559
79 0.173867 0.00772391 0.166143 0.181591
80 0.172351 0.0109893 0.161362 0.18334
81 0.173972 0.0101945 0.163778 0.184167
82 0.180729 0.026716 0.154013 0.207445
83 0.178011 0.0110062 0.167005 0.189017
84 0.178462 0.0102495 0.168212 0.188711
85 0.176104 0.0107336 0.165371 0.186838
86 0.171285 0.00632349 0.164961 0.177608
87 0.173192 0.00953098 0.163661 0.182723
88 0.176765 0.0184455 0.15832 0.195211
89 0.172906 0.00748232 0.165424 0.180389
90 0.177321 0.0142311 0.163089 0.191552
91 0.172591 0.00715474 0.165436 0.179746
92 0.17175 0.00532746 0.166423 0.177078
93 0.173507 0.0109247 0.162582 0.184432
94 0.170804 0.0073098 0.163495 0.178114
95 0.174978 0.015973 0.159005 0.190951
96 0.178206 0.0104488 0.167758 0.188655
97 0.177636 0.0108356 0.1668 0.188472
98 0.168147 0.0120754 0.156071 0.180222
99 0.173822 0.0289618 0.14486 0.202784
100 0.168237 0.012677 0.15556 0.180914
101 0.173041 0.0150063 0.158035 0.188048
102 0.166735 0.00541343 0.161322 0.172149
103 0.168642 0.00825189 0.16039 0.176894
104 0.173627 0.0123993 0.161228 0.186026
105 0.175339 0.0146902 0.160649 0.190029
106 0.178507 0.0185341 0.159973 0.197041
107 0.174648 0.0112792 0.163369 0.185927
108 0.169828 0.0108609 0.158967 0.180689
109 0.165639 0.00529429 0.160345 0.170934
110 0.173792 0.0179353 0.155857 0.191728
111 0.172231 0.0155984 0.156632 0.187829
112 0.174963 0.0074204 0.167543 0.182384
113 0.175113 0.00907661 0.166037 0.18419
114 0.172276 0.00970407 0.162572 0.18198
115 0.170654 0.00611521 0.164539 0.176769
116 0.175174 0.0167994 0.158374 0.191973
117 0.175023 0.021527 0.153496 0.19655
118 0.177216 0.0107993 0.166416 0.188015
119 0.175669 0.0109204 0.164749 0.186589
120 0.177786 0.0139026 0.163883 0.191689
121 0.17696 0.0117892 0.165171 0.188749
122 0.174528 0.0109305 0.163597 0.185458
123 0.180429 0.0267328 0.153696 0.207161
124 0.179633 0.0152825 0.16435 0.194915
125 0.174303 0.0103504 0.163952 0.184653
126 0.176149 0.0229721 0.153177 0.199122
127 0.175669 0.00981582 0.165853 0.185485
128 0.180128 0.0155885 0.16454 0.195717
129 0.177201 0.0111976 0.166003 0.188398
130 0.17172 0.0073985 0.164322 0.179119
131 0.172666 0.00995991 0.162706 0.182626
132 0.170609 0.0090343 0.161575 0.179643
133 0.171165 0.00953908 0.161626 0.180704
134 0.184543 0.0275451 0.156997 0.212088
135 0.175279 0.0112129 0.164066 0.186492
136 0.172291 0.0101784 0.162112 0.182469
137 0.172996 0.015151 0.157845 0.188147
138 0.175714 0.0135737 0.16214 0.189288
139 0.170894 0.00873521 0.162159 0.17963
140 0.172501 0.0124985 0.160003 0.184999
141 0.173597 0.0132573 0.16034 0.186854
142 0.173972 0.0128119 0.16116 0.186784
143 0.172216 0.0114435 0.160772 0.183659
144 0.174348 0.00959206 0.164756 0.18394
145 0.171855 0.00958157 0.162274 0.181437
146 0.168237 0.00487993 0.163357 0.173117
147 0.177651 0.0188146 0.158836 0.196466
148 0.168882 0.00494466 0.163938 0.173827
149 0.169693 0.00879283 0.1609 0.178486
150 0.1763 0.0130572 0.163242 0.189357
151 0.175519 0.00997371 0.165545 0.185493
152 0.172936 0.00908437 0.163852 0.182021
153 0.169648 0.00847617 0.161172 0.178124
154 0.169633 0.00556135 0.164072 0.175195
155 0.179738 0.0134231 0.166315 0.193161
156 0.169363 0.00938805 0.159975 0.178751
157 0.168988 0.00543504 0.163553 0.174423
158 0.174138 0.00760621 0.166531 0.181744
159 0.173762 0.0142646 0.159498 0.188027
160 0.18193 0.017346 0.164584 0.199276
161 0.173582 0.0107462 0.162836 0.184328
162 0.172696 0.00940192 0.163294 0.182098
163 0.1763 0.0113963 0.164903 0.187696
164 0.178837 0.0121887 0.166648 0.191026
165 0.173432 0.010765 0.162667 0.184197
166 0.173297 0.010054 0.163243 0.183351
167 0.177891 0.013745 0.164146 0.191636
168 0.175804 0.0145541 0.16125 0.190358
169 0.170414 0.0058963 0.164518 0.17631
170 0.176225 0.0133435 0.162881 0.189568
171 0.174828 0.0121851 0.162643 0.187013
172 0.173597 0.0103949 0.163202 0.183992
173 0.174918 0.016608 0.15831 0.191526
174 0.171195 0.00720374 0.163991 0.178398
175 0.169168 0.00517533 0.163992 0.174343
176 0.172741 0.00688302 0.165858 0.179624
177 0.173117 0.0109461 0.16217 0.184063
178 0.173657 0.00751089 0.166146 0.181168
179 0.172366 0.0107782 0.161588 0.183144
180 0.170309 0.00731022 0.162999 0.177619
181 0.174843 0.0153905 0.159453 0.190234
182 0.170294 0.00793973 0.162354 0.178234
183 0.170174 0.00631685 0.163857 0.176491
184 0.177441 0.0191741 0.158267 0.196615
185 0.170714 0.00560303 0.165111 0.176317
186 0.173687 0.0102343 0.163453 0.183921
187 0.171765 0.00672674 0.165039 0.178492
188 0.173087 0.0107633 0.162323 0.18385
189 0.172606 0.00918688 0.163419 0.181793
190 0.17178 0.00711848 0.164662 0.178899
191 0.169813 0.00776263 0.162051 0.177576
192 0.171195 0.00479608 0.166399 0.175991
193 0.173327 0.00810925 0.165218 0.181436
194 0.172096 0.00816924 0.163926 0.180265
195 0.173282 0.00952606 0.163756 0.182808
196 0.176285 0.0111473 0.165137 0.187432
197 0.179303 0.0123816 0.166921 0.191684
198 0.177546 0.0171919 0.160354 0.194738
199 0.168537 0.0152666 0.153271 0.183804
200 0.165054 0.00786176 0.157192 0.172916
201 0.165444 0.0130484 0.152396 0.178493
202 0.165609 0.0134013 0.152208 0.179011
203 0.163372 0.0107185 0.152654 0.174091
204 0.165099 0.0132528 0.151846 0.178352
205 0.163402 0.0090313 0.154371 0.172434
206 0.164678 0.012734 0.151945 0.177412
207 0.169438 0.0268388 0.142599 0.196277
208 0.161901 0.00863051 0.15327 0.170531
209 0.162636 0.00799998 0.154637 0.170636
210 0.170339 0.0206408 0.149698 0.19098
211 0.162997 0.00920257 0.153794 0.172199
212 0.162246 0.00674622 0.1555 0.168992
213 0.161495 0.00826127 0.153234 0.169757
214 0.166705 0.0231289 0.143576 0.189834
215 0.162682 0.00867199 0.15401 0.171354
216 0.167847 0.0102958 0.157551 0.178142
217 0.166916 0.0124681 0.154448 0.179384
218 0.164498 0.0112929 0.153205 0.175791
219 0.161045 0.0108708 0.150174 0.171916
220 0.158417 0.00867491 0.149743 0.167092
221 0.160084 0.00669644 0.153388 0.16678
222 0.157547 0.00569067 0.151856 0.163237
223 0.170324 0.0340843 0.13624 0.204408
224 0.162712 0.0134475 0.149264 0.176159
225 0.16154 0.011508 0.150032 0.173048
226 0.160474 0.00742898 0.153045 0.167903
227 0.16118 0.0126972 0.148483 0.173877
228 0.16103 0.0110586 0.149971 0.172089
229 0.161495 0.0103256 0.15117 0.171821
230 0.159078 0.00671794 0.15236 0.165796
231 0.164844 0.00496747 0.159876 0.169811
232 0.168792 0.0168876 0.151905 0.18568
233 0.171855 0.0110615 0.160794 0.182917
234 0.170144 0.0136182 0.156526 0.183762
235 0.16624 0.00735211 0.158888 0.173592
236 0.16606 0.00700903 0.159051 0.173069
237 0.163672 0.00417118 0.159501 0.167844
238 0.166345 0.0112872 0.155058 0.177632
239 0.169273 0.015454 0.153819 0.184727
240 0.166841 0.00744474 0.159396 0.174285
241 0.1663 0.0157738 0.150526 0.182074
242 0.164829 0.0105375 0.154291 0.175366
243 0.161841 0.00749609 0.154345 0.169337
244 0.167831 0.0147224 0.153109 0.182554
245 0.173507 0.0227189 0.150788 0.196226
246 0.16582 0.00996154 0.155858 0.175781
247 0.17121 0.0224646 0.148745 0.193674
248 0.16597 0.00662483 0.159345 0.172595
249 0.165009 0.00572875 0.15928 0.170738
250 0.170384 0.0117679 0.158616 0.182152
251 0.167786 0.0109178 0.156869 0.178704
252 0.167516 0.0106135 0.156903 0.17813
253 0.166961 0.0132383 0.153722 0.180199
254 0.162877 0.00437578 0.158501 0.167252
255 0.172126 0.0253098 0.146816 0.197435
256 0.177636 0.0378703 0.139766 0.215506
257 0.172996 0.0215703 0.151426 0.194567
258 0.171555 0.0209326 0.150623 0.192488
259 0.168552 0.0120547 0.156497 0.180607
260 0.170669 0.019912 0.150757 0.190581
261 0.171315 0.0139466 0.157368 0.185261
262 0.168372 0.0117628 0.156609 0.180135
263 0.165955 0.0118446 0.15411 0.177799
264 0.172666 0.0183304 0.154336 0.190997
265 0.165039 0.00753624 0.157503 0.172575
266 0.169108 0.0110428 0.158065 0.180151
267 0.166931 0.010638 0.156293 0.177569
268 0.16642 0.0106043 0.155816 0.177024
269 0.163808 0.00557236 0.158235 0.16938
270 0.172381 0.0187822 0.153599 0.191163
271 0.175519 0.0274369 0.148082 0.202956
272 0.173612 0.0199766 0.153635 0.193589
273 0.168057 0.00863104 0.159426 0.176688
274 0.168567 0.0107251 0.157842 0.179292
275 0.172276 0.0148793 0.157396 0.187155
276 0.170444 0.0111732 0.159271 0.181617
277 0.170909 0.0143478 0.156562 0.185257
278 0.159168 0.00908267 0.150085 0.168251
279 0.159544 0.00486347 0.15468 0.164407
280 0.158493 0.00676324 0.151729 0.165256
281 0.158658 0.00729602 0.151362 0.165954
282 0.159874 0.00929898 0.150575 0.169173
283 0.164498 0.0189681 0.14553 0.183466
284 0.16094 0.0114974 0.149442 0.172437
285 0.162366 0.0137976 0.148569 0.176164
286 0.16109 0.0152919 0.145798 0.176382
287 0.162081 0.0120651 0.150016 0.174146
288 0.167156 0.0150358 0.15212 0.182192
289 0.168042 0.0196078 0.148434 0.18765
290 0.16151 0.0107356 0.150775 0.172246
291 0.16136 0.0166221 0.144738 0.177982
292 0.159814 0.00701006 0.152804 0.166824
293 0.161075 0.00832423 0.152751 0.169399
294 0.162787 0.0151513 0.147635 0.177938
295 0.15612 0.0116514 0.144469 0.167772
296 0.158898 0.0104948 0.148403 0.169393
297 0.165865 0.0137368 0.152128 0.179601
298 0.178101 0.0430423 0.135059 0.221144
299 0.160595 0.00700041 0.153594 0.167595
300 0.162832 0.010727 0.152105 0.173559
301 0.158748 0.00605831 0.152689 0.164806
302 0.160039 0.00621204 0.153827 0.166251
303 0.165204 0.0112243 0.15398 0.176428
304 0.159724 0.00858789 0.151136 0.168312
305 0.158733 0.00390422 0.154829 0.162637
306 0.164108 0.0115154 0.152593 0.175623
307 0.161495 0.00919375 0.152302 0.170689
308 0.179828 0.0225525 0.157275 0.202381
309 0.170219 0.00770654 0.162512 0.177925
310 0.170264 0.0144732 0.155791 0.184737
311 0.179393 0.02552 0.153873 0.204913
312 0.170714 0.0137214 0.156993 0.184436
313 0.167651 0.010471 0.15718 0.178122
314 0.172276 0.0189225 0.153353 0.191198
315 0.164243 0.00564629 0.158597 0.169889
316 0.168237 0.0172097 0.151027 0.185447
317 0.167246 0.0117118 0.155534 0.178958
318 0.164859 0.00675683 0.158102 0.171615
319 0.165474 0.01037 0.155104 0.175844
320 0.16133 0.00886635 0.152464 0.170197
321 0.163252 0.0148427 0.148409 0.178095
322 0.159694 0.011429 0.148265 0.171123
323 0.159979 0.00904208 0.150937 0.169021
324 0.157006 0.00487475 0.152131 0.161881
325 0.158267 0.00664411 0.151623 0.164911
326 0.160039 0.00842495 0.151614 0.168464
327 0.158883 0.00652249 0.15236 0.165405
328 0.159078 0.0082516 0.150826 0.16733
329 0.159228 0.00838224 0.150846 0.16761
330 0.165579 0.0152745 0.150305 0.180854
331 0.158538 0.00926501 0.149273 0.167803
332 0.157982 0.00857844 0.149404 0.16656
333 0.157502 0.00933677 0.148165 0.166838
334 0.154333 0.00406276 0.150271 0.158396
335 0.155415 0.00405721 0.151357 0.159472
336 0.153958 0.00246548 0.151493 0.156424
337 0.162186 0.013101 0.149085 0.175287
338 0.157742 0.0103915 0.14735 0.168133
339 0.161585 0.0145204 0.147065 0.176106
340 0.154769 0.00379768 0.150971 0.158567
341 0.154784 0.00499913 0.149785 0.159783
342 0.158207 0.010232 0.147975 0.168439
343 0.15579 0.00486394 0.150926 0.160654
344 0.157592 0.00828525 0.149306 0.165877
345 0.156811 0.00830319 0.148508 0.165114
346 0.155069 0.00539468 0.149675 0.160464
347 0.158628 0.0107573 0.14787 0.169385
348 0.160549 0.0152002 0.145349 0.17575
349 0.157036 0.0104004 0.146636 0.167436
350 0.158342 0.0120905 0.146252 0.170433
351 0.157036 0.00718907 0.149847 0.164225
352 0.162441 0.00904686 0.153394 0.171488
353 0.157051 0.00660431 0.150447 0.163655
354 0.157472 0.00539217 0.152079 0.162864
355 0.157276 0.00846467 0.148812 0.165741
356 0.160174 0.0147379 0.145436 0.174912
357 0.1616 0.0158524 0.145748 0.177453
358 0.158583 0.0117047 0.146878 0.170287
359 0.156616 0.00702668 0.149589 0.163642
360 0.160955 0.0138732 0.147082 0.174828
361 0.163883 0.0180198 0.145863 0.181902
362 0.159769 0.011453 0.148316 0.171222
363 0.164708 0.0152594 0.149449 0.179968
364 0.157006 0.00656616 0.15044 0.163572
365 0.157396 0.0062661 0.15113 0.163663
366 0.165369 0.0201872 0.145182 0.185556
367 0.163072 0.0132378 0.149834 0.17631
368 0.160595 0.0104812 0.150113 0.171076
369 0.159949 0.0108251 0.149124 0.170774
370 0.16139 0.0139615 0.147429 0.175352
371 0.158267 0.00769025 0.150577 0.165958
372 0.158493 0.00737 0.151123 0.165863
373 0.162141 0.011647 0.150494 0.173788
374 0.157757 0.00545359 0.152303 0.16321
375 0.163612 0.0120364 0.151576 0.175649
376 0.161811 0.009341 0.15247 0.171152
377 0.165744 0.0203753 0.145369 0.18612
378 0.158222 0.00738546 0.150837 0.165608
379 0.16121 0.0111969 0.150013 0.172407
380 0.161886 0.0118319 0.150054 0.173718
381 0.158462 0.00929447 0.149168 0.167757
382 0.16133 0.0161811 0.145149 0.177511
383 0.159769 0.0115083 0.14826 0.171277
384 0.160219 0.0070074 0.153212 0.167227
385 0.159844 0.00788571 0.151958 0.16773
386 0.159213 0.00824106 0.150972 0.167454
387 0.158012 0.00786826 0.150144 0.16588
388 0.159348 0.00933037 0.150018 0.168679
389 0.159679 0.0128501 0.146829 0.172529
390 0.160009 0.0090083 0.151001 0.169017
391 0.159033 0.00991927 0.149114 0.168952
392 0.159694 0.00912187 0.150572 0.168816
393 0.161721 0.00913218 0.152588 0.170853
394 0.156961 0.00978642 0.147175 0.166747
395 0.155655 0.00714617 0.148509 0.162801
396 0.162727 0.00956405 0.153163 0.172291
397 0.161525 0.0074837 0.154042 0.169009
398 0.163898 0.00981793 0.15408 0.173716
399 0.163718 0.00994705 0.15377 0.173665
400 0.164438 0.0131917 0.151247 0.17763
401 0.166555 0.0138225 0.152733 0.180378
402 0.159829 0.00513386 0.154695 0.164963
403 0.162591 0.0107701 0.151821 0.173362
404 0.164123 0.0109387 0.153184 0.175062
405 0.163387 0.00806425 0.155323 0.171451
406 0.159033 0.00508314 0.15395 0.164116
407 0.16121 0.00963561 0.151575 0.170846
408 0.1616 0.00718078 0.15442 0.168781
409 0.163507 0.00978384 0.153723 0.173291
410 0.155339 0.00766949 0.14767 0.163009
411 0.154709 0.00768036 0.147029 0.162389
412 0.152021 0.00451321 0.147508 0.156534
413 0.155159 0.00848926 0.14667 0.163649
414 0.153613 0.00607926 0.147534 0.159692
415 0.151256 0.00436515 0.14689 0.155621
416 0.152907 0.00874228 0.144165 0.161649
417 0.154469 0.0113366 0.143132 0.165805
418 0.151871 0.0101766 0.141695 0.162048
419 0.149018 0.00624346 0.142775 0.155262
420 0.149033 0.00504101 0.143992 0.154074
421 0.155024 0.0137842 0.14124 0.168808
422 0.15085 0.00594638 0.144904 0.156797
423 0.150715 0.00927105 0.141444 0.159986
424 0.152201 0.0124681 0.139733 0.16467
425 0.152352 0.0115271 0.140825 0.163879
426 0.147517 0.00504885 0.142468 0.152566
427 0.159243 0.00728354 0.15196 0.166527
428 0.16148 0.010555 0.150925 0.172035
429 0.162336 0.0146082 0.147728 0.176944
430 0.158673 0.00678374 0.151889 0.165456
431 0.160324 0.0100903 0.150234 0.170415
432 0.158583 0.0103949 0.148188 0.168977
433 0.158823 0.00773435 0.151088 0.166557
434 0.159559 0.0083916 0.151167 0.16795
435 0.16082 0.0131245 0.147695 0.173944
436 0.153222 0.00403872 0.149184 0.157261
437 0.158417 0.0101507 0.148267 0.168568
438 0.158523 0.0138455 0.144677 0.172368
439 0.161751 0.0146205 0.14713 0.176371
440 0.158282 0.00941821 0.148864 0.167701
441 0.156886 0.0101618 0.146724 0.167048
442 0.162621 0.0181374 0.144484 0.180759
443 0.16079 0.0107369 0.150053 0.171527
444 0.155985 0.00555533 0.15043 0.16154
445 0.159258 0.0108047 0.148454 0.170063
446 0.16073 0.00986159 0.150868 0.170591
447 0.156616 0.00712924 0.149486 0.163745
448 0.163402 0.0180484 0.145354 0.181451
449 0.16073 0.00907642 0.151653 0.169806
450 0.165775 0.0125826 0.153192 0.178357
451 0.171555 0.0182501 0.153305 0.189805
452 0.166961 0.00998252 0.156978 0.176943
453 0.16609 0.0159037 0.150186 0.181993
454 0.172066 0.0112846 0.160781 0.18335
455 0.175744 0.0255508 0.150193 0.201295
456 0.169663 0.0127674 0.156896 0.182431
457 0.164558 0.00885165 0.155707 0.17341
458 0.161661 0.0167878 0.144873 0.178448
459 0.157411 0.0074787 0.149933 0.16489
460 0.163117 0.0191047 0.144012 0.182222
461 0.159123 0.0117212 0.147402 0.170844
462 0.156556 0.00523595 0.15132 0.161792
463 0.157982 0.00906649 0.148916 0.167048
464 0.161961 0.0099623 0.151999 0.171923
465 0.158838 0.0127792 0.146059 0.171617
466 0.164138 0.0213011 0.142837 0.185439
467 0.160715 0.00903396 0.151681 0.169749
468 0.163237 0.0136549 0.149582 0.176892
469 0.16136 0.00946852 0.151892 0.170829
470 0.156601 0.00501536 0.151585 0.161616
471 0.163778 0.0123314 0.151446 0.176109
472 0.160024 0.00914571 0.150878 0.16917
473 0.159919 0.009942 0.149977 0.169861
474 0.161135 0.009569 0.151566 0.170704
475 0.163192 0.0101057 0.153086 0.173298
476 0.163207 0.013592 0.149615 0.176799
477 0.16142 0.00725338 0.154167 0.168674
478 0.158402 0.00579604 0.152606 0.164198
479 0.157276 0.00292512 0.154351 0.160201
480 0.161691 0.00688865 0.154802 0.168579
481 0.160069 0.00880798 0.151261 0.168877
482 0.157772 0.00449271 0.153279 0.162265
483 0.159724 0.00695537 0.152768 0.166679
484 0.156796 0.00473303 0.152063 0.161529
485 0.162621 0.0102202 0.152401 0.172842
486 0.162306 0.0119175 0.150389 0.174224
487 0.157096 0.00270139 0.154395 0.159798
488 0.159589 0.00860393 0.150985 0.168192
489 0.159093 0.00917509 0.149918 0.168268
490 0.164603 0.0114517 0.153152 0.176055
491 0.156195 0.0116066 0.144589 0.167802
492 0.155204 0.0114087 0.143796 0.166613
493 0.158222 0.00497783 0.153244 0.1632
494 0.161991 0.00924894 0.152742 0.17124
495 0.159288 0.00644571 0.152843 0.165734
496 0.161931 0.0107723 0.151158 0.172703
497 0.165684 0.00967139 0.156013 0.175356
498 0.162291 0.00956668 0.152724 0.171858
499 0.167366 0.0254946 0.141871 0.192861
500 0.160534 0.00706184 0.153473 0.167596
501 0.163793 0.0100188 0.153774 0.173811
502 0.163883 0.0209463 0.142936 0.184829
503 0.163943 0.00956338 0.154379 0.173506
504 0.167831 0.0232016 0.14463 0.191033
505 0.171375 0.00983009 0.161545 0.181205
506 0.173702 0.0239949 0.149707 0.197697
507 0.165369 0.00659276 0.158776 0.171962
508 0.167111 0.0147492 0.152362 0.18186
509 0.169693 0.0136292 0.156064 0.183323
510 0.1713 0.0246896 0.14661 0.195989
511 0.164333 0.00658919 0.157744 0.170922
512 0.171585 0.0142814 0.157304 0.185866
513 0.16645 0.0101519 0.156298 0.176602
514 0.172546 0.0143028 0.158243 0.186849
515 0.173132 0.014357 0.158775 0.187489
516 0.168462 0.0327852 0.135677 0.201247
517 0.161195 0.00860347 0.152592 0.169799
518 0.162261 0.0132822 0.148979 0.175543
519 0.158598 0.00754154 0.151056 0.166139
520 0.161495 0.0127736 0.148722 0.174269
521 0.156841 0.00663231 0.150209 0.163473
522 0.159634 0.0126198 0.147014 0.172253
523 0.16154 0.0131814 0.148359 0.174722
524 0.160549 0.0124539 0.148096 0.173003
525 0.162291 0.0147097 0.147581 0.177001
526 0.159258 0.0151544 0.144104 0.174413
527 0.157652 0.00930847 0.148343 0.16696
528 0.15618 0.00941773 0.146763 0.165598
529 0.156075 0.00602218 0.150053 0.162097
530 0.157802 0.0143865 0.143415 0.172188
531 0.155159 0.00526842 0.149891 0.160428
532 0.157246 0.00714049 0.150106 0.164387
533 0.160504 0.0124963 0.148008 0.173001
534 0.156931 0.00908512 0.147846 0.166016
535 0.158613 0.00957945 0.149033 0.168192
536 0.158357 0.00975559 0.148602 0.168113
537 0.159814 0.0116141 0.1482 0.171428
538 0.159754 0.0118874 0.147866 0.171641
539 0.15633 0.00532317 0.151007 0.161654
540 0.159198 0.0076537 0.151544 0.166852
541 0.157592 0.010794 0.146798 0.168386
542 0.159483 0.012512 0.146971 0.171995
543 0.15591 0.00850226 0.147408 0.164412
544 0.157381 0.00399045 0.153391 0.161372
545 0.162772 0.0177721 0.145 0.180544
546 0.161706 0.00974783 0.151958 0.171453
547 0.159243 0.0105517 0.148692 0.169795
548 0.155655 0.00568036 0.149974 0.161335
549 0.158372 0.0102188 0.148154 0.168591
550 0.156556 0.00658946 0.149966 0.163145
551 0.16088 0.0102455 0.150634 0.171125
552 0.157637 0.00850219 0.149134 0.166139
553 0.159348 0.0122698 0.147079 0.171618
554 0.158402 0.0117361 0.146666 0.170138
555 0.160069 0.0117195 0.148349 0.171789
556 0.156045 0.00489413 0.151151 0.160939
557 0.160685 0.0116157 0.149069 0.1723
558 0.157877 0.00953145 0.148345 0.167408
559 0.156616 0.00602263 0.150593 0.162638
560 0.159063 0.00919448 0.149869 0.168258
561 0.158072 0.0131879 0.144884 0.17126
562 0.159303 0.00932323 0.14998 0.168627
563 0.15564 0.00492062 0.150719 0.16056
564 0.159799 0.0147406 0.145058 0.174539
565 0.160459 0.0114604 0.148999 0.17192
566 0.157697 0.00848298 0.149214 0.16618
567 0.16154 0.0130096 0.148531 0.17455
568 0.156015 0.00317153 0.152844 0.159187
569 0.184092 0.109082 0.0750097 0.293175
570 0.159123 0.00760265 0.15152 0.166726
571 0.162667 0.0213524 0.141314 0.184019
572 0.159228 0.00965319 0.149575 0.168881
573 0.158237 0.00726455 0.150973 0.165502
574 0.159438 0.0132252 0.146213 0.172664
575 0.163793 0.0169136 0.146879 0.180706
576 0.159408 0.00679561 0.152613 0.166204
577 0.159739 0.00953316 0.150206 0.169272
578 0.161946 0.0103672 0.151579 0.172313
579 0.167426 0.0249956 0.14243 0.192422
580 0.163402 0.0214027 0.142 0.184805
581 0.163522 0.0121294 0.151393 0.175652
582 0.161555 0.0123411 0.149214 0.173897
583 0.16106 0.0112299 0.14983 0.17229
584 0.156511 0.00595496 0.150556 0.162466
585 0.159694 0.0165414 0.143152 0.176235
586 0.160204 0.0170295 0.143175 0.177234
587 0.154303 0.00291183 0.151392 0.157215
588 0.163417 0.0158692 0.147548 0.179286
589 0.16127 0.0103499 0.15092 0.17162
590 0.158523 0.00489195 0.153631 0.163414
591 0.156285 0.00655667 0.149729 0.162842
592 0.159108 0.0111638 0.147944 0.170272
593 0.169603 0.0248895 0.144714 0.194493
594 0.165174 0.00968751 0.155486 0.174861
595 0.164874 0.0152497 0.149624 0.180123
596 0.162712 0.00661064 0.156101 0.169322
597 0.162667 0.0124263 0.15024 0.175093
598 0.168222 0.0231282 0.145094 0.19135
599 0.16609 0.00983321 0.156257 0.175923
600 0.165729 0.0143301 0.151399 0.18006
601 0.163027 0.0110769 0.15195 0.174104
602 0.163793 0.00922697 0.154566 0.17302
603 0.170249 0.0175715 0.152677 0.18782
604 0.16648 0.00948808 0.156992 0.175968
605 0.164513 0.0109633 0.15355 0.175477
606 0.16606 0.015714 0.150346 0.181774
607 0.156345 0.01286 0.143485 0.169205
608 0.157967 0.00707145 0.150896 0.165038
609 0.16106 0.0129034 0.148157 0.173963
610 0.16154 0.0148397 0.146701 0.17638
611 0.185759 0.126008 0.0597511 0.311766
612 0.152592 0.00838891 0.144203 0.160981
613 0.157081 0.0151347 0.141946 0.172216
614 0.152607 0.0109857 0.141621 0.163592
615 0.151526 0.00852281 0.143003 0.160049
616 0.149469 0.00562661 0.143842 0.155095
617 0.149814 0.00909529 0.140719 0.158909
618 0.153087 0.0112685 0.141819 0.164356
619 0.157426 0.0190161 0.13841 0.176443
620 0.153673 0.0130782 0.140595 0.166751
621 0.151706 0.0108344 0.140872 0.16254
622 0.149454 0.00568102 0.143773 0.155135
623 0.158162 0.0117808 0.146381 0.169943
624 0.158117 0.0120862 0.146031 0.170203
625 0.158117 0.0114471 0.14667 0.169564
626 0.157291 0.00864269 0.148649 0.165934
627 0.168072 0.0500506 0.118021 0.218122
628 0.159919 0.00938972 0.150529 0.169309
629 0.155249 0.00537425 0.149875 0.160624
630 0.157517 0.015334 0.142183 0.172851
631 0.163282 0.01216 0.151122 0.175442
632 0.159198 0.0107901 0.148408 0.169988
633 0.158087 0.00752191 0.150565 0.165609
634 0.157306 0.0116283 0.145678 0.168935
635 0.157051 0.00928179 0.147769 0.166333
636 0.15582 0.00653561 0.149284 0.162356
637 0.158102 0.00872932 0.149373 0.166831
638 0.155054 0.0074767 0.147577 0.162531
639 0.156105 0.00892685 0.147178 0.165032
640 0.16064 0.0111101 0.149529 0.17175
641 0.160264 0.00894443 0.15132 0.169209
642 0.158988 0.00958363 0.149404 0.168572
643 0.167066 0.0160845 0.150981 0.18315
644 0.164859 0.0123488 0.15251 0.177207
645 0.176285 0.0329795 0.143305 0.209264
646 0.165564 0.00645885 0.159105 0.172023
647 0.168627 0.00972838 0.158899 0.178356
648 0.170249 0.0179037 0.152345 0.188153
649 0.167141 0.0119651 0.155176 0.179106
650 0.167546 0.0109135 0.156633 0.17846
651 0.164423 0.00626336 0.15816 0.170687
652 0.169243 0.0121509 0.157092 0.181394
653 0.163703 0.00629696 0.157406 0.169999
654 0.164979 0.0104103 0.154568 0.175389
655 0.167516 0.015988 0.151528 0.183504
656 0.163823 0.00854715 0.155275 0.17237
657 0.158928 0.00671794 0.15221 0.165646
658 0.159093 0.00808307 0.15101 0.167176
659 0.157411 0.00626777 0.151144 0.163679
660 0.157562 0.00696974 0.150592 0.164531
661 0.159438 0.00884578 0.150593 0.168284
662 0.161631 0.0126642 0.148966 0.174295
663 0.164063 0.0169976 0.147065 0.18106
664 0.159904 0.00723472 0.152669 0.167139
665 0.161766 0.0152505 0.146515 0.177016
666 0.163462 0.0151761 0.148286 0.178638
667 0.160084 0.00924817 0.150836 0.169332
668 0.157246 0.00596153 0.151285 0.163208
669 0.164243 0.0161653 0.148078 0.180408
670 0.16148 0.0116541 0.149826 0.173134
671 0.160129 0.0112124 0.148917 0.171342
672 0.16666 0.0162453 0.150415 0.182906
673 0.167426 0.0172101 0.150216 0.184636
674 0.163282 0.0141798 0.149102 0.177462
675 0.158898 0.0114099 0.147488 0.170308
676 0.160264 0.0103998 0.149864 0.170664
677 0.160474 0.00867954 0.151795 0.169154
678 0.162051 0.00963374 0.152417 0.171685
679 0.16139 0.00965628 0.151734 0.171047
680 0.159213 0.0105339 0.148679 0.169747
681 0.16654 0.0201763 0.146364 0.186717
682 0.162231 0.0110794 0.151152 0.17331
683 0.160775 0.00801462 0.15276 0.168789
684 0.158297 0.00807005 0.150227 0.166367
685 0.160685 0.00890442 0.15178 0.169589
686 0.16103 0.0106739 0.150356 0.171704
687 0.152847 0.0075366 0.14531 0.160384
688 0.151 0.00773224 0.143268 0.158733
689 0.163928 0.0104231 0.153505 0.174351
690 0.163672 0.0112732 0.152399 0.174946
691 0.159243 0.00667635 0.152567 0.16592
692 0.159363 0.00710937 0.152254 0.166473
693 0.161871 0.00835995 0.153511 0.170231
694 0.16058 0.0117811 0.148798 0.172361
695 0.163357 0.0101784 0.153179 0.173536
696 0.162276 0.0080567 0.154219 0.170333
697 0.16609 0.0106685 0.155421 0.176758
698 0.164333 0.014716 0.149617 0.179049
699 0.16106 0.00718581 0.153874 0.168246
700 0.163447 0.0100756 0.153372 0.173523
701 0.169648 0.0101932 0.159455 0.179841
702 0.175549 0.0141638 0.161385 0.189713
703 0.168672 0.0127193 0.155953 0.181392
704 0.169543 0.00747677 0.162066 0.17702
705 0.165099 0.00490915 0.16019 0.170008
706 0.17154 0.0190663 0.152474 0.190606
707 0.170459 0.0106901 0.159769 0.181149
708 0.169318 0.0097088 0.159609 0.179027
709 0.167156 0.00705856 0.160097 0.174214
710 0.168342 0.0126914 0.155651 0.181033
711 0.172156 0.0156194 0.156536 0.187775
712 0.166841 0.0122297 0.154611 0.17907
713 0.165579 0.00875866 0.156821 0.174338
714 0.168312 0.0152588 0.153053 0.183571
715 0.165444 0.0146873 0.150757 0.180132
716 0.164528 0.00700253 0.157526 0.171531
717 0.16073 0.0100742 0.150655 0.170804
718 0.161165 0.0108025 0.150363 0.171968
719 0.161555 0.00957682 0.151979 0.171132
720 0.158327 0.00781783 0.15051 0.166145
721 0.16064 0.0112143 0.149425 0.171854
722 0.157922 0.0115663 0.146356 0.169488
723 0.158027 0.0137478 0.144279 0.171775
724 0.159243 0.00999565 0.149248 0.169239
725 0.155369 0.00526697 0.150103 0.160636
726 0.159829 0.0120224 0.147806 0.171851
727 0.157607 0.00981549 0.147791 0.167422
728 0.159288 0.0118439 0.147444 0.171132
729 0.156421 0.00530237 0.151118 0.161723
730 0.152952 0.00258541 0.150367 0.155538
731 0.157952 0.0101602 0.147792 0.168112
732 0.153222 0.0026331 0.150589 0.155856
733 0.154364 0.00474273 0.149621 0.159106
734 0.164678 0.021231 0.143447 0.185909
735 0.157366 0.00831994 0.149046 0.165686
736 0.162546 0.0151609 0.147385 0.177707
737 0.159063 0.00888322 0.15018 0.167946
738 0.155264 0.0057742 0.14949 0.161039
739 0.15546 0.00786109 0.147598 0.163321
740 0.157141 0.00964535 0.147496 0.166787
741 0.163853 0.0196652 0.144187 0.183518
742 0.160129 0.0100684 0.150061 0.170197
743 0.16139 0.0111708 0.15022 0.172561
744 0.154814 0.00393307 0.150881 0.158747
745 0.158417 0.0100399 0.148378 0.168457
746 0.16124 0.0192235 0.142017 0.180464
747 0.156225 0.00564262 0.150583 0.161868
748 0.154814 0.00500364 0.14981 0.159818
749 0.159483 0.0119506 0.147533 0.171434
750 0.157066 0.00936809 0.147698 0.166434
751 0.158042 0.00939866 0.148643 0.167441
752 0.158252 0.00876617 0.149486 0.167018
753 0.163808 0.0225366 0.141271 0.186344
754 0.155309 0.00467391 0.150636 0.159983
755 0.160054 0.0114874 0.148567 0.171541
756 0.162126 0.0157404 0.146386 0.177866
757 0.158312 0.00983262 0.14848 0.168145
758 0.158673 0.00951655 0.149156 0.168189
759 0.159679 0.0110484 0.14863 0.170727
760 0.1563 0.0061214 0.150179 0.162422
761 0.158778 0.0097035 0.149074 0.168481
762 0.159453 0.00843486 0.151019 0.167888
763 0.159048 0.00924103 0.149807 0.168289
764 0.162366 0.0195608 0.142805 0.181927
765 0.159363 0.00748081 0.151883 0.166844
766 0.159544 0.00834139 0.151202 0.167885
767 0.161165 0.0140573 0.147108 0.175222
768 0.164063 0.00993556 0.154127 0.173998
769 0.160444 0.0113972 0.149047 0.171842
770 0.159093 0.00944293 0.14965 0.168536
771 0.157306 0.0076088 0.149698 0.164915
772 0.160985 0.00990994 0.151075 0.170895
773 0.162907 0.0128018 0.150105 0.175709
774 0.160775 0.0124894 0.148285 0.173264
775 0.162066 0.0117605 0.150305 0.173826
776 0.16082 0.0164767 0.144343 0.177296
777 0.1666 0.018595 0.148005 0.185195
778 0.163042 0.0157892 0.147253 0.178831
779 0.157952 0.00735555 0.150596 0.165308
780 0.160955 0.013316 0.147639 0.174271
781 0.161781 0.0138764 0.147904 0.175657
782 0.158838 0.00731404 0.151524 0.166152
783 0.162997 0.0131822 0.149815 0.176179
784 0.159378 0.0117918 0.147587 0.17117
785 0.164949 0.0129911 0.151958 0.17794
786 0.166435 0.0133204 0.153115 0.179756
787 0.156631 0.00744535 0.149185 0.164076
788 0.158342 0.015498 0.142844 0.17384
789 0.165234 0.0134762 0.151758 0.17871
790 0.163252 0.0114529 0.151799 0.174705
791 0.164723 0.0134607 0.151263 0.178184
792 0.162126 0.010446 0.15168 0.172572
793 0.16088 0.00700316 0.153877 0.167883
794 0.16091 0.00985308 0.151057 0.170763
795 0.159994 0.0076232 0.152371 0.167617
796 0.159769 0.00701576 0.152753 0.166784
797 0.152622 0.00744866 0.145173 0.160071
798 0.154243 0.0126647 0.141579 0.166908
799 0.15603 0.0110885 0.144942 0.167119
