# ../output/graphs/perf_parallel41QUADRUPED_thread3
# step - mean (0.137619) - standard deviation (0.0159411) r=20 - ylow - yhigh
0 0.138854 0.0397365 0.0991171 0.17859
1 0.128539 0.00501624 0.123522 0.133555
2 0.129229 0.00699697 0.122232 0.136226
3 0.135265 0.0118199 0.123445 0.147085
4 0.136496 0.0161784 0.120318 0.152675
5 0.134785 0.00747549 0.127309 0.14226
6 0.132968 0.00690508 0.126063 0.139873
7 0.148238 0.0647568 0.0834808 0.212994
8 0.131797 0.00854157 0.123255 0.140338
9 0.133523 0.0094547 0.124069 0.142978
10 0.131196 0.00618471 0.125012 0.137381
11 0.132352 0.00717236 0.12518 0.139525
12 0.132292 0.00536037 0.126932 0.137653
13 0.131782 0.00891119 0.122871 0.140693
14 0.132367 0.00783553 0.124532 0.140203
15 0.142712 0.0278263 0.114886 0.170539
16 0.12986 0.00400126 0.125859 0.133861
17 0.143328 0.0302591 0.113069 0.173587
18 0.132908 0.00644846 0.126459 0.139356
19 0.132052 0.0095631 0.122489 0.141615
20 0.129635 0.00270777 0.126927 0.132343
21 0.130415 0.0031295 0.127286 0.133545
22 0.131151 0.0043845 0.126767 0.135536
23 0.133358 0.00873469 0.124624 0.142093
24 0.131737 0.00436619 0.127371 0.136103
25 0.133103 0.00635796 0.126745 0.139461
26 0.130911 0.00559495 0.125316 0.136506
27 0.133659 0.00622757 0.127431 0.139886
28 0.132337 0.00446422 0.127873 0.136802
29 0.133403 0.00560172 0.127802 0.139005
30 0.138283 0.0135262 0.124757 0.151809
31 0.141841 0.0180676 0.123774 0.159909
32 0.137728 0.0100461 0.127681 0.147774
33 0.141541 0.0192399 0.122301 0.160781
34 0.139965 0.0193676 0.120597 0.159332
35 0.137818 0.00954119 0.128276 0.147359
36 0.133148 0.00217248 0.130976 0.135321
37 0.136677 0.00705792 0.129619 0.143734
38 0.137247 0.00849264 0.128754 0.14574
39 0.133403 0.00198708 0.131416 0.13539
40 0.141856 0.012026 0.129831 0.153882
41 0.138493 0.0102392 0.128254 0.148732
42 0.136346 0.0081938 0.128152 0.14454
43 0.134635 0.00611976 0.128515 0.140754
44 0.14046 0.012367 0.128093 0.152827
45 0.137743 0.00780815 0.129934 0.145551
46 0.134665 0.00900039 0.125664 0.143665
47 0.13489 0.00796281 0.126927 0.142853
48 0.134064 0.00970425 0.12436 0.143768
49 0.132472 0.00871628 0.123756 0.141189
50 0.136016 0.0161762 0.11984 0.152192
51 0.133013 0.00592679 0.127086 0.13894
52 0.132653 0.00552146 0.127131 0.138174
53 0.132457 0.00660288 0.125855 0.13906
54 0.141061 0.028375 0.112686 0.169436
55 0.133629 0.0133164 0.120312 0.146945
56 0.132518 0.00823695 0.124281 0.140754
57 0.132307 0.00644636 0.125861 0.138754
58 0.131902 0.00663759 0.125264 0.13854
59 0.13522 0.0114662 0.123754 0.146686
60 0.133118 0.00994319 0.123175 0.143061
61 0.133403 0.00834613 0.125057 0.141749
62 0.132953 0.00993674 0.123016 0.14289
63 0.13495 0.0119012 0.123049 0.146851
64 0.132502 0.00524163 0.127261 0.137744
65 0.130551 0.00694303 0.123608 0.137494
66 0.136241 0.0101842 0.126057 0.146425
67 0.130926 0.00672741 0.124199 0.137653
68 0.133238 0.00378304 0.129455 0.137021
69 0.134514 0.0067371 0.127777 0.141252
70 0.13522 0.0079891 0.127231 0.143209
71 0.141466 0.0163424 0.125124 0.157809
72 0.142742 0.0110175 0.131725 0.15376
73 0.145415 0.0124914 0.132924 0.157906
74 0.141721 0.00721411 0.134507 0.148935
75 0.142908 0.012375 0.130533 0.155283
76 0.144379 0.0210163 0.123363 0.165395
77 0.142817 0.00947287 0.133345 0.15229
78 0.1404 0.0107554 0.129645 0.151155
79 0.143013 0.00836286 0.13465 0.151375
80 0.141721 0.0126587 0.129063 0.15438
81 0.139664 0.00591188 0.133753 0.145576
82 0.140385 0.00643312 0.133952 0.146818
83 0.141391 0.011777 0.129614 0.153168
84 0.139634 0.0112766 0.128358 0.150911
85 0.142862 0.00803231 0.13483 0.150895
86 0.139184 0.00578202 0.133402 0.144966
87 0.147157 0.024092 0.123065 0.171249
88 0.138869 0.00377753 0.135091 0.142646
89 0.142607 0.0117539 0.130853 0.154361
90 0.139154 0.00730104 0.131853 0.146455
91 0.142892 0.0119692 0.130923 0.154862
92 0.142217 0.00845909 0.133758 0.150676
93 0.141391 0.00998896 0.131402 0.15138
94 0.149829 0.022294 0.127535 0.172123
95 0.145535 0.0149335 0.130601 0.160469
96 0.144079 0.0114522 0.132626 0.155531
97 0.146015 0.018141 0.127874 0.164156
98 0.138058 0.00435561 0.133702 0.142413
99 0.143703 0.0104004 0.133303 0.154104
100 0.14043 0.0100156 0.130415 0.150446
101 0.141241 0.0140528 0.127188 0.155294
102 0.136797 0.00335663 0.13344 0.140153
103 0.141286 0.0112444 0.130042 0.15253
104 0.141256 0.0114624 0.129794 0.152718
105 0.142277 0.0109285 0.131348 0.153205
106 0.139124 0.00613362 0.13299 0.145257
107 0.137172 0.00506644 0.132106 0.142238
108 0.138208 0.00432236 0.133886 0.14253
109 0.139589 0.00732685 0.132262 0.146916
110 0.146451 0.0280324 0.118418 0.174483
111 0.139319 0.0076249 0.131694 0.146944
112 0.14079 0.00825782 0.132533 0.149048
113 0.14079 0.017956 0.122834 0.158746
114 0.146691 0.0173829 0.129308 0.164074
115 0.138493 0.00545386 0.133039 0.143947
116 0.135235 0.00382356 0.131412 0.139059
117 0.139379 0.00977867 0.1296 0.149158
118 0.136782 0.00877157 0.12801 0.145553
119 0.138508 0.0126862 0.125822 0.151195
120 0.139364 0.0110777 0.128286 0.150442
121 0.135881 0.00588175 0.129999 0.141762
122 0.142202 0.0141195 0.128082 0.156321
123 0.138628 0.00939443 0.129234 0.148023
124 0.136031 0.0060432 0.129988 0.142074
125 0.135971 0.00698622 0.128985 0.142957
126 0.137743 0.00910083 0.128642 0.146843
127 0.135205 0.0100046 0.125201 0.14521
128 0.142502 0.0154628 0.127039 0.157965
129 0.133629 0.00731436 0.126314 0.140943
130 0.144889 0.0159692 0.12892 0.160859
131 0.13522 0.00380562 0.131414 0.139026
132 0.141436 0.0220581 0.119378 0.163494
133 0.137397 0.00808468 0.129313 0.145482
134 0.139199 0.0112852 0.127914 0.150484
135 0.143778 0.0248064 0.118972 0.168585
136 0.136031 0.00592034 0.130111 0.141951
137 0.14073 0.0142092 0.126521 0.15494
138 0.135175 0.0039133 0.131262 0.139088
139 0.136992 0.00666722 0.130325 0.143659
140 0.136887 0.00564773 0.131239 0.142534
141 0.140325 0.0149901 0.125335 0.155315
142 0.136737 0.00724205 0.129495 0.143979
143 0.137758 0.00730874 0.130449 0.145066
144 0.13552 0.00451443 0.131006 0.140035
145 0.137082 0.00824264 0.128839 0.145325
146 0.135025 0.00428822 0.130737 0.139313
147 0.137592 0.00859666 0.128996 0.146189
148 0.133719 0.00615856 0.12756 0.139877
149 0.133253 0.00498866 0.128265 0.138242
150 0.139664 0.0138823 0.125782 0.153547
151 0.137262 0.0115453 0.125717 0.148807
152 0.137337 0.0148238 0.122513 0.152161
153 0.132728 0.00365934 0.129068 0.136387
154 0.133689 0.00865885 0.12503 0.142347
155 0.133944 0.00723657 0.126707 0.14118
156 0.138283 0.015245 0.123038 0.153528
157 0.1354 0.00925402 0.126146 0.144654
158 0.132472 0.00315557 0.129317 0.135628
159 0.132487 0.00433145 0.128156 0.136819
160 0.137307 0.00961013 0.127697 0.146917
161 0.137998 0.00848627 0.129512 0.146484
162 0.138523 0.0113476 0.127176 0.149871
163 0.136677 0.00543288 0.131244 0.142109
164 0.137713 0.00838737 0.129325 0.1461
165 0.14034 0.012054 0.128286 0.152394
166 0.135595 0.0052111 0.130384 0.140807
167 0.147502 0.0395241 0.107978 0.187026
168 0.136842 0.00832028 0.128521 0.145162
169 0.137472 0.00765802 0.129814 0.14513
170 0.13477 0.00616259 0.128607 0.140932
171 0.136737 0.00588465 0.130852 0.142621
172 0.137097 0.0103782 0.126719 0.147475
173 0.136496 0.00879979 0.127697 0.145296
174 0.13534 0.0103367 0.125004 0.145677
175 0.138613 0.0146627 0.123951 0.153276
176 0.132022 0.00425974 0.127762 0.136282
177 0.132713 0.00745508 0.125258 0.140168
178 0.135055 0.0106465 0.124408 0.145701
179 0.130971 0.00411656 0.126854 0.135088
180 0.132202 0.00586285 0.126339 0.138065
181 0.131947 0.00484611 0.127101 0.136793
182 0.13501 0.0144534 0.120557 0.149463
183 0.137893 0.0203687 0.117524 0.158261
184 0.132502 0.00931277 0.12319 0.141815
185 0.131226 0.00456795 0.126658 0.135794
186 0.132788 0.0142394 0.118548 0.147027
187 0.138718 0.0239559 0.114763 0.162674
188 0.134574 0.0120345 0.12254 0.146609
189 0.132427 0.00937027 0.123057 0.141798
190 0.132683 0.00858389 0.124099 0.141267
191 0.129049 0.004292 0.124757 0.133341
192 0.133734 0.00792176 0.125812 0.141655
193 0.136932 0.0150558 0.121876 0.151988
194 0.132998 0.00843213 0.124566 0.14143
195 0.136707 0.0162272 0.120479 0.152934
196 0.135145 0.00706125 0.128084 0.142206
197 0.136061 0.0106625 0.125398 0.146723
198 0.135776 0.00919113 0.126585 0.144967
199 0.135055 0.00996619 0.125089 0.145021
200 0.160399 0.0676559 0.0927435 0.228055
201 0.139409 0.0106006 0.128809 0.15001
202 0.141436 0.0129222 0.128514 0.154358
203 0.138448 0.00811029 0.130338 0.146559
204 0.137352 0.00580607 0.131546 0.143158
205 0.140115 0.0125283 0.127586 0.152643
206 0.136526 0.00399314 0.132533 0.140519
207 0.136361 0.00579713 0.130564 0.142158
208 0.135836 0.00358625 0.132249 0.139422
209 0.13471 0.00207482 0.132635 0.136784
210 0.144889 0.0102047 0.134685 0.155094
211 0.137728 0.00612345 0.131604 0.143851
212 0.13537 0.00360922 0.131761 0.138979
213 0.137893 0.00485559 0.133037 0.142748
214 0.137037 0.00731577 0.129721 0.144353
215 0.137217 0.00746294 0.129754 0.14468
216 0.138148 0.00860708 0.129541 0.146755
217 0.139604 0.00717364 0.132431 0.146778
218 0.138884 0.0107692 0.128114 0.149653
219 0.141766 0.0161866 0.12558 0.157953
220 0.137637 0.00606426 0.131573 0.143702
221 0.134995 0.00418844 0.130806 0.139183
222 0.138598 0.00721036 0.131388 0.145809
223 0.136451 0.00889099 0.12756 0.145342
224 0.143898 0.0169826 0.126916 0.160881
225 0.141947 0.0168919 0.125055 0.158838
226 0.138959 0.0108403 0.128118 0.149799
227 0.138418 0.0055015 0.132917 0.14392
228 0.139604 0.0111544 0.12845 0.150759
229 0.137067 0.00641275 0.130654 0.14348
230 0.139019 0.0101826 0.128836 0.149201
231 0.137637 0.00582535 0.131812 0.143463
232 0.136061 0.0071067 0.128954 0.143168
233 0.137337 0.00580053 0.131537 0.143138
234 0.136902 0.00591035 0.130991 0.142812
235 0.141887 0.0115381 0.130348 0.153425
236 0.142817 0.0142662 0.128551 0.157084
237 0.14034 0.00918132 0.131159 0.149521
238 0.13534 0.0021426 0.133198 0.137483
239 0.142998 0.0128819 0.130116 0.155879
240 0.157727 0.0753896 0.0823372 0.233116
241 0.137803 0.00497692 0.132826 0.14278
242 0.135761 0.00237949 0.133381 0.13814
243 0.140325 0.00898416 0.131341 0.149309
244 0.143043 0.029657 0.113386 0.1727
245 0.136241 0.0060373 0.130204 0.142278
246 0.133629 0.002788 0.130841 0.136417
247 0.136661 0.0103248 0.126337 0.146986
248 0.136481 0.00857087 0.12791 0.145052
249 0.135896 0.00561587 0.13028 0.141512
250 0.134079 0.00275301 0.131326 0.136832
251 0.133418 0.00528039 0.128138 0.138699
252 0.134935 0.00944898 0.125486 0.144384
253 0.130986 0.00518779 0.125798 0.136174
254 0.131962 0.00840137 0.123561 0.140363
255 0.134379 0.00961464 0.124765 0.143994
256 0.138208 0.0168764 0.121332 0.155084
257 0.131842 0.00334047 0.128501 0.135182
258 0.138448 0.0141889 0.124259 0.152637
259 0.132683 0.00429032 0.128392 0.136973
260 0.136707 0.00777039 0.128936 0.144477
261 0.135821 0.00798232 0.127838 0.143803
262 0.136076 0.00727869 0.128797 0.143355
263 0.135746 0.00639515 0.12935 0.142141
264 0.134409 0.00580607 0.128603 0.140215
265 0.133659 0.00669981 0.126959 0.140358
266 0.134785 0.00837977 0.126405 0.143164
267 0.132578 0.00905734 0.12352 0.141635
268 0.137037 0.0100851 0.126952 0.147122
269 0.132052 0.00726046 0.124792 0.139313
270 0.130956 0.00901262 0.121943 0.139969
271 0.131331 0.00459479 0.126737 0.135926
272 0.133629 0.00870009 0.124928 0.142329
273 0.136046 0.0208227 0.115223 0.156869
274 0.133478 0.00965442 0.123824 0.143133
275 0.130881 0.00366214 0.127219 0.134543
276 0.132472 0.00641402 0.126058 0.138886
277 0.130791 0.00297798 0.127813 0.133769
278 0.131391 0.00625977 0.125132 0.137651
279 0.134274 0.00971484 0.124559 0.143989
280 0.131887 0.00422715 0.12766 0.136114
281 0.133013 0.0120099 0.121003 0.145023
282 0.138478 0.0148162 0.123662 0.153294
283 0.133929 0.00513749 0.128791 0.139066
284 0.138208 0.0111252 0.127083 0.149333
285 0.137457 0.0156775 0.12178 0.153135
286 0.13513 0.00608632 0.129044 0.141216
287 0.135986 0.00646652 0.129519 0.142452
288 0.138643 0.00758912 0.131054 0.146233
289 0.138463 0.00882252 0.129641 0.147286
290 0.136391 0.00654712 0.129844 0.142938
291 0.134484 0.00504295 0.129441 0.139527
292 0.144559 0.0248461 0.119713 0.169405
293 0.137773 0.0115143 0.126258 0.149287
294 0.136737 0.00537783 0.131359 0.142114
295 0.132758 0.00207373 0.130684 0.134831
296 0.137292 0.00839231 0.1289 0.145684
297 0.137142 0.00744093 0.129701 0.144583
298 0.137818 0.00532154 0.132496 0.143139
299 0.13537 0.00510721 0.130263 0.140477
300 0.143178 0.0193353 0.123842 0.162513
301 0.139815 0.0104837 0.129331 0.150298
302 0.136151 0.011022 0.125129 0.147173
303 0.133764 0.0051563 0.128607 0.13892
304 0.135986 0.0105556 0.12543 0.146541
305 0.13492 0.00833327 0.126587 0.143253
306 0.135761 0.00798164 0.127779 0.143742
307 0.136601 0.00909876 0.127503 0.1457
308 0.1348 0.0080553 0.126744 0.142855
309 0.135115 0.00582937 0.129286 0.140944
310 0.133989 0.00574141 0.128248 0.13973
311 0.134289 0.00745576 0.126833 0.141745
312 0.134349 0.00693362 0.127416 0.141283
313 0.135641 0.00989729 0.125743 0.145538
314 0.133824 0.00624592 0.127578 0.14007
315 0.131752 0.00491766 0.126834 0.136669
316 0.136827 0.0107406 0.126086 0.147567
317 0.131196 0.00249059 0.128706 0.133687
318 0.132938 0.00484583 0.128092 0.137784
319 0.1348 0.0140302 0.120769 0.14883
320 0.140445 0.0161127 0.124332 0.156558
321 0.136541 0.0121326 0.124409 0.148674
322 0.136391 0.0170451 0.119346 0.153436
323 0.142472 0.0213506 0.121121 0.163823
324 0.139004 0.0113614 0.127642 0.150365
325 0.138658 0.00959604 0.129062 0.148254
326 0.133719 0.00341736 0.130301 0.137136
327 0.139019 0.00478249 0.134236 0.143801
328 0.145745 0.0139614 0.131784 0.159707
329 0.144769 0.0153403 0.129429 0.16011
330 0.143253 0.0137208 0.129532 0.156974
331 0.141421 0.00785098 0.13357 0.149272
332 0.142232 0.0107796 0.131452 0.153011
333 0.140445 0.00593563 0.13451 0.146381
334 0.142442 0.0113937 0.131048 0.153836
335 0.138854 0.00459197 0.134262 0.143446
336 0.137622 0.00419771 0.133425 0.14182
337 0.145385 0.0244593 0.120926 0.169844
338 0.140836 0.0068014 0.134034 0.147637
339 0.1404 0.0104125 0.129988 0.150813
340 0.141181 0.0111319 0.130049 0.152313
341 0.141436 0.012183 0.129253 0.153619
342 0.14037 0.00829769 0.132072 0.148668
343 0.138208 0.00411722 0.134091 0.142325
344 0.14082 0.00632426 0.134496 0.147145
345 0.138328 0.00523078 0.133097 0.143559
346 0.140911 0.00835315 0.132557 0.149264
347 0.141286 0.0080203 0.133266 0.149306
348 0.144619 0.013955 0.130664 0.158574
349 0.141436 0.0113912 0.130045 0.152827
350 0.137652 0.00352811 0.134124 0.141181
351 0.150084 0.0377245 0.11236 0.187809
352 0.147442 0.0250472 0.122395 0.172489
353 0.139094 0.00343381 0.13566 0.142528
354 0.141091 0.00957224 0.131519 0.150663
355 0.143358 0.0187356 0.124622 0.162094
356 0.148042 0.0172926 0.13075 0.165335
357 0.139514 0.00502156 0.134493 0.144536
358 0.138103 0.00565541 0.132447 0.143758
359 0.140775 0.011067 0.129708 0.151842
360 0.140715 0.00711906 0.133596 0.147834
361 0.140085 0.00811642 0.131968 0.148201
362 0.137172 0.00294314 0.134229 0.140115
363 0.140025 0.01096 0.129065 0.150985
364 0.136722 0.00292547 0.133796 0.139647
365 0.142457 0.0127244 0.129733 0.155181
366 0.14019 0.0103907 0.129799 0.150581
367 0.139619 0.00677781 0.132842 0.146397
368 0.139965 0.00933213 0.130633 0.149297
369 0.141046 0.00946654 0.131579 0.150512
370 0.139649 0.00974459 0.129905 0.149394
371 0.138959 0.0130861 0.125873 0.152045
372 0.133734 0.00263036 0.131103 0.136364
373 0.134605 0.00397911 0.130625 0.138584
374 0.140535 0.0141264 0.126409 0.154662
375 0.138433 0.0120044 0.126429 0.150438
376 0.139394 0.0124667 0.126927 0.151861
377 0.137187 0.00961876 0.127568 0.146806
378 0.133313 0.00421205 0.129101 0.137525
379 0.137397 0.00609407 0.131303 0.143491
380 0.134079 0.00367225 0.130407 0.137751
381 0.133899 0.00430776 0.129591 0.138207
382 0.135791 0.00658831 0.129202 0.142379
383 0.133704 0.00820172 0.125502 0.141905
384 0.139679 0.0132792 0.1264 0.152959
385 0.137788 0.0103202 0.127467 0.148108
386 0.136511 0.00611543 0.130396 0.142627
387 0.13522 0.00664996 0.12857 0.14187
388 0.137713 0.0113585 0.126354 0.149071
389 0.137667 0.00860393 0.129064 0.146271
390 0.137202 0.0114697 0.125732 0.148672
391 0.141091 0.0136234 0.127467 0.154714
392 0.134154 0.00785121 0.126303 0.142005
393 0.133253 0.00661514 0.126638 0.139868
394 0.134064 0.00930919 0.124755 0.143373
395 0.136361 0.0101117 0.126249 0.146473
396 0.133929 0.00906554 0.124863 0.142994
397 0.133584 0.00966971 0.123914 0.143253
398 0.133148 0.00612354 0.127025 0.139272
399 0.138598 0.0119741 0.126624 0.150573
400 0.133508 0.0081855 0.125323 0.141694
401 0.132097 0.00443463 0.127662 0.136532
402 0.144049 0.0380368 0.106012 0.182085
403 0.132803 0.00603489 0.126768 0.138838
404 0.137562 0.0123666 0.125196 0.149929
405 0.133989 0.00669489 0.127294 0.140684
406 0.135656 0.0154799 0.120176 0.151135
407 0.12944 0.00149987 0.12794 0.130939
408 0.132472 0.00432382 0.128149 0.136796
409 0.132758 0.00344862 0.129309 0.136206
410 0.137052 0.00756728 0.129485 0.144619
411 0.134139 0.00520731 0.128932 0.139346
412 0.135941 0.00428909 0.131652 0.14023
413 0.13528 0.00275465 0.132526 0.138035
414 0.139469 0.0171923 0.122277 0.156661
415 0.136241 0.00521423 0.131027 0.141455
416 0.138974 0.00613252 0.132841 0.145106
417 0.154859 0.0476943 0.107165 0.202553
418 0.1401 0.0125053 0.127594 0.152605
419 0.145715 0.0163934 0.129322 0.162109
420 0.13998 0.0108575 0.129122 0.150837
421 0.14016 0.010433 0.129727 0.150593
422 0.137367 0.00420241 0.133165 0.14157
423 0.140145 0.0130272 0.127118 0.153172
424 0.141016 0.0145109 0.126505 0.155527
425 0.137127 0.00400891 0.133118 0.141136
426 0.137863 0.00737996 0.130483 0.145243
427 0.135385 0.00334155 0.132044 0.138727
428 0.137307 0.0070468 0.13026 0.144354
429 0.136211 0.0100035 0.126208 0.146215
430 0.133223 0.00531543 0.127908 0.138539
431 0.135625 0.00748875 0.128137 0.143114
432 0.135085 0.00516573 0.129919 0.140251
433 0.132638 0.00451343 0.128124 0.137151
434 0.134439 0.00771696 0.126722 0.142156
435 0.137652 0.0100574 0.127595 0.14771
436 0.134484 0.00609614 0.128388 0.140581
437 0.13474 0.00587454 0.128865 0.140614
438 0.13507 0.00679052 0.128279 0.14186
439 0.132217 0.00570952 0.126508 0.137927
440 0.134755 0.00631883 0.128436 0.141073
441 0.133719 0.0067842 0.126934 0.140503
442 0.134424 0.00869609 0.125728 0.14312
443 0.133418 0.00626381 0.127155 0.139682
444 0.136556 0.014133 0.122423 0.150689
445 0.133148 0.00387408 0.129274 0.137022
446 0.134635 0.00686492 0.12777 0.141499
447 0.133493 0.00629782 0.127196 0.139791
448 0.133899 0.00371789 0.130181 0.137617
449 0.134229 0.00545667 0.128772 0.139686
450 0.136556 0.00576514 0.130791 0.142322
451 0.13558 0.00538137 0.130199 0.140962
452 0.143778 0.0235149 0.120263 0.167293
453 0.136076 0.00611534 0.129961 0.142191
454 0.139364 0.0148112 0.124553 0.154175
455 0.143298 0.0132262 0.130072 0.156524
456 0.141887 0.00971911 0.132167 0.151606
457 0.142292 0.00664601 0.135646 0.148938
458 0.141226 0.00882364 0.132402 0.15005
459 0.14549 0.0169155 0.128574 0.162405
460 0.137592 0.00264459 0.134948 0.140237
461 0.138703 0.00636436 0.132339 0.145068
462 0.143703 0.0200764 0.123627 0.16378
463 0.14513 0.013032 0.132098 0.158162
464 0.139935 0.00546163 0.134473 0.145396
465 0.137833 0.0058143 0.132018 0.143647
466 0.140956 0.011504 0.129452 0.15246
467 0.138208 0.00480919 0.133399 0.143017
468 0.137773 0.00523968 0.132533 0.143012
469 0.142547 0.0136455 0.128902 0.156193
470 0.138643 0.00878677 0.129857 0.14743
471 0.157472 0.0733023 0.0841692 0.230774
472 0.138238 0.00334425 0.134894 0.141582
473 0.139529 0.00620972 0.13332 0.145739
474 0.14043 0.00748513 0.132945 0.147915
475 0.155685 0.0582675 0.0974173 0.213952
476 0.138463 0.00631029 0.132153 0.144774
477 0.162321 0.085261 0.0770601 0.247582
478 0.138028 0.00446843 0.133559 0.142496
479 0.137022 0.00444904 0.132573 0.141471
480 0.144304 0.0130726 0.131231 0.157376
481 0.139499 0.00704142 0.132458 0.146541
482 0.143058 0.00982381 0.133234 0.152881
483 0.141526 0.0099205 0.131606 0.151447
484 0.182951 0.191567 -0.00861643 0.374519
485 0.139424 0.00811786 0.131306 0.147542
486 0.139124 0.00616368 0.13296 0.145288
487 0.145745 0.0262531 0.119492 0.171998
488 0.142397 0.0114092 0.130988 0.153806
489 0.14079 0.00640276 0.134388 0.147193
490 0.142052 0.0135641 0.128488 0.155616
491 0.143373 0.0160963 0.127277 0.159469
492 0.140866 0.0100997 0.130766 0.150965
493 0.139634 0.00589133 0.133743 0.145526
494 0.140475 0.0109877 0.129487 0.151463
495 0.141406 0.00807152 0.133335 0.149478
496 0.143238 0.0129609 0.130277 0.156199
497 0.143208 0.00812497 0.135083 0.151333
498 0.136872 0.00731412 0.129558 0.144186
499 0.137562 0.00848437 0.129078 0.146047
500 0.13525 0.00584862 0.129402 0.141099
501 0.139454 0.0110363 0.128418 0.150491
502 0.139634 0.0107598 0.128875 0.150394
503 0.139049 0.0143545 0.124694 0.153403
504 0.135385 0.0103881 0.124997 0.145773
505 0.13561 0.00751827 0.128092 0.143129
506 0.136436 0.00632269 0.130114 0.142759
507 0.143898 0.01117 0.132728 0.155068
508 0.139259 0.0125688 0.12669 0.151828
509 0.135175 0.00992103 0.125254 0.145096
510 0.138043 0.0130486 0.124994 0.151091
511 0.134169 0.00748352 0.126686 0.141653
512 0.136947 0.0036352 0.133312 0.140582
513 0.140866 0.0129977 0.127868 0.153863
514 0.136737 0.00569147 0.131045 0.142428
515 0.142817 0.0145457 0.128272 0.157363
516 0.136541 0.00524355 0.131298 0.141785
517 0.138869 0.009283 0.129586 0.148152
518 0.136616 0.0136981 0.122918 0.150315
519 0.137217 0.0110959 0.126121 0.148313
520 0.134529 0.00839037 0.126139 0.14292
521 0.138538 0.00992376 0.128615 0.148462
522 0.142382 0.0393328 0.103049 0.181715
523 0.13462 0.00459167 0.130028 0.139211
524 0.14055 0.0164323 0.124118 0.156983
525 0.135535 0.00774855 0.127787 0.143284
526 0.1351 0.00789246 0.127208 0.142992
527 0.132412 0.00403827 0.128374 0.136451
528 0.137803 0.0128213 0.124981 0.150624
529 0.134154 0.00587437 0.12828 0.140028
530 0.140055 0.0180497 0.122005 0.158104
531 0.134755 0.00727597 0.127479 0.142031
532 0.138538 0.018634 0.119904 0.157172
533 0.133073 0.00420755 0.128865 0.137281
534 0.133794 0.00682685 0.126967 0.140621
535 0.138103 0.011485 0.126618 0.149588
536 0.134139 0.0066391 0.1275 0.140778
537 0.136226 0.00678764 0.129438 0.143014
538 0.136571 0.00614793 0.130423 0.142719
539 0.135851 0.00691474 0.128936 0.142765
540 0.139184 0.0136265 0.125557 0.15281
541 0.139154 0.0124246 0.126729 0.151579
542 0.135911 0.0102813 0.125629 0.146192
543 0.138058 0.00965506 0.128403 0.147713
544 0.139604 0.00727784 0.132326 0.146882
545 0.138403 0.0106057 0.127797 0.149009
546 0.142938 0.0138188 0.129119 0.156756
547 0.137803 0.0117489 0.126054 0.149551
548 0.141706 0.0204662 0.12124 0.162173
549 0.136121 0.00448035 0.131641 0.140601
550 0.138418 0.00666105 0.131757 0.145079
551 0.138523 0.00652401 0.131999 0.145047
552 0.13549 0.0033244 0.132166 0.138815
553 0.137803 0.00599819 0.131804 0.143801
554 0.136752 0.00501617 0.131735 0.141768
555 0.137457 0.00670786 0.130749 0.144165
556 0.137502 0.00718682 0.130315 0.144689
557 0.134544 0.00669548 0.127849 0.14124
558 0.135355 0.00581652 0.129539 0.141172
559 0.139019 0.0135691 0.12545 0.152588
560 0.133824 0.00462316 0.129201 0.138447
561 0.134815 0.00682421 0.127991 0.141639
562 0.132788 0.00464585 0.128142 0.137434
563 0.136917 0.010623 0.126294 0.14754
564 0.136707 0.00681919 0.129887 0.143526
565 0.137818 0.011845 0.125973 0.149663
566 0.133313 0.00590163 0.127412 0.139215
567 0.136631 0.0103884 0.126243 0.14702
568 0.138869 0.0144989 0.12437 0.153367
569 0.133944 0.00639867 0.127545 0.140343
570 0.139214 0.0288928 0.110321 0.168107
571 0.134725 0.012628 0.122097 0.147353
572 0.137998 0.0185518 0.119446 0.15655
573 0.134214 0.0121884 0.122026 0.146402
574 0.136842 0.0121656 0.124676 0.149007
575 0.131947 0.00425881 0.127688 0.136206
576 0.137262 0.00933309 0.127929 0.146595
577 0.134424 0.00711075 0.127314 0.141535
578 0.136196 0.0106742 0.125522 0.14687
579 0.134049 0.00710448 0.126945 0.141153
580 0.137637 0.0120203 0.125617 0.149658
581 0.13558 0.00941611 0.126164 0.144997
582 0.137412 0.00733 0.130082 0.144742
583 0.139574 0.00827872 0.131296 0.147853
584 0.136902 0.00582506 0.131077 0.142727
585 0.142532 0.0101843 0.132348 0.152716
586 0.141001 0.0112107 0.12979 0.152211
587 0.139845 0.00755577 0.132289 0.1474
588 0.141511 0.00779473 0.133716 0.149306
589 0.142337 0.0145186 0.127818 0.156856
590 0.138809 0.0059347 0.132874 0.144743
591 0.142052 0.0114068 0.130645 0.153459
592 0.138388 0.00471489 0.133673 0.143103
593 0.143583 0.0162043 0.127379 0.159787
594 0.14501 0.0172709 0.127739 0.16228
595 0.142787 0.0109457 0.131842 0.153733
596 0.140295 0.00897889 0.131316 0.149274
597 0.14052 0.00873138 0.131789 0.149252
598 0.138598 0.00978061 0.128818 0.148379
599 0.141932 0.0164457 0.125486 0.158377
600 0.136166 0.00661555 0.12955 0.142782
601 0.136842 0.00606933 0.130772 0.142911
602 0.14004 0.0120753 0.127964 0.152115
603 0.141046 0.0130293 0.128016 0.154075
604 0.140896 0.0194435 0.121452 0.160339
605 0.138133 0.0101425 0.12799 0.148275
606 0.136526 0.00600373 0.130523 0.14253
607 0.137427 0.0068386 0.130589 0.144266
608 0.139349 0.00691022 0.132439 0.146259
609 0.142232 0.0155477 0.126684 0.15778
610 0.138703 0.00972208 0.128981 0.148426
611 0.140956 0.0134586 0.127497 0.154414
612 0.141571 0.0135684 0.128003 0.15514
613 0.138583 0.00975523 0.128828 0.148339
614 0.140655 0.0119643 0.128691 0.15262
615 0.13534 0.00513933 0.130201 0.14048
616 0.145475 0.0278459 0.117629 0.173321
617 0.137232 0.00731066 0.129921 0.144543
618 0.134499 0.00429308 0.130206 0.138792
619 0.137998 0.0104138 0.127584 0.148412
620 0.138794 0.0118706 0.126923 0.150664
621 0.138343 0.0080015 0.130342 0.146345
622 0.141977 0.0144693 0.127507 0.156446
623 0.136361 0.00648992 0.129871 0.142851
624 0.139259 0.00998201 0.129277 0.149241
625 0.136361 0.00492867 0.131433 0.14129
626 0.135115 0.00649588 0.128619 0.141611
627 0.135055 0.00858421 0.126471 0.143639
628 0.137007 0.0122129 0.124794 0.14922
629 0.134815 0.00927182 0.125543 0.144087
630 0.136076 0.0105748 0.125501 0.146651
631 0.134244 0.00505653 0.129188 0.139301
632 0.137202 0.00800026 0.129202 0.145202
633 0.137592 0.00777139 0.129821 0.145364
634 0.138749 0.00879927 0.129949 0.147548
635 0.132037 0.00664521 0.125392 0.138682
636 0.132427 0.00646842 0.125959 0.138896
637 0.132367 0.00515641 0.127211 0.137524
638 0.15094 0.0790132 0.0719271 0.229953
639 0.132352 0.00604012 0.126312 0.138392
640 0.135565 0.00932467 0.126241 0.14489
641 0.137728 0.0142687 0.123459 0.151996
642 0.134409 0.00595708 0.128452 0.140366
643 0.135115 0.00941466 0.1257 0.14453
644 0.142442 0.0280583 0.114384 0.1705
645 0.139169 0.0129346 0.126234 0.152103
646 0.134514 0.00713872 0.127376 0.141653
647 0.139259 0.015151 0.124108 0.15441
648 0.136031 0.00954522 0.126486 0.145576
649 0.137908 0.018234 0.119674 0.156142
650 0.133989 0.00692334 0.127066 0.140912
651 0.133208 0.00584245 0.127366 0.139051
652 0.130581 0.00435603 0.126225 0.134937
653 0.133794 0.0128352 0.120959 0.146629
654 0.132713 0.00951233 0.1232 0.142225
655 0.131061 0.0056279 0.125433 0.136689
656 0.132202 0.00756876 0.124633 0.139771
657 0.133073 0.00874881 0.124324 0.141822
658 0.12944 0.00766736 0.121772 0.137107
659 0.136917 0.0130297 0.123887 0.149946
660 0.133328 0.00888013 0.124448 0.142208
661 0.138103 0.0204225 0.11768 0.158525
662 0.130521 0.00366952 0.126851 0.13419
663 0.131572 0.00506615 0.126505 0.136638
664 0.132112 0.00589246 0.12622 0.138005
665 0.134304 0.0081005 0.126204 0.142405
666 0.132292 0.00522147 0.127071 0.137514
667 0.136031 0.0114488 0.124582 0.14748
668 0.130881 0.00484413 0.126037 0.135725
669 0.134064 0.00949952 0.124564 0.143564
670 0.134289 0.0101685 0.124121 0.144458
671 0.133824 0.00476531 0.129058 0.138589
672 0.137532 0.00534649 0.132186 0.142879
673 0.141947 0.017983 0.123964 0.15993
674 0.136286 0.00793199 0.128354 0.144218
675 0.138298 0.0113609 0.126937 0.149659
676 0.163282 0.0844193 0.0788628 0.247701
677 0.136196 0.00753867 0.128657 0.143735
678 0.138673 0.0117184 0.126955 0.150392
679 0.13486 0.00598766 0.128872 0.140847
680 0.138058 0.00833856 0.129719 0.146396
681 0.139034 0.0199971 0.119037 0.159031
682 0.136496 0.00599486 0.130501 0.142491
683 0.138013 0.0148239 0.123189 0.152837
684 0.131782 0.00347126 0.128311 0.135253
685 0.133824 0.00645117 0.127373 0.140275
686 0.138253 0.0170199 0.121233 0.155273
687 0.131346 0.00329279 0.128054 0.134639
688 0.131542 0.00470935 0.126832 0.136251
689 0.135355 0.00962747 0.125728 0.144983
690 0.134079 0.0101173 0.123962 0.144196
691 0.137352 0.0233227 0.114029 0.160675
692 0.133794 0.00885393 0.12494 0.142648
693 0.131677 0.00505209 0.126625 0.136729
694 0.130355 0.00425511 0.1261 0.134611
695 0.13546 0.00800646 0.127454 0.143467
696 0.132277 0.00834809 0.123929 0.140625
697 0.132548 0.00861646 0.123931 0.141164
698 0.133614 0.0098678 0.123746 0.143481
699 0.134725 0.0132826 0.121442 0.148007
700 0.132397 0.00666878 0.125729 0.139066
701 0.136707 0.0230953 0.113611 0.159802
702 0.130521 0.0047889 0.125732 0.135309
703 0.132487 0.00950907 0.122978 0.141997
704 0.132487 0.00553592 0.126952 0.138023
705 0.137788 0.007659 0.130129 0.145447
706 0.141316 0.0137634 0.127553 0.155079
707 0.137547 0.00905184 0.128496 0.146599
708 0.139139 0.0134944 0.125644 0.152633
709 0.138193 0.00711982 0.131073 0.145313
710 0.141556 0.00727877 0.134277 0.148835
711 0.145775 0.0205821 0.125193 0.166357
712 0.13986 0.00962747 0.130232 0.149487
713 0.145055 0.0117461 0.133309 0.156801
714 0.138028 0.00398636 0.134041 0.142014
715 0.139439 0.00595245 0.133487 0.145392
716 0.137998 0.00457729 0.13342 0.142575
717 0.137743 0.00503922 0.132703 0.142782
718 0.144034 0.0131673 0.130866 0.157201
719 0.141511 0.00971929 0.131792 0.15123
720 0.136827 0.00293804 0.133889 0.139765
721 0.143628 0.0181788 0.125449 0.161807
722 0.141346 0.00812896 0.133217 0.149475
723 0.137788 0.00351643 0.134271 0.141304
724 0.138583 0.00508234 0.133501 0.143666
725 0.14028 0.0088176 0.131462 0.149098
726 0.141766 0.0107606 0.131006 0.152527
727 0.139709 0.00873984 0.13097 0.148449
728 0.139124 0.00655229 0.132572 0.145676
729 0.138914 0.00463108 0.134283 0.143545
730 0.144394 0.0121883 0.132206 0.156582
731 0.14022 0.0119289 0.128291 0.152149
732 0.144199 0.0127969 0.131402 0.156996
733 0.138974 0.00843465 0.130539 0.147408
734 0.139199 0.00711721 0.132082 0.146316
735 0.139094 0.00659379 0.1325 0.145688
736 0.141106 0.00511982 0.135986 0.146226
737 0.142052 0.0201154 0.121936 0.162167
738 0.14573 0.0243695 0.121361 0.1701
739 0.146451 0.0194881 0.126963 0.165939
740 0.143283 0.0257704 0.117512 0.169053
741 0.145865 0.013392 0.132473 0.159257
742 0.142247 0.0120524 0.130194 0.154299
743 0.136797 0.00265119 0.134145 0.139448
744 0.14597 0.0145685 0.131402 0.160539
745 0.142427 0.00977859 0.132648 0.152206
746 0.141091 0.00753556 0.133555 0.148626
747 0.144634 0.0154014 0.129233 0.160036
748 0.136782 0.00727078 0.129511 0.144052
749 0.14019 0.0109999 0.12919 0.15119
750 0.138643 0.0053869 0.133256 0.14403
751 0.142637 0.0142275 0.12841 0.156865
752 0.137697 0.00876796 0.12893 0.146465
753 0.140941 0.0133604 0.12758 0.154301
754 0.133403 0.0028565 0.130547 0.13626
755 0.137082 0.00591234 0.13117 0.142994
756 0.142622 0.017808 0.124814 0.16043
757 0.134935 0.0106445 0.12429 0.145579
758 0.135656 0.00661922 0.129036 0.142275
759 0.136977 0.00746281 0.129514 0.14444
760 0.135295 0.00956196 0.125733 0.144857
761 0.132908 0.00588704 0.127021 0.138795
762 0.141241 0.0352966 0.105944 0.176537
763 0.134034 0.00783131 0.126203 0.141865
764 0.130956 0.00277 0.128186 0.133726
765 0.1301 0.00435975 0.12574 0.13446
766 0.130641 0.00444638 0.126194 0.135087
767 0.157336 0.0891674 0.068169 0.246504
768 0.13561 0.00635904 0.129251 0.14197
769 0.131947 0.00346882 0.128478 0.135416
770 0.132773 0.00521006 0.127563 0.137983
771 0.13474 0.00704759 0.127692 0.141787
772 0.137818 0.0199129 0.117905 0.157731
773 0.132412 0.00372585 0.128687 0.136138
774 0.134214 0.00830747 0.125907 0.142522
775 0.139544 0.0153404 0.124204 0.154885
776 0.133674 0.00518664 0.128487 0.13886
777 0.136376 0.0107909 0.125585 0.147167
778 0.137127 0.0168679 0.120259 0.153995
779 0.13534 0.00857329 0.126767 0.143914
780 0.137908 0.020411 0.117497 0.158319
781 0.136106 0.00921348 0.126892 0.145319
782 0.137037 0.0117632 0.125274 0.1488
783 0.132487 0.00543564 0.127052 0.137923
784 0.135926 0.00981733 0.126108 0.145743
785 0.132803 0.00372996 0.129073 0.136533
786 0.132938 0.00520471 0.127733 0.138143
787 0.136301 0.01048 0.125821 0.146781
788 0.134454 0.00603041 0.128424 0.140485
789 0.134139 0.00731442 0.126825 0.141453
790 0.136091 0.00804394 0.128047 0.144135
791 0.134304 0.00918505 0.125119 0.143489
792 0.134409 0.0044076 0.130002 0.138817
793 0.13462 0.00492336 0.129696 0.139543
794 0.140085 0.018403 0.121682 0.158488
795 0.136677 0.0116457 0.125031 0.148322
796 0.135595 0.00739557 0.1282 0.142991
797 0.133328 0.0114244 0.121904 0.144753
798 0.137082 0.00879672 0.128285 0.145879
799 0.140475 0.0140096 0.126466 0.154485
