# ../output/graphs/perf_serial55BIPED
# step - mean (0.17884) - standard deviation (0.0202169) r=20 - ylow - yhigh
0 0.193656 0.0108274 0.182829 0.204484
1 0.187936 0.0115427 0.176393 0.199479
2 0.191765 0.00795533 0.183809 0.19972
3 0.186119 0.00392862 0.18219 0.190048
4 0.1925 0.0121872 0.180313 0.204687
5 0.18735 0.0101713 0.177179 0.197522
6 0.187921 0.0174477 0.170473 0.205369
7 0.179813 0.0121677 0.167645 0.191981
8 0.180774 0.0106942 0.17008 0.191468
9 0.17699 0.00703369 0.169957 0.184024
10 0.180684 0.0112471 0.169437 0.191931
11 0.175729 0.00765978 0.168069 0.183389
12 0.180909 0.0125082 0.168401 0.193417
13 0.19238 0.0371623 0.155218 0.229542
14 0.177366 0.00627257 0.171093 0.183638
15 0.180293 0.0101012 0.170192 0.190395
16 0.177861 0.00773097 0.17013 0.185592
17 0.175939 0.00579558 0.170144 0.181735
18 0.175639 0.00556135 0.170078 0.1812
19 0.178297 0.0146435 0.163653 0.19294
20 0.178822 0.00790536 0.170917 0.186727
21 0.180233 0.00877933 0.171454 0.189013
22 0.178267 0.00875602 0.169511 0.187023
23 0.174498 0.00943495 0.165063 0.183933
24 0.174558 0.013158 0.1614 0.187716
25 0.176765 0.0138531 0.162912 0.190618
26 0.173492 0.0070959 0.166396 0.180588
27 0.178417 0.0112823 0.167134 0.189699
28 0.175924 0.0101404 0.165784 0.186065
29 0.178372 0.0124045 0.165967 0.190776
30 0.17154 0.00511979 0.16642 0.17666
31 0.174873 0.0117241 0.163149 0.186597
32 0.182486 0.0198286 0.162657 0.202314
33 0.173387 0.00537626 0.168011 0.178763
34 0.181915 0.00882083 0.173094 0.190736
35 0.189302 0.010043 0.179259 0.199345
36 0.19202 0.0119171 0.180103 0.203937
37 0.188041 0.00951049 0.17853 0.197551
38 0.191254 0.00954376 0.18171 0.200798
39 0.191479 0.00887265 0.182607 0.200352
40 0.191224 0.0143224 0.176902 0.205546
41 0.190578 0.0107201 0.179858 0.201298
42 0.1925 0.0175011 0.174999 0.210001
43 0.191404 0.0139808 0.177423 0.205385
44 0.188762 0.00957983 0.179182 0.198341
45 0.18729 0.00690083 0.180389 0.194191
46 0.188026 0.00769072 0.180335 0.195717
47 0.188131 0.0080534 0.180078 0.196184
48 0.190909 0.0128473 0.178061 0.203756
49 0.193341 0.0159174 0.177424 0.209258
50 0.191179 0.0203857 0.170793 0.211565
51 0.190443 0.0143705 0.176073 0.204814
52 0.188086 0.0104625 0.177623 0.198548
53 0.190698 0.0108389 0.17986 0.201537
54 0.188446 0.00843458 0.180012 0.196881
55 0.193281 0.0199969 0.173284 0.213278
56 0.188942 0.0104164 0.178525 0.199358
57 0.187771 0.0100141 0.177757 0.197785
58 0.186915 0.00685914 0.180056 0.193774
59 0.185519 0.00499654 0.180522 0.190515
60 0.18657 0.00629254 0.180277 0.192862
61 0.189287 0.0107587 0.178528 0.200046
62 0.190578 0.0119398 0.178639 0.202518
63 0.191419 0.0107964 0.180623 0.202216
64 0.187275 0.00625818 0.181017 0.193533
65 0.191599 0.0115119 0.180087 0.203111
66 0.19181 0.0101509 0.181659 0.20196
67 0.188626 0.00673697 0.18189 0.195363
68 0.191539 0.0112555 0.180284 0.202795
69 0.195263 0.0238661 0.171397 0.219129
70 0.188566 0.00854609 0.18002 0.197113
71 0.193972 0.0254642 0.168507 0.219436
72 0.189392 0.00892525 0.180467 0.198317
73 0.191074 0.0103772 0.180697 0.201451
74 0.192185 0.0141557 0.178029 0.206341
75 0.194182 0.00954063 0.184641 0.203722
76 0.188176 0.00568671 0.182489 0.193863
77 0.191149 0.0112764 0.179872 0.202425
78 0.193461 0.0166759 0.176785 0.210137
79 0.19738 0.0197592 0.177621 0.217139
80 0.193897 0.0155331 0.178363 0.20943
81 0.189843 0.0108681 0.178975 0.200711
82 0.193356 0.0165257 0.17683 0.209882
83 0.194842 0.0154692 0.179373 0.210312
84 0.188762 0.00753743 0.181224 0.196299
85 0.191539 0.0109093 0.18063 0.202449
86 0.192951 0.0167922 0.176158 0.209743
87 0.191915 0.0133896 0.178525 0.205304
88 0.187696 0.0081971 0.179498 0.195893
89 0.193416 0.0166924 0.176724 0.210108
90 0.190233 0.0124808 0.177752 0.202714
91 0.188717 0.00938203 0.179335 0.198099
92 0.193461 0.0144429 0.179018 0.207904
93 0.193716 0.0160998 0.177617 0.209816
94 0.187981 0.00863924 0.179342 0.19662
95 0.187966 0.00904686 0.178919 0.197013
96 0.188957 0.00844067 0.180516 0.197397
97 0.193371 0.0122882 0.181083 0.205659
98 0.185098 0.00968049 0.175418 0.194779
99 0.184317 0.00869885 0.175619 0.193016
100 0.184032 0.0104046 0.173627 0.194437
101 0.182501 0.0132787 0.169222 0.195779
102 0.184483 0.0144124 0.17007 0.198895
103 0.183311 0.00876436 0.174547 0.192076
104 0.189557 0.00835261 0.181205 0.19791
105 0.188672 0.0144242 0.174247 0.203096
106 0.19268 0.0169061 0.175774 0.209586
107 0.188747 0.00958786 0.179159 0.198334
108 0.184543 0.0126943 0.171848 0.197237
109 0.18705 0.0145697 0.17248 0.20162
110 0.185308 0.0171396 0.168169 0.202448
111 0.184678 0.0106036 0.174074 0.195281
112 0.191194 0.00705845 0.184136 0.198252
113 0.192125 0.0103352 0.18179 0.20246
114 0.18687 0.00852636 0.178343 0.195396
115 0.190128 0.0156396 0.174488 0.205768
116 0.18681 0.00940911 0.177401 0.196219
117 0.190428 0.0117912 0.178637 0.202219
118 0.190909 0.00998788 0.180921 0.200897
119 0.190759 0.0106558 0.180103 0.201414
120 0.189828 0.00978697 0.180041 0.199615
121 0.188371 0.0151037 0.173268 0.203475
122 0.186975 0.00811907 0.178856 0.195094
123 0.190623 0.0093228 0.181301 0.199946
124 0.189768 0.009942 0.179826 0.19971
125 0.193506 0.0105304 0.182976 0.204037
126 0.190819 0.010533 0.180286 0.201352
127 0.189527 0.00949753 0.18003 0.199025
128 0.193461 0.0093326 0.184129 0.202794
129 0.195473 0.0287917 0.166681 0.224265
130 0.190038 0.0118137 0.178224 0.201852
131 0.194797 0.0372316 0.157566 0.232029
132 0.19217 0.0137958 0.178374 0.205966
133 0.191494 0.014859 0.176635 0.206353
134 0.188657 0.0108823 0.177774 0.199539
135 0.189798 0.0156863 0.174111 0.205484
136 0.184392 0.00467186 0.179721 0.189064
137 0.193867 0.0125524 0.181314 0.206419
138 0.19729 0.0242054 0.173084 0.221495
139 0.190443 0.0215604 0.168883 0.212004
140 0.183792 0.00610147 0.17769 0.189893
141 0.185398 0.0083264 0.177072 0.193725
142 0.183627 0.0078026 0.175824 0.191429
143 0.189137 0.010923 0.178214 0.20006
144 0.185759 0.00844255 0.177316 0.194201
145 0.189212 0.017464 0.171748 0.206676
146 0.184738 0.00938834 0.175349 0.194126
147 0.188236 0.0124369 0.175799 0.200673
148 0.183507 0.00734935 0.176157 0.190856
149 0.195248 0.0251768 0.170071 0.220425
150 0.183281 0.00537029 0.177911 0.188652
151 0.188206 0.0105823 0.177624 0.198788
152 0.190023 0.0123705 0.177652 0.202393
153 0.185984 0.0097394 0.176245 0.195723
154 0.188551 0.0105529 0.177999 0.199104
155 0.188822 0.010116 0.178706 0.198938
156 0.184077 0.00594238 0.178135 0.19002
157 0.189467 0.012142 0.177325 0.201609
158 0.190909 0.0110655 0.179843 0.201974
159 0.188506 0.00847638 0.18003 0.196983
160 0.189347 0.00770197 0.181645 0.197049
161 0.188702 0.0110044 0.177697 0.199706
162 0.187245 0.00891129 0.178334 0.196156
163 0.183972 0.00567242 0.1783 0.189644
164 0.18693 0.0114774 0.175452 0.198407
165 0.183041 0.00360031 0.179441 0.186641
166 0.186149 0.00793405 0.178215 0.194083
167 0.189512 0.0128886 0.176624 0.202401
168 0.189693 0.011937 0.177755 0.20163
169 0.185954 0.00700445 0.178949 0.192958
170 0.187455 0.0095182 0.177937 0.196974
171 0.189317 0.015398 0.173919 0.204715
172 0.183462 0.00430941 0.179152 0.187771
173 0.187786 0.0102272 0.177559 0.198013
174 0.19202 0.0120376 0.179982 0.204057
175 0.186344 0.00898033 0.177364 0.195325
176 0.183897 0.00485726 0.17904 0.188754
177 0.189347 0.00806514 0.181282 0.197412
178 0.189798 0.017829 0.171969 0.207627
179 0.188777 0.00987913 0.178898 0.198656
180 0.188431 0.00916127 0.17927 0.197593
181 0.191344 0.0120571 0.179287 0.203401
182 0.191524 0.0115393 0.179985 0.203064
183 0.194107 0.01605 0.178057 0.210157
184 0.188521 0.0120418 0.17648 0.200563
185 0.18726 0.0125107 0.174749 0.199771
186 0.189572 0.0101754 0.179397 0.199748
187 0.19247 0.0273715 0.165099 0.219842
188 0.189317 0.0118397 0.177477 0.201157
189 0.189723 0.00923632 0.180486 0.198959
190 0.189017 0.0153971 0.17362 0.204414
191 0.188101 0.0117782 0.176323 0.199879
192 0.190203 0.00890163 0.181301 0.199105
193 0.185443 0.00624318 0.1792 0.191687
194 0.188762 0.0128702 0.175891 0.201632
195 0.187921 0.0107802 0.177141 0.198701
196 0.198281 0.0201035 0.178177 0.218384
197 0.192891 0.0188732 0.174017 0.211764
198 0.189482 0.0144735 0.175009 0.203956
199 0.186284 0.015273 0.171011 0.201557
200 0.177831 0.012062 0.165769 0.189893
201 0.177216 0.00914195 0.168074 0.186357
202 0.176555 0.00872724 0.167828 0.185282
203 0.181164 0.0141158 0.167048 0.19528
204 0.181465 0.0109904 0.170474 0.192455
205 0.176059 0.00856276 0.167497 0.184622
206 0.17705 0.00825953 0.168791 0.18531
207 0.180038 0.0154687 0.16457 0.195507
208 0.176059 0.00574573 0.170314 0.181805
209 0.176225 0.00648671 0.169738 0.182711
210 0.180188 0.0105352 0.169653 0.190724
211 0.180759 0.0132033 0.167556 0.193962
212 0.174453 0.00421847 0.170234 0.178671
213 0.183176 0.0161621 0.167014 0.199338
214 0.178447 0.011541 0.166906 0.189988
215 0.177471 0.00691969 0.170551 0.18439
216 0.175774 0.00585161 0.169923 0.181626
217 0.195188 0.0738852 0.121303 0.269073
218 0.17624 0.00835532 0.167884 0.184595
219 0.17648 0.0111079 0.165372 0.187588
220 0.174303 0.0113136 0.162989 0.185616
221 0.173432 0.00889559 0.164536 0.182327
222 0.173582 0.010225 0.163357 0.183807
223 0.174303 0.0101151 0.164188 0.184418
224 0.172636 0.0067581 0.165878 0.179394
225 0.174002 0.00831506 0.165687 0.182317
226 0.17133 0.00507077 0.166259 0.176401
227 0.17166 0.00731207 0.164348 0.178972
228 0.174873 0.0102957 0.164578 0.185169
229 0.177651 0.0149917 0.162659 0.192643
230 0.172261 0.00696533 0.165295 0.179226
231 0.185323 0.013872 0.171451 0.199195
232 0.181525 0.00975385 0.171771 0.191279
233 0.184392 0.0130912 0.171301 0.197484
234 0.180954 0.00813855 0.172816 0.189093
235 0.18229 0.0084618 0.173829 0.190752
236 0.187816 0.0133827 0.174433 0.201198
237 0.179738 0.00433132 0.175407 0.184069
238 0.183567 0.00894745 0.174619 0.192514
239 0.181224 0.0109909 0.170233 0.192215
240 0.179603 0.00614522 0.173458 0.185748
241 0.1869 0.0222265 0.164673 0.209126
242 0.180278 0.00860697 0.171671 0.188885
243 0.179453 0.007547 0.171906 0.187
244 0.182155 0.0111153 0.17104 0.193271
245 0.183191 0.00889559 0.174296 0.192087
246 0.18184 0.0094381 0.172402 0.191278
247 0.184873 0.01981 0.165063 0.204683
248 0.178146 0.00562261 0.172524 0.183769
249 0.182936 0.0145138 0.168422 0.19745
250 0.180984 0.0106567 0.170327 0.191641
251 0.180203 0.0103222 0.169881 0.190526
252 0.186119 0.014759 0.17136 0.200878
253 0.187771 0.0236612 0.164109 0.211432
254 0.184362 0.0124905 0.171872 0.196853
255 0.18169 0.00970889 0.171981 0.191399
256 0.182095 0.0088996 0.173196 0.190995
257 0.179438 0.00656698 0.172871 0.186005
258 0.18232 0.0118072 0.170513 0.194128
259 0.189167 0.0190473 0.17012 0.208214
260 0.180804 0.00831638 0.172488 0.18912
261 0.179843 0.00921104 0.170632 0.189054
262 0.184963 0.0154243 0.169539 0.200387
263 0.178297 0.00748128 0.170815 0.185778
264 0.180624 0.00951613 0.171108 0.19014
265 0.179017 0.0056565 0.173361 0.184674
266 0.179633 0.00625553 0.173377 0.185888
267 0.18199 0.0124649 0.169525 0.194455
268 0.217019 0.16808 0.0489387 0.385099
269 0.183987 0.0123448 0.171642 0.196332
270 0.183597 0.0120802 0.171516 0.195677
271 0.183176 0.0112526 0.171924 0.194429
272 0.182696 0.0120102 0.170686 0.194706
273 0.182245 0.00997344 0.172272 0.192219
274 0.179393 0.00624312 0.173149 0.185636
275 0.184212 0.00858662 0.175626 0.192799
276 0.187125 0.0139685 0.173157 0.201094
277 0.18211 0.00822511 0.173885 0.190335
278 0.175534 0.0105493 0.164985 0.186083
279 0.175504 0.0104888 0.165015 0.185993
280 0.172591 0.00683768 0.165753 0.179429
281 0.175999 0.0131898 0.16281 0.189189
282 0.174273 0.0101559 0.164117 0.184429
283 0.17187 0.00565969 0.166211 0.17753
284 0.177726 0.0116488 0.166077 0.189375
285 0.173687 0.00756132 0.166126 0.181248
286 0.171975 0.00769707 0.164278 0.179673
287 0.173102 0.00734296 0.165759 0.180445
288 0.174198 0.0098006 0.164397 0.183998
289 0.219992 0.20475 0.0152417 0.424742
290 0.178702 0.0185675 0.160134 0.197269
291 0.174423 0.00899077 0.165432 0.183414
292 0.179618 0.0184308 0.161187 0.198049
293 0.175159 0.00946796 0.165691 0.184626
294 0.17687 0.0117063 0.165164 0.188576
295 0.167967 0.00726133 0.160705 0.175228
296 0.168012 0.0128317 0.15518 0.180843
297 0.178672 0.0105251 0.168147 0.189197
298 0.175159 0.00661256 0.168546 0.181771
299 0.178026 0.018164 0.159862 0.19619
300 0.178762 0.01002 0.168742 0.188782
301 0.173807 0.00375253 0.170055 0.17756
302 0.17642 0.00701514 0.169405 0.183435
303 0.175834 0.00813582 0.167698 0.18397
304 0.178447 0.0105925 0.167854 0.189039
305 0.174993 0.00694497 0.168048 0.181938
306 0.178537 0.0140375 0.164499 0.192574
307 0.177576 0.00787609 0.1697 0.185452
308 0.184227 0.006556 0.177671 0.190783
309 0.184618 0.010919 0.173699 0.195537
310 0.181254 0.00289339 0.178361 0.184148
311 0.185579 0.0215081 0.16407 0.207087
312 0.180459 0.00713493 0.173324 0.187594
313 0.1875 0.0219076 0.165593 0.209408
314 0.182275 0.00778206 0.174493 0.190057
315 0.18202 0.0109353 0.171085 0.192955
316 0.180849 0.00888717 0.171962 0.189736
317 0.179513 0.0071791 0.172334 0.186692
318 0.184543 0.0132966 0.171246 0.197839
319 0.182741 0.0108447 0.171896 0.193586
320 0.178282 0.0133708 0.164911 0.191652
321 0.171645 0.00789845 0.163747 0.179544
322 0.172771 0.00725512 0.165516 0.180026
323 0.171195 0.00807878 0.163116 0.179274
324 0.173687 0.0129954 0.160692 0.186683
325 0.175279 0.0113572 0.163922 0.186636
326 0.179813 0.0138757 0.165937 0.193689
327 0.170699 0.00867751 0.162022 0.179377
328 0.170624 0.00637193 0.164252 0.176996
329 0.169633 0.00546484 0.164168 0.175098
330 0.170669 0.00911627 0.161553 0.179785
331 0.172411 0.012533 0.159878 0.184944
332 0.173117 0.0111113 0.162005 0.184228
333 0.170684 0.0100726 0.160612 0.180757
334 0.171765 0.0110725 0.160693 0.182838
335 0.168582 0.00693492 0.161647 0.175517
336 0.169813 0.00860132 0.161212 0.178415
337 0.176345 0.0165916 0.159753 0.192936
338 0.172006 0.00833679 0.163669 0.180342
339 0.170789 0.00849551 0.162294 0.179285
340 0.17115 0.00828736 0.162862 0.179437
341 0.169798 0.00854029 0.161258 0.178339
342 0.17157 0.00786119 0.163709 0.179431
343 0.177065 0.0138818 0.163184 0.190947
344 0.177516 0.0150436 0.162472 0.192559
345 0.177441 0.0198575 0.157583 0.197298
346 0.169693 0.00569513 0.163998 0.175388
347 0.170804 0.00882696 0.161977 0.179631
348 0.173447 0.0149556 0.158491 0.188402
349 0.169363 0.00590662 0.163456 0.17527
350 0.179453 0.0182753 0.161177 0.197728
351 0.173672 0.0120686 0.161604 0.185741
352 0.175098 0.0129469 0.162152 0.188045
353 0.170264 0.0117612 0.158503 0.182025
354 0.172591 0.0110259 0.161565 0.183617
355 0.17187 0.00811851 0.163752 0.179989
356 0.170985 0.00676977 0.164215 0.177754
357 0.174183 0.0121758 0.162007 0.186358
358 0.180188 0.0196969 0.160492 0.199885
359 0.171375 0.0105157 0.160859 0.181891
360 0.175699 0.0170296 0.158669 0.192729
361 0.169033 0.00637639 0.162656 0.175409
362 0.173447 0.0107562 0.162691 0.184203
363 0.174708 0.0113974 0.163311 0.186105
364 0.173957 0.00790684 0.166051 0.181864
365 0.17106 0.00621408 0.164846 0.177274
366 0.177125 0.0191619 0.157963 0.196287
367 0.214526 0.162927 0.0515994 0.377453
368 0.179663 0.0200248 0.159638 0.199688
369 0.177426 0.0171768 0.160249 0.194602
370 0.172921 0.0112743 0.161647 0.184196
371 0.173942 0.0114192 0.162523 0.185362
372 0.172831 0.0106115 0.16222 0.183443
373 0.171105 0.00753516 0.163569 0.17864
374 0.168567 0.00551525 0.163052 0.174082
375 0.173312 0.0105231 0.162789 0.183835
376 0.17109 0.00783684 0.163253 0.178926
377 0.174693 0.0103706 0.164323 0.185064
378 0.173222 0.00844355 0.164778 0.181665
379 0.175729 0.0155298 0.160199 0.191259
380 0.177711 0.0110446 0.166666 0.188756
381 0.172066 0.00820619 0.163859 0.180272
382 0.169858 0.00585238 0.164006 0.175711
383 0.17154 0.00774074 0.163799 0.179281
384 0.17178 0.00899238 0.162788 0.180773
385 0.173972 0.0150235 0.158949 0.188996
386 0.170444 0.0059115 0.164533 0.176356
387 0.221523 0.206384 0.0151388 0.427907
388 0.173237 0.0107556 0.162481 0.183992
389 0.1719 0.00809192 0.163808 0.179992
390 0.174303 0.0128997 0.161403 0.187202
391 0.175354 0.0153745 0.159979 0.190728
392 0.179723 0.0164564 0.163267 0.196179
393 0.180639 0.0188376 0.161801 0.199476
394 0.174108 0.0110127 0.163095 0.18512
395 0.169858 0.00982283 0.160036 0.179681
396 0.178822 0.0102813 0.168541 0.189103
397 0.180339 0.0210846 0.159254 0.201423
398 0.178252 0.00963333 0.168618 0.187885
399 0.175098 0.00740801 0.16769 0.182506
400 0.179528 0.00918721 0.170341 0.188715
401 0.176855 0.0088223 0.168033 0.185677
402 0.174198 0.00534556 0.168852 0.179543
403 0.178462 0.00963319 0.168829 0.188095
404 0.180579 0.0162262 0.164353 0.196805
405 0.176029 0.0103561 0.165673 0.186385
406 0.178507 0.0107327 0.167774 0.18924
407 0.181329 0.0180509 0.163279 0.19938
408 0.180564 0.0167067 0.163857 0.19727
409 0.179257 0.0147816 0.164476 0.194039
410 0.176029 0.0162369 0.159792 0.192266
411 0.167231 0.00721188 0.160019 0.174443
412 0.172051 0.0135072 0.158543 0.185558
413 0.173987 0.0160736 0.157914 0.190061
414 0.170714 0.0128011 0.157913 0.183515
415 0.169813 0.0142444 0.155569 0.184058
416 0.164814 0.00768662 0.157127 0.1725
417 0.170324 0.0185747 0.151749 0.188899
418 0.163778 0.00715822 0.156619 0.170936
419 0.168237 0.0209693 0.147268 0.189206
420 0.169783 0.0122437 0.15754 0.182027
421 0.16633 0.0126075 0.153723 0.178937
422 0.164498 0.00895828 0.15554 0.173457
423 0.164739 0.00804718 0.156691 0.172786
424 0.169273 0.0127058 0.156567 0.181979
425 0.169768 0.0136618 0.156107 0.18343
426 0.174017 0.0191745 0.154843 0.193192
427 0.173687 0.00762071 0.166066 0.181308
428 0.173642 0.0137917 0.15985 0.187434
429 0.174618 0.00936666 0.165251 0.183985
430 0.175083 0.0103882 0.164695 0.185472
431 0.170624 0.00485187 0.165772 0.175476
432 0.172726 0.0121999 0.160526 0.184926
433 0.171495 0.00845989 0.163035 0.179955
434 0.173912 0.0148879 0.159024 0.1888
435 0.172081 0.0099193 0.162161 0.182
436 0.174543 0.0135991 0.160944 0.188142
437 0.169603 0.00804337 0.16156 0.177647
438 0.172201 0.00979305 0.162408 0.181994
439 0.169888 0.00823847 0.16165 0.178127
440 0.171585 0.0119846 0.1596 0.18357
441 0.171225 0.0096381 0.161587 0.180863
442 0.172951 0.0109391 0.162012 0.183891
443 0.170369 0.00476625 0.165603 0.175135
444 0.172156 0.00830835 0.163847 0.180464
445 0.17127 0.00793654 0.163333 0.179206
446 0.177216 0.0100111 0.167204 0.187227
447 0.172426 0.0084464 0.16398 0.180872
448 0.174798 0.0114042 0.163394 0.186202
449 0.178312 0.0186464 0.159665 0.196958
450 0.185804 0.011656 0.174148 0.19746
451 0.177185 0.00628564 0.1709 0.183471
452 0.180369 0.00854968 0.171819 0.188918
453 0.17651 0.00490272 0.171607 0.181413
454 0.185218 0.0181258 0.167092 0.203344
455 0.183672 0.0141625 0.169509 0.197834
456 0.182591 0.0142729 0.168318 0.196864
457 0.184317 0.0189869 0.16533 0.203304
458 0.175023 0.01003 0.164993 0.185053
459 0.174213 0.012362 0.161851 0.186575
460 0.174393 0.0138299 0.160563 0.188223
461 0.17148 0.00771484 0.163765 0.179195
462 0.175519 0.0115397 0.163979 0.187059
463 0.170294 0.0074644 0.162829 0.177758
464 0.170789 0.0115983 0.159191 0.182388
465 0.172141 0.00551165 0.166629 0.177652
466 0.175564 0.0115126 0.164051 0.187077
467 0.176074 0.0100846 0.16599 0.186159
468 0.175279 0.00986946 0.165409 0.185148
469 0.181405 0.0210798 0.160325 0.202484
470 0.177035 0.0116404 0.165395 0.188676
471 0.175699 0.00847267 0.167226 0.184172
472 0.176255 0.00965908 0.166596 0.185914
473 0.175098 0.00812996 0.166969 0.183228
474 0.178477 0.0117248 0.166752 0.190202
475 0.180308 0.0150778 0.165231 0.195386
476 0.1769 0.0119589 0.164941 0.188859
477 0.175954 0.0114648 0.16449 0.187419
478 0.17127 0.00619009 0.16508 0.17746
479 0.178507 0.010892 0.167615 0.189399
480 0.173507 0.00620923 0.167298 0.179716
481 0.171195 0.00269408 0.168501 0.173889
482 0.177231 0.0145088 0.162722 0.191739
483 0.175008 0.0125313 0.162477 0.18754
484 0.18214 0.0271293 0.155011 0.20927
485 0.175624 0.0109945 0.164629 0.186619
486 0.175399 0.0104533 0.164945 0.185852
487 0.177261 0.0138853 0.163375 0.191146
488 0.170699 0.00524645 0.165453 0.175946
489 0.17714 0.0167783 0.160362 0.193919
490 0.172531 0.00686177 0.165669 0.179393
491 0.167561 0.0101833 0.157378 0.177745
492 0.164033 0.00365302 0.16038 0.167686
493 0.1766 0.0143285 0.162271 0.190928
494 0.180203 0.0181219 0.162082 0.198325
495 0.177185 0.0118565 0.165329 0.189042
496 0.177771 0.0232411 0.15453 0.201012
497 0.173522 0.00801174 0.16551 0.181534
498 0.173672 0.00651515 0.167157 0.180187
499 0.175654 0.00825138 0.167403 0.183905
500 0.175083 0.00749067 0.167593 0.182574
501 0.174993 0.00774132 0.167252 0.182735
502 0.175504 0.00687555 0.168628 0.182379
503 0.177561 0.0109744 0.166586 0.188535
504 0.176165 0.0140913 0.162073 0.190256
505 0.183176 0.00687786 0.176298 0.190054
506 0.185158 0.00962771 0.17553 0.194786
507 0.181329 0.00896415 0.172365 0.190294
508 0.181615 0.00893459 0.17268 0.190549
509 0.182471 0.01501 0.167461 0.197481
510 0.18139 0.00850007 0.172889 0.18989
511 0.1822 0.01354 0.16866 0.19574
512 0.182921 0.0147326 0.168188 0.197654
513 0.183732 0.0136485 0.170083 0.19738
514 0.184062 0.0146821 0.16938 0.198744
515 0.18193 0.0159366 0.165993 0.197867
516 0.171525 0.00762202 0.163903 0.179147
517 0.174273 0.0145646 0.159708 0.188837
518 0.17139 0.0073616 0.164028 0.178752
519 0.170684 0.00755416 0.16313 0.178238
520 0.172441 0.0103479 0.162093 0.182789
521 0.195233 0.100643 0.0945901 0.295876
522 0.174168 0.0105602 0.163607 0.184728
523 0.173132 0.0139515 0.15918 0.187083
524 0.174032 0.0217519 0.152281 0.195784
525 0.170369 0.0077532 0.162616 0.178122
526 0.171225 0.00928646 0.161938 0.180511
527 0.172966 0.0103223 0.162644 0.183289
528 0.176465 0.0120708 0.164394 0.188536
529 0.175744 0.0142037 0.16154 0.189948
530 0.17199 0.0109149 0.161076 0.182905
531 0.172096 0.01107 0.161026 0.183166
532 0.168267 0.00351258 0.164754 0.171779
533 0.168132 0.00323964 0.164892 0.171371
534 0.171585 0.0101338 0.161451 0.181719
535 0.169843 0.00848092 0.161363 0.178324
536 0.169168 0.0072954 0.161872 0.176463
537 0.169873 0.00764476 0.162229 0.177518
538 0.176195 0.0105896 0.165605 0.186784
539 0.170849 0.00576013 0.165089 0.17661
540 0.176285 0.0145364 0.161748 0.190821
541 0.173357 0.0086851 0.164672 0.182042
542 0.172696 0.0117212 0.160975 0.184417
543 0.173942 0.0139726 0.15997 0.187915
544 0.17693 0.0115479 0.165382 0.188478
545 0.177306 0.0159607 0.161345 0.193266
546 0.170369 0.0104883 0.159881 0.180857
547 0.170429 0.00688603 0.163543 0.177315
548 0.170504 0.00783092 0.162673 0.178335
549 0.172081 0.00905881 0.163022 0.181139
550 0.176555 0.0172708 0.159284 0.193826
551 0.178462 0.0184694 0.159992 0.196931
552 0.170249 0.00708674 0.163162 0.177336
553 0.17196 0.00722085 0.16474 0.179181
554 0.172441 0.0107719 0.161669 0.183213
555 0.169738 0.00761389 0.162124 0.177352
556 0.171045 0.00736376 0.163681 0.178408
557 0.170909 0.00769893 0.163211 0.178608
558 0.172186 0.0122072 0.159978 0.184393
559 0.176134 0.0207233 0.155411 0.196858
560 0.174378 0.01336 0.161018 0.187738
561 0.174618 0.0142479 0.16037 0.188866
562 0.179723 0.0167553 0.162968 0.196478
563 0.170939 0.00876765 0.162172 0.179707
564 0.17184 0.0100795 0.161761 0.18192
565 0.167201 0.00294467 0.164256 0.170146
566 0.17148 0.0090274 0.162453 0.180507
567 0.173507 0.00867289 0.164834 0.18218
568 0.170534 0.00569354 0.164841 0.176228
569 0.171975 0.00756114 0.164414 0.179537
570 0.172066 0.0071988 0.164867 0.179264
571 0.175369 0.0139581 0.161411 0.189327
572 0.175249 0.0110901 0.164158 0.186339
573 0.174843 0.0106786 0.164165 0.185522
574 0.17187 0.00819369 0.163677 0.180064
575 0.172606 0.00881316 0.163793 0.181419
576 0.173492 0.0102797 0.163212 0.183772
577 0.172891 0.00921054 0.163681 0.182102
578 0.17196 0.00825946 0.163701 0.18022
579 0.177846 0.0207038 0.157142 0.19855
580 0.175129 0.010651 0.164478 0.18578
581 0.174002 0.0109185 0.163084 0.184921
582 0.169964 0.0082462 0.161717 0.17821
583 0.176255 0.0108734 0.165381 0.187128
584 0.173672 0.00990784 0.163764 0.18358
585 0.175369 0.0203114 0.155057 0.19568
586 0.172681 0.00889001 0.163791 0.181571
587 0.172351 0.00885393 0.163497 0.181205
588 0.171045 0.00858816 0.162456 0.179633
589 0.181645 0.0129532 0.168692 0.194598
590 0.176225 0.0102834 0.165941 0.186508
591 0.172051 0.00879004 0.163261 0.180841
592 0.168327 0.00593819 0.162389 0.174265
593 0.177471 0.00739772 0.170073 0.184868
594 0.179993 0.0152813 0.164712 0.195274
595 0.179303 0.0144076 0.164895 0.19371
596 0.179453 0.0122797 0.167173 0.191732
597 0.178987 0.0118393 0.167148 0.190827
598 0.178372 0.0103423 0.168029 0.188714
599 0.178282 0.00800094 0.170281 0.186282
600 0.179753 0.0126754 0.167078 0.192428
601 0.181615 0.015117 0.166498 0.196732
602 0.174108 0.00527911 0.168828 0.179387
603 0.177216 0.00963187 0.167584 0.186847
604 0.175924 0.00683068 0.169094 0.182755
605 0.177426 0.00931974 0.168106 0.186745
606 0.175759 0.00766655 0.168093 0.183426
607 0.170219 0.00891928 0.1613 0.179138
608 0.169153 0.00998934 0.159163 0.179142
609 0.167006 0.0049409 0.162065 0.171947
610 0.167156 0.00794051 0.159215 0.175096
611 0.168642 0.0113735 0.157269 0.180016
612 0.166015 0.0116333 0.154381 0.177648
613 0.167741 0.0136453 0.154096 0.181387
614 0.163432 0.00962325 0.153809 0.173056
615 0.165835 0.0091821 0.156652 0.175017
616 0.163612 0.00919457 0.154418 0.172807
617 0.18714 0.0999317 0.0872084 0.287072
618 0.16663 0.00918359 0.157447 0.175814
619 0.168282 0.0141437 0.154138 0.182426
620 0.163357 0.0080335 0.155324 0.171391
621 0.16591 0.0120211 0.153889 0.177931
622 0.169483 0.0194654 0.150018 0.188949
623 0.178116 0.0181937 0.159923 0.19631
624 0.168027 0.00554314 0.162484 0.17357
625 0.169423 0.00841002 0.161013 0.177833
626 0.172066 0.0110757 0.16099 0.183141
627 0.173072 0.0100237 0.163048 0.183095
628 0.180879 0.0217321 0.159147 0.202611
629 0.172021 0.0108828 0.161138 0.182903
630 0.173822 0.0090063 0.164816 0.182829
631 0.173342 0.0138159 0.159526 0.187158
632 0.169828 0.00785729 0.161971 0.177686
633 0.17121 0.00894451 0.162265 0.180154
634 0.173867 0.00951067 0.164357 0.183378
635 0.17163 0.00770724 0.163923 0.179337
636 0.174453 0.0239367 0.150516 0.19839
637 0.17112 0.00909646 0.162023 0.180216
638 0.171765 0.00917578 0.162589 0.180941
639 0.171765 0.00906007 0.162705 0.180825
640 0.171585 0.00797967 0.163605 0.179565
641 0.178026 0.0206181 0.157408 0.198644
642 0.173777 0.00842743 0.16535 0.182205
643 0.179978 0.0107704 0.169208 0.190749
644 0.180308 0.0094548 0.170854 0.189763
645 0.179468 0.00650822 0.172959 0.185976
646 0.183972 0.0125006 0.171471 0.196473
647 0.18181 0.0104224 0.171387 0.192232
648 0.178912 0.00594891 0.172963 0.184861
649 0.181284 0.00843812 0.172846 0.189723
650 0.185353 0.0181924 0.167161 0.203546
651 0.189017 0.0218282 0.167189 0.210845
652 0.184077 0.0151189 0.168958 0.199196
653 0.1816 0.00698253 0.174617 0.188582
654 0.183567 0.0116488 0.171918 0.195215
655 0.181089 0.00794517 0.173144 0.189034
656 0.18178 0.0122977 0.169482 0.194078
657 0.173357 0.00943553 0.163921 0.182792
658 0.176795 0.0128834 0.163912 0.189678
659 0.177561 0.0132168 0.164344 0.190778
660 0.174438 0.00988535 0.164552 0.184323
661 0.170894 0.00382665 0.167068 0.174721
662 0.169813 0.00322234 0.166591 0.173036
663 0.173387 0.00702343 0.166363 0.18041
664 0.177441 0.0115547 0.165886 0.188995
665 0.177576 0.0119526 0.165623 0.189528
666 0.173026 0.00818947 0.164837 0.181216
667 0.175579 0.0100371 0.165542 0.185616
668 0.175098 0.015789 0.159309 0.190887
669 0.172846 0.0134335 0.159413 0.18628
670 0.172396 0.00916983 0.163226 0.181566
671 0.171735 0.00629526 0.16544 0.178031
672 0.177155 0.00887529 0.16828 0.186031
673 0.180113 0.0155979 0.164515 0.195711
674 0.179528 0.01318 0.166348 0.192708
675 0.174693 0.00816812 0.166525 0.182861
676 0.170519 0.00269136 0.167828 0.17321
677 0.17106 0.00456229 0.166497 0.175622
678 0.172036 0.00521665 0.166819 0.177252
679 0.172351 0.00462433 0.167727 0.176975
680 0.177936 0.0111534 0.166783 0.18909
681 0.177411 0.011818 0.165593 0.189229
682 0.176525 0.0135138 0.163011 0.190039
683 0.17648 0.00924827 0.167232 0.185728
684 0.179948 0.0147612 0.165187 0.194709
685 0.177816 0.00886197 0.168954 0.186678
686 0.173312 0.00921465 0.164097 0.182526
687 0.171615 0.0164468 0.155168 0.188062
688 0.166135 0.00832612 0.157809 0.174461
689 0.17699 0.00819156 0.168799 0.185182
690 0.175159 0.00659891 0.16856 0.181757
691 0.178357 0.0152494 0.163107 0.193606
692 0.175684 0.0133527 0.162331 0.189037
693 0.181299 0.017075 0.164224 0.198374
694 0.177486 0.009942 0.167544 0.187428
695 0.1763 0.00627877 0.170021 0.182578
696 0.180654 0.0120892 0.168565 0.192743
697 0.1763 0.00820998 0.16809 0.18451
698 0.176465 0.00968043 0.166784 0.186145
699 0.18145 0.0179104 0.163539 0.19936
700 0.178612 0.0113792 0.167233 0.189991
701 0.185564 0.00714629 0.178417 0.19271
702 0.192725 0.0247106 0.168015 0.217436
703 0.186509 0.0170028 0.169507 0.203512
704 0.183341 0.013978 0.169363 0.197319
705 0.183221 0.00904178 0.17418 0.192263
706 0.186014 0.0156806 0.170333 0.201695
707 0.178492 0.00595784 0.172534 0.18445
708 0.186209 0.0303921 0.155817 0.216601
709 0.180564 0.00742455 0.173139 0.187988
710 0.182215 0.00828253 0.173933 0.190498
711 0.1819 0.0109895 0.170911 0.192889
712 0.184092 0.01443 0.169662 0.198522
713 0.180203 0.0083429 0.17186 0.188546
714 0.183837 0.0108202 0.173017 0.194657
715 0.181675 0.011192 0.170483 0.192867
716 0.185398 0.0131146 0.172284 0.198513
717 0.171675 0.00724879 0.164426 0.178924
718 0.171675 0.00902772 0.162647 0.180703
719 0.172111 0.0125703 0.15954 0.184681
720 0.171015 0.0102361 0.160778 0.181251
721 0.170804 0.00490179 0.165903 0.175706
722 0.171225 0.00834598 0.162879 0.179571
723 0.178492 0.028525 0.149967 0.207017
724 0.170069 0.00665482 0.163414 0.176723
725 0.169423 0.00708236 0.162341 0.176505
726 0.173162 0.0114217 0.16174 0.184583
727 0.170759 0.00859386 0.162165 0.179353
728 0.168192 0.00493324 0.163259 0.173125
729 0.171225 0.0107592 0.160466 0.181984
730 0.169183 0.00778635 0.161396 0.176969
731 0.174348 0.0117878 0.16256 0.186136
732 0.175444 0.0149997 0.160444 0.190443
733 0.169918 0.00901681 0.160902 0.178935
734 0.172891 0.0117262 0.161165 0.184618
735 0.171645 0.00909999 0.162545 0.180745
736 0.171705 0.010637 0.161068 0.182342
737 0.170864 0.0088338 0.162031 0.179698
738 0.170054 0.00672814 0.163325 0.176782
739 0.170924 0.0121577 0.158767 0.183082
740 0.168447 0.00515542 0.163292 0.173603
741 0.17151 0.00888687 0.162623 0.180397
742 0.176195 0.0148974 0.161297 0.191092
743 0.169964 0.00691839 0.163045 0.176882
744 0.175219 0.0162474 0.158971 0.191466
745 0.17663 0.0250982 0.151532 0.201728
746 0.169828 0.00620842 0.16362 0.176037
747 0.175038 0.0144763 0.160562 0.189515
748 0.175339 0.0127373 0.162601 0.188076
749 0.174108 0.0098811 0.164226 0.183989
750 0.169513 0.00568451 0.163829 0.175198
751 0.172801 0.0104673 0.162334 0.183269
752 0.172981 0.0100098 0.162972 0.182991
753 0.177741 0.0186576 0.159083 0.196399
754 0.17148 0.00674112 0.164739 0.178221
755 0.172711 0.0104802 0.162231 0.183191
756 0.172846 0.0103612 0.162485 0.183208
757 0.171525 0.00830428 0.163221 0.179829
758 0.175023 0.00819699 0.166826 0.18322
759 0.174303 0.00707846 0.167224 0.181381
760 0.175189 0.009961 0.165228 0.18515
761 0.173792 0.00983091 0.163961 0.183623
762 0.177726 0.0173161 0.16041 0.195042
763 0.175414 0.0137843 0.161629 0.189198
764 0.174303 0.0104527 0.16385 0.184755
765 0.174663 0.0111848 0.163478 0.185848
766 0.174783 0.0124537 0.16233 0.187237
767 0.169408 0.00334559 0.166062 0.172754
768 0.174933 0.0153643 0.159569 0.190298
769 0.177246 0.0131123 0.164133 0.190358
770 0.177546 0.0139338 0.163612 0.19148
771 0.173777 0.00927164 0.164506 0.183049
772 0.172966 0.00985524 0.163111 0.182822
773 0.172246 0.0106999 0.161546 0.182946
774 0.170294 0.00668364 0.16361 0.176977
775 0.175474 0.0156093 0.159865 0.191083
776 0.173327 0.00885348 0.164473 0.18218
777 0.178837 0.0174572 0.16138 0.196294
778 0.175849 0.0109201 0.164929 0.186769
779 0.173267 0.00894841 0.164318 0.182215
780 0.17693 0.0146996 0.162231 0.19163
781 0.175234 0.013451 0.161783 0.188685
782 0.174123 0.0234947 0.150628 0.197617
783 0.171225 0.00682627 0.164398 0.178051
784 0.170399 0.00805786 0.162341 0.178457
785 0.174363 0.00654346 0.167819 0.180906
786 0.17633 0.0120185 0.164311 0.188348
787 0.168807 0.00826656 0.160541 0.177074
788 0.166946 0.00534014 0.161605 0.172286
789 0.177456 0.00742963 0.170026 0.184885
790 0.180504 0.0183604 0.162143 0.198864
791 0.179603 0.0123312 0.167272 0.191934
792 0.178387 0.011308 0.167079 0.189695
793 0.178011 0.00972982 0.168281 0.187741
794 0.180278 0.0175262 0.162752 0.197805
795 0.180879 0.0129589 0.16792 0.193838
796 0.183176 0.0180865 0.16509 0.201263
797 0.165279 0.00533586 0.159943 0.170615
798 0.168567 0.00823377 0.160333 0.176801
799 0.170219 0.00894603 0.161273 0.179165
