# ../output/graphs/perf_parallel42QUADRUPED_thread2
# step - mean (0.2467) - standard deviation (0.0514632) r=5 - ylow - yhigh
0 0.268395 0.0969502 0.171445 0.365345
1 0.25796 0.0412444 0.216716 0.299205
2 0.248894 0.0762442 0.17265 0.325138
3 0.277205 0.0724466 0.204758 0.349651
4 0.286613 0.07624 0.210373 0.362853
5 0.269592 0.049273 0.220319 0.318865
6 0.26121 0.058387 0.202823 0.319597
7 0.269592 0.0646306 0.204962 0.334223
8 0.300298 0.0763115 0.223986 0.376609
9 0.260697 0.0538221 0.206875 0.314519
10 0.276264 0.0765893 0.199674 0.352853
11 0.277632 0.0673427 0.21029 0.344975
12 0.272244 0.0639913 0.208253 0.336235
13 0.28285 0.0681318 0.214718 0.350981
14 0.273441 0.0616975 0.211744 0.335139
15 0.266684 0.0958494 0.170835 0.362534
16 0.227768 0.00898115 0.218787 0.236749
17 0.221268 0.0141335 0.207134 0.235401
18 0.261809 0.0741419 0.187667 0.335951
19 0.231275 0.0348891 0.196386 0.266164
20 0.241795 0.0286682 0.213127 0.270463
21 0.231446 0.0385262 0.19292 0.269972
22 0.224774 0.0197844 0.20499 0.244559
23 0.221353 0.0133044 0.208049 0.234658
24 0.217333 0.0149774 0.202356 0.232311
25 0.241367 0.0444583 0.196909 0.285826
26 0.246328 0.0667867 0.179541 0.313115
27 0.264717 0.0593831 0.205334 0.3241
28 0.225116 0.00937175 0.215745 0.234488
29 0.265059 0.0493582 0.215701 0.314417
30 0.32972 0.162746 0.166975 0.492466
31 0.267967 0.0650418 0.202925 0.333009
32 0.274553 0.0626712 0.211882 0.337224
33 0.259842 0.0618337 0.198008 0.321676
34 0.26275 0.0630881 0.199662 0.325838
35 0.303463 0.152885 0.150578 0.456347
36 0.245302 0.0592435 0.186058 0.304545
37 0.250519 0.0476048 0.202914 0.298124
38 0.232985 0.0326749 0.20031 0.26566
39 0.252914 0.0609531 0.191961 0.313867
40 0.226399 0.012206 0.214193 0.238605
41 0.232643 0.00660858 0.226035 0.239252
42 0.228367 0.0124299 0.215937 0.240797
43 0.219044 0.00976847 0.209275 0.228812
44 0.221097 0.0103205 0.210776 0.231417
45 0.230676 0.0160756 0.2146 0.246752
46 0.218702 0.00765296 0.211049 0.226355
47 0.212629 0.00732473 0.205304 0.219954
48 0.219215 0.0106402 0.208575 0.229855
49 0.215537 0.0107816 0.204755 0.226319
50 0.209379 0.00480498 0.204574 0.214184
51 0.222978 0.0114259 0.211552 0.234404
52 0.217162 0.00860594 0.208556 0.225768
53 0.218616 0.00936708 0.209249 0.227983
54 0.22332 0.00664391 0.216676 0.229964
55 0.246756 0.0495819 0.197174 0.296338
56 0.241111 0.0565074 0.184603 0.297618
57 0.242479 0.0534556 0.189024 0.295935
58 0.253427 0.0485906 0.204837 0.302018
59 0.220583 0.00683922 0.213744 0.227423
60 0.226143 0.0123987 0.213744 0.238542
61 0.245815 0.054675 0.19114 0.30049
62 0.242736 0.0554951 0.187241 0.298231
63 0.225373 0.0115767 0.213796 0.23695
64 0.224005 0.00769971 0.216305 0.231704
65 0.214169 0.00699781 0.207171 0.221166
66 0.21759 0.00511327 0.212477 0.222703
67 0.215879 0.0109379 0.204941 0.226817
68 0.236834 0.0210089 0.215825 0.257843
69 0.222037 0.00695591 0.215081 0.228993
70 0.252743 0.0501321 0.202611 0.302875
71 0.240084 0.0446586 0.195426 0.284743
72 0.250177 0.0544388 0.195738 0.304616
73 0.261125 0.0646413 0.196484 0.325766
74 0.269763 0.0492833 0.22048 0.319047
75 0.275494 0.053434 0.22206 0.328928
76 0.22486 0.0107694 0.21409 0.235629
77 0.260868 0.0709492 0.189919 0.331817
78 0.261381 0.0497104 0.211671 0.311092
79 0.228281 0.00474213 0.223539 0.233023
80 0.220583 0.00660529 0.213978 0.227189
81 0.221097 0.00667467 0.214422 0.227771
82 0.221866 0.0101143 0.211752 0.231981
83 0.228965 0.00406249 0.224903 0.233028
84 0.266257 0.0859655 0.180291 0.352222
85 0.222123 0.00790224 0.214221 0.230025
86 0.243933 0.0400184 0.203915 0.283952
87 0.253769 0.0352149 0.218554 0.288984
88 0.256848 0.0659455 0.190903 0.322794
89 0.265829 0.0772321 0.188597 0.343061
90 0.253598 0.0604339 0.193164 0.314032
91 0.268053 0.0596114 0.208441 0.327664
92 0.267882 0.0568792 0.211003 0.324761
93 0.258559 0.0498985 0.20866 0.308457
94 0.268138 0.045332 0.222806 0.31347
95 0.256848 0.0439236 0.212925 0.300772
96 0.260441 0.0500416 0.210399 0.310482
97 0.294482 0.139904 0.154577 0.434386
98 0.238288 0.0149015 0.223387 0.25319
99 0.230676 0.0096978 0.220978 0.240374
100 0.228196 0.0133947 0.214801 0.24159
101 0.221524 0.00586366 0.215661 0.227388
102 0.248466 0.0467713 0.201695 0.295238
103 0.297475 0.087726 0.209749 0.385201
104 0.304403 0.0677002 0.236703 0.372104
105 0.274211 0.0483361 0.225875 0.322547
106 0.25625 0.0619978 0.194252 0.318247
107 0.252059 0.0513558 0.200703 0.303414
108 0.234525 0.018425 0.2161 0.25295
109 0.2459 0.0266192 0.219281 0.27252
110 0.226827 0.0102229 0.216604 0.23705
111 0.238801 0.0182755 0.220526 0.257077
112 0.228281 0.0102722 0.218009 0.238553
113 0.230505 0.00660302 0.223902 0.237108
114 0.229051 0.00448198 0.224569 0.233533
115 0.223577 0.0073546 0.216222 0.230932
116 0.222037 0.00425424 0.217783 0.226292
117 0.222037 0.01139 0.210647 0.233427
118 0.221695 0.00587986 0.215815 0.227575
119 0.217333 0.00406072 0.213272 0.221394
120 0.234097 0.0129561 0.221141 0.247053
121 0.229906 0.0109586 0.218948 0.240865
122 0.234781 0.0163473 0.218434 0.251129
123 0.221695 0.00479735 0.216898 0.226493
124 0.231788 0.00602977 0.225758 0.237818
125 0.218787 0.00328603 0.215501 0.222073
126 0.235722 0.0345975 0.201125 0.27032
127 0.228709 0.0177986 0.21091 0.246507
128 0.245986 0.0297659 0.21622 0.275752
129 0.222294 0.00625832 0.216036 0.228552
130 0.241709 0.0354188 0.206291 0.277128
131 0.232216 0.0254344 0.206781 0.25765
132 0.232814 0.0126909 0.220123 0.245505
133 0.218702 0.00353276 0.215169 0.222234
134 0.240683 0.0309089 0.209774 0.271592
135 0.254881 0.0617019 0.193179 0.316583
136 0.291488 0.083291 0.208197 0.374779
137 0.260184 0.0602918 0.199892 0.320476
138 0.262237 0.0489362 0.213301 0.311173
139 0.279172 0.0645563 0.214616 0.343728
140 0.234097 0.00537278 0.228724 0.23947
141 0.22486 0.00679095 0.218069 0.231651
142 0.258302 0.0617019 0.1966 0.320004
143 0.251631 0.061176 0.190455 0.312807
144 0.255908 0.0433098 0.212598 0.299217
145 0.274981 0.0612461 0.213735 0.336227
146 0.249749 0.0563373 0.193412 0.306087
147 0.228281 0.00715293 0.221128 0.235434
148 0.263092 0.0500945 0.212998 0.313187
149 0.250348 0.0550312 0.195317 0.305379
150 0.244703 0.0622028 0.1825 0.306906
151 0.218445 0.00442284 0.214022 0.222868
152 0.247782 0.0593311 0.188451 0.307113
153 0.265059 0.0744683 0.190591 0.339528
154 0.226057 0.0107395 0.215318 0.236797
155 0.227853 0.0206524 0.207201 0.248506
156 0.241111 0.0527373 0.188373 0.293848
157 0.213484 0.00685528 0.206629 0.22034
158 0.222294 0.0103397 0.211954 0.232634
159 0.22007 0.00986606 0.210204 0.229936
160 0.216906 0.00852477 0.208381 0.22543
161 0.227597 0.0111038 0.216493 0.238701
162 0.26523 0.0917773 0.173453 0.357008
163 0.310647 0.111417 0.19923 0.422064
164 0.267198 0.0645375 0.20266 0.331735
165 0.293199 0.0669146 0.226284 0.360113
166 0.270277 0.0622143 0.208062 0.332491
167 0.284389 0.0627837 0.221605 0.347173
168 0.30141 0.0612374 0.240172 0.362647
169 0.280797 0.0632716 0.217525 0.344068
170 0.286527 0.0564806 0.230047 0.343008
171 0.281053 0.0652456 0.215808 0.346299
172 0.263691 0.0684937 0.195197 0.332185
173 0.267369 0.0667398 0.200629 0.334108
174 0.225544 0.0126966 0.212848 0.238241
175 0.23059 0.0221842 0.208406 0.252775
176 0.226314 0.0198818 0.206432 0.246196
177 0.209635 0.00477292 0.204863 0.214408
178 0.217675 0.00888858 0.208787 0.226564
179 0.236064 0.037097 0.198967 0.273161
180 0.227768 0.00991784 0.21785 0.237686
181 0.245644 0.06045 0.185194 0.306094
182 0.246499 0.0705156 0.175984 0.317015
183 0.221439 0.0126325 0.208806 0.234071
184 0.237091 0.0535162 0.183575 0.290607
185 0.22238 0.0229885 0.199391 0.245368
186 0.218531 0.0105171 0.208013 0.229048
187 0.248295 0.0550538 0.193241 0.303349
188 0.246841 0.0474046 0.199437 0.294246
189 0.221695 0.0150072 0.206688 0.236702
190 0.255822 0.0649939 0.190828 0.320816
191 0.264118 0.0851262 0.178992 0.349245
192 0.237689 0.0214021 0.216287 0.259092
193 0.259158 0.0603078 0.19885 0.319465
194 0.289863 0.0643253 0.225538 0.354188
195 0.30312 0.0991489 0.203972 0.402269
196 0.222722 0.0148228 0.207899 0.237544
197 0.257447 0.0629559 0.194491 0.320403
198 0.260868 0.0879531 0.172915 0.348821
199 0.220241 0.013483 0.206758 0.233724
200 0.235808 0.0176006 0.218207 0.253408
201 0.229307 0.0116849 0.217623 0.240992
202 0.228709 0.00592204 0.222787 0.234631
203 0.223406 0.00718968 0.216216 0.230596
204 0.26027 0.0696355 0.190634 0.329905
205 0.284133 0.0663651 0.217767 0.350498
206 0.255651 0.0258231 0.229828 0.281474
207 0.294311 0.0614645 0.232846 0.355775
208 0.257618 0.0690093 0.188609 0.326627
209 0.275665 0.067921 0.207744 0.343586
210 0.259671 0.0711445 0.188526 0.330815
211 0.268566 0.0447898 0.223776 0.313356
212 0.267967 0.0556097 0.212358 0.323577
213 0.277034 0.0601124 0.216921 0.337146
214 0.252914 0.0538636 0.19905 0.306778
215 0.273099 0.0571595 0.21594 0.330259
216 0.263178 0.062741 0.200437 0.325919
217 0.2725 0.0599651 0.212535 0.332466
218 0.269763 0.0555852 0.214178 0.325349
219 0.263263 0.059799 0.203464 0.323062
220 0.245986 0.0206577 0.225328 0.266644
221 0.232472 0.0101006 0.222372 0.242573
222 0.245302 0.0297428 0.215559 0.275044
223 0.22965 0.0140124 0.215637 0.243662
224 0.235466 0.017248 0.218218 0.252714
225 0.263178 0.0418057 0.221372 0.304983
226 0.270106 0.08716 0.182946 0.357266
227 0.286356 0.122248 0.164108 0.408605
228 0.259585 0.0619161 0.197669 0.321501
229 0.268566 0.0695301 0.199036 0.338096
230 0.271389 0.0591384 0.21225 0.330527
231 0.263862 0.0633515 0.20051 0.327213
232 0.258644 0.0658138 0.192831 0.324458
233 0.253855 0.0597029 0.194152 0.313558
234 0.260612 0.0548281 0.205784 0.31544
235 0.269849 0.0491864 0.220663 0.319035
236 0.268224 0.0716741 0.19655 0.339898
237 0.27558 0.0649056 0.210674 0.340485
238 0.26352 0.0609542 0.202566 0.324474
239 0.284988 0.0679517 0.217036 0.35294
240 0.24992 0.0480881 0.201832 0.298008
241 0.226827 0.0110417 0.215785 0.237869
242 0.276777 0.103824 0.172953 0.380601
243 0.243762 0.0162576 0.227505 0.26002
244 0.233841 0.0266485 0.207192 0.260489
245 0.228538 0.0177062 0.210831 0.246244
246 0.235893 0.0296071 0.206286 0.2655
247 0.221268 0.00379242 0.217475 0.22506
248 0.231788 0.0220546 0.209733 0.253843
249 0.233926 0.0086127 0.225313 0.242539
250 0.224518 0.0116617 0.212856 0.236179
251 0.227255 0.00981032 0.217444 0.237065
252 0.224347 0.0118131 0.212534 0.23616
253 0.221866 0.0110179 0.210848 0.232884
254 0.232814 0.0312305 0.201584 0.264045
255 0.223149 0.00468784 0.218461 0.227837
256 0.228623 0.0192218 0.209401 0.247845
257 0.240084 0.0356423 0.204442 0.275727
258 0.248894 0.055308 0.193586 0.304202
259 0.256164 0.0459825 0.210182 0.302147
260 0.244874 0.0532015 0.191673 0.298076
261 0.247697 0.0510363 0.19666 0.298733
262 0.246071 0.0314894 0.214582 0.277561
263 0.252999 0.0420247 0.210975 0.295024
264 0.216991 0.00944175 0.207549 0.226433
265 0.22409 0.0280378 0.196052 0.252128
266 0.239657 0.0367996 0.202857 0.276456
267 0.225715 0.0137659 0.211949 0.239481
268 0.224945 0.011718 0.213227 0.236663
269 0.219471 0.017239 0.202232 0.23671
270 0.280369 0.108971 0.171398 0.38934
271 0.24992 0.0620539 0.187866 0.311974
272 0.231189 0.0252766 0.205913 0.256466
273 0.220669 0.0115514 0.209118 0.23222
274 0.222379 0.00848863 0.213891 0.230868
275 0.301666 0.0734198 0.228247 0.375086
276 0.246841 0.0510091 0.195832 0.29785
277 0.25625 0.0597536 0.196496 0.316003
278 0.294909 0.0489251 0.245984 0.343835
279 0.279599 0.0737417 0.205858 0.353341
280 0.269763 0.0677553 0.202008 0.337519
281 0.244874 0.0603827 0.184491 0.305257
282 0.255309 0.0556311 0.199678 0.31094
283 0.246071 0.0548521 0.191219 0.300924
284 0.252401 0.049594 0.202807 0.301995
285 0.239229 0.0149583 0.224271 0.254187
286 0.27002 0.0597715 0.210249 0.329792
287 0.244532 0.0282994 0.216233 0.272831
288 0.280797 0.079277 0.20152 0.360074
289 0.289264 0.080926 0.208338 0.37019
290 0.335451 0.0586771 0.276774 0.394128
291 0.300725 0.0571882 0.243537 0.357914
292 0.299699 0.0588046 0.240895 0.358504
293 0.264974 0.0559475 0.209026 0.320921
294 0.254026 0.0578063 0.19622 0.311832
295 0.261553 0.0759103 0.185642 0.337463
296 0.262493 0.080786 0.181707 0.343279
297 0.336648 0.144062 0.192587 0.48071
298 0.322194 0.131984 0.19021 0.454178
299 0.279343 0.0839985 0.195344 0.363341
300 0.260526 0.0629666 0.19756 0.323493
301 0.226057 0.0114419 0.214615 0.237499
302 0.219044 0.00801617 0.211028 0.22706
303 0.235979 0.0337379 0.202241 0.269717
304 0.235551 0.0166343 0.218917 0.252186
305 0.231959 0.0182134 0.213746 0.250172
306 0.224005 0.0109746 0.21303 0.234979
307 0.252315 0.0289303 0.223385 0.281246
308 0.2193 0.00756066 0.21174 0.226861
309 0.230419 0.0221595 0.20826 0.252579
310 0.226143 0.00719373 0.218949 0.233337
311 0.22486 0.0139874 0.210873 0.238847
312 0.222551 0.00834787 0.214203 0.230898
313 0.222978 0.0130321 0.209946 0.23601
314 0.219557 0.00403535 0.215522 0.223592
315 0.222722 0.00797957 0.214742 0.230701
316 0.22409 0.0134095 0.210681 0.2375
317 0.24419 0.0433455 0.200844 0.287535
318 0.238545 0.0363464 0.202198 0.274891
319 0.22084 0.00744954 0.21339 0.228289
320 0.220498 0.00552051 0.214977 0.226018
321 0.218616 0.0123277 0.206288 0.230944
322 0.231189 0.00763862 0.223551 0.238828
323 0.228709 0.0110675 0.217641 0.239776
324 0.273527 0.0755834 0.197943 0.34911
325 0.265487 0.0439825 0.221504 0.309469
326 0.254368 0.0422883 0.21208 0.296656
327 0.270191 0.0727716 0.19742 0.342963
328 0.233327 0.0151985 0.218129 0.248526
329 0.262237 0.0666784 0.195558 0.328915
330 0.240598 0.0195444 0.221053 0.260142
331 0.25471 0.0467928 0.207917 0.301503
332 0.237347 0.0050673 0.23228 0.242415
333 0.23136 0.0218346 0.209526 0.253195
334 0.255993 0.0405532 0.21544 0.296546
335 0.236407 0.00747305 0.228933 0.24388
336 0.229821 0.00660635 0.223214 0.236427
337 0.235466 0.0123638 0.223102 0.24783
338 0.235551 0.009025 0.226526 0.244576
339 0.233413 0.0142284 0.219184 0.247641
340 0.238117 0.0117691 0.226348 0.249886
341 0.243848 0.0251501 0.218698 0.268998
342 0.248637 0.0223374 0.2263 0.270975
343 0.232472 0.0116353 0.220837 0.244107
344 0.224005 0.00466436 0.21934 0.228669
345 0.240854 0.0328368 0.208017 0.273691
346 0.234354 0.00907992 0.225274 0.243434
347 0.234012 0.0106807 0.223331 0.244692
348 0.227426 0.0106739 0.216752 0.2381
349 0.228965 0.00413385 0.224832 0.233099
350 0.237604 0.0112094 0.226395 0.248813
351 0.241966 0.0224986 0.219467 0.264465
352 0.238117 0.0177058 0.220411 0.255823
353 0.249065 0.0359418 0.213123 0.285007
354 0.250776 0.033699 0.217077 0.284475
355 0.241367 0.017559 0.223808 0.258926
356 0.264632 0.0477705 0.216861 0.312402
357 0.242565 0.0197692 0.222795 0.262334
358 0.262493 0.0680758 0.194418 0.330569
359 0.292686 0.0922782 0.200407 0.384964
360 0.274211 0.0937505 0.180461 0.367962
361 0.262237 0.0558093 0.206427 0.318046
362 0.238716 0.00605637 0.232659 0.244772
363 0.249493 0.0346073 0.214885 0.2841
364 0.255394 0.0588805 0.196514 0.314275
365 0.265658 0.0471548 0.218503 0.312813
366 0.248979 0.0509646 0.198015 0.299944
367 0.275665 0.0728942 0.202771 0.348559
368 0.236578 0.00930831 0.227269 0.245886
369 0.235124 0.00985792 0.225266 0.244981
370 0.245131 0.0372843 0.207846 0.282415
371 0.229821 0.00624198 0.223579 0.236063
372 0.228367 0.0128381 0.215529 0.241205
373 0.253427 0.0583859 0.195041 0.311813
374 0.227084 0.0115482 0.215535 0.238632
375 0.277547 0.0688917 0.208655 0.346438
376 0.265059 0.0609176 0.204142 0.325977
377 0.263776 0.0621363 0.20164 0.325913
378 0.228794 0.0134776 0.215317 0.242272
379 0.256592 0.0337894 0.222802 0.290381
380 0.269935 0.0924147 0.17752 0.362349
381 0.23538 0.0396004 0.19578 0.274981
382 0.267283 0.0875455 0.179738 0.354829
383 0.259072 0.0569054 0.202167 0.315977
384 0.275665 0.0642639 0.211401 0.339929
385 0.236492 0.0102779 0.226214 0.24677
386 0.241709 0.042245 0.199464 0.283954
387 0.248637 0.0459743 0.202663 0.294612
388 0.252657 0.0676954 0.184962 0.320353
389 0.294311 0.0975151 0.196796 0.391826
390 0.254282 0.0602226 0.19406 0.314505
391 0.273356 0.0484532 0.224903 0.321809
392 0.257447 0.0604381 0.197009 0.317885
393 0.223834 0.0089075 0.214926 0.232741
394 0.239058 0.0383984 0.20066 0.277456
395 0.219814 0.00725248 0.212561 0.227066
396 0.27079 0.057381 0.213409 0.328171
397 0.226742 0.00533035 0.221411 0.232072
398 0.258473 0.0446848 0.213789 0.303158
399 0.272415 0.0621101 0.210305 0.334525
400 0.273954 0.0596772 0.214277 0.333632
401 0.262066 0.0587 0.203366 0.320766
402 0.260868 0.0473155 0.213553 0.308184
403 0.285501 0.0640136 0.221487 0.349515
404 0.249407 0.0586389 0.190768 0.308046
405 0.255736 0.0512556 0.204481 0.306992
406 0.290205 0.077051 0.213154 0.367256
407 0.265658 0.0523642 0.213294 0.318022
408 0.245131 0.0466807 0.19845 0.291811
409 0.244874 0.0521846 0.192689 0.297059
410 0.264033 0.0734974 0.190536 0.33753
411 0.268138 0.0539182 0.21422 0.322057
412 0.29739 0.0578832 0.239507 0.355273
413 0.28131 0.0651821 0.216128 0.346492
414 0.290205 0.0603755 0.22983 0.350581
415 0.274639 0.0533243 0.221314 0.327963
416 0.261467 0.0499945 0.211472 0.311461
417 0.260441 0.0532478 0.207193 0.313688
418 0.250434 0.0345247 0.215909 0.284958
419 0.239058 0.012017 0.227041 0.251075
420 0.23538 0.0224745 0.212906 0.257855
421 0.27404 0.0486829 0.225357 0.322723
422 0.238887 0.0216336 0.217253 0.26052
423 0.237091 0.0268825 0.210208 0.263973
424 0.249322 0.038148 0.211174 0.28747
425 0.2329 0.0235226 0.209377 0.256422
426 0.24094 0.0162544 0.224685 0.257194
427 0.270875 0.0410526 0.229823 0.311928
428 0.241453 0.0240683 0.217385 0.265521
429 0.283534 0.103673 0.179861 0.387207
430 0.274981 0.0590626 0.215918 0.334043
431 0.253256 0.0474733 0.205783 0.300729
432 0.258046 0.0561374 0.201908 0.314183
433 0.241367 0.0341401 0.207227 0.275507
434 0.22965 0.00687976 0.22277 0.236529
435 0.22563 0.00854281 0.217087 0.234172
436 0.228709 0.0281906 0.200518 0.256899
437 0.216734 0.00634546 0.210389 0.22308
438 0.230334 0.0200433 0.210291 0.250377
439 0.224347 0.0112387 0.213108 0.235585
440 0.247525 0.069114 0.178411 0.316639
441 0.231189 0.038379 0.19281 0.269568
442 0.230163 0.00986168 0.220301 0.240024
443 0.226485 0.00825983 0.218225 0.234745
444 0.213655 0.00569019 0.207965 0.219346
445 0.222722 0.0113514 0.21137 0.234073
446 0.234696 0.0237143 0.210982 0.25841
447 0.230762 0.0219209 0.208841 0.252682
448 0.235893 0.031006 0.204887 0.266899
449 0.228965 0.00756644 0.221399 0.236532
450 0.237433 0.0170813 0.220352 0.254514
451 0.252144 0.0315602 0.220584 0.283704
452 0.226485 0.00553376 0.220951 0.232019
453 0.235209 0.0235108 0.211698 0.25872
454 0.240769 0.031076 0.209693 0.271845
455 0.234268 0.00831628 0.225952 0.242585
456 0.230334 0.00775738 0.222576 0.238091
457 0.224347 0.00747895 0.216868 0.231826
458 0.231617 0.0162521 0.215365 0.247869
459 0.257362 0.042805 0.214557 0.300167
460 0.250006 0.0204373 0.229569 0.270443
461 0.276178 0.0715811 0.204597 0.347759
462 0.261467 0.0425635 0.218904 0.30403
463 0.284218 0.0785032 0.205715 0.362721
464 0.23213 0.00940607 0.222724 0.241536
465 0.250006 0.0350389 0.214967 0.285045
466 0.241453 0.0238945 0.217558 0.265347
467 0.242479 0.0313339 0.211145 0.273813
468 0.246243 0.0269705 0.219272 0.273213
469 0.233413 0.0294421 0.203971 0.262855
470 0.252315 0.0354638 0.216851 0.287779
471 0.251973 0.0367706 0.215202 0.288744
472 0.235979 0.00906541 0.226913 0.245044
473 0.243163 0.0110317 0.232132 0.254195
474 0.234952 0.0105262 0.224426 0.245479
475 0.2459 0.0160401 0.22986 0.261941
476 0.24821 0.0375689 0.210641 0.285779
477 0.256763 0.0470796 0.209683 0.303842
478 0.255223 0.0360016 0.219222 0.291225
479 0.262237 0.0643934 0.197843 0.32663
480 0.275152 0.0627928 0.212359 0.337945
481 0.285244 0.0696856 0.215559 0.35493
482 0.263178 0.0457605 0.217417 0.308938
483 0.263178 0.0540054 0.209172 0.317183
484 0.263263 0.059233 0.20403 0.322496
485 0.287554 0.0787716 0.208782 0.366325
486 0.259756 0.0670058 0.192751 0.326762
487 0.278231 0.0684023 0.209829 0.346633
488 0.283962 0.0806368 0.203325 0.364598
489 0.282764 0.0838385 0.198926 0.366603
490 0.288751 0.0782136 0.210538 0.366965
491 0.316549 0.0630804 0.253468 0.379629
492 0.26848 0.0538364 0.214644 0.322317
493 0.262579 0.0469079 0.215671 0.309487
494 0.292515 0.115543 0.176971 0.408058
495 0.326983 0.100691 0.226292 0.427675
496 0.282593 0.0598844 0.222709 0.342477
497 0.265829 0.0545271 0.211302 0.320356
498 0.263007 0.0462601 0.216746 0.309267
499 0.268823 0.060557 0.208266 0.32938
500 0.225116 0.00983267 0.215284 0.234949
501 0.248381 0.0591383 0.189242 0.307519
502 0.263605 0.0512496 0.212356 0.314855
503 0.256934 0.0629835 0.19395 0.319917
504 0.241966 0.0331616 0.208804 0.275128
505 0.221268 0.00289542 0.218372 0.224163
506 0.235209 0.0359666 0.199242 0.271176
507 0.257019 0.0439655 0.213054 0.300985
508 0.257618 0.0567388 0.200879 0.314357
509 0.247183 0.0294777 0.217706 0.276661
510 0.226228 0.00824381 0.217985 0.234472
511 0.229906 0.0092143 0.220692 0.239121
512 0.301239 0.0916777 0.209561 0.392916
513 0.299357 0.102098 0.197259 0.401455
514 0.254539 0.0409783 0.213561 0.295517
515 0.245045 0.0346795 0.210366 0.279725
516 0.233156 0.0148301 0.218326 0.247986
517 0.275066 0.0974922 0.177574 0.372559
518 0.243848 0.0351148 0.208733 0.278963
519 0.268737 0.0487574 0.21998 0.317494
520 0.232044 0.0169722 0.215072 0.249017
521 0.229051 0.0137052 0.215346 0.242756
522 0.240598 0.0402244 0.200373 0.280822
523 0.237176 0.0350243 0.202152 0.272201
524 0.244532 0.0332563 0.211276 0.277788
525 0.24419 0.0340708 0.210119 0.278261
526 0.240512 0.0421871 0.198325 0.282699
527 0.253769 0.0475404 0.206229 0.30131
528 0.239999 0.0399771 0.200022 0.279976
529 0.220156 0.00709646 0.213059 0.227252
530 0.256677 0.0394549 0.217222 0.296132
531 0.25146 0.0326711 0.218789 0.284131
532 0.227426 0.00927285 0.218153 0.236699
533 0.225972 0.00899333 0.216978 0.234965
534 0.267369 0.0534511 0.213917 0.32082
535 0.247953 0.0567187 0.191234 0.304672
536 0.237518 0.0152393 0.222279 0.252758
537 0.226314 0.0113353 0.214979 0.237649
538 0.224603 0.0153131 0.20929 0.239916
539 0.227511 0.0214885 0.206023 0.249
540 0.225116 0.00585493 0.219262 0.230971
541 0.254368 0.0479142 0.206454 0.302282
542 0.228281 0.00782685 0.220454 0.236108
543 0.22563 0.00783247 0.217797 0.233462
544 0.263092 0.0595795 0.203513 0.322672
545 0.233926 0.0107033 0.223223 0.244629
546 0.223491 0.00722013 0.216271 0.230712
547 0.228538 0.00939124 0.219146 0.237929
548 0.239571 0.0201504 0.219421 0.259722
549 0.224603 0.00603824 0.218565 0.230642
550 0.244874 0.0130265 0.231848 0.257901
551 0.223491 0.00828633 0.215205 0.231778
552 0.224005 0.00363277 0.220372 0.227637
553 0.230505 0.016618 0.213887 0.247123
554 0.243506 0.0359682 0.207537 0.279474
555 0.240854 0.0218537 0.219 0.262708
556 0.225202 0.00714882 0.218053 0.232351
557 0.264632 0.0904812 0.17415 0.355113
558 0.223662 0.00884318 0.214819 0.232506
559 0.22332 0.0109245 0.212396 0.234245
560 0.226399 0.0120036 0.214396 0.238403
561 0.229308 0.0251908 0.204117 0.254498
562 0.243591 0.0239403 0.219651 0.267531
563 0.231446 0.0238252 0.207621 0.255271
564 0.218958 0.00686911 0.212089 0.225827
565 0.2193 0.00595286 0.213348 0.225253
566 0.216563 0.0089689 0.207595 0.225532
567 0.222465 0.0132017 0.209263 0.235667
568 0.229821 0.0352316 0.194589 0.265052
569 0.238972 0.00852907 0.230443 0.247501
570 0.285073 0.0720153 0.213058 0.357089
571 0.263006 0.0728909 0.190116 0.335897
572 0.232558 0.0182672 0.21429 0.250825
573 0.273356 0.0569568 0.216399 0.330313
574 0.275665 0.0684568 0.207208 0.344122
575 0.23538 0.0167159 0.218664 0.252096
576 0.262835 0.0578307 0.205005 0.320666
577 0.290804 0.0862685 0.204535 0.377073
578 0.291232 0.0781101 0.213122 0.369342
579 0.234439 0.0110245 0.223415 0.245464
580 0.233755 0.0282518 0.205503 0.262007
581 0.220925 0.00965246 0.211273 0.230578
582 0.265401 0.064821 0.20058 0.330222
583 0.227255 0.010831 0.216424 0.238086
584 0.266855 0.0559372 0.210918 0.322793
585 0.267112 0.0556492 0.211463 0.322761
586 0.236407 0.0130764 0.22333 0.249483
587 0.237347 0.0242023 0.213145 0.26155
588 0.235637 0.0104928 0.225144 0.24613
589 0.237861 0.0143564 0.223504 0.252217
590 0.233498 0.00982296 0.223676 0.243321
591 0.241282 0.0188622 0.22242 0.260144
592 0.241538 0.0228359 0.218702 0.264374
593 0.239828 0.0122294 0.227598 0.252057
594 0.261638 0.0661425 0.195495 0.32778
595 0.251716 0.0509296 0.200787 0.302646
596 0.264461 0.0543208 0.21014 0.318781
597 0.288495 0.0724064 0.216088 0.360901
598 0.279257 0.0552034 0.224054 0.334461
599 0.289008 0.073053 0.215955 0.362061
600 0.293199 0.0667827 0.226416 0.359981
601 0.282935 0.0565678 0.226367 0.339503
602 0.249236 0.0509136 0.198323 0.30015
603 0.242223 0.0118625 0.23036 0.254085
604 0.246071 0.0399334 0.206138 0.286005
605 0.242308 0.0382548 0.204053 0.280563
606 0.224176 0.0053098 0.218866 0.229485
607 0.244019 0.0333368 0.210682 0.277356
608 0.244275 0.0115811 0.232694 0.255856
609 0.24821 0.0294063 0.218803 0.277616
610 0.241966 0.0224269 0.219539 0.264393
611 0.234268 0.027231 0.207037 0.261499
612 0.228367 0.0077781 0.220589 0.236145
613 0.241453 0.0288006 0.212652 0.270253
614 0.244532 0.0338667 0.210665 0.278399
615 0.229222 0.0133658 0.215856 0.242588
616 0.24744 0.0319232 0.215517 0.279363
617 0.246157 0.0457429 0.200414 0.2919
618 0.248552 0.0348608 0.213691 0.283413
619 0.222722 0.00898032 0.213741 0.231702
620 0.238801 0.0151043 0.223697 0.253906
621 0.223834 0.0082819 0.215552 0.232115
622 0.230505 0.0237538 0.206751 0.254259
623 0.227511 0.00774039 0.219771 0.235252
624 0.242394 0.0334876 0.208906 0.275881
625 0.228965 0.0103545 0.218611 0.23932
626 0.265145 0.0606121 0.204533 0.325757
627 0.273356 0.058883 0.214473 0.332239
628 0.258644 0.0516858 0.206959 0.31033
629 0.268823 0.0463767 0.222446 0.315199
630 0.249236 0.0513842 0.197852 0.30062
631 0.221952 0.00634312 0.215609 0.228295
632 0.243163 0.0622382 0.180925 0.305402
633 0.266941 0.0570313 0.20991 0.323972
634 0.234439 0.0280123 0.206427 0.262452
635 0.217932 0.00808072 0.209851 0.226013
636 0.219985 0.0149583 0.205026 0.234943
637 0.234012 0.0251661 0.208846 0.259178
638 0.254967 0.044813 0.210154 0.29978
639 0.226485 0.0189226 0.207562 0.245408
640 0.231018 0.00910972 0.221908 0.240128
641 0.239486 0.0143961 0.22509 0.253882
642 0.258046 0.0471207 0.210925 0.305166
643 0.263605 0.0788036 0.184802 0.342409
644 0.226314 0.0171965 0.209117 0.24351
645 0.239657 0.018911 0.220746 0.258568
646 0.23863 0.019971 0.218659 0.258601
647 0.221866 0.0166343 0.205232 0.238501
648 0.227084 0.0162576 0.210826 0.243341
649 0.247868 0.0525763 0.195291 0.300444
650 0.226998 0.0128022 0.214196 0.2398
651 0.219728 0.00559165 0.214136 0.22532
652 0.212458 0.00414973 0.208308 0.216608
653 0.22238 0.0105276 0.211852 0.232907
654 0.225544 0.0156327 0.209911 0.241177
655 0.244361 0.049634 0.194727 0.293995
656 0.256079 0.0569838 0.199095 0.313062
657 0.231446 0.0154249 0.216021 0.246871
658 0.219557 0.00956492 0.209992 0.229122
659 0.220241 0.0135344 0.206707 0.233776
660 0.273356 0.0711835 0.202172 0.344539
661 0.225288 0.0173553 0.207932 0.242643
662 0.227169 0.0113127 0.215857 0.238482
663 0.244703 0.052965 0.191738 0.297668
664 0.250519 0.0640089 0.18651 0.314528
665 0.222465 0.00802072 0.214444 0.230486
666 0.218017 0.0110874 0.20693 0.229105
667 0.219899 0.0115241 0.208375 0.231423
668 0.22811 0.00803079 0.220079 0.236141
669 0.218531 0.0115197 0.207011 0.23005
670 0.233841 0.0191394 0.214701 0.25298
671 0.246157 0.0248033 0.221354 0.27096
672 0.26121 0.0616648 0.199546 0.322875
673 0.227084 0.011718 0.215366 0.238802
674 0.23367 0.00477441 0.228895 0.238444
675 0.281909 0.0547939 0.227115 0.336703
676 0.225544 0.00957253 0.215972 0.235117
677 0.221866 0.00526829 0.216598 0.227135
678 0.24496 0.0343684 0.210591 0.279328
679 0.222208 0.00638101 0.215827 0.228589
680 0.258473 0.058085 0.200388 0.316558
681 0.221781 0.0102122 0.211569 0.231993
682 0.225117 0.00421275 0.220904 0.229329
683 0.22332 0.0117784 0.211542 0.235099
684 0.225886 0.0327945 0.193092 0.258681
685 0.216478 0.00452104 0.211957 0.220999
686 0.221353 0.0085385 0.212815 0.229892
687 0.223748 0.0129499 0.210798 0.236698
688 0.221353 0.0107802 0.210573 0.232133
689 0.217333 0.00954119 0.207792 0.226874
690 0.2193 0.00404263 0.215258 0.223343
691 0.232216 0.0184298 0.213786 0.250645
692 0.234781 0.0176719 0.21711 0.252453
693 0.225031 0.0111564 0.213875 0.236187
694 0.21434 0.00832508 0.206015 0.222665
695 0.237347 0.03329 0.204057 0.270637
696 0.239315 0.0296059 0.209709 0.26892
697 0.22409 0.0102815 0.213809 0.234372
698 0.239058 0.0269509 0.212107 0.266009
699 0.263178 0.0602275 0.20295 0.323405
700 0.257105 0.0644985 0.192606 0.321603
701 0.26198 0.0975448 0.164435 0.359525
702 0.284475 0.131053 0.153422 0.415528
703 0.253598 0.0727075 0.180891 0.326306
704 0.229051 0.006978 0.222073 0.236029
705 0.235295 0.00960611 0.225689 0.244901
706 0.234953 0.00859829 0.226354 0.243551
707 0.223577 0.00668234 0.216895 0.230259
708 0.22563 0.0176255 0.208004 0.243255
709 0.239657 0.0307525 0.208904 0.270409
710 0.247782 0.0445397 0.203242 0.292322
711 0.239571 0.0151256 0.224446 0.254697
712 0.255052 0.0544384 0.200614 0.309491
713 0.223662 0.00595651 0.217706 0.229619
714 0.237176 0.0267843 0.210392 0.263961
715 0.227853 0.00644272 0.221411 0.234296
716 0.235038 0.0138565 0.221182 0.248895
717 0.228709 0.00668777 0.222021 0.235397
718 0.244361 0.0409598 0.203401 0.285321
719 0.245729 0.00739038 0.238339 0.25312
720 0.245986 0.0414284 0.204558 0.287414
721 0.230077 0.00863395 0.221443 0.238711
722 0.249407 0.0222238 0.227183 0.271631
723 0.24017 0.0236049 0.216565 0.263775
724 0.233327 0.0102408 0.223087 0.243568
725 0.289521 0.0530875 0.236433 0.342609
726 0.238032 0.00359433 0.234437 0.241626
727 0.246243 0.0297437 0.216499 0.275986
728 0.272757 0.0923554 0.180402 0.365112
729 0.244703 0.0428536 0.201849 0.287557
730 0.228281 0.0159496 0.212332 0.244231
731 0.23863 0.0250051 0.213625 0.263635
732 0.225715 0.00779879 0.217916 0.233514
733 0.224774 0.0128199 0.211954 0.237594
734 0.241196 0.0411881 0.200008 0.282384
735 0.263862 0.0507132 0.213149 0.314575
736 0.29662 0.0801238 0.216496 0.376744
737 0.25146 0.0569559 0.194504 0.308416
738 0.294909 0.0868654 0.208044 0.381775
739 0.280027 0.0792045 0.200823 0.359232
740 0.280797 0.104594 0.176203 0.385391
741 0.279086 0.0690395 0.210047 0.348126
742 0.253684 0.036186 0.217498 0.28987
743 0.286014 0.122512 0.163502 0.408527
744 0.237433 0.035597 0.201836 0.27303
745 0.229051 0.0103191 0.218732 0.23937
746 0.233242 0.018429 0.214813 0.251671
747 0.23059 0.00876596 0.221824 0.239356
748 0.227682 0.00586116 0.221821 0.233544
749 0.253342 0.043872 0.20947 0.297214
750 0.223406 0.00596018 0.217446 0.229366
751 0.257789 0.0444565 0.213333 0.302246
752 0.259671 0.0549027 0.204768 0.314574
753 0.22238 0.00876007 0.213619 0.23114
754 0.250947 0.0318507 0.219096 0.282797
755 0.251374 0.0486085 0.202766 0.299983
756 0.281738 0.0648807 0.216857 0.346618
757 0.283962 0.0775777 0.206384 0.361539
758 0.265915 0.0542202 0.211694 0.320135
759 0.262237 0.0783174 0.183919 0.340554
760 0.224518 0.0121863 0.212331 0.236704
761 0.213912 0.00909363 0.204818 0.223006
762 0.225116 0.0164868 0.20863 0.241603
763 0.21682 0.0093811 0.207439 0.226201
764 0.213741 0.00311218 0.210629 0.216853
765 0.212287 0.00724539 0.205042 0.219532
766 0.245302 0.0531259 0.192176 0.298428
767 0.260697 0.0642839 0.196413 0.324981
768 0.22007 0.00631771 0.213752 0.226388
769 0.269592 0.102484 0.167109 0.372076
770 0.232643 0.0105032 0.22214 0.243146
771 0.246756 0.0441449 0.202611 0.290901
772 0.226656 0.0106656 0.21599 0.237322
773 0.216136 0.0113489 0.204787 0.227485
774 0.246243 0.0299886 0.216254 0.276231
775 0.218787 0.00837415 0.210413 0.227161
776 0.216906 0.00797503 0.208931 0.224881
777 0.226228 0.0112823 0.214946 0.237511
778 0.225288 0.017594 0.207694 0.242882
779 0.264546 0.0597335 0.204813 0.32428
780 0.230762 0.0181329 0.212629 0.248894
781 0.245302 0.04979 0.195512 0.295092
782 0.26121 0.041892 0.219318 0.303102
783 0.282593 0.0708797 0.211713 0.353473
784 0.260441 0.0532526 0.207188 0.313693
785 0.244104 0.0438025 0.200302 0.287907
786 0.252743 0.0677562 0.184987 0.320499
787 0.224945 0.0155327 0.209413 0.240478
788 0.243848 0.0540499 0.189798 0.297898
789 0.254197 0.0773362 0.176861 0.331533
790 0.277205 0.0966413 0.180563 0.373846
791 0.263434 0.0782836 0.185151 0.341718
792 0.227426 0.00991714 0.217509 0.237343
793 0.228623 0.0314743 0.197149 0.260098
794 0.226998 0.00908963 0.217908 0.236088
795 0.232814 0.0317451 0.201069 0.264559
796 0.219044 0.013221 0.205823 0.232265
797 0.238801 0.029601 0.2092 0.268402
798 0.261467 0.0688341 0.192633 0.330301
799 0.286784 0.0640501 0.222734 0.350834
