# ../output/graphs/perf_parallel100BIPED_thread4
# step - mean (0.136275) - standard deviation (0.0252044) r=20 - ylow - yhigh
0 0.146664 0.04595 0.100714 0.192614
1 0.142686 0.0200834 0.122603 0.16277
2 0.141339 0.0166557 0.124684 0.157995
3 0.140142 0.0171883 0.122954 0.15733
4 0.134882 0.0242402 0.110642 0.159122
5 0.14166 0.0275804 0.11408 0.16924
6 0.139928 0.022744 0.117184 0.162672
7 0.142216 0.0194173 0.122799 0.161633
8 0.135951 0.023027 0.112924 0.158978
9 0.13548 0.0235805 0.1119 0.159061
10 0.135801 0.0270432 0.108758 0.162844
11 0.130477 0.0239183 0.106559 0.154395
12 0.138602 0.0229052 0.115697 0.161507
13 0.141746 0.0180885 0.123657 0.159834
14 0.140014 0.0201603 0.119853 0.160174
15 0.138175 0.0221154 0.116059 0.16029
16 0.139287 0.0193803 0.119906 0.158667
17 0.13486 0.0269412 0.107919 0.161802
18 0.139757 0.0300834 0.109674 0.16984
19 0.137106 0.0261605 0.110945 0.163266
20 0.142943 0.0179593 0.124984 0.160902
21 0.139778 0.0220841 0.117694 0.161862
22 0.138004 0.021999 0.116005 0.160003
23 0.140484 0.0205858 0.119898 0.16107
24 0.140398 0.0191224 0.121276 0.159521
25 0.143328 0.0179085 0.125419 0.161236
26 0.138153 0.0223198 0.115833 0.160473
27 0.133642 0.022455 0.111187 0.156097
28 0.143905 0.0306692 0.113236 0.174574
29 0.139201 0.0202142 0.118987 0.159415
30 0.138089 0.0192984 0.118791 0.157388
31 0.140805 0.0268809 0.113924 0.167686
32 0.143948 0.0208686 0.123079 0.164817
33 0.14166 0.0193074 0.122353 0.160967
34 0.141019 0.0182106 0.122808 0.159229
35 0.13918 0.0256005 0.113579 0.16478
36 0.130092 0.0263222 0.10377 0.156414
37 0.1364 0.0217664 0.114633 0.158166
38 0.134304 0.0233216 0.110983 0.157626
39 0.132915 0.0237864 0.109128 0.156701
40 0.140249 0.0238228 0.116426 0.164072
41 0.140484 0.020372 0.120112 0.160856
42 0.13702 0.0208642 0.116156 0.157884
43 0.129985 0.0246413 0.105344 0.154626
44 0.13146 0.0247087 0.106752 0.156169
45 0.129279 0.0256699 0.10361 0.154949
46 0.13578 0.0245301 0.11125 0.16031
47 0.143264 0.0161016 0.127162 0.159365
48 0.142408 0.0170139 0.125395 0.159422
49 0.145894 0.0113689 0.134525 0.157263
50 0.147455 0.00537484 0.14208 0.15283
51 0.143841 0.0103641 0.133477 0.154205
52 0.144418 0.0187398 0.125679 0.163158
53 0.137063 0.021064 0.115999 0.158127
54 0.134475 0.0188883 0.115587 0.153364
55 0.134561 0.0196247 0.114936 0.154186
56 0.139671 0.0158897 0.123782 0.155561
57 0.134197 0.0208516 0.113346 0.155049
58 0.135438 0.0180706 0.117367 0.153508
59 0.135181 0.0199622 0.115219 0.155143
60 0.133128 0.0219066 0.111222 0.155035
61 0.173285 0.151879 0.0214055 0.325164
62 0.137747 0.0195203 0.118227 0.157267
63 0.135053 0.0197183 0.115335 0.154771
64 0.15357 0.0739556 0.0796145 0.227526
65 0.146792 0.0346676 0.112124 0.181459
66 0.142088 0.0210181 0.12107 0.163106
67 0.143392 0.0229527 0.120439 0.166345
68 0.135202 0.0207013 0.114501 0.155904
69 0.126051 0.0231837 0.102867 0.149234
70 0.123827 0.0237955 0.100031 0.147622
71 0.125987 0.0274966 0.09849 0.153483
72 0.12913 0.0241889 0.104941 0.153319
73 0.146086 0.0238312 0.122255 0.169917
74 0.140783 0.0271476 0.113636 0.167931
75 0.139094 0.0264816 0.112612 0.165576
76 0.133813 0.028948 0.104865 0.162761
77 0.13918 0.029336 0.109844 0.168516
78 0.14521 0.0221859 0.123024 0.167395
79 0.137704 0.0253075 0.112397 0.163012
80 0.141788 0.0246691 0.117119 0.166457
81 0.135545 0.0256097 0.109935 0.161154
82 0.136229 0.0281519 0.108077 0.164381
83 0.138453 0.026501 0.111952 0.164954
84 0.141297 0.0253466 0.11595 0.166643
85 0.146215 0.0207184 0.125496 0.166933
86 0.156457 0.0116462 0.144811 0.168103
87 0.152437 0.0134452 0.138992 0.165882
88 0.159643 0.0130508 0.146592 0.172694
89 0.155174 0.0196382 0.135536 0.174812
90 0.147647 0.0280473 0.1196 0.175694
91 0.141147 0.0274314 0.113715 0.168578
92 0.137661 0.0257452 0.111916 0.163407
93 0.136421 0.0268459 0.109575 0.163267
94 0.13578 0.0274204 0.108359 0.1632
95 0.13161 0.0276361 0.103974 0.159246
96 0.131674 0.0282749 0.103399 0.159949
97 0.131567 0.0248585 0.106709 0.156426
98 0.129729 0.0265769 0.103152 0.156305
99 0.131183 0.027349 0.103834 0.158532
100 0.138004 0.0279219 0.110082 0.165925
101 0.129237 0.0262635 0.102973 0.1555
102 0.138346 0.0278498 0.110496 0.166196
103 0.136165 0.025037 0.111128 0.161202
104 0.147113 0.0178019 0.129311 0.164914
105 0.148438 0.013262 0.135176 0.1617
106 0.145445 0.0168415 0.128603 0.162286
107 0.173991 0.141646 0.0323448 0.315636
108 0.134946 0.0231587 0.111787 0.158105
109 0.129942 0.0254998 0.104443 0.155442
110 0.133021 0.0259985 0.107023 0.15902
111 0.133813 0.0245545 0.109258 0.158367
112 0.140655 0.0237033 0.116952 0.164358
113 0.139329 0.0208112 0.118518 0.160141
114 0.134497 0.0247066 0.10979 0.159203
115 0.137319 0.0246744 0.112645 0.161994
116 0.136421 0.0270235 0.109398 0.163445
117 0.134946 0.0249368 0.110009 0.159883
118 0.14568 0.0203736 0.125306 0.166054
119 0.137918 0.0220341 0.115884 0.159952
120 0.135374 0.0261077 0.109266 0.161481
121 0.139479 0.0218154 0.117664 0.161294
122 0.129344 0.0245129 0.104831 0.153857
123 0.1296 0.0267642 0.102836 0.156364
124 0.136143 0.0270466 0.109097 0.16319
125 0.1395 0.0226662 0.116834 0.162167
126 0.137811 0.023576 0.114235 0.161387
127 0.14012 0.0218431 0.118277 0.161964
128 0.142109 0.0197648 0.122344 0.161874
129 0.144333 0.0229533 0.12138 0.167286
130 0.146257 0.0214514 0.124806 0.167709
131 0.144782 0.0254902 0.119292 0.170272
132 0.138239 0.0245116 0.113727 0.16275
133 0.136143 0.0249143 0.111229 0.161058
134 0.143413 0.0217256 0.121688 0.165139
135 0.140612 0.0225173 0.118095 0.16313
136 0.143349 0.0208094 0.12254 0.164159
137 0.145915 0.0164675 0.129448 0.162383
138 0.141681 0.0188677 0.122814 0.160549
139 0.138132 0.0224259 0.115706 0.160558
140 0.137448 0.0241393 0.113308 0.161587
141 0.133 0.0247001 0.1083 0.1577
142 0.132273 0.026037 0.106236 0.15831
143 0.133364 0.0252729 0.108091 0.158636
144 0.137918 0.0221673 0.115751 0.160085
145 0.148695 0.0111896 0.137505 0.159884
146 0.149486 0.0122808 0.137205 0.161767
147 0.145744 0.0125664 0.133178 0.158311
148 0.139522 0.0235275 0.115994 0.163049
149 0.134818 0.0227248 0.112093 0.157542
150 0.136421 0.0251582 0.111263 0.161579
151 0.136336 0.0237517 0.112584 0.160087
152 0.138731 0.0248103 0.11392 0.163541
153 0.137362 0.0243907 0.112971 0.161753
154 0.13965 0.0228058 0.116844 0.162456
155 0.139415 0.022884 0.116531 0.162299
156 0.140783 0.019862 0.120921 0.160645
157 0.146001 0.0125138 0.133487 0.158515
158 0.14491 0.017072 0.127838 0.161982
159 0.142943 0.0202948 0.122648 0.163238
160 0.141468 0.0209347 0.120533 0.162402
161 0.137255 0.0272645 0.109991 0.16452
162 0.135908 0.0256291 0.110279 0.161537
163 0.133107 0.0254178 0.107689 0.158525
164 0.136849 0.028476 0.108373 0.165325
165 0.140805 0.027521 0.113284 0.168326
166 0.146386 0.0231798 0.123206 0.169565
167 0.147497 0.0197314 0.127766 0.167229
168 0.144974 0.019899 0.125075 0.164873
169 0.145038 0.0125669 0.132472 0.157605
170 0.147369 0.0063148 0.141054 0.153684
171 0.145573 0.0124295 0.133144 0.158003
172 0.142216 0.0195865 0.122629 0.161803
173 0.135929 0.0211679 0.114762 0.157097
174 0.137426 0.0226592 0.114767 0.160086
175 0.141959 0.0196583 0.122301 0.161618
176 0.140997 0.0166175 0.12438 0.157615
177 0.135352 0.0199652 0.115387 0.155317
178 0.134475 0.0234171 0.111058 0.157893
179 0.126607 0.0258712 0.100735 0.152478
180 0.132209 0.0246664 0.107542 0.156875
181 0.134732 0.0257515 0.108981 0.160484
182 0.139393 0.022694 0.116699 0.162087
183 0.141083 0.0185317 0.122551 0.159614
184 0.143927 0.0164173 0.127509 0.160344
185 0.141724 0.0153111 0.126413 0.157035
186 0.14429 0.0166545 0.127636 0.160945
187 0.147177 0.013342 0.133835 0.160519
188 0.140142 0.0188634 0.121278 0.159005
189 0.141981 0.0203964 0.121584 0.162377
190 0.140484 0.0203962 0.120088 0.16088
191 0.140719 0.0195632 0.121156 0.160282
192 0.145958 0.0205559 0.125402 0.166514
193 0.145616 0.0166447 0.128971 0.162261
194 0.142857 0.0215392 0.121318 0.164397
195 0.147968 0.0143075 0.13366 0.162275
196 0.147198 0.0139441 0.133254 0.161142
197 0.143798 0.0166185 0.12718 0.160417
198 0.145103 0.0172329 0.12787 0.162336
199 0.139158 0.0226367 0.116522 0.161795
200 0.13563 0.0234197 0.11221 0.15905
201 0.130327 0.0262406 0.104087 0.156568
202 0.127334 0.0271588 0.100175 0.154492
203 0.135823 0.0241351 0.111687 0.159958
204 0.134903 0.0229708 0.111932 0.157874
205 0.140869 0.0203391 0.12053 0.161208
206 0.142922 0.0209797 0.121942 0.163901
207 0.137383 0.0222202 0.115163 0.159604
208 0.141125 0.0212035 0.119922 0.162329
209 0.137918 0.023615 0.114303 0.161533
210 0.13501 0.0232606 0.111749 0.158271
211 0.133171 0.023451 0.10972 0.156622
212 0.140783 0.0201916 0.120592 0.160975
213 0.12975 0.0250348 0.104715 0.154785
214 0.131546 0.0276157 0.10393 0.159162
215 0.123485 0.0265723 0.0969125 0.150057
216 0.124276 0.0268024 0.0974735 0.151078
217 0.131824 0.0258186 0.106005 0.157643
218 0.131418 0.0255564 0.105861 0.156974
219 0.138773 0.0212288 0.117545 0.160002
220 0.140206 0.0182409 0.121965 0.158447
221 0.139607 0.0191517 0.120456 0.158759
222 0.134433 0.0226657 0.111767 0.157098
223 0.134133 0.0233822 0.110751 0.157516
224 0.136828 0.0224624 0.114365 0.15929
225 0.132252 0.0240472 0.108204 0.156299
226 0.133877 0.0259475 0.107929 0.159824
227 0.133834 0.0265033 0.107331 0.160337
228 0.137148 0.024955 0.112193 0.162103
229 0.13687 0.026143 0.110727 0.163013
230 0.142066 0.0212224 0.120844 0.163289
231 0.138645 0.020716 0.117929 0.159361
232 0.143349 0.0215613 0.121788 0.164911
233 0.146043 0.0126034 0.13344 0.158647
234 0.144205 0.0158189 0.128386 0.160023
235 0.136699 0.0219558 0.114743 0.158655
236 0.132487 0.0247923 0.107695 0.157279
237 0.132765 0.0251431 0.107622 0.157908
238 0.132294 0.0248102 0.107484 0.157105
239 0.134326 0.0244488 0.109877 0.158775
240 0.147626 0.0194714 0.128154 0.167097
241 0.139009 0.0226775 0.116331 0.161686
242 0.138046 0.0246213 0.113425 0.162668
243 0.136379 0.0253255 0.111053 0.161704
244 0.142045 0.0252921 0.116753 0.167337
245 0.137897 0.0255715 0.112325 0.163468
246 0.144525 0.0234452 0.12108 0.16797
247 0.141746 0.0234089 0.118337 0.165154
248 0.146942 0.0205765 0.126365 0.167518
249 0.140719 0.0231065 0.117613 0.163826
250 0.140698 0.025061 0.115637 0.165759
251 0.141788 0.026108 0.11568 0.167896
252 0.144354 0.0238983 0.120456 0.168253
253 0.148973 0.0179437 0.131029 0.166917
254 0.14151 0.0237399 0.11777 0.16525
255 0.148182 0.0177985 0.130383 0.16598
256 0.146001 0.0235801 0.122421 0.169581
257 0.151774 0.0176481 0.134126 0.169422
258 0.146493 0.0209561 0.125536 0.167449
259 0.143157 0.0224519 0.120705 0.165609
260 0.145145 0.023426 0.121719 0.168571
261 0.145167 0.0282673 0.116899 0.173434
262 0.143135 0.0241898 0.118946 0.167325
263 0.139458 0.0256203 0.113837 0.165078
264 0.140463 0.0255096 0.114953 0.165972
265 0.133 0.0243822 0.108618 0.157382
266 0.138923 0.0224944 0.116429 0.161417
267 0.13548 0.0218265 0.113654 0.157307
268 0.131546 0.0238247 0.107721 0.155371
269 0.133962 0.0263338 0.107628 0.160296
270 0.13114 0.0267853 0.104354 0.157925
271 0.13052 0.0263348 0.104185 0.156854
272 0.138624 0.0218427 0.116781 0.160466
273 0.143285 0.0167951 0.12649 0.16008
274 0.142024 0.0164137 0.12561 0.158437
275 0.150106 0.0146542 0.135452 0.16476
276 0.144504 0.016466 0.128038 0.16097
277 0.144354 0.02088 0.123474 0.165234
278 0.141232 0.0231245 0.118108 0.164357
279 0.143392 0.0226902 0.120702 0.166082
280 0.141895 0.0187869 0.123108 0.160682
281 0.137576 0.0248595 0.112716 0.162435
282 0.138068 0.0237889 0.114279 0.161857
283 0.136485 0.0242654 0.11222 0.160751
284 0.141532 0.0245129 0.117019 0.166045
285 0.143349 0.0182305 0.125119 0.16158
286 0.144333 0.0154355 0.128897 0.159768
287 0.141553 0.0190308 0.122522 0.160584
288 0.136721 0.0235353 0.113185 0.160256
289 0.144076 0.0235834 0.120493 0.16766
290 0.139971 0.0222145 0.117756 0.162185
291 0.144739 0.0167929 0.127946 0.161532
292 0.145038 0.0154496 0.129589 0.160488
293 0.146749 0.0171591 0.12959 0.163908
294 0.140398 0.0205919 0.119807 0.16099
295 0.142515 0.0179379 0.124577 0.160453
296 0.137426 0.0186637 0.118763 0.15609
297 0.137726 0.019124 0.118602 0.15685
298 0.13161 0.0215109 0.110099 0.153121
299 0.123592 0.0240039 0.0995878 0.147596
300 0.120726 0.0268592 0.0938672 0.147586
301 0.122779 0.0297303 0.0930488 0.152509
302 0.127291 0.0261695 0.101121 0.15346
303 0.13841 0.0188785 0.119531 0.157288
304 0.140484 0.0158049 0.124679 0.156289
305 0.140997 0.016358 0.124639 0.157355
306 0.13687 0.0178432 0.119027 0.154713
307 0.140078 0.0207861 0.119292 0.160864
308 0.141275 0.015766 0.125509 0.157041
309 0.144247 0.0134552 0.130792 0.157703
310 0.138153 0.0174084 0.120745 0.155562
311 0.139244 0.0198347 0.119409 0.159079
312 0.13424 0.0231039 0.111136 0.157344
313 0.127312 0.024575 0.102737 0.151887
314 0.126136 0.0265119 0.0996244 0.152648
315 0.136913 0.022786 0.114127 0.159699
316 0.136443 0.0188475 0.117595 0.15529
317 0.13392 0.0198692 0.11405 0.153789
318 0.130456 0.0215876 0.108868 0.152043
319 0.126671 0.0229027 0.103768 0.149573
320 0.13501 0.0201796 0.11483 0.15519
321 0.135951 0.0233249 0.112626 0.159276
322 0.133577 0.0236509 0.109926 0.157228
323 0.140484 0.0205547 0.119929 0.161039
324 0.134903 0.0230026 0.111901 0.157906
325 0.131995 0.0233023 0.108693 0.155297
326 0.132722 0.02123 0.111492 0.153952
327 0.130028 0.0250133 0.105015 0.155041
328 0.178331 0.157695 0.0206365 0.336026
329 0.140035 0.0226141 0.117421 0.162649
330 0.1432 0.0213065 0.121893 0.164506
331 0.148973 0.0179193 0.131054 0.166892
332 0.149229 0.0146189 0.134611 0.163848
333 0.1497 0.0153851 0.134315 0.165085
334 0.143584 0.0123996 0.131185 0.155984
335 0.137939 0.0149816 0.122958 0.152921
336 0.134176 0.018032 0.116144 0.152208
337 0.131225 0.0213061 0.109919 0.152531
338 0.124682 0.0209294 0.103753 0.145612
339 0.129493 0.0226691 0.106824 0.152162
340 0.127547 0.0206073 0.10694 0.148155
341 0.129151 0.0192634 0.109888 0.148415
342 0.128531 0.0182014 0.11033 0.146732
343 0.128788 0.0176788 0.111109 0.146466
344 0.132829 0.0209682 0.111861 0.153797
345 0.131503 0.0206886 0.110815 0.152192
346 0.131354 0.0208374 0.110516 0.152191
347 0.131161 0.0178184 0.113343 0.14898
348 0.132316 0.0295766 0.102739 0.161892
349 0.124939 0.0234973 0.101442 0.148436
350 0.128916 0.0217379 0.107178 0.150654
351 0.126457 0.0212157 0.105241 0.147673
352 0.127077 0.0206274 0.10645 0.147705
353 0.126992 0.023118 0.103874 0.15011
354 0.129664 0.0212878 0.108377 0.150952
355 0.13161 0.0201682 0.111442 0.151778
356 0.139051 0.0189794 0.120072 0.158031
357 0.143756 0.00405767 0.139698 0.147813
358 0.143841 0.00751898 0.136322 0.15136
359 0.140356 0.0249042 0.115452 0.16526
360 0.137597 0.020315 0.117282 0.157912
361 0.132637 0.0213391 0.111297 0.153976
362 0.129301 0.0218879 0.107413 0.151189
363 0.136977 0.0200487 0.116928 0.157026
364 0.135694 0.0202018 0.115492 0.155896
365 0.1398 0.0162789 0.123521 0.156079
366 0.135053 0.0220627 0.11299 0.157116
367 0.128296 0.0224805 0.105815 0.150776
368 0.128146 0.0230518 0.105094 0.151198
369 0.144376 0.0717016 0.072674 0.216077
370 0.146043 0.00596801 0.140075 0.152011
371 0.143927 0.00549907 0.138428 0.149426
372 0.139458 0.0149305 0.124527 0.154388
373 0.139009 0.0166864 0.122322 0.155695
374 0.136036 0.0175034 0.118533 0.15354
375 0.138666 0.0162096 0.122457 0.154876
376 0.13702 0.016444 0.120576 0.153464
377 0.137362 0.0168262 0.120536 0.154188
378 0.142173 0.013797 0.128376 0.15597
379 0.135545 0.0185226 0.117022 0.154067
380 0.13501 0.0161481 0.118862 0.151158
381 0.127868 0.020906 0.106962 0.148774
382 0.127868 0.0221811 0.105687 0.150049
383 0.122651 0.0244064 0.0982444 0.147057
384 0.131674 0.0214138 0.110261 0.153088
385 0.133214 0.0193834 0.113831 0.152597
386 0.128702 0.0216692 0.107033 0.150371
387 0.131461 0.0203351 0.111125 0.151796
388 0.130648 0.02201 0.108638 0.152658
389 0.136293 0.0174664 0.118827 0.153759
390 0.131845 0.0218656 0.10998 0.153711
391 0.126478 0.0198063 0.106672 0.146285
392 0.120277 0.0229864 0.0972909 0.143264
393 0.122822 0.0273833 0.0954386 0.150205
394 0.122458 0.0263273 0.0961311 0.148786
395 0.125238 0.0257241 0.0995141 0.150962
396 0.128659 0.0215883 0.107071 0.150248
397 0.133577 0.0167863 0.116791 0.150364
398 0.12032 0.0231262 0.0971939 0.143446
399 0.125238 0.0234759 0.101762 0.148714
400 0.12697 0.0231821 0.103788 0.150152
401 0.128488 0.0251497 0.103339 0.153638
402 0.126649 0.0264362 0.100213 0.153086
403 0.12558 0.0254248 0.100156 0.151005
404 0.130327 0.0238233 0.106504 0.154151
405 0.127355 0.022473 0.104882 0.149828
406 0.129771 0.0209853 0.108786 0.150757
407 0.132059 0.0248 0.107259 0.156859
408 0.133962 0.0222724 0.11169 0.156235
409 0.138068 0.0205484 0.117519 0.158616
410 0.135438 0.023079 0.112359 0.158517
411 0.140762 0.0171458 0.123616 0.157908
412 0.142537 0.0194284 0.123108 0.161965
413 0.144076 0.0237203 0.120356 0.167797
414 0.143221 0.020706 0.122515 0.163927
415 0.140313 0.0227477 0.117565 0.163061
416 0.144311 0.0235747 0.120737 0.167886
417 0.14429 0.0266567 0.117633 0.170947
418 0.139586 0.0250834 0.114503 0.164669
419 0.139693 0.0259171 0.113776 0.16561
420 0.134818 0.025956 0.108862 0.160774
421 0.134561 0.0261304 0.108431 0.160691
422 0.141168 0.0266009 0.114567 0.167769
423 0.141125 0.0236813 0.117444 0.164807
424 0.136314 0.0231249 0.11319 0.159439
425 0.137768 0.0246527 0.113116 0.162421
426 0.136229 0.0234681 0.112761 0.159697
427 0.136464 0.025538 0.110926 0.162002
428 0.143991 0.020718 0.123273 0.164709
429 0.146086 0.0170807 0.129006 0.163167
430 0.149123 0.0179202 0.131202 0.167043
431 0.147369 0.0201076 0.127262 0.167477
432 0.141468 0.019573 0.121895 0.161041
433 0.140676 0.0199093 0.120767 0.160586
434 0.142537 0.0192857 0.123251 0.161822
435 0.138923 0.0219854 0.116938 0.160908
436 0.138859 0.0212217 0.117637 0.160081
437 0.133214 0.0238289 0.109385 0.157043
438 0.13022 0.0237921 0.106428 0.154012
439 0.12697 0.0268483 0.100122 0.153818
440 0.134497 0.0229752 0.111522 0.157472
441 0.137875 0.020393 0.117482 0.158268
442 0.14305 0.0199433 0.123107 0.162993
443 0.138838 0.021675 0.117163 0.160512
444 0.136421 0.022336 0.114085 0.158757
445 0.143927 0.01607 0.127857 0.159997
446 0.142024 0.0184476 0.123576 0.160471
447 0.139821 0.0171224 0.122699 0.156944
448 0.142857 0.0162893 0.126568 0.159147
449 0.136592 0.0221065 0.114486 0.158699
450 0.13811 0.0245856 0.113525 0.162696
451 0.13191 0.0256258 0.106284 0.157535
452 0.132915 0.0246981 0.108216 0.157613
453 0.134197 0.0198007 0.114397 0.153998
454 0.139565 0.0194271 0.120137 0.158992
455 0.128574 0.0219137 0.10666 0.150488
456 0.128788 0.0251928 0.103595 0.15398
457 0.122565 0.0252646 0.0973007 0.14783
458 0.132701 0.0199848 0.112716 0.152685
459 0.127312 0.0224361 0.104876 0.149748
460 0.132316 0.0196028 0.112713 0.151919
461 0.127034 0.0238147 0.10322 0.150849
462 0.129173 0.0236212 0.105551 0.152794
463 0.126222 0.0222644 0.103957 0.148486
464 0.133086 0.0167827 0.116303 0.149868
465 0.131289 0.0190974 0.112192 0.150387
466 0.133043 0.0206574 0.112385 0.1537
467 0.129023 0.0231921 0.105831 0.152215
468 0.126371 0.0224269 0.103944 0.148798
469 0.124105 0.0233416 0.100763 0.147446
470 0.127654 0.0236834 0.103971 0.151338
471 0.132102 0.0177699 0.114332 0.149872
472 0.126329 0.0217819 0.104547 0.148111
473 0.122523 0.0261241 0.0963984 0.148647
474 0.124062 0.0261893 0.0978728 0.150251
475 0.119358 0.0267623 0.0925956 0.14612
476 0.130327 0.0301254 0.100202 0.160453
477 0.132123 0.0186721 0.113451 0.150795
478 0.126158 0.0208688 0.105289 0.147026
479 0.122052 0.0249866 0.0970655 0.147039
480 0.127419 0.0242443 0.103175 0.151664
481 0.124917 0.0232196 0.101698 0.148137
482 0.131396 0.0222408 0.109156 0.153637
483 0.126008 0.0225586 0.103449 0.148566
484 0.129344 0.0212641 0.10808 0.150608
485 0.131311 0.0227845 0.108526 0.154095
486 0.132808 0.0234163 0.109391 0.156224
487 0.130498 0.0217449 0.108753 0.152243
488 0.137833 0.0173966 0.120436 0.155229
489 0.135309 0.0193842 0.115925 0.154694
490 0.134668 0.0296579 0.10501 0.164326
491 0.126093 0.0216002 0.104493 0.147694
492 0.130284 0.0237831 0.106501 0.154068
493 0.131396 0.0236909 0.107705 0.155087
494 0.13176 0.0221526 0.109607 0.153913
495 0.136101 0.02474 0.111361 0.160841
496 0.129322 0.0280856 0.101237 0.157408
497 0.126286 0.0268166 0.0994693 0.153103
498 0.13161 0.0299836 0.101627 0.161594
499 0.140014 0.0255436 0.11447 0.165557
500 0.135844 0.0234926 0.112351 0.159337
501 0.136614 0.0201513 0.116462 0.156765
502 0.134732 0.0214959 0.113236 0.156228
503 0.133214 0.022623 0.110591 0.155837
504 0.132316 0.0223419 0.109974 0.154658
505 0.133192 0.0215982 0.111594 0.154791
506 0.133 0.0195363 0.113464 0.152536
507 0.131076 0.0211766 0.109899 0.152252
508 0.12573 0.0246073 0.101123 0.150337
509 0.117305 0.0254725 0.0918327 0.142778
510 0.120085 0.0269121 0.0931728 0.146997
511 0.128424 0.0238595 0.104565 0.152284
512 0.132594 0.0217092 0.110885 0.154303
513 0.133663 0.0198523 0.113811 0.153515
514 0.136592 0.0166056 0.119987 0.153198
515 0.135309 0.0200261 0.115283 0.155335
516 0.131674 0.0203236 0.111351 0.151998
517 0.1364 0.0177635 0.118636 0.154163
518 0.139137 0.0298152 0.109322 0.168952
519 0.127334 0.0233707 0.103963 0.150704
520 0.133342 0.0267659 0.106576 0.160108
521 0.131396 0.0225515 0.108845 0.153948
522 0.132102 0.0204974 0.111605 0.152599
523 0.132273 0.0204032 0.11187 0.152676
524 0.136678 0.019245 0.117433 0.155923
525 0.139522 0.0226659 0.116856 0.162188
526 0.146621 0.0122933 0.134328 0.158914
527 0.143713 0.016342 0.127371 0.160055
528 0.14429 0.0120142 0.132276 0.156304
529 0.142964 0.016284 0.12668 0.159248
530 0.132059 0.0229337 0.109125 0.154993
531 0.132401 0.0261496 0.106252 0.158551
532 0.13022 0.0257138 0.104506 0.155934
533 0.13191 0.0250633 0.106846 0.156973
534 0.139351 0.022772 0.116579 0.162123
535 0.137448 0.0219625 0.115485 0.15941
536 0.140142 0.0207105 0.119431 0.160852
537 0.142793 0.0211361 0.121657 0.163929
538 0.139607 0.0193025 0.120305 0.15891
539 0.138217 0.0210675 0.11715 0.159285
540 0.135117 0.0235071 0.11161 0.158624
541 0.134775 0.02628 0.108495 0.161055
542 0.13563 0.0244198 0.11121 0.16005
543 0.131097 0.0239533 0.107144 0.15505
544 0.135416 0.0237932 0.111623 0.159209
545 0.134197 0.0246695 0.109528 0.158867
546 0.137191 0.0204074 0.116784 0.157598
547 0.137533 0.0216282 0.115905 0.159161
548 0.143456 0.0218503 0.121606 0.165306
549 0.142772 0.0203804 0.122392 0.163152
550 0.134262 0.0203203 0.113941 0.154582
551 0.14104 0.0103732 0.130667 0.151413
552 0.141147 0.0184618 0.122685 0.159609
553 0.135309 0.0191884 0.116121 0.154498
554 0.135737 0.0198826 0.115854 0.15562
555 0.127312 0.0214587 0.105854 0.148771
556 0.132979 0.0149834 0.117995 0.147962
557 0.12851 0.0199735 0.108536 0.148483
558 0.125495 0.0213044 0.10419 0.146799
559 0.127868 0.0217242 0.106144 0.149592
560 0.130199 0.0174572 0.112742 0.147656
561 0.130776 0.0187264 0.11205 0.149503
562 0.12789 0.0199827 0.107907 0.147872
563 0.129729 0.0229161 0.106812 0.152645
564 0.131717 0.0186561 0.113061 0.150373
565 0.135053 0.0165589 0.118494 0.151612
566 0.136443 0.0159501 0.120493 0.152393
567 0.130156 0.0196554 0.110501 0.149812
568 0.128488 0.0207971 0.107691 0.149285
569 0.134625 0.0156544 0.118971 0.15028
570 0.134326 0.0159119 0.118414 0.150238
571 0.134625 0.0117247 0.1229 0.14635
572 0.134283 0.0190048 0.115278 0.153288
573 0.129386 0.0233569 0.10603 0.152743
574 0.132872 0.0259174 0.106954 0.158789
575 0.139671 0.0231819 0.116489 0.162853
576 0.145851 0.0164201 0.129431 0.162271
577 0.14908 0.0136885 0.135391 0.162768
578 0.145894 0.0165951 0.129299 0.162489
579 0.142301 0.023798 0.118504 0.166099
580 0.140612 0.0225704 0.118042 0.163183
581 0.139586 0.0238001 0.115786 0.163386
582 0.146963 0.0127454 0.134218 0.159708
583 0.145787 0.0147388 0.131048 0.160526
584 0.141575 0.0191369 0.122438 0.160711
585 0.136207 0.0235867 0.112621 0.159794
586 0.129557 0.0258305 0.103727 0.155388
587 0.134839 0.0293969 0.105442 0.164236
588 0.146728 0.0245366 0.122191 0.171264
589 0.1463 0.019892 0.126408 0.166192
590 0.14583 0.0224573 0.123372 0.168287
591 0.140249 0.0235304 0.116718 0.163779
592 0.145359 0.0250503 0.120309 0.17041
593 0.147305 0.021643 0.125662 0.168948
594 0.152073 0.0121828 0.139891 0.164256
595 0.146813 0.0199215 0.126892 0.166735
596 0.145915 0.021444 0.124471 0.167359
597 0.140741 0.0243274 0.116413 0.165068
598 0.145466 0.0240386 0.121428 0.169505
599 0.139949 0.0183213 0.121628 0.158271
600 0.141959 0.0163089 0.12565 0.158268
601 0.145145 0.0162842 0.128861 0.16143
602 0.143948 0.0168402 0.127108 0.160788
603 0.139351 0.0225545 0.116796 0.161905
604 0.138474 0.0245134 0.113961 0.162987
605 0.137106 0.0241298 0.112976 0.161235
606 0.139009 0.0201748 0.118834 0.159183
607 0.139586 0.0218029 0.117783 0.161389
608 0.151731 0.0134949 0.138236 0.165226
609 0.14846 0.00538958 0.14307 0.153849
610 0.148289 0.0127164 0.135572 0.161005
611 0.145594 0.0161143 0.12948 0.161709
612 0.146364 0.0170106 0.129354 0.163375
613 0.145145 0.0218871 0.123258 0.167032
614 0.146193 0.0193988 0.126794 0.165592
615 0.143627 0.0197158 0.123911 0.163343
616 0.141361 0.0246235 0.116737 0.165984
617 0.140035 0.02546 0.114575 0.165495
618 0.141019 0.0235535 0.117465 0.164572
619 0.137597 0.018393 0.119204 0.15599
620 0.136592 0.0225683 0.114024 0.159161
621 0.135844 0.0230037 0.11284 0.158848
622 0.132829 0.0229293 0.1099 0.155758
623 0.132123 0.0217715 0.110352 0.153895
624 0.13223 0.024316 0.107914 0.156546
625 0.132615 0.0210837 0.111531 0.153699
626 0.135865 0.0214749 0.11439 0.15734
627 0.137469 0.0187322 0.118737 0.156201
628 0.13841 0.0205315 0.117878 0.158941
629 0.141254 0.0205692 0.120685 0.161823
630 0.135416 0.0220842 0.113332 0.1575
631 0.137704 0.0201188 0.117585 0.157823
632 0.142622 0.0123417 0.130281 0.154964
633 0.141532 0.0145562 0.126976 0.156088
634 0.131674 0.0219902 0.109684 0.153665
635 0.130498 0.0253935 0.105105 0.155892
636 0.132401 0.023608 0.108793 0.156009
637 0.130712 0.0240724 0.10664 0.154785
638 0.134133 0.0219962 0.112137 0.15613
639 0.135737 0.0198199 0.115917 0.155557
640 0.141639 0.0196825 0.121956 0.161321
641 0.141425 0.0204502 0.120975 0.161875
642 0.13717 0.0170047 0.120165 0.154174
643 0.140377 0.0145175 0.12586 0.154895
644 0.135309 0.0152435 0.120066 0.150553
645 0.133107 0.0177462 0.115361 0.150853
646 0.13424 0.018181 0.116059 0.152421
647 0.129215 0.0212962 0.107919 0.150512
648 0.131632 0.0187961 0.112835 0.150428
649 0.13392 0.0163866 0.117533 0.150306
650 0.131375 0.0193054 0.11207 0.15068
651 0.130199 0.0218105 0.108388 0.152009
652 0.135801 0.0226811 0.11312 0.158482
653 0.130306 0.0208303 0.109476 0.151136
654 0.13022 0.0202115 0.110009 0.150432
655 0.131225 0.0223517 0.108874 0.153577
656 0.13084 0.0195272 0.111313 0.150368
657 0.129066 0.0255186 0.103547 0.154584
658 0.122993 0.0278265 0.0951665 0.150819
659 0.121603 0.0245028 0.0971003 0.146106
660 0.123977 0.025221 0.0987556 0.149198
661 0.124319 0.0233497 0.100969 0.147668
662 0.130691 0.0256211 0.10507 0.156312
663 0.13253 0.0244133 0.108116 0.156943
664 0.13362 0.0251573 0.108463 0.158777
665 0.142708 0.0201443 0.122564 0.162852
666 0.142045 0.0195617 0.122483 0.161607
667 0.140741 0.022363 0.118378 0.163104
668 0.13392 0.021466 0.112454 0.155386
669 0.134818 0.0195039 0.115314 0.154321
670 0.136079 0.0164079 0.119671 0.152487
671 0.142066 0.0116253 0.130441 0.153692
672 0.141874 0.0125943 0.12928 0.154468
673 0.132316 0.0155046 0.116811 0.14782
674 0.130498 0.0187638 0.111734 0.149262
675 0.132444 0.0220194 0.110425 0.154463
676 0.134497 0.0217593 0.112738 0.156256
677 0.127355 0.0235503 0.103805 0.150905
678 0.127077 0.0236099 0.103467 0.150687
679 0.122202 0.0249417 0.0972601 0.147143
680 0.122351 0.0228552 0.0994963 0.145207
681 0.12171 0.0261968 0.0955132 0.147907
682 0.12821 0.0245693 0.103641 0.15278
683 0.130776 0.0177229 0.113053 0.148499
684 0.130862 0.0199384 0.110923 0.1508
685 0.129237 0.0203666 0.10887 0.149603
686 0.131674 0.0164676 0.115207 0.148142
687 0.134582 0.019434 0.115148 0.154016
688 0.132743 0.0160421 0.116701 0.148786
689 0.135416 0.0118787 0.123538 0.147295
690 0.1296 0.019615 0.109985 0.149215
691 0.132765 0.024025 0.10874 0.15679
692 0.125281 0.0247941 0.100487 0.150075
693 0.13347 0.0262169 0.107254 0.159687
694 0.138474 0.0289406 0.109533 0.167415
695 0.139458 0.0176102 0.121847 0.157068
696 0.13501 0.0222112 0.112799 0.157221
697 0.130541 0.0238057 0.106735 0.154347
698 0.13146 0.0238147 0.107646 0.155275
699 0.137747 0.0200773 0.11767 0.157824
700 0.133299 0.021053 0.112246 0.154352
701 0.154554 0.0946779 0.0598758 0.249232
702 0.132081 0.0222759 0.109805 0.154356
703 0.132658 0.0215074 0.111151 0.154165
704 0.133599 0.0209486 0.11265 0.154547
705 0.134882 0.021958 0.112924 0.15684
706 0.135951 0.018546 0.117405 0.154497
707 0.138196 0.0169511 0.121245 0.155147
708 0.138004 0.0194458 0.118558 0.157449
709 0.141895 0.0186628 0.123232 0.160558
710 0.136443 0.018136 0.118307 0.154579
711 0.134924 0.0186324 0.116292 0.153557
712 0.133193 0.0270943 0.106098 0.160287
713 0.129344 0.0222423 0.107101 0.151586
714 0.123506 0.0240334 0.0994727 0.14754
715 0.124468 0.0244184 0.10005 0.148887
716 0.123271 0.0236268 0.0996442 0.146898
717 0.123485 0.0228372 0.100648 0.146322
718 0.123485 0.0233021 0.100183 0.146787
719 0.12325 0.0236244 0.0996252 0.146874
720 0.127868 0.022089 0.105779 0.149957
721 0.129151 0.0248459 0.104305 0.153997
722 0.127419 0.0253301 0.102089 0.152749
723 0.125067 0.024305 0.100762 0.149372
724 0.122287 0.0233016 0.0989858 0.145589
725 0.126158 0.0248532 0.101304 0.151011
726 0.118267 0.0255099 0.0927575 0.143777
727 0.127163 0.0244161 0.102747 0.151579
728 0.129087 0.0198586 0.109228 0.148946
729 0.133577 0.0168021 0.116775 0.150379
730 0.134048 0.0174766 0.116571 0.151524
731 0.140398 0.00437819 0.13602 0.144777
732 0.13841 0.00481043 0.133599 0.14322
733 0.135374 0.0180824 0.117291 0.153456
734 0.128937 0.0206151 0.108322 0.149552
735 0.135245 0.0137648 0.12148 0.14901
736 0.12883 0.0210364 0.107794 0.149867
737 0.123827 0.0234229 0.100404 0.14725
738 0.124169 0.0254438 0.0987252 0.149613
739 0.131375 0.0221777 0.109197 0.153553
740 0.131974 0.0177748 0.114199 0.149749
741 0.142344 0.0211977 0.121147 0.163542
742 0.138624 0.0187672 0.119856 0.157391
743 0.135673 0.0238984 0.111774 0.159571
744 0.134262 0.0222517 0.11201 0.156513
745 0.134711 0.0248852 0.109825 0.159596
746 0.135288 0.0237935 0.111494 0.159082
747 0.129771 0.0247346 0.105037 0.154506
748 0.128488 0.0259397 0.102549 0.154428
749 0.124939 0.0257482 0.0991906 0.150687
750 0.142793 0.018985 0.123808 0.161778
751 0.140056 0.0176001 0.122456 0.157656
752 0.141425 0.0161079 0.125317 0.157533
753 0.139522 0.0172773 0.122244 0.156799
754 0.139329 0.0159427 0.123387 0.155272
755 0.138731 0.0154165 0.123314 0.154147
756 0.140634 0.0187609 0.121873 0.159395
757 0.136977 0.0205381 0.116439 0.157515
758 0.129066 0.0247635 0.104302 0.153829
759 0.132209 0.0248043 0.107405 0.157013
760 0.133813 0.0215611 0.112252 0.155374
761 0.135267 0.020061 0.115206 0.155328
762 0.142686 0.0187082 0.123978 0.161395
763 0.140035 0.0166326 0.123402 0.156668
764 0.140014 0.0174566 0.122557 0.15747
765 0.138773 0.0196029 0.11917 0.158376
766 0.132273 0.0189156 0.113357 0.151189
767 0.131632 0.0168267 0.114805 0.148458
768 0.133128 0.0230909 0.110037 0.156219
769 0.13377 0.0214861 0.112284 0.155256
770 0.126649 0.0251077 0.101542 0.151757
771 0.128488 0.0206297 0.107859 0.149118
772 0.127804 0.0232481 0.104556 0.151052
773 0.125666 0.0213738 0.104292 0.14704
774 0.122009 0.0248838 0.0971256 0.146893
775 0.117433 0.0256244 0.0918091 0.143058
776 0.125922 0.0267132 0.0992092 0.152636
777 0.126863 0.0222746 0.104589 0.149138
778 0.130798 0.0206664 0.110131 0.151464
779 0.132637 0.0188756 0.113761 0.151512
780 0.130862 0.0188575 0.112004 0.149719
781 0.132637 0.0185634 0.114073 0.1512
782 0.13563 0.0156799 0.11995 0.15131
783 0.136036 0.0171637 0.118873 0.1532
784 0.141617 0.0328991 0.108718 0.174516
785 0.135224 0.0354203 0.0998036 0.170644
786 0.127419 0.0383749 0.0890443 0.165794
787 0.126585 0.0388517 0.0877335 0.165437
788 0.124661 0.0249452 0.0997156 0.149606
789 0.132915 0.0184831 0.114431 0.151398
790 0.131011 0.0192155 0.111796 0.150227
791 0.130819 0.0214317 0.109387 0.152251
792 0.131525 0.0210558 0.110469 0.15258
793 0.12774 0.021251 0.106489 0.148991
794 0.12913 0.0212623 0.107867 0.150392
795 0.129729 0.0211506 0.108578 0.150879
796 0.13114 0.0234244 0.107715 0.154564
797 0.141788 0.00564513 0.136143 0.147433
798 0.139992 0.00364454 0.136348 0.143637
799 0.137683 0.0110418 0.126641 0.148725
