# ../output/graphs/perf_serial41BIPED
# step - mean (0.137692) - standard deviation (0.013738) r=20 - ylow - yhigh
0 0.15618 0.0380388 0.118141 0.194218
1 0.146686 0.00799383 0.138692 0.154679
2 0.150021 0.0135369 0.136484 0.163558
3 0.150962 0.013715 0.137247 0.164677
4 0.147562 0.0120181 0.135544 0.15958
5 0.147156 0.0104113 0.136745 0.157567
6 0.14335 0.00511865 0.138231 0.148469
7 0.137277 0.00733025 0.129947 0.144607
8 0.143414 0.0212335 0.122181 0.164648
9 0.137769 0.00578564 0.131983 0.143555
10 0.143799 0.0233775 0.120421 0.167176
11 0.139736 0.0117086 0.128028 0.151445
12 0.141062 0.018343 0.122719 0.159405
13 0.138582 0.00848922 0.130092 0.147071
14 0.138175 0.00731264 0.130863 0.145488
15 0.138838 0.00845554 0.130383 0.147294
16 0.138325 0.00553722 0.132788 0.143862
17 0.1401 0.0122606 0.127839 0.15236
18 0.139073 0.00805945 0.131014 0.147133
19 0.145659 0.0286198 0.117039 0.174279
20 0.137021 0.00485421 0.132166 0.141875
21 0.140891 0.0170432 0.123848 0.157934
22 0.13779 0.00648655 0.131304 0.144277
23 0.13655 0.0109567 0.125593 0.147507
24 0.138389 0.0143532 0.124036 0.152742
25 0.1364 0.0111498 0.125251 0.14755
26 0.139137 0.024325 0.114812 0.163462
27 0.136358 0.0106805 0.125677 0.147038
28 0.133792 0.00490084 0.128891 0.138693
29 0.136165 0.0133975 0.122768 0.149563
30 0.1367 0.0112744 0.125425 0.147974
31 0.133728 0.00535867 0.128369 0.139086
32 0.145381 0.0345061 0.110875 0.179887
33 0.139544 0.0143453 0.125198 0.153889
34 0.146771 0.0208007 0.12597 0.167572
35 0.148289 0.0105873 0.137702 0.158877
36 0.148054 0.00975259 0.138301 0.157807
37 0.145189 0.00467006 0.140519 0.149859
38 0.148011 0.0136387 0.134373 0.16165
39 0.145745 0.00640569 0.139339 0.15215
40 0.15186 0.0200277 0.131832 0.171888
41 0.151219 0.0171043 0.134114 0.168323
42 0.145787 0.00752466 0.138263 0.153312
43 0.146065 0.00667535 0.13939 0.152741
44 0.146279 0.00778458 0.138495 0.154064
45 0.155217 0.0296971 0.12552 0.184914
46 0.151988 0.0239458 0.128043 0.175934
47 0.14876 0.0104362 0.138323 0.159196
48 0.145167 0.00531304 0.139854 0.15048
49 0.14846 0.0142206 0.13424 0.162681
50 0.147135 0.00930134 0.137833 0.156436
51 0.149444 0.0148591 0.134585 0.164303
52 0.150834 0.0293793 0.121455 0.180213
53 0.146707 0.00908651 0.13762 0.155793
54 0.145681 0.00666548 0.139015 0.152346
55 0.14551 0.00673047 0.138779 0.15224
56 0.147904 0.0107334 0.137171 0.158638
57 0.149936 0.0181612 0.131775 0.168097
58 0.148845 0.0151075 0.133738 0.163953
59 0.144312 0.00485435 0.139458 0.149166
60 0.149209 0.0146997 0.134509 0.163908
61 0.151368 0.0160313 0.135337 0.1674
62 0.157334 0.0377796 0.119555 0.195114
63 0.144547 0.00287198 0.141675 0.147419
64 0.145681 0.00467745 0.141003 0.150358
65 0.144547 0.00427227 0.140275 0.14882
66 0.146365 0.00909194 0.137273 0.155457
67 0.145809 0.00712077 0.138688 0.15293
68 0.144227 0.00440272 0.139824 0.148629
69 0.146151 0.00987213 0.136279 0.156023
70 0.145317 0.00718358 0.138133 0.152501
71 0.143863 0.00395066 0.139912 0.147814
72 0.146343 0.00807532 0.138268 0.154419
73 0.146643 0.00892754 0.137715 0.15557
74 0.14551 0.00530167 0.140208 0.150811
75 0.144825 0.00534872 0.139477 0.150174
76 0.14521 0.00792775 0.137282 0.153138
77 0.151433 0.0230517 0.128381 0.174484
78 0.148503 0.0102118 0.138291 0.158715
79 0.156992 0.0279029 0.129089 0.184895
80 0.145787 0.00595946 0.139828 0.151747
81 0.145616 0.0073184 0.138298 0.152935
82 0.148567 0.0102418 0.138325 0.158809
83 0.147562 0.0100753 0.137487 0.157638
84 0.151988 0.0135685 0.13842 0.165557
85 0.145146 0.00423011 0.140916 0.149376
86 0.145616 0.00524727 0.140369 0.150864
87 0.146001 0.00691612 0.139085 0.152917
88 0.146493 0.00982906 0.136664 0.156322
89 0.148802 0.0131899 0.135613 0.161992
90 0.148375 0.0121197 0.136255 0.160494
91 0.145082 0.00488328 0.140199 0.149965
92 0.148054 0.00981428 0.13824 0.157868
93 0.148524 0.0162464 0.132278 0.164771
94 0.147327 0.00886237 0.138465 0.156189
95 0.151475 0.0168186 0.134657 0.168294
96 0.146792 0.00797536 0.138817 0.154768
97 0.147691 0.0113383 0.136352 0.159029
98 0.144184 0.00907422 0.13511 0.153258
99 0.143457 0.00953438 0.133922 0.152991
100 0.140613 0.00474986 0.135863 0.145363
101 0.141126 0.00569921 0.135427 0.146825
102 0.140164 0.00452764 0.135636 0.144691
103 0.140207 0.00463424 0.135572 0.144841
104 0.142751 0.00445377 0.138297 0.147205
105 0.147092 0.0121197 0.134972 0.159212
106 0.147327 0.0128635 0.134464 0.160191
107 0.145638 0.0106747 0.134963 0.156312
108 0.141126 0.00542127 0.135705 0.146547
109 0.140805 0.00473689 0.136068 0.145542
110 0.140891 0.0048487 0.136042 0.14574
111 0.13995 0.0011702 0.13878 0.14112
112 0.14846 0.00803635 0.140424 0.156497
113 0.147348 0.00775987 0.139589 0.155108
114 0.14784 0.0165066 0.131334 0.164347
115 0.146108 0.0081572 0.137951 0.154265
116 0.144975 0.0115498 0.133425 0.156525
117 0.145189 0.00471294 0.140476 0.149902
118 0.149444 0.012835 0.136609 0.162279
119 0.146942 0.0110749 0.135867 0.158017
120 0.148225 0.0203805 0.127845 0.168606
121 0.146172 0.00760528 0.138567 0.153778
122 0.15201 0.0309447 0.121065 0.182955
123 0.144013 0.00466688 0.139346 0.14868
124 0.145552 0.0112305 0.134322 0.156783
125 0.163642 0.0418884 0.121754 0.20553
126 0.148332 0.0177795 0.130553 0.166112
127 0.146194 0.008009 0.138185 0.154203
128 0.144868 0.00504719 0.139821 0.149915
129 0.146322 0.0142521 0.13207 0.160574
130 0.144162 0.00926827 0.134894 0.153431
131 0.14243 0.00498997 0.13744 0.14742
132 0.143393 0.00891852 0.134474 0.152311
133 0.142067 0.0046329 0.137434 0.1467
134 0.143478 0.00658991 0.136888 0.150068
135 0.142495 0.00529947 0.137195 0.147794
136 0.145723 0.0154566 0.130267 0.16118
137 0.144333 0.00792201 0.136411 0.152255
138 0.143628 0.00645642 0.137171 0.150084
139 0.147306 0.0235546 0.123751 0.17086
140 0.144205 0.0109747 0.133231 0.15518
141 0.14598 0.011924 0.134056 0.157904
142 0.146258 0.0161923 0.130066 0.16245
143 0.145125 0.0112671 0.133858 0.156392
144 0.143371 0.00732636 0.136045 0.150698
145 0.14397 0.00939894 0.134571 0.153369
146 0.143649 0.00959692 0.134052 0.153246
147 0.150641 0.0186415 0.132 0.169283
148 0.143692 0.00820496 0.135487 0.151897
149 0.143179 0.00487714 0.138302 0.148056
150 0.147797 0.0217308 0.126067 0.169528
151 0.145338 0.010787 0.134551 0.156125
152 0.148653 0.0153017 0.133351 0.163954
153 0.14444 0.0086296 0.135811 0.15307
154 0.144312 0.00896799 0.135344 0.15328
155 0.1432 0.00768265 0.135518 0.150883
156 0.15124 0.0270359 0.124204 0.178276
157 0.153549 0.0358331 0.117716 0.189383
158 0.150342 0.031028 0.119314 0.18137
159 0.143542 0.00508041 0.138462 0.148623
160 0.144055 0.00510017 0.138955 0.149156
161 0.144804 0.0088509 0.135953 0.153655
162 0.146686 0.0165293 0.130156 0.163215
163 0.149423 0.0183171 0.131105 0.16774
164 0.149209 0.0177813 0.131427 0.16699
165 0.146237 0.0137106 0.132526 0.159947
166 0.147498 0.0134333 0.134065 0.160931
167 0.144569 0.00719868 0.13737 0.151767
168 0.150171 0.0157248 0.134446 0.165896
169 0.147562 0.0143258 0.133236 0.161888
170 0.145766 0.010373 0.135393 0.156139
171 0.143136 0.00584199 0.137294 0.148978
172 0.147519 0.0129188 0.134601 0.160438
173 0.146408 0.00894941 0.137458 0.155357
174 0.14335 0.00497184 0.138378 0.148322
175 0.144975 0.00599175 0.138983 0.150967
176 0.147477 0.00880831 0.138668 0.156285
177 0.144162 0.00489454 0.139268 0.149057
178 0.14397 0.00558949 0.13838 0.149559
179 0.144868 0.00589927 0.138969 0.150767
180 0.144205 0.00485647 0.139349 0.149062
181 0.144547 0.00897973 0.135568 0.153527
182 0.150085 0.0301214 0.119964 0.180207
183 0.15216 0.021302 0.130858 0.173462
184 0.146065 0.0120227 0.134043 0.158088
185 0.145467 0.0118925 0.133574 0.157359
186 0.14459 0.0108526 0.133737 0.155443
187 0.142687 0.00477802 0.137909 0.147465
188 0.144333 0.00763995 0.136694 0.151973
189 0.142473 0.00465785 0.137815 0.147131
190 0.147819 0.0123089 0.13551 0.160128
191 0.147113 0.0146255 0.132488 0.161739
192 0.151625 0.0228467 0.128778 0.174472
193 0.143008 0.00506261 0.137945 0.14807
194 0.144184 0.00725285 0.136931 0.151437
195 0.148802 0.0147479 0.134055 0.16355
196 0.14846 0.010179 0.138281 0.158639
197 0.146343 0.00686729 0.139476 0.153211
198 0.144483 0.00943972 0.135043 0.153923
199 0.135075 0.000562088 0.134513 0.135637
200 0.140399 0.0137497 0.126649 0.154149
201 0.138753 0.0113908 0.127362 0.150143
202 0.142623 0.0138843 0.128739 0.156507
203 0.141276 0.0152471 0.126029 0.156523
204 0.13593 0.00251654 0.133414 0.138447
205 0.1364 0.00501192 0.131389 0.141412
206 0.135909 0.00258227 0.133326 0.138491
207 0.13531 0.00171276 0.133597 0.137023
208 0.136422 0.00362625 0.132796 0.140048
209 0.136657 0.00491984 0.131737 0.141577
210 0.142452 0.019555 0.122897 0.162007
211 0.139779 0.012954 0.126825 0.152733
212 0.142815 0.0266753 0.11614 0.169491
213 0.13779 0.00842013 0.12937 0.14621
214 0.13608 0.00465849 0.131421 0.140738
215 0.136978 0.00785547 0.129122 0.144833
216 0.135673 0.00279738 0.132876 0.138471
217 0.136422 0.00464158 0.13178 0.141063
218 0.136379 0.00526537 0.131114 0.141644
219 0.133685 0.00403993 0.129645 0.137725
220 0.132637 0.00452643 0.128111 0.137164
221 0.133407 0.00442674 0.12898 0.137834
222 0.134754 0.00836598 0.126388 0.14312
223 0.138881 0.0199797 0.118901 0.158861
224 0.134091 0.00541701 0.128674 0.139508
225 0.132124 0.00239439 0.12973 0.134518
226 0.139415 0.0182183 0.121197 0.157634
227 0.132209 0.00254544 0.129664 0.134755
228 0.137405 0.0172802 0.120125 0.154686
229 0.136101 0.0135533 0.122548 0.149654
230 0.132552 0.00474384 0.127808 0.137295
231 0.13871 0.00422551 0.134484 0.142935
232 0.138774 0.00744967 0.131324 0.146224
233 0.146023 0.0247111 0.121312 0.170734
234 0.13871 0.00531958 0.13339 0.144029
235 0.138475 0.00567606 0.132799 0.144151
236 0.139586 0.00654242 0.133044 0.146129
237 0.140891 0.0131468 0.127744 0.154038
238 0.139758 0.00907152 0.130686 0.148829
239 0.144034 0.0216465 0.122388 0.165681
240 0.139287 0.00667347 0.132614 0.145961
241 0.138047 0.00577983 0.132267 0.143827
242 0.136743 0.00490942 0.131833 0.141652
243 0.141169 0.0136869 0.127482 0.154856
244 0.138154 0.00555206 0.132602 0.143706
245 0.139693 0.00640666 0.133287 0.1461
246 0.13779 0.00476331 0.133027 0.142554
247 0.137598 0.00418113 0.133417 0.141779
248 0.144975 0.0205955 0.124379 0.16557
249 0.142986 0.0184345 0.124552 0.161421
250 0.138197 0.00464606 0.133551 0.142843
251 0.140399 0.0129213 0.127478 0.15332
252 0.14444 0.021092 0.123348 0.165532
253 0.139287 0.00840219 0.130885 0.147689
254 0.137491 0.00474966 0.132741 0.142241
255 0.142345 0.017475 0.12487 0.15982
256 0.138004 0.00447936 0.133525 0.142484
257 0.137748 0.00481354 0.132934 0.142561
258 0.137619 0.00535098 0.132268 0.14297
259 0.139202 0.00803433 0.131167 0.147236
260 0.137577 0.00531067 0.132266 0.142887
261 0.13995 0.0112709 0.128679 0.151221
262 0.140934 0.0126455 0.128288 0.153579
263 0.138966 0.00592031 0.133046 0.144887
264 0.141832 0.0107258 0.131106 0.152557
265 0.138218 0.00536123 0.132857 0.143579
266 0.146493 0.0246592 0.121834 0.171152
267 0.140292 0.0107608 0.129531 0.151053
268 0.139309 0.0100711 0.129237 0.14938
269 0.140698 0.0120785 0.12862 0.152777
270 0.140848 0.00859817 0.13225 0.149446
271 0.142815 0.0139886 0.128827 0.156804
272 0.140121 0.00935604 0.130765 0.149477
273 0.142495 0.0128008 0.129694 0.155295
274 0.146194 0.0273476 0.118846 0.173541
275 0.141554 0.0116751 0.129879 0.153229
276 0.138068 0.0046989 0.133369 0.142767
277 0.143564 0.0153653 0.128198 0.158929
278 0.1333 0.00683191 0.126468 0.140132
279 0.134626 0.014975 0.119651 0.149601
280 0.131376 0.00476523 0.12661 0.136141
281 0.135652 0.0138197 0.121832 0.149472
282 0.130862 0.0027081 0.128154 0.13357
283 0.131889 0.00536941 0.126519 0.137258
284 0.133984 0.0129143 0.12107 0.146898
285 0.135524 0.0136956 0.121828 0.149219
286 0.133471 0.00763085 0.12584 0.141102
287 0.131632 0.00451292 0.127119 0.136145
288 0.133642 0.00602295 0.127619 0.139665
289 0.132209 0.00533159 0.126878 0.137541
290 0.134155 0.0103975 0.123758 0.144553
291 0.132252 0.00706585 0.125186 0.139318
292 0.135246 0.0141933 0.121053 0.149439
293 0.135096 0.0139483 0.121148 0.149044
294 0.133407 0.00986157 0.123545 0.143268
295 0.132744 0.0122487 0.120495 0.144993
296 0.133984 0.0173341 0.11665 0.151318
297 0.136785 0.0089637 0.127822 0.145749
298 0.137748 0.0119697 0.125778 0.149717
299 0.136208 0.010624 0.125584 0.146832
300 0.139373 0.0167359 0.122637 0.156109
301 0.135118 0.00686846 0.128249 0.141986
302 0.136935 0.00849581 0.128439 0.145431
303 0.14042 0.014254 0.126166 0.154674
304 0.137021 0.00937862 0.127642 0.146399
305 0.138924 0.0104073 0.128516 0.149331
306 0.138304 0.010696 0.127608 0.149
307 0.13856 0.0137656 0.124795 0.152326
308 0.141596 0.00388884 0.137708 0.145485
309 0.141832 0.00733434 0.134497 0.149166
310 0.148546 0.0277321 0.120814 0.176278
311 0.144419 0.0174471 0.126972 0.161866
312 0.141425 0.0113333 0.130092 0.152759
313 0.139052 0.00888789 0.130164 0.14794
314 0.140998 0.0124293 0.128568 0.153427
315 0.140976 0.0131724 0.127804 0.154149
316 0.139501 0.007228 0.132273 0.146729
317 0.138026 0.00545804 0.132568 0.143484
318 0.13948 0.00962107 0.129859 0.149101
319 0.137063 0.00537128 0.131692 0.142435
320 0.132958 0.00687966 0.126078 0.139838
321 0.130755 0.00465707 0.126098 0.135412
322 0.133685 0.0106032 0.123082 0.144288
323 0.13407 0.0134133 0.120656 0.147483
324 0.134433 0.014685 0.119748 0.149118
325 0.131568 0.00523292 0.126335 0.136801
326 0.139159 0.0162269 0.122932 0.155386
327 0.130093 0.00413213 0.12596 0.134225
328 0.130285 0.00517846 0.125107 0.135463
329 0.133535 0.0138093 0.119726 0.147344
330 0.130499 0.0048709 0.125628 0.13537
331 0.134369 0.0121672 0.122202 0.146536
332 0.130905 0.00504542 0.12586 0.135951
333 0.131568 0.00829063 0.123277 0.139859
334 0.130691 0.00541689 0.125274 0.136108
335 0.131974 0.009585 0.122389 0.141559
336 0.129964 0.00383199 0.126132 0.133796
337 0.131418 0.00624303 0.125175 0.137661
338 0.134455 0.0132624 0.121192 0.147717
339 0.135652 0.0213483 0.114304 0.157
340 0.129879 0.00480821 0.125071 0.134687
341 0.130584 0.00845338 0.122131 0.139038
342 0.135609 0.0184442 0.117165 0.154054
343 0.131504 0.00837428 0.12313 0.139878
344 0.132423 0.0107827 0.121641 0.143206
345 0.129729 0.00467745 0.125052 0.134407
346 0.129494 0.00476715 0.124727 0.134261
347 0.133407 0.0171944 0.116212 0.150601
348 0.134113 0.0190104 0.115102 0.153123
349 0.133086 0.0148573 0.118229 0.147943
350 0.129259 0.00471367 0.124545 0.133972
351 0.129793 0.00487883 0.124914 0.134672
352 0.132594 0.00642974 0.126165 0.139024
353 0.131739 0.0103352 0.121404 0.142074
354 0.136614 0.0181239 0.11849 0.154738
355 0.129537 0.00459386 0.124943 0.13413
356 0.130477 0.00447487 0.126003 0.134952
357 0.130713 0.00568841 0.125024 0.136401
358 0.134284 0.019174 0.11511 0.153458
359 0.131846 0.0100185 0.121827 0.141864
360 0.129515 0.00256335 0.126952 0.132079
361 0.133022 0.0112827 0.121739 0.144305
362 0.133364 0.0112671 0.122097 0.144631
363 0.131846 0.00803274 0.123813 0.139879
364 0.132402 0.00768518 0.124717 0.140087
365 0.136294 0.0250155 0.111278 0.161309
366 0.131247 0.00724733 0.124 0.138495
367 0.133899 0.0108921 0.123007 0.144791
368 0.132167 0.00587379 0.126293 0.13804
369 0.140078 0.0318169 0.108261 0.171895
370 0.131696 0.0075943 0.124102 0.139291
371 0.139394 0.0198846 0.11951 0.159279
372 0.132723 0.0083795 0.124343 0.141102
373 0.131204 0.00497368 0.126231 0.136178
374 0.133343 0.0110179 0.122325 0.144361
375 0.133621 0.011418 0.122203 0.145039
376 0.134048 0.0106093 0.123439 0.144658
377 0.132573 0.00801553 0.124557 0.140588
378 0.135845 0.0133434 0.122501 0.149188
379 0.136037 0.013436 0.122601 0.149473
380 0.131654 0.00495651 0.126697 0.13661
381 0.13439 0.0119528 0.122438 0.146343
382 0.134797 0.0129096 0.121887 0.147706
383 0.131504 0.00706019 0.124444 0.138564
384 0.135118 0.0175752 0.117542 0.152693
385 0.138282 0.0200616 0.118221 0.158344
386 0.131675 0.00526189 0.126413 0.136937
387 0.131012 0.00452441 0.126488 0.135536
388 0.132231 0.00741534 0.124816 0.139646
389 0.133214 0.00794851 0.125266 0.141163
390 0.131098 0.00321872 0.127879 0.134316
391 0.134604 0.00814777 0.126457 0.142752
392 0.133578 0.00328564 0.130292 0.136864
393 0.133108 0.00590702 0.127201 0.139015
394 0.140955 0.0249508 0.116004 0.165906
395 0.136956 0.0175999 0.119357 0.154556
396 0.136999 0.00685219 0.130147 0.143851
397 0.138389 0.00679608 0.131593 0.145185
398 0.137833 0.00675789 0.131075 0.144591
399 0.141618 0.0129236 0.128694 0.154541
400 0.140057 0.00943316 0.130624 0.14949
401 0.139009 0.00990228 0.129107 0.148911
402 0.139929 0.0117271 0.128202 0.151656
403 0.135845 0.0046989 0.131146 0.140543
404 0.139608 0.0145135 0.125094 0.154121
405 0.13593 0.00483888 0.131091 0.140769
406 0.137021 0.00708463 0.129936 0.144105
407 0.135417 0.00437019 0.131047 0.139787
408 0.134925 0.00209725 0.132828 0.137022
409 0.136229 0.00537464 0.130855 0.141604
410 0.129537 0.00563288 0.123904 0.135169
411 0.13454 0.0187142 0.115826 0.153254
412 0.129045 0.0049243 0.124121 0.133969
413 0.136016 0.0214274 0.114588 0.157443
414 0.13484 0.0177835 0.117056 0.152623
415 0.131675 0.0107561 0.120919 0.142431
416 0.129259 0.0135923 0.115666 0.142851
417 0.126522 0.00493432 0.121587 0.131456
418 0.133471 0.015421 0.11805 0.148892
419 0.136358 0.0347834 0.101574 0.171141
420 0.130221 0.0116378 0.118583 0.141859
421 0.128745 0.00775161 0.120994 0.136497
422 0.127056 0.00743049 0.119626 0.134487
423 0.126479 0.00497786 0.121501 0.131457
424 0.129494 0.00917277 0.120321 0.138667
425 0.127078 0.00481235 0.122265 0.13189
426 0.126735 0.00464803 0.122087 0.131384
427 0.134604 0.00674946 0.127855 0.141354
428 0.134155 0.0110606 0.123095 0.145216
429 0.133257 0.00455688 0.1287 0.137814
430 0.134412 0.00874143 0.12567 0.143153
431 0.131654 0.00437229 0.127281 0.136026
432 0.133172 0.00677182 0.1264 0.139943
433 0.132594 0.0048694 0.127725 0.137464
434 0.132701 0.00663637 0.126065 0.139338
435 0.136572 0.0147453 0.121826 0.151317
436 0.131568 0.00543521 0.126133 0.137003
437 0.130584 0.00540654 0.125178 0.135991
438 0.132274 0.00678894 0.125485 0.139063
439 0.131247 0.00681019 0.124437 0.138057
440 0.130093 0.0042885 0.125804 0.134381
441 0.13129 0.00805536 0.123235 0.139345
442 0.136743 0.0197819 0.116961 0.156525
443 0.139565 0.0199666 0.119599 0.159532
444 0.130969 0.00461961 0.12635 0.135589
445 0.133835 0.0127578 0.121077 0.146592
446 0.13809 0.0297261 0.108364 0.167816
447 0.131376 0.00480726 0.126568 0.136183
448 0.131974 0.00506261 0.126912 0.137037
449 0.135438 0.013525 0.121913 0.148963
450 0.146686 0.0264417 0.120244 0.173127
451 0.139715 0.00963325 0.130082 0.149348
452 0.14474 0.0162123 0.128527 0.160952
453 0.138368 0.0073296 0.131038 0.145697
454 0.142046 0.0135312 0.128514 0.155577
455 0.141939 0.0101534 0.131785 0.152092
456 0.139522 0.00856044 0.130962 0.148083
457 0.140228 0.0100802 0.130148 0.150308
458 0.135374 0.0136926 0.121681 0.149067
459 0.134711 0.0117624 0.122949 0.146474
460 0.139287 0.0200784 0.119209 0.159366
461 0.139779 0.0184751 0.121304 0.158254
462 0.132103 0.00547983 0.126623 0.137582
463 0.13531 0.0118973 0.123413 0.147207
464 0.133129 0.00753462 0.125594 0.140664
465 0.134476 0.0128 0.121676 0.147276
466 0.132658 0.00644696 0.126212 0.139105
467 0.132381 0.00569837 0.126682 0.138079
468 0.132573 0.00614693 0.126426 0.13872
469 0.137192 0.0203244 0.116867 0.157516
470 0.138346 0.0205205 0.117826 0.158867
471 0.140591 0.0294455 0.111146 0.170037
472 0.140934 0.0313005 0.109633 0.172234
473 0.132744 0.00557987 0.127164 0.138324
474 0.13469 0.0127406 0.121949 0.14743
475 0.131654 0.00444282 0.127211 0.136096
476 0.136614 0.0130406 0.123574 0.149655
477 0.145809 0.0332586 0.11255 0.179068
478 0.132487 0.00522474 0.127263 0.137712
479 0.132851 0.00738776 0.125463 0.140239
480 0.133941 0.00794863 0.125993 0.14189
481 0.132145 0.00458409 0.127561 0.136729
482 0.134455 0.00872395 0.125731 0.143179
483 0.138988 0.0137543 0.125234 0.152742
484 0.135118 0.0103978 0.12472 0.145515
485 0.13484 0.00855427 0.126285 0.143394
486 0.137983 0.0137238 0.124259 0.151707
487 0.135716 0.0129087 0.122808 0.148625
488 0.132402 0.00550563 0.126896 0.137908
489 0.140142 0.0262247 0.113918 0.166367
490 0.135887 0.0150008 0.120886 0.150888
491 0.13052 0.00777532 0.122745 0.138296
492 0.128275 0.00533708 0.122938 0.133612
493 0.137619 0.00874405 0.128875 0.146363
494 0.134519 0.00517175 0.129347 0.139691
495 0.137726 0.00828533 0.129441 0.146012
496 0.137127 0.0127088 0.124419 0.149836
497 0.134882 0.00519103 0.129691 0.140073
498 0.140378 0.0190587 0.121319 0.159436
499 0.136572 0.00808174 0.12849 0.144653
500 0.13593 0.00575235 0.130178 0.141682
501 0.137983 0.0105608 0.127422 0.148544
502 0.134604 0.00284599 0.131758 0.13745
503 0.135502 0.00464606 0.130856 0.140148
504 0.137341 0.00979719 0.127544 0.147139
505 0.142238 0.00605006 0.136188 0.148288
506 0.140399 0.0052917 0.135107 0.145691
507 0.142409 0.0127223 0.129687 0.155131
508 0.14613 0.0272346 0.118895 0.173364
509 0.139758 0.0104085 0.129349 0.150166
510 0.139244 0.00890241 0.130342 0.148147
511 0.138496 0.00706119 0.131435 0.145557
512 0.138988 0.0096151 0.129373 0.148603
513 0.137598 0.00530512 0.132293 0.142903
514 0.141554 0.0136092 0.127944 0.155163
515 0.138603 0.00702826 0.131575 0.145631
516 0.137042 0.0170245 0.120017 0.154066
517 0.130135 0.00240819 0.127727 0.132544
518 0.134155 0.0107673 0.123388 0.144923
519 0.135588 0.0138083 0.12178 0.149396
520 0.135246 0.012953 0.122293 0.148199
521 0.134348 0.0116093 0.122738 0.145957
522 0.134754 0.0118846 0.122869 0.146639
523 0.133984 0.0119024 0.122082 0.145887
524 0.130028 0.00507717 0.124951 0.135106
525 0.131675 0.00738606 0.124289 0.139061
526 0.133022 0.009543 0.123479 0.142565
527 0.13082 0.00495213 0.125867 0.135772
528 0.130798 0.00556161 0.125237 0.13636
529 0.131803 0.00617158 0.125632 0.137975
530 0.130499 0.0051145 0.125384 0.135613
531 0.14335 0.040861 0.102489 0.184211
532 0.131739 0.00760152 0.124138 0.139341
533 0.136101 0.0199412 0.11616 0.156042
534 0.132381 0.00811922 0.124261 0.1405
535 0.133065 0.00911945 0.123945 0.142184
536 0.132103 0.00874332 0.123359 0.140846
537 0.132167 0.00763154 0.124535 0.139798
538 0.131632 0.00564536 0.125987 0.137277
539 0.134775 0.0143403 0.120435 0.149116
540 0.132445 0.00979329 0.122651 0.142238
541 0.133428 0.0112661 0.122162 0.144694
542 0.131204 0.00590659 0.125298 0.137111
543 0.13114 0.00739024 0.12375 0.138531
544 0.132744 0.00886742 0.123877 0.141611
545 0.130649 0.00601688 0.124632 0.136665
546 0.129815 0.00477841 0.125036 0.134593
547 0.131782 0.00963816 0.122144 0.14142
548 0.133343 0.011724 0.121619 0.145067
549 0.133728 0.0158348 0.117893 0.149562
550 0.132017 0.0111855 0.120831 0.143203
551 0.13144 0.00756148 0.123878 0.139001
552 0.137812 0.0170069 0.120805 0.154819
553 0.134113 0.0180632 0.116049 0.152176
554 0.130285 0.00435132 0.125934 0.134636
555 0.131098 0.00597872 0.125119 0.137076
556 0.129836 0.0046972 0.125139 0.134533
557 0.132573 0.0115173 0.121056 0.14409
558 0.132658 0.00978068 0.122878 0.142439
559 0.130884 0.0063998 0.124484 0.137284
560 0.129451 0.00257695 0.126874 0.132028
561 0.13114 0.00651002 0.12463 0.13765
562 0.132936 0.0116219 0.121315 0.144558
563 0.129558 0.00455503 0.125003 0.134113
564 0.134433 0.0123505 0.122083 0.146784
565 0.130841 0.00626988 0.124571 0.137111
566 0.133214 0.0103352 0.122879 0.14355
567 0.131611 0.0056942 0.125917 0.137305
568 0.131718 0.00758771 0.12413 0.139305
569 0.13052 0.0049145 0.125606 0.135435
570 0.130991 0.00458828 0.126402 0.135579
571 0.131482 0.00572239 0.12576 0.137205
572 0.132209 0.00712308 0.125086 0.139333
573 0.131076 0.0046406 0.126436 0.135717
574 0.131846 0.00713953 0.124706 0.138985
575 0.132723 0.00774902 0.124974 0.140472
576 0.134455 0.00928159 0.125173 0.143736
577 0.131311 0.00503194 0.126279 0.136343
578 0.135438 0.0121646 0.123274 0.147603
579 0.132915 0.00639569 0.126519 0.139311
580 0.132723 0.00939992 0.123323 0.142123
581 0.132509 0.00649736 0.126011 0.139006
582 0.13253 0.00634012 0.12619 0.13887
583 0.137705 0.0142043 0.123501 0.151909
584 0.137192 0.0138402 0.123351 0.151032
585 0.133984 0.00926057 0.124724 0.143245
586 0.137341 0.0130587 0.124283 0.1504
587 0.135246 0.0106767 0.124569 0.145923
588 0.131589 0.00430872 0.127281 0.135898
589 0.136101 0.00655983 0.129541 0.142661
590 0.136187 0.00916666 0.12702 0.145353
591 0.131119 0.00500995 0.126109 0.136129
592 0.132872 0.00916329 0.123709 0.142036
593 0.137234 0.0075125 0.129722 0.144747
594 0.138261 0.00775707 0.130504 0.146018
595 0.145723 0.0361716 0.109552 0.181895
596 0.135845 0.00448176 0.131363 0.140326
597 0.140485 0.0142329 0.126252 0.154718
598 0.135823 0.00486362 0.13096 0.140687
599 0.138646 0.0106987 0.127947 0.149344
600 0.135909 0.00463685 0.131272 0.140546
601 0.136122 0.0049377 0.131185 0.14106
602 0.137876 0.00904103 0.128835 0.146917
603 0.145488 0.0306183 0.11487 0.176106
604 0.136507 0.00474408 0.131763 0.141251
605 0.139159 0.00960882 0.12955 0.148768
606 0.139351 0.0117619 0.127589 0.151113
607 0.132894 0.0114408 0.121453 0.144334
608 0.130328 0.00461763 0.12571 0.134945
609 0.134241 0.012531 0.12171 0.146772
610 0.12975 0.00492713 0.124823 0.134678
611 0.132017 0.0161505 0.115867 0.148167
612 0.128318 0.0111662 0.117152 0.139484
613 0.126308 0.00474152 0.121566 0.131049
614 0.12742 0.00705757 0.120362 0.134477
615 0.1299 0.00954913 0.120351 0.139449
616 0.126244 0.00477099 0.121473 0.131015
617 0.128104 0.00989119 0.118213 0.137995
618 0.134754 0.0224931 0.112261 0.157247
619 0.126415 0.00467378 0.121741 0.131089
620 0.129558 0.0118287 0.117729 0.141387
621 0.126928 0.00532529 0.121603 0.132253
622 0.128767 0.010669 0.118098 0.139436
623 0.133086 0.00675722 0.126329 0.139843
624 0.13732 0.0179299 0.11939 0.15525
625 0.132594 0.00885511 0.123739 0.141449
626 0.132295 0.00721112 0.125084 0.139506
627 0.13067 0.00454296 0.126127 0.135213
628 0.135502 0.0135866 0.121916 0.149089
629 0.132979 0.0100499 0.122929 0.143029
630 0.132081 0.0070599 0.125021 0.139141
631 0.13082 0.00801085 0.122809 0.13883
632 0.134177 0.0124571 0.12172 0.146634
633 0.130071 0.00324363 0.126828 0.133315
634 0.131889 0.00674882 0.12514 0.138638
635 0.131953 0.00700424 0.124949 0.138957
636 0.13052 0.00425855 0.126262 0.134779
637 0.132851 0.0116211 0.12123 0.144472
638 0.129644 0.00249831 0.127145 0.132142
639 0.129729 0.00450618 0.125223 0.134235
640 0.134198 0.00921851 0.12498 0.143417
641 0.135994 0.0182529 0.117741 0.154247
642 0.130221 0.00470129 0.12552 0.134922
643 0.137662 0.00665811 0.131004 0.14432
644 0.136379 0.0047945 0.131585 0.141174
645 0.138239 0.00698908 0.13125 0.145228
646 0.141682 0.0154762 0.126206 0.157158
647 0.14042 0.00956578 0.130855 0.149986
648 0.140805 0.0122737 0.128532 0.153079
649 0.143884 0.0201427 0.123742 0.164027
650 0.138667 0.00895002 0.129717 0.147617
651 0.138902 0.00869161 0.130211 0.147594
652 0.144034 0.0160792 0.127955 0.160113
653 0.137812 0.00508329 0.132728 0.142895
654 0.142473 0.0126424 0.129831 0.155116
655 0.138304 0.00703281 0.131271 0.145336
656 0.140869 0.0134003 0.127469 0.15427
657 0.13176 0.00502544 0.126735 0.136786
658 0.132402 0.00652422 0.125878 0.138926
659 0.132038 0.00808581 0.123953 0.140124
660 0.136272 0.0126446 0.123628 0.148917
661 0.133899 0.00865502 0.125244 0.142554
662 0.134113 0.00918652 0.124926 0.143299
663 0.134048 0.0101404 0.123908 0.144189
664 0.13144 0.00226001 0.12918 0.1337
665 0.134626 0.0129718 0.121654 0.147598
666 0.134177 0.00913508 0.125042 0.143312
667 0.131782 0.00485774 0.126924 0.13664
668 0.144932 0.0391807 0.105751 0.184113
669 0.134262 0.0113763 0.122886 0.145639
670 0.131825 0.00506347 0.126761 0.136888
671 0.13176 0.00437777 0.127383 0.136138
672 0.13377 0.00896811 0.124802 0.142739
673 0.135011 0.0129736 0.122037 0.147984
674 0.132958 0.00751493 0.125443 0.140473
675 0.132103 0.00498709 0.127115 0.13709
676 0.133749 0.00809034 0.125659 0.141839
677 0.132252 0.00620154 0.126051 0.138454
678 0.13253 0.00562313 0.126907 0.138153
679 0.132188 0.00493918 0.127249 0.137127
680 0.132081 0.00524339 0.126838 0.137325
681 0.136465 0.0112984 0.125166 0.147763
682 0.133428 0.00901632 0.124412 0.142445
683 0.132936 0.00571247 0.127224 0.138649
684 0.13268 0.00499437 0.127686 0.137674
685 0.136956 0.0110173 0.125939 0.147974
686 0.136657 0.014639 0.122018 0.151296
687 0.13114 0.0111619 0.119978 0.142302
688 0.129986 0.00831508 0.121671 0.138301
689 0.135909 0.00423918 0.131669 0.140148
690 0.135353 0.00379987 0.131553 0.139153
691 0.140463 0.0274348 0.113028 0.167898
692 0.136165 0.00680415 0.129361 0.142969
693 0.136721 0.0094705 0.127251 0.146192
694 0.135139 0.00502381 0.130115 0.140163
695 0.145702 0.033325 0.112377 0.179027
696 0.137919 0.0112177 0.126701 0.149136
697 0.13918 0.0204133 0.118767 0.159594
698 0.13531 0.00436418 0.130946 0.139674
699 0.134626 0.00248849 0.132137 0.137114
700 0.134968 0.00246189 0.132506 0.13743
701 0.141618 0.00466178 0.136956 0.14628
702 0.146878 0.0249185 0.121959 0.171797
703 0.138154 0.00498997 0.133164 0.143144
704 0.141554 0.0108037 0.13075 0.152357
705 0.143991 0.0134389 0.130552 0.15743
706 0.140677 0.0138322 0.126845 0.154509
707 0.140805 0.0152379 0.125567 0.156043
708 0.137299 0.00483926 0.132459 0.142138
709 0.137833 0.00506207 0.132771 0.142895
710 0.139522 0.0104271 0.129095 0.149949
711 0.140078 0.0119227 0.128156 0.152001
712 0.137662 0.0059809 0.131681 0.143643
713 0.140078 0.0149486 0.12513 0.155027
714 0.136507 0.0045291 0.131978 0.141036
715 0.13995 0.0118337 0.128116 0.151784
716 0.14474 0.0213534 0.123386 0.166093
717 0.132487 0.0074215 0.125066 0.139909
718 0.136636 0.0205681 0.116068 0.157204
719 0.134198 0.0110312 0.123167 0.145229
720 0.131867 0.00875103 0.123116 0.140618
721 0.13454 0.0105019 0.124038 0.145042
722 0.132316 0.00966102 0.122655 0.141977
723 0.133856 0.0150672 0.118789 0.148923
724 0.133407 0.0142624 0.119144 0.147669
725 0.131269 0.00794388 0.123325 0.139212
726 0.132979 0.00997772 0.123002 0.142957
727 0.131696 0.00898225 0.122714 0.140679
728 0.139309 0.0281957 0.111113 0.167504
729 0.130991 0.00497276 0.126018 0.135963
730 0.132038 0.00732261 0.124716 0.139361
731 0.130285 0.00415568 0.126129 0.134441
732 0.130285 0.00473187 0.125553 0.135017
733 0.133599 0.0116165 0.121983 0.145216
734 0.130349 0.00490145 0.125448 0.135251
735 0.133001 0.0113542 0.121646 0.144355
736 0.131311 0.00577963 0.125532 0.137091
737 0.134668 0.0134558 0.121213 0.148124
738 0.133214 0.010777 0.122437 0.143991
739 0.133557 0.0118369 0.12172 0.145393
740 0.131033 0.00574301 0.12529 0.136776
741 0.136507 0.0155378 0.12097 0.152045
742 0.13144 0.00668876 0.124751 0.138128
743 0.133792 0.0126258 0.121166 0.146418
744 0.133065 0.00908932 0.123975 0.142154
745 0.134946 0.0151353 0.119811 0.150082
746 0.130477 0.00625736 0.12422 0.136735
747 0.129922 0.00367783 0.126244 0.133599
748 0.13377 0.0135612 0.120209 0.147332
749 0.132851 0.0109017 0.121949 0.143753
750 0.131247 0.00912409 0.122123 0.140371
751 0.132487 0.0106051 0.121882 0.143093
752 0.142174 0.035345 0.106829 0.177519
753 0.131204 0.00740547 0.123799 0.13861
754 0.139009 0.0245566 0.114453 0.163566
755 0.131183 0.00511199 0.126071 0.136295
756 0.136165 0.0191604 0.117005 0.155326
757 0.131333 0.00549316 0.12584 0.136826
758 0.131397 0.00874956 0.122647 0.140146
759 0.135417 0.0186323 0.116785 0.154049
760 0.130563 0.00482151 0.125741 0.135384
761 0.131204 0.00675451 0.12445 0.137959
762 0.137063 0.0183914 0.118672 0.155455
763 0.131504 0.00675708 0.124747 0.138261
764 0.132594 0.010927 0.121667 0.143521
765 0.130285 0.00255977 0.127725 0.132845
766 0.130798 0.00562374 0.125174 0.136422
767 0.131675 0.00575811 0.125917 0.137433
768 0.132787 0.00768054 0.125106 0.140467
769 0.132231 0.00779881 0.124432 0.14003
770 0.130948 0.00322475 0.127723 0.134173
771 0.132979 0.010599 0.12238 0.143578
772 0.130563 0.00477769 0.125785 0.135341
773 0.133941 0.0139573 0.119984 0.147899
774 0.132103 0.00610349 0.125999 0.138206
775 0.131718 0.00520264 0.126515 0.13692
776 0.133065 0.012115 0.12095 0.14518
777 0.132744 0.00935323 0.123391 0.142097
778 0.133043 0.010693 0.12235 0.143736
779 0.130713 0.00467745 0.126035 0.13539
780 0.136892 0.0195677 0.117325 0.15646
781 0.133963 0.0109013 0.123062 0.144864
782 0.135502 0.0130643 0.122438 0.148567
783 0.134369 0.0154966 0.118873 0.149866
784 0.133214 0.0124744 0.12074 0.145689
785 0.132979 0.00445146 0.128528 0.137431
786 0.132851 0.00474923 0.128102 0.1376
787 0.130649 0.00436648 0.126282 0.135015
788 0.130178 0.00416256 0.126016 0.134341
789 0.13608 0.00245147 0.133628 0.138531
790 0.137897 0.0091856 0.128712 0.147083
791 0.137448 0.00597249 0.131476 0.143421
792 0.139993 0.0100369 0.129956 0.15003
793 0.135866 0.00565265 0.130213 0.141519
794 0.135609 0.00452365 0.131086 0.140133
795 0.137427 0.00745062 0.129976 0.144877
796 0.140527 0.0207742 0.119753 0.161302
797 0.134262 0.0145374 0.119725 0.1488
798 0.12943 0.00535555 0.124074 0.134785
799 0.130456 0.0065732 0.123883 0.137029
