# ../output/graphs/perf_parallel84BIPED_thread3
# step - mean (0.0951301) - standard deviation (0.0132828) r=20 - ylow - yhigh
0 0.112053 0.0465493 0.0655035 0.158602
1 0.102729 0.0105371 0.0921918 0.113266
2 0.0990953 0.00337875 0.0957166 0.102474
3 0.0989302 0.00436967 0.0945605 0.1033
4 0.100387 0.00754443 0.0928422 0.107931
5 0.0999211 0.00651418 0.093407 0.106435
6 0.0981945 0.005546 0.0926485 0.10374
7 0.0952066 0.0056702 0.0895364 0.100877
8 0.0974588 0.00793779 0.089521 0.105397
9 0.0951015 0.00697621 0.0881253 0.102078
10 0.0951165 0.00367271 0.0914438 0.0987892
11 0.0965579 0.00995061 0.0866073 0.106509
12 0.0955069 0.00583711 0.0896698 0.101344
13 0.0931797 0.00352517 0.0896545 0.0967048
14 0.107128 0.0436549 0.0634732 0.150783
15 0.0953568 0.00596092 0.0893958 0.101318
16 0.0939004 0.00450443 0.0893959 0.0984048
17 0.0941256 0.00485083 0.0892747 0.0989764
18 0.0932247 0.00393421 0.0892905 0.0971589
19 0.101137 0.0256324 0.0755049 0.12677
20 0.0953417 0.00755064 0.0877911 0.102892
21 0.0941706 0.00409694 0.0900737 0.0982675
22 0.0921286 0.00205122 0.0900774 0.0941799
23 0.0928193 0.00768875 0.0851306 0.100508
24 0.0906572 0.00228279 0.0883744 0.09294
25 0.093585 0.00789039 0.0856947 0.101475
26 0.0918584 0.00472123 0.0871372 0.0965796
27 0.0902969 0.00259207 0.0877048 0.092889
28 0.0917082 0.00707969 0.0846286 0.0987879
29 0.0923388 0.00400692 0.0883319 0.0963458
30 0.092489 0.00538514 0.0871038 0.0978741
31 0.0929845 0.00841735 0.0845671 0.101402
32 0.0926241 0.00610959 0.0865145 0.0987337
33 0.0934649 0.0104282 0.0830367 0.103893
34 0.101197 0.0211436 0.0800537 0.122341
35 0.102849 0.0093271 0.0935219 0.112176
36 0.100477 0.00517805 0.0952986 0.105655
37 0.100867 0.00572277 0.0951443 0.10659
38 0.0987951 0.00387361 0.0949215 0.102669
39 0.104606 0.0101252 0.0944804 0.114731
40 0.101798 0.00868453 0.0931134 0.110482
41 0.0999362 0.00975481 0.0901813 0.109691
42 0.100026 0.00740801 0.0926182 0.107434
43 0.100357 0.00735959 0.092997 0.107716
44 0.100402 0.00548492 0.0949167 0.105887
45 0.09872 0.00291895 0.095801 0.101639
46 0.101498 0.00615189 0.0953458 0.10765
47 0.104245 0.0143977 0.0898476 0.118643
48 0.0982095 0.00279845 0.095411 0.101008
49 0.100837 0.0118356 0.0890014 0.112673
50 0.10435 0.0158564 0.088494 0.120207
51 0.100176 0.00497466 0.0952017 0.105151
52 0.104981 0.0200402 0.0849408 0.125021
53 0.0992155 0.00569315 0.0935223 0.104909
54 0.100342 0.00514474 0.0951968 0.105486
55 0.101333 0.00600689 0.0953256 0.107339
56 0.10384 0.00906037 0.0947795 0.1129
57 0.101693 0.00901881 0.092674 0.110712
58 0.0993956 0.00330454 0.0960911 0.1027
59 0.0996359 0.00757098 0.0920649 0.107207
60 0.0993356 0.00462737 0.0947082 0.103963
61 0.100777 0.00810914 0.0926678 0.108886
62 0.101543 0.00936221 0.0921805 0.110905
63 0.100041 0.00881913 0.0912221 0.10886
64 0.101107 0.00411308 0.0969942 0.10522
65 0.100417 0.00610289 0.0943137 0.10652
66 0.101212 0.00932516 0.0918872 0.110538
67 0.0999662 0.00685218 0.093114 0.106818
68 0.0985548 0.00340083 0.095154 0.101956
69 0.101948 0.011526 0.0904221 0.113474
70 0.105642 0.0151946 0.090447 0.120836
71 0.0995158 0.00331054 0.0962052 0.102826
72 0.100702 0.0100721 0.0906298 0.110774
73 0.105281 0.0107445 0.0945368 0.116026
74 0.101633 0.00796274 0.0936701 0.109596
75 0.098705 0.00325796 0.095447 0.101963
76 0.0993356 0.00352069 0.0958149 0.102856
77 0.0990653 0.00319903 0.0958663 0.102264
78 0.09878 0.00298855 0.0957915 0.101769
79 0.0994707 0.00725425 0.0922165 0.106725
80 0.100582 0.00522923 0.0953525 0.105811
81 0.100582 0.00947147 0.0911103 0.110053
82 0.100807 0.00868406 0.0921229 0.109491
83 0.0990503 0.00346346 0.0955868 0.102514
84 0.0988251 0.00365922 0.0951659 0.102484
85 0.0986749 0.00326529 0.0954097 0.10194
86 0.0990353 0.00393321 0.0951021 0.102969
87 0.103194 0.00998309 0.0932112 0.113177
88 0.101363 0.0124613 0.0889013 0.113824
89 0.0989902 0.00372682 0.0952634 0.102717
90 0.099741 0.00528396 0.094457 0.105025
91 0.0983747 0.00317143 0.0952032 0.101546
92 0.103735 0.0110143 0.0927205 0.114749
93 0.101242 0.00933472 0.0919077 0.110577
94 0.0993806 0.00546037 0.0939203 0.104841
95 0.101333 0.0133466 0.0879859 0.114679
96 0.102338 0.00687629 0.0954622 0.109215
97 0.103855 0.00931006 0.0945449 0.113165
98 0.0975639 0.00998338 0.0875805 0.107547
99 0.0986599 0.0075033 0.0911566 0.106163
100 0.0965729 0.00538883 0.0911841 0.101962
101 0.107939 0.0467488 0.0611901 0.154688
102 0.0983296 0.00651459 0.091815 0.104844
103 0.098735 0.0102787 0.0884563 0.109014
104 0.101062 0.00966047 0.0914018 0.110723
105 0.102789 0.0113782 0.0914107 0.114167
106 0.0990954 0.00368757 0.0954078 0.102783
107 0.0994407 0.00920584 0.0902348 0.108647
108 0.0968582 0.00463698 0.0922212 0.101495
109 0.0963327 0.0037729 0.0925598 0.100106
110 0.0965279 0.00493925 0.0915886 0.101467
111 0.0970984 0.00465523 0.0924432 0.101754
112 0.105747 0.0123908 0.093356 0.118138
113 0.102564 0.00942806 0.0931356 0.111992
114 0.099771 0.00653353 0.0932375 0.106305
115 0.0995758 0.00599857 0.0935772 0.105574
116 0.0990503 0.00612713 0.0929232 0.105177
117 0.103074 0.0144054 0.0886688 0.11748
118 0.100342 0.00632269 0.0940189 0.106664
119 0.100161 0.00732697 0.0928344 0.107488
120 0.0989902 0.00434566 0.0946446 0.103336
121 0.0998311 0.0104785 0.0893525 0.11031
122 0.0984798 0.00336736 0.0951124 0.101847
123 0.100206 0.0102363 0.0899701 0.110443
124 0.101137 0.00556273 0.0955746 0.1067
125 0.0992755 0.00515711 0.0941184 0.104433
126 0.0982095 0.0028669 0.0953426 0.101076
127 0.100627 0.00430043 0.0963264 0.104927
128 0.100657 0.00539485 0.095262 0.106052
129 0.0984647 0.0049186 0.0935461 0.103383
130 0.0994857 0.00564839 0.0938373 0.105134
131 0.10938 0.03778 0.0716003 0.14716
132 0.101333 0.00688079 0.0944517 0.108213
133 0.100146 0.0100292 0.0901172 0.110176
134 0.100372 0.00773259 0.092639 0.108104
135 0.100101 0.00966691 0.0904344 0.109768
136 0.100297 0.00619426 0.0941022 0.106491
137 0.110551 0.0281408 0.0824106 0.138692
138 0.0971435 0.00268167 0.0944618 0.0998251
139 0.0984497 0.00495183 0.0934979 0.103402
140 0.0973086 0.00375718 0.0935514 0.101066
141 0.0968432 0.00406057 0.0927826 0.100904
142 0.0974738 0.00434476 0.093129 0.101819
143 0.0984647 0.00559449 0.0928703 0.104059
144 0.0962276 0.00142273 0.0948049 0.0976503
145 0.0984197 0.00457768 0.093842 0.102997
146 0.0995308 0.00562068 0.0939101 0.105151
147 0.0994257 0.0107774 0.0886483 0.110203
148 0.0963327 0.00107686 0.0952558 0.0974096
149 0.102969 0.0144076 0.0885615 0.117377
150 0.0986449 0.00460089 0.094044 0.103246
151 0.102053 0.016558 0.0854952 0.118611
152 0.0981795 0.00357012 0.0946093 0.10175
153 0.0965429 0.00194957 0.0945933 0.0984925
154 0.103314 0.0120016 0.0913128 0.115316
155 0.0969933 0.00258841 0.0944049 0.0995817
156 0.0982545 0.00355383 0.0947007 0.101808
157 0.0964378 0.00163726 0.0948005 0.0980751
158 0.100882 0.0140593 0.0868228 0.114941
159 0.0993356 0.0111841 0.0881514 0.11052
160 0.100627 0.00582506 0.0948018 0.106452
161 0.101603 0.0198071 0.0817957 0.12141
162 0.102399 0.0111338 0.0912647 0.113532
163 0.102368 0.0133251 0.0890434 0.115694
164 0.097744 0.00299462 0.0947494 0.100739
165 0.100116 0.00861699 0.0914993 0.108733
166 0.0986449 0.00464478 0.0940001 0.10329
167 0.097669 0.00256545 0.0951035 0.100234
168 0.099756 0.00572647 0.0940295 0.105482
169 0.132938 0.133952 -0.00101367 0.266889
170 0.102594 0.00808958 0.0945041 0.110683
171 0.100477 0.00610067 0.094376 0.106577
172 0.0984047 0.00548149 0.0929232 0.103886
173 0.097699 0.00297918 0.0947198 0.100678
174 0.102534 0.0116 0.0909336 0.114134
175 0.0989152 0.00723902 0.0916762 0.106154
176 0.101167 0.00828542 0.0928819 0.109453
177 0.0993056 0.00570162 0.0936039 0.105007
178 0.0971885 0.00230514 0.0948834 0.0994937
179 0.0995158 0.00584862 0.0936671 0.105364
180 0.0988101 0.00499823 0.0938118 0.103808
181 0.0998611 0.00618659 0.0936745 0.106048
182 0.09869 0.00461242 0.0940775 0.103302
183 0.0993506 0.00541793 0.0939327 0.104769
184 0.0996959 0.00737024 0.0923257 0.107066
185 0.100417 0.00788989 0.0925267 0.108307
186 0.100146 0.0114687 0.0886776 0.111615
187 0.0969633 0.00181147 0.0951518 0.0987748
188 0.111317 0.0508717 0.0604454 0.162189
189 0.100537 0.0151845 0.0853522 0.115721
190 0.102834 0.0101195 0.0927144 0.112953
191 0.102338 0.0110344 0.0913041 0.113373
192 0.105101 0.022126 0.0829751 0.127227
193 0.100086 0.00885679 0.0912295 0.108943
194 0.0986449 0.00511946 0.0935255 0.103764
195 0.103765 0.0116276 0.0921372 0.115392
196 0.104531 0.0133967 0.0911339 0.117927
197 0.10866 0.0291992 0.0794604 0.137859
198 0.0989152 0.0039192 0.094996 0.102834
199 0.0959123 0.00953549 0.0863768 0.105448
200 0.0951616 0.00633951 0.0888221 0.101501
201 0.0938703 0.00436133 0.089509 0.0982317
202 0.0959723 0.00860127 0.0873711 0.104574
203 0.0938253 0.0055537 0.0882716 0.099379
204 0.0961525 0.00995384 0.0861987 0.106106
205 0.0975038 0.0108017 0.0867021 0.108306
206 0.0951015 0.00361858 0.0914829 0.0987201
207 0.094591 0.00854373 0.0860473 0.103135
208 0.0983897 0.0168299 0.0815597 0.11522
209 0.0920386 0.00250071 0.0895379 0.0945393
210 0.0929544 0.00459891 0.0883555 0.0975533
211 0.0970384 0.00967624 0.0873621 0.106715
212 0.0949664 0.0061701 0.0887963 0.101136
213 0.0951466 0.00505189 0.0900947 0.100198
214 0.0925791 0.00366685 0.0889122 0.0962459
215 0.096693 0.00784553 0.0888475 0.104539
216 0.0983446 0.0242855 0.0740592 0.12263
217 0.0936151 0.00509242 0.0885227 0.0987075
218 0.0981494 0.012389 0.0857605 0.110538
219 0.0920536 0.00722473 0.0848288 0.0992783
220 0.0937802 0.0142585 0.0795217 0.108039
221 0.0905972 0.00267931 0.0879179 0.0932765
222 0.09357 0.00780774 0.0857623 0.101378
223 0.092459 0.00548543 0.0869735 0.0979444
224 0.0913629 0.0033919 0.087971 0.0947548
225 0.0937202 0.00775763 0.0859625 0.101478
226 0.0907773 0.00259207 0.0881853 0.0933694
227 0.0957321 0.00731165 0.0884205 0.103044
228 0.0919485 0.00653196 0.0854165 0.0984804
229 0.0907173 0.00410298 0.0866143 0.0948203
230 0.090402 0.00299157 0.0874104 0.0933936
231 0.0996209 0.00891655 0.0907043 0.108537
232 0.0974888 0.00895862 0.0885302 0.106447
233 0.0988101 0.0101218 0.0886883 0.108932
234 0.102549 0.0321171 0.0704316 0.134666
235 0.0986599 0.0118054 0.0868545 0.110465
236 0.0953417 0.00303648 0.0923053 0.0983782
237 0.0992755 0.0116121 0.0876635 0.110888
238 0.0946511 0.00441394 0.0902371 0.099065
239 0.0963627 0.00704554 0.0893172 0.103408
240 0.0984948 0.0107472 0.0877475 0.109242
241 0.0968132 0.00904234 0.0877708 0.105855
242 0.0941256 0.00598659 0.088139 0.100112
243 0.0957171 0.00502737 0.0906897 0.100744
244 0.0955519 0.00473143 0.0908205 0.100283
245 0.097654 0.0120035 0.0856504 0.109657
246 0.0971585 0.0084522 0.0887063 0.105611
247 0.0931646 0.0010044 0.0921602 0.094169
248 0.095642 0.0049219 0.0907201 0.100564
249 0.0957621 0.00551249 0.0902497 0.101275
250 0.102954 0.0325593 0.0703948 0.135513
251 0.0958072 0.00559092 0.0902163 0.101398
252 0.095567 0.00847266 0.0870943 0.10404
253 0.0949213 0.00485401 0.0900673 0.0997753
254 0.0942307 0.00401378 0.0902169 0.0982444
255 0.0949063 0.00323208 0.0916742 0.0981384
256 0.0951466 0.0031355 0.092011 0.0982821
257 0.0972035 0.00689364 0.0903099 0.104097
258 0.101272 0.0203063 0.0809662 0.121579
259 0.0959874 0.00784914 0.0881382 0.103836
260 0.0965279 0.0105137 0.0860141 0.107042
261 0.100612 0.0131575 0.0874543 0.113769
262 0.0954018 0.00544766 0.0899541 0.100849
263 0.101498 0.0141161 0.0873815 0.115614
264 0.0969032 0.00804814 0.0888551 0.104951
265 0.0948613 0.00493507 0.0899262 0.0997963
266 0.0962726 0.00807291 0.0881997 0.104346
267 0.0954619 0.0077959 0.087666 0.103258
268 0.0970984 0.0100327 0.0870658 0.107131
269 0.0957171 0.00464417 0.0910729 0.100361
270 0.0970984 0.00532729 0.0917711 0.102426
271 0.0976239 0.00589584 0.0917281 0.10352
272 0.0963627 0.00377445 0.0925883 0.100137
273 0.0975639 0.00865223 0.0889116 0.106216
274 0.0947712 0.0031842 0.091587 0.0979554
275 0.0973837 0.00666283 0.0907209 0.104047
276 0.0956871 0.00378325 0.0919038 0.0994703
277 0.0972336 0.0101044 0.0871291 0.107338
278 0.0919485 0.0052112 0.0867373 0.0971597
279 0.0951315 0.015734 0.0793975 0.110866
280 0.0915281 0.00331897 0.0882091 0.094847
281 0.0916031 0.00488879 0.0867144 0.0964919
282 0.0916632 0.00758363 0.0840796 0.0992468
283 0.0929544 0.00749308 0.0854614 0.100448
284 0.0926842 0.005272 0.0874122 0.0979562
285 0.0910626 0.00240583 0.0886568 0.0934684
286 0.0971134 0.0117018 0.0854116 0.108815
287 0.0943958 0.00638019 0.0880156 0.100776
288 0.0952817 0.0119962 0.0832855 0.107278
289 0.0908975 0.00246914 0.0884283 0.0933666
290 0.0940055 0.00705102 0.0869544 0.101056
291 0.090372 0.00419704 0.0861749 0.094569
292 0.091423 0.00385784 0.0875651 0.0952808
293 0.0947712 0.0101538 0.0846174 0.104925
294 0.0981194 0.0173394 0.08078 0.115459
295 0.0911977 0.00892828 0.0822695 0.100126
296 0.0881949 0.00324409 0.0849508 0.091439
297 0.0930595 0.00500042 0.0880591 0.09806
298 0.0937352 0.00642736 0.0873078 0.100163
299 0.0944108 0.0059054 0.0885054 0.100316
300 0.0960925 0.0117151 0.0843773 0.107808
301 0.0941106 0.00740771 0.0867028 0.101518
302 0.0943208 0.00678407 0.0875367 0.101105
303 0.092504 0.00411897 0.088385 0.096623
304 0.0926241 0.00297343 0.0896507 0.0955976
305 0.094621 0.00881127 0.0858098 0.103432
306 0.0962576 0.00763672 0.0886209 0.103894
307 0.0934499 0.00620851 0.0872414 0.0996584
308 0.107203 0.0296323 0.0775709 0.136835
309 0.0963027 0.00252153 0.0937811 0.0988242
310 0.0997109 0.014857 0.0848539 0.114568
311 0.0973236 0.00794711 0.0893765 0.105271
312 0.0943358 0.00219699 0.0921388 0.0965328
313 0.0937953 0.00253077 0.0912645 0.096326
314 0.0963627 0.00462766 0.0917351 0.10099
315 0.0960324 0.00794694 0.0880855 0.103979
316 0.0954919 0.00404555 0.0914463 0.0995374
317 0.0957171 0.00658782 0.0891293 0.102305
318 0.0951315 0.00508154 0.09005 0.100213
319 0.0962276 0.00992339 0.0863042 0.106151
320 0.0916031 0.00338871 0.0882144 0.0949919
321 0.0921437 0.00905224 0.0830914 0.101196
322 0.0906272 0.00278736 0.0878398 0.0934146
323 0.0897864 0.00231242 0.087474 0.0920988
324 0.094531 0.00782171 0.0867093 0.102353
325 0.091453 0.00473036 0.0867226 0.0961834
326 0.0911978 0.0046946 0.0865031 0.0958924
327 0.0946661 0.0103017 0.0843644 0.104968
328 0.0912578 0.00523821 0.0860196 0.096496
329 0.0931646 0.0107577 0.082407 0.103922
330 0.0919184 0.0078403 0.0840781 0.0997587
331 0.100161 0.0336736 0.0664878 0.133835
332 0.0913029 0.00506365 0.0862392 0.0963665
333 0.0937352 0.0116334 0.0821018 0.105369
334 0.0909425 0.00493085 0.0860117 0.0958734
335 0.0937502 0.00806744 0.0856828 0.101818
336 0.0902218 0.00575778 0.084464 0.0959796
337 0.0907323 0.00615869 0.0845736 0.096891
338 0.0899966 0.00346063 0.086536 0.0934572
339 0.0907023 0.00752371 0.0831786 0.098226
340 0.0911827 0.0114741 0.0797086 0.102657
341 0.0922938 0.00876169 0.0835321 0.101055
342 0.091438 0.00552197 0.085916 0.09696
343 0.107233 0.072706 0.0345272 0.179939
344 0.0905221 0.0049874 0.0855347 0.0955095
345 0.0902218 0.00499733 0.0852245 0.0952191
346 0.0896362 0.00444133 0.0851949 0.0940776
347 0.0895161 0.00255845 0.0869577 0.0920746
348 0.094531 0.0137543 0.0807767 0.108285
349 0.0904921 0.00436017 0.0861319 0.0948522
350 0.100131 0.0224845 0.0776469 0.122616
351 0.0943958 0.0135481 0.0808477 0.107944
352 0.0926391 0.00672238 0.0859168 0.0993615
353 0.0916031 0.00851174 0.0830914 0.100115
354 0.0911227 0.00639092 0.0847318 0.0975136
355 0.0910176 0.0113002 0.0797174 0.102318
356 0.0937052 0.0113633 0.0823419 0.105068
357 0.0963627 0.0208576 0.0755051 0.11722
358 0.0905221 0.00458123 0.0859409 0.0951033
359 0.0942157 0.0111082 0.0831074 0.105324
360 0.0920536 0.00482567 0.0872279 0.0968792
361 0.0903569 0.00483633 0.0855206 0.0951933
362 0.0893209 0.00250246 0.0868185 0.0918234
363 0.0933899 0.0138924 0.0794975 0.107282
364 0.092519 0.0111155 0.0814035 0.103635
365 0.091468 0.00753743 0.0839306 0.0990054
366 0.0913179 0.00472123 0.0865966 0.0960391
367 0.0906272 0.00343775 0.0871895 0.094065
368 0.0905972 0.00493617 0.085661 0.0955333
369 0.091453 0.00502881 0.0864242 0.0964818
370 0.0896663 0.00255405 0.0871122 0.0922203
371 0.0926091 0.0084308 0.0841783 0.10104
372 0.0940355 0.01045 0.0835855 0.104485
373 0.0907924 0.00434774 0.0864446 0.0951401
374 0.0925791 0.00630113 0.0862779 0.0988802
375 0.095642 0.0177655 0.0778766 0.113407
376 0.0933448 0.00638866 0.0869562 0.0997335
377 0.0944259 0.0132806 0.0811452 0.107706
378 0.0897864 0.00255687 0.0872295 0.0923433
379 0.0912128 0.00459734 0.0866154 0.0958101
380 0.089411 0.0023566 0.0870544 0.0917676
381 0.0934649 0.00986479 0.0836001 0.10333
382 0.0909725 0.00528413 0.0856884 0.0962567
383 0.0906722 0.00296584 0.0877064 0.0936381
384 0.0983446 0.0130086 0.085336 0.111353
385 0.0938253 0.0101489 0.0836764 0.103974
386 0.0919034 0.0046175 0.0872859 0.0965209
387 0.0917233 0.00355367 0.0881696 0.0952769
388 0.0899365 0.0020945 0.087842 0.092031
389 0.0942307 0.0123949 0.0818358 0.106626
390 0.0980143 0.0101923 0.087822 0.108207
391 0.0919935 0.00708916 0.0849044 0.0990827
392 0.0926542 0.00324601 0.0894081 0.0959002
393 0.0952066 0.0109835 0.0842231 0.10619
394 0.0897714 0.0076178 0.0821536 0.0973892
395 0.100477 0.0467758 0.0537009 0.147252
396 0.0964828 0.00746331 0.0890195 0.103946
397 0.0926091 0.00291358 0.0896955 0.0955227
398 0.0927893 0.00368022 0.0891091 0.0964695
399 0.0940805 0.0038644 0.0902161 0.0979449
400 0.0934049 0.00370887 0.089696 0.0971137
401 0.0961525 0.00675323 0.0893993 0.102906
402 0.0944559 0.00362153 0.0908344 0.0980774
403 0.0949514 0.00645069 0.0885007 0.101402
404 0.0947412 0.00585717 0.088884 0.100598
405 0.0967831 0.00719698 0.0895861 0.10398
406 0.0947862 0.00970183 0.0850844 0.104488
407 0.0927292 0.00667263 0.0860566 0.0994019
408 0.0928944 0.00442585 0.0884685 0.0973202
409 0.0933748 0.00324878 0.0901261 0.0966236
410 0.0882399 0.0024271 0.0858128 0.090667
411 0.0902218 0.00643941 0.0837824 0.0966612
412 0.0882399 0.00359128 0.0846486 0.0918312
413 0.0939454 0.009438 0.0845074 0.103383
414 0.0900116 0.0104196 0.079592 0.100431
415 0.0884951 0.00338954 0.0851056 0.0918847
416 0.0921136 0.0120587 0.0800549 0.104172
417 0.0873991 0.00707082 0.0803283 0.0944699
418 0.0911827 0.00952028 0.0816625 0.100703
419 0.0884501 0.00823716 0.0802129 0.0966873
420 0.0901467 0.00716402 0.0829827 0.0973108
421 0.0873841 0.00578631 0.0815978 0.0931704
422 0.0907173 0.0113185 0.0793988 0.102036
423 0.0884051 0.00862535 0.0797797 0.0970304
424 0.0865132 0.00407653 0.0824367 0.0905898
425 0.0873841 0.00444894 0.0829351 0.091833
426 0.0879546 0.00602594 0.0819287 0.0939806
427 0.0940505 0.00793047 0.08612 0.101981
428 0.0931196 0.00696897 0.0861506 0.100089
429 0.094531 0.00943242 0.0850985 0.103963
430 0.0908824 0.00262005 0.0882624 0.0935025
431 0.0933148 0.00891503 0.0843998 0.10223
432 0.0915281 0.0043698 0.0871583 0.0958979
433 0.0942457 0.00849785 0.0857478 0.102744
434 0.0917383 0.00650353 0.0852347 0.0982418
435 0.0908374 0.00467381 0.0861636 0.0955112
436 0.091468 0.00611543 0.0853526 0.0975834
437 0.111182 0.078147 0.033035 0.189329
438 0.0910476 0.00658626 0.0844613 0.0976339
439 0.0975188 0.02341 0.0741088 0.120929
440 0.0906722 0.00601963 0.0846526 0.0966919
441 0.0894411 0.00419575 0.0852453 0.0936368
442 0.0899966 0.00319084 0.0868057 0.0931874
443 0.0923088 0.00959864 0.0827102 0.101907
444 0.0928043 0.00793154 0.0848728 0.100736
445 0.0930746 0.00600614 0.0870684 0.0990807
446 0.0907773 0.00522287 0.0855545 0.0960002
447 0.0908975 0.00299552 0.0879019 0.093893
448 0.0964228 0.0107207 0.085702 0.107144
449 0.0910626 0.00427516 0.0867875 0.0953378
450 0.0946961 0.004803 0.0898931 0.0994991
451 0.0981344 0.0142514 0.083883 0.112386
452 0.0964828 0.00586687 0.090616 0.10235
453 0.0951315 0.00750638 0.0876252 0.102638
454 0.0984647 0.00731553 0.0911492 0.10578
455 0.0992005 0.00900831 0.0901921 0.108209
456 0.0963477 0.00601574 0.090332 0.102363
457 0.100702 0.0135338 0.0871681 0.114236
458 0.0926091 0.00622214 0.086387 0.0988313
459 0.0949363 0.0130428 0.0818935 0.107979
460 0.0922938 0.00489137 0.0874024 0.0971852
461 0.0907023 0.00412335 0.0865789 0.0948256
462 0.111467 0.0908371 0.0206302 0.202304
463 0.0923088 0.00582468 0.0864841 0.0981335
464 0.0932998 0.00687399 0.0864258 0.100174
465 0.0912728 0.00332288 0.0879499 0.0945957
466 0.0975338 0.02422 0.0733138 0.121754
467 0.0915731 0.00453871 0.0870344 0.0961118
468 0.0943808 0.00956037 0.0848204 0.103941
469 0.101633 0.0329537 0.0686791 0.134586
470 0.0917533 0.00666714 0.0850861 0.0984204
471 0.0953868 0.00657713 0.0888096 0.101964
472 0.0938103 0.00660185 0.0872084 0.100412
473 0.091408 0.00421625 0.0871917 0.0956242
474 0.0908074 0.00305853 0.0877488 0.0938659
475 0.0907924 0.00303318 0.0877592 0.0938255
476 0.0936151 0.00878922 0.0848259 0.102404
477 0.0944259 0.00794063 0.0864852 0.102366
478 0.0919184 0.00462669 0.0872918 0.0965451
479 0.0926992 0.00515772 0.0875415 0.0978569
480 0.09351 0.00478902 0.088721 0.098299
481 0.0954018 0.00989273 0.0855091 0.105295
482 0.0921737 0.00894411 0.0832296 0.101118
483 0.0963327 0.0106823 0.0856504 0.107015
484 0.0933148 0.0109273 0.0823875 0.104242
485 0.0932247 0.00466993 0.0885548 0.0978946
486 0.0908074 0.00240119 0.0884062 0.0932086
487 0.0940805 0.00867523 0.0854053 0.102756
488 0.0925641 0.00463543 0.0879286 0.0971995
489 0.0931947 0.0048969 0.0882978 0.0980916
490 0.096648 0.0107108 0.0859372 0.107359
491 0.0948913 0.009992 0.0848993 0.104883
492 0.0905071 0.0118621 0.078645 0.102369
493 0.0920836 0.00257842 0.0895052 0.094662
494 0.0968432 0.0208294 0.0760138 0.117673
495 0.0918884 0.00304019 0.0888482 0.0949286
496 0.0986599 0.0137405 0.0849195 0.1124
497 0.092504 0.0033499 0.0891541 0.0958539
498 0.0918284 0.00340216 0.0884262 0.0952305
499 0.0961075 0.00764852 0.088459 0.103756
500 0.0938553 0.00600388 0.0878514 0.0998592
501 0.0930896 0.00513398 0.0879556 0.0982235
502 0.096678 0.0181655 0.0785125 0.114844
503 0.0929695 0.00371121 0.0892582 0.0966807
504 0.0937952 0.00784109 0.0859542 0.101636
505 0.100387 0.00946082 0.0909258 0.109847
506 0.0990053 0.00557608 0.0934292 0.104581
507 0.0965729 0.0101813 0.0863917 0.106754
508 0.105311 0.0460292 0.0592821 0.151341
509 0.094561 0.00344469 0.0911163 0.0980057
510 0.099786 0.0105029 0.0892832 0.110289
511 0.0948312 0.00378602 0.0910452 0.0986173
512 0.0967531 0.00681768 0.0899354 0.103571
513 0.0960024 0.00590974 0.0900926 0.101912
514 0.0943658 0.0038932 0.0904726 0.098259
515 0.0926992 0.00149271 0.0912065 0.0941919
516 0.09357 0.00869874 0.0848713 0.102269
517 0.0915131 0.00438142 0.0871316 0.0958945
518 0.0919935 0.00688787 0.0851056 0.0988814
519 0.0912128 0.00575888 0.0854539 0.0969716
520 0.0957321 0.0113462 0.0843859 0.107078
521 0.0901017 0.00313292 0.0869688 0.0932346
522 0.0905221 0.00360406 0.086918 0.0941262
523 0.0928343 0.0072576 0.0855767 0.100092
524 0.0898464 0.00437392 0.0854725 0.0942204
525 0.0884201 0.00206409 0.086356 0.0904842
526 0.0885102 0.00174549 0.0867647 0.0902557
527 0.0926391 0.00867752 0.0839616 0.101317
528 0.0909725 0.00389737 0.0870752 0.0948699
529 0.0904921 0.00572385 0.0847682 0.0962159
530 0.0925791 0.0110362 0.0815429 0.103615
531 0.0898915 0.0041034 0.0857881 0.0939949
532 0.0916031 0.00712924 0.0844739 0.0987324
533 0.0909575 0.00493325 0.0860243 0.0958908
534 0.0911978 0.00499879 0.086199 0.0961965
535 0.092504 0.00790877 0.0845952 0.100413
536 0.0929094 0.00577961 0.0871298 0.098689
537 0.0906722 0.00791959 0.0827527 0.0985918
538 0.0917833 0.0100376 0.0817457 0.101821
539 0.0940805 0.00914334 0.0849372 0.103224
540 0.0903419 0.00370011 0.0866418 0.094042
541 0.0911677 0.0078262 0.0833415 0.0989939
542 0.0917082 0.0087566 0.0829516 0.100465
543 0.093495 0.00936895 0.084126 0.102864
544 0.0951916 0.0192438 0.0759478 0.114435
545 0.0908074 0.00462035 0.086187 0.0954277
546 0.0943508 0.0182428 0.076108 0.112594
547 0.0943658 0.0110903 0.0832755 0.105456
548 0.0905972 0.00518909 0.0854081 0.0957863
549 0.0902368 0.0108152 0.0794216 0.101052
550 0.0920386 0.00665836 0.0853802 0.0986969
551 0.0927743 0.00768263 0.0850916 0.100457
552 0.0905521 0.0038473 0.0867048 0.0943994
553 0.0925941 0.00776017 0.0848339 0.100354
554 0.0915731 0.00610516 0.085468 0.0976783
555 0.0898164 0.00289728 0.0869191 0.0927137
556 0.0899966 0.00242677 0.0875698 0.0924234
557 0.0907173 0.00477346 0.0859438 0.0954907
558 0.0918284 0.00800404 0.0838243 0.0998324
559 0.0910326 0.00647558 0.084557 0.0975082
560 0.0930595 0.00909578 0.0839638 0.102155
561 0.0917233 0.00548919 0.0862341 0.0972124
562 0.0903119 0.00329754 0.0870144 0.0936094
563 0.0896813 0.0028142 0.0868671 0.0924955
564 0.100417 0.0395655 0.0608511 0.139982
565 0.0902669 0.00453267 0.0857342 0.0947995
566 0.0895762 0.00211933 0.0874569 0.0916955
567 0.105416 0.0629365 0.04248 0.168353
568 0.0916632 0.00606099 0.0856022 0.0977242
569 0.0920386 0.00706318 0.0849754 0.0991017
570 0.0920536 0.00784983 0.0842037 0.0999034
571 0.0905371 0.00482195 0.0857152 0.0953591
572 0.0970534 0.0128829 0.0841705 0.109936
573 0.0952066 0.0124181 0.0827885 0.107625
574 0.096678 0.0153284 0.0813496 0.112006
575 0.0937652 0.0117727 0.0819926 0.105538
576 0.0968132 0.0204136 0.0763996 0.117227
577 0.102008 0.031471 0.0705372 0.133479
578 0.0908074 0.0048256 0.0859818 0.095633
579 0.0908074 0.00287149 0.0879359 0.0936789
580 0.0917533 0.00637679 0.0853765 0.0981301
581 0.0961825 0.0155743 0.0806083 0.111757
582 0.0926842 0.00722398 0.0854602 0.0999082
583 0.0927292 0.00587723 0.086852 0.0986065
584 0.0913329 0.00541959 0.0859133 0.0967525
585 0.0929995 0.0122972 0.0807023 0.105297
586 0.0967981 0.0133655 0.0834327 0.110164
587 0.0981194 0.015813 0.0823064 0.113932
588 0.0911377 0.00482382 0.0863139 0.0959615
589 0.0958222 0.00779011 0.0880321 0.103612
590 0.0950565 0.0118279 0.0832286 0.106884
591 0.0930746 0.00532831 0.0877462 0.0984029
592 0.0929244 0.00914599 0.0837784 0.10207
593 0.0928944 0.00239154 0.0905028 0.0952859
594 0.0953117 0.00850375 0.086808 0.103815
595 0.0942006 0.00792677 0.0862739 0.102127
596 0.09357 0.00714309 0.0864269 0.100713
597 0.0955069 0.00627703 0.0892299 0.101784
598 0.0954468 0.00628334 0.0891635 0.10173
599 0.0941106 0.00597824 0.0881323 0.100089
600 0.0940955 0.0079875 0.086108 0.102083
601 0.0947261 0.00989792 0.0848282 0.104624
602 0.0954318 0.00766743 0.0877644 0.103099
603 0.0942157 0.00475356 0.0894621 0.0989692
604 0.0942457 0.00885179 0.0853939 0.103097
605 0.0941106 0.00341776 0.0906928 0.0975283
606 0.0976239 0.0124596 0.0851643 0.110084
607 0.091438 0.00958928 0.0818487 0.101027
608 0.0946511 0.020137 0.0745141 0.114788
609 0.0904771 0.00461616 0.0858609 0.0950932
610 0.0911527 0.00949905 0.0816537 0.100652
611 0.0900266 0.00512835 0.0848983 0.095155
612 0.0902368 0.00902941 0.0812074 0.0992662
613 0.0898765 0.00595837 0.0839181 0.0958349
614 0.0893059 0.00739126 0.0819147 0.0966972
615 0.0870387 0.00336039 0.0836784 0.0903991
616 0.0875643 0.00659502 0.0809692 0.0941593
617 0.0885252 0.00530297 0.0832222 0.0938281
618 0.0867385 0.00465813 0.0820803 0.0913966
619 0.0865583 0.00376006 0.0827982 0.0903183
620 0.0864982 0.00690696 0.0795913 0.0934052
621 0.0850118 0.00148301 0.0835288 0.0864948
622 0.089396 0.00785134 0.0815447 0.0972474
623 0.0942157 0.0080743 0.0861414 0.10229
624 0.0937052 0.00845647 0.0852487 0.102162
625 0.0926391 0.00795086 0.0846883 0.10059
626 0.0948012 0.00973469 0.0850665 0.104536
627 0.0894711 0.00247347 0.0869976 0.0919446
628 0.0932547 0.00899338 0.0842614 0.102248
629 0.0918884 0.00677749 0.0851109 0.0986659
630 0.0922938 0.00622857 0.0860652 0.0985224
631 0.0909275 0.00736572 0.0835618 0.0982932
632 0.0913329 0.00790865 0.0834242 0.0992415
633 0.0932547 0.00817287 0.0850819 0.101428
634 0.092474 0.00780201 0.084672 0.100276
635 0.0916031 0.00514141 0.0864617 0.0967446
636 0.0891558 0.00280236 0.0863534 0.0919581
637 0.0901918 0.0043808 0.085811 0.0945726
638 0.090387 0.00415008 0.0862369 0.094537
639 0.0937952 0.0109052 0.0828901 0.1047
640 0.0950715 0.0135301 0.0815413 0.108602
641 0.0927442 0.0104314 0.0823128 0.103176
642 0.0923539 0.00799551 0.0843583 0.100349
643 0.0957621 0.00779532 0.0879668 0.103557
644 0.0938253 0.00486568 0.0889596 0.098691
645 0.0996959 0.0117228 0.0879731 0.111419
646 0.0962876 0.0056149 0.0906727 0.101903
647 0.0952517 0.00408834 0.0911633 0.09934
648 0.0960774 0.00393307 0.0921444 0.100011
649 0.0959573 0.00788021 0.0880771 0.103838
650 0.0963027 0.00517517 0.0911275 0.101478
651 0.0942307 0.00236181 0.0918689 0.0965925
652 0.0956721 0.00580063 0.0898714 0.101473
653 0.0964528 0.00540737 0.0910454 0.10186
654 0.0964979 0.00935451 0.0871433 0.105852
655 0.0958672 0.00755982 0.0883074 0.103427
656 0.0944709 0.00257164 0.0918993 0.0970425
657 0.0898164 0.00223892 0.0875775 0.0920553
658 0.0936151 0.00905702 0.0845581 0.102672
659 0.0899365 0.0014909 0.0884456 0.0914274
660 0.0909575 0.00323825 0.0877193 0.0941958
661 0.0941406 0.00968659 0.084454 0.103827
662 0.0959423 0.0113684 0.0845739 0.107311
663 0.0916782 0.00490042 0.0867778 0.0965786
664 0.095627 0.00792926 0.0876977 0.103556
665 0.0919785 0.00489029 0.0870882 0.0968688
666 0.0913629 0.0046761 0.0866868 0.096039
667 0.0910476 0.0040373 0.0870103 0.0950849
668 0.0926391 0.00488973 0.0877494 0.0975289
669 0.0928794 0.00633254 0.0865468 0.0992119
670 0.0948463 0.0112811 0.0835651 0.106127
671 0.0939904 0.00976147 0.084229 0.103752
672 0.0942006 0.00597801 0.0882226 0.100179
673 0.107849 0.0584762 0.0493725 0.166325
674 0.0927593 0.00660356 0.0861557 0.0993628
675 0.090402 0.00233469 0.0880673 0.0927367
676 0.0923088 0.00583705 0.0864718 0.0981459
677 0.0929845 0.00492627 0.0880582 0.0979107
678 0.0934199 0.00738729 0.0860326 0.100807
679 0.0940355 0.00884873 0.0851867 0.102884
680 0.0932097 0.00672567 0.086484 0.0999354
681 0.0943808 0.00690083 0.08748 0.101282
682 0.0952216 0.0120456 0.083176 0.107267
683 0.0922187 0.00334104 0.0888777 0.0955598
684 0.0945009 0.00948462 0.0850163 0.103986
685 0.0917082 0.00532825 0.08638 0.0970365
686 0.0927442 0.00559801 0.0871462 0.0983423
687 0.0892609 0.00375766 0.0855032 0.0930185
688 0.0904771 0.00640123 0.0840758 0.0968783
689 0.0936901 0.00387594 0.0898142 0.0975661
690 0.0948613 0.00804858 0.0868127 0.10291
691 0.0962726 0.0149625 0.0813101 0.111235
692 0.0928794 0.00695226 0.0859271 0.0998316
693 0.0927292 0.00454578 0.0881834 0.097275
694 0.0923388 0.0043178 0.0880211 0.0966566
695 0.095582 0.00692692 0.0886551 0.102509
696 0.0969783 0.0128387 0.0841396 0.109817
697 0.0940055 0.00777654 0.0862289 0.101782
698 0.0922337 0.00329262 0.0889411 0.0955264
699 0.0947562 0.00626624 0.0884899 0.101022
700 0.0940355 0.00387277 0.0901627 0.0979082
701 0.0985098 0.00453374 0.093976 0.103044
702 0.0983596 0.00562629 0.0927333 0.103986
703 0.0961525 0.00649874 0.0896538 0.102651
704 0.103284 0.0223211 0.0809633 0.125605
705 0.097654 0.0102383 0.0874157 0.107892
706 0.0959573 0.00514317 0.0908142 0.1011
707 0.0975639 0.0114571 0.0861068 0.109021
708 0.0953267 0.00734848 0.0879782 0.102675
709 0.106137 0.0300363 0.0761008 0.136173
710 0.0990803 0.0102299 0.0888504 0.10931
711 0.0971735 0.0119039 0.0852696 0.109077
712 0.0956721 0.00884421 0.0868278 0.104516
713 0.0973537 0.0115432 0.0858105 0.108897
714 0.0933598 0.0021274 0.0912324 0.0954872
715 0.0990803 0.0131046 0.0859757 0.112185
716 0.0962276 0.00605175 0.0901758 0.102279
717 0.0916482 0.00428541 0.0873628 0.0959336
718 0.0929695 0.00876587 0.0842036 0.101735
719 0.0902218 0.00346111 0.0867607 0.0936829
720 0.089366 0.00417866 0.0851873 0.0935446
721 0.0938103 0.00857555 0.0852347 0.102386
722 0.0939304 0.0115978 0.0823326 0.105528
723 0.0912428 0.00537783 0.085865 0.0966206
724 0.0907924 0.00681615 0.0839762 0.0976085
725 0.0894411 0.00350744 0.0859336 0.0929485
726 0.0887804 0.00246031 0.0863201 0.0912407
727 0.0895311 0.00258541 0.0869457 0.0921166
728 0.0907924 0.00468323 0.0861091 0.0954756
729 0.0894561 0.0026434 0.0868127 0.0920995
730 0.0896212 0.00423447 0.0853868 0.0938557
731 0.0921286 0.00892652 0.0832021 0.101055
732 0.0943658 0.0127065 0.0816593 0.107072
733 0.0922488 0.00737122 0.0848775 0.09962
734 0.0916482 0.00787742 0.0837708 0.0995256
735 0.0912878 0.0110615 0.0802264 0.102349
736 0.0901017 0.00224208 0.0878596 0.0923438
737 0.0913779 0.00906808 0.0823098 0.100446
738 0.0972636 0.0169579 0.0803057 0.114222
739 0.0915131 0.00507113 0.0864419 0.0965842
740 0.0890657 0.00203311 0.0870326 0.0910988
741 0.0920986 0.00869703 0.0834016 0.100796
742 0.103975 0.053295 0.0506801 0.15727
743 0.0916632 0.0096181 0.0820451 0.101281
744 0.0942307 0.00675723 0.0874734 0.100988
745 0.0902068 0.0032208 0.086986 0.0934276
746 0.0903569 0.00418997 0.086167 0.0945469
747 0.0912128 0.00562822 0.0855845 0.096841
748 0.0910926 0.00620391 0.0848887 0.0972966
749 0.0931797 0.00679217 0.0863875 0.0999718
750 0.0931196 0.00676144 0.0863582 0.099881
751 0.0886903 0.00225971 0.0864306 0.0909501
752 0.0895912 0.00457611 0.0850151 0.0941673
753 0.0897564 0.00444884 0.0853075 0.0942052
754 0.0902969 0.00479532 0.0855016 0.0950922
755 0.0940505 0.00919178 0.0848587 0.103242
756 0.0929695 0.0101666 0.0828028 0.103136
757 0.0915881 0.00501851 0.0865696 0.0966066
758 0.0922337 0.00991694 0.0823168 0.102151
759 0.090417 0.00222882 0.0881882 0.0926458
760 0.0925941 0.00921612 0.083378 0.10181
761 0.0910926 0.00557056 0.0855221 0.0966632
762 0.0954769 0.0178853 0.0775915 0.113362
763 0.0931196 0.00993085 0.0831887 0.10305
764 0.091498 0.00505352 0.0864445 0.0965516
765 0.0936451 0.00880224 0.0848429 0.102447
766 0.0922337 0.00685111 0.0853826 0.0990849
767 0.0920536 0.00813416 0.0839194 0.100188
768 0.0919335 0.00341099 0.0885225 0.0953445
769 0.0916332 0.00508125 0.0865519 0.0967144
770 0.0936301 0.00889109 0.084739 0.102521
771 0.0937652 0.0079675 0.0857977 0.101733
772 0.0934649 0.00901161 0.0844533 0.102477
773 0.09351 0.00688337 0.0866266 0.100393
774 0.0933148 0.0101828 0.083132 0.103498
775 0.0922638 0.00600869 0.0862551 0.0982725
776 0.0926091 0.00740466 0.0852044 0.100014
777 0.0917233 0.00465445 0.0870688 0.0963777
778 0.0902969 0.00237987 0.087917 0.0926768
779 0.0918284 0.0056344 0.086194 0.0974628
780 0.0898615 0.00232966 0.0875318 0.0921911
781 0.0927292 0.0104872 0.082242 0.103216
782 0.0965129 0.0160039 0.080509 0.112517
783 0.0937652 0.00752275 0.0862425 0.101288
784 0.0934649 0.0146586 0.0788064 0.108123
785 0.0928493 0.00430745 0.0885419 0.0971568
786 0.0940205 0.00509244 0.088928 0.0991129
787 0.0919485 0.0112773 0.0806712 0.103226
788 0.0932397 0.00989337 0.0833463 0.103133
789 0.095627 0.0141861 0.0814409 0.109813
790 0.0973687 0.0115116 0.0858571 0.10888
791 0.0974738 0.0107545 0.0867192 0.108228
792 0.0951916 0.00996715 0.0852244 0.105159
793 0.0933448 0.0072576 0.0860872 0.100602
794 0.0980894 0.010056 0.0880334 0.108145
795 0.0934649 0.00460811 0.0888568 0.098073
796 0.0939904 0.00499871 0.0889917 0.0989891
797 0.0927743 0.00879569 0.0839786 0.10157
798 0.0922037 0.0151157 0.077088 0.107319
799 0.0890957 0.00304479 0.0860509 0.0921405
