# ../output/graphs/perf_serial78QUADRUPED
# step - mean (0.76911) - standard deviation (0.049223) r=20 - ylow - yhigh
0 0.711019 0.0411777 0.669841 0.752196
1 0.735438 0.0318768 0.703561 0.767315
2 0.722266 0.0204385 0.701828 0.742705
3 0.745103 0.0330835 0.712019 0.778186
4 0.777904 0.120903 0.657001 0.898806
5 0.775103 0.0881902 0.686913 0.863293
6 0.761012 0.0496248 0.711387 0.810636
7 0.760969 0.0760228 0.684946 0.836992
8 0.736486 0.0127131 0.723772 0.749199
9 0.738602 0.0233258 0.715277 0.761928
10 0.735096 0.0109139 0.724182 0.74601
11 0.742858 0.0246718 0.718186 0.767529
12 0.773157 0.104028 0.669129 0.877185
13 0.75156 0.0539836 0.697577 0.805544
14 0.760563 0.0782825 0.68228 0.838845
15 0.747412 0.0714864 0.675926 0.818899
16 0.759964 0.0524773 0.707486 0.812441
17 0.744076 0.0215709 0.722506 0.765647
18 0.73717 0.0132834 0.723886 0.750453
19 0.737405 0.0204784 0.716927 0.757883
20 0.752736 0.0432152 0.709521 0.795952
21 0.740869 0.0256288 0.71524 0.766498
22 0.747369 0.0264505 0.720919 0.77382
23 0.752181 0.025413 0.726767 0.777594
24 0.747006 0.0302612 0.716745 0.777267
25 0.753528 0.0540898 0.699438 0.807617
26 0.747647 0.0325102 0.715137 0.780158
27 0.785281 0.110833 0.674448 0.896114
28 0.754682 0.0281373 0.726545 0.78282
29 0.753827 0.0281575 0.72567 0.781984
30 0.762273 0.0580536 0.70422 0.820327
31 0.756158 0.0544773 0.70168 0.810635
32 0.754297 0.0200321 0.734265 0.77433
33 0.763577 0.0411455 0.722432 0.804723
34 0.780342 0.0509866 0.729355 0.831328
35 0.770163 0.0390828 0.731081 0.809246
36 0.760712 0.0350081 0.725704 0.79572
37 0.776129 0.0739771 0.702152 0.850106
38 0.759707 0.0220566 0.737651 0.781764
39 0.762466 0.0344088 0.728057 0.796874
40 0.759002 0.0217144 0.737287 0.780716
41 0.755238 0.0199303 0.735308 0.775169
42 0.767277 0.032373 0.734904 0.79965
43 0.749144 0.0163635 0.732781 0.765508
44 0.761268 0.0316612 0.729607 0.792929
45 0.786927 0.0812067 0.705721 0.868134
46 0.754148 0.0251283 0.729019 0.779276
47 0.770741 0.0574546 0.713286 0.828195
48 0.776514 0.109223 0.667291 0.885737
49 0.754426 0.033348 0.721078 0.787774
50 0.747947 0.0157011 0.732246 0.763648
51 0.748717 0.0141203 0.734596 0.762837
52 0.76191 0.040308 0.721602 0.802218
53 0.761332 0.0724359 0.688896 0.833768
54 0.755922 0.0346868 0.721236 0.790609
55 0.754768 0.037425 0.717343 0.792193
56 0.75032 0.0246474 0.725673 0.774968
57 0.751796 0.0284904 0.723305 0.780286
58 0.75851 0.0473175 0.711192 0.805827
59 0.758232 0.0497249 0.708507 0.807957
60 0.760584 0.0516232 0.708961 0.812207
61 0.748738 0.0249395 0.723798 0.773677
62 0.743435 0.0209456 0.722489 0.764381
63 0.743371 0.0215284 0.721842 0.764899
64 0.773905 0.0544183 0.719487 0.828324
65 0.7596 0.0277266 0.731874 0.787327
66 0.763663 0.035783 0.72788 0.799446
67 0.76238 0.0508609 0.711519 0.813241
68 0.754939 0.0182314 0.736707 0.77317
69 0.760584 0.0468456 0.713738 0.807429
70 0.755367 0.0213147 0.734052 0.776681
71 0.754383 0.0315083 0.722875 0.785891
72 0.791824 0.0533012 0.738523 0.845125
73 0.786671 0.0209819 0.765689 0.807653
74 0.807925 0.0989794 0.708946 0.906905
75 0.784682 0.0272293 0.757453 0.811912
76 0.776706 0.0164247 0.760282 0.793131
77 0.779807 0.0232002 0.756607 0.803007
78 0.801468 0.0879263 0.713541 0.889394
79 0.782095 0.0255287 0.756566 0.807624
80 0.778353 0.0141207 0.764232 0.792474
81 0.810192 0.107881 0.702311 0.918073
82 0.790071 0.0513224 0.738748 0.841393
83 0.788852 0.0415931 0.747259 0.830445
84 0.774312 0.0170018 0.75731 0.791313
85 0.803884 0.10459 0.699294 0.908474
86 0.821097 0.134528 0.686569 0.955625
87 0.820776 0.118512 0.702265 0.939288
88 0.800206 0.109764 0.690442 0.90997
89 0.793 0.0421402 0.75086 0.83514
90 0.776429 0.0169075 0.759521 0.793336
91 0.782779 0.0372041 0.745575 0.819983
92 0.77444 0.026311 0.748129 0.800751
93 0.795759 0.0515692 0.744189 0.847328
94 0.803456 0.113101 0.690356 0.916557
95 0.781967 0.0369852 0.744981 0.818952
96 0.790669 0.027864 0.762805 0.818533
97 0.802344 0.0856034 0.716741 0.887948
98 0.810897 0.0512933 0.759604 0.862191
99 0.782779 0.0205191 0.76226 0.803298
100 0.808716 0.069164 0.739552 0.87788
101 0.773264 0.0208988 0.752365 0.794163
102 0.774825 0.0193528 0.755472 0.794178
103 0.795823 0.0551393 0.740683 0.850962
104 0.777134 0.0259007 0.751233 0.803035
105 0.779893 0.0319353 0.747957 0.811828
106 0.775274 0.0298144 0.745459 0.805088
107 0.770163 0.0152535 0.75491 0.785417
108 0.79176 0.0491991 0.742561 0.840959
109 0.772943 0.0143193 0.758624 0.787262
110 0.779016 0.0293732 0.749643 0.808389
111 0.771168 0.0189122 0.752256 0.790081
112 0.780855 0.0276382 0.753217 0.808493
113 0.782052 0.0444827 0.73757 0.826535
114 0.784468 0.0452515 0.739217 0.82972
115 0.776984 0.0180945 0.75889 0.795079
116 0.770399 0.0380222 0.732376 0.808421
117 0.75449 0.0155144 0.738975 0.770004
118 0.761183 0.019612 0.741571 0.780795
119 0.758553 0.0193316 0.739221 0.777884
120 0.763855 0.0190804 0.744775 0.782936
121 0.788916 0.076028 0.712888 0.864944
122 0.784362 0.0401337 0.744228 0.824495
123 0.775851 0.0493167 0.726534 0.825168
124 0.805359 0.115212 0.690147 0.920571
125 0.768303 0.0290914 0.739212 0.797394
126 0.756628 0.0109181 0.74571 0.767546
127 0.75727 0.0219633 0.735306 0.779233
128 0.7633 0.0229648 0.740335 0.786264
129 0.774354 0.0354827 0.738872 0.809837
130 0.805103 0.0691809 0.735922 0.874284
131 0.781731 0.0237498 0.757982 0.805481
132 0.793064 0.0687499 0.724314 0.861814
133 0.778631 0.047811 0.73082 0.826442
134 0.7831 0.0423666 0.740733 0.825467
135 0.761546 0.0192044 0.742342 0.780751
136 0.77166 0.0333903 0.73827 0.805051
137 0.777177 0.0366191 0.740558 0.813796
138 0.780833 0.0437107 0.737123 0.824544
139 0.765587 0.0201527 0.745435 0.78574
140 0.788125 0.0748315 0.713293 0.862956
141 0.764604 0.0183508 0.746253 0.782955
142 0.802558 0.117199 0.685359 0.919758
143 0.770313 0.0252341 0.745079 0.795547
144 0.771874 0.0277811 0.744093 0.799655
145 0.773007 0.0411853 0.731822 0.814193
146 0.766186 0.0260193 0.740167 0.792206
147 0.782309 0.0621772 0.720132 0.844486
148 0.766528 0.0369367 0.729592 0.803465
149 0.764048 0.0315543 0.732494 0.795602
150 0.758916 0.0288223 0.730094 0.787738
151 0.770163 0.0415915 0.728572 0.811755
152 0.759729 0.0421995 0.717529 0.801928
153 0.787462 0.0627356 0.724726 0.850198
154 0.749337 0.0195619 0.729775 0.768899
155 0.745573 0.013877 0.731696 0.75945
156 0.755709 0.0433971 0.712312 0.799106
157 0.753848 0.0399025 0.713946 0.793751
158 0.742152 0.0155059 0.726646 0.757658
159 0.754276 0.0338955 0.720381 0.788172
160 0.765566 0.0362449 0.729321 0.801811
161 0.759493 0.0168202 0.742673 0.776314
162 0.770228 0.0458729 0.724355 0.8161
163 0.776364 0.032192 0.744172 0.808556
164 0.780791 0.0452251 0.735565 0.826016
165 0.765609 0.0238181 0.741791 0.789427
166 0.7664 0.0454126 0.720987 0.811813
167 0.784468 0.0743008 0.710168 0.858769
168 0.763513 0.0278952 0.735618 0.791409
169 0.76392 0.0281315 0.735788 0.792051
170 0.746065 0.0319425 0.714123 0.778008
171 0.762252 0.0275953 0.734656 0.789847
172 0.763941 0.0375872 0.726354 0.801528
173 0.758168 0.02131 0.736858 0.779478
174 0.757377 0.0297652 0.727611 0.787142
175 0.748203 0.0170481 0.731155 0.765251
176 0.759087 0.0398851 0.719202 0.798972
177 0.742259 0.0215048 0.720754 0.763764
178 0.744312 0.019791 0.724521 0.764103
179 0.756842 0.0436606 0.713181 0.800503
180 0.745317 0.0211171 0.7242 0.766434
181 0.758852 0.033867 0.724985 0.792719
182 0.750769 0.0260236 0.724746 0.776793
183 0.74754 0.0249073 0.722633 0.772448
184 0.751689 0.0400697 0.711619 0.791758
185 0.751945 0.0288647 0.723081 0.78081
186 0.770591 0.0453735 0.725218 0.815965
187 0.762059 0.0578191 0.70424 0.819878
188 0.756414 0.0283138 0.7281 0.784728
189 0.756628 0.061597 0.695031 0.818225
190 0.773114 0.0779694 0.695145 0.851084
191 0.782715 0.105814 0.676901 0.888529
192 0.760071 0.0319144 0.728156 0.791985
193 0.786607 0.114082 0.672525 0.900688
194 0.784019 0.107405 0.676615 0.891424
195 0.791546 0.107474 0.684072 0.899021
196 0.793449 0.105996 0.687453 0.899445
197 0.790712 0.0939535 0.696759 0.884666
198 0.782694 0.0931034 0.68959 0.875797
199 0.781988 0.10725 0.674738 0.889238
200 0.8063 0.114995 0.691306 0.921295
201 0.774868 0.0245046 0.750363 0.799372
202 0.811304 0.154678 0.656626 0.965982
203 0.767726 0.0231252 0.744601 0.790851
204 0.768602 0.019841 0.748761 0.788443
205 0.787355 0.0957436 0.691612 0.883099
206 0.767448 0.0159461 0.751502 0.783394
207 0.779657 0.0291311 0.750526 0.808788
208 0.767533 0.0251506 0.742383 0.792684
209 0.787633 0.0726994 0.714934 0.860332
210 0.803734 0.10065 0.703084 0.904384
211 0.791268 0.111494 0.679775 0.902762
212 0.801168 0.116431 0.684738 0.917599
213 0.773414 0.0227276 0.750686 0.796141
214 0.782843 0.0550368 0.727807 0.83788
215 0.788766 0.135037 0.65373 0.923803
216 0.781731 0.104477 0.677255 0.886208
217 0.794262 0.10244 0.691822 0.896701
218 0.768602 0.0254567 0.743146 0.794059
219 0.772601 0.0435117 0.729089 0.816113
220 0.787355 0.100547 0.686808 0.887902
221 0.77367 0.0420735 0.731597 0.815744
222 0.778973 0.0448429 0.73413 0.823816
223 0.770634 0.0446874 0.725946 0.815321
224 0.770356 0.0196564 0.750699 0.790012
225 0.777818 0.0316977 0.746121 0.809516
226 0.771553 0.025654 0.745899 0.797207
227 0.783763 0.0410215 0.742741 0.824784
228 0.781111 0.0534886 0.727623 0.8346
229 0.772622 0.0190324 0.75359 0.791655
230 0.768709 0.0243469 0.744363 0.793056
231 0.77196 0.0418606 0.730099 0.81382
232 0.790798 0.080588 0.71021 0.871386
233 0.760327 0.0206796 0.739648 0.781007
234 0.770719 0.0306255 0.740094 0.801345
235 0.775488 0.0148435 0.760644 0.790331
236 0.779294 0.0315784 0.747715 0.810872
237 0.78419 0.0362199 0.747971 0.82041
238 0.79995 0.102298 0.697652 0.902247
239 0.795673 0.0567842 0.738889 0.852457
240 0.788916 0.0557593 0.733157 0.844675
241 0.772216 0.0210566 0.75116 0.793273
242 0.779379 0.0231422 0.756237 0.802522
243 0.770955 0.0172514 0.753703 0.788206
244 0.762701 0.0341547 0.728546 0.796856
245 0.771297 0.0466421 0.724655 0.817939
246 0.754383 0.0125602 0.741823 0.766943
247 0.756478 0.019289 0.737189 0.775767
248 0.766764 0.0421377 0.724626 0.808901
249 0.773606 0.0705037 0.703102 0.84411
250 0.776813 0.0621958 0.714618 0.839009
251 0.752159 0.0178197 0.734339 0.769979
252 0.751603 0.0356297 0.715973 0.787233
253 0.739522 0.0271414 0.712381 0.766663
254 0.751603 0.0425652 0.709038 0.794168
255 0.743756 0.0215099 0.722246 0.765266
256 0.761461 0.0418489 0.719612 0.80331
257 0.771489 0.040874 0.730615 0.812363
258 0.769051 0.0372195 0.731832 0.806271
259 0.773841 0.0422259 0.731615 0.816067
260 0.765502 0.0304498 0.735052 0.795952
261 0.758189 0.017847 0.740342 0.776036
262 0.758724 0.0219946 0.736729 0.780718
263 0.759301 0.0237753 0.735526 0.783076
264 0.754447 0.0302181 0.724229 0.784665
265 0.744654 0.042686 0.701968 0.78734
266 0.755195 0.050918 0.704277 0.806114
267 0.769415 0.0829454 0.68647 0.85236
268 0.745744 0.0389768 0.706767 0.784721
269 0.744012 0.026602 0.71741 0.770614
270 0.736336 0.0131941 0.723142 0.74953
271 0.734411 0.0081514 0.72626 0.742563
272 0.736229 0.0188961 0.717333 0.755125
273 0.743927 0.0370455 0.706881 0.780972
274 0.743627 0.0276899 0.715938 0.771317
275 0.743328 0.0225331 0.720795 0.765861
276 0.735203 0.00787428 0.727328 0.743077
277 0.746343 0.0342668 0.712076 0.78061
278 0.734347 0.0157655 0.718582 0.750113
279 0.747049 0.0385536 0.708495 0.785602
280 0.734796 0.0174751 0.717321 0.752271
281 0.733235 0.00956789 0.723668 0.742803
282 0.742665 0.0201713 0.722494 0.762836
283 0.759472 0.0517658 0.707706 0.811238
284 0.751347 0.0281986 0.723148 0.779545
285 0.754126 0.0346961 0.71943 0.788822
286 0.769586 0.0539141 0.715672 0.8235
287 0.776236 0.0420861 0.73415 0.818322
288 0.77444 0.0360744 0.738366 0.810514
289 0.785281 0.0576245 0.727657 0.842905
290 0.775188 0.0520147 0.723174 0.827203
291 0.780085 0.0612577 0.718827 0.841343
292 0.767127 0.028796 0.738331 0.795923
293 0.768196 0.0507172 0.717479 0.818913
294 0.761375 0.0310199 0.730355 0.792395
295 0.761354 0.0384949 0.722859 0.799849
296 0.768774 0.0570377 0.711736 0.825811
297 0.753784 0.0189342 0.73485 0.772718
298 0.776215 0.0415086 0.734706 0.817723
299 0.783378 0.0743639 0.709014 0.857742
300 0.776835 0.0339684 0.742866 0.810803
301 0.775295 0.0424224 0.732873 0.817718
302 0.767982 0.0388765 0.729106 0.806859
303 0.761118 0.0278439 0.733275 0.788962
304 0.75712 0.0314898 0.72563 0.78861
305 0.762423 0.0405219 0.721901 0.802945
306 0.755345 0.0160447 0.7393 0.77139
307 0.789664 0.0765253 0.713139 0.86619
308 0.781411 0.0878723 0.693538 0.869283
309 0.765374 0.0407759 0.724598 0.80615
310 0.764176 0.0272879 0.736888 0.791464
311 0.763235 0.0480683 0.715167 0.811304
312 0.756307 0.0201264 0.736181 0.776434
313 0.750384 0.018241 0.732143 0.768625
314 0.7729 0.0785607 0.69434 0.851461
315 0.759707 0.0451392 0.714568 0.804846
316 0.755388 0.0250133 0.730375 0.780401
317 0.759002 0.0252822 0.733719 0.784284
318 0.769351 0.0392593 0.730092 0.80861
319 0.754126 0.020282 0.733844 0.774408
320 0.778631 0.0738004 0.704831 0.852431
321 0.76424 0.0415606 0.72268 0.805801
322 0.766079 0.0348073 0.731272 0.800887
323 0.77382 0.0231473 0.750672 0.796967
324 0.774654 0.0227074 0.751946 0.797361
325 0.777583 0.0311258 0.746457 0.808709
326 0.766742 0.0327674 0.733975 0.79951
327 0.792508 0.0562595 0.736249 0.848768
328 0.776856 0.0147156 0.762141 0.791572
329 0.798795 0.0510091 0.747786 0.849804
330 0.773371 0.013178 0.760193 0.786549
331 0.804611 0.0769797 0.727631 0.881591
332 0.783613 0.0293896 0.754223 0.813003
333 0.789215 0.0335466 0.755669 0.822762
334 0.787441 0.0351859 0.752255 0.822627
335 0.793535 0.0419484 0.751586 0.835483
336 0.77692 0.024406 0.752514 0.801326
337 0.800035 0.0674543 0.732581 0.867489
338 0.783014 0.0369365 0.746078 0.819951
339 0.786008 0.0423319 0.743676 0.82834
340 0.778054 0.0271641 0.75089 0.805218
341 0.780705 0.0379991 0.742706 0.818704
342 0.77831 0.014715 0.763595 0.793025
343 0.775188 0.013207 0.761981 0.788395
344 0.783314 0.0435965 0.739717 0.82691
345 0.798004 0.0965735 0.70143 0.894577
346 0.803798 0.0540677 0.749731 0.857866
347 0.782458 0.0510216 0.731437 0.83348
348 0.786179 0.0363877 0.749791 0.822567
349 0.775317 0.0158327 0.759484 0.791149
350 0.780149 0.0175936 0.762555 0.797743
351 0.783506 0.0411765 0.74233 0.824683
352 0.785965 0.0208313 0.765134 0.806797
353 0.802537 0.0758232 0.726714 0.87836
354 0.779593 0.0125037 0.767089 0.792097
355 0.78697 0.023997 0.762973 0.810967
356 0.792893 0.0233213 0.769572 0.816215
357 0.776001 0.0256858 0.750315 0.801687
358 0.792444 0.053431 0.739013 0.845875
359 0.77692 0.0258433 0.751077 0.802764
360 0.798046 0.0721906 0.725856 0.870237
361 0.785901 0.0637754 0.722126 0.849676
362 0.780406 0.0188621 0.761544 0.799268
363 0.773948 0.0458275 0.728121 0.819776
364 0.769543 0.0166063 0.752937 0.78615
365 0.770869 0.0200047 0.750864 0.790874
366 0.777091 0.037547 0.739544 0.814638
367 0.781432 0.0338323 0.7476 0.815264
368 0.766486 0.00994893 0.756537 0.776434
369 0.779636 0.0158933 0.763743 0.795529
370 0.775231 0.0258934 0.749338 0.801124
371 0.770805 0.0709902 0.699815 0.841795
372 0.767469 0.0520369 0.715432 0.819506
373 0.751047 0.0128393 0.738208 0.763887
374 0.776792 0.0647542 0.712038 0.841546
375 0.761717 0.023331 0.738386 0.785048
376 0.767897 0.0403717 0.727525 0.808269
377 0.760028 0.0220906 0.737937 0.782119
378 0.749807 0.0218845 0.727923 0.771692
379 0.760477 0.0143248 0.746152 0.774802
380 0.755238 0.015807 0.739431 0.771045
381 0.785324 0.0737027 0.711621 0.859026
382 0.757526 0.0283604 0.729166 0.785887
383 0.752672 0.0114672 0.741205 0.76414
384 0.761525 0.0190693 0.742455 0.780594
385 0.777968 0.0412474 0.736721 0.819215
386 0.776257 0.0363497 0.739908 0.812607
387 0.781967 0.066058 0.715909 0.848025
388 0.763321 0.0169245 0.746396 0.780245
389 0.769329 0.0191026 0.750227 0.788432
390 0.767875 0.0290019 0.738873 0.796877
391 0.762337 0.0144452 0.747892 0.776783
392 0.756008 0.0330178 0.72299 0.789026
393 0.755858 0.0281335 0.727725 0.783992
394 0.75233 0.0136807 0.73865 0.766011
395 0.747177 0.0141929 0.732984 0.76137
396 0.752694 0.0315812 0.721112 0.784275
397 0.745317 0.0108093 0.734507 0.756126
398 0.784533 0.0791139 0.705419 0.863646
399 0.747583 0.0121306 0.735453 0.759714
400 0.757719 0.0307396 0.726979 0.788458
401 0.753036 0.0431415 0.709894 0.796177
402 0.753677 0.0156338 0.738043 0.769311
403 0.754575 0.0338095 0.720766 0.788385
404 0.767063 0.0393159 0.727747 0.806379
405 0.754084 0.0264013 0.727682 0.780485
406 0.744568 0.0148535 0.729715 0.759422
407 0.770484 0.0897817 0.680702 0.860266
408 0.750363 0.021811 0.728552 0.772174
409 0.770719 0.0442228 0.726497 0.814942
410 0.759472 0.0238265 0.735646 0.783299
411 0.756906 0.0368424 0.720064 0.793748
412 0.769522 0.0248034 0.744719 0.794325
413 0.784276 0.0477344 0.736542 0.83201
414 0.771553 0.0240338 0.747519 0.795587
415 0.767234 0.0234928 0.743741 0.790727
416 0.787205 0.0412136 0.745992 0.828419
417 0.782074 0.0293291 0.752744 0.811403
418 0.766507 0.0198725 0.746634 0.786379
419 0.808332 0.0892016 0.71913 0.897533
420 0.769928 0.0188398 0.751088 0.788768
421 0.785452 0.040917 0.744535 0.826369
422 0.778545 0.0620537 0.716492 0.840599
423 0.787334 0.0929381 0.694396 0.880272
424 0.762701 0.0148769 0.747824 0.777578
425 0.763214 0.0168358 0.746378 0.78005
426 0.777989 0.0382594 0.73973 0.816249
427 0.767897 0.0205396 0.747357 0.788436
428 0.763727 0.0280563 0.735671 0.791784
429 0.754618 0.0187513 0.735867 0.773369
430 0.769907 0.0495218 0.720385 0.819429
431 0.766293 0.0392668 0.727026 0.80556
432 0.776535 0.0609665 0.715569 0.837502
433 0.760007 0.0166381 0.743369 0.776645
434 0.752608 0.0127526 0.739856 0.765361
435 0.757719 0.0246359 0.733083 0.782355
436 0.777925 0.0846127 0.693313 0.862538
437 0.766721 0.0254141 0.741307 0.792135
438 0.754041 0.0100245 0.744016 0.764065
439 0.756072 0.0325303 0.723542 0.788602
440 0.756136 0.0284636 0.727673 0.7846
441 0.764967 0.0391952 0.725772 0.804163
442 0.761632 0.0327538 0.728878 0.794386
443 0.783613 0.0930904 0.690523 0.876703
444 0.767769 0.0785797 0.689189 0.846348
445 0.76439 0.0344999 0.72989 0.79889
446 0.760947 0.0348031 0.726144 0.795751
447 0.768068 0.0510534 0.717014 0.819121
448 0.772558 0.0418323 0.730726 0.814391
449 0.774376 0.0359217 0.738454 0.810297
450 0.771254 0.0252608 0.745993 0.796515
451 0.775894 0.030066 0.745828 0.80596
452 0.766635 0.0209687 0.745667 0.787604
453 0.765481 0.0240251 0.741455 0.789506
454 0.771703 0.0386188 0.733084 0.810322
455 0.784704 0.0186474 0.766056 0.803351
456 0.787783 0.0317145 0.756068 0.819497
457 0.788702 0.0329641 0.755738 0.821666
458 0.802344 0.0651463 0.737198 0.867491
459 0.777391 0.0174887 0.759902 0.794879
460 0.820819 0.0873064 0.733513 0.908126
461 0.781197 0.0196051 0.761592 0.800802
462 0.799116 0.0576461 0.741469 0.856762
463 0.789493 0.0459529 0.743541 0.835446
464 0.787697 0.0403424 0.747355 0.82804
465 0.80583 0.104081 0.701748 0.909911
466 0.785046 0.0314758 0.75357 0.816522
467 0.780598 0.0230649 0.757533 0.803663
468 0.784319 0.0422353 0.742083 0.826554
469 0.789836 0.047693 0.742143 0.837528
470 0.786521 0.0324224 0.754099 0.818944
471 0.786094 0.0460114 0.740082 0.832105
472 0.775081 0.0151521 0.759929 0.790234
473 0.77923 0.0212351 0.757995 0.800465
474 0.77459 0.0128445 0.761745 0.787434
475 0.781175 0.0206293 0.760546 0.801805
476 0.774141 0.0241353 0.750005 0.798276
477 0.785751 0.0439949 0.741757 0.829746
478 0.782074 0.019013 0.763061 0.801087
479 0.778802 0.0322121 0.74659 0.811014
480 0.807284 0.0427988 0.764485 0.850083
481 0.784875 0.0267765 0.758098 0.811651
482 0.790413 0.0301097 0.760303 0.820523
483 0.802793 0.0568877 0.745906 0.859681
484 0.793364 0.0401167 0.753247 0.83348
485 0.790541 0.0563214 0.73422 0.846863
486 0.777134 0.0157981 0.761336 0.792932
487 0.788809 0.0380275 0.750782 0.826837
488 0.803114 0.0550436 0.748071 0.858158
489 0.767576 0.0109744 0.756602 0.77855
490 0.803242 0.0738791 0.729363 0.877122
491 0.781967 0.0393509 0.742616 0.821318
492 0.790905 0.0433633 0.747541 0.834268
493 0.787654 0.0441348 0.74352 0.831789
494 0.777711 0.0432742 0.734437 0.820986
495 0.77367 0.0230945 0.750576 0.796765
496 0.776322 0.0214319 0.75489 0.797754
497 0.784105 0.0360978 0.748007 0.820203
498 0.775402 0.0398824 0.73552 0.815285
499 0.758467 0.0181934 0.740274 0.77666
500 0.771788 0.0635582 0.70823 0.835347
501 0.76022 0.0247195 0.735501 0.78494
502 0.765844 0.0420038 0.72384 0.807848
503 0.763791 0.0236076 0.740184 0.787399
504 0.776942 0.0821702 0.694771 0.859112
505 0.773178 0.0784469 0.694731 0.851625
506 0.758446 0.0218826 0.736563 0.780328
507 0.774419 0.0390976 0.735321 0.813516
508 0.759964 0.023624 0.73634 0.783588
509 0.757312 0.0240193 0.733293 0.781332
510 0.766464 0.0439141 0.72255 0.810378
511 0.748118 0.00751295 0.740605 0.755631
512 0.7732 0.0274932 0.745706 0.800693
513 0.776129 0.0237155 0.752414 0.799845
514 0.786949 0.0418366 0.745112 0.828785
515 0.79841 0.077795 0.720615 0.876205
516 0.784019 0.0417112 0.742308 0.825731
517 0.763791 0.0300182 0.733773 0.79381
518 0.765737 0.0293555 0.736382 0.795093
519 0.752822 0.0228046 0.730017 0.775627
520 0.766571 0.0393081 0.727263 0.805879
521 0.761503 0.0345121 0.726991 0.796015
522 0.747006 0.0120973 0.734909 0.759103
523 0.751218 0.01976 0.731458 0.770978
524 0.748567 0.0133154 0.735251 0.761882
525 0.750128 0.0124993 0.737628 0.762627
526 0.78759 0.0773633 0.710227 0.864954
527 0.759814 0.0493383 0.710476 0.809152
528 0.768175 0.0495075 0.718667 0.817682
529 0.75558 0.0314513 0.724129 0.787032
530 0.753014 0.0242792 0.728735 0.777294
531 0.748118 0.0142392 0.733879 0.762357
532 0.766678 0.0575177 0.70916 0.824196
533 0.756393 0.0375828 0.71881 0.793976
534 0.746878 0.0211797 0.725698 0.768057
535 0.769458 0.0705897 0.698868 0.840047
536 0.749251 0.0193038 0.729947 0.768555
537 0.756543 0.0303672 0.726175 0.78691
538 0.756286 0.0140102 0.742276 0.770296
539 0.756243 0.0184568 0.737786 0.7747
540 0.749101 0.0127813 0.73632 0.761883
541 0.753314 0.0157616 0.737552 0.769075
542 0.757697 0.0211945 0.736503 0.778892
543 0.768645 0.0342624 0.734383 0.802908
544 0.771382 0.0117413 0.759641 0.783124
545 0.784661 0.0533 0.731361 0.837961
546 0.782843 0.0372454 0.745598 0.820089
547 0.781753 0.0425829 0.73917 0.824336
548 0.773563 0.0194314 0.754132 0.792995
549 0.778759 0.0340618 0.744697 0.812821
550 0.776151 0.0530483 0.723102 0.829199
551 0.774525 0.0510248 0.723501 0.82555
552 0.777519 0.0369754 0.740544 0.814494
553 0.772836 0.0326133 0.740223 0.80545
554 0.76794 0.0178123 0.750127 0.785752
555 0.773285 0.0244492 0.748836 0.797734
556 0.767341 0.0313626 0.735978 0.798703
557 0.778225 0.0607435 0.717481 0.838968
558 0.758061 0.0142149 0.743846 0.772276
559 0.76176 0.032941 0.728819 0.794701
560 0.766272 0.0483616 0.71791 0.814633
561 0.757975 0.0235072 0.734468 0.781482
562 0.753848 0.0143273 0.739521 0.768176
563 0.776707 0.0363088 0.740398 0.813015
564 0.753913 0.0178311 0.736081 0.771744
565 0.763107 0.0266554 0.736452 0.789762
566 0.748032 0.0152645 0.732768 0.763297
567 0.775188 0.0450307 0.730158 0.820219
568 0.75573 0.0258709 0.729859 0.781601
569 0.769522 0.0374781 0.732044 0.807
570 0.761461 0.0225551 0.738906 0.784016
571 0.757099 0.0228294 0.734269 0.779928
572 0.754297 0.0148573 0.73944 0.769155
573 0.7565 0.0272888 0.729211 0.783789
574 0.75434 0.0196274 0.734713 0.773968
575 0.754575 0.0230492 0.731526 0.777625
576 0.780085 0.0733082 0.706777 0.853393
577 0.771917 0.061624 0.710293 0.833541
578 0.763064 0.0374478 0.725617 0.800512
579 0.762273 0.033938 0.728335 0.796211
580 0.796764 0.169548 0.627215 0.966312
581 0.764711 0.0574732 0.707238 0.822184
582 0.772665 0.0336211 0.739044 0.806286
583 0.778823 0.0332429 0.74558 0.812066
584 0.764796 0.011744 0.753052 0.77654
585 0.781197 0.0195402 0.761657 0.800737
586 0.777455 0.0171838 0.760271 0.794639
587 0.803948 0.0454311 0.758517 0.849379
588 0.799757 0.0583837 0.741373 0.858141
589 0.788852 0.0272099 0.761642 0.816062
590 0.795566 0.0749345 0.720632 0.870501
591 0.779786 0.0122293 0.767556 0.792015
592 0.790498 0.0393332 0.751165 0.829832
593 0.79052 0.0455693 0.74495 0.836089
594 0.80352 0.0819653 0.721555 0.885486
595 0.777455 0.0253511 0.752104 0.802806
596 0.782202 0.0268015 0.7554 0.809003
597 0.775231 0.0188153 0.756416 0.794046
598 0.768667 0.0297017 0.738965 0.798368
599 0.790798 0.0978533 0.692944 0.888651
600 0.764369 0.0228654 0.741503 0.787234
601 0.763984 0.0343035 0.72968 0.798287
602 0.766935 0.0210549 0.74588 0.787989
603 0.772965 0.0439053 0.729059 0.81687
604 0.7729 0.0243809 0.74852 0.797281
605 0.779679 0.0445922 0.735087 0.824271
606 0.77166 0.026793 0.744867 0.798453
607 0.765331 0.0261137 0.739217 0.791445
608 0.781646 0.0248801 0.756766 0.806526
609 0.763086 0.0154976 0.747588 0.778583
610 0.781111 0.033665 0.747446 0.814776
611 0.791418 0.0624798 0.728938 0.853898
612 0.777113 0.0327644 0.744348 0.809877
613 0.76764 0.0228153 0.744825 0.790456
614 0.760498 0.0132656 0.747233 0.773764
615 0.785944 0.0540342 0.73191 0.839978
616 0.760734 0.0161443 0.744589 0.776878
617 0.790947 0.10052 0.690427 0.891467
618 0.755238 0.0145729 0.740665 0.769811
619 0.759622 0.015402 0.74422 0.775024
620 0.769565 0.0560635 0.713501 0.825628
621 0.761396 0.0220992 0.739297 0.783496
622 0.77104 0.0587957 0.712244 0.829836
623 0.766101 0.0209714 0.745129 0.787072
624 0.769501 0.0426111 0.726889 0.812112
625 0.773542 0.0258565 0.747685 0.799398
626 0.752908 0.039531 0.713377 0.792439
627 0.753913 0.0410787 0.712834 0.794991
628 0.754426 0.0322827 0.722143 0.786708
629 0.752416 0.0307993 0.721616 0.783215
630 0.752352 0.0347604 0.717591 0.787112
631 0.751026 0.0352348 0.715791 0.786261
632 0.762273 0.0575531 0.70472 0.819826
633 0.759921 0.0305357 0.729385 0.790457
634 0.751689 0.0223742 0.729315 0.774063
635 0.735181 0.0207842 0.714397 0.755965
636 0.728467 0.011426 0.717041 0.739893
637 0.759814 0.0727574 0.687057 0.832572
638 0.744568 0.019914 0.724654 0.764482
639 0.747776 0.0171864 0.730589 0.764962
640 0.777455 0.0493339 0.728121 0.826789
641 0.775424 0.0574075 0.718016 0.832831
642 0.785153 0.057138 0.728015 0.842291
643 0.765545 0.0237658 0.741779 0.789311
644 0.771168 0.0440992 0.727069 0.815268
645 0.760798 0.0228297 0.737968 0.783627
646 0.775979 0.0650033 0.710976 0.840983
647 0.752181 0.0246447 0.727536 0.776825
648 0.764048 0.0442519 0.719796 0.8083
649 0.746557 0.0148582 0.731699 0.761415
650 0.752245 0.0238523 0.728392 0.776097
651 0.733342 0.0124186 0.720924 0.745761
652 0.738346 0.0153917 0.722954 0.753738
653 0.739415 0.0261367 0.713278 0.765552
654 0.755965 0.0675206 0.688445 0.823486
655 0.734305 0.014819 0.719486 0.749124
656 0.745958 0.0446448 0.701313 0.790603
657 0.738303 0.0172172 0.721086 0.75552
658 0.764176 0.06272 0.701456 0.826896
659 0.748203 0.044128 0.704075 0.792331
660 0.749101 0.0254414 0.72366 0.774543
661 0.750577 0.0488895 0.701687 0.799466
662 0.758382 0.0539393 0.704442 0.812321
663 0.755645 0.0665825 0.689062 0.822227
664 0.753998 0.0362501 0.717748 0.790248
665 0.746407 0.0248891 0.721518 0.771296
666 0.751282 0.0451006 0.706182 0.796383
667 0.745573 0.0249772 0.720596 0.77055
668 0.746172 0.0340563 0.712116 0.780228
669 0.759729 0.0904678 0.669261 0.850196
670 0.763556 0.0599311 0.703625 0.823487
671 0.767875 0.0490614 0.718814 0.816937
672 0.757932 0.0108249 0.747108 0.768757
673 0.777305 0.0473305 0.729975 0.824636
674 0.760456 0.0186937 0.741762 0.779149
675 0.763364 0.0266027 0.736761 0.789966
676 0.763984 0.0212263 0.742757 0.78521
677 0.763022 0.0269275 0.736094 0.789949
678 0.764347 0.039699 0.724648 0.804046
679 0.757483 0.0245802 0.732903 0.782064
680 0.760905 0.0603692 0.700535 0.821274
681 0.767918 0.030341 0.737577 0.798259
682 0.775552 0.0772567 0.698295 0.852809
683 0.762487 0.034166 0.728321 0.796653
684 0.749379 0.0293485 0.720031 0.778728
685 0.742473 0.0113028 0.73117 0.753776
686 0.763086 0.062783 0.700303 0.825869
687 0.740912 0.0125708 0.728341 0.753483
688 0.74506 0.0304001 0.71466 0.77546
689 0.747925 0.0182428 0.729683 0.766168
690 0.74985 0.0260794 0.72377 0.775929
691 0.74367 0.0241424 0.719528 0.767813
692 0.755409 0.0317383 0.723671 0.787148
693 0.754875 0.0434103 0.711464 0.798285
694 0.750726 0.0284911 0.722235 0.779218
695 0.748332 0.0312914 0.71704 0.779623
696 0.756457 0.0319931 0.724464 0.78845
697 0.762273 0.055585 0.706688 0.817858
698 0.755345 0.0291928 0.726152 0.784538
699 0.777797 0.0726355 0.705162 0.850432
700 0.768431 0.0830735 0.685358 0.851505
701 0.774611 0.114306 0.660305 0.888917
702 0.758018 0.0406323 0.717386 0.79865
703 0.758745 0.0406215 0.718124 0.799366
704 0.744868 0.00936542 0.735502 0.754233
705 0.796165 0.0508789 0.745286 0.847044
706 0.77444 0.0488585 0.725581 0.823298
707 0.78712 0.0560669 0.731053 0.843187
708 0.768902 0.0281365 0.740765 0.797038
709 0.778011 0.0560624 0.721948 0.834073
710 0.78171 0.0239723 0.757738 0.805682
711 0.781689 0.0176157 0.764073 0.799304
712 0.771275 0.0108303 0.760445 0.782106
713 0.792401 0.0390355 0.753366 0.831437
714 0.80151 0.0523537 0.749157 0.853864
715 0.779978 0.0154964 0.764482 0.795474
716 0.797063 0.0566092 0.740454 0.853672
717 0.784597 0.0259316 0.758665 0.810528
718 0.776364 0.0143716 0.761993 0.790736
719 0.780534 0.016305 0.764229 0.796839
720 0.779679 0.0157475 0.763931 0.795426
721 0.781304 0.0258349 0.755469 0.807139
722 0.803007 0.0627658 0.740241 0.865773
723 0.787355 0.0537184 0.733637 0.841074
724 0.778823 0.0276562 0.751167 0.80648
725 0.781903 0.0254508 0.756452 0.807353
726 0.773863 0.0129485 0.760914 0.786811
727 0.775595 0.0191269 0.756468 0.794722
728 0.793193 0.0690818 0.724111 0.862274
729 0.780235 0.0255777 0.754657 0.805812
730 0.778011 0.0192249 0.758786 0.797236
731 0.785281 0.0283777 0.756903 0.813659
732 0.786543 0.0321989 0.754344 0.818741
733 0.772173 0.0135036 0.75867 0.785677
734 0.794198 0.0637434 0.730454 0.857941
735 0.784126 0.0332179 0.750908 0.817344
736 0.802772 0.0652617 0.73751 0.868034
737 0.794582 0.0426155 0.751967 0.837198
738 0.792209 0.0363329 0.755876 0.828542
739 0.8066 0.067129 0.739471 0.873729
740 0.784212 0.0247367 0.759475 0.808949
741 0.784276 0.0443239 0.739952 0.8286
742 0.786072 0.0390746 0.746998 0.825147
743 0.775509 0.0214184 0.754091 0.796927
744 0.770249 0.0130044 0.757244 0.783253
745 0.803478 0.0552957 0.748182 0.858773
746 0.7933 0.0557318 0.737568 0.849031
747 0.775167 0.0228303 0.752337 0.797997
748 0.795053 0.0852429 0.70981 0.880296
749 0.782587 0.0322046 0.750382 0.814791
750 0.770997 0.0204865 0.750511 0.791484
751 0.778438 0.0380773 0.740361 0.816516
752 0.775295 0.016965 0.75833 0.79226
753 0.772323 0.0427664 0.729557 0.815089
754 0.762765 0.0242478 0.738517 0.787013
755 0.757954 0.0131432 0.744811 0.771097
756 0.775317 0.0598852 0.715431 0.835202
757 0.734689 0.0135233 0.721166 0.748213
758 0.74754 0.0155439 0.731997 0.763084
759 0.755965 0.0185959 0.737369 0.774561
760 0.757398 0.033447 0.723951 0.790845
761 0.744932 0.0182674 0.726664 0.763199
762 0.758617 0.0397553 0.718861 0.798372
763 0.753399 0.0451074 0.708292 0.798507
764 0.742537 0.0248339 0.717703 0.767371
765 0.744632 0.0222506 0.722382 0.766883
766 0.746664 0.0315925 0.715071 0.778256
767 0.761717 0.0595681 0.702149 0.821285
768 0.780898 0.0513216 0.729576 0.832219
769 0.770783 0.0306642 0.740119 0.801448
770 0.759087 0.0222783 0.736809 0.781365
771 0.756821 0.0263444 0.730476 0.783165
772 0.772152 0.0448694 0.727283 0.817021
773 0.777134 0.0730592 0.704075 0.850193
774 0.783314 0.0754265 0.707887 0.85874
775 0.754468 0.0302868 0.724182 0.784755
776 0.754832 0.0321932 0.722639 0.787025
777 0.758638 0.039616 0.719022 0.798254
778 0.771211 0.0586023 0.712609 0.829813
779 0.764796 0.049652 0.715144 0.814448
780 0.769479 0.047594 0.721885 0.817073
781 0.747712 0.0132203 0.734491 0.760932
782 0.760113 0.0678489 0.692265 0.827962
783 0.760648 0.0400398 0.720608 0.800688
784 0.752437 0.0301575 0.72228 0.782595
785 0.751625 0.0270363 0.724588 0.778661
786 0.74181 0.0109737 0.730836 0.752784
787 0.753699 0.0438469 0.709852 0.797546
788 0.77104 0.0593719 0.711668 0.830412
789 0.754255 0.0369329 0.717322 0.791188
790 0.771446 0.090362 0.681084 0.861808
791 0.772601 0.0572932 0.715308 0.829894
792 0.794176 0.112438 0.681738 0.906614
793 0.755922 0.0192722 0.73665 0.775195
794 0.75449 0.0133164 0.741173 0.767806
795 0.761461 0.0943328 0.667128 0.855793
796 0.741425 0.0160049 0.72542 0.75743
797 0.750299 0.0301751 0.720124 0.780474
798 0.765245 0.0626892 0.702556 0.827935
799 0.75419 0.0169707 0.73722 0.771161
