# ../output/graphs/perf_serial42BIPED
# step - mean (0.139188) - standard deviation (0.0138697) r=20 - ylow - yhigh
0 0.150577 0.0081691 0.142408 0.158746
1 0.152074 0.0214278 0.130646 0.173502
2 0.149059 0.00527677 0.143782 0.154336
3 0.148974 0.0058579 0.143116 0.154831
4 0.149316 0.0114243 0.137891 0.16074
5 0.147092 0.00841891 0.138673 0.155511
6 0.147113 0.0106365 0.136477 0.15775
7 0.139244 0.00956972 0.129675 0.148814
8 0.142345 0.0136235 0.128721 0.155968
9 0.139843 0.00813219 0.131711 0.147975
10 0.143371 0.0153622 0.128009 0.158733
11 0.1398 0.00715718 0.132643 0.146958
12 0.140442 0.0103757 0.130066 0.150818
13 0.145403 0.0161187 0.129284 0.161521
14 0.13809 0.0049132 0.133177 0.143003
15 0.139843 0.00751748 0.132326 0.147361
16 0.138624 0.00482942 0.133795 0.143454
17 0.138859 0.00548016 0.133379 0.14434
18 0.141383 0.0117767 0.129606 0.153159
19 0.140442 0.0120181 0.128424 0.15246
20 0.140207 0.0075324 0.132674 0.147739
21 0.138496 0.0047125 0.133783 0.143208
22 0.141832 0.012662 0.12917 0.154494
23 0.139373 0.0174481 0.121925 0.156821
24 0.135224 0.0045733 0.130651 0.139798
25 0.135716 0.00567554 0.130041 0.141392
26 0.138539 0.0158154 0.122723 0.154354
27 0.135417 0.00506058 0.130356 0.140477
28 0.147434 0.0441241 0.10331 0.191558
29 0.135289 0.0051767 0.130112 0.140465
30 0.137106 0.010906 0.1262 0.148012
31 0.13546 0.00470979 0.13075 0.140169
32 0.13685 0.00532598 0.131524 0.142175
33 0.137726 0.0100253 0.127701 0.147751
34 0.14583 0.0146674 0.131163 0.160498
35 0.151048 0.014624 0.136424 0.165672
36 0.147541 0.00596268 0.141578 0.153504
37 0.149145 0.00990265 0.139242 0.159047
38 0.147498 0.0059809 0.141517 0.153479
39 0.150385 0.0129977 0.137387 0.163382
40 0.146301 0.00482113 0.14148 0.151122
41 0.15062 0.0178315 0.132788 0.168452
42 0.150791 0.0128014 0.13799 0.163592
43 0.151133 0.0209339 0.130199 0.172067
44 0.149059 0.0098801 0.139179 0.158939
45 0.150962 0.0172101 0.133752 0.168172
46 0.148824 0.00710473 0.141719 0.155929
47 0.151112 0.011629 0.139483 0.162741
48 0.150791 0.0234406 0.12735 0.174232
49 0.149487 0.00966488 0.139822 0.159152
50 0.155837 0.0400926 0.115745 0.19593
51 0.149444 0.0121528 0.137291 0.161597
52 0.147562 0.00905929 0.138503 0.156622
53 0.150363 0.0163414 0.134022 0.166705
54 0.147776 0.00710663 0.140669 0.154883
55 0.148353 0.00864445 0.139709 0.156998
56 0.146878 0.00598331 0.140895 0.152861
57 0.150577 0.0139234 0.136654 0.164501
58 0.157655 0.0388018 0.118853 0.196457
59 0.151539 0.0176566 0.133883 0.169196
60 0.146536 0.00530236 0.141234 0.151838
61 0.146408 0.00458464 0.141823 0.150992
62 0.147391 0.0079563 0.139435 0.155347
63 0.149123 0.011488 0.137635 0.160611
64 0.152373 0.0156004 0.136773 0.167974
65 0.14985 0.0120492 0.137801 0.161899
66 0.147926 0.00740708 0.140519 0.155333
67 0.147177 0.00661867 0.140559 0.153796
68 0.15526 0.0243997 0.13086 0.17966
69 0.14737 0.00575573 0.141614 0.153126
70 0.150513 0.0120082 0.138505 0.162521
71 0.147648 0.00760081 0.140047 0.155249
72 0.145937 0.00480779 0.141129 0.150745
73 0.147477 0.00746288 0.140014 0.15494
74 0.155816 0.0250455 0.130771 0.180861
75 0.148075 0.00859562 0.13948 0.156671
76 0.150877 0.0135017 0.137375 0.164378
77 0.148268 0.00837931 0.139889 0.156647
78 0.148482 0.00772103 0.140761 0.156203
79 0.150085 0.0112013 0.138884 0.161287
80 0.147391 0.00611004 0.141281 0.153501
81 0.146899 0.0052525 0.141647 0.152152
82 0.147156 0.00530688 0.141849 0.152463
83 0.146343 0.00360247 0.142741 0.149946
84 0.159494 0.0370304 0.122463 0.196524
85 0.150534 0.0149997 0.135535 0.165534
86 0.146643 0.0042742 0.142369 0.150917
87 0.154725 0.0297223 0.125003 0.184448
88 0.148974 0.00841217 0.140561 0.157386
89 0.147626 0.00563564 0.141991 0.153262
90 0.148674 0.0085234 0.140151 0.157198
91 0.14737 0.00496227 0.142408 0.152332
92 0.147006 0.00498887 0.142017 0.151995
93 0.146065 0.00461882 0.141447 0.150684
94 0.149979 0.0133994 0.136579 0.163378
95 0.154383 0.0230561 0.131327 0.177439
96 0.152716 0.0151573 0.137558 0.167873
97 0.149102 0.0090409 0.140061 0.158143
98 0.145745 0.01358 0.132165 0.159325
99 0.14737 0.0120606 0.135309 0.15943
100 0.146985 0.0122014 0.134784 0.159186
101 0.144419 0.0075103 0.136909 0.151929
102 0.142666 0.00537622 0.137289 0.148042
103 0.141212 0.00276689 0.138445 0.143978
104 0.144419 0.00230736 0.142112 0.146726
105 0.144868 0.00543622 0.139432 0.150304
106 0.146087 0.00569183 0.140395 0.151779
107 0.146322 0.00546876 0.140853 0.151791
108 0.143286 0.00526289 0.138023 0.148549
109 0.14273 0.00524967 0.13748 0.147979
110 0.148332 0.0166929 0.131639 0.165025
111 0.149829 0.0214593 0.12837 0.171288
112 0.156073 0.0177636 0.138309 0.173836
113 0.151646 0.0102934 0.141353 0.16194
114 0.145488 0.00487901 0.140609 0.150367
115 0.152331 0.0270184 0.125312 0.179349
116 0.149166 0.0143086 0.134857 0.163475
117 0.148418 0.00931412 0.139103 0.157732
118 0.147969 0.00569118 0.142277 0.15366
119 0.147477 0.00778904 0.139688 0.155266
120 0.148589 0.00765785 0.140931 0.156246
121 0.151817 0.0175344 0.134283 0.169352
122 0.153165 0.0222246 0.13094 0.175389
123 0.153229 0.0295624 0.123666 0.182791
124 0.145317 0.00223283 0.143084 0.14755
125 0.151967 0.0185911 0.133376 0.170558
126 0.153122 0.0187952 0.134327 0.171917
127 0.148247 0.010152 0.138095 0.158398
128 0.146343 0.00552255 0.140821 0.151866
129 0.150192 0.0148049 0.135387 0.164997
130 0.144312 0.00448217 0.13983 0.148794
131 0.147584 0.0163132 0.13127 0.163897
132 0.148247 0.0103137 0.137933 0.15856
133 0.148375 0.0151335 0.133241 0.163508
134 0.146386 0.00862241 0.137764 0.155009
135 0.143949 0.00310867 0.14084 0.147057
136 0.145552 0.00659514 0.138957 0.152147
137 0.144526 0.00478988 0.139736 0.149316
138 0.144333 0.00472263 0.139611 0.149056
139 0.14474 0.00745209 0.137288 0.152192
140 0.145082 0.00632275 0.138759 0.151405
141 0.145018 0.0056345 0.139383 0.150652
142 0.147755 0.00995757 0.137797 0.157712
143 0.149615 0.0155917 0.134023 0.165207
144 0.149872 0.0146539 0.135218 0.164526
145 0.147519 0.0127757 0.134744 0.160295
146 0.148888 0.0143371 0.134551 0.163225
147 0.150577 0.0308952 0.119682 0.181472
148 0.147519 0.0131711 0.134348 0.160691
149 0.147797 0.0127534 0.135044 0.160551
150 0.144398 0.00524862 0.139149 0.149646
151 0.150192 0.0227429 0.127449 0.172935
152 0.146835 0.0115501 0.135285 0.158385
153 0.152587 0.0175836 0.135004 0.170171
154 0.155538 0.0280259 0.127512 0.183564
155 0.147006 0.0108205 0.136186 0.157827
156 0.151817 0.0235944 0.128223 0.175412
157 0.144633 0.00536294 0.13927 0.149996
158 0.146194 0.00922017 0.136974 0.155414
159 0.144611 0.00499144 0.13962 0.149603
160 0.147284 0.00777979 0.139504 0.155064
161 0.145937 0.00739963 0.138538 0.153337
162 0.160991 0.0443291 0.116661 0.20532
163 0.152758 0.0237464 0.129012 0.176505
164 0.148375 0.0115478 0.136827 0.159923
165 0.155538 0.0456877 0.10985 0.201226
166 0.153314 0.01917 0.134144 0.172484
167 0.149102 0.0147242 0.134378 0.163826
168 0.145232 0.00479546 0.140436 0.150027
169 0.145766 0.00737413 0.138392 0.15314
170 0.145253 0.00500059 0.140252 0.150254
171 0.144783 0.00461684 0.140166 0.149399
172 0.151368 0.0135759 0.137792 0.164944
173 0.15047 0.011957 0.138513 0.162427
174 0.148118 0.0101601 0.137958 0.158278
175 0.147947 0.0115391 0.136408 0.159486
176 0.146258 0.00710216 0.139156 0.15336
177 0.147648 0.00908993 0.138558 0.156738
178 0.144932 0.0049132 0.140019 0.149845
179 0.144804 0.00491412 0.13989 0.149718
180 0.14506 0.00539862 0.139662 0.150459
181 0.146921 0.0120044 0.134916 0.158925
182 0.1531 0.0363313 0.116769 0.189432
183 0.146237 0.00740037 0.138836 0.153637
184 0.151026 0.0188974 0.132129 0.169924
185 0.148503 0.0134204 0.135083 0.161923
186 0.144291 0.00512722 0.139163 0.149418
187 0.143906 0.00349397 0.140412 0.1474
188 0.144333 0.00459505 0.139738 0.148929
189 0.144526 0.00479941 0.139726 0.149325
190 0.148952 0.0206655 0.128287 0.169618
191 0.147199 0.0105542 0.136645 0.157753
192 0.14613 0.00633175 0.139798 0.152461
193 0.150663 0.0164044 0.134258 0.167067
194 0.147969 0.0114935 0.136475 0.159462
195 0.146664 0.00758587 0.139078 0.15425
196 0.151689 0.0100121 0.141677 0.161701
197 0.148353 0.00533952 0.143014 0.153693
198 0.147712 0.012631 0.135081 0.160343
199 0.139351 0.008174 0.131177 0.147525
200 0.143927 0.0249787 0.118949 0.168906
201 0.140634 0.0125371 0.128097 0.153171
202 0.137833 0.00476811 0.133065 0.142601
203 0.137812 0.00264965 0.135162 0.140461
204 0.140827 0.0100295 0.130797 0.150856
205 0.141318 0.0109954 0.130323 0.152314
206 0.138539 0.00480893 0.13373 0.143348
207 0.138047 0.00470342 0.133344 0.14275
208 0.138859 0.00537571 0.133484 0.144235
209 0.138731 0.00888082 0.12985 0.147612
210 0.142323 0.0152281 0.127095 0.157552
211 0.138902 0.00572419 0.133178 0.144626
212 0.144611 0.0244075 0.120204 0.169019
213 0.138389 0.00524361 0.133145 0.143633
214 0.142965 0.0136716 0.129293 0.156637
215 0.145959 0.0183877 0.127571 0.164346
216 0.138197 0.00610255 0.132094 0.144299
217 0.138132 0.00616624 0.131966 0.144299
218 0.137726 0.00686979 0.130856 0.144596
219 0.135588 0.0106935 0.124894 0.146281
220 0.136187 0.00815742 0.128029 0.144344
221 0.1367 0.0121519 0.124548 0.148852
222 0.133877 0.00459102 0.129286 0.138468
223 0.132958 0.000926148 0.132032 0.133884
224 0.134433 0.00474345 0.12969 0.139177
225 0.138774 0.0126513 0.126123 0.151425
226 0.134583 0.00494325 0.12964 0.139526
227 0.134241 0.00555276 0.128688 0.139794
228 0.135374 0.00699901 0.128375 0.142373
229 0.13578 0.0089955 0.126785 0.144776
230 0.13593 0.0079471 0.127983 0.143877
231 0.144419 0.0115119 0.132907 0.155931
232 0.145531 0.0152991 0.130232 0.16083
233 0.141062 0.00736792 0.133694 0.14843
234 0.140121 0.00462238 0.135499 0.144743
235 0.14397 0.0119286 0.132041 0.155899
236 0.139779 0.0033023 0.136477 0.143081
237 0.143414 0.0117448 0.131669 0.155159
238 0.141789 0.0109144 0.130875 0.152703
239 0.142046 0.0113117 0.130734 0.153357
240 0.141703 0.00909133 0.132612 0.150795
241 0.143179 0.0152197 0.127959 0.158399
242 0.13871 0.00558949 0.13312 0.144299
243 0.140164 0.00856365 0.1316 0.148727
244 0.138988 0.00450968 0.134478 0.143497
245 0.144376 0.0152951 0.129081 0.159671
246 0.1398 0.00472921 0.135071 0.14453
247 0.142559 0.00935409 0.133205 0.151913
248 0.144333 0.0129223 0.131411 0.157256
249 0.140399 0.00845211 0.131947 0.148851
250 0.140891 0.00705108 0.13384 0.147942
251 0.150428 0.0447928 0.105635 0.19522
252 0.142623 0.00950462 0.133118 0.152127
253 0.140228 0.00961976 0.130608 0.149848
254 0.138966 0.00492356 0.134043 0.14389
255 0.139629 0.00468765 0.134942 0.144317
256 0.142024 0.00896434 0.13306 0.150988
257 0.144376 0.0160649 0.128311 0.160441
258 0.142131 0.00978692 0.132344 0.151918
259 0.14134 0.0114461 0.129894 0.152786
260 0.140399 0.00617824 0.134221 0.146577
261 0.140805 0.00988509 0.13092 0.15069
262 0.140955 0.00940004 0.131555 0.150355
263 0.141105 0.0109671 0.130138 0.152072
264 0.140356 0.00739187 0.132964 0.147748
265 0.145018 0.0149776 0.13004 0.159995
266 0.143243 0.0124023 0.130841 0.155645
267 0.140805 0.00876627 0.132039 0.149572
268 0.140827 0.00727654 0.13355 0.148103
269 0.139864 0.00513983 0.134725 0.145004
270 0.143927 0.0113312 0.132596 0.155258
271 0.145253 0.0142815 0.130971 0.159534
272 0.142281 0.00980263 0.132478 0.152083
273 0.140955 0.00821208 0.132743 0.149167
274 0.142409 0.0118399 0.130569 0.154249
275 0.143157 0.0108551 0.132302 0.154012
276 0.1398 0.00512098 0.134679 0.144921
277 0.140164 0.00553953 0.134624 0.145703
278 0.133129 0.00468492 0.128444 0.137814
279 0.138881 0.0146436 0.124237 0.153524
280 0.138432 0.0155728 0.122859 0.154005
281 0.137427 0.0125086 0.124918 0.149935
282 0.136593 0.00973082 0.126862 0.146324
283 0.132958 0.00423983 0.128718 0.137198
284 0.133578 0.00606648 0.127511 0.139644
285 0.133257 0.00551558 0.127742 0.138773
286 0.139223 0.0197076 0.119515 0.158931
287 0.134519 0.0111678 0.123351 0.145687
288 0.133899 0.00521125 0.128687 0.13911
289 0.13315 0.00472026 0.12843 0.137871
290 0.135673 0.00974722 0.125926 0.145421
291 0.132958 0.00501086 0.127947 0.137969
292 0.138924 0.015426 0.123498 0.15435
293 0.13454 0.00715015 0.12739 0.14169
294 0.133193 0.00551073 0.127682 0.138704
295 0.132124 0.0121189 0.120005 0.144243
296 0.131504 0.0090573 0.122447 0.140561
297 0.139993 0.0118324 0.12816 0.151825
298 0.136101 0.00526359 0.130838 0.141365
299 0.135588 0.004595 0.130993 0.140183
300 0.138368 0.00828975 0.130078 0.146657
301 0.143457 0.0213028 0.122154 0.16476
302 0.139822 0.00953534 0.130286 0.149357
303 0.138624 0.00856407 0.13006 0.147188
304 0.142965 0.0261514 0.116814 0.169116
305 0.138817 0.00830619 0.130511 0.147123
306 0.139929 0.00866737 0.131261 0.148596
307 0.136721 0.00495434 0.131767 0.141676
308 0.142794 0.00464335 0.138151 0.147437
309 0.141981 0.00511937 0.136862 0.147101
310 0.1435 0.010593 0.132907 0.154092
311 0.142495 0.0139527 0.128542 0.156447
312 0.145638 0.0222691 0.123369 0.167907
313 0.147477 0.0315953 0.115881 0.179072
314 0.139864 0.00508077 0.134784 0.144945
315 0.143008 0.0118418 0.131166 0.15485
316 0.145574 0.0268424 0.118731 0.172416
317 0.13948 0.00484832 0.134631 0.144328
318 0.141447 0.0089398 0.132507 0.150387
319 0.139587 0.00482777 0.134759 0.144414
320 0.133685 0.00466987 0.129015 0.138355
321 0.135524 0.0106981 0.124826 0.146222
322 0.132637 0.00469696 0.12794 0.137334
323 0.134433 0.00939798 0.125035 0.143831
324 0.134733 0.00871144 0.126021 0.143444
325 0.133984 0.0075249 0.126459 0.141509
326 0.132787 0.00418687 0.1286 0.136974
327 0.134476 0.0115082 0.122968 0.145984
328 0.139843 0.0196703 0.120173 0.159513
329 0.132594 0.0054001 0.127194 0.137994
330 0.132017 0.00510345 0.126914 0.13712
331 0.133214 0.00612682 0.127088 0.139341
332 0.136743 0.0115995 0.125143 0.148342
333 0.137363 0.0145079 0.122855 0.151871
334 0.134113 0.0128178 0.121295 0.14693
335 0.134048 0.00824662 0.125802 0.142295
336 0.135502 0.0126142 0.122888 0.148117
337 0.136593 0.0122218 0.124371 0.148815
338 0.132316 0.00575732 0.126559 0.138074
339 0.131739 0.00502285 0.126716 0.136762
340 0.133129 0.00897576 0.124153 0.142105
341 0.131867 0.00576823 0.126099 0.137636
342 0.135695 0.0131291 0.122566 0.148824
343 0.133877 0.00863765 0.12524 0.142515
344 0.133257 0.00713479 0.126122 0.140392
345 0.135395 0.0193664 0.116029 0.154762
346 0.13144 0.00465 0.12679 0.13609
347 0.1367 0.0137525 0.122947 0.150452
348 0.133471 0.0124122 0.121059 0.145883
349 0.131033 0.00478591 0.126247 0.135819
350 0.131675 0.00549815 0.126177 0.137173
351 0.134925 0.0143015 0.120624 0.149227
352 0.135845 0.0131341 0.12271 0.148979
353 0.131311 0.00496056 0.126351 0.136272
354 0.132316 0.00718714 0.125129 0.139504
355 0.134882 0.0150443 0.119838 0.149927
356 0.136807 0.0173197 0.119487 0.154126
357 0.133386 0.0106459 0.12274 0.144031
358 0.135096 0.00914312 0.125953 0.144239
359 0.131418 0.00562346 0.125795 0.137042
360 0.131867 0.00502612 0.126841 0.136893
361 0.136016 0.019046 0.11697 0.155062
362 0.137085 0.0119892 0.125096 0.149074
363 0.148418 0.0376255 0.110792 0.186043
364 0.135353 0.0111801 0.124173 0.146533
365 0.133749 0.00628358 0.127465 0.140033
366 0.134476 0.00975341 0.124723 0.144229
367 0.134968 0.00709623 0.127872 0.142064
368 0.133835 0.00804795 0.125787 0.141882
369 0.133108 0.00477726 0.12833 0.137885
370 0.135182 0.00941608 0.125766 0.144598
371 0.132103 0.0030687 0.129034 0.135171
372 0.132402 0.00409165 0.12831 0.136494
373 0.135973 0.011012 0.124961 0.146985
374 0.135631 0.0117991 0.123832 0.14743
375 0.137705 0.0158826 0.121822 0.153587
376 0.133642 0.00685116 0.126791 0.140493
377 0.135118 0.0136993 0.121418 0.148817
378 0.137448 0.022566 0.114882 0.160014
379 0.132316 0.00457091 0.127745 0.136887
380 0.136892 0.0215365 0.115356 0.158429
381 0.133086 0.006254 0.126832 0.13934
382 0.132017 0.00504397 0.126973 0.137061
383 0.139758 0.0180243 0.121733 0.157782
384 0.132723 0.00508221 0.12764 0.137805
385 0.132958 0.00546813 0.12749 0.138426
386 0.133428 0.00671704 0.126711 0.140145
387 0.136978 0.0128617 0.124116 0.14984
388 0.146151 0.0418503 0.104301 0.188001
389 0.133279 0.00703785 0.126241 0.140316
390 0.132851 0.0049269 0.127924 0.137778
391 0.133214 0.00535423 0.12786 0.138569
392 0.136956 0.0083572 0.128599 0.145314
393 0.137063 0.0102249 0.126838 0.147288
394 0.132295 0.00506419 0.127231 0.137359
395 0.133599 0.00898115 0.124618 0.14258
396 0.13809 0.00430404 0.133786 0.142394
397 0.145937 0.0290902 0.116847 0.175027
398 0.140741 0.0108559 0.129885 0.151597
399 0.141169 0.0141171 0.127052 0.155286
400 0.14444 0.0149415 0.129499 0.159382
401 0.140784 0.0080855 0.132698 0.148869
402 0.144783 0.0148227 0.12996 0.159605
403 0.142174 0.0140792 0.128095 0.156253
404 0.139522 0.00579133 0.133731 0.145314
405 0.13918 0.00723922 0.131941 0.146419
406 0.141939 0.0193274 0.122611 0.161266
407 0.140805 0.0122184 0.128587 0.153024
408 0.137705 0.00407059 0.133634 0.141775
409 0.138389 0.00548733 0.132902 0.143876
410 0.133578 0.0108941 0.122684 0.144472
411 0.139971 0.0215294 0.118442 0.161501
412 0.133364 0.00989286 0.123471 0.143257
413 0.130841 0.00511843 0.125723 0.135959
414 0.130734 0.00534329 0.125391 0.136077
415 0.129943 0.00210063 0.127842 0.132044
416 0.127398 0.00222586 0.125172 0.129624
417 0.131589 0.0135223 0.118067 0.145112
418 0.126671 0.00216209 0.124509 0.128833
419 0.134818 0.0218802 0.112938 0.156698
420 0.127869 0.0069288 0.12094 0.134798
421 0.127398 0.00493547 0.122463 0.132334
422 0.132744 0.0118634 0.120881 0.144607
423 0.127869 0.00499094 0.122878 0.13286
424 0.140613 0.0515452 0.0890677 0.192158
425 0.128361 0.0054133 0.122947 0.133774
426 0.12712 0.00351842 0.123602 0.130639
427 0.134968 0.00596483 0.129003 0.140933
428 0.133172 0.00676641 0.126405 0.139938
429 0.134305 0.00565164 0.128653 0.139957
430 0.13779 0.0148191 0.122971 0.152609
431 0.133321 0.00485699 0.128464 0.138178
432 0.139223 0.0198951 0.119328 0.159118
433 0.13608 0.0100836 0.125996 0.146163
434 0.135866 0.011245 0.124621 0.147111
435 0.13439 0.0114583 0.122932 0.145849
436 0.131739 0.00460296 0.127136 0.136342
437 0.131782 0.00459659 0.127185 0.136378
438 0.133364 0.00801927 0.125345 0.141383
439 0.131376 0.00449872 0.126877 0.135874
440 0.134754 0.0127143 0.12204 0.147468
441 0.135118 0.0132921 0.121825 0.14841
442 0.135353 0.0130701 0.122283 0.148423
443 0.135866 0.00867317 0.127193 0.144539
444 0.134369 0.00694672 0.127422 0.141316
445 0.132808 0.00483359 0.127975 0.137642
446 0.132979 0.00505913 0.12792 0.138038
447 0.134027 0.0068936 0.127133 0.140921
448 0.134305 0.00815518 0.12615 0.14246
449 0.132787 0.00467984 0.128107 0.137467
450 0.140485 0.0110576 0.129427 0.151542
451 0.147391 0.0294518 0.117939 0.176843
452 0.140314 0.00670873 0.133605 0.147022
453 0.142858 0.0123365 0.130522 0.155195
454 0.140784 0.00505212 0.135732 0.145836
455 0.140827 0.00479679 0.13603 0.145623
456 0.140292 0.00526289 0.135029 0.145555
457 0.143564 0.0108713 0.132692 0.154435
458 0.135417 0.0110384 0.124379 0.146455
459 0.133086 0.00546763 0.127619 0.138554
460 0.132594 0.00482222 0.127772 0.137417
461 0.132915 0.00503035 0.127885 0.137945
462 0.144954 0.0378426 0.107111 0.182796
463 0.1364 0.00995294 0.126448 0.146353
464 0.138218 0.0139094 0.124309 0.152127
465 0.13779 0.0117528 0.126038 0.149543
466 0.139244 0.0141491 0.125095 0.153393
467 0.13484 0.00854464 0.126295 0.143384
468 0.145702 0.028786 0.116916 0.174488
469 0.134946 0.00654531 0.128401 0.141492
470 0.13516 0.00708601 0.128074 0.142246
471 0.134219 0.00500425 0.129215 0.139224
472 0.133663 0.00433701 0.129326 0.138
473 0.136892 0.011009 0.125883 0.147901
474 0.136914 0.0130853 0.123828 0.149999
475 0.133386 0.00242635 0.130959 0.135812
476 0.136101 0.00815787 0.127943 0.144259
477 0.136229 0.0109879 0.125242 0.147217
478 0.134711 0.00544819 0.129263 0.140159
479 0.132958 0.00238837 0.130569 0.135346
480 0.13578 0.00876797 0.127012 0.144548
481 0.135438 0.00879566 0.126643 0.144234
482 0.134861 0.00776788 0.127093 0.142629
483 0.133984 0.00512133 0.128863 0.139106
484 0.136828 0.0133969 0.123431 0.150225
485 0.138881 0.0168584 0.122022 0.155739
486 0.133471 0.00473308 0.128738 0.138204
487 0.139031 0.0210395 0.117991 0.16007
488 0.136187 0.015403 0.120784 0.15159
489 0.133407 0.00476883 0.128638 0.138176
490 0.133492 0.00512522 0.128367 0.138618
491 0.130007 0.00511222 0.124895 0.135119
492 0.129601 0.00480512 0.124796 0.134406
493 0.139843 0.0133165 0.126527 0.15316
494 0.138004 0.00940947 0.128595 0.147414
495 0.139522 0.00940245 0.13012 0.148925
496 0.141853 0.0149092 0.126944 0.156762
497 0.136251 0.00537962 0.130871 0.14163
498 0.137063 0.0074705 0.129593 0.144534
499 0.141468 0.0165025 0.124966 0.157971
500 0.136229 0.004474 0.131755 0.140703
501 0.14072 0.0114396 0.12928 0.152159
502 0.138539 0.00987732 0.128661 0.148416
503 0.136187 0.00289253 0.133294 0.139079
504 0.139052 0.0114873 0.127565 0.150539
505 0.143628 0.00631609 0.137312 0.149944
506 0.144868 0.0131067 0.131761 0.157975
507 0.141297 0.00928848 0.132009 0.150586
508 0.139052 0.00468721 0.134365 0.143739
509 0.140698 0.00746622 0.133232 0.148165
510 0.14149 0.0101141 0.131375 0.151604
511 0.140763 0.00874998 0.132013 0.149513
512 0.139266 0.00490271 0.134363 0.144168
513 0.139159 0.00503544 0.134123 0.144194
514 0.141361 0.0104452 0.130916 0.151806
515 0.141768 0.0104119 0.131356 0.152179
516 0.137833 0.0131305 0.124703 0.150964
517 0.135053 0.0138064 0.121247 0.14886
518 0.136058 0.0128945 0.123164 0.148953
519 0.133835 0.00972242 0.124112 0.143557
520 0.140591 0.0217532 0.118838 0.162345
521 0.13283 0.00519983 0.12763 0.138029
522 0.134027 0.00930028 0.124727 0.143327
523 0.131803 0.00484516 0.126958 0.136648
524 0.133749 0.0106964 0.123053 0.144445
525 0.134904 0.0125911 0.122313 0.147495
526 0.142879 0.0213874 0.121492 0.164267
527 0.135609 0.0108568 0.124753 0.146466
528 0.131803 0.00298318 0.12882 0.134786
529 0.132359 0.00556034 0.126799 0.137919
530 0.131675 0.00480593 0.126869 0.136481
531 0.133386 0.00915411 0.124231 0.14254
532 0.140207 0.0402614 0.0999452 0.180468
533 0.134155 0.00801564 0.12614 0.142171
534 0.134668 0.0113356 0.123333 0.146004
535 0.135417 0.0155088 0.119908 0.150926
536 0.133492 0.00674187 0.126751 0.140234
537 0.140335 0.0267506 0.113584 0.167085
538 0.133899 0.00985176 0.124047 0.14375
539 0.132124 0.00550409 0.12662 0.137628
540 0.134198 0.0116982 0.1225 0.145896
541 0.131482 0.0046876 0.126795 0.13617
542 0.134604 0.0094809 0.125123 0.144085
543 0.131589 0.00475082 0.126839 0.13634
544 0.132231 0.00486776 0.127363 0.137099
545 0.133086 0.00668648 0.1264 0.139773
546 0.131654 0.0046794 0.126974 0.136333
547 0.135759 0.0122323 0.123527 0.147991
548 0.133065 0.00713719 0.125928 0.140202
549 0.132274 0.00512312 0.12715 0.137397
550 0.131867 0.00477994 0.127087 0.136647
551 0.134134 0.00892383 0.12521 0.143058
552 0.141682 0.0274613 0.114221 0.169143
553 0.134861 0.0111709 0.12369 0.146032
554 0.132765 0.00611333 0.126652 0.138879
555 0.142217 0.0391234 0.103093 0.18134
556 0.131931 0.00433284 0.127599 0.136264
557 0.132017 0.00479489 0.127222 0.136812
558 0.134733 0.0121791 0.122553 0.146912
559 0.1333 0.00835198 0.124948 0.141652
560 0.134048 0.011821 0.122227 0.145869
561 0.131568 0.00512165 0.126446 0.13669
562 0.131632 0.00454523 0.127087 0.136177
563 0.134647 0.010327 0.12432 0.144974
564 0.134562 0.0133824 0.121179 0.147944
565 0.132744 0.00751554 0.125228 0.14026
566 0.132274 0.00505845 0.127215 0.137332
567 0.132295 0.00532645 0.126969 0.137621
568 0.138795 0.0177492 0.121046 0.156545
569 0.132274 0.00472767 0.127546 0.137001
570 0.132509 0.00492133 0.127587 0.13743
571 0.136914 0.0143912 0.122522 0.151305
572 0.134754 0.00833971 0.126414 0.143094
573 0.135118 0.011046 0.124072 0.146163
574 0.138047 0.0140968 0.12395 0.152144
575 0.135802 0.0131725 0.122629 0.148974
576 0.137085 0.01488 0.122205 0.151965
577 0.137277 0.0144842 0.122793 0.151761
578 0.134177 0.00797192 0.126205 0.142149
579 0.13439 0.0108736 0.123517 0.145264
580 0.133535 0.00674133 0.126794 0.140277
581 0.13484 0.00969192 0.125148 0.144531
582 0.135823 0.0120424 0.123781 0.147866
583 0.136315 0.0122513 0.124064 0.148566
584 0.135738 0.0115057 0.124232 0.147243
585 0.133022 0.00592649 0.127096 0.138948
586 0.133321 0.00582596 0.127495 0.139147
587 0.133193 0.00457705 0.128616 0.13777
588 0.137341 0.0111176 0.126224 0.148459
589 0.136572 0.00763848 0.128933 0.14421
590 0.138688 0.0162571 0.122431 0.154946
591 0.132808 0.00476691 0.128041 0.137575
592 0.136122 0.0119316 0.124191 0.148054
593 0.140784 0.00956227 0.131222 0.150346
594 0.141083 0.00998636 0.131097 0.15107
595 0.137897 0.00546407 0.132433 0.143361
596 0.140763 0.0145209 0.126242 0.155283
597 0.141383 0.0156923 0.12569 0.157075
598 0.137427 0.00457466 0.132852 0.142001
599 0.137405 0.00479107 0.132614 0.142197
600 0.137812 0.00695366 0.130858 0.144765
601 0.141041 0.0103891 0.130651 0.15143
602 0.139886 0.0115664 0.128319 0.151452
603 0.138389 0.00780209 0.130587 0.146191
604 0.139843 0.0108181 0.129025 0.150661
605 0.139929 0.0116559 0.128273 0.151585
606 0.141618 0.0130818 0.128536 0.1547
607 0.129708 0.000429785 0.129278 0.130137
608 0.131461 0.0047205 0.126741 0.136182
609 0.134412 0.0126344 0.121778 0.147046
610 0.133514 0.0085334 0.12498 0.142047
611 0.13176 0.00414384 0.127617 0.135904
612 0.133386 0.0131679 0.120218 0.146553
613 0.128147 0.00461248 0.123534 0.132759
614 0.130349 0.012704 0.117645 0.143053
615 0.127634 0.00454699 0.123087 0.132181
616 0.129045 0.00592093 0.123124 0.134966
617 0.127933 0.00594775 0.121985 0.133881
618 0.127035 0.00245473 0.12458 0.12949
619 0.129259 0.0084367 0.120822 0.137695
620 0.128639 0.00855588 0.120083 0.137194
621 0.129323 0.00611771 0.123205 0.13544
622 0.129558 0.00652152 0.123036 0.13608
623 0.135909 0.00857082 0.127338 0.144479
624 0.135096 0.0109148 0.124181 0.146011
625 0.132701 0.00581218 0.126889 0.138513
626 0.13484 0.00777826 0.127061 0.142618
627 0.135139 0.010033 0.125106 0.145172
628 0.134604 0.0103054 0.124299 0.14491
629 0.132252 0.0046708 0.127581 0.136923
630 0.132723 0.00496572 0.127757 0.137688
631 0.131718 0.00459804 0.12712 0.136316
632 0.134925 0.0137026 0.121222 0.148628
633 0.136657 0.0114253 0.125232 0.148082
634 0.132274 0.00539778 0.126876 0.137671
635 0.136058 0.0138749 0.122183 0.149933
636 0.136187 0.0139467 0.12224 0.150133
637 0.133621 0.00885305 0.124768 0.142474
638 0.131867 0.00475692 0.12711 0.136624
639 0.132936 0.00971565 0.123221 0.142652
640 0.132103 0.00472728 0.127375 0.13683
641 0.134583 0.0117734 0.12281 0.146356
642 0.132103 0.00529999 0.126803 0.137403
643 0.140356 0.00850657 0.13185 0.148863
644 0.14072 0.0128449 0.127875 0.153565
645 0.146515 0.0171075 0.129407 0.163622
646 0.142088 0.00969643 0.132392 0.151785
647 0.142259 0.00856194 0.133697 0.150821
648 0.148054 0.0376328 0.110421 0.185687
649 0.139929 0.004864 0.135065 0.144793
650 0.142217 0.0158564 0.12636 0.158073
651 0.141297 0.00920442 0.132093 0.150502
652 0.141939 0.00916809 0.132771 0.151107
653 0.142644 0.00982627 0.132818 0.15247
654 0.143585 0.0116011 0.131984 0.155186
655 0.141126 0.00862549 0.132501 0.149752
656 0.144034 0.012327 0.131707 0.156361
657 0.13407 0.0064084 0.127661 0.140478
658 0.133214 0.00497166 0.128243 0.138186
659 0.13377 0.00692167 0.126849 0.140692
660 0.134113 0.00509681 0.129016 0.139209
661 0.134113 0.00527491 0.128838 0.139387
662 0.13717 0.0113983 0.125772 0.148569
663 0.13407 0.00489566 0.129174 0.138965
664 0.133749 0.00507609 0.128673 0.138825
665 0.133428 0.00518504 0.128243 0.138613
666 0.135866 0.00745041 0.128415 0.143316
667 0.135417 0.00849869 0.126918 0.143916
668 0.137234 0.0117031 0.125531 0.148938
669 0.134882 0.0085834 0.126299 0.143466
670 0.13531 0.00763744 0.127673 0.142947
671 0.135887 0.0107203 0.125167 0.146608
672 0.144676 0.0297775 0.114898 0.174453
673 0.134262 0.00488065 0.129382 0.139143
674 0.137106 0.0117612 0.125345 0.148867
675 0.133407 0.00489562 0.128511 0.138303
676 0.133813 0.00474851 0.129065 0.138562
677 0.135438 0.00863513 0.126803 0.144073
678 0.133835 0.00553722 0.128297 0.139372
679 0.139287 0.0179121 0.121375 0.157199
680 0.137106 0.0154527 0.121653 0.152559
681 0.133129 0.00461213 0.128517 0.137741
682 0.133877 0.00573994 0.128137 0.139617
683 0.13546 0.00914709 0.126313 0.144607
684 0.138368 0.014733 0.123635 0.153101
685 0.135053 0.00663155 0.128422 0.141685
686 0.1367 0.0105911 0.126109 0.147291
687 0.136614 0.015255 0.121359 0.151869
688 0.133193 0.0137186 0.119474 0.146912
689 0.137299 0.00908147 0.128217 0.14638
690 0.137555 0.00831706 0.129238 0.145872
691 0.137149 0.00596896 0.13118 0.143118
692 0.14149 0.0236838 0.117806 0.165173
693 0.135524 0.00241502 0.133109 0.137939
694 0.136144 0.00487278 0.131271 0.141017
695 0.137299 0.00457905 0.132719 0.141878
696 0.138239 0.00550309 0.132736 0.143742
697 0.136978 0.00476427 0.132214 0.141742
698 0.139608 0.00963075 0.129977 0.149239
699 0.137897 0.00708343 0.130814 0.144981
700 0.136144 0.00236287 0.133781 0.138507
701 0.143264 0.00446075 0.138804 0.147725
702 0.143286 0.00927476 0.134011 0.15256
703 0.140463 0.00557343 0.13489 0.146037
704 0.146172 0.0128749 0.133297 0.159047
705 0.14412 0.0188192 0.1253 0.162939
706 0.140677 0.00739296 0.133284 0.14807
707 0.141297 0.00934345 0.131954 0.150641
708 0.141383 0.010521 0.130862 0.151904
709 0.138667 0.00236519 0.136302 0.141032
710 0.144825 0.0183559 0.126469 0.163181
711 0.147541 0.0266868 0.120854 0.174228
712 0.141661 0.00891624 0.132744 0.150577
713 0.138539 0.00452279 0.134016 0.143062
714 0.138817 0.00482966 0.133987 0.143646
715 0.140014 0.00770182 0.132312 0.147716
716 0.139736 0.0056765 0.13406 0.145413
717 0.136422 0.0105848 0.125837 0.147007
718 0.133086 0.00512758 0.127959 0.138214
719 0.134305 0.00645387 0.127851 0.140759
720 0.134647 0.00979626 0.124851 0.144443
721 0.13253 0.00905265 0.123478 0.141583
722 0.136507 0.0152707 0.121237 0.151778
723 0.133257 0.00934932 0.123908 0.142607
724 0.13176 0.00457391 0.127187 0.136334
725 0.1333 0.00914331 0.124157 0.142443
726 0.132701 0.00649712 0.126204 0.139198
727 0.133621 0.0108404 0.12278 0.144461
728 0.133386 0.0113815 0.122004 0.144767
729 0.131632 0.00336627 0.128266 0.134998
730 0.132487 0.0051755 0.127312 0.137663
731 0.133941 0.0109513 0.12299 0.144893
732 0.13315 0.00617998 0.12697 0.13933
733 0.132316 0.00752526 0.124791 0.139842
734 0.131098 0.00310889 0.127989 0.134206
735 0.131632 0.00342017 0.128212 0.135052
736 0.135909 0.0160656 0.119843 0.151974
737 0.132124 0.00512736 0.126997 0.137251
738 0.131418 0.0043761 0.127042 0.135794
739 0.133963 0.00866661 0.125296 0.142629
740 0.133043 0.0091631 0.12388 0.142206
741 0.136614 0.0131371 0.123477 0.149751
742 0.136229 0.0123484 0.123881 0.148578
743 0.131376 0.00470537 0.12667 0.136081
744 0.131632 0.00504125 0.126591 0.136673
745 0.131269 0.00291143 0.128357 0.13418
746 0.131718 0.00624581 0.125472 0.137963
747 0.133386 0.00783776 0.125548 0.141223
748 0.133407 0.00735575 0.126051 0.140763
749 0.136807 0.0190102 0.117797 0.155817
750 0.136807 0.0193855 0.117421 0.156192
751 0.135075 0.0157777 0.119297 0.150852
752 0.140185 0.021499 0.118686 0.161684
753 0.137641 0.0123386 0.125302 0.149979
754 0.137042 0.013121 0.123921 0.150163
755 0.131889 0.00495859 0.12693 0.136847
756 0.134647 0.00943876 0.125208 0.144086
757 0.134797 0.0132329 0.121564 0.14803
758 0.131504 0.00486569 0.126638 0.13637
759 0.132359 0.0051771 0.127182 0.137536
760 0.134155 0.0116524 0.122503 0.145808
761 0.132894 0.00668685 0.126207 0.139581
762 0.134134 0.00915249 0.124981 0.143286
763 0.133364 0.00973727 0.123627 0.143101
764 0.132723 0.00492319 0.127799 0.137646
765 0.132616 0.00502726 0.127588 0.137643
766 0.134497 0.0111498 0.123348 0.145647
767 0.134754 0.0113879 0.123366 0.146142
768 0.13439 0.0062763 0.128114 0.140667
769 0.13377 0.00775059 0.12602 0.141521
770 0.132231 0.00470537 0.127525 0.136936
771 0.132466 0.00462159 0.127844 0.137088
772 0.132081 0.00454457 0.127537 0.136626
773 0.135246 0.00888954 0.126356 0.144135
774 0.134583 0.00864572 0.125937 0.143229
775 0.13345 0.00653553 0.126914 0.139985
776 0.133557 0.00948015 0.124076 0.143037
777 0.133364 0.0071436 0.126221 0.140508
778 0.132381 0.00436643 0.128014 0.136747
779 0.132209 0.00511807 0.127091 0.137328
780 0.133321 0.00656123 0.12676 0.139883
781 0.132723 0.00546206 0.127261 0.138185
782 0.135973 0.0106866 0.125286 0.146659
783 0.13747 0.0130322 0.124437 0.150502
784 0.134754 0.00879442 0.12596 0.143548
785 0.140121 0.0192436 0.120877 0.159365
786 0.137448 0.0122255 0.125223 0.149674
787 0.13191 0.00451064 0.127399 0.136421
788 0.133043 0.00902737 0.124016 0.142071
789 0.137726 0.00254616 0.13518 0.140272
790 0.146087 0.0379806 0.108106 0.184067
791 0.140207 0.0137345 0.126472 0.153941
792 0.140121 0.0117603 0.128361 0.151881
793 0.137919 0.00743738 0.130481 0.145356
794 0.137448 0.00507343 0.132375 0.142522
795 0.13948 0.00769692 0.131783 0.147177
796 0.144205 0.0212638 0.122941 0.165469
797 0.132723 0.0071717 0.125551 0.139894
798 0.132509 0.00651844 0.12599 0.139027
799 0.132723 0.00735675 0.125366 0.140079
