# ../output/graphs/perf_parallel27BIPED_thread2
# step - mean (0.0526566) - standard deviation (0.0102938) r=20 - ylow - yhigh
0 0.0637203 0.0246534 0.0390669 0.0883736
1 0.0551031 0.0084165 0.0466866 0.0635196
2 0.0539484 0.00814483 0.0458036 0.0620932
3 0.0549534 0.0112989 0.0436545 0.0662523
4 0.0536063 0.00780191 0.0458044 0.0614082
5 0.053478 0.0077504 0.0457276 0.0612284
6 0.0534566 0.00777457 0.045682 0.0612312
7 0.0536491 0.00795533 0.0456937 0.0616044
8 0.0560867 0.0107146 0.045372 0.0668013
9 0.0548465 0.0092771 0.0455694 0.0641236
10 0.054205 0.009177 0.045028 0.063382
11 0.053756 0.00783911 0.0459168 0.0615951
12 0.0547396 0.00925944 0.0454801 0.063999
13 0.0526013 0.00642051 0.0461808 0.0590218
14 0.0522164 0.0057676 0.0464488 0.057984
15 0.0547396 0.00949447 0.0452451 0.064234
16 0.054205 0.0113153 0.0428897 0.0655203
17 0.053478 0.00886333 0.0446146 0.0623413
18 0.0526013 0.00702185 0.0455795 0.0596232
19 0.0524302 0.00588764 0.0465426 0.0583179
20 0.0537132 0.00739779 0.0463154 0.061111
21 0.0512328 0.00247373 0.0487591 0.0537066
22 0.0505486 0.00117585 0.0493727 0.0517244
23 0.0502492 0.00123575 0.0490135 0.051485
24 0.0505058 0.00113067 0.0493751 0.0516365
25 0.0513611 0.00240363 0.0489575 0.0537647
26 0.0509548 0.00132695 0.0496279 0.0522818
27 0.0511473 0.0024395 0.0487078 0.0535868
28 0.0509548 0.00223557 0.0487193 0.0531904
29 0.0509335 0.0021421 0.0487914 0.0530756
30 0.050463 0.00116334 0.0492997 0.0516264
31 0.0509549 0.00110093 0.0498539 0.0520558
32 0.0522378 0.00312004 0.0491178 0.0553578
33 0.0514039 0.00205808 0.0493458 0.053462
34 0.0515963 0.00365954 0.0479368 0.0552559
35 0.0508265 0.0012192 0.0496073 0.0520457
36 0.0538201 0.00711792 0.0467022 0.060938
37 0.0513184 0.0017424 0.049576 0.0530608
38 0.0508265 0.00131308 0.0495135 0.0521396
39 0.0513611 0.00213784 0.0492233 0.0534989
40 0.0526227 0.00810113 0.0445216 0.0607238
41 0.0521523 0.00620536 0.0459469 0.0583576
42 0.0526655 0.00633053 0.0463349 0.058996
43 0.0523875 0.00626259 0.0461249 0.0586501
44 0.0579897 0.0139512 0.0440385 0.0719409
45 0.0535849 0.00761906 0.0459659 0.061204
46 0.0515108 0.0021993 0.0493115 0.0537101
47 0.0522378 0.00695548 0.0452823 0.0591933
48 0.0516605 0.00229342 0.0493671 0.0539539
49 0.051468 0.00366207 0.0478059 0.0551301
50 0.0533925 0.00971561 0.0436768 0.0631081
51 0.0529434 0.00650903 0.0464344 0.0594524
52 0.0532642 0.00770663 0.0455575 0.0609708
53 0.0499071 0.0054332 0.0444739 0.0553403
54 0.0509976 0.00571181 0.0452858 0.0567094
55 0.0520881 0.00612992 0.0459582 0.058218
56 0.0513398 0.00604258 0.0452972 0.0573823
57 0.050292 0.00557492 0.0447171 0.0558669
58 0.0506769 0.00609085 0.044586 0.0567677
59 0.0505913 0.00617378 0.0444175 0.0567651
60 0.0502706 0.00600617 0.0442644 0.0562768
61 0.0506983 0.00614612 0.0445521 0.0568444
62 0.05119 0.0092269 0.0419631 0.0604169
63 0.0502492 0.0026621 0.0475871 0.0529113
64 0.0513183 0.00604641 0.0452719 0.0573648
65 0.0494795 0.00182493 0.0476545 0.0513044
66 0.0493084 0.00103963 0.0482688 0.050348
67 0.0492014 0.00111088 0.0480906 0.0503123
68 0.050741 0.00555501 0.045186 0.056296
69 0.0505058 0.00564097 0.0448648 0.0561468
70 0.0503561 0.00567648 0.0446796 0.0560326
71 0.0516819 0.0061592 0.0455227 0.0578411
72 0.055937 0.0113876 0.0445494 0.0673246
73 0.0584601 0.0138444 0.0446157 0.0723046
74 0.056215 0.00802744 0.0481875 0.0642424
75 0.0560011 0.00804906 0.0479521 0.0640502
76 0.0574338 0.00855532 0.0488785 0.0659891
77 0.0567495 0.00854568 0.0482039 0.0652952
78 0.0586954 0.0134788 0.0452166 0.0721742
79 0.0575835 0.00956191 0.0480216 0.0671454
80 0.0585884 0.0107434 0.0478451 0.0693318
81 0.0590802 0.0166824 0.0423978 0.0757627
82 0.0582677 0.00980144 0.0484663 0.0680692
83 0.0564716 0.00856529 0.0479063 0.0650369
84 0.0557873 0.00810907 0.0476783 0.0638964
85 0.0558087 0.00676245 0.0490463 0.0625712
86 0.0809119 0.108027 -0.0271148 0.188939
87 0.0553597 0.00657734 0.0487823 0.061937
88 0.0565785 0.00868473 0.0478937 0.0652632
89 0.0554238 0.00599997 0.0494238 0.0614238
90 0.0548679 0.00589958 0.0489683 0.0607675
91 0.0549106 0.00603641 0.0488742 0.0609471
92 0.0548678 0.00655733 0.0483105 0.0614252
93 0.0544188 0.00614968 0.0482691 0.0605685
94 0.053649 0.0021784 0.0514706 0.0558275
95 0.0551458 0.00726566 0.0478802 0.0624115
96 0.0584388 0.01482 0.0436187 0.0732588
97 0.0546754 0.0082197 0.0464557 0.0628951
98 0.0551031 0.0108882 0.0442149 0.0659913
99 0.0544402 0.00859794 0.0458423 0.0630382
100 0.0539912 0.00801764 0.0459735 0.0620088
101 0.0539912 0.00814662 0.0458446 0.0621378
102 0.0539912 0.00801081 0.0459804 0.062002
103 0.0556376 0.00980519 0.0458324 0.0654428
104 0.0593582 0.0151817 0.0441765 0.07454
105 0.0554024 0.00926585 0.0461366 0.0646683
106 0.0583532 0.0112754 0.0470779 0.0696286
107 0.0568992 0.010366 0.0465332 0.0672652
108 0.0580966 0.0144407 0.043656 0.0725373
109 0.0558728 0.00945614 0.0464167 0.065329
110 0.0563433 0.00910397 0.0472393 0.0654472
111 0.05784 0.00975467 0.0480854 0.0675947
112 0.0556162 0.00793349 0.0476828 0.0635497
113 0.0561081 0.0115447 0.0445633 0.0676528
114 0.0553597 0.00775039 0.0476093 0.0631101
115 0.0553169 0.00763365 0.0476833 0.0629506
116 0.054654 0.00766634 0.0469877 0.0623204
117 0.0550817 0.00754489 0.0475368 0.0626266
118 0.0546113 0.00761186 0.0469994 0.0622231
119 0.0544616 0.00579037 0.0486712 0.060252
120 0.0570489 0.0148171 0.0422318 0.071866
121 0.0547609 0.00767094 0.04709 0.0624319
122 0.0571558 0.0106031 0.0465527 0.0677589
123 0.0564929 0.0111296 0.0453633 0.0676225
124 0.0555307 0.00775253 0.0477782 0.0632833
125 0.0547182 0.00763988 0.0470783 0.0623581
126 0.0550817 0.00757515 0.0475066 0.0626568
127 0.0551458 0.0075411 0.0476047 0.0626869
128 0.0586312 0.0118653 0.0467659 0.0704965
129 0.0535849 0.00558098 0.0480039 0.0591659
130 0.0552955 0.00849632 0.0467992 0.0637919
131 0.0567495 0.0124145 0.044335 0.0691641
132 0.0529434 0.00271349 0.0502299 0.0556569
133 0.0555307 0.0139058 0.0416249 0.0694366
134 0.0564288 0.0129088 0.04352 0.0693376
135 0.0551886 0.00764107 0.0475475 0.0628297
136 0.0552741 0.00782834 0.0474458 0.0631025
137 0.0545685 0.0077915 0.046777 0.06236
138 0.0550389 0.00862131 0.0464176 0.0636602
139 0.0570489 0.0124853 0.0445637 0.0695342
140 0.0559584 0.00908929 0.0468691 0.0650477
141 0.0567281 0.0123852 0.044343 0.0691133
142 0.057669 0.00958673 0.0480823 0.0672557
143 0.0570061 0.0104597 0.0465465 0.0674658
144 0.0585885 0.0102628 0.0483257 0.0688512
145 0.0583319 0.0100625 0.0482694 0.0683943
146 0.0581822 0.0126505 0.0455317 0.0708326
147 0.0562577 0.00896385 0.0472939 0.0652216
148 0.0571986 0.00967941 0.0475191 0.066878
149 0.0571772 0.00994611 0.0472311 0.0671233
150 0.0557018 0.0113718 0.04433 0.0670736
151 0.0558515 0.0138142 0.0420373 0.0696656
152 0.0536918 0.00584101 0.0478508 0.0595328
153 0.0536918 0.00563379 0.048058 0.0593256
154 0.0531359 0.00556586 0.04757 0.0587017
155 0.0557232 0.0124777 0.0432455 0.0682009
156 0.0519598 0.00123577 0.050724 0.0531956
157 0.0518529 0.00158794 0.050265 0.0534408
158 0.0516819 0.00125612 0.0504258 0.052938
159 0.0624159 0.0457474 0.0166686 0.108163
160 0.0607481 0.0157916 0.0449565 0.0765397
161 0.0571986 0.00962635 0.0475722 0.0668249
162 0.0563005 0.00991865 0.0463819 0.0662191
163 0.0565143 0.0099518 0.0465625 0.0664661
164 0.0587595 0.00975049 0.049009 0.06851
165 0.0595934 0.0135851 0.0460083 0.0731786
166 0.0633995 0.0226575 0.0407421 0.086057
167 0.0563646 0.010337 0.0460277 0.0667016
168 0.0548251 0.00945259 0.0453725 0.0642777
169 0.0549534 0.00934352 0.0456099 0.0642969
170 0.0547182 0.00932683 0.0453913 0.064045
171 0.0541409 0.00947943 0.0446614 0.0636203
172 0.0580539 0.0106612 0.0473926 0.0687151
173 0.0534994 0.00722328 0.0462761 0.0607227
174 0.0525799 0.00643542 0.0461445 0.0590153
175 0.0519171 0.00586431 0.0460527 0.0577814
176 0.0530076 0.00760269 0.0454049 0.0606103
177 0.0515963 0.00570765 0.0458887 0.057304
178 0.0523233 0.00581085 0.0465125 0.0581342
179 0.0533069 0.00659095 0.046716 0.0598979
180 0.0521095 0.00560091 0.0465086 0.0577104
181 0.052024 0.00569162 0.0463324 0.0577156
182 0.0548679 0.00892976 0.0459381 0.0637976
183 0.053927 0.0100283 0.0438987 0.0639554
184 0.0525585 0.00584008 0.0467185 0.0583986
185 0.051297 0.0021573 0.0491397 0.0534543
186 0.0510831 0.00184177 0.0492414 0.0529249
187 0.0520453 0.00627075 0.0457746 0.0583161
188 0.0507197 0.00120503 0.0495146 0.0519247
189 0.0524516 0.00786497 0.0445866 0.0603166
190 0.0525158 0.00315595 0.0493598 0.0556717
191 0.0530503 0.00603654 0.0470138 0.0590869
192 0.0556163 0.0112737 0.0443425 0.06689
193 0.0522164 0.00581656 0.0463999 0.058033
194 0.0522378 0.00581556 0.0464223 0.0580534
195 0.0539484 0.00734801 0.0466004 0.0612964
196 0.0540339 0.0101303 0.0439036 0.0641643
197 0.0539057 0.00953337 0.0443723 0.063439
198 0.0543974 0.00959754 0.0447999 0.063995
199 0.0549106 0.00892595 0.0459847 0.0638366
200 0.0540981 0.00872925 0.0453688 0.0628273
201 0.0542905 0.00825434 0.0460362 0.0625449
202 0.05521 0.0105864 0.0446236 0.0657964
203 0.0533925 0.00579509 0.0475974 0.0591876
204 0.0522592 0.00561286 0.0466463 0.057872
205 0.0535422 0.00756425 0.0459779 0.0611064
206 0.0561936 0.011629 0.0445646 0.0678226
207 0.0559156 0.0111131 0.0448025 0.0670287
208 0.0543119 0.00788783 0.0464241 0.0621998
209 0.053756 0.0077606 0.0459954 0.0615166
210 0.0514466 0.00217682 0.0492698 0.0536234
211 0.051917 0.00374632 0.0481707 0.0556634
212 0.0512542 0.00189462 0.0493596 0.0531488
213 0.0507624 0.000778045 0.0499844 0.0515405
214 0.0522378 0.00614137 0.0460964 0.0583792
215 0.0504844 0.000708855 0.0497756 0.0511933
216 0.051575 0.00262371 0.0489512 0.0541987
217 0.0509121 0.00115921 0.0497529 0.0520713
218 0.0549534 0.0105679 0.0443855 0.0655213
219 0.0539912 0.0085283 0.0454629 0.0625195
220 0.0534353 0.00839166 0.0450436 0.0618269
221 0.0558301 0.0117433 0.0440867 0.0675734
222 0.0538415 0.00845292 0.0453886 0.0622944
223 0.0570703 0.0106188 0.0464515 0.0676891
224 0.0557232 0.00831572 0.0474074 0.0640389
225 0.0550603 0.00872022 0.0463401 0.0637805
226 0.0573269 0.0155536 0.0417733 0.0728804
227 0.0539484 0.00818626 0.0457621 0.0621347
228 0.0546754 0.00851156 0.0461639 0.063187
229 0.0542478 0.00831045 0.0459373 0.0625582
230 0.0526441 0.00634443 0.0462996 0.0589885
231 0.0513397 0.00177605 0.0495637 0.0531158
232 0.0510831 0.00144692 0.0496362 0.0525301
233 0.0540339 0.0114034 0.0426305 0.0654374
234 0.052751 0.00491015 0.0478408 0.0576611
235 0.0522805 0.00286519 0.0494154 0.0551457
236 0.0517032 0.00134491 0.0503583 0.0530481
237 0.0553383 0.0129737 0.0423645 0.068312
238 0.0552955 0.0110944 0.0442012 0.0663899
239 0.0532856 0.00608171 0.0472038 0.0593673
240 0.0551672 0.0102753 0.044892 0.0654425
241 0.0543761 0.00785564 0.0465204 0.0622317
242 0.0531145 0.00663705 0.0464774 0.0597515
243 0.0527082 0.00649536 0.0462129 0.0592036
244 0.0559584 0.00776548 0.0481929 0.0637239
245 0.0693225 0.0517592 0.0175633 0.121082
246 0.0591872 0.0138565 0.0453307 0.0730436
247 0.0553811 0.00670544 0.0486756 0.0620865
248 0.0551672 0.00647296 0.0486943 0.0616402
249 0.0552955 0.00661562 0.0486799 0.0619111
250 0.0536063 0.00219429 0.051412 0.0558006
251 0.0532642 0.00145324 0.0518109 0.0547174
252 0.053478 0.00146576 0.0520122 0.0549437
253 0.0533069 0.00114172 0.0521652 0.0544487
254 0.0560225 0.0112879 0.0447346 0.0673105
255 0.0548893 0.00598145 0.0489078 0.0608707
256 0.0591872 0.010304 0.0488831 0.0694912
257 0.0565144 0.00766834 0.048846 0.0641827
258 0.0578187 0.00913576 0.0486829 0.0669544
259 0.0549106 0.0064679 0.0484427 0.0613785
260 0.0552741 0.00636885 0.0489053 0.061643
261 0.0551245 0.00635017 0.0487743 0.0614746
262 0.0553383 0.0065925 0.0487458 0.0619308
263 0.0555735 0.00721516 0.0483583 0.0627887
264 0.0553169 0.00653661 0.0487803 0.0618535
265 0.0540126 0.00633028 0.0476823 0.0603429
266 0.0520026 0.00203483 0.0499678 0.0540374
267 0.0526013 0.00522016 0.0473811 0.0578214
268 0.051468 0.001696 0.049772 0.053164
269 0.051746 0.0028173 0.0489287 0.0545633
270 0.051297 0.00127923 0.0500177 0.0525762
271 0.0672484 0.0611388 0.00610963 0.128387
272 0.0528151 0.00603657 0.0467786 0.0588517
273 0.0527938 0.00617286 0.0466209 0.0589666
274 0.0571344 0.0157196 0.0414148 0.072854
275 0.0541195 0.00629605 0.0478234 0.0604155
276 0.0541622 0.00733057 0.0468317 0.0614928
277 0.0530717 0.00598241 0.0470893 0.0590541
278 0.054932 0.00760631 0.0473257 0.0625383
279 0.0537346 0.00599216 0.0477424 0.0597267
280 0.0549748 0.00694521 0.0480296 0.06192
281 0.0543333 0.00650185 0.0478315 0.0608351
282 0.0541836 0.00821395 0.0459697 0.0623976
283 0.0538201 0.00586879 0.0479513 0.0596889
284 0.0538201 0.00710377 0.0467163 0.0609239
285 0.0548465 0.00779559 0.0470509 0.0626421
286 0.0533069 0.00606946 0.0472375 0.0593764
287 0.0532428 0.00669451 0.0465483 0.0599373
288 0.0571558 0.0115579 0.0455979 0.0687137
289 0.0550603 0.00852723 0.0465331 0.0635875
290 0.056215 0.00958883 0.0466261 0.0658038
291 0.0556804 0.00833275 0.0473476 0.0640131
292 0.0552314 0.00827293 0.0469585 0.0635043
293 0.0547823 0.0085988 0.0461835 0.0633811
294 0.0551458 0.0114787 0.0436671 0.0666246
295 0.0523233 0.00818514 0.0441382 0.0605085
296 0.0546327 0.011346 0.0432866 0.0659787
297 0.0522378 0.00650997 0.0457278 0.0587478
298 0.051468 0.00608603 0.045382 0.057554
299 0.0517674 0.00687641 0.044891 0.0586438
300 0.0509549 0.0036345 0.0473204 0.0545894
301 0.0521095 0.00880621 0.0433033 0.0609157
302 0.0507196 0.00467571 0.0460439 0.0553953
303 0.0501637 0.00271517 0.0474485 0.0528789
304 0.049736 0.00131881 0.0484172 0.0510548
305 0.0496505 0.00123872 0.0484118 0.0508892
306 0.0528151 0.0112851 0.04153 0.0641002
307 0.0510404 0.00614731 0.0448931 0.0571877
308 0.0512114 0.00611838 0.045093 0.0573298
309 0.0530931 0.00853515 0.044558 0.0616283
310 0.0512328 0.00599722 0.0452356 0.05723
311 0.0515749 0.00641963 0.0451553 0.0579946
312 0.0509335 0.00593793 0.0449955 0.0568714
313 0.0553383 0.0159495 0.0393888 0.0712877
314 0.0579897 0.0210262 0.0369636 0.0790159
315 0.0531573 0.00800306 0.0451542 0.0611603
316 0.0559156 0.0116247 0.044291 0.0675403
317 0.0542692 0.00995236 0.0443168 0.0642215
318 0.0517888 0.00979027 0.0419985 0.061579
319 0.0517888 0.0102974 0.0414914 0.0620861
320 0.051746 0.00963029 0.0421157 0.0613763
321 0.0509762 0.00923433 0.0417419 0.0602106
322 0.0507196 0.00920738 0.0415123 0.059927
323 0.053478 0.00918756 0.0442904 0.0626656
324 0.0548037 0.0123859 0.0424178 0.0671896
325 0.0538629 0.00934642 0.0445164 0.0632093
326 0.0530076 0.00803426 0.0449733 0.0610418
327 0.0533925 0.00948896 0.0439035 0.0628814
328 0.0563647 0.0141898 0.0421748 0.0705545
329 0.0544616 0.00681466 0.0476469 0.0612763
330 0.0579256 0.0118796 0.046046 0.0698051
331 0.0555307 0.00923104 0.0462997 0.0647618
332 0.054483 0.00846969 0.0460133 0.0629527
333 0.0547182 0.00835235 0.0463658 0.0630705
334 0.0527296 0.0123147 0.0404149 0.0650443
335 0.0513397 0.00809549 0.0432442 0.0594352
336 0.0508479 0.00793396 0.042914 0.0587819
337 0.0506983 0.00794385 0.0427544 0.0586421
338 0.0485172 0.00770544 0.0408118 0.0562226
339 0.0475764 0.00565064 0.0419258 0.053227
340 0.0469135 0.0054918 0.0414217 0.0524053
341 0.0475122 0.00574697 0.0417652 0.0532592
342 0.0496933 0.0100863 0.039607 0.0597795
343 0.0487097 0.00731512 0.0413945 0.0560248
344 0.0467211 0.00287157 0.0438495 0.0495927
345 0.0465714 0.00106398 0.0455074 0.0476354
346 0.0468708 0.00342764 0.0434431 0.0502984
347 0.04655 0.00200712 0.0445429 0.0485571
348 0.0479185 0.00674211 0.0411764 0.0546606
349 0.0463576 0.00136177 0.0449958 0.0477193
350 0.0483248 0.00603582 0.0422889 0.0543606
351 0.0472984 0.00482583 0.0424726 0.0521242
352 0.049736 0.00844667 0.0412894 0.0581827
353 0.0462934 0.00111417 0.0451793 0.0474076
354 0.0459085 0.00129906 0.0446095 0.0472076
355 0.0457803 0.000827873 0.0449524 0.0466081
356 0.0521737 0.0176931 0.0344805 0.0698668
357 0.0496719 0.00555666 0.0441152 0.0552285
358 0.0509121 0.00610583 0.0448062 0.0570179
359 0.0511901 0.00577585 0.0454142 0.0569659
360 0.0503775 0.00568407 0.0446935 0.0560616
361 0.0497147 0.00579131 0.0439233 0.055506
362 0.0522806 0.00807558 0.044205 0.0603562
363 0.0519812 0.00863655 0.0433447 0.0606178
364 0.0516818 0.00836746 0.0433144 0.0600493
365 0.0512756 0.0084432 0.0428324 0.0597188
366 0.0512756 0.00833748 0.0429381 0.059613
367 0.0527082 0.00836807 0.0443401 0.0610763
368 0.0527082 0.0100465 0.0426617 0.0627548
369 0.0509548 0.00765163 0.0433032 0.0586065
370 0.0505486 0.00704733 0.0435013 0.0575959
371 0.0499499 0.00657752 0.0433723 0.0565274
372 0.0501209 0.00679497 0.043326 0.0569159
373 0.0497788 0.00651157 0.0432672 0.0562904
374 0.0495222 0.00597736 0.0435448 0.0554996
375 0.0518101 0.00956859 0.0422415 0.0613787
376 0.0489662 0.00201722 0.046949 0.0509835
377 0.0511473 0.00841771 0.0427296 0.059565
378 0.0490732 0.00240734 0.0466658 0.0514805
379 0.0487952 0.00183889 0.0469563 0.0506341
380 0.0488807 0.00230735 0.0465734 0.0511881
381 0.0473412 0.00339196 0.0439492 0.0507331
382 0.0475122 0.00386996 0.0436423 0.0513822
383 0.0462934 0.000945431 0.045348 0.0472388
384 0.0483676 0.00329015 0.0450774 0.0516577
385 0.0471274 0.00170312 0.0454242 0.0488305
386 0.0461224 0.00091994 0.0452024 0.0470423
387 0.0462507 0.000977763 0.0452729 0.0472284
388 0.0470846 0.00451958 0.042565 0.0516042
389 0.0464859 0.00105708 0.0454288 0.0475429
390 0.0462293 0.000798924 0.0454304 0.0470282
391 0.0481751 0.00668463 0.0414905 0.0548597
392 0.0483889 0.00787424 0.0405147 0.0562632
393 0.0497574 0.00822638 0.041531 0.0579838
394 0.0481751 0.00602563 0.0421495 0.0542007
395 0.0496933 0.00853227 0.041161 0.0582256
396 0.0489449 0.00611183 0.042833 0.0550567
397 0.0479399 0.0059456 0.0419943 0.0538855
398 0.0514894 0.0127038 0.0387856 0.0641932
399 0.0522592 0.010282 0.0419772 0.0625412
400 0.0508052 0.00965643 0.0411487 0.0604616
401 0.0521309 0.010979 0.0411518 0.0631099
402 0.052024 0.0106083 0.0414157 0.0626323
403 0.0520453 0.0102129 0.0418325 0.0622582
404 0.0507624 0.00976051 0.0410019 0.0605229
405 0.0508907 0.00953196 0.0413587 0.0604227
406 0.0506555 0.00918457 0.0414709 0.0598401
407 0.0531572 0.00966636 0.0434909 0.0628236
408 0.0536704 0.00966769 0.0440027 0.0633381
409 0.0535849 0.0115736 0.0420113 0.0651585
410 0.0548465 0.014766 0.0400804 0.0696125
411 0.0535421 0.0100527 0.0434895 0.0635948
412 0.0551031 0.0087332 0.0463699 0.0638363
413 0.0530503 0.00613122 0.0469191 0.0591816
414 0.0519171 0.00393903 0.047978 0.0558561
415 0.051746 0.00235014 0.0493959 0.0540961
416 0.0522805 0.00212484 0.0501557 0.0544054
417 0.0510618 0.00115071 0.0499111 0.0522125
418 0.0518743 0.00443212 0.0474422 0.0563064
419 0.0522164 0.00658072 0.0456357 0.0587971
420 0.0506769 0.000881649 0.0497952 0.0515585
421 0.0505486 0.000971435 0.0495771 0.05152
422 0.0516391 0.00449518 0.0471439 0.0561343
423 0.0511687 0.00255978 0.0486089 0.0537284
424 0.054932 0.0110633 0.0438687 0.0659953
425 0.052195 0.00545232 0.0467427 0.0576474
426 0.0509976 0.00195916 0.0490385 0.0529568
427 0.0534566 0.0107892 0.0426674 0.0642459
428 0.0546327 0.00887406 0.0457586 0.0635067
429 0.0549961 0.00958592 0.0454102 0.0645821
430 0.0580753 0.0121408 0.0459344 0.0702161
431 0.0618386 0.0149032 0.0469354 0.0767418
432 0.0552741 0.00767618 0.047598 0.0629503
433 0.0542478 0.00766833 0.0465794 0.0619161
434 0.054932 0.0112964 0.0436356 0.0662284
435 0.0537774 0.00766902 0.0461083 0.0614464
436 0.0551458 0.00922826 0.0459176 0.0643741
437 0.0557018 0.0140358 0.041666 0.0697376
438 0.053756 0.00763585 0.0461201 0.0613918
439 0.0557873 0.0145468 0.0412405 0.0703341
440 0.0544402 0.00815922 0.046281 0.0625994
441 0.054761 0.0101196 0.0446413 0.0648806
442 0.0558942 0.00952535 0.0463689 0.0654196
443 0.0548679 0.00821951 0.0466484 0.0630874
444 0.0571772 0.0120929 0.0450843 0.0692701
445 0.0556804 0.00959372 0.0460867 0.0652741
446 0.0568565 0.0123291 0.0445274 0.0691856
447 0.053478 0.00952858 0.0439494 0.0630066
448 0.0591016 0.0194695 0.0396321 0.0785712
449 0.0564074 0.0129169 0.0434905 0.0693243
450 0.0548893 0.0107784 0.0441108 0.0656677
451 0.0548251 0.0131315 0.0416936 0.0679566
452 0.0535849 0.00968906 0.0438958 0.063274
453 0.0537132 0.00946881 0.0442444 0.063182
454 0.0523875 0.00826764 0.0441198 0.0606551
455 0.0516177 0.00933625 0.0422814 0.0609539
456 0.0511473 0.00882605 0.0423212 0.0599733
457 0.0503134 0.00775488 0.0425585 0.0580683
458 0.0518102 0.0102327 0.0415775 0.0620428
459 0.0514039 0.00804123 0.0433627 0.0594451
460 0.0497147 0.00784822 0.0418664 0.0575629
461 0.0487738 0.00557997 0.0431938 0.0543538
462 0.0509548 0.00721109 0.0437438 0.0581659
463 0.0519385 0.00843409 0.0435044 0.0603725
464 0.048731 0.00545066 0.0432804 0.0541817
465 0.0496933 0.010069 0.0396243 0.0597623
466 0.0483034 0.00536612 0.0429373 0.0536695
467 0.0508479 0.00872654 0.0421214 0.0595745
468 0.0483248 0.00537891 0.0429459 0.0537037
469 0.0493939 0.00608936 0.0433045 0.0554833
470 0.0498215 0.00678406 0.0430375 0.0566056
471 0.0476192 0.00201167 0.0456075 0.0496308
472 0.0489449 0.00573672 0.0432081 0.0546816
473 0.0477474 0.00160741 0.04614 0.0493549
474 0.0477261 0.00178593 0.0459401 0.049512
475 0.0476833 0.00215318 0.0455301 0.0498365
476 0.048111 0.00237914 0.0457318 0.0504901
477 0.0475122 0.00139168 0.0461206 0.0489039
478 0.0485386 0.00314114 0.0453975 0.0516797
479 0.0511473 0.00906221 0.0420851 0.0602095
480 0.051746 0.00946649 0.0422795 0.0612125
481 0.0502278 0.00835892 0.0418689 0.0585867
482 0.05057 0.0117281 0.0388419 0.062298
483 0.0498429 0.00741761 0.0424253 0.0572605
484 0.0510831 0.00871351 0.0423696 0.0597967
485 0.0509335 0.00804614 0.0428873 0.0589796
486 0.0504844 0.0104958 0.0399886 0.0609802
487 0.0513183 0.00980715 0.0415112 0.0611255
488 0.0502065 0.0076002 0.0426063 0.0578067
489 0.052473 0.00966541 0.0428076 0.0621384
490 0.051297 0.008163 0.043134 0.05946
491 0.0479613 0.00168513 0.0462761 0.0496464
492 0.0500781 0.0018636 0.0482145 0.0519417
493 0.0499712 0.0032408 0.0467304 0.053212
494 0.0506127 0.00227212 0.0483406 0.0528849
495 0.053927 0.0066457 0.0472813 0.0605727
496 0.053478 0.00644958 0.0470284 0.0599276
497 0.0528365 0.00640977 0.0464267 0.0592463
498 0.0531145 0.00643415 0.0466803 0.0595487
499 0.0529007 0.00584197 0.0470587 0.0587426
500 0.0540126 0.0102575 0.043755 0.0642701
501 0.0501851 0.00558127 0.0446038 0.0557663
502 0.0517674 0.00786868 0.0438987 0.0596361
503 0.0509335 0.00702172 0.0439118 0.0579552
504 0.0510831 0.00727823 0.0438049 0.0583614
505 0.0503134 0.00566745 0.0446459 0.0559808
506 0.0506769 0.00589714 0.0447797 0.056574
507 0.0511687 0.00654362 0.044625 0.0577123
508 0.050292 0.00357647 0.0467155 0.0538684
509 0.0505486 0.00426067 0.0462879 0.0548093
510 0.0504844 0.00671357 0.0437709 0.057198
511 0.049843 0.00558813 0.0442548 0.0554311
512 0.0521737 0.00708924 0.0450844 0.0592629
513 0.0506341 0.00627848 0.0443556 0.0569126
514 0.0496505 0.00600073 0.0436498 0.0556512
515 0.0494367 0.00600301 0.0434337 0.0554397
516 0.051019 0.00842824 0.0425908 0.0594472
517 0.0508907 0.00835294 0.0425377 0.0592436
518 0.052024 0.00951785 0.0425062 0.0615418
519 0.0512114 0.00819029 0.0430211 0.0594017
520 0.0520881 0.00949503 0.0425931 0.0615832
521 0.0522592 0.010266 0.0419932 0.0625252
522 0.0510831 0.00800349 0.0430797 0.0590866
523 0.0517674 0.00989301 0.0418744 0.0616604
524 0.0534352 0.00913064 0.0443046 0.0625659
525 0.0546754 0.00659233 0.0480831 0.0612678
526 0.0535849 0.00640926 0.0471757 0.0599942
527 0.0528579 0.00574775 0.0471102 0.0586057
528 0.0524944 0.005766 0.0467284 0.0582604
529 0.0511259 0.00199431 0.0491316 0.0531202
530 0.0516818 0.00268189 0.049 0.0543637
531 0.0513825 0.00258112 0.0488014 0.0539636
532 0.0508266 0.00132693 0.0494996 0.0521535
533 0.0506555 0.00106891 0.0495866 0.0517244
534 0.0513183 0.00293496 0.0483834 0.0542533
535 0.0505486 0.000990103 0.0495585 0.0515387
536 0.0536277 0.0125233 0.0411044 0.066151
537 0.0518102 0.00591997 0.0458902 0.0577301
538 0.0518101 0.00577612 0.046034 0.0575862
539 0.0533711 0.0067707 0.0466004 0.0601418
540 0.0540767 0.00986151 0.0442152 0.0639382
541 0.0560011 0.0114444 0.0445567 0.0674456
542 0.0548465 0.0084345 0.046412 0.063281
543 0.0563647 0.0107038 0.0456609 0.0670685
544 0.058952 0.012625 0.046327 0.071577
545 0.0560867 0.0103623 0.0457244 0.066449
546 0.0580539 0.0153901 0.0426638 0.073444
547 0.05985 0.0164607 0.0433893 0.0763108
548 0.0587381 0.0146768 0.0440613 0.073415
549 0.0572841 0.0112753 0.0460088 0.0685594
550 0.0569206 0.018069 0.0388516 0.0749896
551 0.0555094 0.0113474 0.044162 0.0668567
552 0.0555307 0.0127898 0.0427409 0.0683205
553 0.0550176 0.0129567 0.0420608 0.0679743
554 0.0551886 0.0121332 0.0430554 0.0673218
555 0.0518102 0.0105069 0.0413032 0.0623171
556 0.0509976 0.0093849 0.0416127 0.0603825
557 0.0509976 0.00939073 0.0416069 0.0603883
558 0.0513825 0.00946097 0.0419215 0.0608435
559 0.0529007 0.0132725 0.0396282 0.0661732
560 0.0514253 0.00896426 0.042461 0.0603895
561 0.0515536 0.0098847 0.0416689 0.0614383
562 0.0511259 0.00921339 0.0419125 0.0603393
563 0.0498644 0.00815395 0.0417104 0.0580183
564 0.0493084 0.00819163 0.0411167 0.0575
565 0.0492014 0.00823437 0.0409671 0.0574358
566 0.0486883 0.00645354 0.0422347 0.0551418
567 0.0481323 0.00558977 0.0425426 0.0537221
568 0.0491587 0.0104495 0.0387092 0.0596082
569 0.0479827 0.00559 0.0423927 0.0535727
570 0.0501851 0.00802037 0.0421647 0.0582054
571 0.0484317 0.00550473 0.042927 0.0539364
572 0.0484317 0.00394479 0.0444869 0.0523765
573 0.0499712 0.00295442 0.0470168 0.0529257
574 0.0568137 0.0137976 0.0430161 0.0706112
575 0.0522378 0.00245025 0.0497875 0.054688
576 0.0545471 0.00759909 0.046948 0.0621462
577 0.0527724 0.00642108 0.0463513 0.0591934
578 0.0531359 0.00683694 0.0462989 0.0599728
579 0.052473 0.00603899 0.046434 0.058512
580 0.0521095 0.00589833 0.0462112 0.0580078
581 0.0520453 0.00600103 0.0460443 0.0580464
582 0.0519171 0.00602278 0.0458943 0.0579398
583 0.0535208 0.00897387 0.0445469 0.0624946
584 0.0545258 0.0127671 0.0417587 0.0672928
585 0.0545899 0.00910336 0.0454865 0.0636933
586 0.053756 0.00890104 0.0448549 0.062657
587 0.0537987 0.00836781 0.0454309 0.0621666
588 0.0545471 0.00921835 0.0453288 0.0637655
589 0.0530076 0.0066341 0.0463735 0.0596417
590 0.0539484 0.0111946 0.0427538 0.065143
591 0.056215 0.00855464 0.0476603 0.0647696
592 0.0557446 0.00700658 0.048738 0.0627511
593 0.0562577 0.00926387 0.0469939 0.0655216
594 0.0569847 0.00825479 0.04873 0.0652395
595 0.054761 0.00642117 0.0483398 0.0611821
596 0.0535849 0.001913 0.0516719 0.0554979
597 0.0545899 0.00546036 0.0491295 0.0600503
598 0.0577545 0.013469 0.0442855 0.0712235
599 0.052473 0.00309596 0.049377 0.055569
600 0.0512542 0.00110924 0.050145 0.0523635
601 0.0512114 0.00115447 0.0500569 0.0523659
602 0.0512542 0.00104992 0.0502043 0.0523041
603 0.0516177 0.00204247 0.0495752 0.0536602
604 0.0533497 0.00636883 0.0469809 0.0597185
605 0.0518743 0.00236604 0.0495083 0.0542403
606 0.052922 0.00582592 0.0470961 0.058748
607 0.0561508 0.0154874 0.0406635 0.0716382
608 0.0530503 0.00226887 0.0507815 0.0553192
609 0.0546541 0.00879614 0.0458579 0.0634502
610 0.0520026 0.00153836 0.0504643 0.053541
611 0.0517888 0.00123132 0.0505574 0.0530201
612 0.0533925 0.00532984 0.0480626 0.0587223
613 0.0528579 0.00253509 0.0503228 0.055393
614 0.0520668 0.00123854 0.0508282 0.0533053
615 0.0520667 0.00114651 0.0509202 0.0532132
616 0.0518957 0.00129907 0.0505966 0.0531947
617 0.0518101 0.00116548 0.0506447 0.0529756
618 0.0528793 0.0060544 0.0468249 0.0589337
619 0.049843 0.00111088 0.0487321 0.0509538
620 0.0507196 0.00361716 0.0471024 0.0543368
621 0.0496719 0.00104993 0.0486219 0.0507218
622 0.051746 0.00537042 0.0463756 0.0571164
623 0.0526227 0.010573 0.0420496 0.0631957
624 0.0521309 0.00697467 0.0451562 0.0591056
625 0.0532855 0.00981219 0.0434734 0.0630977
626 0.0534139 0.0102315 0.0431824 0.0636453
627 0.0522164 0.00674811 0.0454683 0.0589645
628 0.0514467 0.00619595 0.0452507 0.0576426
629 0.0521737 0.00964543 0.0425282 0.0618191
630 0.0540553 0.00790797 0.0461473 0.0619633
631 0.0510404 0.00603927 0.0450011 0.0570796
632 0.0529007 0.0140964 0.0388043 0.0669971
633 0.0514253 0.00631258 0.0451127 0.0577378
634 0.0503561 0.00235743 0.0479987 0.0527136
635 0.0508052 0.00540028 0.0454049 0.0562054
636 0.0496505 0.00123874 0.0484118 0.0508893
637 0.050463 0.00233061 0.0481324 0.0527936
638 0.0500354 0.0025228 0.0475126 0.0525582
639 0.0502706 0.00224864 0.048022 0.0525192
640 0.0516819 0.00345652 0.0482254 0.0551384
641 0.0508693 0.00363499 0.0472343 0.0545043
642 0.0522164 0.0138456 0.0383708 0.066062
643 0.0477688 0.00173238 0.0460365 0.0495012
644 0.0473198 0.00105858 0.0462612 0.0483784
645 0.0477474 0.00189943 0.045848 0.0496469
646 0.0479399 0.00242257 0.0455173 0.0503625
647 0.0500781 0.0111526 0.0389256 0.0612307
648 0.0475336 0.00102346 0.0465102 0.0485571
649 0.0482392 0.0032586 0.0449806 0.0514978
650 0.0512328 0.0112892 0.0399436 0.062522
651 0.0476833 0.00132849 0.0463548 0.0490118
652 0.0481323 0.00287665 0.0452557 0.051009
653 0.0474053 0.000919945 0.0464854 0.0483252
654 0.0475122 0.00155904 0.0459532 0.0490713
655 0.0507196 0.00924502 0.0414746 0.0599647
656 0.0509121 0.00798289 0.0429292 0.058895
657 0.0502706 0.00776217 0.0425084 0.0580328
658 0.0502706 0.00801375 0.0422568 0.0582843
659 0.0530503 0.0096307 0.0434196 0.062681
660 0.0508266 0.00751899 0.0433076 0.0583456
661 0.0504417 0.00768405 0.0427576 0.0581257
662 0.0528793 0.00805791 0.0448214 0.0609372
663 0.0532428 0.00837096 0.0448718 0.0616137
664 0.0528579 0.00985774 0.0430002 0.0627156
665 0.0544188 0.00832977 0.0460891 0.0627486
666 0.054376 0.00828287 0.0460932 0.0626589
667 0.0544402 0.00829702 0.0461432 0.0627372
668 0.0522378 0.00849433 0.0437435 0.0607321
669 0.0511687 0.00745671 0.043712 0.0586254
670 0.0518102 0.00719457 0.0446156 0.0590047
671 0.0500354 0.00619875 0.0438366 0.0562341
672 0.0533497 0.00885961 0.0444901 0.0622093
673 0.0495863 0.00948239 0.040104 0.0590687
674 0.0490732 0.0119459 0.0371273 0.0610191
675 0.0487524 0.00778281 0.0409696 0.0565352
676 0.0551672 0.0184283 0.0367389 0.0735955
677 0.0532642 0.0146931 0.038571 0.0679573
678 0.0527082 0.0114479 0.0412603 0.0641561
679 0.0533711 0.0111564 0.0422147 0.0645275
680 0.0526441 0.0112147 0.0414293 0.0638588
681 0.0529007 0.0110952 0.0418055 0.0639958
682 0.0530076 0.0135469 0.0394607 0.0665545
683 0.0523875 0.012031 0.0403564 0.0644185
684 0.0518743 0.0105554 0.0413189 0.0624297
685 0.0535208 0.0129094 0.0406114 0.0664301
686 0.0525799 0.0101836 0.0423963 0.0627635
687 0.0535422 0.0125759 0.0409663 0.0661181
688 0.053927 0.0148001 0.039127 0.0687271
689 0.0509335 0.0097968 0.0411367 0.0607303
690 0.0500354 0.00785883 0.0421766 0.0578942
691 0.0518315 0.0077929 0.0440386 0.0596244
692 0.0518101 0.00787194 0.0439382 0.0596821
693 0.0548037 0.0123007 0.042503 0.0671044
694 0.0532 0.00913156 0.0440685 0.0623316
695 0.0508266 0.00614583 0.0446807 0.0569724
696 0.0508266 0.00628413 0.0445424 0.0571107
697 0.0503775 0.00604581 0.0443317 0.0564233
698 0.0505272 0.0063204 0.0442068 0.0568476
699 0.0516605 0.00831627 0.0433442 0.0599768
700 0.0503134 0.00571725 0.0445961 0.0560306
701 0.0499071 0.00554484 0.0443623 0.0554519
702 0.0531573 0.0111683 0.041989 0.0643255
703 0.0555735 0.0112754 0.0442981 0.0668488
704 0.0568351 0.0111304 0.0457047 0.0679655
705 0.0561936 0.012497 0.0436966 0.0686906
706 0.054205 0.0127788 0.0414262 0.0669838
707 0.0526654 0.00947256 0.0431929 0.062138
708 0.0540125 0.0106468 0.0433657 0.0646594
709 0.0529434 0.00941282 0.0435306 0.0623563
710 0.0532214 0.00939325 0.0438282 0.0626147
711 0.0568137 0.0208343 0.0359794 0.077648
712 0.0517674 0.0103484 0.041419 0.0621158
713 0.050463 0.00946266 0.0410004 0.0599257
714 0.0496505 0.00802564 0.0416249 0.0576761
715 0.0490304 0.00783815 0.0411923 0.0568686
716 0.0490304 0.00801695 0.0410135 0.0570474
717 0.0493511 0.00793798 0.0414132 0.0572891
718 0.0487097 0.00822263 0.040487 0.0569323
719 0.0490304 0.00801125 0.0410192 0.0570416
720 0.0500995 0.00888373 0.0412158 0.0589833
721 0.0516391 0.010801 0.0408381 0.0624401
722 0.0523875 0.0130399 0.0393476 0.0654274
723 0.0490304 0.00774662 0.0412838 0.056777
724 0.0491159 0.00758318 0.0415328 0.0566991
725 0.0504844 0.00893114 0.0415533 0.0594156
726 0.0494153 0.00707567 0.0423396 0.056491
727 0.0489449 0.00632792 0.042617 0.0552728
728 0.0482179 0.00575646 0.0424614 0.0539743
729 0.0481537 0.00570944 0.0424443 0.0538631
730 0.0480254 0.00561854 0.0424069 0.053644
731 0.0479826 0.00555553 0.0424271 0.0535382
732 0.0477474 0.005596 0.0421514 0.0533434
733 0.0477047 0.00542882 0.0422759 0.0531335
734 0.0469135 0.0022102 0.0447033 0.0491237
735 0.0474267 0.00264971 0.044777 0.0500764
736 0.0478116 0.0019532 0.0458584 0.0497648
737 0.0474909 0.00186151 0.0456293 0.0493524
738 0.0479185 0.00267574 0.0452428 0.0505943
739 0.0471487 0.00143678 0.0457119 0.0485855
740 0.0480896 0.00632215 0.0417674 0.0544117
741 0.0513611 0.00668414 0.044677 0.0580453
742 0.0507838 0.00641604 0.0443677 0.0571998
743 0.0502065 0.00648199 0.0437245 0.0566885
744 0.05057 0.00667041 0.0438995 0.0572404
745 0.0503989 0.00672417 0.0436747 0.0571231
746 0.0515108 0.00806946 0.0434413 0.0595803
747 0.0533283 0.0140743 0.039254 0.0674026
748 0.0500568 0.00638119 0.0436756 0.056438
749 0.0509762 0.00706675 0.0439095 0.058043
750 0.0522592 0.0102535 0.0420057 0.0625127
751 0.0511473 0.00834242 0.0428049 0.0594897
752 0.0504417 0.00616395 0.0442777 0.0566056
753 0.0501423 0.00607487 0.0440674 0.0562172
754 0.0536491 0.0121918 0.0414572 0.0658409
755 0.0530931 0.0121677 0.0409255 0.0652608
756 0.0525799 0.00886334 0.0437166 0.0614433
757 0.0512114 0.00792701 0.0432844 0.0591384
758 0.0521737 0.00844982 0.0437238 0.0606235
759 0.0538629 0.0141517 0.0397113 0.0680146
760 0.0517674 0.0080921 0.0436753 0.0598595
761 0.0536063 0.0103252 0.0432811 0.0639315
762 0.0536704 0.0102801 0.0433903 0.0639506
763 0.0561294 0.0167277 0.0394018 0.0728571
764 0.0530503 0.0104407 0.0426096 0.0634911
765 0.0522592 0.00913678 0.0431224 0.061396
766 0.0504844 0.00867353 0.0418109 0.059158
767 0.0529862 0.0161548 0.0368314 0.069141
768 0.0527082 0.0086887 0.0440195 0.0613969
769 0.0530076 0.0105384 0.0424692 0.063546
770 0.0566426 0.0204664 0.0361762 0.0771091
771 0.0507196 0.00922223 0.0414974 0.0599419
772 0.0511045 0.00916566 0.0419389 0.0602702
773 0.0511045 0.00925698 0.0418475 0.0603615
774 0.0529434 0.0121942 0.0407493 0.0651376
775 0.0523875 0.0104294 0.0419581 0.0628169
776 0.0520668 0.0101723 0.0418945 0.062239
777 0.0532856 0.0110202 0.0422654 0.0643058
778 0.0532214 0.0109068 0.0423146 0.0641282
779 0.0552741 0.0152888 0.0399854 0.0705629
780 0.0580966 0.0179335 0.0401631 0.0760302
781 0.0546968 0.0124585 0.0422383 0.0671553
782 0.0539057 0.0125496 0.041356 0.0664553
783 0.0526441 0.0103036 0.0423405 0.0629477
784 0.0542478 0.0190468 0.035201 0.0732945
785 0.0520026 0.00927169 0.0427309 0.0612743
786 0.0515535 0.00897404 0.0425795 0.0605276
787 0.0547182 0.0149406 0.0397776 0.0696588
788 0.05057 0.00745378 0.0431162 0.0580237
789 0.0478544 0.00203259 0.0458218 0.049887
790 0.0472556 0.00114352 0.0461121 0.0483992
791 0.0499926 0.00827583 0.0417168 0.0582685
792 0.0478971 0.00221805 0.0456791 0.0501152
793 0.0479399 0.00228264 0.0456572 0.0502225
794 0.0474909 0.00104294 0.0464479 0.0485338
795 0.049009 0.00548397 0.0435251 0.054493
796 0.0483462 0.00231674 0.0460294 0.0506629
797 0.0478971 0.00187388 0.0460232 0.049771
798 0.0488594 0.00553785 0.0433215 0.0543972
799 0.0481323 0.00192433 0.046208 0.0500567
