# ../output/graphs/perf_parallel6BIPED_thread2
# step - mean (0.012573) - standard deviation (0.00283069) r=20 - ylow - yhigh
0 0.0199929 0.0198788 0.0001141 0.0398716
1 0.013856 0.00237878 0.0114772 0.0162348
2 0.0137277 0.0025441 0.0111836 0.0162718
3 0.0134711 0.00232866 0.0111425 0.0157998
4 0.0133856 0.00235831 0.0110273 0.0157439
5 0.013407 0.00218177 0.0112252 0.0155887
6 0.0129793 0.00223968 0.0107396 0.015219
7 0.0128083 0.00221588 0.0105924 0.0150241
8 0.0125944 0.00216156 0.0104329 0.014756
9 0.0127655 0.00240886 0.0103566 0.0151744
10 0.0124661 0.00214798 0.0103182 0.0146141
11 0.0125517 0.00221917 0.0103325 0.0147708
12 0.012402 0.00206872 0.0103333 0.0144707
13 0.012402 0.00217222 0.0102298 0.0145742
14 0.0122095 0.00186643 0.0103431 0.014076
15 0.0122095 0.00187621 0.0103333 0.0140857
16 0.0122737 0.00198341 0.0102903 0.0142571
17 0.0123378 0.00190426 0.0104336 0.0142421
18 0.0122095 0.00180161 0.0104079 0.0140112
19 0.0121026 0.00183493 0.0102677 0.0139376
20 0.0122095 0.00194324 0.0102663 0.0141528
21 0.0131076 0.00473766 0.00836995 0.0178453
22 0.0119957 0.00138229 0.0106134 0.013378
23 0.0117391 0.00126484 0.0104743 0.013004
24 0.0114398 0.00113046 0.0103093 0.0125702
25 0.0115039 0.00123132 0.0102726 0.0127352
26 0.0122737 0.00474504 0.00752865 0.0170187
27 0.0115253 0.00132141 0.0102039 0.0128467
28 0.0114184 0.00126213 0.0101563 0.0126805
29 0.0114184 0.00124755 0.0101708 0.0126659
30 0.0117177 0.00162509 0.0100927 0.0133428
31 0.0115467 0.00121713 0.0103296 0.0127638
32 0.0129152 0.00237185 0.0105433 0.015287
33 0.0123592 0.00394255 0.00841667 0.0163018
34 0.0129579 0.00190822 0.0110497 0.0148662
35 0.0130007 0.00203933 0.0109614 0.01504
36 0.0130862 0.00203933 0.0110469 0.0151256
37 0.0143264 0.00616105 0.00816538 0.0204875
38 0.0130435 0.00200816 0.0110353 0.0150516
39 0.013129 0.00186459 0.0112644 0.0149936
40 0.013407 0.00255977 0.0108472 0.0159667
41 0.0128296 0.00187389 0.0109558 0.0147035
42 0.0129366 0.00179347 0.0111431 0.01473
43 0.0136208 0.00434922 0.00927158 0.01797
44 0.0130649 0.0020664 0.0109985 0.0151312
45 0.0128724 0.00193582 0.0109366 0.0148082
46 0.0130007 0.0021823 0.0108184 0.015183
47 0.0129366 0.00185365 0.0110829 0.0147902
48 0.0128296 0.00188362 0.010946 0.0147133
49 0.0128724 0.00188799 0.0109844 0.0147604
50 0.0131718 0.00199032 0.0111814 0.0151621
51 0.0129366 0.00191671 0.0110198 0.0148533
52 0.0135139 0.00431571 0.00919818 0.0178296
53 0.0128938 0.00192813 0.0109657 0.0148219
54 0.0127655 0.00189946 0.010866 0.014665
55 0.0133642 0.00282988 0.0105343 0.0161941
56 0.0129152 0.00192016 0.010995 0.0148353
57 0.0129579 0.00179971 0.0111582 0.0147576
58 0.0130862 0.00193345 0.0111528 0.0150197
59 0.0135994 0.00341214 0.0101873 0.0170116
60 0.0129579 0.00176896 0.011189 0.0147269
61 0.0127869 0.00197325 0.0108136 0.0147601
62 0.0138132 0.00618859 0.00762465 0.0200018
63 0.0128938 0.00193759 0.0109562 0.0148314
64 0.0137705 0.00204023 0.0117303 0.0158107
65 0.0129793 0.00197961 0.0109997 0.0149589
66 0.0129152 0.00192017 0.010995 0.0148353
67 0.0130649 0.00197127 0.0110936 0.0150361
68 0.0133856 0.00278173 0.0106039 0.0161673
69 0.0131718 0.00235637 0.0108154 0.0155281
70 0.0132573 0.00214681 0.0111105 0.0154041
71 0.0135567 0.00430447 0.00925219 0.0178611
72 0.0134711 0.00380469 0.00966644 0.0172758
73 0.0131076 0.00201622 0.0110914 0.0151238
74 0.0135139 0.0028605 0.0106534 0.0163744
75 0.0132787 0.0023675 0.0109112 0.0156462
76 0.0133001 0.00229065 0.0110094 0.0155907
77 0.0131718 0.00227744 0.0108943 0.0154492
78 0.0132787 0.002352 0.0109267 0.0156307
79 0.0132787 0.00230091 0.0109778 0.0155796
80 0.0132145 0.00225849 0.010956 0.015473
81 0.014583 0.006317 0.00826603 0.0209
82 0.0132145 0.00225849 0.010956 0.015473
83 0.0134711 0.00264835 0.0108228 0.0161195
84 0.0134497 0.00240582 0.0110439 0.0158556
85 0.0139843 0.00304237 0.0109419 0.0170267
86 0.0140057 0.00390988 0.0100958 0.0179156
87 0.0134711 0.00253906 0.0109321 0.0160102
88 0.0135567 0.00263659 0.0109201 0.0161932
89 0.0138346 0.0044077 0.00942693 0.0182423
90 0.0150962 0.00629554 0.00880067 0.0213917
91 0.013407 0.00241644 0.0109905 0.0158234
92 0.0132787 0.00230091 0.0109778 0.0155796
93 0.0131504 0.00217169 0.0109787 0.0153221
94 0.0132145 0.00222175 0.0109928 0.0154363
95 0.0138132 0.00309304 0.0107202 0.0169063
96 0.0139415 0.00228065 0.0116609 0.0162222
97 0.0133001 0.00235366 0.0109464 0.0156537
98 0.0132573 0.00217642 0.0110809 0.0154337
99 0.0135139 0.00316696 0.0103469 0.0166808
100 0.0137491 0.00540315 0.00834595 0.0191523
101 0.01268 0.00218596 0.010494 0.0148659
102 0.0128083 0.00219097 0.0106173 0.0149992
103 0.0145403 0.00519033 0.00934993 0.0197306
104 0.0136208 0.00263372 0.0109871 0.0162545
105 0.013129 0.00225119 0.0108778 0.0153802
106 0.013685 0.00240401 0.0112809 0.016089
107 0.0132359 0.00226889 0.010967 0.0155048
108 0.0136208 0.00433237 0.00928844 0.0179532
109 0.0134711 0.00449241 0.00897871 0.0179635
110 0.0128938 0.00227613 0.0106177 0.0151699
111 0.0133642 0.00246737 0.0108968 0.0158316
112 0.0148182 0.00332713 0.0114911 0.0181454
113 0.0134497 0.00229693 0.0111528 0.0157467
114 0.0133428 0.00222051 0.0111223 0.0155633
115 0.0131718 0.00222463 0.0109471 0.0153964
116 0.0132573 0.00226294 0.0109944 0.0155202
117 0.0133214 0.00221505 0.0111064 0.0155365
118 0.0134925 0.00227694 0.0112156 0.0157694
119 0.0143051 0.00608484 0.00822021 0.0203899
120 0.0132573 0.00218062 0.0110767 0.0154379
121 0.0134925 0.00272317 0.0107693 0.0162157
122 0.0138346 0.00361937 0.0102153 0.017454
123 0.0130435 0.00214894 0.0108945 0.0151924
124 0.0132145 0.00220107 0.0110135 0.0154156
125 0.013407 0.00245771 0.0109493 0.0158647
126 0.0141768 0.00432814 0.00984861 0.0185049
127 0.0135139 0.00428168 0.00923221 0.0177956
128 0.0137063 0.00196663 0.0117397 0.015673
129 0.0133856 0.002494 0.0108916 0.0158796
130 0.0131504 0.00229055 0.0108598 0.0154409
131 0.013129 0.00227141 0.0108576 0.0154004
132 0.0135353 0.00410699 0.00942828 0.0176423
133 0.0133428 0.00255378 0.010789 0.0158966
134 0.0137705 0.00307971 0.0106908 0.0168502
135 0.0134711 0.00258899 0.0108821 0.0160601
136 0.013856 0.00427954 0.00957647 0.0181356
137 0.0131076 0.00223968 0.0108679 0.0153473
138 0.0130435 0.00226899 0.0107745 0.0153125
139 0.0131504 0.00218429 0.0109661 0.0153347
140 0.0136636 0.00451874 0.00914482 0.0181823
141 0.0129793 0.00212228 0.010857 0.0151016
142 0.0130007 0.00210552 0.0108952 0.0151062
143 0.0131076 0.00213517 0.0109724 0.0152428
144 0.0130221 0.00223641 0.0107857 0.0152585
145 0.0130007 0.00226051 0.0107402 0.0152612
146 0.0136208 0.00456465 0.00905615 0.0181855
147 0.0129793 0.00219847 0.0107808 0.0151778
148 0.013129 0.00228345 0.0108455 0.0154125
149 0.0130862 0.00230854 0.0107777 0.0153948
150 0.0131504 0.0023921 0.0107583 0.0155425
151 0.0136422 0.00449526 0.00914693 0.0181374
152 0.0132359 0.00241341 0.0108225 0.0156493
153 0.013856 0.00295794 0.0108981 0.0168139
154 0.0145616 0.00466413 0.00989751 0.0192258
155 0.0134497 0.00270971 0.01074 0.0161594
156 0.0134284 0.00266865 0.0107597 0.016097
157 0.0134925 0.00268598 0.0108065 0.0161785
158 0.0134284 0.00270608 0.0107223 0.0161344
159 0.0140271 0.00465457 0.00937251 0.0186816
160 0.0144547 0.00256807 0.0118867 0.0170228
161 0.0135994 0.00268981 0.0109096 0.0162892
162 0.0134711 0.00268607 0.0107851 0.0161572
163 0.013578 0.00259384 0.0109842 0.0161719
164 0.0135353 0.00267164 0.0108636 0.0162069
165 0.014134 0.00456305 0.00957094 0.018697
166 0.013407 0.00232384 0.0110831 0.0157308
167 0.0136636 0.00300418 0.0106594 0.0166677
168 0.0131931 0.00240125 0.0107919 0.0155944
169 0.0130862 0.00236721 0.010719 0.0154534
170 0.0141126 0.00478132 0.00933128 0.0188939
171 0.0131076 0.00228815 0.0108195 0.0153958
172 0.0131076 0.0022519 0.0108557 0.0153595
173 0.0132145 0.0023263 0.0108882 0.0155408
174 0.0130435 0.00232473 0.0107187 0.0153682
175 0.0131076 0.00226 0.0108476 0.0153676
176 0.0131076 0.00228415 0.0108235 0.0153918
177 0.0130649 0.00237522 0.0106896 0.0154401
178 0.0127441 0.00183742 0.0109067 0.0145815
179 0.0133214 0.00292647 0.010395 0.0162479
180 0.0126586 0.00195228 0.0107063 0.0146109
181 0.0135353 0.00439315 0.00914212 0.0179284
182 0.0132573 0.00246783 0.0107895 0.0157251
183 0.0128083 0.00197127 0.010837 0.0147795
184 0.0127441 0.00211505 0.0106291 0.0148592
185 0.0129579 0.0020335 0.0109244 0.0149914
186 0.0127013 0.0019972 0.0107041 0.0146985
187 0.0127655 0.00189946 0.010866 0.0146649
188 0.0127227 0.00191671 0.010806 0.0146394
189 0.0128296 0.00195509 0.0108746 0.0147847
190 0.0131504 0.00271106 0.0104393 0.0158614
191 0.0132573 0.00230696 0.0109503 0.0155643
192 0.0139629 0.00257757 0.0113854 0.0165405
193 0.0133428 0.00246264 0.0108802 0.0158055
194 0.0132787 0.00248067 0.010798 0.0157594
195 0.0134925 0.00252814 0.0109644 0.0160206
196 0.0137491 0.00221092 0.0115382 0.01596
197 0.0132359 0.00197591 0.01126 0.0152118
198 0.0133856 0.00231527 0.0110703 0.0157009
199 0.0133214 0.00419511 0.00912634 0.0175165
200 0.0123592 0.00182394 0.0105353 0.0141832
201 0.0124234 0.0018368 0.0105866 0.0142602
202 0.0121668 0.00175012 0.0104167 0.0139169
203 0.0128083 0.00433701 0.00847125 0.0171453
204 0.0122951 0.00177296 0.0105221 0.014068
205 0.0121882 0.00188605 0.0103021 0.0140742
206 0.0120599 0.00165409 0.0104058 0.013714
207 0.0122309 0.00173925 0.0104917 0.0139702
208 0.0121026 0.00176896 0.0103337 0.0138716
209 0.0126586 0.00434738 0.0083112 0.017006
210 0.0124661 0.00216071 0.0103054 0.0146268
211 0.0125303 0.00219358 0.0103367 0.0147239
212 0.0123806 0.0018956 0.010485 0.0142762
213 0.0122309 0.00179105 0.0104399 0.014022
214 0.0123165 0.00180732 0.0105091 0.0141238
215 0.012124 0.00169059 0.0104334 0.0138146
216 0.0121882 0.00167005 0.0105181 0.0138582
217 0.0119743 0.00133192 0.0106424 0.0133063
218 0.0123592 0.00246375 0.00989547 0.014823
219 0.011846 0.00134626 0.0104998 0.0131923
220 0.0117177 0.00187584 0.0098419 0.0135936
221 0.0116322 0.00137649 0.0102557 0.0130087
222 0.0116536 0.0014111 0.0102425 0.0130647
223 0.0114611 0.00133604 0.0101251 0.0127972
224 0.0124234 0.00150274 0.0109206 0.0139261
225 0.012573 0.00347797 0.00909508 0.016051
226 0.0116322 0.00136314 0.0102691 0.0129953
227 0.0115253 0.00134201 0.0101833 0.0128673
228 0.0120385 0.00421468 0.0078238 0.0162532
229 0.0115681 0.00142143 0.0101466 0.0129895
230 0.0122523 0.00202075 0.0102316 0.0142731
231 0.0134284 0.00187584 0.0115525 0.0153042
232 0.012124 0.00146452 0.0106595 0.0135885
233 0.0123378 0.00135422 0.0109836 0.0136921
234 0.0125944 0.00251727 0.0100772 0.0151117
235 0.0134497 0.00546073 0.00798902 0.0189105
236 0.012573 0.0016695 0.0109036 0.0142425
237 0.0120599 0.000656976 0.0114029 0.0127168
238 0.0125089 0.00226243 0.0102465 0.0147713
239 0.0118888 0.000840209 0.0110486 0.012729
240 0.012124 0.000638267 0.0114857 0.0127623
241 0.0125089 0.00216325 0.0103456 0.0146722
242 0.0119316 0.000380108 0.0115515 0.0123117
243 0.0118033 0.000283674 0.0115196 0.0120869
244 0.0120599 0.000583243 0.0114766 0.0126431
245 0.0127227 0.00376937 0.00895336 0.0164921
246 0.0119102 0.000310602 0.0115996 0.0122208
247 0.0118888 0.000320028 0.0115688 0.0122088
248 0.0117819 0.000316436 0.0114655 0.0120983
249 0.0121026 0.00156606 0.0105366 0.0136687
250 0.0121882 0.0012058 0.0109824 0.013394
251 0.0118033 0.000314261 0.011489 0.0121175
252 0.011846 0.000305407 0.0115406 0.0121514
253 0.0117819 0.000286082 0.0114958 0.012068
254 0.0117391 0.000316436 0.0114227 0.0120556
255 0.0119957 0.00112722 0.0108685 0.0131229
256 0.0125303 0.00128368 0.0112466 0.013814
257 0.011846 0.000360348 0.0114857 0.0122064
258 0.0117819 0.000316436 0.0114655 0.0120983
259 0.0118033 0.000342124 0.0114611 0.0121454
260 0.0117391 0.000344123 0.011395 0.0120832
261 0.0118033 0.000342124 0.0114611 0.0121454
262 0.0118033 0.000367883 0.0114354 0.0121712
263 0.0117605 0.000416826 0.0113437 0.0121773
264 0.0118674 0.000327791 0.0115396 0.0121952
265 0.0117605 0.00037036 0.0113901 0.0121309
266 0.011846 0.000360349 0.0114857 0.0122064
267 0.0117819 0.000393698 0.0113882 0.0121756
268 0.0120812 0.00137167 0.0107096 0.0134529
269 0.0120385 0.000958891 0.0110796 0.0129974
270 0.0118674 0.000298594 0.0115688 0.012166
271 0.011846 0.000360349 0.0114857 0.0122064
272 0.0118247 0.000411861 0.0114128 0.0122365
273 0.0118888 0.000372821 0.011516 0.0122616
274 0.0119102 0.000756296 0.0111539 0.0126665
275 0.0117605 0.00028688 0.0114736 0.0120474
276 0.0117391 0.000344123 0.011395 0.0120832
277 0.012124 0.00133381 0.0107902 0.0134578
278 0.0114825 0.000949307 0.0105332 0.0124318
279 0.0114611 0.0008617 0.0105994 0.0123228
280 0.0112046 0.000256593 0.010948 0.0114611
281 0.0112687 0.000310602 0.0109581 0.0115793
282 0.0116108 0.00110095 0.0105099 0.0127118
283 0.0115253 0.0011353 0.01039 0.0126606
284 0.0114398 0.000354593 0.0110852 0.0117944
285 0.0112687 0.000364762 0.0109039 0.0116335
286 0.0112901 0.000367883 0.0109222 0.011658
287 0.0113329 0.000317157 0.0110157 0.01165
288 0.0123378 0.000836664 0.0115012 0.0131745
289 0.0112687 0.000364762 0.0109039 0.0116335
290 0.0120812 0.00341823 0.00866302 0.0154995
291 0.0112259 0.000298593 0.0109273 0.0115245
292 0.0122951 0.00435258 0.00794249 0.0166477
293 0.0123165 0.00289292 0.00942354 0.0152094
294 0.0115253 0.000611935 0.0109134 0.0121372
295 0.0130221 0.00358689 0.0094352 0.016609
296 0.0116108 0.00124883 0.010362 0.0128597
297 0.0119529 0.000941569 0.0110114 0.0128945
298 0.0115253 0.000286082 0.0112392 0.0118114
299 0.0115039 0.000355237 0.0111487 0.0118591
300 0.0115681 0.000641126 0.0109269 0.0122092
301 0.0114825 0.00041186 0.0110707 0.0118944
302 0.0119102 0.00114971 0.0107605 0.0130599
303 0.0116108 0.000279616 0.0113312 0.0118904
304 0.0121454 0.00215277 0.00999263 0.0142982
305 0.0116964 0.00103237 0.010664 0.0127287
306 0.0115467 0.000405709 0.011141 0.0119524
307 0.0117605 0.000871199 0.0108893 0.0126317
308 0.0125303 0.000360349 0.0121699 0.0128906
309 0.0119957 0.000344123 0.0116516 0.0123398
310 0.0120171 0.000425511 0.0115916 0.0124426
311 0.0120171 0.000647159 0.0113699 0.0126643
312 0.0118674 0.000843196 0.0110242 0.0127106
313 0.0117391 0.000316436 0.0114227 0.0120556
314 0.0117391 0.000286082 0.011453 0.0120252
315 0.0117819 0.000758711 0.0110232 0.0125406
316 0.0117819 0.000437694 0.0113442 0.0122196
317 0.0116322 0.000320028 0.0113122 0.0119522
318 0.0116536 0.000327791 0.0113258 0.0119814
319 0.0116964 0.000279616 0.0114167 0.011976
320 0.0122095 0.00155654 0.010653 0.0137661
321 0.0115681 0.00138889 0.0101792 0.012957
322 0.0115467 0.00149984 0.0100468 0.0130465
323 0.0114825 0.00142014 0.0100624 0.0129027
324 0.0115039 0.0014433 0.0100606 0.0129472
325 0.0116108 0.0015076 0.0101032 0.0131184
326 0.0115894 0.00149312 0.0100963 0.0130826
327 0.0118888 0.00140932 0.0104795 0.0132981
328 0.0115039 0.00143057 0.0100733 0.0129345
329 0.0114825 0.00154356 0.00993897 0.0130261
330 0.0114611 0.00144139 0.0100198 0.0129025
331 0.0116108 0.00156708 0.0100437 0.0131779
332 0.0114825 0.00142657 0.010056 0.0129091
333 0.0120171 0.00411727 0.00789982 0.0161344
334 0.0115681 0.00171316 0.0098549 0.0132812
335 0.011397 0.00134745 0.0100495 0.0127444
336 0.0114398 0.00145575 0.00998401 0.0128955
337 0.0114825 0.00142014 0.0100624 0.0129027
338 0.0114184 0.00134626 0.0100721 0.0127646
339 0.0115039 0.00146842 0.0100355 0.0129723
340 0.0115039 0.00141773 0.0100862 0.0129216
341 0.0114611 0.00151561 0.00994553 0.0129768
342 0.0115467 0.00140542 0.0101413 0.0129521
343 0.0115039 0.00141126 0.0100927 0.0129152
344 0.011397 0.00144567 0.00995133 0.0128427
345 0.0114825 0.00141369 0.0100688 0.0128962
346 0.0114398 0.00144314 0.00999663 0.0128829
347 0.0113756 0.00144646 0.00992916 0.0128221
348 0.0114398 0.00133792 0.0101018 0.0127777
349 0.0113542 0.00144693 0.0099073 0.0128012
350 0.0117819 0.00194324 0.00983865 0.0137251
351 0.0115253 0.00148437 0.0100409 0.0130097
352 0.0139415 0.00434317 0.00959837 0.0182847
353 0.0127013 0.00254481 0.0101565 0.0152462
354 0.0122309 0.00270945 0.00952147 0.0149404
355 0.0123592 0.00234587 0.0100133 0.0147051
356 0.0121668 0.00240962 0.00975716 0.0145764
357 0.0120599 0.00225727 0.00980259 0.0143171
358 0.0149893 0.00463068 0.0103586 0.01962
359 0.0144975 0.00559868 0.00889881 0.0200962
360 0.0133428 0.00327261 0.0100702 0.0166154
361 0.0123806 0.00217 0.0102106 0.0145506
362 0.0124448 0.00244886 0.00999589 0.0148936
363 0.0122737 0.00217684 0.0100968 0.0144505
364 0.0123165 0.00228545 0.010031 0.0146019
365 0.0122095 0.00227292 0.00993663 0.0144825
366 0.0121668 0.00215733 0.0100095 0.0143241
367 0.0137919 0.00746362 0.00632825 0.0212555
368 0.0127869 0.00446669 0.00832019 0.0172536
369 0.0125517 0.0030728 0.00947887 0.0156245
370 0.0123378 0.00212659 0.0102113 0.0144644
371 0.0121668 0.00221174 0.00995503 0.0143785
372 0.0121454 0.00205274 0.0100927 0.0141981
373 0.0119102 0.00230805 0.00960214 0.0142182
374 0.0119102 0.00189946 0.0100107 0.0138096
375 0.0117391 0.00183182 0.00990731 0.0135709
376 0.0117819 0.00173438 0.0100475 0.0135163
377 0.0118247 0.0019423 0.00988235 0.013767
378 0.0116964 0.00183082 0.00986554 0.0135272
379 0.0119743 0.00193629 0.010038 0.0139106
380 0.0117605 0.00188605 0.00987446 0.0136466
381 0.0118247 0.0018801 0.00994455 0.0137048
382 0.0118033 0.00187584 0.00992743 0.0136791
383 0.0118247 0.00185562 0.00996903 0.0136803
384 0.0125303 0.00218941 0.0103409 0.0147197
385 0.0118247 0.00181073 0.0100139 0.0136354
386 0.0118674 0.00186839 0.00999903 0.0137358
387 0.0118674 0.0020504 0.00981702 0.0139178
388 0.0121026 0.00230735 0.00979527 0.01441
389 0.0122095 0.00215733 0.0100522 0.0143669
390 0.0119529 0.0017812 0.0101718 0.0137341
391 0.0118888 0.00183742 0.0100514 0.0137262
392 0.01268 0.00219847 0.0104815 0.0148784
393 0.0119957 0.00187621 0.0101195 0.0138719
394 0.0120171 0.00173662 0.0102805 0.0137537
395 0.0116964 0.00178017 0.00991619 0.0134765
396 0.012573 0.00218648 0.0103866 0.0147595
397 0.0124448 0.00179869 0.0106461 0.0142434
398 0.0122095 0.00165892 0.0105506 0.0138685
399 0.012124 0.00148929 0.0106347 0.0136133
400 0.0119743 0.00127582 0.0106985 0.0132501
401 0.0116322 0.000372821 0.0112594 0.012005
402 0.0119529 0.00169707 0.0102559 0.01365
403 0.0126372 0.00476499 0.0078722 0.0174022
404 0.0121026 0.00172711 0.0103755 0.0138297
405 0.0119743 0.00152404 0.0104503 0.0134984
406 0.0127869 0.00366363 0.00912325 0.0164505
407 0.0121882 0.00194806 0.0102401 0.0141362
408 0.0119529 0.00157986 0.0103731 0.0135328
409 0.0119102 0.00143933 0.0104709 0.0133495
410 0.0116108 0.00165782 0.00995301 0.0132686
411 0.0113756 0.00144646 0.00992916 0.0128221
412 0.0119957 0.00412964 0.00786608 0.0161254
413 0.0114611 0.00133604 0.0101251 0.0127972
414 0.0114184 0.00135978 0.0100586 0.0127782
415 0.0116108 0.00179041 0.00982041 0.0134012
416 0.0125303 0.00155434 0.0109759 0.0140846
417 0.0119529 0.00266548 0.00928747 0.0146184
418 0.0110763 0.00131743 0.00975883 0.0123937
419 0.0112473 0.00190822 0.0093391 0.0131555
420 0.0114611 0.00212368 0.00933746 0.0135848
421 0.0112687 0.00154356 0.00972514 0.0128123
422 0.0117819 0.00266548 0.00911641 0.0144474
423 0.0130221 0.00507177 0.00795032 0.0180939
424 0.0112259 0.00135827 0.00986767 0.0125842
425 0.0110976 0.00131447 0.00978317 0.0124121
426 0.0110976 0.001402 0.00969564 0.0124996
427 0.0120812 0.00139152 0.0106897 0.0134728
428 0.012124 0.00206993 0.0100541 0.0141939
429 0.0122951 0.00198698 0.0103081 0.0142821
430 0.0124448 0.00235366 0.0100911 0.0147984
431 0.0127441 0.0043562 0.00838791 0.0171003
432 0.0121026 0.00236992 0.00973271 0.0144725
433 0.0119957 0.00194324 0.0100525 0.013939
434 0.0122309 0.00241691 0.00981401 0.0146478
435 0.0120812 0.00196849 0.0101128 0.0140497
436 0.0119957 0.00187621 0.0101195 0.0138719
437 0.0118674 0.00191671 0.00995071 0.0137841
438 0.0121454 0.00228865 0.00985674 0.014434
439 0.0119102 0.00190906 0.0100011 0.0138192
440 0.0119102 0.00190906 0.0100011 0.0138192
441 0.0127013 0.00321766 0.00948369 0.015919
442 0.0125089 0.00258678 0.00992212 0.0150957
443 0.0123592 0.00238837 0.00997086 0.0147476
444 0.0122737 0.00235831 0.00991538 0.014632
445 0.0122523 0.00235511 0.0098972 0.0146074
446 0.0122095 0.00226485 0.00994469 0.0144744
447 0.0122095 0.00237906 0.00983048 0.0145886
448 0.0127441 0.00245147 0.0102926 0.0151956
449 0.0121882 0.002383 0.00980516 0.0145712
450 0.0128724 0.00240363 0.0104688 0.015276
451 0.0127441 0.00256093 0.0101832 0.015305
452 0.0130221 0.00241341 0.0106087 0.0154355
453 0.0127013 0.00223488 0.0104665 0.0149362
454 0.0129579 0.00230736 0.0106506 0.0152653
455 0.0128296 0.00241918 0.0104105 0.0152488
456 0.0138774 0.00487315 0.00900424 0.0187505
457 0.0130649 0.0025209 0.010544 0.0155857
458 0.0122951 0.00225839 0.0100367 0.0145535
459 0.0122095 0.00219514 0.0100144 0.0144047
460 0.0121454 0.00227663 0.00986876 0.014422
461 0.0124448 0.00233806 0.0101067 0.0147828
462 0.0122523 0.00230408 0.00994822 0.0145564
463 0.012402 0.00247892 0.00992306 0.0148809
464 0.0124661 0.00244652 0.0100196 0.0149127
465 0.0123806 0.00231675 0.0100639 0.0146974
466 0.0121668 0.00227292 0.00989386 0.0144397
467 0.0122095 0.00244353 0.00976601 0.0146531
468 0.0121668 0.00228495 0.00988182 0.0144517
469 0.0126372 0.00278625 0.00985095 0.0154234
470 0.0127013 0.00274866 0.00995269 0.01545
471 0.0126158 0.00263797 0.00997784 0.0152538
472 0.0126372 0.00251727 0.0101199 0.0151545
473 0.012573 0.00250242 0.0100706 0.0150755
474 0.0126158 0.00257837 0.0100374 0.0151942
475 0.0126158 0.00258899 0.0100268 0.0152048
476 0.012851 0.00276318 0.0100878 0.0156142
477 0.0132145 0.00453778 0.00867675 0.0177523
478 0.0124875 0.00243651 0.010051 0.014924
479 0.0122309 0.00224834 0.00998258 0.0144793
480 0.0130435 0.00224875 0.0107947 0.0152922
481 0.01268 0.00244653 0.0102334 0.0151265
482 0.0123165 0.00221639 0.0101001 0.0145328
483 0.0131931 0.00420816 0.00898498 0.0174013
484 0.0129366 0.00268394 0.0102526 0.0156205
485 0.0150534 0.00736957 0.00768387 0.022423
486 0.0138774 0.00357667 0.0103007 0.0174541
487 0.01268 0.0022274 0.0104526 0.0149074
488 0.0141554 0.00501816 0.00913721 0.0191735
489 0.0125089 0.00231042 0.0101985 0.0148193
490 0.0122951 0.00222576 0.0100693 0.0145208
491 0.0123592 0.00218857 0.0101706 0.0145478
492 0.0120812 0.00220926 0.00987198 0.0142905
493 0.0134284 0.00449628 0.00893208 0.0179246
494 0.0129793 0.0025562 0.0104231 0.0155355
495 0.0128724 0.00243388 0.0104385 0.0153063
496 0.0128938 0.00254903 0.0103448 0.0154428
497 0.0129579 0.00254841 0.0104095 0.0155063
498 0.0127869 0.00246004 0.0103268 0.0152469
499 0.0128724 0.00247116 0.0104012 0.0153436
500 0.0129152 0.00236412 0.0105511 0.0152793
501 0.0127655 0.00235899 0.0104065 0.0151245
502 0.0128083 0.00234421 0.010464 0.0151525
503 0.0130435 0.00243613 0.0106073 0.0154796
504 0.0133856 0.00447732 0.00890827 0.0178629
505 0.0141554 0.00268402 0.0114713 0.0168394
506 0.0132787 0.0025889 0.0106898 0.0158676
507 0.0132573 0.00260484 0.0106525 0.0158621
508 0.0130435 0.0026449 0.0103986 0.0156884
509 0.0130221 0.00250269 0.0105194 0.0155248
510 0.0130221 0.00259596 0.0104261 0.015618
511 0.0130007 0.00244325 0.0105575 0.015444
512 0.0140485 0.00450009 0.00954837 0.0185485
513 0.0130862 0.00251699 0.0105692 0.0156032
514 0.0132145 0.00255843 0.0106561 0.015773
515 0.012851 0.00245846 0.0103926 0.0153095
516 0.0122737 0.00218104 0.0100927 0.0144547
517 0.0121454 0.00210552 0.0100399 0.0142509
518 0.0122523 0.00219431 0.010058 0.0144466
519 0.0121454 0.00216969 0.00997571 0.0143151
520 0.0122095 0.00215308 0.0100565 0.0143626
521 0.0122309 0.00220315 0.0100278 0.0144341
522 0.0122095 0.00219514 0.0100144 0.0144047
523 0.0127013 0.00434043 0.00836091 0.0170418
524 0.0120599 0.00220812 0.00985174 0.014268
525 0.0120599 0.00213656 0.0099233 0.0141964
526 0.0121026 0.00225119 0.00985144 0.0143538
527 0.0123806 0.00232856 0.010052 0.0147092
528 0.0120812 0.00220097 0.00988028 0.0142822
529 0.012124 0.00224783 0.00987618 0.0143718
530 0.0120812 0.00219264 0.0098886 0.0142739
531 0.0127013 0.00428104 0.00842031 0.0169824
532 0.0120385 0.00216071 0.00987777 0.0141992
533 0.0117605 0.00176586 0.00999465 0.0135264
534 0.0118033 0.00187096 0.00993231 0.0136742
535 0.011846 0.0017844 0.0100616 0.0136304
536 0.0118247 0.00185069 0.00997397 0.0136753
537 0.0122523 0.00277572 0.00947658 0.015028
538 0.0117819 0.00179653 0.00998536 0.0135784
539 0.0117605 0.00175025 0.0100103 0.0135108
540 0.0120385 0.00199342 0.0100451 0.0140319
541 0.0118247 0.0017853 0.0100394 0.01361
542 0.0123806 0.00436433 0.00801627 0.0167449
543 0.0120812 0.0021801 0.00990115 0.0142613
544 0.0130649 0.00215308 0.0109118 0.0152179
545 0.0119957 0.00230884 0.00968687 0.0143046
546 0.0121668 0.00230091 0.00986587 0.0144677
547 0.0118247 0.00200257 0.00982208 0.0138272
548 0.0121454 0.00219483 0.00995056 0.0143402
549 0.0120385 0.00213088 0.0099076 0.0141694
550 0.011846 0.00200177 0.00984426 0.0138478
551 0.0125303 0.00287548 0.0096548 0.0154058
552 0.0120812 0.00213774 0.00994351 0.014219
553 0.0119316 0.00189283 0.0100387 0.0138244
554 0.0119529 0.00188107 0.0100719 0.013834
555 0.0122309 0.00265491 0.00957602 0.0148858
556 0.0125303 0.00324313 0.00928715 0.0157734
557 0.0118247 0.00186545 0.0099592 0.0136901
558 0.0118247 0.00179551 0.0100291 0.0136202
559 0.0117819 0.00180161 0.00998027 0.0135835
560 0.0119957 0.00186153 0.0101342 0.0138572
561 0.012402 0.00435914 0.00804284 0.0167611
562 0.011846 0.0017844 0.0100616 0.0136304
563 0.011846 0.00200633 0.0098397 0.0138524
564 0.011675 0.00205586 0.00961912 0.0137308
565 0.011846 0.00207357 0.00977246 0.0139196
566 0.0119743 0.001869 0.0101053 0.0138433
567 0.0117819 0.00193853 0.00984336 0.0137204
568 0.0117819 0.00201259 0.0097693 0.0137945
569 0.0121882 0.00269626 0.0094919 0.0148844
570 0.0119743 0.00188362 0.0100907 0.013858
571 0.0119102 0.00189946 0.0100107 0.0138096
572 0.0118888 0.00191062 0.00997818 0.0137994
573 0.0117605 0.00182193 0.00993858 0.0135824
574 0.0118033 0.00194289 0.00986038 0.0137462
575 0.011846 0.00191778 0.00992825 0.0137638
576 0.0124448 0.00188799 0.0105568 0.0143327
577 0.0119529 0.00193853 0.0100144 0.0138915
578 0.011846 0.00193203 0.009914 0.0137781
579 0.0119316 0.00205941 0.00987215 0.013991
580 0.0124875 0.00433305 0.00815447 0.0168206
581 0.011846 0.00200177 0.00984426 0.0138478
582 0.0125303 0.00291339 0.00961689 0.0154437
583 0.0137491 0.00540654 0.00834256 0.0191556
584 0.0119316 0.00188314 0.0100484 0.0138147
585 0.0119316 0.00184388 0.0100877 0.0137754
586 0.011846 0.00198802 0.00985802 0.0138341
587 0.0120599 0.00216209 0.00989777 0.014222
588 0.0118247 0.00174384 0.0100808 0.0135685
589 0.0124234 0.00164786 0.0107755 0.0140712
590 0.0119743 0.00151199 0.0104623 0.0134863
591 0.011846 0.00143822 0.0104078 0.0132843
592 0.0115253 0.00132141 0.0102039 0.0128467
593 0.0120171 0.00141773 0.0105994 0.0134348
594 0.0119102 0.00133381 0.0105764 0.013244
595 0.011846 0.00133945 0.0105066 0.0131855
596 0.0119743 0.00150593 0.0104684 0.0134803
597 0.0119102 0.00151968 0.0103905 0.0134299
598 0.0119743 0.00141837 0.010556 0.0133927
599 0.0118033 0.00135507 0.0104482 0.0131583
600 0.0125089 0.00390988 0.00859902 0.0164188
601 0.0120171 0.0016391 0.010378 0.0136562
602 0.0118674 0.00161648 0.0102509 0.0134839
603 0.0119316 0.00151138 0.0104202 0.0134429
604 0.0122095 0.00173964 0.0104699 0.0139492
605 0.0122737 0.00200633 0.0102674 0.01428
606 0.0123165 0.00191062 0.0104058 0.0142271
607 0.0118247 0.00178017 0.0100445 0.0136048
608 0.0133428 0.00288976 0.0104531 0.0162326
609 0.0134925 0.00562569 0.00786681 0.0191182
610 0.0125517 0.00252742 0.0100242 0.0150791
611 0.0125517 0.00257047 0.0099812 0.0151221
612 0.0124448 0.00271114 0.00973361 0.0151559
613 0.0119529 0.00244353 0.00950942 0.0143965
614 0.0118674 0.00238444 0.00948298 0.0142519
615 0.012851 0.00332493 0.00952609 0.016176
616 0.0122095 0.00261351 0.00959603 0.0148231
617 0.0121882 0.00260308 0.00958508 0.0147912
618 0.0121668 0.00242852 0.00973826 0.0145953
619 0.0122095 0.00248436 0.00972519 0.0146939
620 0.0121454 0.00258864 0.00955676 0.014734
621 0.0128083 0.004435 0.00837326 0.0172433
622 0.0123806 0.00258183 0.00979878 0.0149624
623 0.0138988 0.00461491 0.00928387 0.0185137
624 0.0129152 0.002683 0.0102322 0.0155982
625 0.012851 0.00272317 0.0101279 0.0155742
626 0.0127227 0.00274458 0.00997815 0.0154673
627 0.0128296 0.00268095 0.0101487 0.0155106
628 0.0134925 0.00448625 0.00900626 0.0179788
629 0.0128296 0.00268436 0.0101453 0.015514
630 0.0127869 0.00276458 0.0100223 0.0155515
631 0.0129152 0.00304086 0.00987431 0.015956
632 0.013129 0.00294151 0.0101875 0.0160705
633 0.0132145 0.002701 0.0105135 0.0159155
634 0.0128724 0.00272795 0.0101445 0.0156004
635 0.0129366 0.00263581 0.0103007 0.0155724
636 0.0129579 0.00272527 0.0102327 0.0156832
637 0.0127441 0.00273365 0.0100105 0.0154778
638 0.012851 0.00271981 0.0101312 0.0155708
639 0.012851 0.00261701 0.010234 0.015468
640 0.0140698 0.00286848 0.0112014 0.0169383
641 0.013129 0.00305137 0.0100776 0.0161804
642 0.0143478 0.00574949 0.00859832 0.0200973
643 0.0138774 0.00308527 0.0107921 0.0169627
644 0.0136636 0.00282212 0.0108415 0.0164857
645 0.0138988 0.00291465 0.0109841 0.0168134
646 0.0149038 0.00369934 0.0112044 0.0186031
647 0.0154383 0.00516188 0.0102765 0.0206002
648 0.0138132 0.00283384 0.0109794 0.0166471
649 0.0143051 0.00467784 0.00962721 0.0189829
650 0.0140485 0.0033381 0.0107104 0.0173866
651 0.0150534 0.00451697 0.0105365 0.0195704
652 0.0140698 0.00297796 0.0110919 0.0170478
653 0.013856 0.00278272 0.0110733 0.0166387
654 0.0136422 0.00280073 0.0108415 0.0164429
655 0.0137919 0.00281043 0.0109814 0.0166023
656 0.0137705 0.00284832 0.0109222 0.0166188
657 0.0128938 0.00250562 0.0103882 0.0153994
658 0.0127869 0.00255843 0.0102284 0.0153453
659 0.0134497 0.00450861 0.00894113 0.0179584
660 0.0128724 0.00257269 0.0102997 0.0154451
661 0.0129579 0.00270844 0.0102495 0.0156664
662 0.0134497 0.00448013 0.00896961 0.0179299
663 0.0129366 0.00262189 0.0103147 0.0155584
664 0.0127869 0.00255486 0.010232 0.0153417
665 0.0134925 0.00420425 0.00928826 0.0176968
666 0.0128938 0.00255977 0.010334 0.0154536
667 0.0133642 0.00305668 0.0103075 0.0164209
668 0.0125303 0.00231131 0.010219 0.0148416
669 0.012573 0.00239028 0.0101828 0.0149633
670 0.0124875 0.0023757 0.0101118 0.0148632
671 0.01268 0.002424 0.010256 0.015104
672 0.0132787 0.00240962 0.0108691 0.0156883
673 0.012573 0.00234392 0.0102291 0.014917
674 0.0126372 0.00248804 0.0101492 0.0151252
675 0.0130007 0.00442659 0.00857412 0.0174273
676 0.0125303 0.00231921 0.0102111 0.0148495
677 0.0127013 0.00249766 0.0102037 0.015199
678 0.0133856 0.00438654 0.00899906 0.0177721
679 0.012573 0.00233611 0.0102369 0.0149092
680 0.0130862 0.00457491 0.00851133 0.0176611
681 0.0131076 0.00450009 0.00860753 0.0176077
682 0.0124875 0.00249217 0.00999535 0.0149797
683 0.0125303 0.00232315 0.0102071 0.0148534
684 0.0125517 0.00236287 0.0101888 0.0149145
685 0.0127013 0.00236606 0.0103353 0.0150674
686 0.0125517 0.00235899 0.0101927 0.0149107
687 0.0125303 0.00236606 0.0101642 0.0148963
688 0.0121454 0.00234392 0.00980147 0.0144893
689 0.0128938 0.00228415 0.0106096 0.0151779
690 0.0127441 0.00236412 0.01038 0.0151082
691 0.0126586 0.00230458 0.010354 0.0149632
692 0.013407 0.00380414 0.00960283 0.0172111
693 0.0125517 0.00219847 0.0103532 0.0147501
694 0.0129793 0.00433869 0.00864063 0.017318
695 0.0125089 0.00213774 0.0103712 0.0146466
696 0.0123592 0.00208589 0.0102733 0.0144451
697 0.0123806 0.00208402 0.0102966 0.0144646
698 0.0123165 0.00204023 0.0102762 0.0143567
699 0.0129579 0.00424672 0.00871122 0.0172047
700 0.0129793 0.00433237 0.00864695 0.0173117
701 0.0136208 0.00239363 0.0112272 0.0160144
702 0.0129579 0.00219358 0.0107644 0.0151515
703 0.0141768 0.00588748 0.00828927 0.0200642
704 0.0136208 0.00240506 0.0112157 0.0160259
705 0.0136208 0.00459659 0.00902421 0.0182174
706 0.0129579 0.00233493 0.010623 0.0152929
707 0.012851 0.00227693 0.0105741 0.015128
708 0.01268 0.00218596 0.010494 0.0148659
709 0.013856 0.0053643 0.00849172 0.0192203
710 0.0133428 0.00365288 0.00968994 0.0169957
711 0.0126372 0.00213603 0.0105012 0.0147732
712 0.0131718 0.00289923 0.0102725 0.016071
713 0.0136208 0.00445926 0.00916154 0.0180801
714 0.0128083 0.00227292 0.0105353 0.0150812
715 0.012573 0.0021823 0.0103908 0.0147553
716 0.0136208 0.00362694 0.00999386 0.0172477
717 0.012573 0.0022073 0.0103658 0.0147803
718 0.0122737 0.0020603 0.0102134 0.014334
719 0.0129793 0.00435972 0.0086196 0.017339
720 0.0123378 0.00228015 0.0100577 0.014618
721 0.0121668 0.00215733 0.0100095 0.0143241
722 0.0120599 0.00208895 0.00997091 0.0141488
723 0.012124 0.00219014 0.00993387 0.0143142
724 0.012124 0.00211797 0.010006 0.014242
725 0.0122951 0.00225027 0.0100448 0.0145453
726 0.0121882 0.00216589 0.0100223 0.0143541
727 0.0123592 0.00235366 0.0100056 0.0147129
728 0.0122309 0.00221143 0.0100195 0.0144424
729 0.0119743 0.00212541 0.00984893 0.0140997
730 0.0121668 0.00215308 0.0100137 0.0143199
731 0.0126586 0.00316696 0.00949162 0.0158255
732 0.0129579 0.00454824 0.00840969 0.0175062
733 0.0123165 0.00233689 0.00997957 0.0146533
734 0.0122095 0.0021403 0.0100692 0.0143498
735 0.0119957 0.00211018 0.00988553 0.0141059
736 0.0129579 0.0022019 0.010756 0.0151598
737 0.0128724 0.00330403 0.00956838 0.0161764
738 0.0130221 0.00404009 0.00898199 0.0170622
739 0.0123806 0.00243979 0.00994082 0.0148204
740 0.0122951 0.00211624 0.0101788 0.0144113
741 0.0121026 0.00219775 0.00990488 0.0143004
742 0.0123378 0.00220678 0.0101311 0.0145446
743 0.0148182 0.00812125 0.00669699 0.0229395
744 0.0121026 0.00206474 0.0100379 0.0141674
745 0.0127227 0.0041526 0.00857013 0.0168753
746 0.0121882 0.00209289 0.0100953 0.014281
747 0.0123592 0.0022706 0.0100886 0.0146298
748 0.0117391 0.00181678 0.00992234 0.0135559
749 0.0118247 0.00179041 0.0100342 0.0136151
750 0.0118674 0.00178325 0.0100842 0.0136507
751 0.0124234 0.00441226 0.00801111 0.0168356
752 0.0118674 0.00190714 0.00996028 0.0137746
753 0.0117605 0.00182694 0.00993356 0.0135874
754 0.0122095 0.00266548 0.00954407 0.014875
755 0.0121454 0.00216969 0.00997571 0.0143151
756 0.0119316 0.00182894 0.0101026 0.0137605
757 0.012402 0.00426799 0.008134 0.01667
758 0.0119529 0.00191957 0.0100334 0.0138725
759 0.0119316 0.00181388 0.0101177 0.0137454
760 0.0116964 0.00176469 0.00993167 0.013461
761 0.0118674 0.00177296 0.0100945 0.0136404
762 0.0119529 0.00191002 0.0100429 0.013863
763 0.011846 0.00184982 0.00999621 0.0136959
764 0.0117819 0.00187132 0.00991056 0.0136532
765 0.0117819 0.00187133 0.00991056 0.0136532
766 0.0119529 0.00196198 0.00999097 0.0139149
767 0.0117391 0.0018956 0.00984352 0.0136347
768 0.0123806 0.0018368 0.0105438 0.0142174
769 0.0124234 0.00420208 0.00822129 0.0166254
770 0.0123165 0.0025645 0.00975195 0.014881
771 0.0122309 0.00224834 0.00998258 0.0144793
772 0.012124 0.0022274 0.00989661 0.0143514
773 0.012124 0.00216916 0.00995485 0.0142932
774 0.0121668 0.00216156 0.0100052 0.0143283
775 0.0143906 0.00637087 0.00801971 0.0207615
776 0.0126586 0.00442245 0.00823613 0.017081
777 0.0126158 0.00384295 0.00877287 0.0164588
778 0.0122095 0.00223641 0.00997313 0.014446
779 0.0126586 0.00263416 0.0100244 0.0152927
780 0.0133856 0.00548683 0.00789876 0.0188724
781 0.0126372 0.00248436 0.0101528 0.0151216
782 0.0124661 0.00240125 0.0100649 0.0148674
783 0.0124661 0.0025129 0.00995323 0.014979
784 0.0124234 0.00252452 0.00989885 0.0149479
785 0.0130649 0.00250634 0.0105585 0.0155712
786 0.0126158 0.00248077 0.010135 0.0150966
787 0.0124875 0.002444 0.0100435 0.0149315
788 0.0122523 0.00239744 0.00985487 0.0146497
789 0.0139415 0.00480117 0.00914037 0.0187427
790 0.013685 0.00382984 0.00985511 0.0175148
791 0.0128083 0.00246588 0.0103424 0.0152741
792 0.0127227 0.00231833 0.0104044 0.0150411
793 0.0135994 0.00427783 0.00932159 0.0178773
794 0.013856 0.00517338 0.00868263 0.0190294
795 0.0136208 0.00525037 0.00837044 0.0188712
796 0.0124234 0.00211451 0.0103089 0.0145379
797 0.0119529 0.00230488 0.00964807 0.0142578
798 0.0134925 0.00660512 0.00688739 0.0200976
799 0.0120812 0.00215053 0.00993071 0.0142318
