# ../output/graphs/perf_serial63BIPED
# step - mean (0.209738) - standard deviation (0.0230142) r=20 - ylow - yhigh
0 0.239722 0.0532018 0.18652 0.292924
1 0.239016 0.0510445 0.187972 0.290061
2 0.2332 0.0496452 0.183555 0.282845
3 0.224711 0.00956501 0.215146 0.234276
4 0.225032 0.0139946 0.211037 0.239026
5 0.222616 0.0117543 0.210861 0.23437
6 0.221269 0.0150115 0.206257 0.23628
7 0.216222 0.023665 0.192557 0.239887
8 0.210342 0.00862684 0.201715 0.218969
9 0.215559 0.0281618 0.187398 0.243721
10 0.208375 0.00439232 0.203982 0.212767
11 0.216008 0.0291289 0.18688 0.245137
12 0.211069 0.011098 0.199971 0.222167
13 0.213956 0.0179116 0.196044 0.231867
14 0.210278 0.0122932 0.197985 0.222571
15 0.20846 0.00472065 0.20374 0.213181
16 0.210107 0.0109199 0.199187 0.221027
17 0.210363 0.0120405 0.198323 0.222404
18 0.210299 0.0103708 0.199928 0.22067
19 0.212502 0.0136795 0.198822 0.226181
20 0.214939 0.0156841 0.199255 0.230623
21 0.209529 0.00716175 0.202368 0.216691
22 0.208696 0.00394973 0.204746 0.212645
23 0.207691 0.0185443 0.189146 0.226235
24 0.203072 0.00354018 0.199532 0.206612
25 0.207348 0.0133749 0.193973 0.220723
26 0.204569 0.00596003 0.198609 0.210529
27 0.209658 0.0177432 0.191915 0.227401
28 0.210321 0.0207078 0.189613 0.231028
29 0.204889 0.00891627 0.195973 0.213806
30 0.204975 0.00967871 0.195296 0.214654
31 0.209807 0.0201295 0.189678 0.229937
32 0.211347 0.0163656 0.194981 0.227713
33 0.206835 0.0121519 0.194683 0.218987
34 0.215089 0.00670406 0.208385 0.221793
35 0.232644 0.0205435 0.212101 0.253188
36 0.222851 0.00590705 0.216944 0.228758
37 0.221055 0.00526537 0.215789 0.22632
38 0.222744 0.00788589 0.214858 0.23063
39 0.228239 0.0220394 0.2062 0.250279
40 0.21928 0.00510663 0.214173 0.224387
41 0.218981 0.004269 0.214712 0.22325
42 0.22238 0.0104255 0.211955 0.232806
43 0.220306 0.0043218 0.215985 0.224628
44 0.221889 0.00886832 0.21302 0.230757
45 0.224818 0.0139235 0.210895 0.238742
46 0.224433 0.0199273 0.204506 0.244361
47 0.227384 0.021742 0.205642 0.249126
48 0.225096 0.0146132 0.210483 0.239709
49 0.224946 0.017 0.207946 0.241946
50 0.220093 0.00449195 0.215601 0.224584
51 0.219537 0.00429207 0.215244 0.223829
52 0.224412 0.0150288 0.209383 0.239441
53 0.222188 0.0103987 0.211789 0.232587
54 0.222744 0.0122948 0.210449 0.235039
55 0.22114 0.00571827 0.215422 0.226859
56 0.219622 0.00413627 0.215486 0.223758
57 0.222915 0.0145628 0.208352 0.237478
58 0.222338 0.0118992 0.210439 0.234237
59 0.229651 0.0373703 0.19228 0.267021
60 0.223706 0.0132758 0.21043 0.236982
61 0.226272 0.0264835 0.199789 0.252756
62 0.228624 0.0299476 0.198677 0.258572
63 0.219494 0.0051352 0.214359 0.224629
64 0.22238 0.00841948 0.213961 0.2308
65 0.225695 0.0208272 0.204868 0.246522
66 0.221461 0.00775138 0.21371 0.229212
67 0.221974 0.0101251 0.211849 0.232099
68 0.220157 0.00535781 0.214799 0.225514
69 0.228945 0.0190718 0.209873 0.248017
70 0.225652 0.0158765 0.209776 0.241528
71 0.226251 0.0181859 0.208065 0.244437
72 0.222616 0.0123565 0.210259 0.234972
73 0.22082 0.00653105 0.214288 0.227351
74 0.22144 0.0058459 0.215594 0.227286
75 0.228838 0.0240504 0.204788 0.252888
76 0.221568 0.00643603 0.215132 0.228004
77 0.220477 0.00448421 0.215993 0.224962
78 0.22067 0.00575351 0.214916 0.226423
79 0.223877 0.0129329 0.210944 0.23681
80 0.228282 0.0379042 0.190378 0.266186
81 0.227405 0.0257205 0.201685 0.253126
82 0.23506 0.0396764 0.195384 0.274737
83 0.24047 0.0450581 0.195412 0.285528
84 0.22253 0.00773958 0.214791 0.23027
85 0.227683 0.0230531 0.20463 0.250736
86 0.230527 0.0461422 0.184385 0.27667
87 0.229651 0.0455361 0.184114 0.275187
88 0.230677 0.0464025 0.184274 0.277079
89 0.224754 0.0173764 0.207378 0.24213
90 0.220798 0.00443423 0.216364 0.225232
91 0.220627 0.00486832 0.215759 0.225495
92 0.229779 0.0306608 0.199118 0.26044
93 0.220713 0.00608248 0.21463 0.226795
94 0.229137 0.0385425 0.190595 0.26768
95 0.231767 0.0342502 0.197517 0.266018
96 0.225652 0.0135481 0.212104 0.2392
97 0.22206 0.00814554 0.213914 0.230205
98 0.220691 0.0220333 0.198658 0.242725
99 0.218189 0.0169216 0.201268 0.235111
100 0.221204 0.032786 0.188418 0.25399
101 0.215068 0.00652072 0.208547 0.221588
102 0.215153 0.00886793 0.206285 0.224021
103 0.214918 0.00893836 0.20598 0.223856
104 0.220841 0.00934149 0.211499 0.230182
105 0.217291 0.00341294 0.213878 0.220704
106 0.21881 0.00373623 0.215073 0.222546
107 0.220477 0.00920648 0.211271 0.229684
108 0.228581 0.0378605 0.190721 0.266442
109 0.21541 0.00505845 0.210351 0.220468
110 0.215089 0.00515759 0.209931 0.220247
111 0.222509 0.0328944 0.189614 0.255403
112 0.232024 0.0297681 0.202256 0.261792
113 0.222851 0.00474851 0.218102 0.227599
114 0.222658 0.0116172 0.211041 0.234276
115 0.219558 0.00466202 0.214896 0.22422
116 0.219622 0.00542713 0.214195 0.225049
117 0.220648 0.005968 0.21468 0.226616
118 0.222017 0.00621098 0.215806 0.228228
119 0.220926 0.0055371 0.215389 0.226464
120 0.22238 0.0068063 0.215574 0.229187
121 0.238973 0.0595937 0.17938 0.298567
122 0.220499 0.00743603 0.213063 0.227935
123 0.226101 0.0283552 0.197746 0.254456
124 0.22454 0.0264426 0.198098 0.250983
125 0.226828 0.0275953 0.199233 0.254423
126 0.22593 0.0264749 0.199455 0.252405
127 0.227149 0.0288704 0.198278 0.256019
128 0.225267 0.0122364 0.213031 0.237503
129 0.223535 0.0149924 0.208543 0.238528
130 0.218425 0.00605683 0.212368 0.224481
131 0.221867 0.0115606 0.210307 0.233428
132 0.217505 0.00566122 0.211844 0.223166
133 0.227384 0.0307022 0.196682 0.258086
134 0.224433 0.0246885 0.199745 0.249122
135 0.224626 0.0263179 0.198308 0.250944
136 0.226678 0.0267318 0.199947 0.25341
137 0.236707 0.0506058 0.186101 0.287313
138 0.223364 0.0281224 0.195242 0.251486
139 0.225246 0.0271307 0.198115 0.252376
140 0.219921 0.0109256 0.208996 0.230847
141 0.228945 0.0377155 0.191229 0.26666
142 0.21603 0.00385667 0.212173 0.219886
143 0.2267 0.031664 0.195036 0.258364
144 0.216628 0.00397391 0.212655 0.220602
145 0.216436 0.00415046 0.212286 0.220587
146 0.228475 0.0406874 0.187787 0.269162
147 0.218104 0.00637335 0.211731 0.224477
148 0.21836 0.00469914 0.213661 0.22306
149 0.220157 0.010948 0.209209 0.231105
150 0.219088 0.00672126 0.212366 0.225809
151 0.217484 0.00507897 0.212405 0.222563
152 0.217013 0.00344912 0.213564 0.220463
153 0.21742 0.00577793 0.211642 0.223198
154 0.222466 0.0185257 0.20394 0.240992
155 0.226593 0.0256565 0.200936 0.252249
156 0.217997 0.00531028 0.212687 0.223307
157 0.227555 0.0310166 0.196538 0.258572
158 0.218189 0.00774468 0.210445 0.225934
159 0.218296 0.00644962 0.211847 0.224746
160 0.219943 0.00860224 0.211341 0.228545
161 0.220884 0.0136102 0.207273 0.234494
162 0.221162 0.0126663 0.208495 0.233828
163 0.221611 0.0171998 0.204411 0.23881
164 0.218916 0.00623687 0.21268 0.225153
165 0.219601 0.00714644 0.212454 0.226747
166 0.218788 0.00735566 0.211432 0.226144
167 0.220542 0.0081928 0.212349 0.228734
168 0.218189 0.00430128 0.213888 0.222491
169 0.220114 0.00905992 0.211054 0.229174
170 0.223214 0.0137586 0.209456 0.236973
171 0.219237 0.00498777 0.214249 0.224225
172 0.221696 0.00859086 0.213105 0.230287
173 0.220926 0.0109261 0.21 0.231852
174 0.221953 0.0197607 0.202192 0.241714
175 0.221226 0.00941239 0.211813 0.230638
176 0.217933 0.00384984 0.214083 0.221783
177 0.220306 0.00830716 0.211999 0.228613
178 0.217655 0.00410521 0.21355 0.22176
179 0.217591 0.00480726 0.212783 0.222398
180 0.217313 0.00411588 0.213197 0.221429
181 0.224006 0.0171924 0.206813 0.241198
182 0.217356 0.00379355 0.213562 0.221149
183 0.220542 0.0137291 0.206812 0.234271
184 0.221867 0.0137414 0.208126 0.235609
185 0.21712 0.00411772 0.213003 0.221238
186 0.216543 0.0037897 0.212753 0.220333
187 0.219365 0.0115581 0.207807 0.230924
188 0.218318 0.00638983 0.211928 0.224708
189 0.221076 0.0130624 0.208014 0.234138
190 0.219986 0.0152616 0.204724 0.235247
191 0.217505 0.00574778 0.211757 0.223253
192 0.218767 0.00807291 0.210694 0.22684
193 0.216372 0.00317582 0.213196 0.219548
194 0.217954 0.0092647 0.20869 0.227219
195 0.219045 0.00936906 0.209676 0.228414
196 0.223706 0.0101696 0.213537 0.233876
197 0.222359 0.00853327 0.213826 0.230892
198 0.216864 0.00365614 0.213208 0.22052
199 0.208696 0.00861807 0.200077 0.217314
200 0.207391 0.00389254 0.203499 0.211284
201 0.221889 0.0294425 0.192446 0.251331
202 0.206579 0.00277967 0.203799 0.209358
203 0.208845 0.00679995 0.202045 0.215645
204 0.211539 0.0124691 0.19907 0.224009
205 0.207006 0.00324137 0.203765 0.210248
206 0.211903 0.0233099 0.188593 0.235213
207 0.219537 0.0459079 0.173629 0.265444
208 0.217377 0.0443983 0.172979 0.261775
209 0.224733 0.0495778 0.175155 0.27431
210 0.228047 0.0656083 0.162439 0.293655
211 0.218724 0.0439017 0.174822 0.262626
212 0.218638 0.0450947 0.173544 0.263733
213 0.207519 0.00437772 0.203142 0.211897
214 0.21171 0.0188297 0.192881 0.23054
215 0.208225 0.00679675 0.201428 0.215022
216 0.206643 0.00423702 0.202406 0.21088
217 0.215944 0.0289777 0.186967 0.244922
218 0.21015 0.0123801 0.197769 0.22253
219 0.205467 0.0116441 0.193823 0.217111
220 0.201939 0.00479393 0.197145 0.206732
221 0.206044 0.0131795 0.192865 0.219224
222 0.20273 0.00472259 0.198007 0.207452
223 0.202388 0.00717374 0.195214 0.209561
224 0.2032 0.00694366 0.196256 0.210144
225 0.203906 0.00828989 0.195616 0.212196
226 0.201939 0.00380493 0.198134 0.205743
227 0.205852 0.0135899 0.192262 0.219442
228 0.203115 0.00629027 0.196824 0.209405
229 0.206258 0.0153236 0.190934 0.221581
230 0.206065 0.0140381 0.192027 0.220103
231 0.211988 0.0041575 0.207831 0.216146
232 0.212031 0.00974603 0.202285 0.221777
233 0.209358 0.00328063 0.206078 0.212639
234 0.210834 0.00470614 0.206128 0.21554
235 0.211261 0.0101616 0.2011 0.221423
236 0.21449 0.0199552 0.194535 0.234445
237 0.212523 0.0131315 0.199392 0.225655
238 0.214597 0.0156323 0.198965 0.230229
239 0.219365 0.0201654 0.1992 0.239531
240 0.220926 0.0507683 0.170158 0.271695
241 0.218617 0.0487424 0.169875 0.26736
242 0.218147 0.0486533 0.169493 0.2668
243 0.213806 0.0171299 0.196676 0.230936
244 0.209829 0.00639808 0.203431 0.216227
245 0.20876 0.00310241 0.205657 0.211862
246 0.208653 0.00306572 0.205587 0.211718
247 0.209294 0.00461867 0.204676 0.213913
248 0.210556 0.00890639 0.201649 0.219462
249 0.210855 0.0126136 0.198242 0.223469
250 0.209658 0.00545469 0.204203 0.215112
251 0.210321 0.00771629 0.202604 0.218037
252 0.208396 0.00301519 0.205381 0.211411
253 0.215517 0.0191685 0.196348 0.234685
254 0.209294 0.00674068 0.202554 0.216035
255 0.212758 0.0157552 0.197003 0.228513
256 0.209658 0.00445434 0.205203 0.214112
257 0.231725 0.0727842 0.158941 0.304509
258 0.219986 0.0492252 0.17076 0.269211
259 0.219365 0.0490333 0.170332 0.268399
260 0.223663 0.0522688 0.171395 0.275932
261 0.226422 0.0506294 0.175792 0.277051
262 0.225994 0.0516747 0.174319 0.277669
263 0.224284 0.0508191 0.173464 0.275103
264 0.228218 0.0536214 0.174597 0.281839
265 0.22655 0.0494974 0.177053 0.276047
266 0.221119 0.0289808 0.192138 0.2501
267 0.21449 0.023344 0.191146 0.237834
268 0.214084 0.023924 0.19016 0.238008
269 0.220884 0.0281878 0.192696 0.249071
270 0.22315 0.0411362 0.182014 0.264286
271 0.215581 0.0232449 0.192336 0.238826
272 0.216778 0.0236427 0.193135 0.240421
273 0.219152 0.0315653 0.187586 0.250717
274 0.229287 0.047462 0.181825 0.276749
275 0.226144 0.0445266 0.181617 0.27067
276 0.222829 0.0384127 0.184417 0.261242
277 0.221119 0.033224 0.187895 0.254343
278 0.205745 0.0257535 0.179991 0.231498
279 0.205937 0.0253616 0.180576 0.231299
280 0.208952 0.0317262 0.177226 0.240678
281 0.206429 0.0300754 0.176353 0.236504
282 0.208631 0.0362437 0.172388 0.244875
283 0.205766 0.0155952 0.190171 0.221361
284 0.201661 0.0081226 0.193538 0.209783
285 0.208418 0.0259831 0.182434 0.234401
286 0.200891 0.0039332 0.196958 0.204824
287 0.20243 0.00567392 0.196756 0.208104
288 0.20444 0.0105124 0.193928 0.214953
289 0.204248 0.0100416 0.194206 0.214289
290 0.20335 0.0110815 0.192268 0.214431
291 0.20243 0.00818071 0.19425 0.210611
292 0.216864 0.0482973 0.168566 0.265161
293 0.214469 0.0478609 0.166608 0.26233
294 0.214875 0.0483739 0.166501 0.263249
295 0.207434 0.0389273 0.168507 0.246361
296 0.204077 0.0437212 0.160356 0.247798
297 0.217398 0.0457185 0.17168 0.263117
298 0.206985 0.0105951 0.19639 0.21758
299 0.205574 0.00619155 0.199382 0.211765
300 0.213442 0.0171435 0.196299 0.230586
301 0.204055 0.00270566 0.20135 0.206761
302 0.205959 0.0035534 0.202405 0.209512
303 0.208204 0.0114235 0.19678 0.219627
304 0.21047 0.0134193 0.197051 0.22389
305 0.209251 0.0116453 0.197606 0.220897
306 0.206643 0.00538506 0.201258 0.212028
307 0.206023 0.00429761 0.201725 0.21032
308 0.21727 0.0116276 0.205642 0.228898
309 0.21372 0.00364856 0.210072 0.217369
310 0.214169 0.00433516 0.209834 0.218505
311 0.213378 0.0122106 0.201168 0.225589
312 0.213678 0.0129801 0.200698 0.226658
313 0.211775 0.00835362 0.203421 0.220128
314 0.2165 0.0184477 0.198053 0.234948
315 0.212929 0.0151017 0.197828 0.228031
316 0.215987 0.0194832 0.196504 0.23547
317 0.211903 0.0111924 0.200711 0.223095
318 0.215795 0.0183625 0.197432 0.234157
319 0.210663 0.00896179 0.201701 0.219625
320 0.204333 0.0161247 0.188209 0.220458
321 0.205937 0.0139251 0.192012 0.219862
322 0.204205 0.0169836 0.187222 0.221189
323 0.206194 0.0184756 0.187718 0.224669
324 0.202922 0.0127671 0.190155 0.215689
325 0.210684 0.0348325 0.175852 0.245517
326 0.208311 0.0271158 0.181195 0.235426
327 0.208524 0.0267964 0.181728 0.235321
328 0.215174 0.0347737 0.180401 0.249948
329 0.202195 0.00864624 0.193549 0.210841
330 0.202922 0.01261 0.190312 0.215532
331 0.201318 0.0109055 0.190413 0.212224
332 0.203842 0.0238117 0.18003 0.227653
333 0.199244 0.00441106 0.194833 0.203655
334 0.207755 0.0334169 0.174338 0.241172
335 0.201618 0.0114803 0.190137 0.213098
336 0.205488 0.0247466 0.180742 0.230235
337 0.198795 0.00424279 0.194553 0.203038
338 0.201083 0.0134338 0.187649 0.214517
339 0.197897 0.00346077 0.194436 0.201358
340 0.202473 0.0134881 0.188985 0.215961
341 0.198432 0.00458409 0.193848 0.203016
342 0.19948 0.00682169 0.192658 0.206301
343 0.208781 0.0454924 0.163289 0.254273
344 0.198838 0.0070459 0.191792 0.205884
345 0.202794 0.0221357 0.180658 0.22493
346 0.197534 0.0039076 0.193626 0.201441
347 0.203564 0.0262114 0.177352 0.229775
348 0.2032 0.0145969 0.188603 0.217797
349 0.204975 0.0163631 0.188612 0.221338
350 0.197876 0.00327959 0.194596 0.201155
351 0.2001 0.0107578 0.189342 0.210857
352 0.203564 0.0132075 0.190356 0.216771
353 0.20057 0.0111854 0.189385 0.211756
354 0.201511 0.0132963 0.188215 0.214807
355 0.202601 0.0149849 0.187616 0.217586
356 0.201596 0.0123432 0.189253 0.21394
357 0.200848 0.0120636 0.188784 0.212912
358 0.19747 0.00278756 0.194682 0.200257
359 0.200142 0.0121653 0.187977 0.212308
360 0.201233 0.0116181 0.189615 0.212851
361 0.20938 0.0411528 0.168227 0.250533
362 0.200848 0.0111734 0.189675 0.212021
363 0.204248 0.0147056 0.189542 0.218953
364 0.1998 0.00490704 0.194893 0.204707
365 0.202045 0.011176 0.190869 0.213221
366 0.202045 0.00850859 0.193537 0.210554
367 0.20072 0.00836201 0.192358 0.209082
368 0.212523 0.0570408 0.155482 0.269564
369 0.220456 0.0822158 0.13824 0.302672
370 0.217911 0.0682533 0.149658 0.286165
371 0.219601 0.090286 0.129315 0.309887
372 0.217035 0.0788257 0.138209 0.29586
373 0.209615 0.026781 0.182834 0.236396
374 0.201383 0.0125054 0.188877 0.213888
375 0.210492 0.0211724 0.189319 0.231664
376 0.205253 0.0177301 0.187523 0.222983
377 0.2097 0.0301165 0.179584 0.239817
378 0.206386 0.0206356 0.185751 0.227022
379 0.20506 0.0180045 0.187056 0.223065
380 0.21216 0.0451112 0.167048 0.257271
381 0.206493 0.0189588 0.187534 0.225452
382 0.20444 0.0177265 0.186714 0.222167
383 0.205766 0.0181938 0.187572 0.22396
384 0.206408 0.0173831 0.189024 0.223791
385 0.203777 0.0180855 0.185692 0.221863
386 0.205616 0.0165512 0.189065 0.222168
387 0.21047 0.0213555 0.189115 0.231826
388 0.20412 0.0160653 0.188054 0.220185
389 0.208439 0.0246644 0.183775 0.233103
390 0.206728 0.0156456 0.191083 0.222374
391 0.204932 0.0135193 0.191413 0.218451
392 0.203777 0.00471488 0.199063 0.208492
393 0.205274 0.0114345 0.19384 0.216709
394 0.198432 0.00367634 0.194755 0.202108
395 0.199137 0.00491203 0.194225 0.204049
396 0.21047 0.00859498 0.201875 0.219065
397 0.208674 0.00370724 0.204967 0.212381
398 0.207691 0.00348814 0.204202 0.211179
399 0.217377 0.0300347 0.187342 0.247412
400 0.217398 0.0349975 0.182401 0.252396
401 0.22315 0.0523221 0.170828 0.275472
402 0.220713 0.0449672 0.175745 0.26568
403 0.207348 0.00389207 0.203456 0.21124
404 0.207733 0.00372053 0.204013 0.211454
405 0.217377 0.0263187 0.191058 0.243696
406 0.209914 0.0108941 0.19902 0.220808
407 0.206707 0.00309652 0.20361 0.209803
408 0.208075 0.00654951 0.201526 0.214625
409 0.20814 0.00646749 0.201672 0.214607
410 0.197106 0.00334802 0.193758 0.200454
411 0.196507 0.00279616 0.193711 0.199304
412 0.204077 0.018573 0.185504 0.22265
413 0.198688 0.00580792 0.19288 0.204496
414 0.196571 0.00245026 0.194121 0.199022
415 0.196999 0.00544362 0.191556 0.202443
416 0.196294 0.0125522 0.183741 0.208846
417 0.192252 0.0035407 0.188711 0.195793
418 0.199586 0.0204949 0.179092 0.220081
419 0.192594 0.00418638 0.188408 0.196781
420 0.19191 0.00331777 0.188592 0.195228
421 0.191033 0.00256628 0.188467 0.1936
422 0.199501 0.0157162 0.183785 0.215217
423 0.195802 0.0166441 0.179158 0.212446
424 0.191611 0.00320163 0.188409 0.194812
425 0.194626 0.0102333 0.184392 0.204859
426 0.191996 0.00437479 0.187621 0.19637
427 0.203478 0.00848612 0.194992 0.211964
428 0.207648 0.0354826 0.172165 0.24313
429 0.205509 0.0141524 0.191357 0.219662
430 0.201874 0.00667947 0.195195 0.208554
431 0.202687 0.00774926 0.194938 0.210436
432 0.200078 0.00392249 0.196156 0.204001
433 0.202238 0.0106201 0.191618 0.212858
434 0.200378 0.00337678 0.197001 0.203754
435 0.200827 0.0104591 0.190368 0.211286
436 0.208353 0.0312474 0.177106 0.239601
437 0.198603 0.00346479 0.195138 0.202068
438 0.200164 0.0100061 0.190158 0.21017
439 0.19809 0.00275364 0.195336 0.200843
440 0.200613 0.0127402 0.187873 0.213353
441 0.202623 0.0164336 0.186189 0.219056
442 0.198303 0.00349554 0.194808 0.201799
443 0.199351 0.00287922 0.196472 0.20223
444 0.20072 0.00859604 0.192124 0.209316
445 0.202751 0.0123576 0.190394 0.215109
446 0.202559 0.0118787 0.19068 0.214437
447 0.201596 0.00651861 0.195078 0.208115
448 0.208204 0.0198499 0.188354 0.228054
449 0.207819 0.0264491 0.18137 0.234268
450 0.210385 0.00924217 0.201143 0.219627
451 0.207669 0.00259569 0.205073 0.210265
452 0.212117 0.0131312 0.198986 0.225248
453 0.213442 0.0125958 0.200847 0.226038
454 0.213378 0.00826102 0.205117 0.221639
455 0.21248 0.00688946 0.205591 0.21937
456 0.215966 0.0148569 0.201109 0.230823
457 0.219986 0.0319471 0.188038 0.251933
458 0.206279 0.0230376 0.183242 0.229317
459 0.203564 0.0109608 0.192603 0.214524
460 0.203735 0.0128035 0.190931 0.216538
461 0.200506 0.00423848 0.196267 0.204744
462 0.199822 0.00370329 0.196118 0.203525
463 0.201147 0.00889201 0.192255 0.210039
464 0.202751 0.0155944 0.187157 0.218345
465 0.200014 0.00360627 0.196408 0.20362
466 0.205702 0.0149862 0.190716 0.220688
467 0.202281 0.00737627 0.194904 0.209657
468 0.20521 0.0149632 0.190247 0.220173
469 0.203307 0.0126346 0.190672 0.215942
470 0.200207 0.00267848 0.197528 0.202885
471 0.200228 0.00267276 0.197555 0.202901
472 0.199886 0.00249876 0.197387 0.202385
473 0.201276 0.00793328 0.193342 0.209209
474 0.202965 0.0149241 0.188041 0.217889
475 0.208246 0.0329065 0.17534 0.241153
476 0.201703 0.00527122 0.196432 0.206975
477 0.200463 0.00264965 0.197813 0.203113
478 0.20072 0.00260229 0.198117 0.203322
479 0.200249 0.00359554 0.196654 0.203845
480 0.201233 0.00289884 0.198334 0.204132
481 0.20335 0.00898227 0.194368 0.212332
482 0.200955 0.00446054 0.196494 0.205415
483 0.200613 0.0030687 0.197544 0.203682
484 0.201105 0.00444612 0.196659 0.205551
485 0.202067 0.00680428 0.195263 0.208871
486 0.204462 0.0120223 0.192439 0.216484
487 0.208802 0.0190774 0.189725 0.22788
488 0.202944 0.00740408 0.195539 0.210348
489 0.206001 0.0213155 0.184686 0.227317
490 0.200955 0.00341294 0.197542 0.204368
491 0.19578 0.00588177 0.189899 0.201662
492 0.194925 0.00354102 0.191384 0.198466
493 0.206857 0.0065224 0.200334 0.213379
494 0.203435 0.00267104 0.200764 0.206106
495 0.2035 0.00325488 0.200245 0.206754
496 0.203842 0.00346446 0.200377 0.207306
497 0.23707 0.110653 0.126418 0.347723
498 0.204547 0.00408874 0.200459 0.208636
499 0.208033 0.010508 0.197525 0.218541
500 0.206172 0.00469817 0.201474 0.210871
501 0.206001 0.00431083 0.20169 0.210312
502 0.215431 0.0440555 0.171376 0.259487
503 0.206664 0.00710972 0.199554 0.213774
504 0.213207 0.0261127 0.187095 0.23932
505 0.21511 0.00381788 0.211292 0.218928
506 0.216073 0.0114559 0.204617 0.227528
507 0.209401 0.00339514 0.206006 0.212796
508 0.219472 0.0428965 0.176576 0.262369
509 0.211026 0.00949208 0.201534 0.220518
510 0.209551 0.00379867 0.205752 0.213349
511 0.210663 0.0103977 0.200265 0.22106
512 0.211882 0.00546742 0.206414 0.217349
513 0.208845 0.0035505 0.205295 0.212396
514 0.20846 0.00331667 0.205144 0.211777
515 0.22176 0.0487028 0.173058 0.270463
516 0.209893 0.0474104 0.162483 0.257303
517 0.211796 0.0463201 0.165476 0.258116
518 0.199244 0.00352886 0.195715 0.202773
519 0.204248 0.0125314 0.191717 0.216779
520 0.202623 0.0115582 0.191065 0.214181
521 0.212437 0.0277244 0.184713 0.240162
522 0.206065 0.0208559 0.18521 0.226921
523 0.197641 0.00355308 0.194088 0.201194
524 0.199308 0.00838299 0.190925 0.207691
525 0.202516 0.0170008 0.185515 0.219517
526 0.210021 0.0248691 0.185152 0.23489
527 0.20042 0.0100742 0.190346 0.210495
528 0.199394 0.00823152 0.191162 0.207626
529 0.197897 0.00324814 0.194649 0.201145
530 0.197619 0.00299633 0.194623 0.200616
531 0.198175 0.00344627 0.194729 0.201621
532 0.198966 0.00503267 0.193934 0.203999
533 0.204782 0.0198858 0.184897 0.224668
534 0.205253 0.0327424 0.17251 0.237995
535 0.203521 0.0236311 0.17989 0.227152
536 0.203756 0.01683 0.186926 0.220586
537 0.206429 0.0363036 0.170125 0.242733
538 0.19871 0.00582659 0.192883 0.204536
539 0.198389 0.00454985 0.193839 0.202939
540 0.197876 0.0040753 0.193801 0.201951
541 0.202003 0.0187639 0.183239 0.220767
542 0.201682 0.0116887 0.189993 0.213371
543 0.199608 0.010861 0.188747 0.210469
544 0.200998 0.0105276 0.19047 0.211525
545 0.197341 0.0039462 0.193395 0.201287
546 0.197512 0.00393413 0.193578 0.201446
547 0.198047 0.00418992 0.193857 0.202237
548 0.197576 0.00356778 0.194009 0.201144
549 0.220648 0.0625059 0.158143 0.283154
550 0.199116 0.00534209 0.193774 0.204458
551 0.218018 0.0493719 0.168646 0.26739
552 0.212373 0.04885 0.163523 0.261223
553 0.208311 0.0467978 0.161513 0.255108
554 0.219772 0.052859 0.166913 0.272631
555 0.213271 0.0546552 0.158616 0.267927
556 0.210684 0.0471353 0.163549 0.257819
557 0.200976 0.0112908 0.189686 0.212267
558 0.208824 0.0230446 0.185779 0.231868
559 0.197833 0.00374631 0.194087 0.201579
560 0.197812 0.00317006 0.194642 0.200982
561 0.204184 0.0213663 0.182817 0.22555
562 0.201767 0.0127256 0.189042 0.214493
563 0.197598 0.00310889 0.194489 0.200707
564 0.199565 0.00977196 0.189793 0.209337
565 0.197384 0.00316428 0.19422 0.200548
566 0.198346 0.00285793 0.195488 0.201204
567 0.19856 0.00368652 0.194874 0.202247
568 0.198753 0.00279738 0.195955 0.20155
569 0.198453 0.00276648 0.195687 0.20122
570 0.202473 0.00997772 0.192495 0.212451
571 0.213122 0.0344808 0.178641 0.247603
572 0.200549 0.00570639 0.194842 0.206255
573 0.198753 0.00291582 0.195837 0.201668
574 0.204718 0.0203597 0.184359 0.225078
575 0.200313 0.00626831 0.194045 0.206582
576 0.200784 0.0066383 0.194146 0.207422
577 0.200998 0.0069827 0.194015 0.20798
578 0.204462 0.0127502 0.191712 0.217212
579 0.200763 0.00730711 0.193455 0.20807
580 0.199052 0.00481842 0.194233 0.20387
581 0.203072 0.0123497 0.190722 0.215422
582 0.201725 0.00989362 0.191831 0.211618
583 0.202409 0.00881124 0.193598 0.21122
584 0.201276 0.00991318 0.191363 0.211189
585 0.200292 0.00674729 0.193545 0.207039
586 0.198325 0.00245623 0.195869 0.200781
587 0.203606 0.0164015 0.187205 0.220008
588 0.204269 0.0191708 0.185098 0.22344
589 0.20506 0.0066383 0.198422 0.211699
590 0.203564 0.00649698 0.197067 0.210061
591 0.202986 0.0132098 0.189777 0.216196
592 0.201789 0.0174524 0.184336 0.219241
593 0.21047 0.00678649 0.203684 0.217257
594 0.213164 0.0196477 0.193517 0.232812
595 0.21171 0.0155865 0.196124 0.227297
596 0.206044 0.00278666 0.203257 0.208831
597 0.205894 0.00270295 0.203191 0.208597
598 0.206322 0.00318732 0.203135 0.209509
599 0.209722 0.0121836 0.197538 0.221905
600 0.207883 0.0068236 0.201059 0.214707
601 0.213528 0.016079 0.197449 0.229607
602 0.206386 0.00333022 0.203056 0.209716
603 0.206942 0.00351328 0.203429 0.210455
604 0.208118 0.00844147 0.199677 0.21656
605 0.21464 0.0322861 0.182354 0.246926
606 0.207199 0.00434128 0.202857 0.21154
607 0.206429 0.0179514 0.188478 0.22438
608 0.197619 0.0050218 0.192597 0.202641
609 0.196828 0.0041548 0.192673 0.200983
610 0.200976 0.0108665 0.19011 0.211843
611 0.197833 0.00399211 0.193841 0.201825
612 0.196593 0.0159866 0.180606 0.212579
613 0.195545 0.01127 0.184275 0.206815
614 0.192958 0.00606245 0.186895 0.19902
615 0.191076 0.00238722 0.188689 0.193463
616 0.197341 0.0166046 0.180737 0.213946
617 0.1967 0.015776 0.180924 0.212476
618 0.202601 0.0251412 0.17746 0.227743
619 0.193984 0.00916958 0.184815 0.203154
620 0.193364 0.00647904 0.186885 0.199843
621 0.192017 0.00276491 0.189252 0.194782
622 0.196871 0.0124478 0.184423 0.209319
623 0.200805 0.00286393 0.197941 0.203669
624 0.204376 0.0222906 0.182086 0.226667
625 0.201554 0.0152919 0.186262 0.216846
626 0.198881 0.0029177 0.195963 0.201799
627 0.200656 0.0114349 0.189221 0.212091
628 0.20119 0.0135084 0.187682 0.214699
629 0.198667 0.00510053 0.193566 0.203768
630 0.199437 0.00582659 0.19361 0.205263
631 0.209529 0.0333887 0.176141 0.242918
632 0.198753 0.00559701 0.193156 0.20435
633 0.200185 0.0121712 0.188014 0.212356
634 0.198346 0.00587243 0.192474 0.204219
635 0.200527 0.0105466 0.189981 0.211074
636 0.198154 0.0040869 0.194067 0.202241
637 0.199373 0.00672194 0.192651 0.206095
638 0.198175 0.00424521 0.19393 0.20242
639 0.201618 0.0186775 0.18294 0.220295
640 0.199693 0.00737438 0.192319 0.207068
641 0.199458 0.00781497 0.191643 0.207273
642 0.202024 0.010754 0.19127 0.212778
643 0.207434 0.00446582 0.202968 0.2119
644 0.208289 0.00530788 0.202981 0.213597
645 0.210663 0.00521213 0.205451 0.215875
646 0.210492 0.00539693 0.205095 0.215889
647 0.211817 0.00962756 0.20219 0.221445
648 0.213015 0.0114783 0.201537 0.224493
649 0.21372 0.0101759 0.203545 0.223896
650 0.212694 0.0130426 0.199651 0.225737
651 0.213015 0.0149293 0.198085 0.227944
652 0.211839 0.0113528 0.200486 0.223192
653 0.211069 0.00684311 0.204226 0.217912
654 0.210748 0.0074289 0.203319 0.218177
655 0.220435 0.0410302 0.179404 0.261465
656 0.218296 0.0382954 0.180001 0.256592
657 0.199886 0.00362726 0.196259 0.203513
658 0.207733 0.0336879 0.174045 0.241421
659 0.199394 0.00317985 0.196214 0.202574
660 0.200249 0.00410833 0.196141 0.204358
661 0.20243 0.0071768 0.195254 0.209607
662 0.212138 0.0248741 0.187264 0.237012
663 0.200549 0.00415392 0.196395 0.204703
664 0.203307 0.0110302 0.192277 0.214337
665 0.201639 0.00746683 0.194172 0.209106
666 0.200827 0.00465024 0.196176 0.205477
667 0.205403 0.0210413 0.184361 0.226444
668 0.201062 0.00453248 0.196529 0.205594
669 0.203457 0.011146 0.192311 0.214603
670 0.201896 0.00599312 0.195903 0.207889
671 0.201682 0.00649332 0.195189 0.208175
672 0.202901 0.00911865 0.193782 0.212019
673 0.20645 0.0144841 0.191966 0.220934
674 0.201874 0.00720757 0.194667 0.209082
675 0.201147 0.00551372 0.195634 0.206661
676 0.201618 0.00620243 0.195415 0.20782
677 0.206579 0.0158177 0.190761 0.222396
678 0.202965 0.0103333 0.192632 0.213298
679 0.201746 0.00510841 0.196638 0.206855
680 0.203328 0.0107003 0.192628 0.214029
681 0.20536 0.013425 0.191935 0.218785
682 0.209337 0.0205223 0.188815 0.229859
683 0.203842 0.0105339 0.193308 0.214376
684 0.200827 0.00436417 0.196462 0.205191
685 0.20149 0.00415568 0.197334 0.205645
686 0.200741 0.00305826 0.197683 0.203799
687 0.195011 0.00272494 0.192286 0.197735
688 0.204526 0.034926 0.1696 0.239452
689 0.204676 0.00410504 0.200571 0.208781
690 0.206215 0.00892621 0.197289 0.215141
691 0.207519 0.00980615 0.197713 0.217326
692 0.210406 0.0199124 0.190494 0.230318
693 0.204483 0.00360418 0.200879 0.208087
694 0.20876 0.0163475 0.192412 0.225107
695 0.206087 0.00366363 0.202423 0.20975
696 0.205445 0.00316696 0.202278 0.208612
697 0.206044 0.00542903 0.200615 0.211473
698 0.209059 0.0134084 0.195651 0.222467
699 0.209914 0.0180252 0.191889 0.227939
700 0.211026 0.0212908 0.189735 0.232317
701 0.216436 0.00641468 0.210021 0.222851
702 0.219515 0.0165122 0.203003 0.236027
703 0.212758 0.0109779 0.20178 0.223736
704 0.216436 0.0111837 0.205252 0.22762
705 0.212758 0.0109979 0.20176 0.223756
706 0.216008 0.0159893 0.200019 0.231998
707 0.213571 0.0144193 0.199152 0.22799
708 0.215217 0.0229853 0.192232 0.238203
709 0.21171 0.00985971 0.201851 0.22157
710 0.220648 0.038255 0.182393 0.258903
711 0.212053 0.00823418 0.203818 0.220287
712 0.210663 0.00500082 0.205662 0.215664
713 0.21464 0.0141242 0.200516 0.228764
714 0.211817 0.0115468 0.200271 0.223364
715 0.210128 0.00819857 0.20193 0.218327
716 0.209423 0.00347455 0.205948 0.212897
717 0.201254 0.00662023 0.194634 0.207875
718 0.204376 0.01241 0.191966 0.216786
719 0.202666 0.0103373 0.192328 0.213003
720 0.199223 0.00553193 0.193691 0.204755
721 0.198838 0.00522627 0.193612 0.204064
722 0.20335 0.0191155 0.184234 0.222465
723 0.209016 0.0380521 0.170964 0.247068
724 0.199287 0.00815465 0.191132 0.207442
725 0.197405 0.00298869 0.194417 0.200394
726 0.198774 0.00576874 0.193005 0.204543
727 0.198068 0.00478758 0.193281 0.202856
728 0.200527 0.0117554 0.188772 0.212283
729 0.200848 0.0110673 0.189781 0.211915
730 0.197748 0.00406024 0.193687 0.201808
731 0.197897 0.00485511 0.193042 0.202752
732 0.197448 0.00317474 0.194273 0.200623
733 0.196849 0.00267105 0.194178 0.199521
734 0.203243 0.0185928 0.18465 0.221836
735 0.203777 0.0163208 0.187457 0.220098
736 0.202858 0.0122419 0.190616 0.2151
737 0.204526 0.0295137 0.175012 0.23404
738 0.199971 0.00738172 0.19259 0.207353
739 0.197534 0.00375241 0.193781 0.201286
740 0.199009 0.00711024 0.191899 0.206119
741 0.198303 0.00499111 0.193312 0.203295
742 0.202003 0.0147403 0.187262 0.216743
743 0.19747 0.00302359 0.194446 0.200493
744 0.198346 0.00484327 0.193503 0.20319
745 0.200078 0.012693 0.187385 0.212771
746 0.201447 0.013803 0.187644 0.21525
747 0.209786 0.0485943 0.161192 0.25838
748 0.216179 0.0567022 0.159477 0.272882
749 0.210363 0.0478442 0.162519 0.258208
750 0.201383 0.0105873 0.190795 0.21197
751 0.205338 0.0308301 0.174508 0.236169
752 0.201575 0.00970058 0.191874 0.211276
753 0.200869 0.00953401 0.191335 0.210403
754 0.198453 0.00399457 0.194459 0.202448
755 0.198688 0.00615199 0.192536 0.20484
756 0.207669 0.0334699 0.174199 0.241139
757 0.200142 0.00580887 0.194334 0.205951
758 0.202687 0.0138915 0.188795 0.216578
759 0.203008 0.0134661 0.189542 0.216474
760 0.203735 0.0126505 0.191084 0.216385
761 0.201147 0.0119048 0.189243 0.213052
762 0.199202 0.00457131 0.19463 0.203773
763 0.204312 0.0180569 0.186255 0.222369
764 0.203393 0.0125976 0.190795 0.21599
765 0.202217 0.011719 0.190497 0.213936
766 0.200934 0.00876356 0.19217 0.209697
767 0.203649 0.0163421 0.187307 0.219991
768 0.203649 0.0107932 0.192856 0.214442
769 0.21062 0.0236077 0.187012 0.234228
770 0.202516 0.00825105 0.194265 0.210767
771 0.202687 0.00969133 0.192996 0.212378
772 0.204312 0.0182127 0.186099 0.222525
773 0.211283 0.0341539 0.177129 0.245437
774 0.200891 0.00708653 0.193804 0.207977
775 0.214811 0.0483207 0.16649 0.263132
776 0.212309 0.0468618 0.165447 0.259171
777 0.211646 0.0482107 0.163436 0.259857
778 0.210278 0.047225 0.163053 0.257503
779 0.210556 0.0470524 0.163503 0.257608
780 0.207733 0.0358164 0.171917 0.24355
781 0.202751 0.0117647 0.190986 0.214516
782 0.207477 0.0202793 0.187197 0.227756
783 0.201062 0.00958679 0.191475 0.210649
784 0.198881 0.00685379 0.192027 0.205735
785 0.208546 0.0161018 0.192444 0.224648
786 0.203628 0.00693839 0.196689 0.210566
787 0.204077 0.0290332 0.175044 0.23311
788 0.20119 0.011294 0.189896 0.212484
789 0.206985 0.00284318 0.204142 0.209828
790 0.208011 0.00712453 0.200887 0.215136
791 0.209273 0.00891255 0.20036 0.218185
792 0.208396 0.00980263 0.198594 0.218199
793 0.209594 0.0116302 0.197963 0.221224
794 0.207968 0.00659768 0.201371 0.214566
795 0.21062 0.0127456 0.197874 0.223366
796 0.206686 0.00432778 0.202358 0.211013
797 0.196678 0.00401608 0.192662 0.200694
798 0.198175 0.00762066 0.190555 0.205796
799 0.199651 0.0124132 0.187237 0.212064
