# ../output/graphs/perf_parallel38BIPED_thread2
# step - mean (0.0731583) - standard deviation (0.01674) r=20 - ylow - yhigh
0 0.0824729 0.0281879 0.0542849 0.110661
1 0.0774479 0.0185568 0.0588911 0.0960048
2 0.0759298 0.0159013 0.0600285 0.0918311
3 0.0819811 0.0271076 0.0548734 0.109089
4 0.0727224 0.00836111 0.0643613 0.0810835
5 0.0720809 0.00803997 0.0640409 0.0801209
6 0.0758229 0.0114943 0.0643286 0.0873172
7 0.0771699 0.015989 0.0611809 0.093159
8 0.074882 0.0140975 0.0607845 0.0889796
9 0.0744544 0.0138165 0.0606379 0.0882709
10 0.0736846 0.0135837 0.0601009 0.0872683
11 0.0735135 0.0146192 0.0588944 0.0881327
12 0.073706 0.015126 0.05858 0.088832
13 0.0730858 0.0137142 0.0593716 0.0868001
14 0.073428 0.0110158 0.0624122 0.0844438
15 0.0734921 0.00950244 0.0639897 0.0829946
16 0.0719954 0.00891148 0.0630839 0.0809069
17 0.0718457 0.00918708 0.0626586 0.0810328
18 0.075887 0.0170861 0.0588009 0.0929731
19 0.0722519 0.0104949 0.061757 0.0827469
20 0.0736418 0.0119143 0.0617276 0.0855561
21 0.0745827 0.013261 0.0613217 0.0878436
22 0.0714394 0.00914364 0.0622958 0.0805831
23 0.0728079 0.0124431 0.0603649 0.085251
24 0.0734066 0.011803 0.0616036 0.0852096
25 0.0748606 0.014279 0.0605816 0.0891397
26 0.0772128 0.014998 0.0622147 0.0922108
27 0.0772769 0.0144557 0.0628212 0.0917326
28 0.079629 0.0192584 0.0603705 0.0988874
29 0.0785385 0.0149747 0.0635637 0.0935132
30 0.0767851 0.0126367 0.0641483 0.0894218
31 0.07516 0.0128758 0.0622842 0.0880357
32 0.0783674 0.0157797 0.0625877 0.094147
33 0.0751386 0.0134177 0.0617209 0.0885564
34 0.107234 0.151856 -0.0446221 0.25909
35 0.074155 0.0131084 0.0610466 0.0872634
36 0.0738129 0.0153052 0.0585077 0.0891181
37 0.0718671 0.00910356 0.0627635 0.0809706
38 0.0719526 0.00892748 0.0630251 0.0808801
39 0.0726582 0.00963207 0.0630262 0.0822903
40 0.0753097 0.0176372 0.0576725 0.0929469
41 0.0742406 0.0140576 0.060183 0.0882982
42 0.0729362 0.00861536 0.0643209 0.0815516
43 0.0720381 0.00857491 0.0634632 0.080613
44 0.0766782 0.0154412 0.0612369 0.0921194
45 0.0707979 0.00350434 0.0672936 0.0743023
46 0.0746468 0.0115422 0.0631046 0.0861891
47 0.070691 0.00351377 0.0671772 0.0742048
48 0.0705414 0.00591413 0.0646272 0.0764555
49 0.0707124 0.00407117 0.0666412 0.0747836
50 0.0706055 0.00437983 0.0662257 0.0749853
51 0.0715036 0.0092363 0.0622673 0.0807399
52 0.0742833 0.0137376 0.0605457 0.0880209
53 0.0735135 0.0132958 0.0602178 0.0868093
54 0.0747323 0.0137069 0.0610255 0.0884392
55 0.0736846 0.0132345 0.06045 0.0869191
56 0.0733639 0.0127656 0.0605982 0.0861295
57 0.0752241 0.0150992 0.060125 0.0903233
58 0.0762291 0.015463 0.0607661 0.0916921
59 0.0779611 0.0190903 0.0588708 0.0970515
60 0.0743261 0.0142284 0.0600976 0.0885545
61 0.0725727 0.0134911 0.0590815 0.0860638
62 0.0736632 0.0153138 0.0583494 0.0889771
63 0.0732569 0.0126213 0.0606357 0.0858782
64 0.071247 0.0116463 0.0596007 0.0828933
65 0.0710118 0.0110095 0.0600023 0.0820212
66 0.0745827 0.0220203 0.0525623 0.096603
67 0.0691515 0.00745405 0.0616974 0.0766055
68 0.069686 0.00817306 0.061513 0.0778591
69 0.0698571 0.00831482 0.0615423 0.0781719
70 0.0743688 0.0132923 0.0610765 0.0876611
71 0.0722733 0.011624 0.0606493 0.0838974
72 0.0704986 0.0101654 0.0603331 0.080664
73 0.075887 0.00888911 0.0669979 0.0847761
74 0.0774265 0.0118487 0.0655778 0.0892753
75 0.0762505 0.0110307 0.0652198 0.0872812
76 0.0770844 0.0120821 0.0650023 0.0891666
77 0.0784529 0.0137545 0.0646984 0.0922074
78 0.0832212 0.0168483 0.0663729 0.10007
79 0.0773196 0.0119602 0.0653594 0.0892799
80 0.07717 0.0102042 0.0669657 0.0873742
81 0.0766782 0.00969753 0.0669806 0.0863757
82 0.0790089 0.0140988 0.06491 0.0931077
83 0.0787737 0.0183176 0.060456 0.0970913
84 0.0783033 0.0175707 0.0607326 0.095874
85 0.0772341 0.013871 0.0633631 0.0911051
86 0.0788592 0.0141174 0.0647418 0.0929765
87 0.0772555 0.0140237 0.0632318 0.0912792
88 0.0769348 0.0137488 0.0631859 0.0906836
89 0.0789447 0.0141923 0.0647524 0.093137
90 0.0789233 0.0143213 0.0646021 0.0932446
91 0.0795434 0.0147426 0.0648009 0.094286
92 0.0750958 0.00860146 0.0664944 0.0836973
93 0.0745185 0.00408149 0.070437 0.0786
94 0.0744544 0.00372303 0.0707313 0.0781774
95 0.075438 0.00860464 0.0668333 0.0840426
96 0.0783674 0.0137075 0.0646599 0.0920749
97 0.0737701 0.0100116 0.0637585 0.0837817
98 0.0772555 0.0219779 0.0552776 0.0992334
99 0.0748606 0.0123142 0.0625464 0.0871749
100 0.076165 0.0135701 0.0625949 0.0897351
101 0.0778329 0.0151119 0.0627209 0.0929448
102 0.0772341 0.0135994 0.0636347 0.0908335
103 0.0755663 0.0123909 0.0631753 0.0879572
104 0.0744757 0.0110118 0.063464 0.0854875
105 0.0758015 0.0121734 0.0636281 0.0879749
106 0.0788378 0.0137024 0.0651354 0.0925403
107 0.0799497 0.0203396 0.0596101 0.100289
108 0.0776618 0.0146744 0.0629873 0.0923362
109 0.078068 0.0140726 0.0639954 0.0921407
110 0.0807623 0.0168189 0.0639434 0.0975812
111 0.0802919 0.0143833 0.0659085 0.0946752
112 0.0788378 0.013892 0.0649458 0.0927298
113 0.0795862 0.0136741 0.0659121 0.0932603
114 0.0777687 0.0120149 0.0657538 0.0897836
115 0.0809761 0.0175235 0.0634526 0.0984995
116 0.0808692 0.0211772 0.059692 0.102046
117 0.0818955 0.016141 0.0657545 0.0980365
118 0.077897 0.0121481 0.0657489 0.0900451
119 0.0789019 0.0127326 0.0661693 0.0916346
120 0.0781749 0.0135057 0.0646692 0.0916806
121 0.0766354 0.01294 0.0636954 0.0895754
122 0.0798855 0.015533 0.0643525 0.0954186
123 0.0787309 0.0126385 0.0660924 0.0913694
124 0.0776831 0.0139995 0.0636836 0.0916827
125 0.0836061 0.0247036 0.0589026 0.10831
126 0.0773624 0.0121463 0.0652161 0.0895087
127 0.0785171 0.0121052 0.0664119 0.0906223
128 0.0795221 0.0119026 0.0676194 0.0914247
129 0.0829433 0.0203351 0.0626082 0.103278
130 0.0786026 0.0125905 0.0660122 0.0911931
131 0.0747537 0.00795205 0.0668017 0.0827058
132 0.0762291 0.018902 0.0573272 0.0951311
133 0.0738984 0.00814181 0.0657566 0.0820402
134 0.0780467 0.0145456 0.0635011 0.0925922
135 0.0747537 0.00977221 0.0649815 0.0845259
136 0.0758442 0.0113407 0.0645036 0.0871849
137 0.0753097 0.0086041 0.0667056 0.0839138
138 0.0732356 0.00853259 0.064703 0.0817681
139 0.0759512 0.0122911 0.06366 0.0882423
140 0.0765285 0.0137459 0.0627826 0.0902744
141 0.0769989 0.0138493 0.0631496 0.0908482
142 0.0738984 0.00916775 0.0647307 0.0830662
143 0.0766995 0.0136067 0.0630929 0.0903062
144 0.0766568 0.0192029 0.0574538 0.0958597
145 0.081361 0.0200522 0.0613087 0.101413
146 0.0786881 0.0142191 0.0644691 0.0929072
147 0.0793296 0.0145191 0.0648105 0.0938487
148 0.0831998 0.0160615 0.0671384 0.0992613
149 0.0850388 0.0180666 0.0669721 0.103105
150 0.0816389 0.0158595 0.0657795 0.0974984
151 0.0828364 0.0171147 0.0657217 0.0999511
152 0.0843759 0.0178803 0.0664956 0.102256
153 0.0878613 0.0197692 0.0680921 0.10763
154 0.0835206 0.0162424 0.0672782 0.099763
155 0.0830502 0.0159668 0.0670834 0.099017
156 0.0824515 0.0156182 0.0668333 0.0980697
157 0.0821735 0.0165194 0.0656541 0.0986929
158 0.0843759 0.0213382 0.0630377 0.105714
159 0.0801635 0.0168337 0.0633298 0.0969972
160 0.0780467 0.0103608 0.0676859 0.0884074
161 0.0785812 0.0164687 0.0621125 0.0950499
162 0.0745613 0.0108831 0.0636781 0.0854444
163 0.0730431 0.00832286 0.0647203 0.081366
164 0.0760581 0.00838493 0.0676731 0.084443
165 0.0782819 0.0115533 0.0667285 0.0898352
166 0.0764216 0.00685058 0.069571 0.0832721
167 0.0699854 0.0024428 0.0675426 0.0724282
168 0.0719098 0.00800439 0.0639054 0.0799142
169 0.070242 0.00327334 0.0669686 0.0735153
170 0.0716746 0.00689225 0.0647824 0.0785669
171 0.0698571 0.00271914 0.0671379 0.0725762
172 0.0723375 0.0110176 0.0613199 0.0833551
173 0.071525 0.0098331 0.0616919 0.0813581
174 0.0718671 0.0095228 0.0623443 0.0813899
175 0.0705841 0.00414732 0.0664368 0.0747314
176 0.0710759 0.00882832 0.0622476 0.0799042
177 0.0710545 0.00847925 0.0625753 0.0795338
178 0.0724658 0.0100997 0.062366 0.0825655
179 0.0731928 0.00894017 0.0642526 0.082133
180 0.0762719 0.0164984 0.0597735 0.0927703
181 0.0736204 0.0104002 0.0632202 0.0840206
182 0.0786881 0.0237692 0.0549189 0.102457
183 0.0744544 0.0131915 0.0612629 0.0876458
184 0.0782605 0.027326 0.0509345 0.105586
185 0.0726582 0.00974627 0.062912 0.0824045
186 0.0722519 0.00898221 0.0632697 0.0812342
187 0.0718243 0.00864607 0.0631782 0.0804704
188 0.0720595 0.00878043 0.0632791 0.0808399
189 0.0725727 0.00911925 0.0634534 0.0816919
190 0.073877 0.0125054 0.0613716 0.0863824
191 0.0741122 0.00995255 0.0641597 0.0840648
192 0.0735563 0.0114998 0.0620565 0.0850561
193 0.0772983 0.0196534 0.0576449 0.0969516
194 0.0732142 0.00944677 0.0637674 0.082661
195 0.0763147 0.0150115 0.0613032 0.0913261
196 0.0727651 0.00965707 0.0631081 0.0824222
197 0.0721664 0.0113299 0.0608365 0.0834963
198 0.0756091 0.0116355 0.0639736 0.0872445
199 0.0735991 0.0116882 0.0619108 0.0852873
200 0.0777473 0.0202355 0.0575118 0.0979828
201 0.0787737 0.0151389 0.0636347 0.0939126
202 0.0779825 0.021463 0.0565195 0.0994455
203 0.0743047 0.0106243 0.0636804 0.084929
204 0.0758015 0.0126811 0.0631204 0.0884826
205 0.0749675 0.0110199 0.0639476 0.0859875
206 0.0789661 0.0205337 0.0584324 0.0994998
207 0.0786668 0.0190339 0.0596328 0.0977007
208 0.0730859 0.00802224 0.0650636 0.0811081
209 0.0722306 0.00808805 0.0641425 0.0803186
210 0.0720381 0.0061178 0.0659203 0.0781559
211 0.0700709 0.0029668 0.0671041 0.0730377
212 0.0746896 0.0144426 0.060247 0.0891322
213 0.0741336 0.00972597 0.0644077 0.0838596
214 0.0727438 0.0107271 0.0620167 0.0834708
215 0.0710973 0.00491871 0.0661786 0.076016
216 0.0725299 0.0132871 0.0592428 0.0858171
217 0.0719312 0.00875028 0.0631809 0.0806815
218 0.0744758 0.0125487 0.061927 0.0870245
219 0.0766996 0.0136053 0.0630942 0.0903049
220 0.0741122 0.010862 0.0632503 0.0849742
221 0.073984 0.0113114 0.0626726 0.0852954
222 0.0745826 0.0109402 0.0636424 0.0855229
223 0.0786454 0.0192776 0.0593678 0.0979229
224 0.0778756 0.0142293 0.0636463 0.0921049
225 0.0767423 0.0125 0.0642423 0.0892423
226 0.078175 0.0144193 0.0637556 0.0925943
227 0.078902 0.0151201 0.0637819 0.0940221
228 0.078068 0.0213662 0.0567019 0.0994342
229 0.0778328 0.0146885 0.0631443 0.0925213
230 0.0744544 0.0106553 0.0637991 0.0851096
231 0.0787523 0.0166248 0.0621275 0.0953771
232 0.0759725 0.0122366 0.0637359 0.0882091
233 0.0758015 0.0126182 0.0631833 0.0884197
234 0.07717 0.0142541 0.0629159 0.091424
235 0.0788164 0.0168444 0.0619721 0.0956608
236 0.0785171 0.0163419 0.0621751 0.094859
237 0.0823873 0.0230593 0.059328 0.105447
238 0.0786881 0.0150932 0.0635949 0.0937813
239 0.0751814 0.0120379 0.0631434 0.0872193
240 0.0754807 0.011931 0.0635497 0.0874118
241 0.0740909 0.0124247 0.0616662 0.0865156
242 0.0749034 0.012084 0.0628195 0.0869874
243 0.0779825 0.0153338 0.0626487 0.0933163
244 0.0786668 0.0134384 0.0652283 0.0921052
245 0.0763361 0.00895473 0.0673813 0.0852908
246 0.0742833 0.00420994 0.0700734 0.0784932
247 0.0736846 0.00322617 0.0704584 0.0769108
248 0.0746041 0.00673533 0.0678687 0.0813394
249 0.072872 0.0025423 0.0703298 0.0754143
250 0.0753524 0.00996955 0.0653829 0.085322
251 0.0733852 0.00257799 0.0708073 0.0759632
252 0.073706 0.00363452 0.0700714 0.0773405
253 0.0738343 0.00351944 0.0703148 0.0773537
254 0.0732355 0.00272115 0.0705144 0.0759567
255 0.0735777 0.0030704 0.0705073 0.0766481
256 0.0783246 0.0113552 0.0669695 0.0896798
257 0.0743261 0.00368029 0.0706458 0.0780064
258 0.0737487 0.0034305 0.0703182 0.0771792
259 0.0740909 0.00467664 0.0694142 0.0787675
260 0.0726369 0.00221089 0.070426 0.0748477
261 0.073706 0.00345387 0.0702521 0.0771599
262 0.0759084 0.00898225 0.0669261 0.0848906
263 0.075438 0.00884571 0.0665923 0.0842837
264 0.0784529 0.0152514 0.0632015 0.0937043
265 0.0753738 0.0111616 0.0642123 0.0865354
266 0.0759297 0.0152039 0.0607258 0.0911337
267 0.0764216 0.0145365 0.0618851 0.0909581
268 0.0755876 0.0137242 0.0618635 0.0893118
269 0.0769561 0.0171938 0.0597623 0.09415
270 0.0799497 0.0189868 0.0609629 0.0989365
271 0.0754166 0.0131062 0.0623104 0.0885228
272 0.0773624 0.0165059 0.0608565 0.0938683
273 0.0758229 0.0133302 0.0624926 0.0891531
274 0.0750745 0.0127663 0.0623081 0.0878408
275 0.0738129 0.00907731 0.0647356 0.0828902
276 0.0757587 0.0127238 0.0630348 0.0884825
277 0.0734922 0.00602715 0.067465 0.0795193
278 0.0719954 0.00352463 0.0684707 0.07552
279 0.0734922 0.00593231 0.0675599 0.0794245
280 0.0726155 0.00402675 0.0685887 0.0766422
281 0.0722306 0.00319139 0.0690392 0.075422
282 0.0722947 0.0030525 0.0692422 0.0753472
283 0.0718671 0.00377808 0.068089 0.0756451
284 0.0728721 0.00583147 0.0670406 0.0787035
285 0.0715036 0.00258226 0.0689213 0.0740858
286 0.0727651 0.00519782 0.0675673 0.077963
287 0.0719312 0.0033032 0.068628 0.0752344
288 0.0737274 0.00525927 0.0684681 0.0789866
289 0.0726369 0.00337353 0.0692633 0.0760104
290 0.0739412 0.0104901 0.0634511 0.0844313
291 0.0754593 0.00959551 0.0658638 0.0850548
292 0.0757801 0.0100917 0.0656884 0.0858718
293 0.0767209 0.0149271 0.0617938 0.091648
294 0.0763788 0.0171687 0.0592101 0.0935476
295 0.0764643 0.0161908 0.0602735 0.0926552
296 0.0733852 0.011539 0.0618462 0.0849242
297 0.0734066 0.0127562 0.0606505 0.0861628
298 0.0733852 0.00966384 0.0637214 0.0830491
299 0.0708407 0.00999948 0.0608412 0.0808402
300 0.0705627 0.00864876 0.061914 0.0792115
301 0.0757587 0.029159 0.0465997 0.104918
302 0.0706696 0.00978184 0.0608878 0.0804515
303 0.0719312 0.011951 0.0599802 0.0838822
304 0.0719526 0.0115797 0.0603729 0.0835324
305 0.0742406 0.0126663 0.0615742 0.0869069
306 0.0730004 0.0117827 0.0612177 0.084783
307 0.0735135 0.0118421 0.0616714 0.0853557
308 0.0726369 0.0124734 0.0601634 0.0851103
309 0.0725941 0.0126435 0.0599505 0.0852376
310 0.0755877 0.0139069 0.0616808 0.0894945
311 0.0737915 0.0140772 0.0597143 0.0878687
312 0.0739626 0.01228 0.0616825 0.0862426
313 0.0721237 0.0102764 0.0618473 0.0824
314 0.0710973 0.0106019 0.0604954 0.0816992
315 0.0728293 0.0122028 0.0606265 0.0850321
316 0.0717174 0.0104343 0.0612831 0.0821517
317 0.0720809 0.010528 0.0615529 0.0826089
318 0.0740267 0.0209191 0.0531076 0.0949458
319 0.0680182 0.00847623 0.059542 0.0764944
320 0.0702847 0.00980648 0.0604783 0.0800912
321 0.0668422 0.00773223 0.0591099 0.0745744
322 0.0663931 0.00754039 0.0588527 0.0739335
323 0.0708193 0.00761581 0.0632035 0.0784351
324 0.0712897 0.00917522 0.0621145 0.0804649
325 0.0703917 0.00783129 0.0625604 0.0782229
326 0.0710973 0.00851219 0.0625851 0.0796095
327 0.071696 0.0114386 0.0602574 0.0831346
328 0.0747537 0.011759 0.0629947 0.0865127
329 0.0795434 0.016785 0.0627584 0.0963285
330 0.0739412 0.0089979 0.0649433 0.0829391
331 0.073428 0.00866997 0.064758 0.082098
332 0.072979 0.00850724 0.0644717 0.0814862
333 0.0736846 0.0087089 0.0649757 0.0823935
334 0.0698999 0.00817865 0.0617212 0.0780785
335 0.0688094 0.00790047 0.0609089 0.0767098
336 0.0678257 0.00805012 0.0597756 0.0758759
337 0.0715035 0.0167892 0.0547144 0.0882927
338 0.0676547 0.0176769 0.0499778 0.0853316
339 0.065773 0.00817991 0.0575931 0.0739529
340 0.100563 0.15548 -0.0549175 0.256043
341 0.0981036 0.139196 -0.0410926 0.2373
342 0.0680823 0.0112754 0.0568069 0.0793578
343 0.0668849 0.0117129 0.0551721 0.0785978
344 0.07052 0.0176952 0.0528248 0.0882151
345 0.0688735 0.0127283 0.0561452 0.0816018
346 0.0709476 0.0146853 0.0562623 0.0856329
347 0.0671201 0.0111309 0.0559892 0.078251
348 0.0673981 0.0108445 0.0565536 0.0782426
349 0.0671415 0.0110414 0.0561001 0.0781829
350 0.0678685 0.0109942 0.0568743 0.0788627
351 0.0677616 0.0110028 0.0567588 0.0787644
352 0.0706269 0.0138597 0.0567672 0.0844866
353 0.0719098 0.0162718 0.055638 0.0881816
354 0.0690232 0.0145279 0.0544953 0.083551
355 0.0696219 0.0139047 0.0557172 0.0835266
356 0.0737274 0.0157056 0.0580217 0.089433
357 0.072701 0.0134795 0.0592214 0.0861805
358 0.0744758 0.0133056 0.0611701 0.0877814
359 0.073706 0.0153493 0.0583567 0.0890553
360 0.0729576 0.0141206 0.058837 0.0870781
361 0.0728079 0.0132302 0.0595777 0.0860381
362 0.0730004 0.0155862 0.0574141 0.0885866
363 0.0715463 0.0124785 0.0590679 0.0840248
364 0.0705627 0.0118992 0.0586635 0.0824619
365 0.0719312 0.0127226 0.0592086 0.0846539
366 0.0707552 0.0120318 0.0587234 0.082787
367 0.0704344 0.0119644 0.05847 0.0823988
368 0.0683175 0.00939269 0.0589249 0.0777102
369 0.0691728 0.00961589 0.0595569 0.0787887
370 0.0737274 0.0188091 0.0549182 0.0925365
371 0.0683389 0.00901181 0.0593271 0.0773508
372 0.0688307 0.00830623 0.0605245 0.077137
373 0.0691942 0.00808772 0.0611065 0.077282
374 0.0725941 0.0157222 0.0568719 0.0883163
375 0.0713325 0.0147001 0.0566324 0.0860326
376 0.0709262 0.0132567 0.0576695 0.084183
377 0.0728079 0.0150961 0.0577118 0.087904
378 0.0701778 0.013531 0.0566469 0.0837088
379 0.0691942 0.0117955 0.0573988 0.0809897
380 0.0682748 0.0109092 0.0573656 0.079184
381 0.0665214 0.0132844 0.053237 0.0798058
382 0.0693012 0.0151503 0.0541508 0.0844515
383 0.0671629 0.013325 0.0538379 0.0804879
384 0.0718671 0.0184414 0.0534256 0.0903085
385 0.072701 0.0174648 0.0552362 0.0901658
386 0.0700068 0.0144108 0.055596 0.0844176
387 0.0695791 0.0158849 0.0536942 0.0854641
388 0.0697288 0.0157138 0.054015 0.0854426
389 0.0703489 0.0149315 0.0554175 0.0852804
390 0.0701351 0.0142152 0.0559199 0.0843503
391 0.0705627 0.0156208 0.054942 0.0861835
392 0.0713325 0.0147826 0.0565499 0.0861151
393 0.0699854 0.0173562 0.0526292 0.0873416
394 0.0670774 0.0106065 0.0564708 0.0776839
395 0.0673553 0.0107387 0.0566166 0.078094
396 0.0681465 0.011348 0.0567986 0.0794945
397 0.0710973 0.0146909 0.0564064 0.0857882
398 0.067505 0.0105953 0.0569097 0.0781003
399 0.0690232 0.0113432 0.05768 0.0803663
400 0.0712897 0.0143974 0.0568923 0.0856872
401 0.0663503 0.00822305 0.0581273 0.0745734
402 0.0666711 0.00783888 0.0588322 0.07451
403 0.0668208 0.00706193 0.0597588 0.0738827
404 0.0656233 0.00365754 0.0619658 0.0692809
405 0.066051 0.00530786 0.0607431 0.0713589
406 0.0643618 0.00209288 0.0622689 0.0664546
407 0.0678685 0.00363656 0.064232 0.0715051
408 0.0720595 0.01307 0.0589895 0.0851295
409 0.0737915 0.015037 0.0587545 0.0888285
410 0.0749248 0.0161297 0.0587951 0.0910545
411 0.078346 0.0197979 0.0585481 0.0981439
412 0.0767423 0.0138486 0.0628937 0.0905909
413 0.076165 0.0139331 0.0622318 0.0900981
414 0.0780467 0.016228 0.0618186 0.0942747
415 0.0772127 0.0144781 0.0627346 0.0916908
416 0.0794579 0.0164319 0.063026 0.0958898
417 0.0733852 0.00987535 0.0635099 0.0832606
418 0.0711614 0.00555849 0.065603 0.0767199
419 0.069964 0.00309687 0.0668671 0.0730609
420 0.076892 0.0200197 0.0568723 0.0969117
421 0.0751814 0.0181113 0.0570701 0.0932927
422 0.0759298 0.0146076 0.0613221 0.0905374
423 0.0746896 0.0116909 0.0629987 0.0863804
424 0.0742192 0.0118487 0.0623704 0.0860679
425 0.0754807 0.0121896 0.0632911 0.0876704
426 0.0766996 0.0146119 0.0620876 0.0913115
427 0.0750745 0.0130392 0.0620353 0.0881137
428 0.0759084 0.0122763 0.0636321 0.0881847
429 0.0737488 0.0078115 0.0659373 0.0815603
430 0.0736205 0.00358635 0.0700341 0.0772068
431 0.0734708 0.00354875 0.069922 0.0770195
432 0.0714394 0.00344379 0.0679956 0.0748832
433 0.0704344 0.00230735 0.0681271 0.0727418
434 0.0716533 0.00598483 0.0656684 0.0776381
435 0.0743261 0.00978343 0.0645426 0.0841095
436 0.07315 0.0103413 0.0628087 0.0834913
437 0.0748179 0.00994737 0.0648705 0.0847652
438 0.0735135 0.00875897 0.0647546 0.0822725
439 0.0735563 0.00871195 0.0648443 0.0822682
440 0.0761008 0.010731 0.0653698 0.0868318
441 0.0769134 0.0117361 0.0651772 0.0886495
442 0.0751386 0.0107927 0.0643459 0.0859313
443 0.0740267 0.0110239 0.0630028 0.0850506
444 0.0755235 0.0147694 0.0607541 0.090293
445 0.0755876 0.0124504 0.0631372 0.0880381
446 0.0751814 0.0132907 0.0618906 0.0884721
447 0.0735991 0.0132344 0.0603647 0.0868335
448 0.0764216 0.0128965 0.0635251 0.089318
449 0.0707979 0.00800918 0.0627887 0.0788071
450 0.0742405 0.0105643 0.0636762 0.0848049
451 0.072252 0.00888599 0.063366 0.081138
452 0.0828578 0.0358739 0.0469839 0.118732
453 0.0707766 0.00851289 0.0622637 0.0792894
454 0.0754807 0.0172793 0.0582015 0.09276
455 0.0694722 0.0116149 0.0578573 0.0810871
456 0.0701778 0.0119727 0.0582052 0.0821505
457 0.0735136 0.0164282 0.0570854 0.0899417
458 0.0708835 0.0113686 0.0595149 0.082252
459 0.0692798 0.00990548 0.0593743 0.0791853
460 0.0692156 0.00939891 0.0598167 0.0786145
461 0.0700496 0.0145751 0.0554744 0.0846247
462 0.069515 0.0134221 0.0560929 0.0829371
463 0.065046 0.00259746 0.0624485 0.0676434
464 0.0657089 0.00318387 0.062525 0.0688927
465 0.0651315 0.00239678 0.0627348 0.0675283
466 0.0646611 0.00220395 0.0624572 0.0668651
467 0.0646397 0.00253101 0.0621087 0.0671708
468 0.0648749 0.00232707 0.0625479 0.067202
469 0.0649177 0.00269658 0.0622211 0.0676143
470 0.0677189 0.00860983 0.059109 0.0763287
471 0.0687452 0.0104647 0.0582805 0.07921
472 0.0677188 0.0077796 0.0599392 0.0754984
473 0.0672698 0.00901535 0.0582544 0.0762851
474 0.072872 0.0205511 0.0523209 0.0934232
475 0.0683817 0.0111886 0.0571931 0.0795703
476 0.0712683 0.0181318 0.0531365 0.0894002
477 0.0681251 0.0107749 0.0573502 0.0789
478 0.0676547 0.0107447 0.05691 0.0783994
479 0.070691 0.0142468 0.0564443 0.0849378
480 0.0708407 0.0128419 0.0579988 0.0836826
481 0.0732355 0.0134196 0.0598159 0.0866552
482 0.0698143 0.0109365 0.0588779 0.0807508
483 0.0692584 0.0107854 0.058473 0.0800438
484 0.0683175 0.0106527 0.0576649 0.0789702
485 0.0680823 0.0106361 0.0574463 0.0787184
486 0.0773838 0.0298272 0.0475566 0.107211
487 0.0690446 0.0116149 0.0574297 0.0806595
488 0.0725727 0.0195214 0.0530513 0.0920941
489 0.069237 0.0118845 0.0573525 0.0811215
490 0.0688521 0.0120633 0.0567888 0.0809154
491 0.0688093 0.0111771 0.0576322 0.0799865
492 0.073706 0.0144445 0.0592615 0.0881504
493 0.074433 0.0141129 0.0603201 0.0885458
494 0.0734066 0.0119684 0.0614382 0.085375
495 0.0760581 0.0128319 0.0632261 0.08889
496 0.0777901 0.0156832 0.0621068 0.0934733
497 0.0772127 0.0145562 0.0626565 0.0917689
498 0.077619 0.0224624 0.0551566 0.100081
499 0.073877 0.0122818 0.0615952 0.0861589
500 0.0766995 0.0136536 0.0630459 0.0903532
501 0.070242 0.0089806 0.0612614 0.0792226
502 0.0691515 0.00836178 0.0607897 0.0775133
503 0.0693867 0.00946155 0.0599251 0.0788482
504 0.0697929 0.00885522 0.0609377 0.0786482
505 0.0719954 0.0139603 0.0580351 0.0859556
506 0.0707765 0.01089 0.0598865 0.0816666
507 0.0700068 0.0108012 0.0592056 0.080808
508 0.0698999 0.0110889 0.058811 0.0809888
509 0.0695577 0.0109192 0.0586386 0.0804769
510 0.0723375 0.0130608 0.0592767 0.0853983
511 0.0707766 0.013035 0.0577416 0.0838116
512 0.0729362 0.0131919 0.0597443 0.0861281
513 0.0737915 0.0147627 0.0590288 0.0885542
514 0.0719312 0.0110642 0.060867 0.0829955
515 0.0728079 0.0134917 0.0593162 0.0862996
516 0.069964 0.01066 0.059304 0.080624
517 0.0722733 0.0118553 0.060418 0.0841287
518 0.0695364 0.00883741 0.060699 0.0783738
519 0.0942975 0.108962 -0.0146644 0.203259
520 0.0686597 0.00817865 0.060481 0.0768383
521 0.069515 0.0126772 0.0568378 0.0821922
522 0.0674195 0.00444898 0.0629705 0.0718685
523 0.0665214 0.00399685 0.0625245 0.0705182
524 0.0666711 0.00359559 0.0630755 0.0702667
525 0.0725727 0.0102307 0.062342 0.0828035
526 0.0701564 0.0033304 0.0668261 0.0734868
527 0.0750103 0.0240972 0.0509131 0.0991075
528 0.0741764 0.0193333 0.0548431 0.0935097
529 0.0740053 0.0105471 0.0634583 0.0845524
530 0.0743047 0.0114742 0.0628304 0.0857789
531 0.07516 0.0147982 0.0603618 0.0899582
532 0.0711828 0.00813156 0.0630513 0.0793144
533 0.0762078 0.0159077 0.0603001 0.0921154
534 0.0757159 0.0131154 0.0626005 0.0888313
535 0.0737487 0.0111325 0.0626162 0.0848812
536 0.0755449 0.0162723 0.0592726 0.0918172
537 0.0754166 0.0142308 0.0611858 0.0896474
538 0.0761008 0.015397 0.0607038 0.0914978
539 0.0756945 0.0148501 0.0608444 0.0905446
540 0.0769989 0.0156287 0.0613703 0.0926276
541 0.0783888 0.0163412 0.0620476 0.09473
542 0.0791799 0.0227961 0.0563839 0.101976
543 0.0737488 0.0134391 0.0603097 0.0871879
544 0.077063 0.0156205 0.0614425 0.0926836
545 0.0772341 0.0139898 0.0632443 0.0912239
546 0.071974 0.00891232 0.0630617 0.0808863
547 0.0716105 0.00831175 0.0632987 0.0799222
548 0.071974 0.00923087 0.0627431 0.0812048
549 0.074882 0.0125856 0.0622965 0.0874676
550 0.0689804 0.00840869 0.0605717 0.0773891
551 0.0682534 0.00780323 0.0604502 0.0760566
552 0.069237 0.00841499 0.060822 0.077652
553 0.0711187 0.0109767 0.060142 0.0820954
554 0.0717816 0.0132139 0.0585677 0.0849955
555 0.0671843 0.0110703 0.056114 0.0782545
556 0.068232 0.0113529 0.0568791 0.079585
557 0.0691087 0.0125561 0.0565526 0.0816648
558 0.0681251 0.0119545 0.0561706 0.0800796
559 0.0683389 0.0127786 0.0555603 0.0811175
560 0.0684245 0.012004 0.0564204 0.0804285
561 0.0686811 0.0135022 0.0551789 0.0821832
562 0.0674622 0.0111935 0.0562688 0.0786557
563 0.0679541 0.0112245 0.0567296 0.0791785
564 0.0686383 0.0111161 0.0575222 0.0797544
565 0.0683817 0.00893261 0.0594491 0.0773143
566 0.0659868 0.00763706 0.0583498 0.0736239
567 0.0663931 0.00769284 0.0587003 0.074086
568 0.066329 0.00775679 0.0585722 0.0740858
569 0.0687452 0.0119229 0.0568223 0.0806681
570 0.0681465 0.0109242 0.0572223 0.0790707
571 0.0689804 0.0112393 0.0577411 0.0802197
572 0.0694936 0.0113377 0.0581559 0.0808313
573 0.0769562 0.0204852 0.0564709 0.0974414
574 0.0804629 0.0186146 0.0618483 0.0990775
575 0.0797573 0.0170491 0.0627082 0.0968063
576 0.0821735 0.0164328 0.0657407 0.0986063
577 0.0810402 0.0174938 0.0635464 0.0985341
578 0.0804415 0.0201682 0.0602733 0.10061
579 0.0812968 0.0170295 0.0642674 0.0983263
580 0.079629 0.016175 0.063454 0.095804
581 0.0761436 0.0127147 0.063429 0.0888583
582 0.0790516 0.0171436 0.061908 0.0961953
583 0.07717 0.0119333 0.0652366 0.0891033
584 0.0702206 0.00267958 0.067541 0.0729002
585 0.073706 0.0123874 0.0613186 0.0860934
586 0.0756946 0.0217998 0.0538947 0.0974944
587 0.0730003 0.0114073 0.0615931 0.0844076
588 0.0739412 0.0114535 0.0624877 0.0853947
589 0.0734921 0.0111217 0.0623705 0.0846138
590 0.0742192 0.0119777 0.0622415 0.0861969
591 0.0764429 0.0113396 0.0651034 0.0877825
592 0.0766354 0.0111744 0.065461 0.0878098
593 0.07717 0.0111842 0.0659858 0.0883541
594 0.0791372 0.019275 0.0598622 0.0984122
595 0.0794151 0.0157665 0.0636487 0.0951816
596 0.0792013 0.013584 0.0656173 0.0927853
597 0.0793937 0.0150375 0.0643562 0.0944313
598 0.0791586 0.0159921 0.0631665 0.0951507
599 0.0763788 0.0133373 0.0630415 0.0897161
600 0.0768278 0.0135582 0.0632696 0.090386
601 0.0785171 0.0157417 0.0627754 0.0942588
602 0.0773197 0.015655 0.0616646 0.0929747
603 0.0759511 0.0141981 0.0617531 0.0901492
604 0.0779611 0.0171579 0.0608032 0.0951191
605 0.0779611 0.0140587 0.0639024 0.0920199
606 0.0766354 0.0138836 0.0627518 0.090519
607 0.0771272 0.0140269 0.0631003 0.0911541
608 0.076892 0.0122167 0.0646753 0.0891087
609 0.0743902 0.00918057 0.0652096 0.0835708
610 0.072423 0.00790437 0.0645186 0.0803274
611 0.0739626 0.00798976 0.0659728 0.0819523
612 0.0740267 0.00783773 0.066189 0.0818644
613 0.0738129 0.00802735 0.0657855 0.0818402
614 0.0739626 0.00784655 0.066116 0.0818091
615 0.0748606 0.00707049 0.0677901 0.0819311
616 0.0721023 0.00351196 0.0685903 0.0756143
617 0.0752883 0.00931406 0.0659742 0.0846024
618 0.0729576 0.00453675 0.0684208 0.0774943
619 0.0697716 0.00480473 0.0649668 0.0745763
620 0.0690018 0.00260928 0.0663925 0.0716111
621 0.0691087 0.00395528 0.0651534 0.073064
622 0.0706482 0.00843094 0.0622173 0.0790792
623 0.0689163 0.00327449 0.0656418 0.0721908
624 0.0685741 0.00321245 0.0653617 0.0717866
625 0.0691515 0.00546344 0.063688 0.0746149
626 0.0745185 0.0164315 0.058087 0.09095
627 0.0725513 0.00900845 0.0635429 0.0815598
628 0.0712256 0.00874178 0.0624838 0.0799673
629 0.0744116 0.0124498 0.0619618 0.0868614
630 0.0714394 0.00833482 0.0631046 0.0797742
631 0.070242 0.00793625 0.0623057 0.0781782
632 0.075609 0.0167499 0.0588591 0.0923589
633 0.0735349 0.0154805 0.0580544 0.0890154
634 0.0704558 0.00777328 0.0626825 0.0782291
635 0.0731928 0.014957 0.0582358 0.0881498
636 0.0715036 0.0105402 0.0609634 0.0820438
637 0.0729362 0.0101719 0.0627643 0.0831081
638 0.07315 0.012075 0.061075 0.0852251
639 0.0722092 0.0102461 0.0619631 0.0824553
640 0.0764002 0.0152758 0.0611244 0.091676
641 0.0711187 0.0103692 0.0607494 0.0814879
642 0.0726155 0.0213011 0.0513144 0.0939165
643 0.0669704 0.00622141 0.060749 0.0731919
644 0.0665428 0.00560437 0.0609384 0.0721472
645 0.0652171 0.00317298 0.0620441 0.0683901
646 0.0649605 0.00255485 0.0624056 0.0675153
647 0.0656661 0.00533364 0.0603325 0.0709998
648 0.064768 0.00280586 0.0619622 0.0675739
649 0.0692584 0.011783 0.0574754 0.0810413
650 0.0683817 0.00841499 0.0599667 0.0767967
651 0.0688094 0.0101354 0.058674 0.0789447
652 0.0699212 0.011466 0.0584553 0.0813872
653 0.0686811 0.0108715 0.0578096 0.0795525
654 0.0681465 0.0106736 0.0574729 0.0788201
655 0.0700496 0.0110245 0.0590251 0.081074
656 0.0754807 0.0147236 0.0607571 0.0902044
657 0.0708621 0.0118847 0.0589774 0.0827467
658 0.0700282 0.0109757 0.0590525 0.0810038
659 0.0687238 0.0103401 0.0583837 0.0790639
660 0.0726155 0.0145839 0.0580316 0.0871993
661 0.0688521 0.0112595 0.0575926 0.0801117
662 0.0724872 0.0113263 0.0611608 0.0838135
663 0.0756732 0.014364 0.0613092 0.0900372
664 0.0768706 0.017185 0.0596856 0.0940556
665 0.0781322 0.0163842 0.0617479 0.0945164
666 0.076443 0.0136975 0.0627454 0.0901405
667 0.0751814 0.0115439 0.0636374 0.0867253
668 0.0726796 0.0151967 0.0574829 0.0878763
669 0.0683603 0.00780893 0.0605514 0.0761693
670 0.0680396 0.00797419 0.0600654 0.0760138
671 0.0682534 0.0079679 0.0602855 0.0762213
672 0.0707766 0.0123054 0.0584712 0.0830819
673 0.0669704 0.0100843 0.0568862 0.0770547
674 0.065602 0.00801254 0.0575894 0.0736145
675 0.0668635 0.0105642 0.0562993 0.0774277
676 0.0669918 0.0106624 0.0563294 0.0776542
677 0.0668421 0.010333 0.0565091 0.0771751
678 0.0699212 0.0144015 0.0555198 0.0843227
679 0.0709262 0.0144299 0.0564963 0.0853561
680 0.0712683 0.0168146 0.0544538 0.0880829
681 0.0693867 0.0125448 0.0568419 0.0819315
682 0.0712897 0.0135155 0.0577742 0.0848053
683 0.0685741 0.0125217 0.0560524 0.0810959
684 0.069515 0.0121701 0.0573449 0.081685
685 0.0689376 0.0113498 0.0575878 0.0802875
686 0.0679541 0.0106355 0.0573186 0.0785895
687 0.0670132 0.0109433 0.0560699 0.0779565
688 0.0688949 0.0134557 0.0554391 0.0823506
689 0.0673553 0.0107583 0.0565971 0.0781136
690 0.068959 0.0120055 0.0569536 0.0809645
691 0.0709476 0.0106698 0.0602778 0.0816175
692 0.0710545 0.0105252 0.0605293 0.0815797
693 0.0730217 0.0125725 0.0604493 0.0855942
694 0.0713966 0.0110451 0.0603515 0.0824417
695 0.0715249 0.0112326 0.0602923 0.0827576
696 0.0716105 0.00939521 0.0622153 0.0810057
697 0.0697716 0.00451627 0.0652553 0.0742878
698 0.0692798 0.00631278 0.062967 0.0755925
699 0.0673553 0.00283187 0.0645235 0.0701872
700 0.0694508 0.0105773 0.0588735 0.0800281
701 0.0720167 0.0174828 0.0545339 0.0894995
702 0.0711828 0.0149743 0.0562086 0.0861571
703 0.0705841 0.0138598 0.0567243 0.0844439
704 0.078902 0.0227222 0.0561798 0.101624
705 0.0713753 0.0147865 0.0565888 0.0861617
706 0.0789233 0.0267546 0.0521687 0.105678
707 0.0755876 0.0176123 0.0579754 0.0931999
708 0.0815748 0.0181477 0.063427 0.0997225
709 0.0805057 0.0190802 0.0614255 0.0995858
710 0.076336 0.0157127 0.0606234 0.0920487
711 0.0744758 0.0146263 0.0598495 0.089102
712 0.0722306 0.0145294 0.0577011 0.08676
713 0.0726582 0.0142511 0.0584071 0.0869093
714 0.0710332 0.0146766 0.0563566 0.0857097
715 0.0801421 0.031985 0.0481571 0.112127
716 0.0726155 0.0158056 0.0568099 0.0884211
717 0.0726155 0.0214419 0.0511736 0.0940573
718 0.0685314 0.0140651 0.0544663 0.0825965
719 0.0679754 0.0119807 0.0559947 0.0799562
720 0.0713753 0.0135741 0.0578011 0.0849494
721 0.0719526 0.0198704 0.0520822 0.091823
722 0.0665428 0.008531 0.0580118 0.0750738
723 0.0668849 0.00924403 0.0576409 0.0761289
724 0.0661365 0.00582185 0.0603147 0.0719584
725 0.0642762 0.0023699 0.0619063 0.0666461
726 0.0644901 0.00340946 0.0610806 0.0678995
727 0.0655592 0.00647028 0.0590889 0.0720294
728 0.0653454 0.00751575 0.0578296 0.0728611
729 0.0647253 0.00391548 0.0608098 0.0686407
730 0.067227 0.0104557 0.0567713 0.0776828
731 0.0643404 0.00336048 0.0609799 0.0677009
732 0.0638486 0.00266073 0.0611878 0.0665093
733 0.0661151 0.00842639 0.0576887 0.0745415
734 0.066051 0.00823992 0.0578111 0.0742909
735 0.0682106 0.0096184 0.0585922 0.077829
736 0.0678685 0.00785544 0.0600131 0.075724
737 0.0680824 0.00990973 0.0581726 0.0779921
738 0.0674195 0.00903176 0.0583877 0.0764512
739 0.0664359 0.00781948 0.0586164 0.0742553
740 0.0686383 0.00982626 0.058812 0.0784645
741 0.0699212 0.00601685 0.0639044 0.0759381
742 0.0667994 0.00306481 0.0637346 0.0698642
743 0.0676547 0.00456929 0.0630854 0.072224
744 0.0669918 0.00341393 0.0635779 0.0704058
745 0.0675691 0.00346107 0.0641081 0.0710302
746 0.0689376 0.00912474 0.0598129 0.0780624
747 0.0694295 0.00745672 0.0619727 0.0768862
748 0.0709904 0.013798 0.0571924 0.0847884
749 0.0685528 0.00943275 0.05912 0.0779855
750 0.0710759 0.0123551 0.0587208 0.083431
751 0.0682534 0.00870502 0.0595484 0.0769584
752 0.0702634 0.00992403 0.0603393 0.0801874
753 0.0725727 0.018587 0.0539858 0.0911597
754 0.0718885 0.0131324 0.058756 0.0850209
755 0.0714608 0.0118576 0.0596032 0.0833184
756 0.0705841 0.0114588 0.0591254 0.0820429
757 0.0765499 0.0147729 0.0617769 0.0913228
758 0.0730431 0.0137433 0.0592998 0.0867864
759 0.0732142 0.0213773 0.0518368 0.0945915
760 0.0713325 0.0112291 0.0601034 0.0825616
761 0.0675691 0.00491334 0.0626558 0.0724825
762 0.0682962 0.00741962 0.0608765 0.0757158
763 0.0691728 0.00960638 0.0595665 0.0787792
764 0.0699426 0.00904004 0.0609026 0.0789827
765 0.0716746 0.0112996 0.060375 0.0829742
766 0.0690018 0.0125166 0.0564852 0.0815184
767 0.0681679 0.0106771 0.0574907 0.078845
768 0.0717602 0.013582 0.0581781 0.0853422
769 0.0699212 0.0111563 0.0587649 0.0810776
770 0.0700068 0.014737 0.0552698 0.0847438
771 0.0688307 0.0114148 0.0574159 0.0802455
772 0.0685741 0.011676 0.0568981 0.0802502
773 0.0679113 0.0102348 0.0576765 0.0781461
774 0.0703917 0.0141871 0.0562046 0.0845788
775 0.0735563 0.0258569 0.0476994 0.0994132
776 0.0710545 0.0133872 0.0576674 0.0844417
777 0.067505 0.010825 0.05668 0.07833
778 0.0683176 0.0108719 0.0574457 0.0791894
779 0.068959 0.0108052 0.0581538 0.0797643
780 0.0685314 0.0113508 0.0571805 0.0798822
781 0.0729362 0.0148072 0.058129 0.0877434
782 0.0706696 0.0114694 0.0592002 0.0821391
783 0.0735135 0.020972 0.0525416 0.0944855
784 0.0682748 0.00770639 0.0605684 0.0759812
785 0.0705841 0.0113578 0.0592263 0.0819419
786 0.0669277 0.00733209 0.0595956 0.0742598
787 0.0702634 0.0112377 0.0590257 0.081501
788 0.0690659 0.0125299 0.056536 0.0815959
789 0.0654309 0.00274497 0.0626859 0.0681759
790 0.065495 0.00375331 0.0617417 0.0692483
791 0.0670132 0.00655874 0.0604545 0.073572
792 0.0693653 0.0101756 0.0591897 0.0795409
793 0.0713966 0.0150401 0.0563566 0.0864367
794 0.0712256 0.0128349 0.0583907 0.0840605
795 0.0706696 0.0132302 0.0574394 0.0838999
796 0.0714394 0.0130896 0.0583498 0.084529
797 0.0709476 0.0126558 0.0582918 0.0836034
798 0.0768492 0.0200742 0.056775 0.0969235
799 0.0743047 0.0145067 0.0597979 0.0888114
