# ../output/graphs/perf_parallel91QUADRUPED_thread4
# step - mean (0.273496) - standard deviation (0.295226) r=20 - ylow - yhigh
0 0.452761 0.391634 0.0611264 0.844395
1 0.344852 0.294408 0.0504433 0.63926
2 0.458842 0.455728 0.00311338 0.91457
3 0.279419 0.21094 0.0684793 0.490358
4 0.264269 0.108541 0.155728 0.37281
5 0.234255 0.0144223 0.219833 0.248678
6 0.340182 0.306206 0.0339759 0.646389
7 0.270125 0.146184 0.123941 0.416309
8 0.234751 0.0116993 0.223052 0.24645
9 0.510912 0.705655 -0.194743 1.21657
10 0.232709 0.0107751 0.221934 0.243484
11 0.248024 0.0773586 0.170665 0.325382
12 0.297962 0.290033 0.00792912 0.587994
13 0.31685 0.267738 0.0491116 0.584588
14 0.22897 0.00364143 0.225329 0.232612
15 0.279509 0.190034 0.0894745 0.469543
16 0.284193 0.214516 0.0696779 0.498709
17 0.286656 0.167676 0.11898 0.454332
18 0.270275 0.141506 0.128769 0.411781
19 0.253594 0.0644967 0.189097 0.318091
20 0.23873 0.0328024 0.205927 0.271532
21 0.334207 0.282196 0.0520101 0.616403
22 0.235321 0.0126803 0.222641 0.248002
23 0.256687 0.100431 0.156256 0.357118
24 0.395781 0.535584 -0.139803 0.931364
25 0.293878 0.22901 0.0648677 0.522888
26 0.280665 0.212796 0.067869 0.493461
27 0.324883 0.247118 0.0777651 0.572
28 0.244255 0.0317842 0.212471 0.276039
29 0.272993 0.109221 0.163771 0.382214
30 0.236508 0.015776 0.220732 0.252284
31 0.29631 0.180901 0.115409 0.477211
32 0.236357 0.00373362 0.232624 0.240091
33 0.316219 0.341188 -0.024969 0.657408
34 0.279059 0.17643 0.102629 0.455488
35 0.240216 0.00676049 0.233456 0.246977
36 0.271581 0.126158 0.145424 0.397739
37 0.244645 0.0215828 0.223063 0.266228
38 0.251117 0.0339446 0.217172 0.285061
39 0.251192 0.0459986 0.205193 0.29719
40 0.323321 0.198502 0.124819 0.521823
41 0.236643 0.0032571 0.233386 0.2399
42 0.284929 0.177011 0.107918 0.46194
43 0.284314 0.190211 0.0941027 0.474524
44 0.235877 0.00417553 0.231701 0.240052
45 0.301025 0.248449 0.0525754 0.549474
46 0.28044 0.11961 0.16083 0.400049
47 0.287437 0.228846 0.0585903 0.516283
48 0.233685 0.0111446 0.22254 0.244829
49 0.391141 0.417505 -0.0263641 0.808647
50 0.257753 0.0735797 0.184173 0.331333
51 0.286641 0.194858 0.0917827 0.481499
52 0.234451 0.0105216 0.223929 0.244972
53 0.235607 0.0145544 0.221052 0.250161
54 0.230472 0.00288731 0.227584 0.233359
55 0.338591 0.311244 0.027347 0.649835
56 0.323606 0.269004 0.0546027 0.59261
57 0.231913 0.0100451 0.221868 0.241958
58 0.240381 0.041477 0.198904 0.281858
59 0.257828 0.0887314 0.169097 0.346559
60 0.349732 0.337869 0.0118627 0.6876
61 0.242904 0.0511236 0.19178 0.294027
62 0.230727 0.00896767 0.221759 0.239695
63 0.229616 0.00352667 0.226089 0.233143
64 0.240516 0.0214791 0.219037 0.261995
65 0.282167 0.148332 0.133834 0.430499
66 0.268518 0.13404 0.134478 0.402559
67 0.252513 0.0738817 0.178631 0.326395
68 0.246267 0.0453555 0.200911 0.291623
69 0.242108 0.0231006 0.219007 0.265209
70 0.305934 0.306275 -0.000340385 0.612209
71 0.276191 0.126826 0.149365 0.403017
72 0.259615 0.0605694 0.199045 0.320184
73 0.297691 0.227437 0.0702548 0.525128
74 0.243354 0.00439839 0.238956 0.247753
75 0.330723 0.314913 0.0158106 0.645636
76 0.297797 0.145914 0.151883 0.44371
77 0.247633 0.0151553 0.232478 0.262789
78 0.292842 0.209221 0.0836207 0.502063
79 0.246342 0.0120794 0.234263 0.258421
80 0.256207 0.0407817 0.215425 0.296988
81 0.262513 0.0687495 0.193763 0.331262
82 0.246597 0.0118386 0.234759 0.258436
83 0.298562 0.16031 0.138252 0.458873
84 0.243534 0.00472895 0.238805 0.248263
85 0.281431 0.0875904 0.19384 0.369021
86 0.401456 0.357602 0.0438546 0.759058
87 0.243129 0.00356482 0.239564 0.246694
88 0.248834 0.0160558 0.232779 0.26489
89 0.248879 0.0183212 0.230558 0.267201
90 0.264224 0.0651416 0.199083 0.329366
91 0.265185 0.0665205 0.198665 0.331706
92 0.294253 0.148819 0.145435 0.443072
93 0.273924 0.11172 0.162204 0.385643
94 0.250261 0.0194914 0.230769 0.269752
95 0.310304 0.27456 0.0357436 0.584864
96 0.314868 0.275107 0.0397607 0.589975
97 0.244826 0.00494256 0.239883 0.249768
98 0.312916 0.177196 0.13572 0.490112
99 0.282617 0.141781 0.140836 0.424398
100 0.25984 0.0586344 0.201206 0.318474
101 0.263549 0.0959183 0.16763 0.359467
102 0.272843 0.113886 0.158957 0.386728
103 0.253909 0.026998 0.226911 0.280907
104 0.316099 0.310313 0.0057858 0.626412
105 0.252753 0.042835 0.209918 0.295588
106 0.279584 0.0970628 0.182521 0.376647
107 0.252558 0.0209163 0.231642 0.273474
108 0.242393 0.00328484 0.239108 0.245678
109 0.257288 0.0688501 0.188437 0.326138
110 0.248549 0.01705 0.231499 0.265599
111 0.243369 0.0088131 0.234556 0.252182
112 0.264825 0.085192 0.179633 0.350017
113 0.251342 0.0200794 0.231262 0.271421
114 0.269975 0.113945 0.15603 0.38392
115 0.269314 0.105295 0.164019 0.374609
116 0.247048 0.0159182 0.23113 0.262966
117 0.258834 0.0645418 0.194292 0.323376
118 0.248879 0.0280468 0.220833 0.276926
119 0.246642 0.0311386 0.215504 0.277781
120 0.326054 0.292269 0.0337849 0.618323
121 0.376848 0.400628 -0.0237802 0.777475
122 0.283608 0.15948 0.124128 0.443088
123 0.252633 0.0479286 0.204704 0.300562
124 0.252843 0.0455871 0.207256 0.29843
125 0.242979 0.0297214 0.213257 0.2727
126 0.243009 0.0175328 0.225476 0.260542
127 0.326579 0.350427 -0.0238475 0.677006
128 0.269404 0.101109 0.168295 0.370513
129 0.243669 0.0236023 0.220067 0.267272
130 0.261221 0.0788391 0.182382 0.34006
131 0.247934 0.0309451 0.216988 0.278879
132 0.242573 0.0125955 0.229978 0.255169
133 0.318712 0.302584 0.0161274 0.621296
134 0.280725 0.188521 0.0922045 0.469246
135 0.276671 0.159979 0.116692 0.43665
136 0.244615 0.0305417 0.214074 0.275157
137 0.241447 0.01195 0.229497 0.253397
138 0.26469 0.051105 0.213585 0.315795
139 0.293232 0.205895 0.0873369 0.499127
140 0.293713 0.234267 0.0594452 0.52798
141 0.240501 0.0115628 0.228939 0.252064
142 0.246612 0.0208334 0.225779 0.267446
143 0.276371 0.140291 0.13608 0.416662
144 0.240937 0.0105629 0.230374 0.2515
145 0.23861 0.00463983 0.23397 0.243249
146 0.259179 0.0691882 0.189991 0.328368
147 0.252318 0.0344166 0.217901 0.286734
148 0.304013 0.224693 0.0793191 0.528706
149 0.268834 0.150552 0.118282 0.419386
150 0.235727 0.00774839 0.227978 0.243475
151 0.333186 0.242935 0.0902501 0.576121
152 0.407537 0.552291 -0.144754 0.959828
153 0.246027 0.0478146 0.198212 0.293841
154 0.234556 0.00286127 0.231694 0.237417
155 0.241853 0.0254106 0.216442 0.267263
156 0.24439 0.0265886 0.217802 0.270979
157 0.269584 0.141684 0.1279 0.411268
158 0.290004 0.175007 0.114997 0.465011
159 0.241057 0.0191943 0.221863 0.260251
160 0.284914 0.201689 0.083225 0.486603
161 0.239721 0.00959427 0.230126 0.249315
162 0.347269 0.320787 0.0264824 0.668056
163 0.28541 0.0968813 0.188528 0.382291
164 0.24406 0.0170102 0.22705 0.26107
165 0.242408 0.0116146 0.230794 0.254023
166 0.250486 0.0554239 0.195062 0.30591
167 0.238294 0.00292605 0.235368 0.24122
168 0.238129 0.00845622 0.229673 0.246585
169 0.243669 0.0163536 0.227316 0.260023
170 0.234676 0.00972932 0.224946 0.244405
171 0.246357 0.0252792 0.221078 0.271636
172 0.281686 0.148433 0.133253 0.430119
173 0.241222 0.0159369 0.225285 0.257159
174 0.237453 0.0103571 0.227096 0.247811
175 0.243534 0.0225355 0.220999 0.26607
176 0.266702 0.141348 0.125353 0.40805
177 0.342555 0.33399 0.00856499 0.676544
178 0.243369 0.0406991 0.20267 0.284068
179 0.292511 0.245486 0.0470252 0.537998
180 0.237814 0.0174964 0.220317 0.25531
181 0.231703 0.00275121 0.228952 0.234454
182 0.241582 0.0301911 0.211391 0.271774
183 0.271056 0.126276 0.144779 0.397332
184 0.238009 0.0238295 0.21418 0.261838
185 0.312045 0.247715 0.0643303 0.55976
186 0.231192 0.00947025 0.221722 0.240663
187 0.230892 0.0106689 0.220223 0.241561
188 0.288232 0.122183 0.16605 0.410415
189 0.236117 0.0168607 0.219257 0.252978
190 0.233174 0.0115162 0.221658 0.244691
191 0.328216 0.25717 0.0710458 0.585386
192 0.237453 0.0124741 0.224979 0.249928
193 0.270996 0.16614 0.104856 0.437136
194 0.357974 0.295177 0.0627972 0.653152
195 0.288397 0.15879 0.129608 0.447187
196 0.233775 0.00359282 0.230182 0.237368
197 0.235066 0.00333929 0.231727 0.238405
198 0.276776 0.145462 0.131314 0.422239
199 0.287572 0.136058 0.151514 0.42363
200 0.254044 0.0324711 0.221573 0.286516
201 0.288863 0.12951 0.159353 0.418373
202 0.250876 0.020183 0.230693 0.271059
203 0.31727 0.342371 -0.0251003 0.659641
204 0.310559 0.262141 0.0484181 0.5727
205 0.253699 0.042435 0.211264 0.296134
206 0.27496 0.0922739 0.182686 0.367233
207 0.319823 0.340205 -0.0203819 0.660027
208 0.30697 0.200761 0.106209 0.507732
209 0.268699 0.0793847 0.189314 0.348083
210 0.339597 0.283167 0.0564293 0.622764
211 0.28026 0.163955 0.116305 0.444214
212 0.354026 0.330277 0.0237485 0.684303
213 0.281506 0.100762 0.180744 0.382267
214 0.242919 0.0107629 0.232156 0.253682
215 0.238204 0.00896697 0.229237 0.247171
216 0.252228 0.0493727 0.202855 0.3016
217 0.274915 0.12849 0.146424 0.403405
218 0.243444 0.0142547 0.229189 0.257699
219 0.242874 0.0105779 0.232296 0.253452
220 0.321399 0.301307 0.0200918 0.622707
221 0.244705 0.0138618 0.230844 0.258567
222 0.296731 0.19612 0.10061 0.492851
223 0.240246 0.00523613 0.23501 0.245482
224 0.266612 0.0593559 0.207256 0.325967
225 0.372103 0.340365 0.0317376 0.712469
226 0.246462 0.0191527 0.227309 0.265615
227 0.241522 0.0124944 0.229028 0.254017
228 0.349656 0.295005 0.0546516 0.644661
229 0.345392 0.322096 0.0232959 0.667489
230 0.243279 0.0104111 0.232868 0.25369
231 0.279884 0.112055 0.16783 0.391939
232 0.268173 0.101876 0.166297 0.370049
233 0.274614 0.128359 0.146256 0.402973
234 0.244495 0.0146803 0.229815 0.259176
235 0.449503 0.426687 0.0228151 0.87619
236 0.258669 0.0606445 0.198024 0.319313
237 0.242333 0.0044123 0.237921 0.246745
238 0.342525 0.319354 0.0231708 0.661878
239 0.241868 0.00377992 0.238088 0.245648
240 0.263534 0.0734888 0.190045 0.337022
241 0.304403 0.267488 0.0369151 0.571891
242 0.242754 0.00849898 0.234255 0.251253
243 0.243009 0.0050031 0.238006 0.248012
244 0.256957 0.0798949 0.177062 0.336852
245 0.286235 0.12672 0.159516 0.412955
246 0.327795 0.234957 0.0928381 0.562753
247 0.236628 0.00360347 0.233024 0.240231
248 0.237273 0.0106466 0.226627 0.24792
249 0.250636 0.0342583 0.216378 0.284894
250 0.25457 0.0583308 0.196239 0.312901
251 0.330498 0.212941 0.117557 0.543439
252 0.299373 0.286963 0.0124101 0.586336
253 0.24448 0.0403951 0.204085 0.284875
254 0.239495 0.0396855 0.19981 0.279181
255 0.29619 0.263885 0.0323054 0.560075
256 0.367584 0.281642 0.0859414 0.649226
257 0.238279 0.0163119 0.221967 0.254591
258 0.434098 0.568714 -0.134617 1.00281
259 0.242078 0.0163315 0.225746 0.258409
260 0.237303 0.0123538 0.224949 0.249657
261 0.264134 0.101684 0.16245 0.365818
262 0.235517 0.00345149 0.232065 0.238968
263 0.241522 0.0201588 0.221364 0.261681
264 0.242108 0.0187883 0.22332 0.260896
265 0.294238 0.279592 0.0146462 0.57383
266 0.232694 0.00454311 0.228151 0.237237
267 0.231433 0.00827573 0.223157 0.239708
268 0.276972 0.136241 0.140731 0.413212
269 0.282842 0.154262 0.12858 0.437104
270 0.233129 0.0103738 0.222756 0.243503
271 0.234481 0.0111254 0.223355 0.245606
272 0.263834 0.109086 0.154748 0.37292
273 0.255546 0.0797148 0.175831 0.335261
274 0.238204 0.0173183 0.220886 0.255523
275 0.23424 0.0107361 0.223504 0.244976
276 0.251567 0.0505771 0.20099 0.302144
277 0.235667 0.0129566 0.22271 0.248623
278 0.228595 0.00372271 0.224872 0.232318
279 0.299854 0.2922 0.00765362 0.592053
280 0.302556 0.291015 0.0115407 0.593572
281 0.314733 0.347184 -0.0324507 0.661916
282 0.246928 0.0499571 0.19697 0.296885
283 0.282557 0.163722 0.118835 0.446279
284 0.343395 0.323745 0.0196501 0.667141
285 0.312436 0.17228 0.140155 0.484716
286 0.242844 0.0158489 0.226995 0.258693
287 0.243429 0.0160606 0.227369 0.25949
288 0.26505 0.0913221 0.173728 0.356372
289 0.244075 0.0178043 0.226271 0.261879
290 0.296325 0.138654 0.157671 0.434979
291 0.323711 0.183532 0.140179 0.507244
292 0.240186 0.00878635 0.2314 0.248972
293 0.239075 0.0118966 0.227178 0.250972
294 0.246282 0.0301333 0.216149 0.276415
295 0.239556 0.0129305 0.226625 0.252486
296 0.239601 0.0102424 0.229358 0.249843
297 0.251717 0.0618903 0.189827 0.313608
298 0.24924 0.0360908 0.213149 0.285331
299 0.239525 0.00411108 0.235414 0.243637
300 0.309928 0.239941 0.0699871 0.549869
301 0.325378 0.206457 0.118921 0.531835
302 0.298607 0.246217 0.0523902 0.544824
303 0.243384 0.028331 0.215053 0.271715
304 0.318006 0.356529 -0.038523 0.674535
305 0.238069 0.0139376 0.224131 0.252007
306 0.341594 0.270683 0.0709102 0.612277
307 0.302376 0.209852 0.092524 0.512228
308 0.313832 0.272251 0.0415805 0.586083
309 0.242063 0.0168601 0.225203 0.258923
310 0.237979 0.00764971 0.230329 0.245629
311 0.237003 0.0110635 0.22594 0.248067
312 0.235487 0.00578912 0.229697 0.241276
313 0.241462 0.016373 0.225089 0.257835
314 0.235006 0.00914694 0.225859 0.244153
315 0.240111 0.023397 0.216714 0.263508
316 0.309733 0.254364 0.0553693 0.564097
317 0.236988 0.0102074 0.226781 0.247195
318 0.253129 0.0587572 0.194371 0.311886
319 0.246222 0.0375178 0.208704 0.28374
320 0.307766 0.301286 0.0064798 0.609052
321 0.319718 0.245676 0.0740415 0.565394
322 0.251582 0.0747328 0.176849 0.326315
323 0.287617 0.133347 0.154269 0.420964
324 0.253834 0.0611557 0.192678 0.31499
325 0.246507 0.0269361 0.219571 0.273443
326 0.240516 0.00992384 0.230593 0.25044
327 0.246672 0.0114711 0.235201 0.258143
328 0.252543 0.024209 0.228334 0.276752
329 0.286821 0.154307 0.132514 0.441127
330 0.251357 0.0162349 0.235122 0.267592
331 0.24978 0.0225106 0.22727 0.272291
332 0.2499 0.0146901 0.23521 0.264591
333 0.286446 0.121236 0.165209 0.407682
334 0.279059 0.114007 0.165051 0.393066
335 0.27526 0.102904 0.172356 0.378164
336 0.282827 0.0794034 0.203424 0.36223
337 0.282362 0.117003 0.165358 0.399365
338 0.278473 0.133494 0.144979 0.411967
339 0.247048 0.00981173 0.237236 0.256859
340 0.261326 0.053806 0.20752 0.315132
341 0.320964 0.240545 0.0804192 0.561508
342 0.244375 0.00472189 0.239653 0.249097
343 0.300829 0.165438 0.135391 0.466268
344 0.278248 0.144451 0.133796 0.422699
345 0.310574 0.179458 0.131116 0.490032
346 0.248249 0.0147019 0.233547 0.262951
347 0.268248 0.0937406 0.174508 0.361989
348 0.286386 0.15598 0.130406 0.442365
349 0.249945 0.0199287 0.230017 0.269874
350 0.252123 0.0178075 0.234315 0.26993
351 0.252198 0.0366687 0.215529 0.288866
352 0.244766 0.00277974 0.241986 0.247545
353 0.247483 0.00733362 0.24015 0.254817
354 0.277662 0.126951 0.150711 0.404613
355 0.246657 0.00709178 0.239566 0.253749
356 0.327585 0.321213 0.00637248 0.648798
357 0.508374 1.15855 -0.650177 1.66693
358 0.245802 0.0107319 0.23507 0.256533
359 0.243354 0.00993834 0.233416 0.253292
360 0.36389 0.357088 0.00680231 0.720978
361 0.318637 0.327165 -0.00852883 0.645802
362 0.252828 0.0260445 0.226784 0.278873
363 0.246162 0.0177478 0.228414 0.26391
364 0.287331 0.100907 0.186425 0.388238
365 0.3067 0.268879 0.0378213 0.575579
366 0.281371 0.142492 0.138878 0.423863
367 0.26505 0.0646001 0.20045 0.32965
368 0.241282 0.00340865 0.237874 0.244691
369 0.320423 0.332017 -0.0115933 0.65244
370 0.261807 0.0555665 0.20624 0.317373
371 0.277452 0.140699 0.136753 0.418151
372 0.240486 0.0162903 0.224196 0.256777
373 0.245636 0.0224712 0.223165 0.268108
374 0.252108 0.0381245 0.213983 0.290232
375 0.250201 0.0436272 0.206574 0.293828
376 0.267858 0.0929942 0.174864 0.360852
377 0.253429 0.0690131 0.184416 0.322442
378 0.316565 0.368092 -0.0515276 0.684657
379 0.256597 0.067659 0.188938 0.324256
380 0.24891 0.0277627 0.221147 0.276672
381 0.237018 0.00853005 0.228488 0.245548
382 0.238565 0.0128577 0.225707 0.251422
383 0.318592 0.218851 0.099741 0.537442
384 0.292361 0.166213 0.126148 0.458575
385 0.24394 0.0165323 0.227407 0.260472
386 0.330888 0.267367 0.0635215 0.598255
387 0.272377 0.0886273 0.18375 0.361004
388 0.373019 0.339899 0.0331196 0.712918
389 0.24457 0.024944 0.219626 0.269514
390 0.263278 0.0680166 0.195262 0.331295
391 0.243219 0.0255439 0.217675 0.268763
392 0.237559 0.0181857 0.219373 0.255744
393 0.303562 0.185822 0.11774 0.489384
394 0.238279 0.0147312 0.223548 0.25301
395 0.235952 0.0107941 0.225158 0.246746
396 0.239781 0.0345959 0.205185 0.274377
397 0.237123 0.0146648 0.222458 0.251788
398 0.242048 0.0297215 0.212326 0.271769
399 0.242724 0.0279651 0.214758 0.270689
400 0.269795 0.130983 0.138812 0.400777
401 0.25975 0.0940471 0.165703 0.353797
402 0.266251 0.138268 0.127984 0.404519
403 0.233234 0.00556637 0.227668 0.238801
404 0.289043 0.13046 0.158584 0.419503
405 0.293352 0.156048 0.137304 0.4494
406 0.235517 0.012064 0.223453 0.247581
407 0.23876 0.0156144 0.223145 0.254374
408 0.236973 0.0201535 0.21682 0.257126
409 0.23888 0.0100981 0.228782 0.248978
410 0.241898 0.00931257 0.232585 0.25121
411 0.313772 0.216184 0.0975881 0.529956
412 0.241252 0.0101777 0.231074 0.25143
413 0.258038 0.0711974 0.186841 0.329236
414 0.270846 0.121088 0.149758 0.391933
415 0.249255 0.039591 0.209664 0.288846
416 0.276041 0.152203 0.123837 0.428244
417 0.24415 0.0166173 0.227533 0.260767
418 0.308682 0.262606 0.0460759 0.571288
419 0.25421 0.0344621 0.219748 0.288672
420 0.287226 0.123433 0.163793 0.41066
421 0.308367 0.289206 0.0191612 0.597572
422 0.289073 0.161843 0.12723 0.450916
423 0.314718 0.317046 -0.00232834 0.631764
424 0.246222 0.026442 0.21978 0.272664
425 0.252603 0.0261394 0.226464 0.278742
426 0.273578 0.136083 0.137496 0.409661
427 0.241432 0.0109014 0.230531 0.252334
428 0.242498 0.0173528 0.225146 0.259851
429 0.240021 0.0128967 0.227124 0.252918
430 0.325033 0.278356 0.0466771 0.603388
431 0.235306 0.00653527 0.228771 0.241842
432 0.268068 0.144667 0.123401 0.412735
433 0.305919 0.285099 0.0208209 0.591018
434 0.266251 0.13866 0.127592 0.404911
435 0.283878 0.159566 0.124312 0.443445
436 0.253444 0.0766706 0.176773 0.330115
437 0.28017 0.147764 0.132405 0.427934
438 0.365347 0.327638 0.0377089 0.692984
439 0.28068 0.212371 0.0683094 0.493051
440 0.242378 0.0415333 0.200845 0.283911
441 0.236402 0.00959698 0.226805 0.245999
442 0.383799 0.387064 -0.00326485 0.770863
443 0.282227 0.112709 0.169518 0.394935
444 0.319237 0.217713 0.101524 0.53695
445 0.234976 0.00370647 0.23127 0.238683
446 0.237183 0.0128056 0.224378 0.249989
447 0.238625 0.0191285 0.219496 0.257753
448 0.238339 0.00695096 0.231388 0.24529
449 0.238324 0.00979203 0.228532 0.248116
450 0.260756 0.0816615 0.179094 0.342417
451 0.290079 0.150528 0.139551 0.440607
452 0.308397 0.258184 0.0502132 0.56658
453 0.313472 0.300445 0.0130262 0.613917
454 0.250711 0.0317586 0.218953 0.28247
455 0.327015 0.332138 -0.0051229 0.659152
456 0.246492 0.0103075 0.236185 0.2568
457 0.304283 0.255246 0.0490372 0.559528
458 0.31158 0.282633 0.0289467 0.594213
459 0.261852 0.0787557 0.183096 0.340608
460 0.32257 0.268916 0.0536541 0.591487
461 0.245576 0.0108755 0.234701 0.256452
462 0.273158 0.123613 0.149545 0.396771
463 0.280064 0.140175 0.139889 0.42024
464 0.278593 0.0931116 0.185481 0.371705
465 0.267557 0.100577 0.166981 0.368134
466 0.251567 0.0219921 0.229575 0.273559
467 0.318036 0.228414 0.0896224 0.54645
468 0.254885 0.0606551 0.19423 0.31554
469 0.244826 0.0101519 0.234674 0.254977
470 0.308172 0.291002 0.0171698 0.599173
471 0.25412 0.0313613 0.222758 0.285481
472 0.271686 0.090694 0.180992 0.36238
473 0.253219 0.033951 0.219268 0.28717
474 0.275951 0.110582 0.165368 0.386533
475 0.261732 0.0526726 0.209059 0.314404
476 0.263218 0.0585966 0.204622 0.321815
477 0.24373 0.00460067 0.239129 0.24833
478 0.246297 0.0103913 0.235906 0.256688
479 0.251792 0.0245059 0.227286 0.276298
480 0.249885 0.0106377 0.239248 0.260523
481 0.247018 0.016148 0.23087 0.263166
482 0.248219 0.014519 0.2337 0.262738
483 0.360647 0.360909 -0.000261736 0.721556
484 0.251432 0.0160942 0.235338 0.267526
485 0.255125 0.0236305 0.231495 0.278756
486 0.246657 0.0115295 0.235128 0.258187
487 0.249645 0.0162909 0.233354 0.265936
488 0.281326 0.117918 0.163408 0.399244
489 0.243174 0.00555137 0.237623 0.248725
490 0.244841 0.0134237 0.231417 0.258264
491 0.263459 0.0659685 0.19749 0.329427
492 0.24924 0.0289008 0.220339 0.278141
493 0.299133 0.191453 0.10768 0.490586
494 0.430374 0.440353 -0.00997923 0.870727
495 0.248294 0.0182916 0.230002 0.266585
496 0.275095 0.142882 0.132213 0.417976
497 0.248159 0.0122617 0.235897 0.260421
498 0.24385 0.0174681 0.226382 0.261318
499 0.257978 0.0901989 0.167779 0.348177
500 0.320904 0.238461 0.0824429 0.559365
501 0.274854 0.165903 0.108951 0.440757
502 0.359206 0.384124 -0.0249185 0.74333
503 0.277032 0.119406 0.157625 0.396438
504 0.281341 0.128416 0.152924 0.409757
505 0.313397 0.288218 0.0251785 0.601615
506 0.242108 0.0162456 0.225862 0.258354
507 0.283518 0.137778 0.145739 0.421296
508 0.235592 0.00404274 0.231549 0.239634
509 0.300724 0.214012 0.0867128 0.514736
510 0.238234 0.0141555 0.224079 0.25239
511 0.273909 0.126495 0.147413 0.400404
512 0.242513 0.00999804 0.232515 0.252511
513 0.240787 0.010798 0.229989 0.251585
514 0.262347 0.0579304 0.204417 0.320278
515 0.262693 0.0782126 0.18448 0.340905
516 0.271822 0.114844 0.156977 0.386666
517 0.235847 0.0058115 0.230035 0.241658
518 0.236958 0.0101837 0.226774 0.247142
519 0.266927 0.125712 0.141215 0.392639
520 0.255366 0.0866834 0.168682 0.342049
521 0.367193 0.34855 0.0186435 0.715743
522 0.276431 0.122906 0.153525 0.399337
523 0.259675 0.103421 0.156253 0.363096
524 0.247573 0.0215645 0.226009 0.269138
525 0.234811 0.00339801 0.231413 0.238209
526 0.259645 0.0712171 0.188428 0.330862
527 0.251717 0.0722474 0.17947 0.323965
528 0.23355 0.00383486 0.229715 0.237385
529 0.260651 0.115284 0.145367 0.375935
530 0.257303 0.105603 0.1517 0.362905
531 0.330663 0.298527 0.0321366 0.62919
532 0.262453 0.101365 0.161087 0.363818
533 0.363455 0.370525 -0.00707004 0.733979
534 0.257543 0.064621 0.192922 0.322164
535 0.261897 0.110849 0.151048 0.372746
536 0.278248 0.176698 0.10155 0.454945
537 0.240787 0.0153313 0.225455 0.256118
538 0.311249 0.307686 0.00356329 0.618936
539 0.253008 0.0694927 0.183516 0.322501
540 0.239435 0.0147311 0.224704 0.254166
541 0.253894 0.0683557 0.185539 0.32225
542 0.279059 0.129069 0.14999 0.408127
543 0.282692 0.159469 0.123223 0.442162
544 0.257318 0.0557071 0.20161 0.313025
545 0.256342 0.0518311 0.204511 0.308173
546 0.284599 0.178433 0.106166 0.463032
547 0.242618 0.00378111 0.238837 0.2464
548 0.245546 0.013525 0.232021 0.259071
549 0.24921 0.03095 0.21826 0.28016
550 0.322495 0.320702 0.00179326 0.643197
551 0.243024 0.012709 0.230315 0.255733
552 0.308036 0.277799 0.0302377 0.585835
553 0.330843 0.303432 0.0274114 0.634275
554 0.241447 0.00571297 0.235734 0.24716
555 0.284419 0.14228 0.142139 0.426699
556 0.240231 0.00886895 0.231362 0.2491
557 0.272407 0.162138 0.110269 0.434545
558 0.261371 0.112743 0.148629 0.374114
559 0.255396 0.0786136 0.176782 0.334009
560 0.396622 0.329898 0.0667232 0.72652
561 0.256026 0.0890311 0.166995 0.345057
562 0.350197 0.341211 0.00898597 0.691408
563 0.24409 0.0179163 0.226174 0.262006
564 0.251807 0.0415346 0.210273 0.293342
565 0.271897 0.150987 0.12091 0.422884
566 0.245681 0.0213943 0.224287 0.267076
567 0.243219 0.0184905 0.224729 0.261709
568 0.235727 0.00884248 0.226884 0.244569
569 0.238835 0.0191075 0.219727 0.257942
570 0.261041 0.119431 0.141611 0.380472
571 0.242633 0.0258193 0.216814 0.268453
572 0.325168 0.282857 0.0423107 0.608025
573 0.234751 0.0108682 0.223883 0.245619
574 0.270951 0.11907 0.151881 0.390021
575 0.238805 0.0128956 0.225909 0.2517
576 0.262663 0.0712362 0.191426 0.333899
577 0.26987 0.0935783 0.176291 0.363448
578 0.303637 0.177055 0.126582 0.480692
579 0.264855 0.0896984 0.175156 0.354553
580 0.241327 0.0150511 0.226276 0.256378
581 0.23852 0.0136356 0.224884 0.252155
582 0.240006 0.00392435 0.236082 0.24393
583 0.27056 0.0444158 0.226145 0.314976
584 0.261987 0.0656308 0.196356 0.327618
585 0.252843 0.0397181 0.213125 0.292561
586 0.245036 0.00708707 0.237949 0.252123
587 0.252993 0.0242241 0.228769 0.277218
588 0.291731 0.196978 0.0947531 0.488708
589 0.411321 0.46564 -0.054319 0.876961
590 0.277977 0.148656 0.129322 0.426633
591 0.281806 0.154939 0.126867 0.436745
592 0.245021 0.00456052 0.24046 0.249581
593 0.247603 0.0120877 0.235516 0.259691
594 0.244705 0.00776286 0.236943 0.252468
595 0.360227 0.362094 -0.00186784 0.722321
596 0.249765 0.0203273 0.229438 0.270093
597 0.409324 0.396968 0.0123557 0.806292
598 0.244375 0.0184705 0.225905 0.262846
599 0.287692 0.143175 0.144516 0.430867
600 0.252663 0.0287622 0.223901 0.281425
601 0.256912 0.0518829 0.205029 0.308795
602 0.247513 0.0236075 0.223906 0.271121
603 0.241312 0.00893853 0.232374 0.250251
604 0.380811 0.379793 0.00101808 0.760605
605 0.274314 0.133052 0.141262 0.407366
606 1.75555 6.57051 -4.81496 8.32606
607 0.567126 1.17589 -0.608765 1.74302
608 0.265771 0.0553149 0.210456 0.321086
609 0.330078 0.250458 0.07962 0.580535
610 0.289674 0.131195 0.158479 0.420868
611 0.281836 0.112799 0.169037 0.394635
612 0.298367 0.251914 0.0464532 0.550281
613 0.297767 0.156262 0.141505 0.454028
614 0.269539 0.130872 0.138667 0.400412
615 0.252723 0.0432532 0.20947 0.295976
616 0.252828 0.0396542 0.213174 0.292483
617 0.253609 0.050576 0.203033 0.304185
618 0.371623 0.399237 -0.027614 0.770859
619 0.244555 0.0219432 0.222612 0.266498
620 0.329402 0.313625 0.0157773 0.643027
621 0.241793 0.00959215 0.232201 0.251385
622 0.240366 0.0182452 0.222121 0.258612
623 0.308757 0.271913 0.0368441 0.58067
624 0.243865 0.0288588 0.215006 0.272723
625 0.237874 0.00331853 0.234555 0.241192
626 0.278007 0.17195 0.106057 0.449958
627 0.253444 0.061719 0.191725 0.315163
628 0.26996 0.134334 0.135626 0.404293
629 0.276626 0.150605 0.126022 0.427231
630 0.312976 0.328587 -0.0156108 0.641563
631 0.236538 0.00882057 0.227717 0.245358
632 0.233204 0.00285259 0.230352 0.236057
633 0.272347 0.144194 0.128153 0.416541
634 0.245186 0.0284141 0.216772 0.2736
635 0.252678 0.0991461 0.153532 0.351824
636 0.228895 0.00508445 0.223811 0.23398
637 0.377643 0.364603 0.0130406 0.742246
638 0.23424 0.0135777 0.220663 0.247818
639 0.232138 0.009471 0.222667 0.241609
640 0.238865 0.0138916 0.224973 0.252756
641 0.23948 0.0224624 0.217018 0.261943
642 0.257948 0.0730749 0.184873 0.331023
643 0.242859 0.015615 0.227244 0.258474
644 0.297977 0.170782 0.127195 0.468758
645 0.265621 0.0973409 0.16828 0.362962
646 0.237258 0.0097494 0.227509 0.247008
647 0.241522 0.0152478 0.226275 0.25677
648 0.235757 0.0109088 0.224848 0.246666
649 0.253849 0.0661509 0.187698 0.32
650 0.236342 0.00890622 0.227436 0.245249
651 0.317631 0.25851 0.0591207 0.576141
652 0.284809 0.210293 0.0745157 0.495102
653 0.232228 0.00491711 0.227311 0.237146
654 0.367343 0.40405 -0.0367069 0.771394
655 0.231057 0.00433964 0.226718 0.235397
656 0.250336 0.0711877 0.179148 0.321524
657 0.248879 0.0736416 0.175238 0.322521
658 0.255666 0.109909 0.145757 0.365575
659 0.235201 0.0169276 0.218274 0.252129
660 0.237333 0.0201772 0.217156 0.257511
661 0.257032 0.0965889 0.160443 0.353621
662 0.240907 0.0319192 0.208988 0.272826
663 0.23334 0.00787677 0.225463 0.241216
664 0.300289 0.290193 0.010096 0.590482
665 0.270155 0.135092 0.135063 0.405247
666 0.25508 0.0914445 0.163636 0.346525
667 0.244165 0.0331187 0.211046 0.277284
668 0.248864 0.0504446 0.19842 0.299309
669 0.309733 0.295841 0.0138921 0.605574
670 0.26535 0.104208 0.161142 0.369558
671 0.283518 0.169892 0.113626 0.45341
672 0.245817 0.0226813 0.223135 0.268498
673 0.274059 0.101368 0.172691 0.375427
674 0.292106 0.239304 0.0528023 0.53141
675 0.25972 0.0829707 0.176749 0.342691
676 0.25472 0.0641921 0.190528 0.318912
677 0.257753 0.081267 0.176486 0.33902
678 0.241552 0.012014 0.229538 0.253566
679 0.321324 0.328237 -0.006913 0.649561
680 0.242859 0.0284182 0.214441 0.271277
681 0.30188 0.242565 0.0593154 0.544446
682 0.334522 0.285244 0.0492781 0.619766
683 0.254555 0.0677917 0.186763 0.322347
684 0.255381 0.0562316 0.199149 0.311612
685 0.250771 0.0808189 0.169952 0.33159
686 0.266011 0.0910539 0.174957 0.357065
687 0.23394 0.0104358 0.223504 0.244376
688 0.263819 0.098485 0.165334 0.362304
689 0.352584 0.381904 -0.0293198 0.734488
690 0.264239 0.132333 0.131906 0.396572
691 0.236703 0.0286087 0.208094 0.265311
692 0.233129 0.00454943 0.22858 0.237679
693 0.24385 0.0310239 0.212826 0.274873
694 0.293743 0.260442 0.0333008 0.554184
695 0.321955 0.310756 0.0111989 0.632711
696 0.295364 0.243296 0.0520679 0.538661
697 0.231448 0.00732352 0.224124 0.238771
698 0.28547 0.18214 0.103329 0.46761
699 0.242573 0.030053 0.21252 0.272626
700 0.233865 0.012799 0.221066 0.246664
701 0.235607 0.0144502 0.221156 0.250057
702 0.246372 0.0459082 0.200464 0.29228
703 0.232258 0.00677647 0.225482 0.239035
704 0.277152 0.114536 0.162616 0.391687
705 0.262392 0.0969042 0.165488 0.359297
706 0.244375 0.0112749 0.2331 0.25565
707 0.284178 0.107594 0.176585 0.391772
708 0.23927 0.0101853 0.229085 0.249456
709 0.267768 0.0924037 0.175364 0.360171
710 0.268323 0.0697771 0.198546 0.3381
711 0.243699 0.00406498 0.239635 0.247764
712 0.247738 0.014922 0.232816 0.26266
713 0.276671 0.132962 0.143709 0.409634
714 0.259765 0.062869 0.196896 0.322634
715 0.336128 0.283889 0.0522393 0.620018
716 0.247904 0.0187378 0.229166 0.266641
717 0.246492 0.0125739 0.233918 0.259066
718 0.243865 0.00584978 0.238015 0.249714
719 0.295394 0.170875 0.124519 0.466269
720 0.243399 0.0041299 0.239269 0.247529
721 0.245351 0.0125596 0.232791 0.257911
722 0.242964 0.0042328 0.238731 0.247197
723 0.274269 0.0815326 0.192736 0.355801
724 0.251207 0.0235637 0.227643 0.27477
725 0.289749 0.144219 0.145529 0.433968
726 0.268533 0.118308 0.150225 0.386842
727 0.259525 0.0475824 0.211942 0.307107
728 0.252573 0.0366247 0.215948 0.289198
729 0.270185 0.123789 0.146396 0.393974
730 0.284494 0.146404 0.13809 0.430898
731 0.251957 0.0420187 0.209939 0.293976
732 0.373184 0.349627 0.0235571 0.722811
733 0.260951 0.0472883 0.213663 0.308239
734 0.288563 0.134629 0.153933 0.423192
735 0.258294 0.0270346 0.231259 0.285328
736 0.250801 0.013875 0.236926 0.264676
737 0.250906 0.01581 0.235096 0.266716
738 0.259044 0.0401132 0.218931 0.299157
739 0.375001 0.377677 -0.00267609 0.752678
740 0.277842 0.140792 0.137051 0.418634
741 0.242543 0.00334536 0.239198 0.245889
742 0.319222 0.295716 0.0235058 0.614939
743 0.327015 0.363909 -0.0368943 0.690924
744 0.256822 0.0297178 0.227104 0.28654
745 0.248804 0.0155796 0.233225 0.264384
746 0.277017 0.130413 0.146603 0.40743
747 0.242213 0.0039261 0.238287 0.246139
748 0.245982 0.0133276 0.232654 0.259309
749 0.243354 0.00716326 0.236191 0.250517
750 0.304058 0.257187 0.0468703 0.561245
751 0.285244 0.148777 0.136467 0.434021
752 0.245366 0.011277 0.234089 0.256643
753 0.303322 0.262571 0.0407512 0.565893
754 0.239285 0.0102465 0.229039 0.249532
755 0.292767 0.241486 0.0512807 0.534253
756 0.244735 0.0239991 0.220736 0.268735
757 0.262678 0.0814704 0.181207 0.344148
758 0.2805 0.170454 0.110045 0.450954
759 0.243504 0.0177919 0.225712 0.261296
760 0.29128 0.22181 0.0694707 0.51309
761 0.273578 0.146131 0.127447 0.419709
762 0.304808 0.318014 -0.0132055 0.622822
763 0.231628 0.00351514 0.228113 0.235143
764 0.287076 0.223097 0.0639792 0.510173
765 0.231838 0.0120743 0.219764 0.243912
766 0.2343 0.0137291 0.220571 0.24803
767 0.234631 0.00765193 0.226979 0.242283
768 0.236508 0.00300048 0.233507 0.239508
769 0.265786 0.122942 0.142843 0.388728
770 0.241342 0.0272933 0.214049 0.268636
771 0.309343 0.297291 0.0120514 0.606634
772 0.377929 0.415515 -0.0375859 0.793443
773 0.236598 0.0117799 0.224818 0.248378
774 0.263849 0.125911 0.137938 0.38976
775 0.239721 0.0218389 0.217882 0.26156
776 0.286596 0.156079 0.130517 0.442674
777 0.25436 0.0592381 0.195122 0.313598
778 0.33218 0.427698 -0.0955179 0.759877
779 0.234706 0.00792467 0.226781 0.242631
780 0.295154 0.190949 0.104205 0.486103
781 0.285965 0.223802 0.0621632 0.509767
782 0.25942 0.0951373 0.164282 0.354557
783 0.253744 0.0913271 0.162417 0.345071
784 0.294103 0.254135 0.039968 0.548238
785 0.298562 0.261468 0.0370947 0.56003
786 0.240997 0.0224705 0.218526 0.263467
787 0.325844 0.282411 0.0434326 0.608254
788 0.262858 0.0804432 0.182415 0.343301
789 0.309598 0.303468 0.0061304 0.613065
790 0.27532 0.115594 0.159726 0.390914
791 0.23346 0.00278715 0.230672 0.236247
792 0.240637 0.00768955 0.232947 0.248326
793 0.330843 0.282886 0.0479577 0.613729
794 0.276401 0.105292 0.171109 0.381693
795 0.242453 0.0347053 0.207748 0.277159
796 0.233595 0.00350953 0.230085 0.237104
797 0.246057 0.0519495 0.194107 0.298006
798 0.245231 0.017437 0.227794 0.262668
799 0.314177 0.269974 0.0442035 0.584151
