# ../output/graphs/perf_parallel60QUADRUPED_thread3
# step - mean (0.19797) - standard deviation (0.0264305) r=20 - ylow - yhigh
0 0.193927 0.0457372 0.148189 0.239664
1 0.187966 0.015252 0.172714 0.203218
2 0.189392 0.00923461 0.180158 0.198627
3 0.194632 0.0186017 0.176031 0.213234
4 0.189377 0.0126422 0.176735 0.202019
5 0.190503 0.00815073 0.182353 0.198654
6 0.198506 0.0150596 0.183446 0.213566
7 0.185969 0.0045956 0.181373 0.190565
8 0.188086 0.00733485 0.180751 0.195421
9 0.19238 0.0118381 0.180542 0.204218
10 0.191194 0.0076087 0.183585 0.198803
11 0.188611 0.00816151 0.18045 0.196773
12 0.191299 0.00854662 0.182752 0.199846
13 0.188702 0.00974686 0.178955 0.198448
14 0.191855 0.0145914 0.177263 0.206446
15 0.190128 0.00741554 0.182712 0.197543
16 0.193912 0.013758 0.180154 0.20767
17 0.193671 0.0135897 0.180082 0.207261
18 0.188927 0.0061087 0.182818 0.195035
19 0.186164 0.00459891 0.181565 0.190763
20 0.190608 0.0150938 0.175515 0.205702
21 0.194707 0.0152363 0.179471 0.209944
22 0.190638 0.00820524 0.182433 0.198844
23 0.198101 0.0179112 0.180189 0.216012
24 0.190563 0.0115404 0.179023 0.202104
25 0.193356 0.0101961 0.18316 0.203552
26 0.19178 0.00822555 0.183554 0.200005
27 0.194167 0.00746953 0.186697 0.201636
28 0.192785 0.0105075 0.182278 0.203293
29 0.194797 0.0137256 0.181072 0.208523
30 0.194197 0.00894695 0.18525 0.203144
31 0.199047 0.0210907 0.177956 0.220137
32 0.198461 0.017055 0.181406 0.215516
33 0.196464 0.0151111 0.181353 0.211575
34 0.197545 0.00809348 0.189452 0.205639
35 0.200623 0.0160127 0.18461 0.216636
36 0.195984 0.013799 0.182185 0.209783
37 0.217709 0.0631835 0.154526 0.280893
38 0.196629 0.0125912 0.184038 0.20922
39 0.194677 0.0081406 0.186537 0.202818
40 0.199197 0.00894905 0.190248 0.208146
41 0.206043 0.0208586 0.185185 0.226902
42 0.196734 0.0110714 0.185663 0.207806
43 0.195608 0.00739675 0.188211 0.203005
44 0.194903 0.00940412 0.185498 0.204307
45 0.195368 0.00838199 0.186986 0.20375
46 0.196899 0.0124655 0.184434 0.209365
47 0.189888 0.00657165 0.183316 0.196459
48 0.189753 0.00708001 0.182673 0.196833
49 0.192035 0.0116914 0.180343 0.203726
50 0.196269 0.0186013 0.177668 0.21487
51 0.19178 0.0167127 0.175067 0.208492
52 0.194933 0.00998129 0.184951 0.204914
53 0.194437 0.0148561 0.179581 0.209293
54 0.193476 0.00936309 0.184113 0.202839
55 0.193927 0.0101507 0.183776 0.204077
56 0.196164 0.0178486 0.178315 0.214012
57 0.189708 0.0124596 0.177248 0.202167
58 0.196644 0.0233316 0.173313 0.219976
59 0.190173 0.00773797 0.182435 0.197911
60 0.193686 0.0120007 0.181686 0.205687
61 0.191434 0.011497 0.179937 0.202931
62 0.196584 0.0261172 0.170467 0.222701
63 0.189467 0.00517724 0.18429 0.194645
64 0.195833 0.0137525 0.182081 0.209586
65 0.190623 0.00807749 0.182546 0.198701
66 0.190338 0.00828072 0.182057 0.198619
67 0.200983 0.0382538 0.16273 0.239237
68 0.193551 0.00919369 0.184358 0.202745
69 0.191584 0.00582669 0.185758 0.197411
70 0.191885 0.00764234 0.184242 0.199527
71 0.201494 0.0298575 0.171636 0.231351
72 0.201359 0.0075261 0.193833 0.208885
73 0.20301 0.00835455 0.194656 0.211365
74 0.209977 0.0239863 0.185991 0.233963
75 0.199482 0.0050553 0.194427 0.204537
76 0.201644 0.0139071 0.187737 0.215551
77 0.201254 0.00900446 0.192249 0.210258
78 0.201239 0.00792801 0.193311 0.209167
79 0.212845 0.0243389 0.188506 0.237184
80 0.204242 0.0135783 0.190663 0.21782
81 0.201794 0.0160316 0.185763 0.217826
82 0.204317 0.0143409 0.189976 0.218658
83 0.204091 0.0140891 0.190002 0.21818
84 0.20289 0.00984484 0.193045 0.212735
85 0.206329 0.0222376 0.184091 0.228566
86 0.200473 0.0109856 0.189487 0.211458
87 0.20247 0.012611 0.189859 0.215081
88 0.202605 0.0127505 0.189854 0.215355
89 0.201614 0.00844095 0.193173 0.210055
90 0.206449 0.0162124 0.190236 0.222661
91 0.199647 0.00819479 0.191452 0.207842
92 0.208806 0.0259293 0.182877 0.234735
93 0.204602 0.0204142 0.184188 0.225016
94 0.203191 0.0225377 0.180653 0.225728
95 0.200203 0.0120517 0.188151 0.212254
96 0.205818 0.0142507 0.191567 0.220069
97 0.203371 0.0130641 0.190307 0.216435
98 0.203266 0.0134528 0.189813 0.216718
99 0.202185 0.0119302 0.190254 0.214115
100 0.206103 0.0181197 0.187984 0.224223
101 0.206764 0.0242758 0.182488 0.23104
102 0.202305 0.0111847 0.19112 0.213489
103 0.201524 0.0123458 0.189178 0.21387
104 0.200968 0.0156199 0.185348 0.216588
105 0.202215 0.0134837 0.188731 0.215698
106 0.200758 0.0103865 0.190372 0.211145
107 0.198626 0.0104979 0.188128 0.209124
108 0.206614 0.0133422 0.193272 0.219956
109 0.204437 0.0172235 0.187213 0.22166
110 0.199197 0.00799709 0.1912 0.207194
111 0.206253 0.018909 0.187344 0.225162
112 0.196945 0.00541876 0.191526 0.202363
113 0.196449 0.00580079 0.190648 0.20225
114 0.200773 0.00771421 0.193059 0.208487
115 0.198596 0.0102073 0.188389 0.208803
116 0.193536 0.00503242 0.188504 0.198569
117 0.191719 0.00358273 0.188137 0.195302
118 0.19699 0.00807939 0.18891 0.205069
119 0.208551 0.0523734 0.156177 0.260924
120 0.200893 0.0113173 0.189576 0.212211
121 0.197485 0.0168155 0.18067 0.2143
122 0.204181 0.0159652 0.188216 0.220147
123 0.19765 0.0110327 0.186617 0.208683
124 0.194227 0.00673317 0.187494 0.20096
125 0.199077 0.0183463 0.18073 0.217423
126 0.196569 0.0139188 0.18265 0.210488
127 0.198761 0.0126428 0.186118 0.211404
128 0.201449 0.0184921 0.182957 0.219941
129 0.195488 0.0119777 0.18351 0.207466
130 0.198596 0.0105867 0.188009 0.209183
131 0.196329 0.0101187 0.18621 0.206448
132 0.200623 0.0244839 0.176139 0.225107
133 0.197035 0.011114 0.185921 0.208149
134 0.198101 0.0155468 0.182554 0.213647
135 0.196704 0.0130888 0.183616 0.209793
136 0.199137 0.0147531 0.184384 0.21389
137 0.197515 0.0134481 0.184067 0.210963
138 0.198476 0.00891382 0.189562 0.20739
139 0.199317 0.0170145 0.182302 0.216331
140 0.199452 0.0219646 0.177487 0.221416
141 0.196449 0.010305 0.186144 0.206754
142 0.200128 0.00987694 0.190251 0.210005
143 0.19696 0.00961295 0.187347 0.206572
144 0.197845 0.0124565 0.185389 0.210302
145 0.200083 0.0152797 0.184803 0.215362
146 0.206464 0.0355091 0.170955 0.241973
147 0.196794 0.0139608 0.182834 0.210755
148 0.189437 0.0040935 0.185344 0.193531
149 0.190263 0.0068334 0.18343 0.197096
150 0.19795 0.0145191 0.183431 0.21247
151 0.195338 0.0105493 0.184789 0.205887
152 0.215818 0.103247 0.112571 0.319064
153 0.193686 0.0118734 0.181813 0.20556
154 0.19226 0.00674473 0.185515 0.199005
155 0.191734 0.0088463 0.182888 0.200581
156 0.20271 0.0160806 0.186629 0.218791
157 0.19705 0.0166769 0.180373 0.213726
158 0.194077 0.0122932 0.181784 0.20637
159 0.194407 0.0184863 0.175921 0.212893
160 0.19756 0.00864493 0.188915 0.206205
161 0.203145 0.0175008 0.185645 0.220646
162 0.196689 0.00773558 0.188954 0.204425
163 0.196689 0.00897055 0.187719 0.20566
164 0.201239 0.0198809 0.181358 0.22112
165 0.196314 0.0133997 0.182914 0.209714
166 0.199257 0.0121153 0.187141 0.211372
167 0.194122 0.00662508 0.187497 0.200747
168 0.196269 0.00677443 0.189494 0.203043
169 0.195428 0.0133281 0.1821 0.208756
170 0.195833 0.0137062 0.182127 0.20954
171 0.195233 0.00865607 0.186577 0.203889
172 0.193146 0.00580001 0.187346 0.198946
173 0.19765 0.0170549 0.180595 0.214705
174 0.190804 0.00700543 0.183798 0.197809
175 0.194587 0.0109612 0.183626 0.205548
176 0.193356 0.0185142 0.174842 0.21187
177 0.189963 0.0133084 0.176654 0.203271
178 0.189467 0.00735768 0.18211 0.196825
179 0.190323 0.00746965 0.182853 0.197793
180 0.190744 0.0140456 0.176698 0.204789
181 0.194722 0.0196437 0.175079 0.214366
182 0.187515 0.00473036 0.182785 0.192246
183 0.189873 0.010579 0.179294 0.200452
184 0.190458 0.00813216 0.182326 0.19859
185 0.188882 0.0113301 0.177552 0.200212
186 0.190383 0.0192091 0.171174 0.209592
187 0.190038 0.0107503 0.179288 0.200788
188 0.18738 0.00771164 0.179669 0.195092
189 0.190804 0.0162842 0.174519 0.207088
190 0.191179 0.0109258 0.180253 0.202105
191 0.18705 0.0063017 0.180748 0.193352
192 0.19786 0.0174286 0.180432 0.215289
193 0.189888 0.0117529 0.178135 0.201641
194 0.189828 0.00841145 0.181416 0.198239
195 0.196929 0.00928791 0.187642 0.206217
196 0.199317 0.0178658 0.181451 0.217183
197 0.19723 0.0138646 0.183365 0.211094
198 0.199677 0.0147611 0.184916 0.214438
199 0.191855 0.00754311 0.184311 0.199398
200 0.197665 0.00653215 0.191133 0.204197
201 0.203671 0.0155119 0.188159 0.219183
202 0.196404 0.00866919 0.187735 0.205073
203 0.196629 0.00830374 0.188325 0.204933
204 0.195623 0.00638244 0.189241 0.202006
205 0.196509 0.00710575 0.189403 0.203615
206 0.200653 0.015535 0.185118 0.216188
207 0.199527 0.0121924 0.187335 0.211719
208 0.201344 0.0145974 0.186746 0.215941
209 0.201509 0.0115529 0.189956 0.213062
210 0.232799 0.114609 0.11819 0.347408
211 0.200473 0.0133182 0.187155 0.213791
212 0.198356 0.0102822 0.188074 0.208638
213 0.204106 0.0177527 0.186354 0.221859
214 0.201119 0.0150006 0.186118 0.216119
215 0.193551 0.00940795 0.184143 0.202959
216 0.199692 0.0107577 0.188934 0.21045
217 0.195008 0.00643796 0.18857 0.201446
218 0.197365 0.0111802 0.186185 0.208545
219 0.199122 0.00850295 0.190619 0.207625
220 0.195263 0.00556214 0.189701 0.200825
221 0.196419 0.00869745 0.187722 0.205116
222 0.196284 0.0146519 0.181632 0.210936
223 0.198236 0.00878327 0.189452 0.207019
224 0.202755 0.0126009 0.190154 0.215356
225 0.20316 0.0143862 0.188774 0.217547
226 0.195473 0.00541976 0.190053 0.200893
227 0.201209 0.0127587 0.18845 0.213967
228 0.196644 0.00723707 0.189407 0.203881
229 0.204887 0.0177247 0.187162 0.222612
230 0.198731 0.0128696 0.185862 0.211601
231 0.203175 0.0220139 0.181162 0.225189
232 0.19738 0.011757 0.185623 0.209137
233 0.19696 0.00975588 0.187204 0.206715
234 0.198011 0.00833127 0.189679 0.206342
235 0.199857 0.00706188 0.192795 0.206919
236 0.199962 0.00889124 0.191071 0.208854
237 0.199557 0.0101591 0.189398 0.209716
238 0.200503 0.0128038 0.187699 0.213307
239 0.207845 0.0157905 0.192054 0.223636
240 0.201989 0.0131169 0.188872 0.215106
241 0.207545 0.0148165 0.192728 0.222361
242 0.200083 0.00860583 0.191477 0.208688
243 0.197965 0.00715852 0.190807 0.205124
244 0.19244 0.00633053 0.18611 0.198771
245 0.199497 0.0108808 0.188616 0.210378
246 0.193506 0.00884778 0.184658 0.202354
247 0.196194 0.0113397 0.184854 0.207534
248 0.194047 0.00825254 0.185794 0.202299
249 0.199032 0.0136767 0.185355 0.212708
250 0.199452 0.013889 0.185563 0.213341
251 0.20256 0.0227791 0.179781 0.225339
252 0.193942 0.0149462 0.178995 0.208888
253 0.193116 0.013824 0.179292 0.20694
254 0.19187 0.0116144 0.180255 0.203484
255 0.189647 0.00951612 0.180131 0.199164
256 0.192035 0.00699003 0.185045 0.199025
257 0.192861 0.0086444 0.184216 0.201505
258 0.194482 0.0111246 0.183358 0.205607
259 0.197005 0.0176399 0.179365 0.214644
260 0.193506 0.0110954 0.182411 0.204602
261 0.200878 0.0193544 0.181524 0.220233
262 0.193266 0.00766496 0.185601 0.200931
263 0.194918 0.00921936 0.185698 0.204137
264 0.191164 0.00607623 0.185088 0.19724
265 0.187771 0.00597801 0.181793 0.193749
266 0.189647 0.00758161 0.182066 0.197229
267 0.192305 0.0104211 0.181884 0.202726
268 0.193266 0.010082 0.183184 0.203348
269 0.192185 0.0146256 0.177559 0.206811
270 0.191209 0.00962934 0.18158 0.200838
271 0.193416 0.0154443 0.177972 0.20886
272 0.189708 0.00721561 0.182492 0.196923
273 0.18753 0.00385787 0.183673 0.191388
274 0.195443 0.0127066 0.182736 0.20815
275 0.19238 0.014039 0.178341 0.206419
276 0.191689 0.0129898 0.1787 0.204679
277 0.19202 0.0094905 0.182529 0.20151
278 0.222499 0.140172 0.0823272 0.362671
279 0.190879 0.0108451 0.180034 0.201724
280 0.187485 0.00645326 0.181032 0.193939
281 0.198806 0.0367162 0.16209 0.235522
282 0.194467 0.0105586 0.183908 0.205026
283 0.199317 0.0172714 0.182045 0.216588
284 0.191659 0.0116165 0.180043 0.203276
285 0.191089 0.00575606 0.185333 0.196845
286 0.196494 0.00723583 0.189258 0.20373
287 0.194182 0.0105192 0.183663 0.204701
288 0.216553 0.0827497 0.133804 0.299303
289 0.195323 0.0132026 0.18212 0.208526
290 0.19711 0.00771363 0.189396 0.204823
291 0.193641 0.00672626 0.186915 0.200368
292 0.194857 0.0106066 0.184251 0.205464
293 0.19199 0.00535599 0.186634 0.197346
294 0.199422 0.0112145 0.188207 0.210636
295 0.196134 0.0116039 0.18453 0.207738
296 0.195893 0.00837762 0.187516 0.204271
297 0.194272 0.00874067 0.185531 0.203013
298 0.196749 0.00688022 0.189869 0.20363
299 0.201809 0.0137749 0.188034 0.215584
300 0.200098 0.0148202 0.185277 0.214918
301 0.198416 0.0103047 0.188111 0.208721
302 0.199467 0.0153535 0.184113 0.21482
303 0.195278 0.0111682 0.18411 0.206446
304 0.192395 0.00961211 0.182783 0.202007
305 0.189678 0.00535936 0.184318 0.195037
306 0.197695 0.01487 0.182825 0.212565
307 0.190248 0.00609111 0.184157 0.196339
308 0.19178 0.00651584 0.185264 0.198295
309 0.195909 0.01126 0.184649 0.207168
310 0.196809 0.0114899 0.185319 0.208299
311 0.193867 0.0119507 0.181916 0.205817
312 0.191734 0.00959962 0.182135 0.201334
313 0.189723 0.00524312 0.184479 0.194966
314 0.196914 0.0141238 0.182791 0.211038
315 0.194002 0.0120996 0.181902 0.206101
316 0.192755 0.00818633 0.184569 0.200942
317 0.193521 0.00869152 0.18483 0.202213
318 0.191524 0.0094262 0.182098 0.20095
319 0.195954 0.0147632 0.18119 0.210717
320 0.190999 0.00298403 0.188015 0.193983
321 0.19786 0.0169382 0.180922 0.214799
322 0.196284 0.0129947 0.183289 0.209279
323 0.198101 0.0117148 0.186386 0.209815
324 0.198896 0.0105492 0.188347 0.209446
325 0.19789 0.00804304 0.189847 0.205933
326 0.195728 0.0111938 0.184535 0.206922
327 0.207289 0.0133458 0.193944 0.220635
328 0.200623 0.00716232 0.193461 0.207785
329 0.202275 0.0105304 0.191744 0.212805
330 0.199632 0.00851021 0.191122 0.208142
331 0.203791 0.0173018 0.186489 0.221093
332 0.197185 0.00432174 0.192863 0.201506
333 0.204587 0.0106258 0.193961 0.215213
334 0.204227 0.0223236 0.181903 0.22655
335 0.205037 0.0129632 0.192074 0.218
336 0.202605 0.0127197 0.189885 0.215325
337 0.200413 0.0117176 0.188695 0.21213
338 0.198731 0.00645279 0.192278 0.205184
339 0.204707 0.014163 0.190544 0.21887
340 0.200668 0.0109079 0.18976 0.211576
341 0.200368 0.0135106 0.186857 0.213878
342 0.198851 0.00835138 0.1905 0.207203
343 0.201554 0.011372 0.190182 0.212926
344 0.200007 0.00833294 0.191675 0.20834
345 0.203145 0.011308 0.191837 0.214453
346 0.206704 0.0141548 0.192549 0.220859
347 0.210533 0.0376004 0.172932 0.248133
348 0.20307 0.0131247 0.189946 0.216195
349 0.204977 0.0154832 0.189494 0.22046
350 0.203656 0.0139764 0.18968 0.217632
351 0.202215 0.011657 0.190558 0.213872
352 0.206073 0.0110492 0.195024 0.217122
353 0.207124 0.0147805 0.192344 0.221905
354 0.200263 0.0114141 0.188849 0.211677
355 0.203191 0.0127911 0.190399 0.215982
356 0.201614 0.00755595 0.194058 0.20917
357 0.200698 0.00702078 0.193677 0.207719
358 0.200908 0.00827865 0.19263 0.209187
359 0.200518 0.00912052 0.191397 0.209638
360 0.200083 0.0113996 0.188683 0.211482
361 0.203326 0.0166772 0.186648 0.220003
362 0.19792 0.0102199 0.187701 0.20814
363 0.19699 0.00557519 0.191414 0.202565
364 0.200143 0.00809584 0.192047 0.208238
365 0.200383 0.0101345 0.190248 0.210517
366 0.198281 0.00990457 0.188376 0.208185
367 0.201119 0.0195621 0.181556 0.220681
368 0.201389 0.00951223 0.191877 0.210901
369 0.199302 0.0070399 0.192262 0.206342
370 0.199992 0.00744329 0.192549 0.207436
371 0.196089 0.0165622 0.179526 0.212651
372 0.200098 0.0173598 0.182738 0.217457
373 0.197185 0.0120353 0.185149 0.20922
374 0.196254 0.00855137 0.187702 0.204805
375 0.199467 0.0130779 0.186389 0.212545
376 0.193221 0.00709119 0.18613 0.200312
377 0.197425 0.014271 0.183154 0.211696
378 0.193641 0.00843554 0.185206 0.202077
379 0.193927 0.00970849 0.184218 0.203635
380 0.199812 0.0190359 0.180776 0.218848
381 0.196149 0.0100548 0.186094 0.206204
382 0.199377 0.0203804 0.178996 0.219757
383 0.195038 0.00755064 0.187487 0.202588
384 0.197305 0.016779 0.180526 0.214084
385 0.198266 0.0133923 0.184873 0.211658
386 0.19696 0.00728898 0.189671 0.204248
387 0.19795 0.0154591 0.182491 0.21341
388 0.199557 0.0142207 0.185336 0.213778
389 0.197635 0.0133337 0.184301 0.210969
390 0.201299 0.0146802 0.186618 0.215979
391 0.201179 0.0229531 0.178226 0.224132
392 0.192395 0.0150412 0.177354 0.207436
393 0.195368 0.012922 0.182446 0.20829
394 0.192275 0.00947653 0.182798 0.201752
395 0.191359 0.0082707 0.183088 0.19963
396 0.194227 0.012756 0.181471 0.206983
397 0.190774 0.0106745 0.180099 0.201448
398 0.195023 0.0126512 0.182371 0.207674
399 0.196059 0.0137255 0.182333 0.209784
400 0.193882 0.00830953 0.185572 0.202191
401 0.194512 0.0145272 0.179985 0.209039
402 0.193611 0.00864388 0.184967 0.202255
403 0.188551 0.00465196 0.183899 0.193203
404 0.196389 0.0134913 0.182898 0.20988
405 0.194017 0.0108889 0.183128 0.204906
406 0.193731 0.0113604 0.182371 0.205092
407 0.19178 0.0104319 0.181348 0.202211
408 0.195563 0.012252 0.183311 0.207815
409 0.205127 0.0278868 0.177241 0.233014
410 0.193897 0.00928718 0.184609 0.203184
411 0.19735 0.0130034 0.184346 0.210353
412 0.199107 0.0115189 0.187588 0.210625
413 0.198041 0.0124482 0.185592 0.210489
414 0.206419 0.0431678 0.163251 0.249586
415 0.20226 0.0163652 0.185894 0.218625
416 0.208386 0.0254202 0.182965 0.233806
417 0.198941 0.00776669 0.191175 0.206708
418 0.194497 0.00708841 0.187409 0.201586
419 0.230111 0.119249 0.110862 0.349361
420 0.200623 0.0100764 0.190547 0.210699
421 0.201058 0.0119156 0.189143 0.212974
422 0.198611 0.00910643 0.189505 0.207718
423 0.197935 0.00767135 0.190264 0.205607
424 0.205683 0.0441139 0.161569 0.249797
425 0.195653 0.00546697 0.190186 0.20112
426 0.194482 0.00577405 0.188708 0.200256
427 0.198176 0.00789507 0.190281 0.206071
428 0.203145 0.0272527 0.175893 0.230398
429 0.19196 0.00734259 0.184617 0.199302
430 0.193311 0.0100706 0.18324 0.203382
431 0.196794 0.0146038 0.182191 0.211398
432 0.194197 0.00657976 0.187617 0.200777
433 0.195743 0.010925 0.184818 0.206668
434 0.192365 0.00676244 0.185603 0.199128
435 0.195503 0.0102246 0.185279 0.205728
436 0.194017 0.00900561 0.185011 0.203022
437 0.197575 0.0120384 0.185537 0.209613
438 0.195939 0.0132466 0.182692 0.209185
439 0.19259 0.0140046 0.178586 0.206595
440 0.191479 0.00688852 0.184591 0.198368
441 0.199722 0.0259645 0.173758 0.225687
442 0.194467 0.0136165 0.180851 0.208084
443 0.241658 0.207486 0.034172 0.449143
444 0.197665 0.0238606 0.173805 0.221526
445 0.196209 0.0110122 0.185197 0.207221
446 0.191674 0.00955282 0.182122 0.201227
447 0.195428 0.0203401 0.175088 0.215768
448 0.196299 0.0110154 0.185284 0.207314
449 0.196975 0.0140801 0.182894 0.211055
450 0.197095 0.00794562 0.189149 0.20504
451 0.201824 0.0127808 0.189043 0.214605
452 0.203191 0.0188768 0.184314 0.222067
453 0.200923 0.0102508 0.190673 0.211174
454 0.198416 0.0155095 0.182906 0.213925
455 0.203431 0.0093546 0.194076 0.212785
456 0.20756 0.016167 0.191393 0.223727
457 0.221823 0.0873452 0.134478 0.309169
458 0.206569 0.0195866 0.186982 0.226155
459 0.201974 0.00886865 0.193106 0.210843
460 0.203236 0.00989068 0.193345 0.213126
461 0.204977 0.0150901 0.189887 0.220067
462 0.200668 0.0102155 0.190453 0.210884
463 0.203866 0.0149416 0.188925 0.218808
464 0.204902 0.014683 0.190219 0.219585
465 0.199497 0.0065785 0.192918 0.206075
466 0.200233 0.0112641 0.188969 0.211497
467 0.203566 0.0128339 0.190732 0.2164
468 0.198641 0.00763732 0.191004 0.206278
469 0.202575 0.0116814 0.190894 0.214256
470 0.200308 0.00830964 0.191998 0.208617
471 0.206073 0.0169563 0.189117 0.22303
472 0.199872 0.00832261 0.19155 0.208195
473 0.196749 0.00591318 0.190836 0.202662
474 0.203596 0.0198813 0.183715 0.223477
475 0.203251 0.0129034 0.190347 0.216154
476 0.204257 0.0106734 0.193583 0.21493
477 0.196224 0.00519116 0.191033 0.201415
478 0.204091 0.017484 0.186607 0.221575
479 0.20301 0.0166381 0.186372 0.219648
480 0.210548 0.0184374 0.19211 0.228985
481 0.199197 0.00714995 0.192047 0.206347
482 0.205533 0.0135092 0.192024 0.219042
483 0.203776 0.0150939 0.188682 0.21887
484 0.237754 0.155333 0.0824212 0.393086
485 0.203356 0.00973168 0.193624 0.213087
486 0.200623 0.0131044 0.187519 0.213727
487 0.201524 0.0124986 0.189025 0.214023
488 0.195818 0.00289105 0.192927 0.198709
489 0.198086 0.0116423 0.186443 0.209728
490 0.204722 0.0105105 0.194211 0.215232
491 0.206148 0.0170815 0.189067 0.22323
492 0.206389 0.0406627 0.165726 0.247051
493 0.198206 0.00683675 0.191369 0.205042
494 0.198806 0.00451581 0.19429 0.203322
495 0.204377 0.0188761 0.185501 0.223253
496 0.19705 0.00612442 0.190925 0.203174
497 0.204932 0.017326 0.187606 0.222258
498 0.200308 0.0132125 0.187095 0.21352
499 0.195218 0.010292 0.184926 0.20551
500 0.198806 0.0101289 0.188677 0.208935
501 0.192996 0.00744698 0.185549 0.200443
502 0.195818 0.00880154 0.187017 0.20462
503 0.19259 0.00511486 0.187475 0.197705
504 0.195323 0.0115627 0.18376 0.206886
505 0.196029 0.0128892 0.183139 0.208918
506 0.198611 0.0141096 0.184502 0.212721
507 0.194572 0.00936376 0.185208 0.203936
508 0.198536 0.0155041 0.183032 0.21404
509 0.196674 0.0145656 0.182109 0.21124
510 0.204917 0.0375288 0.167388 0.242446
511 0.193281 0.00947614 0.183805 0.202757
512 0.202079 0.00818555 0.193894 0.210265
513 0.205863 0.0390749 0.166788 0.244938
514 0.199362 0.0231715 0.17619 0.222533
515 0.195233 0.00756542 0.187667 0.202798
516 0.197815 0.00822862 0.189587 0.206044
517 0.196734 0.0139278 0.182806 0.210662
518 0.196029 0.00929034 0.186738 0.205319
519 0.194452 0.0160202 0.178432 0.210472
520 0.196449 0.0105826 0.185866 0.207032
521 0.193536 0.0121205 0.181416 0.205657
522 0.194392 0.0129502 0.181442 0.207342
523 0.193206 0.00904134 0.184165 0.202247
524 0.195098 0.00892576 0.186172 0.204023
525 0.203941 0.0210224 0.182919 0.224964
526 0.196734 0.012401 0.184333 0.209135
527 0.191119 0.00797575 0.183143 0.199095
528 0.193476 0.0129856 0.180491 0.206462
529 0.194737 0.0103098 0.184428 0.205047
530 0.195743 0.0136065 0.182137 0.20935
531 0.190533 0.00632926 0.184204 0.196863
532 0.192785 0.00750782 0.185278 0.200293
533 0.19208 0.00609244 0.185987 0.198172
534 0.189602 0.00351915 0.186083 0.193122
535 0.193296 0.00797554 0.18532 0.201272
536 0.194392 0.00785947 0.186533 0.202252
537 0.200623 0.0169366 0.183686 0.21756
538 0.198161 0.00994582 0.188215 0.208106
539 0.202079 0.0265861 0.175493 0.228666
540 0.19762 0.0139703 0.18365 0.21159
541 0.200563 0.0157412 0.184822 0.216304
542 0.200848 0.0264519 0.174396 0.2273
543 0.19711 0.00746893 0.189641 0.204579
544 0.204452 0.0240273 0.180424 0.228479
545 0.203055 0.014628 0.188427 0.217683
546 0.196104 0.00576482 0.190339 0.201869
547 0.195999 0.00567625 0.190322 0.201675
548 0.196629 0.00680776 0.189821 0.203437
549 0.206058 0.0182287 0.18783 0.224287
550 0.197395 0.00782959 0.189565 0.205225
551 0.200803 0.01101 0.189793 0.211813
552 0.198641 0.00806012 0.190581 0.206701
553 0.201674 0.0142124 0.187462 0.215886
554 0.199857 0.00896375 0.190894 0.208821
555 0.224781 0.0963681 0.128413 0.321149
556 0.198491 0.0110774 0.187414 0.209568
557 0.195263 0.00912595 0.186137 0.204389
558 0.191344 0.00490731 0.186437 0.196251
559 0.194857 0.00806928 0.186788 0.202927
560 0.235321 0.159506 0.0758159 0.394827
561 0.209572 0.0670888 0.142483 0.27666
562 0.194587 0.0107715 0.183816 0.205359
563 0.189632 0.00531223 0.18432 0.194945
564 0.192065 0.0110139 0.181051 0.203079
565 0.190488 0.00648254 0.184006 0.196971
566 0.191734 0.00658277 0.185152 0.198317
567 0.190068 0.00872621 0.181342 0.198794
568 0.1925 0.00836426 0.184136 0.200864
569 0.193116 0.00935336 0.183762 0.202469
570 0.19181 0.00836448 0.183445 0.200174
571 0.19271 0.00890744 0.183803 0.201618
572 0.201284 0.018291 0.182993 0.219575
573 0.194167 0.0137056 0.180461 0.207872
574 0.19717 0.0109687 0.186201 0.208138
575 0.198896 0.0300007 0.168896 0.228897
576 0.198821 0.0343694 0.164452 0.233191
577 0.194287 0.0128869 0.1814 0.207174
578 0.193221 0.00758934 0.185632 0.20081
579 0.198716 0.0145985 0.184118 0.213315
580 0.195203 0.00945384 0.185749 0.204657
581 0.20268 0.0207111 0.181969 0.223391
582 0.20301 0.0239139 0.179096 0.226924
583 0.201088 0.00847766 0.192611 0.209566
584 0.197065 0.00692547 0.190139 0.20399
585 0.201209 0.00800397 0.193205 0.209213
586 0.201389 0.0137082 0.187681 0.215097
587 0.200863 0.0109919 0.189871 0.211855
588 0.203401 0.0150781 0.188323 0.218479
589 0.198071 0.00487302 0.193198 0.202944
590 0.209497 0.0193916 0.190105 0.228888
591 0.206268 0.013531 0.192737 0.219799
592 0.200173 0.00918629 0.190986 0.209359
593 0.204617 0.0158544 0.188762 0.220471
594 0.201989 0.010258 0.191731 0.212247
595 0.205443 0.0241286 0.181314 0.229571
596 0.201764 0.013621 0.188143 0.215385
597 0.199587 0.0071348 0.192452 0.206722
598 0.197245 0.0117233 0.185521 0.208968
599 0.196104 0.00570349 0.1904 0.201807
600 0.195368 0.00663455 0.188733 0.202003
601 0.195518 0.00723622 0.188282 0.202754
602 0.199617 0.0174167 0.1822 0.217034
603 0.20286 0.0161408 0.186719 0.219001
604 0.198476 0.0141271 0.184349 0.212603
605 0.194467 0.00642885 0.188038 0.200896
606 0.19699 0.0097031 0.187286 0.206693
607 0.198596 0.0140288 0.184567 0.212625
608 0.201674 0.0138147 0.187859 0.215489
609 0.199467 0.0148459 0.184621 0.214313
610 0.201764 0.016898 0.184866 0.218662
611 0.199782 0.00992231 0.18986 0.209705
612 0.198881 0.0135194 0.185362 0.212401
613 0.19732 0.00632313 0.190997 0.203643
614 0.196329 0.00777661 0.188552 0.204106
615 0.20286 0.0139126 0.188948 0.216773
616 0.199497 0.00861116 0.190886 0.208108
617 0.193731 0.00920045 0.184531 0.202932
618 0.196704 0.00846126 0.188243 0.205166
619 0.199977 0.01597 0.184007 0.215947
620 0.195203 0.00861807 0.186585 0.203821
621 0.196344 0.00821238 0.188132 0.204556
622 0.192951 0.0051528 0.187798 0.198103
623 0.19759 0.0100123 0.187578 0.207602
624 0.197005 0.00986643 0.187138 0.206871
625 0.196929 0.0121551 0.184774 0.209085
626 0.19708 0.0126372 0.184442 0.209717
627 0.190924 0.0065485 0.184375 0.197472
628 0.19265 0.00736258 0.185288 0.200013
629 0.196074 0.0141322 0.181941 0.210206
630 0.194227 0.0101791 0.184048 0.204406
631 0.196209 0.0157001 0.180509 0.211909
632 0.199872 0.0313298 0.168542 0.231202
633 0.19759 0.00993271 0.187657 0.207523
634 0.196329 0.0171716 0.179157 0.2135
635 0.193882 0.0139249 0.179957 0.207806
636 0.191795 0.0143182 0.177476 0.206113
637 0.193251 0.0130398 0.180211 0.206291
638 0.190623 0.0100741 0.180549 0.200697
639 0.225607 0.157327 0.0682801 0.382934
640 0.20244 0.0173899 0.18505 0.21983
641 0.196134 0.00944755 0.186686 0.205581
642 0.200473 0.018578 0.181895 0.219051
643 0.191449 0.0076107 0.183839 0.19906
644 0.196884 0.0115016 0.185383 0.208386
645 0.197185 0.0119269 0.185258 0.209112
646 0.193416 0.00752935 0.185887 0.200945
647 0.19786 0.0155165 0.182344 0.213377
648 0.190924 0.0072696 0.183654 0.198193
649 0.199197 0.0166968 0.1825 0.215893
650 0.195848 0.0123091 0.183539 0.208158
651 0.189753 0.00754012 0.182212 0.197293
652 0.193311 0.0136018 0.179709 0.206913
653 0.191704 0.0134412 0.178263 0.205146
654 0.185473 0.00349069 0.181983 0.188964
655 0.187816 0.00708928 0.180726 0.194905
656 0.188101 0.00867539 0.179426 0.196776
657 0.190398 0.00900841 0.18139 0.199407
658 0.194707 0.0118899 0.182817 0.206597
659 0.190248 0.00755898 0.182689 0.197807
660 0.191614 0.0122729 0.179341 0.203887
661 0.190233 0.0101804 0.180053 0.200413
662 0.190698 0.0101191 0.180579 0.200818
663 0.192125 0.0126106 0.179514 0.204735
664 0.195248 0.0107877 0.18446 0.206036
665 0.189708 0.00627085 0.183437 0.195978
666 0.194257 0.0147353 0.179522 0.208992
667 0.195653 0.0115393 0.184114 0.207193
668 0.189858 0.00675942 0.183098 0.196617
669 0.19244 0.0104128 0.182027 0.202853
670 0.192665 0.00908611 0.183579 0.201751
671 0.201043 0.0161338 0.18491 0.217177
672 0.205518 0.0181595 0.187358 0.223677
673 0.195984 0.00808735 0.187896 0.204071
674 0.200398 0.0193758 0.181022 0.219774
675 0.200098 0.0101426 0.189955 0.21024
676 0.199977 0.012178 0.187799 0.212155
677 0.195653 0.0118249 0.183828 0.207478
678 0.19717 0.0126133 0.184556 0.209783
679 0.200908 0.0166839 0.184224 0.217592
680 0.194948 0.0102202 0.184727 0.205168
681 0.19762 0.0124817 0.185138 0.210102
682 0.197665 0.0127292 0.184936 0.210394
683 0.194767 0.00830091 0.186466 0.203068
684 0.19232 0.0084474 0.183873 0.200767
685 0.195383 0.017624 0.177759 0.213007
686 0.193912 0.0144946 0.179417 0.208406
687 0.190924 0.00631221 0.184611 0.197236
688 0.196704 0.0201788 0.176526 0.216883
689 0.199047 0.0169282 0.182118 0.215975
690 0.191749 0.00798253 0.183767 0.199732
691 0.193867 0.0128513 0.181015 0.206718
692 0.191554 0.00679536 0.184759 0.19835
693 0.189167 0.00816238 0.181005 0.197329
694 0.185894 0.00612212 0.179772 0.192016
695 0.190939 0.0116519 0.179287 0.202591
696 0.194707 0.0115134 0.183194 0.206221
697 0.190819 0.0114246 0.179394 0.202243
698 0.185308 0.00438761 0.180921 0.189696
699 0.195338 0.0192191 0.176119 0.214557
700 0.189512 0.00708701 0.182425 0.196599
701 0.19699 0.0165666 0.180423 0.213556
702 0.189242 0.0134463 0.175796 0.202688
703 0.188401 0.00614485 0.182256 0.194546
704 0.195338 0.015998 0.17934 0.211336
705 0.204046 0.019515 0.184531 0.223561
706 0.196689 0.00899414 0.187695 0.205683
707 0.209917 0.0344365 0.17548 0.244354
708 0.202785 0.0171244 0.185661 0.21991
709 0.200818 0.0128806 0.187938 0.213699
710 0.203206 0.00918074 0.194025 0.212386
711 0.201088 0.00774738 0.193341 0.208836
712 0.20268 0.00818389 0.194496 0.210864
713 0.200863 0.00757592 0.193287 0.208439
714 0.204242 0.0106046 0.193637 0.214846
715 0.20316 0.0112074 0.191953 0.214368
716 0.235607 0.12883 0.106776 0.364437
717 0.200052 0.010027 0.190026 0.210079
718 0.204887 0.0227258 0.182161 0.227613
719 0.201464 0.0101335 0.19133 0.211597
720 0.203776 0.0147501 0.189026 0.218526
721 0.201704 0.0128628 0.188841 0.214567
722 0.198206 0.00780837 0.190397 0.206014
723 0.200037 0.00915624 0.190881 0.209194
724 0.198896 0.00638301 0.192513 0.205279
725 0.232919 0.139496 0.0934227 0.372416
726 0.203386 0.0150729 0.188313 0.218459
727 0.198596 0.00693939 0.191657 0.205535
728 0.201659 0.0077916 0.193867 0.209451
729 0.201509 0.0101715 0.191337 0.21168
730 0.200007 0.00831398 0.191693 0.208321
731 0.203476 0.0165762 0.1869 0.220052
732 0.203506 0.0111698 0.192336 0.214676
733 0.200503 0.00889895 0.191604 0.209402
734 0.200173 0.00775269 0.19242 0.207925
735 0.198551 0.00729436 0.191257 0.205845
736 0.205007 0.0129348 0.192072 0.217942
737 0.19777 0.00600157 0.191769 0.203772
738 0.202725 0.0149919 0.187733 0.217717
739 0.19762 0.00447612 0.193144 0.202096
740 0.20295 0.00822445 0.194726 0.211175
741 0.201719 0.00735302 0.194366 0.209072
742 0.200398 0.00680091 0.193597 0.207199
743 0.199677 0.00743145 0.192246 0.207109
744 0.201929 0.0110437 0.190886 0.212973
745 0.202034 0.0116768 0.190358 0.213711
746 0.196569 0.0052015 0.191368 0.201771
747 0.200743 0.0135605 0.187183 0.214304
748 0.199962 0.0106634 0.189299 0.210626
749 0.20807 0.014432 0.193638 0.222502
750 0.206464 0.0251391 0.181325 0.231603
751 0.200638 0.0134039 0.187234 0.214042
752 0.204827 0.0164228 0.188404 0.22125
753 0.198521 0.0142414 0.18428 0.212762
754 0.195458 0.00737569 0.188082 0.202834
755 0.196254 0.0159446 0.180309 0.212198
756 0.195428 0.0105365 0.184892 0.205965
757 0.219061 0.136428 0.082633 0.355489
758 0.198206 0.0159613 0.182244 0.214167
759 0.200368 0.0191588 0.181209 0.219527
760 0.191674 0.0100685 0.181606 0.201743
761 0.193191 0.0154002 0.177791 0.208591
762 0.191509 0.0121061 0.179403 0.203615
763 0.194512 0.0137861 0.180726 0.208298
764 0.190864 0.007699 0.183165 0.198563
765 0.189227 0.00985857 0.179368 0.199086
766 0.194392 0.0191535 0.175239 0.213546
767 0.193656 0.00855897 0.185097 0.202215
768 0.206764 0.0273031 0.179461 0.234067
769 0.202995 0.0215736 0.181422 0.224569
770 0.200098 0.0161304 0.183967 0.216228
771 0.193791 0.00874572 0.185046 0.202537
772 0.196104 0.0110727 0.185031 0.207176
773 0.194002 0.0130041 0.180998 0.207006
774 0.191239 0.00468708 0.186552 0.195926
775 0.246132 0.23478 0.0113518 0.480912
776 0.205938 0.0295698 0.176368 0.235508
777 0.192801 0.0073589 0.185442 0.200159
778 0.193356 0.00989537 0.183461 0.203251
779 0.19241 0.00660832 0.185802 0.199018
780 0.192185 0.00913737 0.183048 0.201322
781 0.191224 0.00702227 0.184202 0.198246
782 0.191885 0.00680537 0.185079 0.19869
783 0.196134 0.0112347 0.184899 0.207368
784 0.190638 0.00659903 0.184039 0.197237
785 0.190458 0.00438656 0.186072 0.194845
786 0.195293 0.0101777 0.185115 0.205471
787 0.193131 0.0113881 0.181743 0.204519
788 0.195638 0.0145897 0.181049 0.210228
789 0.191825 0.00798034 0.183844 0.199805
790 0.191945 0.00735162 0.184593 0.199296
791 0.212214 0.0723987 0.139815 0.284613
792 0.194407 0.00662707 0.18778 0.201034
793 0.197005 0.0117951 0.185209 0.2088
794 0.196284 0.00783189 0.188452 0.204116
795 0.2443 0.235925 0.00837472 0.480225
796 0.195969 0.0126626 0.183306 0.208631
797 0.192725 0.00856408 0.184161 0.20129
798 0.193221 0.00792813 0.185293 0.201149
799 0.198026 0.0117472 0.186278 0.209773
