# ../output/graphs/perf_parallel9BIPED_thread3
# step - mean (0.015479) - standard deviation (0.00406585) r=20 - ylow - yhigh
0 0.0293798 0.0462255 -0.0168458 0.0756053
1 0.0177262 0.00648353 0.0112427 0.0242097
2 0.016037 0.00359964 0.0124373 0.0196366
3 0.0158873 0.00316368 0.0127236 0.019051
4 0.0158232 0.0031658 0.0126574 0.018989
5 0.0158232 0.00317443 0.0126487 0.0189976
6 0.015759 0.00299746 0.0127615 0.0187565
7 0.0157376 0.00321052 0.0125271 0.0189482
8 0.0174482 0.0101423 0.00730593 0.0275905
9 0.017042 0.00521539 0.0118266 0.0222574
10 0.0167854 0.00687161 0.00991375 0.023657
11 0.0149251 0.00310423 0.0118209 0.0180293
12 0.0153527 0.00304174 0.012311 0.0183945
13 0.0151175 0.00309353 0.012024 0.0182111
14 0.0149892 0.00285433 0.0121349 0.0178435
15 0.0151603 0.0029177 0.0122426 0.018078
16 0.0152672 0.00321482 0.0120524 0.018482
17 0.0148609 0.0027744 0.0120865 0.0176353
18 0.0146685 0.00301516 0.0116533 0.0176837
19 0.0146899 0.00287283 0.011817 0.0175627
20 0.0150534 0.00304686 0.0120065 0.0181002
21 0.0150748 0.00309235 0.0119824 0.0181671
22 0.0147113 0.00302818 0.0116831 0.0177394
23 0.0146257 0.00286431 0.0117614 0.01749
24 0.0149679 0.00295668 0.0120112 0.0179245
25 0.0150962 0.00297857 0.0121176 0.0180747
26 0.0151603 0.00306145 0.0120988 0.0182217
27 0.0149679 0.00299965 0.0119682 0.0179675
28 0.0146471 0.00283309 0.011814 0.0174802
29 0.0146257 0.00295234 0.0116734 0.0175781
30 0.0142622 0.00290763 0.0113546 0.0171699
31 0.0162294 0.00880536 0.00742407 0.0250348
32 0.0154811 0.00323325 0.0122478 0.0187143
33 0.014754 0.00283189 0.0119221 0.0175859
34 0.0146685 0.00280788 0.0118606 0.0174764
35 0.0150962 0.00340541 0.0116908 0.0185016
36 0.014754 0.00286398 0.01189 0.017618
37 0.0150962 0.00293213 0.012164 0.0180283
38 0.0178118 0.0123111 0.00550064 0.0301229
39 0.0150748 0.00298708 0.0120877 0.0180618
40 0.0149893 0.00276975 0.0122195 0.017759
41 0.0152672 0.00310777 0.0121595 0.018375
42 0.0153527 0.00292217 0.0124306 0.0182749
43 0.0155238 0.00297855 0.0125452 0.0185024
44 0.0151817 0.00303454 0.0121471 0.0182162
45 0.0155238 0.00305436 0.0124695 0.0185782
46 0.016208 0.00299935 0.0132087 0.0192074
47 0.0164005 0.00288239 0.0135181 0.0192829
48 0.0157804 0.00285569 0.0129247 0.0186361
49 0.0156307 0.00328338 0.0123473 0.0189141
50 0.0155238 0.00306034 0.0124634 0.0185841
51 0.0156949 0.00320338 0.0124915 0.0188982
52 0.0164433 0.0033194 0.0131238 0.0197627
53 0.0158231 0.00299664 0.0128265 0.0188198
54 0.0152245 0.00303424 0.0121902 0.0182587
55 0.0157162 0.00389346 0.0118228 0.0196097
56 0.0156735 0.00323515 0.0124383 0.0189086
57 0.0166785 0.00332086 0.0133576 0.0199993
58 0.0160797 0.00319567 0.0128841 0.0192754
59 0.0160797 0.0028796 0.0132001 0.0189593
60 0.0161011 0.00315212 0.012949 0.0192532
61 0.0157804 0.00313939 0.012641 0.0189198
62 0.0161439 0.00327617 0.0128677 0.0194201
63 0.0156093 0.00306153 0.0125478 0.0186709
64 0.01732 0.00453895 0.012781 0.0218589
65 0.0153741 0.00292708 0.012447 0.0183012
66 0.0153955 0.00308682 0.0123087 0.0184823
67 0.0163577 0.00416358 0.0121941 0.0205213
68 0.0157162 0.00291581 0.0128004 0.018632
69 0.0156307 0.00298584 0.0126449 0.0186166
70 0.0155666 0.00310277 0.0124638 0.0186693
71 0.0152031 0.00302238 0.0121807 0.0182254
72 0.0151389 0.00287325 0.0122657 0.0180122
73 0.0167212 0.00333432 0.0133869 0.0200556
74 0.0165074 0.00314666 0.0133607 0.0196541
75 0.017042 0.00322381 0.0138182 0.0202658
76 0.0162508 0.00347164 0.0127791 0.0197224
77 0.0159728 0.00344061 0.0125322 0.0194134
78 0.0158659 0.00311306 0.0127529 0.018979
79 0.0169992 0.00717116 0.00982803 0.0241704
80 0.0158018 0.00314398 0.0126578 0.0189458
81 0.0155452 0.00313756 0.0124076 0.0186828
82 0.015759 0.00308763 0.0126714 0.0188466
83 0.0156093 0.00310306 0.0125063 0.0187124
84 0.0155666 0.00312626 0.0124403 0.0186928
85 0.015481 0.0031122 0.0123688 0.0185932
86 0.0156093 0.00314985 0.0124595 0.0187592
87 0.0156521 0.0032128 0.0124393 0.0188649
88 0.0159301 0.00318846 0.0127416 0.0191185
89 0.0160797 0.00328598 0.0127938 0.0193657
90 0.0159728 0.00342998 0.0125428 0.0194028
91 0.0156735 0.0030965 0.012577 0.01877
92 0.0151175 0.00299136 0.0121262 0.0181089
93 0.0151817 0.00286719 0.0123145 0.0180489
94 0.0150961 0.0029008 0.0121953 0.0179969
95 0.0149251 0.00281699 0.0121081 0.0177421
96 0.0183249 0.00661172 0.0117132 0.0249367
97 0.0153955 0.00265352 0.012742 0.018049
98 0.0145616 0.00271981 0.0118418 0.0172814
99 0.0144333 0.00254758 0.0118857 0.0169809
100 0.0150962 0.00379648 0.0112997 0.0188926
101 0.0146685 0.00311659 0.0115519 0.0177851
102 0.0156093 0.00532509 0.0102842 0.0209344
103 0.0149893 0.0031873 0.0118019 0.0181766
104 0.0159728 0.00591689 0.0100559 0.0218897
105 0.0141339 0.00237905 0.0117549 0.016513
106 0.0152886 0.00560516 0.00968345 0.0208938
107 0.0144119 0.0026642 0.0117477 0.0170761
108 0.0141767 0.00285047 0.0113262 0.0170272
109 0.0156735 0.00721869 0.0084548 0.0228922
110 0.015481 0.00565342 0.00982762 0.0211345
111 0.014754 0.00299511 0.0117589 0.0177491
112 0.0147113 0.00287644 0.0118348 0.0175877
113 0.0151389 0.0034832 0.0116557 0.0186221
114 0.014583 0.00303272 0.0115502 0.0176157
115 0.0149465 0.00292395 0.0120225 0.0178704
116 0.0149892 0.00315269 0.0118365 0.0181419
117 0.0146899 0.00280845 0.0118814 0.0174983
118 0.0147968 0.00277613 0.0120207 0.0175729
119 0.0155238 0.00459223 0.0109316 0.020116
120 0.0149678 0.00284638 0.0121215 0.0178142
121 0.0147754 0.00278625 0.0119892 0.0175617
122 0.0152031 0.00296433 0.0122387 0.0181674
123 0.0149037 0.00264065 0.012263 0.0175443
124 0.01531 0.00282572 0.0124843 0.0181357
125 0.0149465 0.00294267 0.0120038 0.0178891
126 0.0159728 0.00463816 0.0113347 0.020611
127 0.0147327 0.00313817 0.0115945 0.0178708
128 0.0163791 0.00286591 0.0135132 0.019245
129 0.0158659 0.0028907 0.0129752 0.0187566
130 0.015203 0.00326105 0.011942 0.0184641
131 0.0160584 0.0044329 0.0116255 0.0204913
132 0.0152458 0.00293579 0.01231 0.0181816
133 0.0153741 0.00295197 0.0124222 0.0183261
134 0.0168495 0.00598926 0.0108603 0.0228388
135 0.0159301 0.00305069 0.0128794 0.0189807
136 0.0186029 0.0138829 0.00471994 0.0324858
137 0.0159728 0.00335993 0.0126129 0.0193328
138 0.0157804 0.00307165 0.0127088 0.0188521
139 0.0158232 0.0031542 0.012669 0.0189774
140 0.0156949 0.00301519 0.0126797 0.0187101
141 0.0155238 0.003096 0.0124278 0.0186198
142 0.0158445 0.00301631 0.0128282 0.0188609
143 0.0156307 0.00308525 0.0125455 0.018716
144 0.0159942 0.00340622 0.012588 0.0194004
145 0.0160156 0.00298585 0.0130298 0.0190015
146 0.0153527 0.00302971 0.012323 0.0183825
147 0.0156307 0.00333316 0.0122976 0.0189639
148 0.0165074 0.00513967 0.0113677 0.0216471
149 0.0159942 0.00339547 0.0125987 0.0193897
150 0.0157804 0.00285569 0.0129247 0.0186361
151 0.0158018 0.0030465 0.0127553 0.0188483
152 0.0161011 0.00296066 0.0131405 0.0190618
153 0.0168923 0.00298591 0.0139064 0.0198782
154 0.0165288 0.00354018 0.0129886 0.020069
155 0.0165074 0.00301608 0.0134913 0.0195235
156 0.0161225 0.00313999 0.0129825 0.0192625
157 0.0162722 0.0030163 0.0132559 0.0192885
158 0.0213399 0.0198957 0.00144417 0.0412356
159 0.0164433 0.00293954 0.0135037 0.0193828
160 0.0170847 0.00294267 0.0141421 0.0200274
161 0.0166571 0.00303145 0.0136256 0.0196885
162 0.0157376 0.00315015 0.0125875 0.0188878
163 0.0158659 0.00379841 0.0120675 0.0196643
164 0.0163791 0.00341347 0.0129656 0.0197926
165 0.0166143 0.00425355 0.0123608 0.0208679
166 0.0171489 0.0055774 0.0115715 0.0227263
167 0.0175765 0.00505626 0.0125203 0.0226328
168 0.0167212 0.00531545 0.0114058 0.0220367
169 0.0154596 0.00318385 0.0122758 0.0186435
170 0.0165501 0.00368651 0.0128636 0.0202367
171 0.0159301 0.00291893 0.0130111 0.018849
172 0.016486 0.00309116 0.0133949 0.0195772
173 0.0165715 0.00478488 0.0117866 0.0213564
174 0.0161011 0.0030066 0.0130945 0.0191077
175 0.0159301 0.00318845 0.0127416 0.0191185
176 0.0161866 0.00303384 0.0131528 0.0192205
177 0.0163363 0.00306779 0.0132686 0.0194041
178 0.016037 0.00305555 0.0129814 0.0190925
179 0.0168923 0.00421732 0.012675 0.0211096
180 0.0164646 0.00289891 0.0135657 0.0193635
181 0.0161439 0.00290323 0.0132407 0.0190471
182 0.0159514 0.00306034 0.0128911 0.0190118
183 0.0158231 0.00325692 0.0125662 0.0190801
184 0.015759 0.00322382 0.0125352 0.0189828
185 0.0161011 0.00310829 0.0129928 0.0192094
186 0.0162294 0.00310299 0.0131264 0.0193324
187 0.0164432 0.00334139 0.0131019 0.0197846
188 0.0163791 0.00311656 0.0132625 0.0194957
189 0.0168068 0.00410212 0.0127047 0.0209089
190 0.0161011 0.00311124 0.0129899 0.0192123
191 0.0165074 0.0033192 0.0131882 0.0198266
192 0.0173199 0.0028157 0.0145042 0.0201356
193 0.0171489 0.00311307 0.0140358 0.020262
194 0.0161867 0.00312882 0.0130578 0.0193155
195 0.0156521 0.00311454 0.0125376 0.0187666
196 0.0158873 0.0030728 0.0128145 0.0189601
197 0.0158873 0.00306385 0.0128235 0.0189512
198 0.015759 0.0031083 0.0126507 0.0188673
199 0.0157804 0.00302668 0.0127537 0.0188071
200 0.0159087 0.00308564 0.012823 0.0189943
201 0.0159942 0.00310866 0.0128856 0.0191029
202 0.0158873 0.00303988 0.0128474 0.0189272
203 0.0156735 0.0030698 0.0126037 0.0187433
204 0.0155452 0.0031781 0.0123671 0.0187233
205 0.0153527 0.00289069 0.0124621 0.0182434
206 0.0157376 0.00290551 0.0128321 0.0186431
207 0.0152458 0.0031024 0.0121434 0.0183482
208 0.0155666 0.00312334 0.0124432 0.0186899
209 0.0156307 0.0028026 0.0128281 0.0184333
210 0.0156949 0.00316896 0.0125259 0.0188638
211 0.0154597 0.00331887 0.0121408 0.0187785
212 0.0152031 0.00296435 0.0122387 0.0181674
213 0.01531 0.00312685 0.0121831 0.0184368
214 0.0155665 0.00289859 0.012668 0.0184651
215 0.0156307 0.00296741 0.0126633 0.0185981
216 0.0149251 0.00277778 0.0121473 0.0177029
217 0.0148609 0.00297479 0.0118861 0.0178357
218 0.0147968 0.00284766 0.0119491 0.0176445
219 0.0150748 0.00299321 0.0120816 0.018068
220 0.0151175 0.00289507 0.0122224 0.0180126
221 0.0155666 0.00361716 0.0119494 0.0191837
222 0.0148609 0.00265307 0.0122079 0.017514
223 0.0147968 0.0032071 0.0115897 0.0180039
224 0.0162722 0.00280258 0.0134696 0.0190748
225 0.0156735 0.00267845 0.012995 0.0183519
226 0.0144761 0.00279869 0.0116774 0.0172747
227 0.01531 0.00306781 0.0122422 0.0183778
228 0.0152886 0.00333973 0.0119489 0.0186283
229 0.0148823 0.00289924 0.0119831 0.0177816
230 0.0157804 0.00533436 0.010446 0.0211148
231 0.0166357 0.00578818 0.0108475 0.0224239
232 0.0148182 0.00287282 0.0119453 0.017691
233 0.0148823 0.00281925 0.0120631 0.0177016
234 0.0146471 0.00267369 0.0119734 0.0173208
235 0.0147326 0.00271308 0.0120196 0.0174457
236 0.0149892 0.00306742 0.0119218 0.0180566
237 0.0151389 0.00292999 0.0122089 0.0180689
238 0.0151603 0.00316138 0.0119989 0.0183217
239 0.0153314 0.00298216 0.0123492 0.0183135
240 0.0155666 0.0029049 0.0126617 0.0184715
241 0.0152672 0.00285634 0.0124109 0.0181235
242 0.01531 0.00293373 0.0123762 0.0182437
243 0.0154597 0.00287917 0.0125805 0.0183388
244 0.0157804 0.00319708 0.0125833 0.0189775
245 0.0157162 0.00322552 0.0124907 0.0189418
246 0.0164005 0.00328286 0.0131176 0.0196834
247 0.0168281 0.00328007 0.0135481 0.0201082
248 0.0166785 0.0031484 0.0135301 0.0198269
249 0.0160156 0.00347817 0.0125374 0.0194938
250 0.0175979 0.00677027 0.0108276 0.0243682
251 0.016486 0.00412519 0.0123608 0.0206112
252 0.0163363 0.00344941 0.0128869 0.0197858
253 0.0168709 0.00317005 0.0137009 0.020041
254 0.0169992 0.00332326 0.0136759 0.0203225
255 0.0167854 0.00327056 0.0135148 0.0200559
256 0.0183035 0.00260341 0.0157001 0.020907
257 0.018218 0.00396682 0.0142512 0.0221848
258 0.0171703 0.00306383 0.0141064 0.0202341
259 0.0169137 0.00320162 0.0137121 0.0201153
260 0.0170206 0.00314143 0.0138792 0.020162
261 0.0174055 0.00461211 0.0127934 0.0220176
262 0.0168709 0.00331111 0.0135598 0.020182
263 0.0173413 0.0033139 0.0140274 0.0206552
264 0.0174696 0.00332986 0.0141398 0.0207995
265 0.0167426 0.00284724 0.0138954 0.0195899
266 0.0168709 0.00315269 0.0137182 0.0200236
267 0.0171703 0.0029883 0.014182 0.0201586
268 0.0177262 0.00289568 0.0148305 0.0206219
269 0.0184104 0.00532162 0.0130888 0.0237321
270 0.0177048 0.0025206 0.0151842 0.0202254
271 0.0181966 0.0048449 0.0133517 0.0230415
272 0.0174482 0.00271013 0.0147381 0.0201584
273 0.017491 0.002897 0.014594 0.020388
274 0.0172558 0.00289187 0.0143639 0.0201477
275 0.0173413 0.00280585 0.0145355 0.0201472
276 0.0173841 0.00283764 0.0145464 0.0202217
277 0.0172986 0.00250269 0.0147959 0.0198013
278 0.0178973 0.00252741 0.0153699 0.0204247
279 0.0184318 0.0024896 0.0159422 0.0209214
280 0.0177903 0.00279255 0.0149978 0.0205829
281 0.0173627 0.00286688 0.0144958 0.0202296
282 0.0174482 0.00315304 0.0142952 0.0206013
283 0.0168067 0.00293216 0.0138746 0.0197389
284 0.0169351 0.00279908 0.014136 0.0197341
285 0.016764 0.00297702 0.013787 0.019741
286 0.0173841 0.00415789 0.0132262 0.021542
287 0.0169992 0.00288428 0.0141149 0.0198835
288 0.0172986 0.00305547 0.0142431 0.020354
289 0.0180683 0.00426339 0.0138049 0.0223317
290 0.0170634 0.00286528 0.0141981 0.0199286
291 0.0167426 0.00277243 0.0139702 0.019515
292 0.0165715 0.0028588 0.0137127 0.0194303
293 0.016764 0.00307376 0.0136902 0.0198377
294 0.016315 0.00320104 0.0131139 0.019516
295 0.015759 0.00298218 0.0127768 0.0187412
296 0.0161653 0.00318766 0.0129776 0.0193529
297 0.0179614 0.00782616 0.0101353 0.0257876
298 0.0159514 0.00308416 0.0128673 0.0190356
299 0.0159515 0.00306034 0.0128911 0.0190118
300 0.0155879 0.00300722 0.0125807 0.0185951
301 0.0165502 0.00438237 0.0121678 0.0209325
302 0.0156735 0.00416884 0.0115046 0.0198423
303 0.01531 0.00296162 0.0123484 0.0182716
304 0.0152886 0.00305069 0.0122379 0.0183393
305 0.0155238 0.00287866 0.0126451 0.0184025
306 0.0153527 0.00306572 0.012287 0.0184185
307 0.0149037 0.0027459 0.0121578 0.0176496
308 0.0150534 0.00275363 0.0122998 0.017807
309 0.0147754 0.00281236 0.011963 0.0175878
310 0.0149037 0.00292019 0.0119835 0.0178239
311 0.0152672 0.00303031 0.0122369 0.0182975
312 0.0154169 0.00273657 0.0126803 0.0181535
313 0.0155238 0.00311367 0.0124101 0.0186375
314 0.015032 0.00292334 0.0121087 0.0179553
315 0.0155452 0.00317236 0.0123728 0.0187175
316 0.0153955 0.00296903 0.0124265 0.0183646
317 0.0158018 0.00396928 0.0118325 0.0197711
318 0.0152458 0.0032153 0.0120305 0.0184611
319 0.0146685 0.00286911 0.0117994 0.0175376
320 0.0161225 0.00281114 0.0133114 0.0189337
321 0.0154383 0.00244137 0.0129969 0.0178796
322 0.0149892 0.00251726 0.012472 0.0175065
323 0.0151175 0.00284085 0.0122767 0.0179584
324 0.0155666 0.0027596 0.012807 0.0183262
325 0.0151817 0.00262058 0.0125611 0.0178023
326 0.0156948 0.00317472 0.0125201 0.0188696
327 0.0153741 0.00266889 0.0127052 0.018043
328 0.0163791 0.00312244 0.0132567 0.0195015
329 0.0172985 0.00498628 0.0123123 0.0222848
330 0.0159515 0.00292592 0.0130255 0.0188774
331 0.0170847 0.0058613 0.0112234 0.022946
332 0.0157804 0.00306271 0.0127177 0.0188431
333 0.0157376 0.00307972 0.0126579 0.0188173
334 0.0153314 0.00274591 0.0125855 0.0180773
335 0.0149678 0.00289732 0.0120705 0.0178652
336 0.0148609 0.00301449 0.0118464 0.0178754
337 0.0146471 0.0029532 0.0116939 0.0176003
338 0.0136635 0.00265862 0.0110049 0.0163221
339 0.0135566 0.00262616 0.0109304 0.0161827
340 0.0134497 0.00277966 0.01067 0.0162293
341 0.0133 0.00263241 0.0106676 0.0159324
342 0.013578 0.002846 0.010732 0.016424
343 0.0137063 0.00281235 0.0108939 0.0165186
344 0.0135994 0.002683 0.0109164 0.0162824
345 0.0138987 0.00278303 0.0111157 0.0166818
346 0.0143264 0.00357417 0.0107522 0.0179005
347 0.0140056 0.00343157 0.0105741 0.0174372
348 0.0140698 0.00302971 0.0110401 0.0170995
349 0.0136635 0.00262746 0.0110361 0.016291
350 0.0141125 0.0028528 0.0112597 0.0169653
351 0.013578 0.00286518 0.0107128 0.0164432
352 0.016208 0.00502904 0.011179 0.0212371
353 0.0156735 0.00426426 0.0114092 0.0199377
354 0.0143905 0.00313465 0.0112559 0.0175252
355 0.0140698 0.00291276 0.011157 0.0169825
356 0.0145616 0.0030254 0.0115362 0.017587
357 0.0146899 0.00300355 0.0116863 0.0176934
358 0.0147113 0.00284766 0.0118636 0.0175589
359 0.0145616 0.00308527 0.0114763 0.0176469
360 0.0146471 0.00300842 0.0116387 0.0176556
361 0.0145402 0.00299968 0.0115405 0.0175399
362 0.0141767 0.0029637 0.011213 0.0171404
363 0.0146257 0.00311512 0.0115106 0.0177409
364 0.014754 0.00323861 0.0115154 0.0179926
365 0.0147326 0.00316427 0.0115684 0.0178969
366 0.0147754 0.00303142 0.011744 0.0178068
367 0.014583 0.00292528 0.0116577 0.0175083
368 0.0142408 0.00279155 0.0114493 0.0170324
369 0.0145402 0.00301791 0.0115223 0.0175581
370 0.0161653 0.00823897 0.00792631 0.0244042
371 0.0148823 0.00352548 0.0113568 0.0184078
372 0.0142195 0.00291268 0.0113068 0.0171322
373 0.0141981 0.00297393 0.0112241 0.017172
374 0.0141553 0.00286207 0.0112932 0.0170174
375 0.0140484 0.00294823 0.0111002 0.0169966
376 0.0145188 0.00296741 0.0115514 0.0174862
377 0.0140912 0.00289253 0.0111986 0.0169837
378 0.0144119 0.00301214 0.0113998 0.017424
379 0.0141125 0.00291935 0.0111932 0.0170319
380 0.0139629 0.00279215 0.0111707 0.016755
381 0.0138132 0.00265731 0.0111559 0.0164705
382 0.0152458 0.00634063 0.00890519 0.0215864
383 0.0140056 0.00305666 0.010949 0.0170623
384 0.0149465 0.00250634 0.0124401 0.0174528
385 0.0141981 0.00277019 0.0114279 0.0169683
386 0.0139629 0.00306086 0.010902 0.0170237
387 0.0138346 0.00278884 0.0110457 0.0166234
388 0.0141339 0.00297973 0.0111542 0.0171137
389 0.0139843 0.00291025 0.011074 0.0168945
390 0.0142836 0.00283481 0.0114488 0.0171184
391 0.0142195 0.00308941 0.0111301 0.0173089
392 0.0146257 0.00285792 0.0117678 0.0174837
393 0.0141767 0.00291078 0.0112659 0.0170875
394 0.0141767 0.00279541 0.0113813 0.0169721
395 0.014305 0.00278951 0.0115155 0.0170945
396 0.0143905 0.0027691 0.0116214 0.0171596
397 0.0141339 0.00292708 0.0112068 0.017061
398 0.0145188 0.00310004 0.0114188 0.0176188
399 0.0151175 0.00583754 0.00927999 0.0209551
400 0.0144119 0.00298777 0.0114241 0.0173997
401 0.0142836 0.00297642 0.0113072 0.01726
402 0.014305 0.00310299 0.011202 0.017408
403 0.0143905 0.00295135 0.0114392 0.0173419
404 0.0143691 0.00304024 0.0113289 0.0174094
405 0.0145402 0.00299358 0.0115466 0.0175338
406 0.0151817 0.00349919 0.0116825 0.0186808
407 0.0160156 0.00289567 0.0131199 0.0189113
408 0.01531 0.00305584 0.0122541 0.0183658
409 0.0152244 0.00304327 0.0121812 0.0182677
410 0.0152458 0.00312004 0.0121258 0.0183658
411 0.015481 0.00298011 0.0125009 0.0184612
412 0.0167212 0.00441312 0.0123081 0.0211344
413 0.0158445 0.00293953 0.012905 0.0187841
414 0.0159087 0.00327539 0.0126333 0.0191841
415 0.0155024 0.0031999 0.0123025 0.0187023
416 0.0176835 0.00249829 0.0151852 0.0201817
417 0.0172772 0.00292996 0.0143472 0.0202071
418 0.016037 0.00303453 0.0130025 0.0190715
419 0.0155879 0.00326946 0.0123185 0.0188574
420 0.0154383 0.00315102 0.0122873 0.0185893
421 0.0156307 0.00295505 0.0126757 0.0185858
422 0.0158873 0.003594 0.0122933 0.0194813
423 0.0157804 0.00304475 0.0127357 0.0188252
424 0.0153314 0.00314919 0.0121822 0.0184806
425 0.0155024 0.00303566 0.0124667 0.0185381
426 0.0153955 0.00308385 0.0123117 0.0184793
427 0.0156093 0.00348608 0.0121232 0.0190954
428 0.0153528 0.00308355 0.0122692 0.0184363
429 0.0151817 0.00295824 0.0122234 0.0181399
430 0.0171061 0.00327371 0.0138324 0.0203798
431 0.017042 0.00323516 0.0138068 0.0202771
432 0.0163364 0.00300759 0.0133288 0.0193439
433 0.0153314 0.00272586 0.0126055 0.0180572
434 0.0152244 0.00298869 0.0122357 0.0182131
435 0.0152886 0.002947 0.0123416 0.0182356
436 0.0146257 0.00294305 0.0116827 0.0175688
437 0.0143478 0.00266546 0.0116823 0.0170132
438 0.0146257 0.00271013 0.0119156 0.0173358
439 0.0152458 0.00306085 0.012185 0.0183067
440 0.0154383 0.00418554 0.0112527 0.0196238
441 0.0144547 0.00279319 0.0116615 0.0172479
442 0.0146043 0.00275589 0.0118484 0.0173602
443 0.0143691 0.00279581 0.0115733 0.017165
444 0.014476 0.00276583 0.0117102 0.0172419
445 0.0144547 0.0027899 0.0116648 0.0172446
446 0.0161867 0.0100624 0.00612432 0.0262491
447 0.0140056 0.0028039 0.0112017 0.0168095
448 0.0155238 0.00274866 0.0127751 0.0182725
449 0.0149678 0.00267412 0.0122937 0.017642
450 0.0139842 0.00269829 0.0112859 0.0166825
451 0.0141339 0.00272653 0.0114074 0.0168605
452 0.0142195 0.00281366 0.0114058 0.0170331
453 0.0142195 0.00268733 0.0115321 0.0169068
454 0.0144119 0.00400057 0.0104113 0.0184125
455 0.0142408 0.00290079 0.01134 0.0171416
456 0.0136635 0.00268597 0.0109775 0.0163495
457 0.0137063 0.00300719 0.0106991 0.0167135
458 0.0136421 0.002701 0.0109411 0.0163431
459 0.0136207 0.00282793 0.0107928 0.0164487
460 0.0143478 0.00384049 0.0105073 0.0181883
461 0.0143478 0.00335503 0.0109927 0.0177028
462 0.0134925 0.00272317 0.0107693 0.0162156
463 0.0138132 0.00272188 0.0110913 0.0165351
464 0.0135994 0.00270336 0.010896 0.0163027
465 0.0136421 0.00264627 0.0109959 0.0162884
466 0.0152244 0.00751186 0.00771257 0.0227363
467 0.0135566 0.00277183 0.0107848 0.0163284
468 0.0138773 0.00284467 0.0110327 0.016722
469 0.0139415 0.00294553 0.010996 0.016887
470 0.0138132 0.00258756 0.0112256 0.0164007
471 0.0139415 0.00417788 0.00976361 0.0181194
472 0.0136421 0.00274132 0.0109008 0.0163834
473 0.0135994 0.00277351 0.0108258 0.0163729
474 0.0138132 0.00271517 0.011098 0.0165284
475 0.0137918 0.00290325 0.0108885 0.016695
476 0.0153741 0.00758583 0.00778829 0.0229599
477 0.0143264 0.00299814 0.0113282 0.0173245
478 0.0144761 0.00312883 0.0113472 0.0176049
479 0.0139415 0.00301002 0.0109314 0.0169515
480 0.0159514 0.0029847 0.0129667 0.0189362
481 0.0152245 0.00341158 0.0118129 0.018636
482 0.0145616 0.00297356 0.011588 0.0175351
483 0.0145616 0.00325261 0.011309 0.0178142
484 0.0146471 0.00306863 0.0115785 0.0177157
485 0.0142408 0.00281114 0.0114297 0.017052
486 0.0141339 0.00286392 0.01127 0.0169979
487 0.014305 0.00279279 0.0115122 0.0170978
488 0.0140484 0.00293893 0.0111095 0.0169873
489 0.0142836 0.0029393 0.0113443 0.0172229
490 0.0143264 0.00287674 0.0114496 0.0172031
491 0.0146899 0.00288873 0.0118011 0.0175786
492 0.0152244 0.00333845 0.011886 0.0185629
493 0.0148395 0.00296935 0.0118702 0.0178089
494 0.0148182 0.00297297 0.0118452 0.0177911
495 0.0158018 0.00312062 0.0126811 0.0189224
496 0.0152672 0.00302428 0.0122429 0.0182915
497 0.0156307 0.00329176 0.0123389 0.0189225
498 0.0154597 0.003155 0.0123046 0.0186147
499 0.0157804 0.00308356 0.0126968 0.018864
500 0.0157163 0.00328451 0.0124317 0.0190008
501 0.0163791 0.00441768 0.0119614 0.0207968
502 0.0151175 0.00296372 0.0121538 0.0180812
503 0.0151175 0.00328841 0.0118291 0.0184059
504 0.0158018 0.00342248 0.0123793 0.0192243
505 0.015759 0.00295442 0.0128046 0.0187134
506 0.0158445 0.00301328 0.0128313 0.0188578
507 0.015759 0.00316659 0.0125924 0.0189256
508 0.0150106 0.00300547 0.0120052 0.0180161
509 0.0152886 0.00308645 0.0122021 0.018375
510 0.016486 0.00550073 0.0109853 0.0219867
511 0.0152458 0.00296371 0.0122821 0.0182095
512 0.0168281 0.00279868 0.0140294 0.0196268
513 0.0172772 0.0056239 0.0116533 0.0229011
514 0.0159942 0.00341159 0.0125826 0.0194058
515 0.0158873 0.00281499 0.0130723 0.0187023
516 0.0161012 0.00307278 0.0130284 0.0191739
517 0.0165288 0.00301269 0.0135161 0.0195415
518 0.0170634 0.00333157 0.0137318 0.0203949
519 0.0162936 0.00290016 0.0133934 0.0191937
520 0.0163577 0.0027043 0.0136534 0.019062
521 0.0170847 0.00568547 0.0113993 0.0227702
522 0.0161439 0.00332601 0.0128179 0.0194699
523 0.0158659 0.00283641 0.0130295 0.0187023
524 0.0168281 0.00259171 0.0142364 0.0194198
525 0.0179187 0.00295639 0.0149623 0.020875
526 0.017042 0.0027459 0.0142961 0.0197879
527 0.0168709 0.00282857 0.0140423 0.0196995
528 0.0173413 0.00252089 0.0148204 0.0198622
529 0.0170634 0.00252966 0.0145337 0.019593
530 0.0170634 0.00304174 0.0140216 0.0201051
531 0.0169137 0.00285112 0.0140626 0.0197648
532 0.0172344 0.00286911 0.0143653 0.0201035
533 0.0171275 0.00290197 0.0142255 0.0200295
534 0.017042 0.00255975 0.0144822 0.0196017
535 0.0168281 0.00292019 0.013908 0.0197483
536 0.0168709 0.00270292 0.014168 0.0195738
537 0.0174055 0.00273196 0.0146735 0.0201374
538 0.017042 0.00315211 0.0138899 0.0201941
539 0.0176407 0.00481346 0.0128272 0.0224542
540 0.016764 0.0028675 0.0138965 0.0196315
541 0.0165288 0.00309649 0.0134323 0.0196253
542 0.0166571 0.00318443 0.0134726 0.0198415
543 0.0165502 0.00315741 0.0133928 0.0197076
544 0.0179187 0.00190246 0.0160162 0.0198211
545 0.017491 0.00226253 0.0152285 0.0197535
546 0.0169992 0.00256191 0.0144373 0.0195611
547 0.0170847 0.00292082 0.0141639 0.0200055
548 0.0169778 0.00270842 0.0142694 0.0196863
549 0.0169778 0.00293215 0.0140457 0.01991
550 0.0161011 0.00296371 0.0131374 0.0190648
551 0.0158659 0.00280399 0.0130619 0.0186699
552 0.0154383 0.00301456 0.0124237 0.0184528
553 0.0159087 0.00419798 0.0117107 0.0201067
554 0.0153527 0.00300547 0.0123473 0.0183582
555 0.0148609 0.00290638 0.0119546 0.0177673
556 0.0149678 0.00296289 0.012005 0.0179307
557 0.0152886 0.00304165 0.0122469 0.0183303
558 0.0164005 0.0064917 0.00990879 0.0228922
559 0.0152886 0.0027941 0.0124945 0.0180827
560 0.0151817 0.00345976 0.0117219 0.0186414
561 0.0150748 0.00290639 0.0121684 0.0179812
562 0.0152458 0.00352981 0.011716 0.0187756
563 0.0153527 0.00319998 0.0121528 0.0185527
564 0.0154169 0.00326944 0.0121474 0.0186863
565 0.0150106 0.00295947 0.0120511 0.0179701
566 0.0154597 0.0047086 0.010751 0.0201683
567 0.0146899 0.00317522 0.0115147 0.0178651
568 0.018496 0.0127164 0.0057796 0.0312124
569 0.0151817 0.00323012 0.0119516 0.0184118
570 0.0149037 0.00319247 0.0117112 0.0180962
571 0.0147113 0.00314956 0.0115617 0.0178608
572 0.0147113 0.0031116 0.0115997 0.0178229
573 0.0153314 0.00295754 0.0123738 0.0182889
574 0.0164219 0.00310867 0.0133132 0.0195305
575 0.0163364 0.00320197 0.0131344 0.0195383
576 0.0163577 0.00359044 0.0127673 0.0199482
577 0.0167212 0.00587132 0.0108499 0.0225926
578 0.0156735 0.00314338 0.0125301 0.0188168
579 0.0155238 0.00341079 0.012113 0.0189346
580 0.0153955 0.00325129 0.0121442 0.0186468
581 0.0153527 0.00307763 0.0122751 0.0184304
582 0.0156307 0.00359195 0.0120388 0.0192227
583 0.0151389 0.0030672 0.0120717 0.0182061
584 0.0147754 0.00290514 0.0118703 0.0176805
585 0.0159301 0.00485318 0.0110769 0.0207833
586 0.0150106 0.00305677 0.0119539 0.0180674
587 0.0150748 0.00289694 0.0121778 0.0179717
588 0.0149678 0.003027 0.0119409 0.0179948
589 0.0152031 0.00323852 0.0119645 0.0184416
590 0.01531 0.00289291 0.0124171 0.0182029
591 0.0158873 0.00309947 0.0127878 0.0189867
592 0.0157376 0.00310335 0.0126343 0.018841
593 0.0157162 0.00296863 0.0127476 0.0186849
594 0.0158659 0.00305076 0.0128152 0.0189167
595 0.0160156 0.00408511 0.0119305 0.0201007
596 0.0158018 0.0030823 0.0127195 0.0188841
597 0.0156949 0.00328793 0.0124069 0.0189828
598 0.0155665 0.00318422 0.0123823 0.0187508
599 0.0152031 0.00285431 0.0123487 0.0180574
600 0.0152244 0.00302213 0.0122023 0.0182466
601 0.0153955 0.00310454 0.012291 0.0185
602 0.01531 0.00293995 0.01237 0.0182499
603 0.0151817 0.0030012 0.0121805 0.0181829
604 0.0151817 0.00292402 0.0122577 0.0181057
605 0.0152672 0.00291338 0.0123538 0.0181806
606 0.0150961 0.0028079 0.0122882 0.017904
607 0.0152458 0.00285049 0.0123953 0.0180963
608 0.0180042 0.00263587 0.0153683 0.0206401
609 0.0168709 0.00220759 0.0146633 0.0190785
610 0.016037 0.00276655 0.0132704 0.0188035
611 0.0160156 0.00317868 0.0128369 0.0191943
612 0.0160584 0.00293954 0.0131188 0.0189979
613 0.0156093 0.00290837 0.012701 0.0185177
614 0.0162508 0.00376722 0.0124836 0.020018
615 0.0166143 0.0032039 0.0134104 0.0198182
616 0.0162508 0.002856 0.0133948 0.0191068
617 0.0161867 0.00313465 0.013052 0.0193213
618 0.0158018 0.00290826 0.0128935 0.01871
619 0.0155238 0.00280139 0.0127224 0.0183252
620 0.0156521 0.00308501 0.0125671 0.0187371
621 0.0151603 0.00283505 0.0123252 0.0179953
622 0.01531 0.00293995 0.01237 0.0182499
623 0.0153314 0.00284406 0.0124873 0.0181754
624 0.0158659 0.00336706 0.0124988 0.019233
625 0.0156521 0.00298561 0.0126665 0.0186377
626 0.0167212 0.00522175 0.0114995 0.021943
627 0.0155238 0.00304233 0.0124815 0.0185661
628 0.0159087 0.00276358 0.0131451 0.0186723
629 0.0156093 0.00281244 0.0127969 0.0184218
630 0.015032 0.00291392 0.0121181 0.0179459
631 0.0152245 0.00331646 0.011908 0.0185409
632 0.0155238 0.00317763 0.0123462 0.0187014
633 0.0151389 0.00274967 0.0123892 0.0178886
634 0.0152458 0.00295445 0.0122914 0.0182003
635 0.0149465 0.00286392 0.0120825 0.0178104
636 0.0148823 0.00291495 0.0119674 0.0177973
637 0.0147968 0.00291433 0.0118825 0.0177111
638 0.0147754 0.00283504 0.0119404 0.0176105
639 0.0145402 0.00282057 0.0117196 0.0173608
640 0.0161225 0.00276852 0.013354 0.018891
641 0.0150534 0.00286751 0.0121859 0.0179209
642 0.0142408 0.00291652 0.0113243 0.0171574
643 0.0140698 0.00285247 0.0112173 0.0169222
644 0.0145188 0.00277966 0.0117391 0.0172985
645 0.0144119 0.00347978 0.0109321 0.0178917
646 0.0138346 0.00266822 0.0111663 0.0165028
647 0.015203 0.00606224 0.00914081 0.0212653
648 0.0140056 0.00264274 0.0113629 0.0166484
649 0.0141339 0.00288935 0.0112446 0.0170233
650 0.0138987 0.00266213 0.0112366 0.0165608
651 0.0141767 0.00287287 0.0113038 0.0170496
652 0.0141339 0.00300114 0.0111328 0.0171351
653 0.0146257 0.00434359 0.0102821 0.0189693
654 0.014305 0.00304346 0.0112615 0.0173484
655 0.0139201 0.00270631 0.0112138 0.0166264
656 0.0139201 0.00274656 0.0111736 0.0166667
657 0.0137704 0.00272023 0.0110502 0.0164906
658 0.0137918 0.00266341 0.0111284 0.0164552
659 0.0143905 0.00293583 0.0114547 0.0173264
660 0.0141553 0.00288437 0.0112709 0.0170397
661 0.0141553 0.00302668 0.0111286 0.017182
662 0.0150961 0.00325438 0.0118418 0.0183505
663 0.014583 0.00318852 0.0113944 0.0177715
664 0.0151817 0.00460498 0.0105767 0.0197867
665 0.0154596 0.00292645 0.0125332 0.0183861
666 0.0151817 0.00303151 0.0121501 0.0182132
667 0.0155024 0.00325093 0.0122515 0.0187533
668 0.0144761 0.00275255 0.0117235 0.0172286
669 0.0144119 0.00281438 0.0115975 0.0172263
670 0.0140056 0.0028234 0.0111822 0.016829
671 0.0141553 0.00286207 0.0112932 0.0170174
672 0.0156521 0.00295172 0.0127004 0.0186038
673 0.01531 0.00419796 0.011112 0.0195079
674 0.0141767 0.00295754 0.0112192 0.0171342
675 0.0141981 0.00273027 0.0114678 0.0169284
676 0.014583 0.00293463 0.0116483 0.0175176
677 0.0144119 0.00276522 0.0116467 0.0171771
678 0.0143264 0.00280595 0.0115204 0.0171323
679 0.0146685 0.0031805 0.011488 0.017849
680 0.014754 0.00432648 0.0104275 0.0190805
681 0.0145188 0.00298279 0.011536 0.0175016
682 0.0149678 0.0055331 0.00943473 0.0205009
683 0.0144761 0.00305786 0.0114182 0.0175339
684 0.0143691 0.00277943 0.0115897 0.0171485
685 0.0142622 0.00306083 0.0112014 0.0173231
686 0.0141767 0.00299746 0.0111792 0.0171742
687 0.0143477 0.00296126 0.0113865 0.017309
688 0.0141767 0.00275921 0.0114175 0.0169359
689 0.0145402 0.00312801 0.0114122 0.0176682
690 0.014754 0.00283836 0.0119157 0.0175924
691 0.015481 0.00301365 0.0124674 0.0184947
692 0.01531 0.00306483 0.0122451 0.0183748
693 0.0149892 0.00291144 0.0120778 0.0179007
694 0.0157376 0.00279647 0.0129412 0.0185341
695 0.0154383 0.00309835 0.0123399 0.0185366
696 0.0150106 0.00286527 0.0121453 0.0178759
697 0.0150747 0.00296866 0.0121061 0.0180434
698 0.0149251 0.00307165 0.0118534 0.0179967
699 0.0150106 0.00312773 0.0118829 0.0181384
700 0.0149892 0.00312063 0.0118686 0.0181099
701 0.0152672 0.00286911 0.0123981 0.0181363
702 0.0151175 0.00301267 0.0121049 0.0181302
703 0.0152672 0.00283381 0.0124334 0.018101
704 0.0161011 0.00255975 0.0135414 0.0186609
705 0.0158659 0.00314523 0.0127207 0.0190111
706 0.015032 0.00274924 0.0122828 0.0177813
707 0.0149892 0.00285752 0.0121317 0.0178468
708 0.0149892 0.00293021 0.012059 0.0179194
709 0.0165716 0.00785633 0.00871523 0.0244279
710 0.0149465 0.00286072 0.0120858 0.0178072
711 0.014754 0.0028092 0.0119448 0.0175632
712 0.0140484 0.00275919 0.0112892 0.0168076
713 0.0142836 0.0026237 0.0116599 0.0169073
714 0.0143905 0.00270228 0.0116882 0.0170928
715 0.0143477 0.00284791 0.0114998 0.0171957
716 0.0142409 0.00300607 0.0112348 0.0172469
717 0.0142409 0.00289132 0.0113495 0.0171322
718 0.0140698 0.00266006 0.0114097 0.0167298
719 0.0139415 0.00271619 0.0112253 0.0166577
720 0.0141126 0.00267754 0.011435 0.0167901
721 0.0140912 0.00270971 0.0113815 0.0168009
722 0.014476 0.00296063 0.0115154 0.0174367
723 0.0143905 0.00313464 0.0112559 0.0175252
724 0.0143905 0.00288554 0.011505 0.0172761
725 0.0142836 0.002578 0.0117056 0.0168616
726 0.0146899 0.0026887 0.0120012 0.0173786
727 0.0155452 0.00592925 0.00961593 0.0214744
728 0.0142408 0.00272863 0.0115122 0.0169695
729 0.0144119 0.00274865 0.0116632 0.0171606
730 0.0143264 0.00283834 0.011488 0.0171647
731 0.0144546 0.0030167 0.0114379 0.0174713
732 0.0141981 0.00275697 0.0114411 0.016955
733 0.014476 0.00272922 0.0117468 0.0172053
734 0.0148609 0.00314803 0.0117129 0.018009
735 0.0144761 0.00286646 0.0116096 0.0173425
736 0.0157162 0.00290324 0.012813 0.0186195
737 0.0153955 0.00265695 0.0127386 0.0180525
738 0.0146257 0.00279318 0.0118325 0.0174189
739 0.0153314 0.00332712 0.0120042 0.0186585
740 0.0150534 0.00285795 0.0121954 0.0179113
741 0.0162294 0.00293954 0.0132899 0.019169
742 0.0160584 0.00302238 0.013036 0.0190807
743 0.0155452 0.00287285 0.0126723 0.018418
744 0.0155238 0.00308414 0.0124397 0.0186079
745 0.0155666 0.00297949 0.0125871 0.0185461
746 0.0154597 0.00304888 0.0124108 0.0185086
747 0.0163791 0.00435303 0.0120261 0.0207321
748 0.0158659 0.00287799 0.0129879 0.0187439
749 0.0154383 0.00305377 0.0123845 0.018492
750 0.0168068 0.00546508 0.0113417 0.0222718
751 0.0159087 0.00291808 0.0129906 0.0188268
752 0.0155452 0.0029327 0.0126125 0.0184779
753 0.0178973 0.0126453 0.00525201 0.0305426
754 0.0153955 0.00314548 0.01225 0.018541
755 0.0148182 0.00315502 0.0116632 0.0179732
756 0.0145188 0.00287666 0.0116422 0.0173955
757 0.0145402 0.003066 0.0114742 0.0176062
758 0.0147968 0.00303422 0.0117626 0.017831
759 0.0156735 0.00321532 0.0124582 0.0188888
760 0.015032 0.00301269 0.0120193 0.0180447
761 0.0159301 0.0045498 0.0113803 0.0204799
762 0.0152886 0.00320276 0.0120858 0.0184913
763 0.0151603 0.00323005 0.0119302 0.0183903
764 0.0157376 0.00321906 0.0125186 0.0189567
765 0.015759 0.00322096 0.0125381 0.01898
766 0.0153527 0.00285569 0.0124971 0.0182084
767 0.0149678 0.00308977 0.0118781 0.0180576
768 0.0164219 0.00249142 0.0139305 0.0189133
769 0.0156093 0.00276986 0.0128395 0.0183792
770 0.0154596 0.00275587 0.0127038 0.0182155
771 0.0152244 0.00288912 0.0123353 0.0181136
772 0.0151817 0.00303152 0.0121502 0.0182132
773 0.0151175 0.00304288 0.0120747 0.0181604
774 0.016208 0.00562146 0.0105866 0.0218295
775 0.0150748 0.00300234 0.0120724 0.0180771
776 0.0147754 0.00300111 0.0117743 0.0177765
777 0.0150534 0.00295234 0.012101 0.0180057
778 0.0150106 0.00297181 0.0120388 0.0179824
779 0.0149251 0.00284285 0.0120822 0.0177679
780 0.0152458 0.00286645 0.0123794 0.0181123
781 0.0155024 0.00299625 0.0125062 0.0184987
782 0.0168068 0.00575998 0.0110468 0.0225667
783 0.0148823 0.00278992 0.0120924 0.0176723
784 0.0147754 0.00296742 0.011808 0.0177428
785 0.0148823 0.00288655 0.0119958 0.0177688
786 0.015203 0.00348602 0.011717 0.0186891
787 0.0174269 0.010626 0.00680084 0.0280529
788 0.0147326 0.0030254 0.0117072 0.017758
789 0.0149892 0.00305248 0.0119368 0.0180417
790 0.014754 0.00290207 0.011852 0.0176561
791 0.0149251 0.00316838 0.0117567 0.0180934
792 0.0148823 0.00303784 0.0118445 0.0179201
793 0.0147968 0.00315537 0.0116414 0.0179522
794 0.0146257 0.00289607 0.0117297 0.0175218
795 0.0142622 0.00301571 0.0112465 0.0172779
796 0.0148823 0.00288976 0.0119926 0.0177721
797 0.0149251 0.00295944 0.0119657 0.0178845
798 0.0147754 0.00290198 0.0118734 0.0176774
799 0.0146043 0.00269546 0.0119089 0.0172998
