# ../output/graphs/perf_serial37QUADRUPED
# step - mean (0.344936) - standard deviation (0.0195217) r=20 - ylow - yhigh
0 0.328501 0.0180009 0.3105 0.346502
1 0.324627 0.0146091 0.310018 0.339236
2 0.320408 0.0123502 0.308058 0.332759
3 0.334792 0.018006 0.316786 0.352798
4 0.33239 0.0109405 0.321449 0.34333
5 0.335453 0.0163043 0.319148 0.351757
6 0.335453 0.0118208 0.323632 0.347274
7 0.334537 0.015957 0.31858 0.350494
8 0.33263 0.009803 0.322827 0.342433
9 0.334207 0.0121987 0.322008 0.346405
10 0.335017 0.0150085 0.320009 0.350026
11 0.333651 0.0149111 0.31874 0.348562
12 0.328876 0.00931796 0.319558 0.338194
13 0.331714 0.0126076 0.319107 0.344322
14 0.330228 0.0165889 0.313639 0.346817
15 0.33206 0.0184223 0.313637 0.350482
16 0.336384 0.0178997 0.318484 0.354283
17 0.330573 0.0126501 0.317923 0.343223
18 0.343125 0.0173203 0.325805 0.360445
19 0.329867 0.008418 0.321449 0.338285
20 0.330078 0.0105574 0.31952 0.340635
21 0.342915 0.0176983 0.325217 0.360613
22 0.333801 0.0129398 0.320861 0.346741
23 0.338486 0.016518 0.321968 0.355004
24 0.333261 0.0174745 0.315786 0.350735
25 0.328801 0.0118062 0.316995 0.340608
26 0.333831 0.0143838 0.319447 0.348215
27 0.336023 0.0115442 0.324479 0.347567
28 0.340828 0.0140918 0.326736 0.35492
29 0.341549 0.0127675 0.328781 0.354316
30 0.341579 0.016801 0.324778 0.35838
31 0.340137 0.0195988 0.320538 0.359736
32 0.340918 0.0129689 0.327949 0.353887
33 0.338876 0.0121328 0.326743 0.351009
34 0.339972 0.00973152 0.330241 0.349704
35 0.346233 0.0147869 0.331446 0.36102
36 0.341414 0.0138033 0.32761 0.355217
37 0.339987 0.0121424 0.327845 0.35213
38 0.347329 0.0121468 0.335182 0.359476
39 0.34338 0.0186949 0.324686 0.362075
40 0.354026 0.0223187 0.331707 0.376344
41 0.345347 0.0192324 0.326115 0.36458
42 0.34248 0.0190958 0.323384 0.361575
43 0.343831 0.0150633 0.328768 0.358894
44 0.341203 0.0107165 0.330487 0.35192
45 0.341909 0.0194585 0.32245 0.361367
46 0.345242 0.01979 0.325452 0.365032
47 0.340453 0.0164625 0.32399 0.356915
48 0.340227 0.0172199 0.323007 0.357447
49 0.337029 0.0148311 0.322198 0.35186
50 0.336294 0.0117692 0.324524 0.348063
51 0.340002 0.0255 0.314502 0.365502
52 0.338606 0.015244 0.323362 0.35385
53 0.339266 0.0139844 0.325282 0.353251
54 0.333876 0.0142817 0.319595 0.348158
55 0.33745 0.0154317 0.322018 0.352881
56 0.336939 0.0126832 0.324256 0.349622
57 0.33242 0.0152767 0.317143 0.347697
58 0.330093 0.0169414 0.313151 0.347034
59 0.339702 0.0220407 0.317661 0.361743
60 0.338351 0.0173815 0.320969 0.355732
61 0.32751 0.00910142 0.318409 0.336612
62 0.325844 0.00888008 0.316963 0.334724
63 0.333921 0.0181291 0.315792 0.35205
64 0.340002 0.0135948 0.326407 0.353597
65 0.336819 0.0169514 0.319868 0.35377
66 0.334612 0.0305189 0.304093 0.365131
67 0.331399 0.0143657 0.317033 0.345765
68 0.34263 0.0148608 0.327769 0.35749
69 0.346759 0.0247934 0.321965 0.371552
70 0.352779 0.0408708 0.311909 0.39365
71 0.338561 0.0145705 0.32399 0.353131
72 0.35293 0.013814 0.339116 0.366744
73 0.357179 0.0139495 0.343229 0.371128
74 0.363049 0.0225419 0.340507 0.385591
75 0.356803 0.0167516 0.340052 0.373555
76 0.350993 0.012628 0.338365 0.363621
77 0.3538 0.00987014 0.34393 0.363671
78 0.352689 0.0114262 0.341263 0.364116
79 0.355917 0.0200121 0.335905 0.37593
80 0.357944 0.0145843 0.34336 0.372529
81 0.359055 0.0161161 0.342939 0.375172
82 0.356698 0.0132544 0.343444 0.369953
83 0.349236 0.0093046 0.339931 0.358541
84 0.358785 0.0108705 0.347915 0.369656
85 0.354972 0.0134729 0.341499 0.368444
86 0.350377 0.0127478 0.337629 0.363125
87 0.350467 0.0101068 0.34036 0.360574
88 0.359716 0.0231257 0.33659 0.382842
89 0.354987 0.0190787 0.335908 0.374065
90 0.350092 0.0147516 0.33534 0.364843
91 0.35886 0.0209636 0.337897 0.379824
92 0.354221 0.0099714 0.344249 0.364192
93 0.351143 0.0136914 0.337451 0.364834
94 0.352449 0.0177473 0.334702 0.370196
95 0.357509 0.0192437 0.338265 0.376753
96 0.369235 0.0295023 0.339733 0.398738
97 0.351909 0.00777273 0.344136 0.359681
98 0.357104 0.0265651 0.330539 0.383669
99 0.355467 0.0196761 0.335791 0.375143
100 0.385901 0.144231 0.241671 0.530132
101 0.354011 0.0158118 0.338199 0.369822
102 0.352839 0.0203692 0.33247 0.373209
103 0.355317 0.0166845 0.338632 0.372001
104 0.353005 0.0123406 0.340664 0.365345
105 0.350662 0.0104912 0.340171 0.361154
106 0.358815 0.0269237 0.331892 0.385739
107 0.351804 0.0204144 0.331389 0.372218
108 0.356068 0.0177396 0.338328 0.373807
109 0.34859 0.0121542 0.336436 0.360745
110 0.347705 0.0122968 0.335408 0.360001
111 0.350813 0.0185854 0.332227 0.369398
112 0.349762 0.0127019 0.33706 0.362463
113 0.34796 0.0114535 0.336506 0.359413
114 0.343215 0.00932757 0.333888 0.352543
115 0.35871 0.0216011 0.337109 0.380311
116 0.344506 0.0153147 0.329192 0.359821
117 0.341368 0.0110148 0.330354 0.352383
118 0.348095 0.0162147 0.33188 0.36431
119 0.346293 0.0142789 0.332014 0.360572
120 0.345948 0.0183993 0.327549 0.364347
121 0.346819 0.020793 0.326026 0.367612
122 0.351999 0.0125636 0.339435 0.364562
123 0.345437 0.019321 0.326116 0.364758
124 0.341879 0.0142229 0.327656 0.356102
125 0.34299 0.0141931 0.328797 0.357183
126 0.34323 0.0167436 0.326487 0.359974
127 0.33736 0.011723 0.325637 0.349083
128 0.353305 0.0399201 0.313385 0.393225
129 0.335843 0.00783369 0.328009 0.343677
130 0.344732 0.0155881 0.329144 0.36032
131 0.346323 0.0187723 0.327551 0.365096
132 0.344161 0.0225128 0.321648 0.366674
133 0.346578 0.0182257 0.328353 0.364804
134 0.344026 0.0112899 0.332736 0.355316
135 0.352855 0.0211164 0.331738 0.373971
136 0.346879 0.0119031 0.334976 0.358782
137 0.344747 0.0128591 0.331888 0.357606
138 0.342795 0.0128074 0.329987 0.355602
139 0.346233 0.0144763 0.331757 0.360709
140 0.346909 0.018614 0.328295 0.365523
141 0.344717 0.0189759 0.325741 0.363693
142 0.341113 0.0112612 0.329852 0.352374
143 0.3485 0.0162654 0.332235 0.364766
144 0.342179 0.0107705 0.331409 0.35295
145 0.354566 0.0208905 0.333676 0.375457
146 0.340768 0.0116447 0.329123 0.352413
147 0.346098 0.0189314 0.327167 0.365029
148 0.344672 0.0160618 0.32861 0.360733
149 0.344927 0.0122071 0.33272 0.357134
150 0.338381 0.0143974 0.323983 0.352778
151 0.336639 0.00906379 0.327575 0.345703
152 0.344341 0.0259002 0.318441 0.370241
153 0.3426 0.0245955 0.318004 0.367195
154 0.338741 0.020705 0.318036 0.359446
155 0.338771 0.018816 0.319955 0.357587
156 0.351158 0.0282968 0.322861 0.379455
157 0.337255 0.0100329 0.327222 0.347287
158 0.344341 0.0150013 0.32934 0.359343
159 0.34269 0.0217355 0.320954 0.364425
160 0.345392 0.0162699 0.329122 0.361662
161 0.344341 0.0142816 0.33006 0.358623
162 0.341669 0.013085 0.328584 0.354754
163 0.352074 0.0243744 0.327699 0.376448
164 0.338516 0.00844826 0.330067 0.346964
165 0.349641 0.0199755 0.329666 0.369617
166 0.341804 0.0141728 0.327631 0.355977
167 0.343936 0.0139992 0.329937 0.357935
168 0.351758 0.0214708 0.330288 0.373229
169 0.344131 0.0172254 0.326906 0.361357
170 0.338426 0.0184104 0.320015 0.356836
171 0.352524 0.0341556 0.318369 0.38668
172 0.356638 0.0298769 0.326761 0.386515
173 0.341323 0.0136423 0.327681 0.354966
174 0.34338 0.0118321 0.331548 0.355213
175 0.343621 0.0172168 0.326404 0.360837
176 0.332375 0.0111586 0.321216 0.343533
177 0.335678 0.0139811 0.321697 0.349659
178 0.336684 0.0114049 0.325279 0.348089
179 0.33221 0.0117858 0.320424 0.343995
180 0.333996 0.0139248 0.320072 0.347921
181 0.340498 0.0177661 0.322732 0.358264
182 0.342495 0.0285847 0.31391 0.371079
183 0.333246 0.0141014 0.319144 0.347347
184 0.335603 0.0211933 0.31441 0.356796
185 0.338591 0.0190877 0.319503 0.357679
186 0.331174 0.0159245 0.315249 0.347098
187 0.329327 0.011881 0.317446 0.341208
188 0.329777 0.0142277 0.31555 0.344005
189 0.337014 0.0174452 0.319569 0.35446
190 0.333936 0.0140304 0.319906 0.347967
191 0.33254 0.0182247 0.314315 0.350765
192 0.334207 0.0102219 0.323985 0.344429
193 0.33769 0.0207485 0.316941 0.358438
194 0.333306 0.0130017 0.320304 0.346307
195 0.336549 0.0104356 0.326113 0.346984
196 0.33748 0.0125818 0.324898 0.350062
197 0.339041 0.0134255 0.325616 0.352467
198 0.343005 0.015502 0.327503 0.358507
199 0.33772 0.0228668 0.314853 0.360587
200 0.353785 0.0137099 0.340076 0.367495
201 0.34317 0.00983491 0.333335 0.353005
202 0.350182 0.0140088 0.336173 0.364191
203 0.350828 0.0121523 0.338675 0.36298
204 0.352104 0.0132255 0.338878 0.365329
205 0.341969 0.0118801 0.330089 0.353849
206 0.346624 0.0110456 0.335578 0.357669
207 0.345452 0.0132738 0.332179 0.358726
208 0.348831 0.0133266 0.335504 0.362157
209 0.347194 0.0171285 0.330066 0.364323
210 0.352269 0.0147389 0.33753 0.367008
211 0.352254 0.0230845 0.329169 0.375338
212 0.341218 0.00885985 0.332358 0.350078
213 0.354116 0.0193429 0.334773 0.373459
214 0.345933 0.0119589 0.333974 0.357892
215 0.345047 0.0143066 0.33074 0.359354
216 0.346008 0.014645 0.331363 0.360653
217 0.348635 0.0142576 0.334378 0.362893
218 0.345527 0.00847021 0.337057 0.353998
219 0.348711 0.0100939 0.338617 0.358804
220 0.361608 0.0421596 0.319448 0.403768
221 0.344972 0.0103072 0.334665 0.355279
222 0.344476 0.0110326 0.333444 0.355509
223 0.357284 0.0290748 0.328209 0.386359
224 0.355362 0.0182805 0.337081 0.373642
225 0.346759 0.0138595 0.332899 0.360618
226 0.3479 0.0163566 0.331543 0.364256
227 0.353936 0.0135807 0.340355 0.367516
228 0.350137 0.0132492 0.336888 0.363386
229 0.351804 0.017827 0.333976 0.369631
230 0.345648 0.0119591 0.333689 0.357607
231 0.350993 0.0211731 0.32982 0.372166
232 0.357359 0.0353204 0.322039 0.392679
233 0.348726 0.0121971 0.336528 0.360923
234 0.343395 0.0117487 0.331647 0.355144
235 0.352584 0.0141395 0.338445 0.366724
236 0.346488 0.0116944 0.334794 0.358183
237 0.352404 0.0142795 0.338125 0.366684
238 0.349131 0.0123471 0.336784 0.361478
239 0.356878 0.0228454 0.334033 0.379724
240 0.351683 0.0124017 0.339282 0.364085
241 0.354386 0.0115173 0.342869 0.365903
242 0.353996 0.0175033 0.336492 0.371499
243 0.354987 0.0184599 0.336527 0.373446
244 0.34317 0.00922801 0.333942 0.352398
245 0.34347 0.0149532 0.328517 0.358424
246 0.343095 0.0148816 0.328214 0.357977
247 0.344461 0.0167307 0.327731 0.361192
248 0.342465 0.0129328 0.329532 0.355397
249 0.338185 0.0082323 0.329953 0.346418
250 0.34778 0.0167499 0.33103 0.36453
251 0.338801 0.0116607 0.32714 0.350462
252 0.339116 0.0197628 0.319353 0.358879
253 0.33278 0.01225 0.32053 0.34503
254 0.330933 0.0125611 0.318372 0.343495
255 0.333096 0.0207723 0.312323 0.353868
256 0.336143 0.0139207 0.322223 0.350064
257 0.336654 0.0105302 0.326124 0.347184
258 0.344912 0.0300846 0.314827 0.374996
259 0.344146 0.0197741 0.324372 0.36392
260 0.341669 0.0169844 0.324684 0.358653
261 0.344912 0.0159375 0.328974 0.360849
262 0.347434 0.0250766 0.322358 0.372511
263 0.342525 0.0146498 0.327875 0.357174
264 0.341714 0.0182074 0.323506 0.359921
265 0.337255 0.0173742 0.31988 0.354629
266 0.338366 0.0158775 0.322488 0.354243
267 0.336173 0.017939 0.318234 0.354112
268 0.334612 0.016461 0.318151 0.351073
269 0.336429 0.0131255 0.323303 0.349554
270 0.338561 0.0269522 0.311609 0.365513
271 0.33742 0.0128523 0.324567 0.350272
272 0.33293 0.0138348 0.319095 0.346765
273 0.331654 0.0107856 0.320869 0.34244
274 0.330708 0.0126411 0.318067 0.343349
275 0.338306 0.017624 0.320681 0.35593
276 0.333576 0.0155126 0.318063 0.349089
277 0.335348 0.0158252 0.319522 0.351173
278 0.33269 0.0152454 0.317445 0.347935
279 0.331699 0.00998676 0.321712 0.341686
280 0.335933 0.0186281 0.317305 0.354561
281 0.335062 0.0176747 0.317388 0.352737
282 0.345768 0.0176309 0.328137 0.363399
283 0.348861 0.0313434 0.317517 0.380204
284 0.336339 0.0132823 0.323056 0.349621
285 0.339867 0.0185097 0.321357 0.358377
286 0.336053 0.00744081 0.328613 0.343494
287 0.34299 0.00990434 0.333086 0.352894
288 0.356218 0.0159419 0.340276 0.37216
289 0.340993 0.0102752 0.330718 0.351268
290 0.338035 0.0107812 0.327254 0.348816
291 0.338666 0.0100144 0.328652 0.34868
292 0.351879 0.0268164 0.325062 0.378695
293 0.356698 0.0242019 0.332496 0.3809
294 0.341023 0.0091646 0.331859 0.350188
295 0.348921 0.0158308 0.33309 0.364752
296 0.34775 0.0124616 0.335288 0.360211
297 0.341444 0.0148788 0.326565 0.356322
298 0.350317 0.0180799 0.332237 0.368397
299 0.351969 0.0202645 0.331704 0.372233
300 0.350752 0.014573 0.33618 0.365325
301 0.348485 0.0142723 0.334213 0.362758
302 0.340723 0.0194471 0.321276 0.36017
303 0.340137 0.0165044 0.323633 0.356642
304 0.338636 0.0115305 0.327105 0.350166
305 0.340317 0.01765 0.322667 0.357967
306 0.341038 0.0148162 0.326222 0.355854
307 0.343501 0.0133333 0.330167 0.356834
308 0.343185 0.0157233 0.327462 0.358909
309 0.340378 0.0134473 0.32693 0.353825
310 0.338155 0.0111839 0.326972 0.349339
311 0.3426 0.0161677 0.326432 0.358767
312 0.345017 0.0179964 0.327021 0.363013
313 0.337029 0.0129648 0.324064 0.349994
314 0.339206 0.0102096 0.328997 0.349416
315 0.338095 0.0136256 0.32447 0.351721
316 0.341624 0.017661 0.323963 0.359285
317 0.334026 0.0128457 0.321181 0.346872
318 0.344762 0.0208066 0.323955 0.365568
319 0.338275 0.0111603 0.327115 0.349436
320 0.34266 0.0126663 0.329993 0.355326
321 0.335648 0.00943255 0.326215 0.345081
322 0.347494 0.0218051 0.325689 0.369299
323 0.339417 0.00788057 0.331536 0.347297
324 0.345768 0.0141163 0.331651 0.359884
325 0.356143 0.0247625 0.33138 0.380905
326 0.339191 0.0114612 0.32773 0.350653
327 0.355377 0.0176125 0.337764 0.372989
328 0.35293 0.00963553 0.343294 0.362565
329 0.354011 0.0158949 0.338116 0.369906
330 0.362644 0.0203421 0.342302 0.382986
331 0.356383 0.0133118 0.343071 0.369695
332 0.352794 0.0125858 0.340209 0.36538
333 0.352089 0.0153416 0.336747 0.36743
334 0.358365 0.0200694 0.338295 0.378434
335 0.357239 0.0169732 0.340266 0.374212
336 0.349957 0.0129164 0.33704 0.362873
337 0.351578 0.018 0.333578 0.369578
338 0.34841 0.00936202 0.339048 0.357772
339 0.352134 0.0127749 0.339359 0.364909
340 0.358725 0.0450903 0.313635 0.403815
341 0.351593 0.014434 0.337159 0.366027
342 0.356578 0.0187243 0.337854 0.375302
343 0.357389 0.0164626 0.340926 0.373852
344 0.352134 0.0111763 0.340957 0.36331
345 0.353815 0.014734 0.339081 0.368549
346 0.354296 0.0170405 0.337255 0.371336
347 0.350482 0.0132244 0.337258 0.363707
348 0.360001 0.015231 0.34477 0.375232
349 0.34856 0.01231 0.33625 0.36087
350 0.35386 0.0168104 0.33705 0.370671
351 0.35374 0.0272374 0.326503 0.380978
352 0.357284 0.0179156 0.339368 0.375199
353 0.351984 0.0109093 0.341074 0.362893
354 0.352794 0.017236 0.335558 0.37003
355 0.357329 0.0123091 0.34502 0.369638
356 0.355212 0.0138481 0.341364 0.36906
357 0.352569 0.0181082 0.334461 0.370677
358 0.35311 0.016176 0.336934 0.369286
359 0.352134 0.0155088 0.336625 0.367643
360 0.350077 0.014795 0.335282 0.364872
361 0.350107 0.0123158 0.337791 0.362423
362 0.350933 0.0117828 0.33915 0.362715
363 0.350647 0.0207306 0.329917 0.371378
364 0.34865 0.0113446 0.337306 0.359995
365 0.357164 0.0237206 0.333443 0.380884
366 0.351728 0.0146737 0.337055 0.366402
367 0.345197 0.00863532 0.336562 0.353832
368 0.359025 0.0336999 0.325326 0.392725
369 0.350437 0.0109608 0.339476 0.361398
370 0.351248 0.015275 0.335973 0.366523
371 0.341699 0.0120093 0.32969 0.353708
372 0.344807 0.011608 0.333199 0.356415
373 0.346654 0.015994 0.33066 0.362648
374 0.340002 0.0139455 0.326057 0.353948
375 0.34299 0.0112837 0.331706 0.354274
376 0.34254 0.0153453 0.327194 0.357885
377 0.353125 0.0215294 0.331595 0.374654
378 0.336219 0.010625 0.325594 0.346844
379 0.341939 0.0135949 0.328344 0.355534
380 0.33757 0.0098604 0.327709 0.34743
381 0.34311 0.0158695 0.327241 0.35898
382 0.340633 0.0114411 0.329192 0.352074
383 0.338155 0.0131521 0.325003 0.351308
384 0.338591 0.0137526 0.324838 0.352343
385 0.343666 0.0186521 0.325014 0.362318
386 0.347765 0.0119128 0.335852 0.359677
387 0.354131 0.0227428 0.331388 0.376874
388 0.346053 0.0247255 0.321327 0.370779
389 0.349867 0.0232577 0.326609 0.373124
390 0.341083 0.0119118 0.329171 0.352995
391 0.335468 0.0081224 0.327345 0.34359
392 0.335378 0.0112459 0.324132 0.346624
393 0.345152 0.0142855 0.330867 0.359438
394 0.336654 0.0179885 0.318665 0.354642
395 0.340453 0.0164686 0.323984 0.356921
396 0.339807 0.014945 0.324862 0.354752
397 0.336984 0.0142571 0.322727 0.351241
398 0.340092 0.0183622 0.32173 0.358454
399 0.338921 0.0152138 0.323707 0.354135
400 0.343185 0.0355957 0.307589 0.378781
401 0.332675 0.00951792 0.323157 0.342193
402 0.33802 0.0142425 0.323778 0.352263
403 0.341849 0.0156111 0.326238 0.35746
404 0.341669 0.024008 0.317661 0.365677
405 0.336384 0.0109561 0.325428 0.34734
406 0.331444 0.0146678 0.316776 0.346112
407 0.334867 0.0120027 0.322865 0.34687
408 0.341699 0.0215884 0.32011 0.363287
409 0.342615 0.0119662 0.330648 0.354581
410 0.347374 0.0195575 0.327817 0.366932
411 0.341834 0.0116361 0.330198 0.35347
412 0.349581 0.0102839 0.339297 0.359865
413 0.344687 0.0150334 0.329653 0.35972
414 0.345843 0.0137518 0.332091 0.359595
415 0.350437 0.0185125 0.331925 0.36895
416 0.355602 0.0176767 0.337925 0.373279
417 0.34832 0.0121424 0.336178 0.360463
418 0.347134 0.0107845 0.336349 0.357919
419 0.344401 0.010417 0.333984 0.354818
420 0.35293 0.0254212 0.327508 0.378351
421 0.348951 0.018449 0.330502 0.3674
422 0.349296 0.0169461 0.33235 0.366242
423 0.358815 0.0534369 0.305378 0.412252
424 0.347509 0.00924718 0.338262 0.356757
425 0.344687 0.00992422 0.334762 0.354611
426 0.35904 0.0488553 0.310185 0.407896
427 0.351368 0.0152944 0.336074 0.366662
428 0.344101 0.0109554 0.333146 0.355056
429 0.345032 0.0184337 0.326598 0.363466
430 0.346984 0.0163492 0.330635 0.363333
431 0.340137 0.0186827 0.321455 0.35882
432 0.339417 0.0151311 0.324285 0.354548
433 0.336774 0.011343 0.325431 0.348117
434 0.336609 0.0188299 0.317779 0.355439
435 0.34317 0.0173536 0.325817 0.360524
436 0.341834 0.0145112 0.327323 0.356345
437 0.340648 0.0199902 0.320658 0.360638
438 0.345557 0.0121113 0.333446 0.357669
439 0.343576 0.0128168 0.330759 0.356392
440 0.340978 0.0137497 0.327228 0.354728
441 0.339702 0.0148271 0.324875 0.354529
442 0.344762 0.0186331 0.326129 0.363395
443 0.345107 0.0147294 0.330378 0.359836
444 0.339597 0.0150396 0.324557 0.354636
445 0.334552 0.00858317 0.325969 0.343135
446 0.341023 0.0124463 0.328577 0.353469
447 0.336038 0.0148652 0.321173 0.350904
448 0.339777 0.0160216 0.323755 0.355799
449 0.346368 0.026602 0.319766 0.37297
450 0.350813 0.0222143 0.328598 0.373027
451 0.341639 0.0142247 0.327414 0.355863
452 0.339627 0.00783978 0.331787 0.347467
453 0.341819 0.0146118 0.327207 0.356431
454 0.348861 0.0189129 0.329948 0.367774
455 0.36374 0.0184051 0.345335 0.382145
456 0.35362 0.0120038 0.341616 0.365624
457 0.357389 0.0160561 0.341333 0.373445
458 0.366623 0.0309822 0.335641 0.397605
459 0.35859 0.0216163 0.336974 0.380206
460 0.352674 0.0120892 0.340585 0.364764
461 0.352704 0.0184015 0.334303 0.371106
462 0.35323 0.0194322 0.333798 0.372662
463 0.361863 0.0186954 0.343168 0.380559
464 0.350783 0.0097255 0.341057 0.360508
465 0.35317 0.014038 0.339132 0.367208
466 0.355062 0.0172054 0.337856 0.372267
467 0.350978 0.0115651 0.339413 0.362543
468 0.35293 0.0149081 0.338021 0.367838
469 0.354671 0.0196814 0.33499 0.374353
470 0.351158 0.0148029 0.336355 0.365961
471 0.354806 0.0136522 0.341154 0.368459
472 0.358365 0.0252427 0.333122 0.383608
473 0.353035 0.0120278 0.341007 0.365062
474 0.349446 0.00913693 0.340309 0.358583
475 0.350692 0.00809571 0.342597 0.358788
476 0.354761 0.0242241 0.330537 0.378985
477 0.351308 0.0154906 0.335817 0.366799
478 0.352149 0.0159439 0.336205 0.368093
479 0.354176 0.0202508 0.333925 0.374427
480 0.356608 0.0161715 0.340437 0.37278
481 0.349897 0.00837618 0.34152 0.358273
482 0.351743 0.0119034 0.33984 0.363647
483 0.356878 0.0171561 0.339722 0.374034
484 0.351113 0.0161596 0.334953 0.367272
485 0.356008 0.02054 0.335468 0.376548
486 0.365842 0.0358906 0.329951 0.401733
487 0.354386 0.0181999 0.336186 0.372586
488 0.355347 0.0141367 0.34121 0.369484
489 0.351548 0.0128284 0.33872 0.364377
490 0.357974 0.0211308 0.336844 0.379105
491 0.352674 0.0172932 0.335381 0.369968
492 0.354927 0.0163611 0.338565 0.371288
493 0.353305 0.0158982 0.337407 0.369203
494 0.357314 0.0271385 0.330175 0.384452
495 0.348906 0.0107949 0.338111 0.359701
496 0.351969 0.0140261 0.337943 0.365995
497 0.349701 0.0175864 0.332115 0.367288
498 0.345467 0.0148355 0.330632 0.360303
499 0.352554 0.0192306 0.333324 0.371785
500 0.341744 0.0121097 0.329634 0.353854
501 0.336204 0.0100291 0.326174 0.346233
502 0.341053 0.0100813 0.330972 0.351135
503 0.346578 0.0137565 0.332822 0.360335
504 0.34341 0.0115829 0.331828 0.354993
505 0.340287 0.0109037 0.329384 0.351191
506 0.343816 0.015957 0.327859 0.359773
507 0.345512 0.017875 0.327637 0.363387
508 0.346098 0.014246 0.331852 0.360344
509 0.341414 0.0212371 0.320176 0.362651
510 0.33754 0.0123354 0.325204 0.349875
511 0.334687 0.0133618 0.321325 0.348049
512 0.344762 0.0128002 0.331962 0.357562
513 0.3429 0.0120074 0.330893 0.354907
514 0.350227 0.0256987 0.324528 0.375926
515 0.340648 0.0110261 0.329622 0.351674
516 0.349912 0.0146816 0.33523 0.364593
517 0.339612 0.0124804 0.327131 0.352092
518 0.343756 0.0259001 0.317856 0.369656
519 0.341248 0.0107621 0.330486 0.35201
520 0.340738 0.018313 0.322425 0.359051
521 0.339777 0.01518 0.324597 0.354957
522 0.339867 0.0112781 0.328589 0.351145
523 0.3432 0.0143486 0.328852 0.357549
524 0.343576 0.0138892 0.329686 0.357465
525 0.340137 0.0139756 0.326162 0.354113
526 0.345182 0.0229381 0.322244 0.36812
527 0.341338 0.0173823 0.323956 0.358721
528 0.340618 0.0144791 0.326139 0.355097
529 0.339852 0.0160614 0.323791 0.355913
530 0.341338 0.0191402 0.322198 0.360479
531 0.336219 0.00915181 0.327067 0.34537
532 0.342224 0.0166652 0.325559 0.358889
533 0.334192 0.00891252 0.325279 0.343104
534 0.342254 0.0210571 0.321197 0.363311
535 0.34272 0.022462 0.320258 0.365182
536 0.341909 0.0166766 0.325232 0.358586
537 0.339807 0.0100471 0.32976 0.349854
538 0.349251 0.0143626 0.334888 0.363614
539 0.34344 0.00941735 0.334023 0.352858
540 0.346473 0.0174864 0.328987 0.36396
541 0.346368 0.0250493 0.321319 0.371418
542 0.340483 0.0128246 0.327658 0.353307
543 0.355647 0.0173665 0.338281 0.373014
544 0.354071 0.0211178 0.332953 0.375188
545 0.350392 0.0205342 0.329858 0.370926
546 0.348365 0.0167126 0.331653 0.365078
547 0.352059 0.0141924 0.337866 0.366251
548 0.349041 0.0160982 0.332943 0.365139
549 0.343726 0.0130494 0.330676 0.356775
550 0.345212 0.0112219 0.33399 0.356434
551 0.350242 0.0158583 0.334384 0.3661
552 0.351203 0.021335 0.329868 0.372538
553 0.35341 0.0162639 0.337146 0.369674
554 0.348891 0.0112579 0.337633 0.360149
555 0.352975 0.025065 0.32791 0.37804
556 0.351698 0.0185438 0.333155 0.370242
557 0.350092 0.0227815 0.32731 0.372873
558 0.346158 0.0126464 0.333512 0.358804
559 0.341729 0.0129769 0.328752 0.354706
560 0.338396 0.0117251 0.326671 0.350121
561 0.340408 0.00856871 0.331839 0.348976
562 0.342359 0.0220249 0.320335 0.364384
563 0.336414 0.0150882 0.321326 0.351502
564 0.337345 0.01745 0.319895 0.354795
565 0.341894 0.0160098 0.325884 0.357904
566 0.342585 0.0276198 0.314965 0.370204
567 0.339161 0.0109889 0.328172 0.35015
568 0.341398 0.0209755 0.320423 0.362374
569 0.343486 0.0122086 0.331277 0.355694
570 0.335258 0.0116594 0.323598 0.346917
571 0.340257 0.0158326 0.324425 0.35609
572 0.335393 0.0108003 0.324592 0.346193
573 0.343951 0.0197252 0.324226 0.363676
574 0.336234 0.0107263 0.325507 0.34696
575 0.33269 0.0080838 0.324606 0.340774
576 0.343501 0.0192093 0.324291 0.36271
577 0.339897 0.0222568 0.31764 0.362154
578 0.336249 0.0122964 0.323952 0.348545
579 0.338861 0.0138324 0.325029 0.352693
580 0.34311 0.0126626 0.330448 0.355773
581 0.344056 0.0183193 0.325737 0.362375
582 0.348485 0.015903 0.332582 0.364388
583 0.355632 0.0183673 0.337265 0.373999
584 0.350858 0.0152239 0.335634 0.366082
585 0.352449 0.0151829 0.337266 0.367632
586 0.356999 0.0200629 0.336936 0.377061
587 0.356803 0.0164095 0.340394 0.373213
588 0.35832 0.0174136 0.340906 0.375733
589 0.353035 0.0139103 0.339124 0.366945
590 0.353305 0.0109712 0.342334 0.364276
591 0.355017 0.0114783 0.343538 0.366495
592 0.351158 0.0127675 0.33839 0.363925
593 0.362719 0.0208531 0.341866 0.383572
594 0.349852 0.0117184 0.338133 0.36157
595 0.352374 0.0126992 0.339675 0.365073
596 0.352314 0.0136226 0.338691 0.365937
597 0.352809 0.0116181 0.341191 0.364428
598 0.346909 0.0193018 0.327607 0.366211
599 0.349251 0.0112159 0.338035 0.360467
600 0.345317 0.0145918 0.330725 0.359909
601 0.34862 0.0166844 0.331936 0.365305
602 0.3529 0.0191789 0.333721 0.372079
603 0.343891 0.014917 0.328974 0.358808
604 0.349882 0.0151127 0.334769 0.364994
605 0.344957 0.0143285 0.330628 0.359285
606 0.342465 0.00956809 0.332896 0.352033
607 0.350933 0.0261457 0.324787 0.377078
608 0.354311 0.0165022 0.337809 0.370813
609 0.349566 0.01596 0.333606 0.365526
610 0.346714 0.0140926 0.332621 0.360806
611 0.350347 0.0155424 0.334805 0.36589
612 0.348545 0.0176832 0.330862 0.366229
613 0.351999 0.017404 0.334595 0.369403
614 0.348575 0.0161642 0.332411 0.36474
615 0.355467 0.0164628 0.339004 0.37193
616 0.340993 0.0101662 0.330827 0.351159
617 0.347104 0.0112297 0.335874 0.358334
618 0.348711 0.0219081 0.326802 0.370619
619 0.346353 0.0181965 0.328157 0.36455
620 0.352104 0.0215562 0.330548 0.37366
621 0.350137 0.0230822 0.327055 0.373219
622 0.340393 0.00759053 0.332802 0.347983
623 0.347915 0.0166755 0.331239 0.36459
624 0.347014 0.015625 0.331389 0.362639
625 0.357854 0.0322472 0.325607 0.390102
626 0.33754 0.0110767 0.326463 0.348617
627 0.337375 0.0104889 0.326886 0.347863
628 0.338891 0.0101008 0.32879 0.348992
629 0.339011 0.0164742 0.322537 0.355485
630 0.33784 0.0134073 0.324433 0.351247
631 0.339447 0.0116446 0.327802 0.351091
632 0.340993 0.00828192 0.332711 0.349275
633 0.349837 0.0243173 0.325519 0.374154
634 0.338351 0.0131621 0.325188 0.351513
635 0.343726 0.0218265 0.321899 0.365552
636 0.338275 0.0201069 0.318169 0.358382
637 0.338336 0.0177237 0.320612 0.356059
638 0.335152 0.0146071 0.320545 0.34976
639 0.341639 0.0277112 0.313928 0.36935
640 0.337435 0.0154254 0.322009 0.35286
641 0.345768 0.0273786 0.318389 0.373146
642 0.341173 0.0161683 0.325005 0.357342
643 0.350002 0.0255282 0.324474 0.37553
644 0.341609 0.0155027 0.326106 0.357111
645 0.335468 0.0103568 0.325111 0.345825
646 0.339972 0.0177151 0.322257 0.357687
647 0.336894 0.0122865 0.324608 0.349181
648 0.340558 0.0230402 0.317517 0.363598
649 0.335588 0.0119047 0.323683 0.347493
650 0.339251 0.0190774 0.320174 0.358329
651 0.346518 0.0287439 0.317775 0.375262
652 0.335678 0.0105641 0.325114 0.346242
653 0.339477 0.0169738 0.322503 0.35645
654 0.331189 0.0153109 0.315878 0.3465
655 0.341759 0.0286112 0.313148 0.37037
656 0.334477 0.0168197 0.317657 0.351297
657 0.338441 0.0212441 0.317197 0.359685
658 0.329087 0.0129208 0.316166 0.342007
659 0.330738 0.0102453 0.320493 0.340984
660 0.336684 0.0178109 0.318873 0.354495
661 0.333306 0.0120616 0.321244 0.345367
662 0.335273 0.0128927 0.32238 0.348165
663 0.336489 0.015094 0.321395 0.351583
664 0.336083 0.0134577 0.322626 0.349541
665 0.333756 0.0084303 0.325326 0.342186
666 0.337029 0.0157322 0.321297 0.352761
667 0.333035 0.0108763 0.322159 0.343912
668 0.33739 0.0119741 0.325415 0.349364
669 0.340453 0.0133768 0.327076 0.353829
670 0.337164 0.0175898 0.319575 0.354754
671 0.338921 0.0111602 0.327761 0.350081
672 0.350467 0.0148161 0.335651 0.365283
673 0.347404 0.0123111 0.335093 0.359715
674 0.347509 0.0161375 0.331372 0.363647
675 0.339191 0.0123043 0.326887 0.351496
676 0.354806 0.0212893 0.333517 0.376096
677 0.352824 0.0543863 0.298438 0.407211
678 0.344822 0.0138707 0.330951 0.358692
679 0.340888 0.0101933 0.330695 0.351081
680 0.347344 0.0129184 0.334426 0.360263
681 0.349882 0.0180569 0.331825 0.367939
682 0.344416 0.0159033 0.328513 0.36032
683 0.343606 0.0162932 0.327312 0.359899
684 0.333186 0.0107428 0.322443 0.343928
685 0.338981 0.0106199 0.328361 0.349601
686 0.338681 0.0223842 0.316297 0.361065
687 0.33218 0.0155028 0.316677 0.347682
688 0.34347 0.0125783 0.330892 0.356049
689 0.339747 0.0141396 0.325607 0.353886
690 0.33754 0.0232747 0.314265 0.360814
691 0.331564 0.0124326 0.319131 0.343997
692 0.336429 0.0137085 0.32272 0.350137
693 0.330963 0.0115185 0.319445 0.342482
694 0.326804 0.0127583 0.314046 0.339563
695 0.332525 0.0116767 0.320848 0.344202
696 0.334026 0.0157422 0.318284 0.349769
697 0.337224 0.02496 0.312265 0.362184
698 0.336579 0.0140942 0.322485 0.350673
699 0.337119 0.0204107 0.316709 0.35753
700 0.331759 0.00950432 0.322255 0.341264
701 0.33206 0.0130602 0.318999 0.34512
702 0.3379 0.0239198 0.31398 0.36182
703 0.334762 0.0130232 0.321739 0.347785
704 0.345212 0.0203403 0.324872 0.365552
705 0.34329 0.0106264 0.332664 0.353917
706 0.342239 0.013256 0.328983 0.355495
707 0.346188 0.0149293 0.331259 0.361117
708 0.344957 0.0142907 0.330666 0.359248
709 0.359296 0.0629607 0.296335 0.422256
710 0.353635 0.0151368 0.338498 0.368772
711 0.359161 0.0244016 0.334759 0.383562
712 0.357029 0.0189564 0.338072 0.375985
713 0.35862 0.0139332 0.344687 0.372553
714 0.354491 0.0119738 0.342517 0.366465
715 0.357509 0.0202073 0.337302 0.377716
716 0.356713 0.0135546 0.343159 0.370268
717 0.355963 0.0180547 0.337908 0.374017
718 0.361368 0.0231794 0.338188 0.384547
719 0.355107 0.0145423 0.340564 0.369649
720 0.358095 0.0161469 0.341948 0.374241
721 0.356773 0.0128953 0.343878 0.369669
722 0.35844 0.0240594 0.334381 0.382499
723 0.349867 0.0111887 0.338678 0.361055
724 0.357029 0.0170644 0.339964 0.374093
725 0.346053 0.00881305 0.33724 0.354866
726 0.363395 0.0205875 0.342807 0.383982
727 0.358575 0.0160574 0.342518 0.374632
728 0.347119 0.0105283 0.336591 0.357647
729 0.353921 0.016012 0.337909 0.369933
730 0.348635 0.0187557 0.32988 0.367391
731 0.355527 0.0139925 0.341535 0.36952
732 0.349656 0.00858553 0.341071 0.358242
733 0.354491 0.0122305 0.342261 0.366722
734 0.354731 0.0163425 0.338389 0.371074
735 0.349461 0.0166667 0.332795 0.366128
736 0.360527 0.0186328 0.341894 0.37916
737 0.351954 0.0155155 0.336438 0.367469
738 0.350227 0.0113928 0.338834 0.36162
739 0.348065 0.00915655 0.338908 0.357221
740 0.355422 0.0309345 0.324487 0.386356
741 0.34811 0.0107748 0.337335 0.358885
742 0.34778 0.00798468 0.339795 0.355764
743 0.356413 0.0170272 0.339386 0.37344
744 0.355017 0.0156464 0.33937 0.370663
745 0.349912 0.0120385 0.337873 0.36195
746 0.351578 0.0167927 0.334786 0.368371
747 0.35805 0.0226094 0.33544 0.380659
748 0.354776 0.0179912 0.336785 0.372768
749 0.354071 0.0152486 0.338822 0.369319
750 0.348861 0.0181978 0.330663 0.367058
751 0.358395 0.0190035 0.339391 0.377398
752 0.353035 0.0167246 0.33631 0.369759
753 0.349296 0.0156737 0.333622 0.36497
754 0.338861 0.0110511 0.32781 0.349912
755 0.347059 0.0268018 0.320257 0.373861
756 0.348846 0.0189889 0.329857 0.367835
757 0.331744 0.0138253 0.317919 0.34557
758 0.338336 0.0135607 0.324775 0.351896
759 0.343215 0.0144699 0.328745 0.357685
760 0.340903 0.0171924 0.323711 0.358095
761 0.34266 0.0214558 0.321204 0.364116
762 0.345152 0.0198171 0.325335 0.364969
763 0.335723 0.0148088 0.320914 0.350532
764 0.326414 0.00721256 0.319202 0.333627
765 0.334192 0.0144504 0.319741 0.348642
766 0.330603 0.0103425 0.320261 0.340946
767 0.339762 0.0138831 0.325879 0.353645
768 0.339447 0.0119888 0.327458 0.351435
769 0.333966 0.0069127 0.327054 0.340879
770 0.336819 0.0145522 0.322267 0.351371
771 0.344011 0.0269454 0.317066 0.370956
772 0.340723 0.0161396 0.324583 0.356862
773 0.341714 0.0209154 0.320798 0.362629
774 0.335768 0.0114218 0.324346 0.34719
775 0.339176 0.0211552 0.318021 0.360332
776 0.338471 0.0169378 0.321533 0.355408
777 0.340738 0.0162739 0.324464 0.357012
778 0.344537 0.016467 0.328069 0.361004
779 0.339176 0.0155295 0.323647 0.354706
780 0.339807 0.0126273 0.32718 0.352434
781 0.341924 0.0159909 0.325933 0.357915
782 0.339522 0.0175478 0.321974 0.35707
783 0.342014 0.0156702 0.326344 0.357684
784 0.343561 0.0168603 0.3267 0.360421
785 0.340257 0.020256 0.320001 0.360513
786 0.338321 0.0130718 0.325249 0.351392
787 0.342254 0.0187734 0.323481 0.361028
788 0.342735 0.0151333 0.327602 0.357868
789 0.338936 0.0102943 0.328642 0.34923
790 0.335047 0.00920124 0.325846 0.344249
791 0.340933 0.0133581 0.327575 0.354291
792 0.344717 0.0163213 0.328395 0.361038
793 0.344011 0.0126323 0.331379 0.356643
794 0.34778 0.0154654 0.332314 0.363245
795 0.345122 0.0210252 0.324097 0.366147
796 0.33745 0.0130858 0.324364 0.350535
797 0.336143 0.016507 0.319636 0.35265
798 0.347464 0.0193508 0.328114 0.366815
799 0.340798 0.0113049 0.329493 0.352103
