# ../output/graphs/perf_parallel92QUADRUPED_thread2
# step - mean (0.454133) - standard deviation (0.0344777) r=20 - ylow - yhigh
0 0.429248 0.0407113 0.388537 0.469959
1 0.426605 0.021727 0.404879 0.448332
2 0.43689 0.0320317 0.404859 0.468922
3 0.44162 0.016627 0.424993 0.458247
4 0.439803 0.0213447 0.418458 0.461148
5 0.432146 0.0186921 0.413454 0.450838
6 0.439983 0.0212442 0.418739 0.461228
7 0.43656 0.0172324 0.419328 0.453792
8 0.43647 0.0188847 0.417585 0.455355
9 0.442236 0.0139465 0.428289 0.456182
10 0.437671 0.0223899 0.415281 0.460061
11 0.440058 0.0283743 0.411684 0.468433
12 0.431725 0.0157169 0.416008 0.447442
13 0.445103 0.0245617 0.420542 0.469665
14 0.453616 0.0286644 0.424952 0.482281
15 0.433617 0.0154997 0.418118 0.449117
16 0.442281 0.0191431 0.423137 0.461424
17 0.4568 0.107465 0.349334 0.564265
18 0.445794 0.0226111 0.423183 0.468405
19 0.443812 0.0297757 0.414036 0.473588
20 0.448256 0.0371713 0.411085 0.485428
21 0.443977 0.0188055 0.425172 0.462783
22 0.44189 0.0224783 0.419412 0.464368
23 0.44219 0.0253998 0.416791 0.46759
24 0.440899 0.0223244 0.418575 0.463224
25 0.444458 0.0301673 0.41429 0.474625
26 0.439518 0.0143707 0.425147 0.453889
27 0.451274 0.0197408 0.431533 0.471015
28 0.452235 0.0180521 0.434183 0.470287
29 0.444848 0.0178485 0.427 0.462697
30 0.447881 0.0197864 0.428095 0.467667
31 0.447641 0.0418389 0.405802 0.48948
32 0.453932 0.0201376 0.433794 0.474069
33 0.451514 0.0356791 0.415835 0.487194
34 0.456529 0.0185359 0.437993 0.475065
35 0.463976 0.0270028 0.436974 0.490979
36 0.456019 0.0346639 0.421355 0.490683
37 0.452325 0.0165824 0.435743 0.468908
38 0.453286 0.0258113 0.427475 0.479097
39 0.446334 0.0153057 0.431029 0.46164
40 0.452385 0.0229043 0.429481 0.47529
41 0.45228 0.0247414 0.427539 0.477022
42 0.454743 0.0271786 0.427564 0.481921
43 0.457866 0.0180241 0.439841 0.47589
44 0.446815 0.0144892 0.432326 0.461304
45 0.452821 0.0199749 0.432846 0.472796
46 0.450133 0.0221476 0.427986 0.472281
47 0.444563 0.0186804 0.425882 0.463243
48 0.439758 0.0144643 0.425294 0.454222
49 0.439893 0.0251414 0.414752 0.465035
50 0.447731 0.0229567 0.424774 0.470687
51 0.442281 0.0148098 0.427471 0.45709
52 0.437446 0.0185757 0.41887 0.456022
53 0.437761 0.0143884 0.423373 0.45215
54 0.447551 0.0405435 0.407007 0.488094
55 0.453316 0.0389288 0.414387 0.492245
56 0.447806 0.0242666 0.423539 0.472072
57 0.432296 0.0142232 0.418073 0.446519
58 0.437476 0.023555 0.413921 0.461031
59 0.484651 0.213931 0.270721 0.698582
60 0.443362 0.0321789 0.411183 0.475541
61 0.432656 0.0125852 0.420071 0.445241
62 0.429083 0.013808 0.415275 0.442891
63 0.435509 0.0169505 0.418559 0.45246
64 0.447355 0.0203949 0.426961 0.46775
65 0.440118 0.0142146 0.425904 0.454333
66 0.437671 0.015457 0.422214 0.453128
67 0.451109 0.051193 0.399916 0.502302
68 0.450283 0.018265 0.432018 0.468548
69 0.454067 0.0244941 0.429573 0.478561
70 0.449533 0.0181882 0.431344 0.467721
71 0.450253 0.0128699 0.437383 0.463123
72 0.467054 0.0148481 0.452206 0.481903
73 0.461589 0.0125958 0.448993 0.474185
74 0.473075 0.0240993 0.448976 0.497174
75 0.481994 0.0714852 0.410509 0.553479
76 0.466874 0.0262947 0.440579 0.493169
77 0.468271 0.0235946 0.444676 0.491865
78 0.462775 0.0161003 0.446675 0.478876
79 0.485522 0.0630877 0.422434 0.54861
80 0.465688 0.0209894 0.444699 0.486678
81 0.472114 0.0220843 0.45003 0.494199
82 0.47776 0.048841 0.428919 0.526601
83 0.466529 0.0247142 0.441815 0.491243
84 0.467129 0.0271193 0.44001 0.494249
85 0.470583 0.0327166 0.437866 0.503299
86 0.464172 0.0177188 0.446453 0.48189
87 0.464637 0.0134729 0.451164 0.47811
88 0.460613 0.0256468 0.434966 0.48626
89 0.470388 0.0243814 0.446006 0.494769
90 0.463061 0.0210563 0.442004 0.484117
91 0.46288 0.0188577 0.444023 0.481738
92 0.465898 0.0151026 0.450796 0.481001
93 0.463361 0.0217017 0.441659 0.485063
94 0.463871 0.0268077 0.437064 0.490679
95 0.458361 0.0146544 0.443707 0.473015
96 0.470658 0.018332 0.452326 0.48899
97 0.474652 0.0293787 0.445273 0.50403
98 0.463331 0.0242881 0.439043 0.487619
99 0.470673 0.0170596 0.453613 0.487732
100 0.461109 0.0175902 0.443518 0.478699
101 0.45728 0.0183625 0.438917 0.475643
102 0.471033 0.0357457 0.435288 0.506779
103 0.461829 0.0160601 0.445769 0.477889
104 0.466544 0.0189018 0.447642 0.485446
105 0.465072 0.0313386 0.433734 0.496411
106 0.463181 0.0174954 0.445685 0.480676
107 0.463856 0.0213902 0.442466 0.485247
108 0.456004 0.0174626 0.438541 0.473466
109 0.470763 0.0262477 0.444515 0.497011
110 0.470868 0.0207804 0.450088 0.491649
111 0.463916 0.0240336 0.439883 0.48795
112 0.467655 0.0270679 0.440587 0.494723
113 0.45713 0.0212162 0.435914 0.478346
114 0.4621 0.0170098 0.44509 0.479109
115 0.452881 0.0133249 0.439556 0.466206
116 0.455779 0.0185436 0.437235 0.474322
117 0.446334 0.0138616 0.432473 0.460196
118 0.451665 0.0154069 0.436258 0.467071
119 0.451349 0.020158 0.431191 0.471507
120 0.462115 0.0244288 0.437686 0.486543
121 0.445854 0.0162103 0.429644 0.462064
122 0.455328 0.0150076 0.440321 0.470336
123 0.448662 0.0140854 0.434576 0.462747
124 0.443257 0.0104044 0.432852 0.453661
125 0.450328 0.0148092 0.435519 0.465138
126 0.45204 0.0292259 0.422814 0.481266
127 0.443587 0.0163423 0.427244 0.459929
128 0.454923 0.00995016 0.444973 0.464873
129 0.448812 0.0224873 0.426325 0.471299
130 0.467835 0.0308126 0.437023 0.498648
131 0.458181 0.029328 0.428853 0.487509
132 0.45228 0.0206882 0.431592 0.472968
133 0.461109 0.0216925 0.439416 0.482801
134 0.445043 0.0108651 0.434178 0.455908
135 0.448346 0.0147794 0.433567 0.463126
136 0.468706 0.0528644 0.415842 0.52157
137 0.448782 0.0156359 0.433146 0.464418
138 0.454112 0.0118189 0.442293 0.465931
139 0.450614 0.014623 0.435991 0.465237
140 0.45752 0.0204332 0.437087 0.477953
141 0.448917 0.0164583 0.432459 0.465375
142 0.455929 0.0285077 0.427421 0.484436
143 0.453001 0.0154138 0.437587 0.468415
144 0.460929 0.0304898 0.430439 0.491418
145 0.453391 0.0148639 0.438527 0.468255
146 0.451169 0.0207298 0.430439 0.471899
147 0.4474 0.0207829 0.426618 0.468183
148 0.443647 0.0156771 0.42797 0.459324
149 0.446019 0.0344644 0.411555 0.480484
150 0.473931 0.062949 0.410982 0.53688
151 0.448557 0.023754 0.424803 0.472311
152 0.44707 0.023676 0.423394 0.470746
153 0.451364 0.0199024 0.431462 0.471267
154 0.442731 0.0153516 0.427379 0.458083
155 0.45234 0.0292504 0.42309 0.481591
156 0.48282 0.169582 0.313238 0.652401
157 0.452565 0.0427183 0.409847 0.495284
158 0.444698 0.0201433 0.424555 0.464841
159 0.446905 0.0202143 0.426691 0.467119
160 0.450373 0.0180971 0.432276 0.46847
161 0.461529 0.0434282 0.418101 0.504957
162 0.455403 0.0162956 0.439108 0.471699
163 0.458541 0.0155032 0.443038 0.474044
164 0.452295 0.0187707 0.433524 0.471066
165 0.452626 0.0213448 0.431281 0.47397
166 0.45749 0.0210521 0.436438 0.478542
167 0.45249 0.0228115 0.429679 0.475302
168 0.448587 0.0192167 0.42937 0.467803
169 0.444127 0.0177755 0.426352 0.461903
170 0.440659 0.0213005 0.419358 0.46196
171 0.45695 0.0263511 0.430599 0.483301
172 0.456739 0.0203504 0.436389 0.47709
173 0.449457 0.0193452 0.430112 0.468803
174 0.450118 0.0286127 0.421505 0.478731
175 0.436125 0.0129031 0.423222 0.449028
176 0.446004 0.0174777 0.428526 0.463482
177 0.43665 0.0142781 0.422372 0.450928
178 0.44689 0.0222402 0.42465 0.46913
179 0.44132 0.0157049 0.425615 0.457025
180 0.446214 0.0233496 0.422865 0.469564
181 0.435494 0.0144316 0.421062 0.449926
182 0.436755 0.0153827 0.421373 0.452138
183 0.445133 0.0233447 0.421789 0.468478
184 0.434533 0.0159841 0.418549 0.450517
185 0.437221 0.0151195 0.422101 0.45234
186 0.43635 0.0280223 0.408328 0.464372
187 0.439098 0.020926 0.418171 0.460024
188 0.440764 0.01728 0.423484 0.458044
189 0.429969 0.0175958 0.412373 0.447565
190 0.441365 0.0184037 0.422961 0.459768
191 0.439713 0.0167218 0.422991 0.456435
192 0.44665 0.0170704 0.429579 0.46372
193 0.435224 0.0166272 0.418597 0.451851
194 0.450929 0.0192392 0.43169 0.470168
195 0.449472 0.017937 0.431536 0.467409
196 0.451815 0.0249427 0.426872 0.476757
197 0.44701 0.0154012 0.431609 0.462411
198 0.463826 0.0958217 0.368005 0.559648
199 0.450674 0.0351447 0.415529 0.485818
200 0.447596 0.0133237 0.434272 0.460919
201 0.45731 0.0170444 0.440266 0.474354
202 0.460013 0.0261042 0.433908 0.486117
203 0.451184 0.0238346 0.42735 0.475019
204 0.456109 0.0183496 0.437759 0.474458
205 0.457715 0.0183807 0.439335 0.476096
206 0.458571 0.0169303 0.441641 0.475501
207 0.45704 0.0147643 0.442275 0.471804
208 0.464397 0.0208482 0.443549 0.485245
209 0.459502 0.0182551 0.441247 0.477757
210 0.463241 0.0204038 0.442837 0.483645
211 0.457505 0.024595 0.43291 0.4821
212 0.457655 0.0196552 0.438 0.477311
213 0.454172 0.0154079 0.438764 0.46958
214 0.465118 0.0246354 0.440482 0.489753
215 0.456259 0.0225709 0.433688 0.47883
216 0.457851 0.0196197 0.438231 0.47747
217 0.45737 0.0183242 0.439046 0.475694
218 0.4524 0.0181573 0.434243 0.470558
219 0.454728 0.0201948 0.434533 0.474922
220 0.454487 0.0291484 0.425339 0.483636
221 0.459893 0.026601 0.433292 0.486494
222 0.457655 0.0334553 0.4242 0.491111
223 0.465613 0.0299652 0.435648 0.495578
224 0.47791 0.0412441 0.436666 0.519154
225 0.466033 0.0291898 0.436844 0.495223
226 0.455673 0.0198701 0.435803 0.475544
227 0.458586 0.0341845 0.424402 0.492771
228 0.458061 0.0121197 0.445941 0.47018
229 0.452415 0.0113945 0.441021 0.46381
230 0.452205 0.0141372 0.438068 0.466342
231 0.463391 0.0255239 0.437867 0.488915
232 0.453662 0.0191731 0.434488 0.472835
233 0.499666 0.181579 0.318087 0.681244
234 0.456439 0.0200884 0.436351 0.476528
235 0.46812 0.0269423 0.441178 0.495063
236 0.457235 0.0141847 0.44305 0.47142
237 0.455463 0.0167115 0.438752 0.472175
238 0.455703 0.0166755 0.439028 0.472379
239 0.455448 0.0168157 0.438633 0.472264
240 0.47249 0.0247909 0.447699 0.497281
241 0.458932 0.0155169 0.443415 0.474448
242 0.463991 0.0179009 0.446091 0.481892
243 0.464006 0.0176489 0.446358 0.481655
244 0.453091 0.0255717 0.427519 0.478663
245 0.460238 0.0278945 0.432343 0.488132
246 0.449082 0.016112 0.43297 0.465194
247 0.442896 0.0134622 0.429434 0.456358
248 0.439233 0.00943218 0.4298 0.448665
249 0.450959 0.0229559 0.428003 0.473915
250 0.448196 0.01646 0.431736 0.464656
251 0.458947 0.0287258 0.430221 0.487672
252 0.455388 0.0454262 0.409962 0.500814
253 0.438497 0.0274093 0.411088 0.465906
254 0.429789 0.0140867 0.415702 0.443875
255 0.437506 0.0131469 0.424359 0.450653
256 0.44662 0.0136531 0.432967 0.460273
257 0.44156 0.0171708 0.424389 0.458731
258 0.456139 0.0539006 0.402238 0.510039
259 0.446154 0.0189881 0.427166 0.465142
260 0.443767 0.013027 0.43074 0.456794
261 0.446229 0.0205543 0.425675 0.466784
262 0.442281 0.0149944 0.427286 0.457275
263 0.447416 0.023638 0.423778 0.471054
264 0.452565 0.0248548 0.427711 0.47742
265 0.440133 0.0192899 0.420844 0.459423
266 0.448932 0.0421978 0.406734 0.49113
267 0.43632 0.0217843 0.414536 0.458104
268 0.444262 0.0229984 0.421264 0.467261
269 0.437761 0.0182319 0.419529 0.455993
270 0.440914 0.022593 0.418321 0.463507
271 0.481558 0.150961 0.330598 0.632519
272 0.437791 0.022736 0.415055 0.460527
273 0.444608 0.0272707 0.417337 0.471878
274 0.441064 0.0198914 0.421173 0.460956
275 0.432086 0.0200455 0.41204 0.452131
276 0.447776 0.0198857 0.42789 0.467662
277 0.435074 0.0173743 0.417699 0.452448
278 0.442356 0.0120044 0.430351 0.45436
279 0.434653 0.0201313 0.414522 0.454785
280 0.438152 0.0183518 0.4198 0.456503
281 0.439188 0.0162629 0.422925 0.455451
282 0.446184 0.020453 0.425731 0.466637
283 0.446214 0.0218094 0.424405 0.468024
284 0.444308 0.0257511 0.418556 0.470059
285 0.48851 0.194108 0.294402 0.682618
286 0.445058 0.0171924 0.427866 0.462251
287 0.450328 0.0182756 0.432053 0.468604
288 0.452656 0.0100999 0.442556 0.462755
289 0.453767 0.0163275 0.437439 0.470094
290 0.460478 0.0227809 0.437697 0.483259
291 0.453286 0.0213164 0.43197 0.474603
292 0.4474 0.0143489 0.433052 0.461749
293 0.455433 0.0213096 0.434124 0.476743
294 0.452701 0.0210025 0.431698 0.473703
295 0.450313 0.0285738 0.42174 0.478887
296 0.453076 0.0294627 0.423613 0.482539
297 0.454487 0.0287873 0.4257 0.483275
298 0.46273 0.0402306 0.4225 0.502961
299 0.461799 0.0165987 0.445201 0.478398
300 0.456109 0.017588 0.438521 0.473697
301 0.469367 0.0240059 0.445361 0.493373
302 0.450779 0.0210494 0.429729 0.471828
303 0.447881 0.0251578 0.422723 0.473039
304 0.448391 0.0222239 0.426168 0.470615
305 0.456469 0.0280544 0.428415 0.484524
306 0.451484 0.0205645 0.43092 0.472049
307 0.442791 0.0143013 0.42849 0.457092
308 0.441605 0.0123277 0.429277 0.453933
309 0.458631 0.0327969 0.425834 0.491428
310 0.446875 0.0191332 0.427742 0.466008
311 0.451439 0.0283634 0.423076 0.479803
312 0.440944 0.0146202 0.426324 0.455564
313 0.438662 0.0120601 0.426602 0.450722
314 0.452205 0.0217341 0.430471 0.473939
315 0.452746 0.045603 0.407143 0.498349
316 0.455959 0.0466768 0.409282 0.502635
317 0.447416 0.0237734 0.423642 0.471189
318 0.436665 0.0102042 0.426461 0.446869
319 0.450178 0.0228433 0.427335 0.473022
320 0.458136 0.0217663 0.436369 0.479902
321 0.456439 0.023204 0.433235 0.479643
322 0.45258 0.0293086 0.423272 0.481889
323 0.465238 0.0238387 0.441399 0.489076
324 0.460463 0.0291025 0.431361 0.489566
325 0.45216 0.0125231 0.439637 0.464683
326 0.458361 0.0224747 0.435886 0.480836
327 0.470177 0.0219396 0.448238 0.492117
328 0.461304 0.016256 0.445048 0.47756
329 0.472655 0.0227795 0.449875 0.495434
330 0.466529 0.0242684 0.442261 0.490797
331 0.461439 0.0135151 0.447924 0.474954
332 0.465868 0.0182835 0.447585 0.484152
333 0.481153 0.0638443 0.417309 0.544997
334 0.464637 0.0233019 0.441335 0.487939
335 0.479787 0.0360141 0.443773 0.515801
336 0.464637 0.0138547 0.450782 0.478492
337 0.468811 0.0382272 0.430584 0.507038
338 0.459217 0.0184532 0.440764 0.47767
339 0.461139 0.021746 0.439393 0.482885
340 0.463781 0.0188347 0.444947 0.482616
341 0.464172 0.0272385 0.436933 0.49141
342 0.468391 0.0172601 0.451131 0.485651
343 0.468015 0.0152358 0.45278 0.483251
344 0.467505 0.021229 0.446276 0.488734
345 0.47276 0.0231704 0.449589 0.49593
346 0.460898 0.0135707 0.447328 0.474469
347 0.473315 0.023654 0.449661 0.496969
348 0.464277 0.0194915 0.444785 0.483768
349 0.465418 0.0171243 0.448293 0.482542
350 0.461799 0.0175938 0.444206 0.479393
351 0.461649 0.0157402 0.445909 0.477389
352 0.46797 0.0177108 0.450259 0.485681
353 0.471529 0.025016 0.446513 0.496545
354 0.46243 0.0155437 0.446886 0.477974
355 0.480252 0.0299215 0.450331 0.510174
356 0.501843 0.146965 0.354878 0.648808
357 0.460763 0.019717 0.441046 0.48048
358 0.461469 0.0180221 0.443447 0.479491
359 0.467505 0.0311866 0.436318 0.498691
360 0.455884 0.0195276 0.436356 0.475411
361 0.461754 0.0246623 0.437092 0.486417
362 0.468706 0.0217831 0.446923 0.490489
363 0.456905 0.0170638 0.439841 0.473968
364 0.466304 0.0300883 0.436215 0.496392
365 0.458091 0.0151503 0.44294 0.473241
366 0.454788 0.0138987 0.440889 0.468686
367 0.459547 0.0218606 0.437687 0.481408
368 0.471679 0.0322418 0.439437 0.503921
369 0.458271 0.011277 0.446994 0.469548
370 0.460568 0.0208607 0.439707 0.481429
371 0.448767 0.0142143 0.434552 0.462981
372 0.461394 0.0493128 0.412081 0.510707
373 0.456559 0.0311597 0.4254 0.487719
374 0.448406 0.0202983 0.428108 0.468705
375 0.456094 0.0212392 0.434855 0.477333
376 0.458421 0.0315921 0.426829 0.490013
377 0.458331 0.0307231 0.427608 0.489054
378 0.43701 0.0150974 0.421913 0.452108
379 0.441515 0.0110644 0.43045 0.452579
380 0.445959 0.0134112 0.432548 0.45937
381 0.444758 0.0123539 0.432404 0.457112
382 0.455163 0.05334 0.401823 0.508503
383 0.451289 0.0243081 0.426981 0.475597
384 0.447385 0.0134814 0.433904 0.460867
385 0.45258 0.0146842 0.437896 0.467265
386 0.449412 0.0157757 0.433637 0.465188
387 0.456184 0.0155526 0.440631 0.471737
388 0.444638 0.0136765 0.430961 0.458314
389 0.470703 0.107962 0.36274 0.578665
390 0.447626 0.0232087 0.424417 0.470834
391 0.448632 0.0193198 0.429312 0.467951
392 0.447746 0.0229155 0.42483 0.470661
393 0.440719 0.0157485 0.424971 0.456468
394 0.450253 0.019178 0.431075 0.469431
395 0.438302 0.0137043 0.424597 0.452006
396 0.45198 0.0243964 0.427584 0.476376
397 0.445359 0.0193219 0.426037 0.46468
398 0.450463 0.0255893 0.424874 0.476053
399 0.44141 0.0171487 0.424261 0.458558
400 0.445118 0.0211667 0.423952 0.466285
401 0.448677 0.022807 0.42587 0.471484
402 0.44719 0.0195865 0.427604 0.466777
403 0.450148 0.0223921 0.427756 0.47254
404 0.452595 0.0311726 0.421423 0.483768
405 0.445524 0.0174173 0.428106 0.462941
406 0.449442 0.0288973 0.420545 0.47834
407 0.455208 0.0343578 0.42085 0.489566
408 0.443482 0.0201566 0.423325 0.463638
409 0.445944 0.0221703 0.423774 0.468114
410 0.463601 0.0345618 0.429039 0.498163
411 0.459757 0.0239377 0.43582 0.483695
412 0.455809 0.0195398 0.436269 0.475348
413 0.460688 0.0240521 0.436636 0.48474
414 0.46207 0.019837 0.442233 0.481907
415 0.454367 0.0179697 0.436397 0.472337
416 0.468286 0.0188792 0.449406 0.487165
417 0.46213 0.0163335 0.445796 0.478463
418 0.46725 0.0300101 0.437239 0.49726
419 0.462085 0.0157334 0.446351 0.477818
420 0.461439 0.0293209 0.432118 0.49076
421 0.46255 0.023482 0.439068 0.486032
422 0.453496 0.0220201 0.431476 0.475516
423 0.45701 0.0168991 0.440111 0.473909
424 0.450208 0.020535 0.429673 0.470743
425 0.46276 0.0207135 0.442047 0.483474
426 0.460058 0.0277736 0.432284 0.487831
427 0.471273 0.0307736 0.4405 0.502047
428 0.445929 0.0165282 0.429401 0.462457
429 0.469832 0.113591 0.356241 0.583423
430 0.453556 0.0169485 0.436608 0.470505
431 0.44174 0.0167386 0.425001 0.458479
432 0.446395 0.0148056 0.431589 0.4612
433 0.445178 0.0228325 0.422346 0.468011
434 0.441935 0.0175694 0.424366 0.459505
435 0.453286 0.0224648 0.430821 0.475751
436 0.451665 0.0209904 0.430674 0.472655
437 0.453571 0.0229017 0.43067 0.476473
438 0.444187 0.0206171 0.42357 0.464805
439 0.440974 0.0199245 0.42105 0.460899
440 0.447055 0.029845 0.41721 0.4769
441 0.444998 0.0244581 0.42054 0.469456
442 0.444908 0.027843 0.417065 0.472751
443 0.442611 0.0145529 0.428058 0.457164
444 0.445989 0.0212679 0.424721 0.467257
445 0.450433 0.0165426 0.433891 0.466976
446 0.451995 0.0223582 0.429637 0.474353
447 0.443211 0.0136737 0.429538 0.456885
448 0.447791 0.0130239 0.434767 0.460815
449 0.453271 0.0371485 0.416123 0.49042
450 0.461409 0.0212531 0.440156 0.482662
451 0.455013 0.0217961 0.433217 0.476809
452 0.455433 0.0167526 0.438681 0.472186
453 0.449893 0.0200065 0.429886 0.469899
454 0.455734 0.0176942 0.438039 0.473428
455 0.472715 0.0237945 0.44892 0.496509
456 0.463586 0.0141915 0.449395 0.477778
457 0.462835 0.0177346 0.445101 0.48057
458 0.45764 0.0140621 0.443578 0.471702
459 0.462115 0.0174911 0.444624 0.479606
460 0.471619 0.0230035 0.448615 0.494622
461 0.470222 0.0444672 0.425755 0.51469
462 0.468901 0.021477 0.447424 0.490378
463 0.459262 0.0145373 0.444725 0.473799
464 0.474051 0.0220959 0.451955 0.496147
465 0.47336 0.024861 0.448499 0.498221
466 0.469367 0.0141453 0.455221 0.483512
467 0.461319 0.0176875 0.443631 0.479006
468 0.460763 0.0168899 0.443873 0.477653
469 0.465027 0.0226001 0.442427 0.487628
470 0.468991 0.0260282 0.442963 0.49502
471 0.460733 0.0114106 0.449323 0.472144
472 0.50366 0.218924 0.284735 0.722584
473 0.458526 0.0211156 0.437411 0.479642
474 0.459097 0.0180254 0.441071 0.477122
475 0.465583 0.0263496 0.439233 0.491933
476 0.464112 0.0182588 0.445853 0.48237
477 0.463601 0.0236647 0.439936 0.487266
478 0.461574 0.0163521 0.445222 0.477926
479 0.460418 0.0220909 0.438327 0.482509
480 0.481288 0.0217105 0.459578 0.502999
481 0.466334 0.0214515 0.444882 0.487785
482 0.458376 0.016082 0.442294 0.474458
483 0.472565 0.0328119 0.439753 0.505377
484 0.468135 0.01935 0.448785 0.487485
485 0.458556 0.0187707 0.439786 0.477327
486 0.461544 0.0202483 0.441296 0.481792
487 0.460118 0.0174723 0.442645 0.47759
488 0.476213 0.0256142 0.450599 0.501827
489 0.45779 0.0163042 0.441486 0.474095
490 0.465643 0.0212837 0.444359 0.486927
491 0.460733 0.0221653 0.438568 0.482899
492 0.460508 0.0154585 0.44505 0.475967
493 0.460193 0.0211955 0.438997 0.481388
494 0.468165 0.0243748 0.443791 0.49254
495 0.455328 0.0145954 0.440733 0.469924
496 0.476709 0.0289878 0.447721 0.505697
497 0.465823 0.0288479 0.436975 0.494671
498 0.453797 0.0233645 0.430432 0.477161
499 0.452776 0.0218342 0.430941 0.47461
500 0.453887 0.0220927 0.431794 0.475979
501 0.453631 0.0224519 0.43118 0.476083
502 0.454923 0.021343 0.43358 0.476266
503 0.473165 0.0702052 0.40296 0.543371
504 0.4571 0.0371939 0.419906 0.494294
505 0.45737 0.0307713 0.426599 0.488141
506 0.453842 0.0278886 0.425953 0.48173
507 0.461334 0.0423458 0.418988 0.50368
508 0.449953 0.0186577 0.431295 0.468611
509 0.445974 0.021325 0.424649 0.467299
510 0.457806 0.0387878 0.419018 0.496593
511 0.452956 0.0257313 0.427224 0.478687
512 0.516242 0.234711 0.281531 0.750952
513 0.456349 0.0251035 0.431246 0.481453
514 0.465598 0.0232912 0.442307 0.488889
515 0.458526 0.0221432 0.436383 0.480669
516 0.460463 0.024112 0.436351 0.484575
517 0.448857 0.0139471 0.43491 0.462804
518 0.44644 0.0156494 0.43079 0.462089
519 0.445764 0.0176002 0.428164 0.463364
520 0.452911 0.0262245 0.426686 0.479135
521 0.448436 0.0213288 0.427108 0.469765
522 0.455974 0.0279898 0.427984 0.483964
523 0.45207 0.0348336 0.417236 0.486904
524 0.450869 0.0175548 0.433314 0.468424
525 0.445193 0.0124736 0.43272 0.457667
526 0.445193 0.0210471 0.424146 0.46624
527 0.446199 0.0170012 0.429198 0.463201
528 0.452986 0.0240266 0.428959 0.477012
529 0.453226 0.0375556 0.415671 0.490782
530 0.440929 0.0170556 0.423874 0.457985
531 0.4521 0.0175687 0.434531 0.469669
532 0.443737 0.0155728 0.428164 0.45931
533 0.447851 0.025748 0.422103 0.473599
534 0.444247 0.018243 0.426004 0.46249
535 0.440704 0.0140625 0.426642 0.454767
536 0.455493 0.0250547 0.430439 0.480548
537 0.454427 0.0276372 0.42679 0.482064
538 0.456049 0.0234683 0.43258 0.479517
539 0.45231 0.0163804 0.43593 0.468691
540 0.452821 0.0207026 0.432118 0.473523
541 0.452926 0.0181254 0.4348 0.471051
542 0.454187 0.0195267 0.43466 0.473714
543 0.459037 0.0217406 0.437296 0.480777
544 0.472234 0.0214332 0.450801 0.493668
545 0.461109 0.0259802 0.435128 0.487089
546 0.467054 0.0306966 0.436358 0.497751
547 0.462235 0.0208222 0.441413 0.483057
548 0.462085 0.0204668 0.441618 0.482551
549 0.462235 0.0216396 0.440595 0.483874
550 0.464937 0.0410033 0.423934 0.505941
551 0.460868 0.0171704 0.443698 0.478039
552 0.461274 0.0234185 0.437855 0.484692
553 0.456154 0.0269206 0.429233 0.483075
554 0.454202 0.0333759 0.420826 0.487578
555 0.458541 0.0252294 0.433312 0.483771
556 0.458601 0.0355607 0.423041 0.494162
557 0.448226 0.0167728 0.431454 0.464999
558 0.449472 0.0194845 0.429988 0.468957
559 0.449232 0.0186762 0.430556 0.467908
560 0.450298 0.022521 0.427777 0.472819
561 0.451755 0.0207022 0.431053 0.472457
562 0.451094 0.0182502 0.432844 0.469344
563 0.453571 0.0215649 0.432006 0.475136
564 0.440944 0.0191012 0.421843 0.460045
565 0.449968 0.0211361 0.428832 0.471104
566 0.439923 0.0120912 0.427832 0.452015
567 0.44653 0.0137564 0.432773 0.460286
568 0.445253 0.0186986 0.426555 0.463952
569 0.461034 0.0285617 0.432472 0.489595
570 0.451424 0.0312327 0.420192 0.482657
571 0.445794 0.0146526 0.431141 0.460447
572 0.454728 0.033348 0.421379 0.488076
573 0.443166 0.0182463 0.42492 0.461413
574 0.456754 0.0295179 0.427237 0.486272
575 0.441785 0.0176902 0.424095 0.459475
576 0.449397 0.0110971 0.4383 0.460494
577 0.440224 0.0181328 0.422091 0.458356
578 0.458932 0.0235067 0.435425 0.482438
579 0.449382 0.0192315 0.430151 0.468614
580 0.458496 0.0371109 0.421385 0.495607
581 0.443542 0.0112191 0.432323 0.454761
582 0.460718 0.0248466 0.435872 0.485565
583 0.460929 0.0159963 0.444932 0.476925
584 0.459772 0.0181077 0.441665 0.47788
585 0.464832 0.0211893 0.443643 0.486022
586 0.467039 0.0169962 0.450043 0.484036
587 0.459037 0.0129658 0.446071 0.472003
588 0.467099 0.0196062 0.447493 0.486706
589 0.464367 0.0253815 0.438985 0.489748
590 0.474306 0.0330207 0.441286 0.507327
591 0.466469 0.0182598 0.448209 0.484729
592 0.467144 0.031862 0.435283 0.499006
593 0.464457 0.0184437 0.446013 0.482901
594 0.465193 0.0244615 0.440731 0.489654
595 0.463211 0.0187743 0.444436 0.481985
596 0.468691 0.0239237 0.444767 0.492615
597 0.46791 0.0174058 0.450504 0.485316
598 0.458481 0.025282 0.433199 0.483763
599 0.459427 0.0160452 0.443382 0.475472
600 0.453977 0.019244 0.434733 0.473221
601 0.45689 0.0188582 0.438031 0.475748
602 0.454682 0.0193821 0.4353 0.474065
603 0.456634 0.0146498 0.441985 0.471284
604 0.457896 0.0238054 0.43409 0.481701
605 0.463511 0.0293982 0.434113 0.492909
606 0.449698 0.0153842 0.434314 0.465082
607 0.459022 0.0373248 0.421697 0.496346
608 0.471604 0.0165095 0.455094 0.488113
609 0.46258 0.0227629 0.439817 0.485343
610 0.460778 0.0222932 0.438485 0.483072
611 0.4624 0.0220677 0.440332 0.484468
612 0.456845 0.0182016 0.438643 0.475046
613 0.460658 0.026563 0.434095 0.487221
614 0.451034 0.014918 0.436116 0.465952
615 0.450058 0.0169927 0.433065 0.467051
616 0.461604 0.0178392 0.443765 0.479443
617 0.460538 0.0230788 0.437459 0.483617
618 0.451635 0.0236793 0.427955 0.475314
619 0.466934 0.0262248 0.44071 0.493159
620 0.455538 0.0221663 0.433372 0.477705
621 0.455148 0.021505 0.433643 0.476653
622 0.455794 0.015673 0.440121 0.471467
623 0.457836 0.0264449 0.431391 0.48428
624 0.450734 0.0158173 0.434916 0.466551
625 0.45692 0.0170672 0.439852 0.473987
626 0.4421 0.0153215 0.426779 0.457422
627 0.439458 0.0152411 0.424217 0.454699
628 0.439743 0.0152109 0.424532 0.454954
629 0.446049 0.020843 0.425206 0.466892
630 0.445569 0.0215681 0.424001 0.467137
631 0.436545 0.0154819 0.421063 0.452027
632 0.442581 0.0194504 0.423131 0.462031
633 0.450478 0.0176582 0.43282 0.468137
634 0.445944 0.0233084 0.422636 0.469252
635 0.434023 0.0231086 0.410914 0.457131
636 0.434743 0.0182473 0.416496 0.452991
637 0.436395 0.021251 0.415144 0.457646
638 0.434083 0.0189873 0.415095 0.45307
639 0.442671 0.0291196 0.413551 0.47179
640 0.469231 0.0356509 0.433581 0.504882
641 0.456139 0.0398726 0.416266 0.496011
642 0.449487 0.0213609 0.428127 0.470848
643 0.451259 0.0246076 0.426652 0.475867
644 0.454262 0.0244196 0.429843 0.478682
645 0.441905 0.0157273 0.426178 0.457633
646 0.442386 0.0137631 0.428623 0.456149
647 0.442115 0.012571 0.429544 0.454686
648 0.442491 0.0247133 0.417777 0.467204
649 0.442506 0.0112143 0.431292 0.45372
650 0.456049 0.0389304 0.417118 0.494979
651 0.438857 0.0159748 0.422882 0.454832
652 0.439503 0.0177703 0.421733 0.457273
653 0.432821 0.0141204 0.418701 0.446942
654 0.432146 0.0135156 0.41863 0.445661
655 0.438332 0.0361636 0.402168 0.474495
656 0.446364 0.03745 0.408915 0.483814
657 0.434113 0.0164826 0.41763 0.450595
658 0.43686 0.0120751 0.424785 0.448935
659 0.442311 0.0181302 0.42418 0.460441
660 0.458511 0.0593046 0.399207 0.517816
661 0.445554 0.0262345 0.419319 0.471788
662 0.448166 0.0272782 0.420888 0.475444
663 0.438512 0.0141356 0.424376 0.452648
664 0.454968 0.0262759 0.428692 0.481244
665 0.444443 0.0218796 0.422563 0.466322
666 0.448452 0.0439307 0.404521 0.492382
667 0.449803 0.0212136 0.428589 0.471016
668 0.466634 0.0674651 0.399169 0.534099
669 0.443752 0.0160715 0.427681 0.459823
670 0.438557 0.0100084 0.428549 0.448565
671 0.458511 0.0150609 0.44345 0.473572
672 0.460673 0.0231614 0.437512 0.483835
673 0.458857 0.0221137 0.436743 0.48097
674 0.457775 0.0225843 0.435191 0.48036
675 0.463301 0.0433612 0.41994 0.506662
676 0.456154 0.020848 0.435306 0.477002
677 0.453391 0.0214639 0.431927 0.474855
678 0.452626 0.0174855 0.43514 0.470111
679 0.45728 0.0241412 0.433139 0.481421
680 0.445133 0.0173938 0.42774 0.462527
681 0.461559 0.0353864 0.426173 0.496946
682 0.45243 0.0167442 0.435686 0.469175
683 0.449412 0.0256258 0.423787 0.475038
684 0.451635 0.0263769 0.425258 0.478011
685 0.445884 0.0296302 0.416254 0.475514
686 0.440644 0.018866 0.421778 0.45951
687 0.439323 0.015051 0.424272 0.454374
688 0.441875 0.0226489 0.419226 0.464524
689 0.439578 0.0236034 0.415975 0.463181
690 0.442326 0.0164258 0.4259 0.458751
691 0.437896 0.0138318 0.424064 0.451728
692 0.44716 0.0307345 0.416426 0.477895
693 0.44132 0.0201923 0.421127 0.461512
694 0.433452 0.0199312 0.413521 0.453383
695 0.444803 0.0219644 0.422839 0.466767
696 0.448737 0.0336743 0.415062 0.482411
697 0.436845 0.0206713 0.416174 0.457517
698 0.439548 0.0239068 0.415641 0.463455
699 0.437956 0.0274782 0.410478 0.465435
700 0.436215 0.0163445 0.41987 0.452559
701 0.430164 0.0102954 0.419869 0.440459
702 0.450944 0.0434458 0.407498 0.49439
703 0.434533 0.013923 0.42061 0.448456
704 0.450749 0.0184162 0.432333 0.469165
705 0.458076 0.0284577 0.429618 0.486533
706 0.447761 0.0140585 0.433702 0.461819
707 0.468496 0.0355454 0.43295 0.504041
708 0.449608 0.0166645 0.432943 0.466272
709 0.453511 0.0162896 0.437222 0.469801
710 0.466799 0.0259667 0.440832 0.492766
711 0.466349 0.0200653 0.446283 0.486414
712 0.46773 0.0409564 0.426774 0.508686
713 0.469201 0.0238937 0.445308 0.493095
714 0.456754 0.0141832 0.442571 0.470938
715 0.464052 0.0157825 0.448269 0.479834
716 0.46201 0.0158564 0.446153 0.477866
717 0.461679 0.0240806 0.437599 0.48576
718 0.46291 0.0127729 0.450138 0.475683
719 0.461574 0.0238184 0.437756 0.485393
720 0.459908 0.030195 0.429713 0.490103
721 0.465613 0.0352162 0.430397 0.500829
722 0.460643 0.0263636 0.43428 0.487007
723 0.458316 0.0127065 0.44561 0.471022
724 0.469682 0.0245285 0.445153 0.49421
725 0.463001 0.0294542 0.433546 0.492455
726 0.464517 0.0226102 0.441907 0.487127
727 0.459487 0.018298 0.441189 0.477785
728 0.461664 0.0147501 0.446914 0.476414
729 0.465778 0.0329489 0.432829 0.498727
730 0.459847 0.0200152 0.439832 0.479863
731 0.4724 0.029524 0.442876 0.501924
732 0.461874 0.0144928 0.447382 0.476367
733 0.469382 0.0294243 0.439957 0.498806
734 0.462925 0.0216979 0.441228 0.484623
735 0.454848 0.0133442 0.441504 0.468192
736 0.468346 0.0222569 0.446089 0.490603
737 0.514065 0.229792 0.284273 0.743857
738 0.46743 0.0175828 0.449847 0.485013
739 0.472159 0.0252638 0.446896 0.497423
740 0.463601 0.0195279 0.444073 0.483129
741 0.469922 0.0226594 0.447263 0.492582
742 0.465928 0.0203104 0.445618 0.486239
743 0.465883 0.0234909 0.442392 0.489374
744 0.464652 0.0238198 0.440832 0.488472
745 0.458241 0.0164313 0.44181 0.474672
746 0.462805 0.0149146 0.447891 0.47772
747 0.474637 0.0682782 0.406358 0.542915
748 0.461904 0.0207046 0.4412 0.482609
749 0.456334 0.017018 0.439316 0.473352
750 0.469877 0.0240786 0.445799 0.493956
751 0.459742 0.0165377 0.443205 0.47628
752 0.458211 0.0142351 0.443976 0.472446
753 0.459262 0.040195 0.419067 0.499457
754 0.461394 0.0244346 0.436959 0.485829
755 0.454532 0.0217916 0.432741 0.476324
756 0.44641 0.0152677 0.431142 0.461677
757 0.43647 0.0176343 0.418836 0.454104
758 0.457911 0.0377993 0.420111 0.49571
759 0.454562 0.0222898 0.432273 0.476852
760 0.440689 0.0220816 0.418607 0.462771
761 0.444638 0.0284258 0.416212 0.473064
762 0.452475 0.0461826 0.406293 0.498658
763 0.444788 0.0303473 0.414441 0.475135
764 0.441185 0.0185499 0.422635 0.459734
765 0.434818 0.0171525 0.417666 0.451971
766 0.438677 0.0201192 0.418558 0.458796
767 0.44737 0.0237005 0.42367 0.471071
768 0.448782 0.0083416 0.44044 0.457123
769 0.448181 0.018196 0.429985 0.466377
770 0.450764 0.0276001 0.423164 0.478364
771 0.447461 0.0190412 0.428419 0.466502
772 0.444187 0.0214251 0.422762 0.465612
773 0.442626 0.0204141 0.422212 0.46304
774 0.442716 0.0140566 0.428659 0.456773
775 0.442971 0.0274044 0.415567 0.470376
776 0.447851 0.0253867 0.422464 0.473238
777 0.441019 0.0197941 0.421225 0.460813
778 0.44725 0.016827 0.430423 0.464077
779 0.441455 0.0146093 0.426845 0.456064
780 0.443617 0.0253037 0.418313 0.468921
781 0.438287 0.0140066 0.42428 0.452293
782 0.460358 0.0673205 0.393037 0.527678
783 0.451214 0.0236405 0.427574 0.474855
784 0.434428 0.0135896 0.420838 0.448018
785 0.44689 0.0195563 0.427334 0.466446
786 0.44641 0.0208897 0.42552 0.467299
787 0.448226 0.0294822 0.418744 0.477709
788 0.450268 0.0237165 0.426552 0.473985
789 0.451394 0.0192683 0.432126 0.470663
790 0.449893 0.0315854 0.418307 0.481478
791 0.449322 0.0582926 0.39103 0.507615
792 0.457565 0.0233342 0.434231 0.480899
793 0.450704 0.0201978 0.430506 0.470902
794 0.47761 0.0688496 0.40876 0.546459
795 0.450854 0.0265703 0.424284 0.477424
796 0.446094 0.0202466 0.425848 0.466341
797 0.433482 0.0113517 0.42213 0.444834
798 0.455328 0.0230807 0.432247 0.478409
799 0.453016 0.0230522 0.429964 0.476068
