# ../output/graphs/perf_parallel78QUADRUPED_thread2
# step - mean (0.381272) - standard deviation (0.0309031) r=20 - ylow - yhigh
0 0.362584 0.0348811 0.327703 0.397465
1 0.3638 0.0147724 0.349028 0.378572
2 0.35856 0.0133955 0.345164 0.371956
3 0.371007 0.0167292 0.354278 0.387736
4 0.380256 0.0385732 0.341683 0.418829
5 0.367929 0.0175967 0.350332 0.385526
6 0.372704 0.0262684 0.346435 0.398972
7 0.36859 0.0180622 0.350527 0.386652
8 0.368409 0.0138769 0.354533 0.382286
9 0.368485 0.0188446 0.34964 0.387329
10 0.367599 0.0197218 0.347877 0.38732
11 0.369085 0.0135506 0.355535 0.382636
12 0.36374 0.00984384 0.353896 0.373584
13 0.368124 0.0154662 0.352658 0.38359
14 0.362509 0.0148215 0.347687 0.37733
15 0.365106 0.0138701 0.351236 0.378976
16 0.3691 0.0161122 0.352988 0.385212
17 0.370061 0.0153985 0.354663 0.38546
18 0.374926 0.0246902 0.350236 0.399616
19 0.365932 0.0168316 0.349101 0.382764
20 0.367298 0.0158927 0.351406 0.383191
21 0.365377 0.0135795 0.351797 0.378956
22 0.371127 0.0153626 0.355764 0.38649
23 0.373184 0.0263295 0.346855 0.399514
24 0.367163 0.016427 0.350736 0.38359
25 0.359776 0.0115336 0.348243 0.37131
26 0.378724 0.0294355 0.349289 0.40816
27 0.39476 0.0753 0.31946 0.47006
28 0.373619 0.0117634 0.361856 0.385383
29 0.379655 0.0211086 0.358547 0.400764
30 0.376502 0.0197755 0.356727 0.396278
31 0.377343 0.0250185 0.352325 0.402362
32 0.381562 0.0155741 0.365988 0.397136
33 0.380256 0.0368274 0.343429 0.417083
34 0.396336 0.0510769 0.345259 0.447413
35 0.38416 0.0184869 0.365673 0.402647
36 0.405961 0.0850283 0.320932 0.490989
37 0.375722 0.0130805 0.362641 0.388802
38 0.37961 0.0253239 0.354286 0.404934
39 0.380796 0.021832 0.358964 0.402628
40 0.371923 0.0116914 0.360231 0.383614
41 0.376682 0.0193157 0.357367 0.395998
42 0.38431 0.0269117 0.357398 0.411222
43 0.382478 0.0203383 0.36214 0.402816
44 0.372659 0.00735677 0.365302 0.380015
45 0.372328 0.0112878 0.36104 0.383616
46 0.376022 0.0119202 0.364102 0.387942
47 0.375331 0.0224215 0.35291 0.397753
48 0.376818 0.0344607 0.342357 0.411278
49 0.370391 0.0218396 0.348552 0.392231
50 0.373905 0.026576 0.347329 0.400481
51 0.373574 0.0197866 0.353788 0.393361
52 0.371517 0.0252047 0.346313 0.396722
53 0.36416 0.0120924 0.352068 0.376253
54 0.374851 0.0202567 0.354594 0.395107
55 0.369506 0.0132067 0.356299 0.382712
56 0.372283 0.0176318 0.354651 0.389915
57 0.373755 0.049 0.324755 0.422755
58 0.365016 0.0177449 0.347271 0.382761
59 0.36362 0.0157616 0.347858 0.379381
60 0.374025 0.0341269 0.339898 0.408152
61 0.369355 0.0192347 0.350121 0.38859
62 0.378379 0.036679 0.3417 0.415058
63 0.366488 0.0146224 0.351865 0.38111
64 0.372043 0.0123336 0.359709 0.384377
65 0.369476 0.0149866 0.354489 0.384462
66 0.367899 0.0179399 0.349959 0.385839
67 0.37428 0.027894 0.346386 0.402174
68 0.379205 0.0178152 0.36139 0.39702
69 0.395856 0.0966814 0.299175 0.492537
70 0.385811 0.0286897 0.357122 0.414501
71 0.380046 0.0261575 0.353888 0.406203
72 0.396396 0.0187163 0.37768 0.415113
73 0.395496 0.0149212 0.380574 0.410417
74 0.386832 0.0142207 0.372612 0.401053
75 0.395225 0.0217336 0.373492 0.416959
76 0.388529 0.0141328 0.374396 0.402662
77 0.389114 0.018134 0.37098 0.407248
78 0.38473 0.0128148 0.371915 0.397545
79 0.397222 0.0297448 0.367477 0.426967
80 0.393919 0.0219447 0.371974 0.415864
81 0.391487 0.0274769 0.36401 0.418964
82 0.427762 0.18752 0.240242 0.615282
83 0.394505 0.0197682 0.374736 0.414273
84 0.388574 0.0133404 0.375233 0.401914
85 0.401636 0.0370835 0.364553 0.43872
86 0.396832 0.0257806 0.371051 0.422612
87 0.395345 0.0216121 0.373733 0.416958
88 0.390436 0.0193335 0.371102 0.409769
89 0.397462 0.0386162 0.358846 0.436079
90 0.392358 0.0222816 0.370076 0.414639
91 0.388574 0.0179509 0.370623 0.406525
92 0.387403 0.0153908 0.372012 0.402794
93 0.394084 0.0165841 0.3775 0.410668
94 0.383964 0.0123185 0.371646 0.396283
95 0.392042 0.0196212 0.372421 0.411663
96 0.397477 0.0132033 0.384274 0.410681
97 0.387718 0.0132513 0.374467 0.400969
98 0.399564 0.0355712 0.363993 0.435136
99 0.390075 0.0177015 0.372374 0.407777
100 0.438482 0.173195 0.265287 0.611677
101 0.393228 0.0172373 0.375991 0.410466
102 0.379565 0.0128069 0.366758 0.392372
103 0.391186 0.0235452 0.367641 0.414732
104 0.386967 0.016621 0.370346 0.403588
105 0.386157 0.0229228 0.363234 0.409079
106 0.392643 0.0311185 0.361524 0.423761
107 0.385766 0.0120798 0.373686 0.397846
108 0.395586 0.0301739 0.365412 0.42576
109 0.389069 0.0221525 0.366917 0.411222
110 0.382943 0.0121373 0.370806 0.395081
111 0.383454 0.0122709 0.371183 0.395725
112 0.392688 0.0243718 0.368316 0.41706
113 0.387898 0.0166016 0.371297 0.4045
114 0.383889 0.0142438 0.369646 0.398133
115 0.389265 0.0182377 0.371027 0.407502
116 0.376893 0.0123677 0.364525 0.38926
117 0.37464 0.0181903 0.35645 0.392831
118 0.378995 0.0136952 0.365299 0.39269
119 0.380241 0.0137344 0.366507 0.393975
120 0.385751 0.0292785 0.356473 0.41503
121 0.386442 0.0207517 0.36569 0.407193
122 0.392057 0.0156964 0.376361 0.407754
123 0.375827 0.0138825 0.361944 0.389709
124 0.38473 0.0303579 0.354372 0.415088
125 0.376172 0.0197498 0.356422 0.395922
126 0.37392 0.0150017 0.358918 0.388921
127 0.373559 0.0175444 0.356015 0.391104
128 0.39021 0.0214719 0.368739 0.411682
129 0.371923 0.0133706 0.358552 0.385293
130 0.391171 0.0273608 0.363811 0.418532
131 0.377493 0.0115558 0.365937 0.389049
132 0.387778 0.0313554 0.356423 0.419134
133 0.384475 0.0140538 0.370421 0.398529
134 0.385436 0.0212063 0.36423 0.406642
135 0.375842 0.0144134 0.361428 0.390255
136 0.379235 0.0162683 0.362967 0.395503
137 0.385391 0.0184365 0.366954 0.403827
138 0.38461 0.0235331 0.361077 0.408143
139 0.397913 0.0581959 0.339717 0.456109
140 0.374445 0.0134674 0.360978 0.387913
141 0.378109 0.0157448 0.362364 0.393854
142 0.382103 0.0267792 0.355323 0.408882
143 0.389415 0.0278901 0.361525 0.417305
144 0.380481 0.0203656 0.360116 0.400847
145 0.398003 0.0314923 0.366511 0.429495
146 0.376998 0.0148452 0.362153 0.391843
147 0.382808 0.016557 0.366251 0.399365
148 0.372704 0.015414 0.35729 0.388118
149 0.37446 0.0211762 0.353284 0.395637
150 0.381112 0.026378 0.354734 0.40749
151 0.376577 0.019212 0.357365 0.395789
152 0.371833 0.0149032 0.35693 0.386736
153 0.375767 0.0173717 0.358395 0.393138
154 0.373364 0.0148357 0.358529 0.3882
155 0.375616 0.0122731 0.363343 0.387889
156 0.384505 0.0318826 0.352622 0.416388
157 0.377253 0.0210734 0.35618 0.398326
158 0.371412 0.0138447 0.357568 0.385257
159 0.374866 0.0124478 0.362418 0.387313
160 0.382493 0.0111806 0.371312 0.393674
161 0.379595 0.0164721 0.363123 0.396067
162 0.382148 0.0239725 0.358175 0.40612
163 0.390105 0.0253747 0.364731 0.41548
164 0.384235 0.0280217 0.356213 0.412256
165 0.380031 0.0231071 0.356924 0.403138
166 0.386982 0.0200295 0.366953 0.407012
167 0.384295 0.0147661 0.369529 0.399061
168 0.381577 0.0178633 0.363714 0.39944
169 0.373589 0.0136521 0.359937 0.387242
170 0.378769 0.0237259 0.355044 0.402495
171 0.378694 0.0178678 0.360827 0.396562
172 0.378034 0.0272014 0.350832 0.405235
173 0.371187 0.0121277 0.359059 0.383315
174 0.372854 0.0134187 0.359435 0.386272
175 0.372283 0.0226699 0.349613 0.394953
176 0.367989 0.0169738 0.351015 0.384963
177 0.363755 0.0164752 0.34728 0.38023
178 0.370677 0.0194712 0.351205 0.390148
179 0.366277 0.0138008 0.352477 0.380078
180 0.367434 0.0216098 0.345824 0.389043
181 0.369175 0.0260611 0.343114 0.395236
182 0.367373 0.0199072 0.347466 0.387281
183 0.378019 0.039746 0.338273 0.417765
184 0.363064 0.019931 0.343133 0.382995
185 0.367779 0.0188516 0.348927 0.38663
186 0.359896 0.0118774 0.348019 0.371774
187 0.367764 0.0272496 0.340514 0.395014
188 0.370106 0.0220383 0.348068 0.392144
189 0.373574 0.0246448 0.34893 0.398219
190 0.366578 0.0164935 0.350084 0.383071
191 0.369746 0.0219846 0.347761 0.39173
192 0.37889 0.0303874 0.348502 0.409277
193 0.360422 0.0118832 0.348539 0.372305
194 0.37452 0.02057 0.35395 0.39509
195 0.37976 0.0226266 0.357134 0.402387
196 0.370481 0.0163956 0.354086 0.386877
197 0.377013 0.0223578 0.354655 0.399371
198 0.377884 0.0176664 0.360217 0.39555
199 0.371097 0.014521 0.356576 0.385618
200 0.39506 0.0286719 0.366388 0.423732
201 0.388093 0.0285281 0.359565 0.416622
202 0.380541 0.0117239 0.368817 0.392265
203 0.390256 0.0312197 0.359036 0.421475
204 0.381412 0.012165 0.369247 0.393577
205 0.392343 0.0208119 0.371531 0.413154
206 0.383739 0.0178377 0.365901 0.401577
207 0.388229 0.0166906 0.371538 0.404919
208 0.384385 0.0155848 0.3688 0.39997
209 0.380196 0.0171882 0.363008 0.397384
210 0.382763 0.0182605 0.364503 0.401024
211 0.378799 0.0126587 0.366141 0.391458
212 0.396426 0.0467009 0.349726 0.443127
213 0.380511 0.0178189 0.362692 0.39833
214 0.38416 0.0207919 0.363368 0.404952
215 0.371322 0.0114545 0.359868 0.382777
216 0.384085 0.0137798 0.370305 0.397864
217 0.377718 0.0122315 0.365487 0.38995
218 0.383199 0.0170555 0.366143 0.400254
219 0.381232 0.0219738 0.359258 0.403206
220 0.3844 0.0191159 0.365284 0.403516
221 0.383559 0.0180893 0.36547 0.401648
222 0.37886 0.0164692 0.36239 0.395329
223 0.379115 0.0136786 0.365436 0.392793
224 0.397402 0.0187207 0.378682 0.416123
225 0.396321 0.0398782 0.356443 0.4362
226 0.388844 0.0228926 0.365952 0.411737
227 0.383484 0.0177736 0.36571 0.401258
228 0.380406 0.0158846 0.364521 0.396291
229 0.37976 0.0196094 0.360151 0.39937
230 0.383844 0.0228474 0.360997 0.406692
231 0.457851 0.233768 0.224082 0.691619
232 0.380031 0.0124413 0.367589 0.392472
233 0.382133 0.0228459 0.359287 0.404979
234 0.374941 0.00961084 0.36533 0.384552
235 0.385106 0.0199482 0.365157 0.405054
236 0.389625 0.0274492 0.362176 0.417074
237 0.382928 0.0206889 0.36224 0.403617
238 0.388574 0.022695 0.365879 0.411269
239 0.394129 0.033726 0.360403 0.427855
240 0.385421 0.0206225 0.364798 0.406043
241 0.39488 0.0290767 0.365803 0.423957
242 0.387613 0.0196058 0.368007 0.407219
243 0.392027 0.0267336 0.365294 0.418761
244 0.380751 0.0186889 0.362063 0.39944
245 0.382388 0.024582 0.357806 0.40697
246 0.367464 0.00954952 0.357914 0.377013
247 0.37419 0.0126067 0.361583 0.386797
248 0.375181 0.0179364 0.357245 0.393117
249 0.38446 0.0259619 0.358498 0.410422
250 0.382928 0.0260059 0.356923 0.408934
251 0.37365 0.0175409 0.356109 0.39119
252 0.38503 0.0479471 0.337083 0.432978
253 0.360947 0.0118121 0.349135 0.372759
254 0.360437 0.0118293 0.348608 0.372266
255 0.359326 0.0123876 0.346938 0.371713
256 0.417462 0.196156 0.221305 0.613618
257 0.364896 0.0134546 0.351442 0.378351
258 0.382133 0.0231175 0.359015 0.40525
259 0.379565 0.025869 0.353696 0.405434
260 0.37964 0.0241007 0.35554 0.403741
261 0.375586 0.0304304 0.345156 0.406017
262 0.381262 0.0196324 0.361629 0.400894
263 0.373304 0.0285397 0.344765 0.401844
264 0.372583 0.016806 0.355778 0.389389
265 0.370677 0.0203192 0.350357 0.390996
266 0.376517 0.0267193 0.349798 0.403237
267 0.368935 0.016057 0.352878 0.384992
268 0.366923 0.020925 0.345998 0.387848
269 0.372223 0.0284205 0.343803 0.400644
270 0.369731 0.0329881 0.336743 0.402719
271 0.364476 0.0160801 0.348396 0.380556
272 0.368289 0.0159731 0.352316 0.384263
273 0.370001 0.0287117 0.341289 0.398713
274 0.363785 0.0134938 0.350291 0.377279
275 0.382223 0.0635616 0.318661 0.445784
276 0.367644 0.0110244 0.356619 0.378668
277 0.373785 0.0172738 0.356511 0.391058
278 0.366217 0.0155874 0.35063 0.381805
279 0.365677 0.0207236 0.344953 0.3864
280 0.370962 0.0188662 0.352096 0.389828
281 0.369265 0.0184176 0.350848 0.387683
282 0.374821 0.0123486 0.362472 0.387169
283 0.369581 0.0150108 0.35457 0.384591
284 0.376983 0.0165441 0.360439 0.393527
285 0.374325 0.02016 0.354165 0.394485
286 0.381487 0.0208733 0.360614 0.40236
287 0.386262 0.028201 0.358061 0.414463
288 0.391727 0.0292418 0.362485 0.420969
289 0.382703 0.0191697 0.363533 0.401873
290 0.382778 0.0209073 0.361871 0.403686
291 0.389189 0.0219853 0.367204 0.411175
292 0.380286 0.011579 0.368707 0.391865
293 0.37916 0.0122293 0.366931 0.391389
294 0.377208 0.0135108 0.363697 0.390719
295 0.383049 0.0233474 0.359701 0.406396
296 0.382103 0.0119156 0.370187 0.394018
297 0.375556 0.016897 0.358659 0.392453
298 0.382328 0.0266393 0.355689 0.408967
299 0.378109 0.0149806 0.363128 0.393089
300 0.383544 0.0192639 0.36428 0.402808
301 0.379775 0.0177395 0.362036 0.397515
302 0.381427 0.0244712 0.356956 0.405898
303 0.374866 0.025787 0.349079 0.400653
304 0.375211 0.019173 0.356038 0.394384
305 0.372719 0.0164114 0.356307 0.38913
306 0.383289 0.0341721 0.349117 0.417461
307 0.377043 0.0248498 0.352193 0.401893
308 0.373379 0.0152709 0.358108 0.38865
309 0.384595 0.0331224 0.351473 0.417717
310 0.379866 0.0194452 0.36042 0.399311
311 0.364941 0.0126948 0.352246 0.377636
312 0.377688 0.0239976 0.353691 0.401686
313 0.378379 0.0298646 0.348515 0.408244
314 0.374535 0.0193869 0.355149 0.393922
315 0.369536 0.0160632 0.353472 0.385599
316 0.372358 0.0195545 0.352804 0.391913
317 0.372493 0.0139989 0.358495 0.386492
318 0.366458 0.0119277 0.35453 0.378385
319 0.377673 0.0198979 0.357776 0.397571
320 0.380031 0.0100847 0.369946 0.390115
321 0.376082 0.012944 0.363138 0.389026
322 0.36943 0.0162517 0.353179 0.385682
323 0.384445 0.0289258 0.355519 0.413371
324 0.380781 0.0134945 0.367287 0.394276
325 0.381757 0.01789 0.363867 0.399647
326 0.385376 0.0192907 0.366085 0.404666
327 0.390886 0.0169946 0.373891 0.407881
328 0.387463 0.0180646 0.369398 0.405527
329 0.390075 0.0118041 0.378271 0.401879
330 0.394249 0.0264779 0.367771 0.420727
331 0.388784 0.0205258 0.368258 0.40931
332 0.399234 0.036146 0.363088 0.43538
333 0.39473 0.0158094 0.37892 0.410539
334 0.394129 0.0259972 0.368132 0.420126
335 0.393634 0.0186257 0.375008 0.412259
336 0.386862 0.0118958 0.374966 0.398758
337 0.385121 0.0115607 0.37356 0.396681
338 0.388694 0.0139863 0.374708 0.40268
339 0.387208 0.0196517 0.367556 0.406859
340 0.407867 0.0745536 0.333314 0.482421
341 0.385871 0.0123115 0.37356 0.398183
342 0.388138 0.0189002 0.369238 0.407039
343 0.391517 0.0276526 0.363864 0.419169
344 0.397703 0.0355406 0.362162 0.433243
345 0.389715 0.0235329 0.366182 0.413248
346 0.39476 0.0178886 0.376871 0.412648
347 0.388694 0.0177571 0.370937 0.406451
348 0.385946 0.0199456 0.366001 0.405892
349 0.384655 0.015111 0.369544 0.399766
350 0.408153 0.0558992 0.352254 0.464052
351 0.389024 0.0172656 0.371759 0.40629
352 0.396697 0.0152721 0.381425 0.411969
353 0.391397 0.0184756 0.372921 0.409872
354 0.393964 0.0105787 0.383385 0.404543
355 0.393153 0.015432 0.377721 0.408585
356 0.399399 0.0338536 0.365546 0.433253
357 0.389295 0.0211429 0.368152 0.410437
358 0.384025 0.0132005 0.370824 0.397225
359 0.386802 0.021964 0.364838 0.408766
360 0.38958 0.0228022 0.366778 0.412382
361 0.397192 0.0357913 0.361401 0.432983
362 0.391892 0.0175979 0.374294 0.40949
363 0.38461 0.0133203 0.37129 0.39793
364 0.393589 0.0247821 0.368807 0.418371
365 0.393333 0.0122694 0.381064 0.405603
366 0.395496 0.0233221 0.372173 0.418818
367 0.393649 0.0210575 0.372591 0.414706
368 0.386487 0.0129217 0.373565 0.399409
369 0.383649 0.0150245 0.368625 0.398674
370 0.388529 0.0112656 0.377263 0.399794
371 0.378724 0.0164493 0.362275 0.395174
372 0.377718 0.0181731 0.359545 0.395892
373 0.376923 0.0152831 0.36164 0.392206
374 0.378349 0.0234321 0.354917 0.401781
375 0.378319 0.0159561 0.362363 0.394275
376 0.377253 0.0206746 0.356578 0.397928
377 0.382448 0.0232813 0.359167 0.405729
378 0.371292 0.0222535 0.349039 0.393546
379 0.37883 0.0173344 0.361495 0.396164
380 0.372073 0.0143189 0.357754 0.386392
381 0.372929 0.0140193 0.35891 0.386948
382 0.376502 0.0251209 0.351381 0.401623
383 0.385196 0.0321522 0.353043 0.417348
384 0.379505 0.0114955 0.36801 0.391001
385 0.377839 0.0135516 0.364287 0.39139
386 0.380886 0.0177867 0.3631 0.398673
387 0.38925 0.042895 0.346355 0.432145
388 0.376427 0.0126665 0.363761 0.389094
389 0.380691 0.0191159 0.361575 0.399807
390 0.382163 0.0186613 0.363501 0.400824
391 0.381367 0.0207938 0.360573 0.402161
392 0.375376 0.0180612 0.357315 0.393437
393 0.379866 0.0242577 0.355608 0.404123
394 0.372704 0.0107934 0.36191 0.383497
395 0.377118 0.0180452 0.359073 0.395163
396 0.378784 0.0202312 0.358553 0.399016
397 0.385091 0.0485653 0.336525 0.433656
398 0.376337 0.0184322 0.357905 0.394769
399 0.37377 0.0152868 0.358483 0.389056
400 0.371232 0.014972 0.35626 0.386204
401 0.384565 0.0293741 0.355191 0.413939
402 0.370286 0.0129587 0.357328 0.383245
403 0.367764 0.0127801 0.354984 0.380544
404 0.370481 0.0147792 0.355702 0.385261
405 0.381652 0.0274748 0.354177 0.409127
406 0.37386 0.0268984 0.346961 0.400758
407 0.380511 0.0256142 0.354897 0.406125
408 0.363079 0.011752 0.351327 0.374831
409 0.374115 0.0119428 0.362172 0.386058
410 0.378244 0.0137096 0.364534 0.391954
411 0.384355 0.0254179 0.358937 0.409773
412 0.386982 0.0380304 0.348952 0.425013
413 0.384565 0.0208841 0.363681 0.405449
414 0.382733 0.0153443 0.367389 0.398078
415 0.392297 0.0266684 0.365629 0.418966
416 0.387193 0.00987827 0.377314 0.397071
417 0.398919 0.028986 0.369933 0.427905
418 0.381052 0.0188639 0.362188 0.399916
419 0.394189 0.0219542 0.372235 0.416143
420 0.411696 0.0536305 0.358066 0.465327
421 0.398258 0.0426301 0.355628 0.440888
422 0.380541 0.0178847 0.362656 0.398426
423 0.388108 0.0209961 0.367112 0.409105
424 0.386937 0.0175684 0.369369 0.404506
425 0.392072 0.0336462 0.358426 0.425718
426 0.392703 0.0212712 0.371432 0.413974
427 0.384385 0.0178361 0.366549 0.402221
428 0.3791 0.0125273 0.366572 0.391627
429 0.37979 0.0198527 0.359938 0.399643
430 0.37973 0.0286241 0.351106 0.408354
431 0.378574 0.0309797 0.347595 0.409554
432 0.3797 0.0283651 0.351335 0.408065
433 0.370181 0.0120718 0.358109 0.382253
434 0.38431 0.0317546 0.352555 0.416064
435 0.376637 0.0207536 0.355884 0.397391
436 0.380571 0.0196221 0.360949 0.400193
437 0.376848 0.036452 0.340396 0.4133
438 0.386502 0.0254269 0.361075 0.411929
439 0.386877 0.0594602 0.327417 0.446337
440 0.378724 0.01907 0.359654 0.397794
441 0.370316 0.0149749 0.355341 0.385291
442 0.385766 0.0237396 0.362027 0.409506
443 0.371908 0.0125851 0.359323 0.384493
444 0.376727 0.0240793 0.352648 0.400807
445 0.37368 0.0150915 0.358588 0.388771
446 0.375061 0.0217866 0.353274 0.396847
447 0.371502 0.0177077 0.353795 0.38921
448 0.377298 0.0146919 0.362606 0.39199
449 0.393394 0.055071 0.338323 0.448465
450 0.374025 0.014773 0.359252 0.388798
451 0.391066 0.021963 0.369103 0.413029
452 0.385 0.0284648 0.356536 0.413465
453 0.38946 0.0382921 0.351168 0.427752
454 0.372193 0.0104609 0.361732 0.382654
455 0.392207 0.0148255 0.377382 0.407033
456 0.387748 0.00981255 0.377936 0.397561
457 0.393784 0.0156819 0.378102 0.409466
458 0.390736 0.01575 0.374986 0.406486
459 0.397763 0.0271519 0.370611 0.424915
460 0.393138 0.0177863 0.375352 0.410925
461 0.393454 0.0171725 0.376281 0.410626
462 0.389024 0.0151569 0.373867 0.404181
463 0.386382 0.0163722 0.37001 0.402754
464 0.396742 0.0300735 0.366668 0.426815
465 0.391006 0.0125037 0.378503 0.40351
466 0.38952 0.0108654 0.378654 0.400385
467 0.396907 0.0216793 0.375228 0.418586
468 0.385045 0.0157824 0.369263 0.400828
469 0.387688 0.010132 0.377556 0.39782
470 0.39482 0.0269377 0.367882 0.421758
471 0.384115 0.0179007 0.366214 0.402015
472 0.396937 0.0272599 0.369677 0.424197
473 0.387238 0.0142023 0.373035 0.40144
474 0.388919 0.0179407 0.370979 0.40686
475 0.396411 0.0369609 0.359451 0.433372
476 0.387718 0.0143688 0.373349 0.402087
477 0.382538 0.0123048 0.370233 0.394843
478 0.396471 0.0184506 0.378021 0.414922
479 0.390991 0.0189412 0.37205 0.409932
480 0.397072 0.0178105 0.379262 0.414883
481 0.397823 0.0240296 0.373793 0.421852
482 0.399504 0.0269447 0.37256 0.426449
483 0.393454 0.0211911 0.372262 0.414645
484 0.391802 0.0153053 0.376497 0.407107
485 0.387553 0.0151169 0.372436 0.40267
486 0.394279 0.0282537 0.366026 0.422533
487 0.395616 0.0219572 0.373659 0.417573
488 0.385045 0.0156219 0.369424 0.400667
489 0.391727 0.0238501 0.367877 0.415577
490 0.394775 0.0182486 0.376526 0.413023
491 0.408768 0.0506334 0.358135 0.459402
492 0.391352 0.0284229 0.362929 0.419774
493 0.401081 0.0394888 0.361592 0.44057
494 0.391787 0.0192164 0.372571 0.411003
495 0.398799 0.0459016 0.352897 0.4447
496 0.385466 0.0203299 0.365136 0.405796
497 0.381712 0.0132029 0.368509 0.394915
498 0.386472 0.0282541 0.358218 0.414726
499 0.376878 0.0211149 0.355763 0.397993
500 0.381532 0.0191408 0.362391 0.400673
501 0.374205 0.0109896 0.363215 0.385195
502 0.380826 0.0307706 0.350056 0.411597
503 0.374911 0.0120802 0.362831 0.386991
504 0.37976 0.0249389 0.354822 0.404699
505 0.379235 0.0235661 0.355669 0.402801
506 0.373995 0.0144606 0.359534 0.388455
507 0.381022 0.0192169 0.361805 0.400239
508 0.382688 0.0223679 0.36032 0.405056
509 0.375646 0.0176424 0.358004 0.393289
510 0.374716 0.0217452 0.35297 0.396461
511 0.371097 0.0197753 0.351322 0.390872
512 0.389159 0.0285323 0.360627 0.417692
513 0.383964 0.0154002 0.368564 0.399365
514 0.385136 0.0188682 0.366267 0.404004
515 0.395961 0.056133 0.339828 0.452094
516 0.382238 0.0275673 0.354671 0.409805
517 0.386637 0.02885 0.357787 0.415487
518 0.377959 0.0333314 0.344627 0.41129
519 0.373169 0.0199275 0.353242 0.393097
520 0.36844 0.0120159 0.356424 0.380455
521 0.377944 0.0107235 0.36722 0.388667
522 0.380932 0.0312072 0.349724 0.412139
523 0.371337 0.0139647 0.357373 0.385302
524 0.376472 0.0242092 0.352263 0.400681
525 0.373604 0.0170841 0.35652 0.390689
526 0.370301 0.0115934 0.358708 0.381895
527 0.373124 0.0206845 0.352439 0.393809
528 0.371608 0.0160312 0.355576 0.387639
529 0.376863 0.0221093 0.354753 0.398972
530 0.375181 0.0218627 0.353318 0.397044
531 0.377598 0.0319729 0.345625 0.409571
532 0.373334 0.0153931 0.357941 0.388727
533 0.373184 0.0165763 0.356608 0.38976
534 0.368545 0.013778 0.354767 0.382323
535 0.374836 0.0164527 0.358383 0.391288
536 0.376052 0.018397 0.357655 0.394449
537 0.380811 0.017192 0.363619 0.398003
538 0.376983 0.0143566 0.362626 0.391339
539 0.377553 0.0226082 0.354945 0.400161
540 0.383544 0.019211 0.364333 0.402755
541 0.385706 0.0178674 0.367839 0.403574
542 0.382989 0.0277019 0.355287 0.41069
543 0.4 0.0347869 0.365213 0.434787
544 0.397117 0.0195936 0.377524 0.416711
545 0.382733 0.0148949 0.367838 0.397628
546 0.379655 0.0156606 0.363995 0.395316
547 0.396817 0.0420597 0.354757 0.438877
548 0.380826 0.0187229 0.362104 0.399549
549 0.393303 0.0256935 0.36761 0.418997
550 0.394249 0.0245492 0.3697 0.418799
551 0.38928 0.0171802 0.372099 0.40646
552 0.383844 0.0148574 0.368987 0.398702
553 0.396066 0.0426931 0.353373 0.438759
554 0.387703 0.0275735 0.36013 0.415277
555 0.383049 0.015756 0.367293 0.398805
556 0.376112 0.0177617 0.35835 0.393874
557 0.374791 0.0206191 0.354171 0.39541
558 0.387958 0.023824 0.364134 0.411782
559 0.377358 0.0217593 0.355599 0.399117
560 0.37916 0.0220481 0.357112 0.401208
561 0.366683 0.00935481 0.357328 0.376038
562 0.376938 0.0249532 0.351984 0.401891
563 0.366683 0.0137577 0.352925 0.38044
564 0.397628 0.0818235 0.315804 0.479451
565 0.375196 0.0350827 0.340113 0.410279
566 0.371998 0.0157406 0.356257 0.387739
567 0.37446 0.017381 0.357079 0.391841
568 0.370271 0.0156503 0.354621 0.385922
569 0.383874 0.0375364 0.346338 0.421411
570 0.376758 0.0264608 0.350297 0.403218
571 0.371067 0.0198409 0.351226 0.390908
572 0.376187 0.018565 0.357622 0.394752
573 0.375932 0.0145929 0.361339 0.390525
574 0.367869 0.0156123 0.352257 0.383481
575 0.369956 0.0195668 0.350389 0.389523
576 0.377418 0.00949468 0.367923 0.386913
577 0.36847 0.01608 0.35239 0.38455
578 0.381367 0.0210211 0.360346 0.402388
579 0.384505 0.0190305 0.365474 0.403535
580 0.3741 0.0173965 0.356704 0.391496
581 0.370076 0.00971814 0.360358 0.379794
582 0.393273 0.0180399 0.375233 0.411313
583 0.390346 0.0173836 0.372962 0.407729
584 0.387223 0.0169139 0.370309 0.404136
585 0.398078 0.0427451 0.355333 0.440823
586 0.39524 0.0236481 0.371592 0.418888
587 0.413543 0.092604 0.320939 0.506147
588 0.386562 0.0122862 0.374276 0.398848
589 0.387688 0.0184431 0.369245 0.406131
590 0.400736 0.020848 0.379888 0.421584
591 0.387208 0.0121854 0.375022 0.399393
592 0.38991 0.0196173 0.370293 0.409527
593 0.402372 0.0495287 0.352843 0.451901
594 0.386562 0.012485 0.374077 0.399047
595 0.382823 0.0132384 0.369585 0.396062
596 0.391337 0.0206663 0.37067 0.412003
597 0.428152 0.166099 0.262053 0.594251
598 0.381877 0.0161189 0.365759 0.397996
599 0.390105 0.0500569 0.340048 0.440162
600 0.37952 0.018983 0.360537 0.398503
601 0.376262 0.0127211 0.363541 0.388983
602 0.385766 0.0171213 0.368645 0.402887
603 0.38464 0.02251 0.36213 0.40715
604 0.380616 0.0172041 0.363412 0.39782
605 0.389775 0.0257108 0.364064 0.415486
606 0.380691 0.0149925 0.365699 0.395684
607 0.389009 0.0207574 0.368252 0.409767
608 0.393078 0.0122921 0.380786 0.40537
609 0.381217 0.0196483 0.361569 0.400865
610 0.384475 0.0204599 0.364015 0.404935
611 0.387148 0.0205964 0.366551 0.407744
612 0.387208 0.0211258 0.366082 0.408333
613 0.386277 0.0146793 0.371597 0.400956
614 0.381577 0.013556 0.368021 0.395133
615 0.378694 0.0171164 0.361578 0.395811
616 0.386172 0.0182996 0.367872 0.404471
617 0.385226 0.022807 0.362419 0.408033
618 0.378589 0.0119713 0.366618 0.390561
619 0.383079 0.0150986 0.36798 0.398177
620 0.387688 0.0182813 0.369407 0.405969
621 0.380211 0.0190382 0.361173 0.399249
622 0.386637 0.0318607 0.354776 0.418498
623 0.379235 0.0142686 0.364966 0.393503
624 0.394009 0.0215757 0.372433 0.415585
625 0.377824 0.0138841 0.363939 0.391708
626 0.375917 0.0137187 0.362198 0.389635
627 0.367118 0.0149553 0.352163 0.382074
628 0.375316 0.0224628 0.352853 0.397779
629 0.372103 0.011774 0.360329 0.383877
630 0.375857 0.0314617 0.344395 0.407318
631 0.368214 0.0116749 0.356539 0.379889
632 0.370451 0.0129467 0.357505 0.383398
633 0.37916 0.0197553 0.359404 0.398915
634 0.380706 0.0245574 0.356149 0.405264
635 0.372013 0.0228552 0.349158 0.394868
636 0.368485 0.0229195 0.345565 0.391404
637 0.36862 0.0180816 0.350538 0.386701
638 0.366548 0.017 0.349548 0.383548
639 0.364326 0.0138468 0.350479 0.378172
640 0.386757 0.0196987 0.367058 0.406456
641 0.37422 0.0245449 0.349675 0.398765
642 0.375361 0.0228916 0.35247 0.398253
643 0.37374 0.0154681 0.358272 0.389208
644 0.375511 0.02195 0.353561 0.397461
645 0.376502 0.0194463 0.357056 0.395949
646 0.376487 0.0306793 0.345808 0.407167
647 0.374325 0.0189464 0.355379 0.393272
648 0.372418 0.0158314 0.356587 0.38825
649 0.373995 0.0223633 0.351632 0.396358
650 0.372268 0.0143216 0.357947 0.38659
651 0.372298 0.0209156 0.351383 0.393214
652 0.366172 0.0159945 0.350178 0.382167
653 0.37455 0.0194992 0.355051 0.39405
654 0.369896 0.0183588 0.351537 0.388255
655 0.371187 0.033464 0.337723 0.404651
656 0.375767 0.0238103 0.351956 0.399577
657 0.36419 0.0112773 0.352913 0.375468
658 0.364956 0.0140618 0.350894 0.379018
659 0.370451 0.0215797 0.348872 0.392031
660 0.367569 0.0138262 0.353743 0.381395
661 0.366488 0.0130529 0.353435 0.379541
662 0.365332 0.0150323 0.350299 0.380364
663 0.366307 0.00965665 0.356651 0.375964
664 0.381097 0.0344518 0.346645 0.415548
665 0.371097 0.0137454 0.357352 0.384843
666 0.374175 0.0219551 0.35222 0.39613
667 0.372448 0.0188231 0.353625 0.391272
668 0.370226 0.0137495 0.356477 0.383976
669 0.373034 0.0166122 0.356422 0.389646
670 0.368079 0.0120557 0.356023 0.380135
671 0.376923 0.0105181 0.366405 0.387441
672 0.382628 0.0142448 0.368383 0.396873
673 0.387418 0.0331199 0.354298 0.420538
674 0.381277 0.0149024 0.366375 0.396179
675 0.393469 0.0262443 0.367224 0.419713
676 0.379145 0.0177725 0.361372 0.396917
677 0.375872 0.0120999 0.363772 0.387972
678 0.389189 0.0440121 0.345177 0.433202
679 0.374265 0.0184281 0.355837 0.392693
680 0.36886 0.00891017 0.35995 0.37777
681 0.378469 0.0183268 0.360142 0.396796
682 0.384925 0.014798 0.370127 0.399723
683 0.380586 0.0209029 0.359683 0.401489
684 0.376397 0.0223566 0.354041 0.398754
685 0.374325 0.0297816 0.344544 0.404107
686 0.369656 0.0149256 0.35473 0.384581
687 0.368785 0.0271121 0.341673 0.395897
688 0.367824 0.0187641 0.34906 0.386588
689 0.376127 0.0245311 0.351596 0.400658
690 0.369731 0.0141922 0.355539 0.383923
691 0.366488 0.0162319 0.350256 0.382719
692 0.368455 0.0180151 0.350439 0.38647
693 0.375256 0.046607 0.328649 0.421863
694 0.374415 0.0348784 0.339537 0.409294
695 0.37419 0.0413743 0.332816 0.415564
696 0.373529 0.0318208 0.341709 0.40535
697 0.36928 0.020857 0.348423 0.390137
698 0.377223 0.0398913 0.337332 0.417114
699 0.368965 0.0263487 0.342616 0.395314
700 0.372208 0.0278647 0.344343 0.400073
701 0.36931 0.0130894 0.356221 0.3824
702 0.369566 0.0141834 0.355382 0.383749
703 0.368079 0.0202117 0.347867 0.388291
704 0.374941 0.0171799 0.357761 0.392121
705 0.381998 0.0186331 0.363364 0.400631
706 0.392403 0.0363847 0.356018 0.428787
707 0.387913 0.0183281 0.369585 0.406241
708 0.38485 0.0291286 0.355722 0.413979
709 0.376983 0.0138681 0.363115 0.390851
710 0.39006 0.0270179 0.363042 0.417078
711 0.395841 0.0198467 0.375994 0.415688
712 0.393258 0.0207087 0.37255 0.413967
713 0.397042 0.0249624 0.37208 0.422004
714 0.385436 0.0100057 0.37543 0.395442
715 0.388439 0.0189193 0.369519 0.407358
716 0.384355 0.0175044 0.36685 0.401859
717 0.407897 0.0486455 0.359252 0.456543
718 0.388559 0.0123694 0.376189 0.400928
719 0.398018 0.0238009 0.374217 0.421819
720 0.38931 0.0142912 0.375018 0.403601
721 0.391246 0.0207325 0.370514 0.411979
722 0.39491 0.0233778 0.371532 0.418288
723 0.391712 0.0262628 0.365449 0.417975
724 0.404144 0.0429768 0.361167 0.447121
725 0.384295 0.0123615 0.371933 0.396656
726 0.386787 0.0194031 0.367384 0.40619
727 0.397703 0.0266956 0.371007 0.424398
728 0.387973 0.0137534 0.37422 0.401727
729 0.393874 0.0229129 0.370961 0.416787
730 0.391382 0.0307217 0.36066 0.422103
731 0.391592 0.0434747 0.348117 0.435066
732 0.387658 0.0162485 0.371409 0.403907
733 0.391502 0.0197589 0.371743 0.411261
734 0.392763 0.0203713 0.372392 0.413134
735 0.442461 0.232318 0.210143 0.674778
736 0.398333 0.0126559 0.385677 0.410989
737 0.38952 0.0195456 0.369974 0.409065
738 0.396697 0.0247436 0.371953 0.42144
739 0.388123 0.0246309 0.363493 0.412754
740 0.38976 0.0185119 0.371248 0.408272
741 0.390481 0.018844 0.371637 0.409325
742 0.385391 0.0123054 0.373085 0.397696
743 0.387538 0.0156313 0.371907 0.403169
744 0.384295 0.0104131 0.373882 0.394708
745 0.386982 0.0174907 0.369492 0.404473
746 0.390886 0.0174633 0.373423 0.408349
747 0.390736 0.0261777 0.364558 0.416914
748 0.385676 0.0211108 0.364565 0.406787
749 0.387793 0.0184631 0.36933 0.406256
750 0.381277 0.0139307 0.367346 0.395208
751 0.385916 0.0150649 0.370851 0.400981
752 0.392583 0.0205397 0.372043 0.413122
753 0.384085 0.0303536 0.353731 0.414438
754 0.378664 0.0131371 0.365527 0.391801
755 0.37401 0.0138242 0.360186 0.387834
756 0.377403 0.0138702 0.363533 0.391273
757 0.366217 0.0135122 0.352705 0.37973
758 0.370451 0.0215517 0.3489 0.392003
759 0.377974 0.0286736 0.3493 0.406647
760 0.37967 0.0225033 0.357167 0.402174
761 0.368154 0.0144379 0.353716 0.382592
762 0.373529 0.0190654 0.354464 0.392595
763 0.375271 0.0272994 0.347972 0.40257
764 0.36856 0.0143469 0.354213 0.382906
765 0.370226 0.019564 0.350662 0.38979
766 0.371022 0.0302076 0.340814 0.40123
767 0.371953 0.0192167 0.352736 0.39117
768 0.378514 0.0195364 0.358978 0.398051
769 0.377283 0.0219171 0.355366 0.3992
770 0.375271 0.0228617 0.352409 0.398133
771 0.383394 0.0263408 0.357053 0.409735
772 0.376172 0.0205526 0.355619 0.396725
773 0.372854 0.0151868 0.357667 0.388041
774 0.37461 0.0145615 0.360049 0.389172
775 0.371743 0.0161405 0.355602 0.387883
776 0.378784 0.0286282 0.350156 0.407413
777 0.37413 0.0141391 0.359991 0.388269
778 0.371352 0.0150733 0.356279 0.386426
779 0.369641 0.0177563 0.351884 0.387397
780 0.371833 0.0217397 0.350093 0.393573
781 0.378019 0.0218643 0.356154 0.399883
782 0.373935 0.0157844 0.35815 0.389719
783 0.370106 0.0131503 0.356956 0.383256
784 0.37389 0.0159337 0.357956 0.389823
785 0.367298 0.0110913 0.356207 0.37839
786 0.375616 0.0231488 0.352468 0.398765
787 0.374941 0.0227682 0.352173 0.397709
788 0.369581 0.0176423 0.351938 0.387223
789 0.376307 0.0182096 0.358098 0.394517
790 0.37955 0.0470803 0.33247 0.426631
791 0.369896 0.0107994 0.359097 0.380695
792 0.38404 0.0200016 0.364038 0.404041
793 0.372914 0.0109378 0.361976 0.383852
794 0.3844 0.0269929 0.357407 0.411393
795 0.372809 0.0159816 0.356827 0.38879
796 0.368184 0.0125515 0.355633 0.380736
797 0.372043 0.0138425 0.358201 0.385885
798 0.386667 0.0258838 0.360783 0.412551
799 0.374746 0.0110241 0.363721 0.38577
