# ../output/graphs/perf_parallel44QUADRUPED_thread4
# step - mean (0.170178) - standard deviation (0.0246478) r=20 - ylow - yhigh
0 0.173371 0.0331631 0.140208 0.206534
1 0.162188 0.0218552 0.140333 0.184043
2 0.158168 0.0251428 0.133025 0.183311
3 0.163599 0.0275359 0.136063 0.191135
4 0.162359 0.0266564 0.135703 0.189016
5 0.165481 0.0236673 0.141814 0.189148
6 0.166315 0.0238587 0.142456 0.190174
7 0.162658 0.0265461 0.136112 0.189205
8 0.162573 0.0264999 0.136073 0.189073
9 0.162765 0.0270646 0.135701 0.18983
10 0.166743 0.0241778 0.142565 0.19092
11 0.1664 0.0237053 0.142695 0.190106
12 0.162552 0.0260785 0.136473 0.18863
13 0.161482 0.0263372 0.135145 0.18782
14 0.16593 0.0242891 0.141641 0.190219
15 0.167042 0.0241276 0.142914 0.19117
16 0.169031 0.0195017 0.149529 0.188532
17 0.166122 0.0208209 0.145302 0.186943
18 0.163129 0.0265058 0.136623 0.189635
19 0.158916 0.0275671 0.131349 0.186484
20 0.158852 0.0289546 0.129898 0.187807
21 0.159558 0.0289529 0.130605 0.188511
22 0.162402 0.0263367 0.136065 0.188739
23 0.169116 0.0196053 0.149511 0.188721
24 0.168603 0.0203915 0.148211 0.188994
25 0.168539 0.0189277 0.149611 0.187466
26 0.168132 0.0201435 0.147989 0.188276
27 0.172345 0.0199971 0.152348 0.192342
28 0.175745 0.0143729 0.161372 0.190118
29 0.17598 0.0151649 0.160815 0.191145
30 0.174804 0.0139928 0.160811 0.188797
31 0.171276 0.0199887 0.151287 0.191264
32 0.170506 0.0246813 0.145825 0.195187
33 0.169736 0.0262341 0.143502 0.19597
34 0.178161 0.0157179 0.162443 0.193879
35 0.177263 0.015624 0.161639 0.192887
36 0.177947 0.0136421 0.164305 0.191589
37 0.174847 0.0206395 0.154207 0.195486
38 0.174697 0.0209636 0.153733 0.195661
39 0.175338 0.0200834 0.155255 0.195422
40 0.170827 0.0240973 0.146729 0.194924
41 0.170912 0.0233667 0.147546 0.194279
42 0.17057 0.0244079 0.146162 0.194978
43 0.170078 0.0240166 0.146062 0.194095
44 0.172623 0.0206528 0.15197 0.193276
45 0.174205 0.0199639 0.154241 0.194169
46 0.16871 0.0229601 0.14575 0.19167
47 0.166507 0.0234857 0.143022 0.189993
48 0.167598 0.0263426 0.141255 0.19394
49 0.160242 0.0272524 0.13299 0.187495
50 0.162936 0.0270297 0.135907 0.189966
51 0.166336 0.0232958 0.143041 0.189632
52 0.169522 0.0188228 0.150699 0.188345
53 0.168817 0.018989 0.149828 0.187806
54 0.162487 0.0256295 0.136858 0.188117
55 0.153656 0.0306217 0.123035 0.184278
56 0.150492 0.0311437 0.119348 0.181635
57 0.14861 0.0319328 0.116677 0.180543
58 0.157976 0.0276373 0.130338 0.185613
59 0.164219 0.0230739 0.141145 0.187293
60 0.171618 0.0137231 0.157895 0.185341
61 0.163492 0.0218912 0.141601 0.185384
62 0.157441 0.0268359 0.130605 0.184277
63 0.154554 0.0293695 0.125185 0.183924
64 0.160627 0.028808 0.131819 0.189435
65 0.158938 0.0275203 0.131418 0.186458
66 0.156137 0.0280624 0.128074 0.184199
67 0.158296 0.0288511 0.129445 0.187147
68 0.158083 0.0305461 0.127536 0.188629
69 0.163877 0.0263296 0.137548 0.190207
70 0.17072 0.0207113 0.150008 0.191431
71 0.164583 0.026284 0.138299 0.190867
72 0.175039 0.0251427 0.149896 0.200182
73 0.179038 0.0214882 0.157549 0.200526
74 0.177519 0.0194321 0.158087 0.196952
75 0.178332 0.0204498 0.157882 0.198782
76 0.177434 0.0210604 0.156374 0.198494
77 0.174718 0.0244869 0.150231 0.199205
78 0.175039 0.0245595 0.15048 0.199599
79 0.168539 0.0303219 0.138217 0.198861
80 0.167619 0.0303793 0.13724 0.197999
81 0.170891 0.0276622 0.143229 0.198553
82 0.17784 0.0194314 0.158409 0.197272
83 0.178845 0.021045 0.1578 0.19989
84 0.177241 0.0212413 0.156 0.198483
85 0.174291 0.0243363 0.149954 0.198627
86 0.174462 0.024307 0.150155 0.198769
87 0.173435 0.0243431 0.149092 0.197778
88 0.17335 0.0248825 0.148467 0.198232
89 0.181304 0.0154148 0.165889 0.196719
90 0.180877 0.0142887 0.166588 0.195165
91 0.174547 0.0231891 0.151358 0.197736
92 0.173457 0.0249929 0.148464 0.19845
93 0.174248 0.0252814 0.148967 0.199529
94 0.170485 0.0275003 0.142984 0.197985
95 0.181689 0.0156847 0.166004 0.197374
96 0.176108 0.0243885 0.15172 0.200497
97 0.174184 0.0244288 0.149755 0.198613
98 0.174483 0.0252791 0.149204 0.199762
99 0.177156 0.0211691 0.155987 0.198325
100 0.178011 0.0205131 0.157498 0.198524
101 0.175253 0.0253515 0.149901 0.200604
102 0.166785 0.0284973 0.138288 0.195283
103 0.165417 0.0293854 0.136031 0.194802
104 0.170399 0.0286642 0.141735 0.199063
105 0.177712 0.0213568 0.156355 0.199069
106 0.18387 0.00144693 0.182423 0.185317
107 0.180385 0.013992 0.166393 0.194377
108 0.181197 0.0153837 0.165814 0.196581
109 0.173799 0.0236027 0.150196 0.197402
110 0.170057 0.0276155 0.142441 0.197672
111 0.169544 0.0269472 0.142597 0.196491
112 0.169693 0.0275944 0.142099 0.197288
113 0.176942 0.021254 0.155688 0.198196
114 0.180577 0.0153169 0.16526 0.195894
115 0.18015 0.0149782 0.165171 0.195128
116 0.171105 0.0228933 0.148211 0.193998
117 0.169822 0.0244366 0.145385 0.194258
118 0.174569 0.0209222 0.153647 0.195491
119 0.172837 0.0204758 0.152361 0.193312
120 0.176835 0.014444 0.162391 0.191279
121 0.176557 0.0151315 0.161426 0.191689
122 0.177776 0.0198752 0.157901 0.197651
123 0.173884 0.0205925 0.153292 0.194477
124 0.16454 0.0280578 0.136482 0.192598
125 0.159579 0.0306686 0.128911 0.190248
126 0.160093 0.0310921 0.129 0.191185
127 0.161568 0.0292303 0.132338 0.190798
128 0.172452 0.0198654 0.152586 0.192317
129 0.17474 0.014597 0.160143 0.189337
130 0.178311 0.0138242 0.164486 0.192135
131 0.177199 0.0149314 0.162267 0.19213
132 0.179807 0.0173548 0.162453 0.197162
133 0.171169 0.0233434 0.147825 0.194512
134 0.168603 0.0267101 0.141893 0.195313
135 0.1667 0.0274458 0.139254 0.194146
136 0.163642 0.0297069 0.133935 0.193349
137 0.166507 0.0267102 0.139797 0.193218
138 0.170271 0.0241109 0.14616 0.194382
139 0.168795 0.0237859 0.145009 0.192581
140 0.169202 0.0234506 0.145751 0.192652
141 0.173628 0.020719 0.152909 0.194347
142 0.173991 0.019765 0.154226 0.193756
143 0.172773 0.0194759 0.153297 0.192248
144 0.170271 0.0224383 0.147832 0.192709
145 0.169608 0.0244001 0.145208 0.194008
146 0.162552 0.0276451 0.134906 0.190197
147 0.162744 0.0281936 0.13455 0.190938
148 0.164198 0.0265757 0.137622 0.190774
149 0.163428 0.0263188 0.137109 0.189747
150 0.171575 0.0199553 0.15162 0.19153
151 0.167213 0.0237962 0.143417 0.191009
152 0.170485 0.0193998 0.151085 0.189884
153 0.169137 0.0262844 0.142853 0.195422
154 0.171896 0.0253143 0.146582 0.19721
155 0.167106 0.0293948 0.137711 0.196501
156 0.16655 0.0291604 0.13739 0.195711
157 0.167106 0.0302446 0.136862 0.197351
158 0.17211 0.0269404 0.145169 0.19905
159 0.173606 0.0228383 0.150768 0.196445
160 0.170869 0.0236062 0.147263 0.194476
161 0.171618 0.023881 0.147737 0.195499
162 0.170442 0.024644 0.145798 0.195086
163 0.172003 0.0253356 0.146667 0.197338
164 0.168154 0.0273764 0.140777 0.19553
165 0.164562 0.0289566 0.135605 0.193518
166 0.163813 0.030747 0.133066 0.19456
167 0.16407 0.0296714 0.134398 0.193741
168 0.164177 0.02933 0.134847 0.193507
169 0.167448 0.0279418 0.139506 0.19539
170 0.163599 0.0267517 0.136848 0.190351
171 0.170869 0.0247879 0.146082 0.195657
172 0.167341 0.025945 0.141396 0.193286
173 0.162145 0.0291221 0.133023 0.191267
174 0.161333 0.0289671 0.132366 0.1903
175 0.164519 0.0271906 0.137328 0.191709
176 0.168859 0.0187936 0.150066 0.187653
177 0.17305 0.014575 0.158475 0.187625
178 0.172131 0.0142034 0.157928 0.186334
179 0.172516 0.0144718 0.158044 0.186988
180 0.174825 0.00223692 0.172588 0.177062
181 0.175317 0.00305549 0.172262 0.178373
182 0.17645 0.0072024 0.169248 0.183653
183 0.172452 0.0139921 0.15846 0.186444
184 0.171041 0.0146402 0.1564 0.185681
185 0.170335 0.0144305 0.155904 0.184765
186 0.167427 0.0188515 0.148575 0.186278
187 0.167213 0.0192606 0.147952 0.186474
188 0.167341 0.0198443 0.147497 0.187186
189 0.167683 0.0192667 0.148417 0.18695
190 0.174376 0.00233013 0.172046 0.176706
191 0.172516 0.00707817 0.165438 0.179594
192 0.17273 0.0140587 0.158671 0.186788
193 0.171404 0.0149107 0.156493 0.186315
194 0.170827 0.0147776 0.156049 0.185604
195 0.178696 0.00333262 0.175363 0.182028
196 0.178931 0.00437464 0.174556 0.183305
197 0.172323 0.0192071 0.153116 0.191531
198 0.169907 0.019928 0.149979 0.189835
199 0.170934 0.0204552 0.150478 0.191389
200 0.170763 0.0266086 0.144154 0.197371
201 0.166336 0.0288778 0.137459 0.195214
202 0.166272 0.0308145 0.135458 0.197087
203 0.16253 0.0313621 0.131168 0.193892
204 0.165631 0.0303283 0.135302 0.195959
205 0.169693 0.026425 0.143268 0.196118
206 0.169266 0.0275067 0.141759 0.196772
207 0.172601 0.0246625 0.147939 0.197264
208 0.16871 0.026957 0.141753 0.195667
209 0.165267 0.0297816 0.135486 0.195049
210 0.166593 0.0299179 0.136675 0.196511
211 0.168774 0.0271378 0.141636 0.195912
212 0.167234 0.0279918 0.139243 0.195226
213 0.162017 0.0315046 0.130512 0.193522
214 0.161653 0.0314386 0.130215 0.193092
215 0.159194 0.0314743 0.12772 0.190669
216 0.169095 0.028847 0.140248 0.197942
217 0.175381 0.0206929 0.154688 0.196074
218 0.17521 0.0209324 0.154278 0.196143
219 0.178353 0.0151329 0.163221 0.193486
220 0.178931 0.0153238 0.163607 0.194255
221 0.182993 0.00233806 0.180655 0.185332
222 0.182352 0.00204828 0.180304 0.1844
223 0.181796 0.00171542 0.180081 0.183511
224 0.167726 0.0273039 0.140422 0.19503
225 0.162701 0.0305447 0.132157 0.193246
226 0.156244 0.0334004 0.122843 0.189644
227 0.15479 0.0340222 0.120767 0.188812
228 0.166593 0.0299927 0.1366 0.196586
229 0.169202 0.0282638 0.140938 0.197465
230 0.168838 0.0268057 0.142032 0.195644
231 0.173799 0.0256815 0.148117 0.19948
232 0.168432 0.0277123 0.140719 0.196144
233 0.171789 0.0246212 0.147168 0.19641
234 0.169736 0.0276544 0.142082 0.197391
235 0.170356 0.0276975 0.142659 0.198054
236 0.169929 0.0272987 0.14263 0.197227
237 0.172901 0.0245058 0.148395 0.197407
238 0.179508 0.0237589 0.155749 0.203267
239 0.18139 0.0250232 0.156367 0.206413
240 0.17846 0.0283874 0.150073 0.206848
241 0.178118 0.0296903 0.148428 0.207808
242 0.174184 0.0240405 0.150143 0.198224
243 0.173713 0.0249509 0.148762 0.198664
244 0.175766 0.0181564 0.15761 0.193923
245 0.171105 0.0243079 0.146797 0.195413
246 0.173393 0.0204101 0.152982 0.193803
247 0.173264 0.0204838 0.15278 0.193748
248 0.180641 0.00233611 0.178305 0.182977
249 0.180599 0.00174292 0.178856 0.182342
250 0.178524 0.0146876 0.163837 0.193212
251 0.171254 0.0199415 0.151313 0.191196
252 0.168175 0.0234279 0.144747 0.191603
253 0.164968 0.0236532 0.141315 0.188621
254 0.162295 0.0251359 0.137159 0.187431
255 0.164989 0.0235896 0.1414 0.188579
256 0.165866 0.022871 0.142995 0.188737
257 0.164925 0.0261305 0.138795 0.191056
258 0.162295 0.027068 0.135227 0.189363
259 0.16067 0.0290513 0.131619 0.189721
260 0.164519 0.0273663 0.137153 0.191885
261 0.164925 0.0262683 0.138657 0.191193
262 0.168047 0.0229935 0.145053 0.19104
263 0.167063 0.0239404 0.143123 0.191004
264 0.167192 0.0242637 0.142928 0.191455
265 0.16578 0.0236003 0.14218 0.189381
266 0.171874 0.0143777 0.157497 0.186252
267 0.171575 0.0144593 0.157116 0.186034
268 0.172516 0.0148338 0.157682 0.18735
269 0.166122 0.02178 0.144343 0.187902
270 0.162103 0.0263827 0.13572 0.188485
271 0.161782 0.0265962 0.135186 0.188378
272 0.162723 0.0272576 0.135465 0.18998
273 0.165973 0.0227791 0.143194 0.188752
274 0.165994 0.0237344 0.14226 0.189729
275 0.159387 0.0265567 0.13283 0.185944
276 0.153314 0.0303955 0.122919 0.18371
277 0.155089 0.0304655 0.124623 0.185554
278 0.155752 0.0298941 0.125858 0.185646
279 0.149016 0.0314762 0.11754 0.180493
280 0.155902 0.0314125 0.124489 0.187314
281 0.158724 0.029412 0.129312 0.188136
282 0.162359 0.0293482 0.133011 0.191707
283 0.16516 0.0281862 0.136974 0.193346
284 0.168988 0.0241692 0.144819 0.193157
285 0.168004 0.0241526 0.143852 0.192157
286 0.171383 0.0239299 0.147453 0.195313
287 0.163706 0.0294398 0.134266 0.193146
288 0.17119 0.0247568 0.146433 0.195947
289 0.163877 0.0289449 0.134932 0.192822
290 0.164091 0.0289156 0.135175 0.193007
291 0.164882 0.030382 0.1345 0.195264
292 0.164241 0.0300302 0.134211 0.194271
293 0.1667 0.0278109 0.138889 0.194511
294 0.17444 0.0209197 0.153521 0.19536
295 0.177455 0.0152172 0.162238 0.192673
296 0.178182 0.0132278 0.164955 0.19141
297 0.17305 0.0297207 0.14333 0.202771
298 0.172879 0.0247641 0.148115 0.197643
299 0.158681 0.0311486 0.127533 0.18983
300 0.158361 0.0323481 0.126012 0.190709
301 0.157847 0.0324364 0.125411 0.190284
302 0.156051 0.0319701 0.124081 0.188021
303 0.164711 0.0261759 0.138535 0.190887
304 0.167919 0.0223149 0.145604 0.190234
305 0.170442 0.0197132 0.150729 0.190155
306 0.170292 0.0258059 0.144486 0.196098
307 0.166849 0.0277008 0.139149 0.19455
308 0.171276 0.0266259 0.14465 0.197902
309 0.169822 0.0263794 0.143442 0.196201
310 0.172088 0.0203671 0.151721 0.192455
311 0.174248 0.0132016 0.161046 0.18745
312 0.173179 0.0145531 0.158626 0.187732
313 0.173115 0.0145362 0.158578 0.187651
314 0.173029 0.0145976 0.158431 0.187627
315 0.164219 0.0248213 0.139398 0.189041
316 0.159836 0.0281833 0.131653 0.188019
317 0.159323 0.0282208 0.131102 0.187544
318 0.156714 0.028662 0.128052 0.185376
319 0.168539 0.0207973 0.147741 0.189336
320 0.17072 0.0191853 0.151535 0.189905
321 0.173799 0.015105 0.158694 0.188904
322 0.174526 0.0143146 0.160211 0.18884
323 0.171169 0.0230509 0.148118 0.19422
324 0.169779 0.0245319 0.145247 0.194311
325 0.170078 0.021414 0.148664 0.191492
326 0.169843 0.0233643 0.146479 0.193207
327 0.173542 0.0269794 0.146563 0.200522
328 0.170506 0.0271963 0.14331 0.197702
329 0.174291 0.0250944 0.149196 0.199385
330 0.173072 0.0304333 0.142639 0.203505
331 0.178054 0.0203144 0.15774 0.198368
332 0.173991 0.0241726 0.149819 0.198164
333 0.174697 0.0251727 0.149524 0.19987
334 0.178738 0.0207373 0.158001 0.199476
335 0.177199 0.0206855 0.156513 0.197884
336 0.18047 0.0151597 0.165311 0.19563
337 0.176985 0.0262937 0.150691 0.203279
338 0.178011 0.0212066 0.156805 0.199218
339 0.174569 0.0252231 0.149346 0.199792
340 0.174355 0.0255586 0.148796 0.199913
341 0.177092 0.0205674 0.156524 0.197659
342 0.171233 0.0268965 0.144336 0.198129
343 0.173414 0.0246963 0.148718 0.19811
344 0.174077 0.0251792 0.148898 0.199256
345 0.177391 0.0211828 0.156208 0.198574
346 0.185431 0.00338469 0.182046 0.188816
347 0.183785 0.00133107 0.182454 0.185116
348 0.174782 0.0228894 0.151893 0.197672
349 0.174932 0.0248928 0.150039 0.199825
350 0.174483 0.0254197 0.149063 0.199903
351 0.17459 0.0250062 0.149584 0.199596
352 0.180064 0.0197331 0.160331 0.199797
353 0.17506 0.0246283 0.150432 0.199689
354 0.174376 0.0252533 0.149123 0.19963
355 0.176579 0.0210873 0.155491 0.197666
356 0.173414 0.0247809 0.148633 0.198195
357 0.173735 0.0253938 0.148341 0.199129
358 0.171554 0.025809 0.145745 0.197363
359 0.181775 0.0156188 0.166156 0.197393
360 0.180663 0.0154829 0.16518 0.196146
361 0.180983 0.0156825 0.165301 0.196666
362 0.181775 0.0143513 0.167423 0.196126
363 0.177648 0.0208643 0.156783 0.198512
364 0.173414 0.0240323 0.149382 0.197446
365 0.166678 0.0284851 0.138193 0.195164
366 0.159366 0.0327007 0.126665 0.192066
367 0.159366 0.0322763 0.127089 0.191642
368 0.166614 0.0304027 0.136212 0.197017
369 0.173371 0.0243179 0.149053 0.197689
370 0.177562 0.0197429 0.157819 0.197305
371 0.172922 0.0204266 0.152496 0.193349
372 0.170805 0.024173 0.146632 0.194978
373 0.169779 0.0247556 0.145023 0.194535
374 0.173949 0.0204363 0.153512 0.194385
375 0.17042 0.0237903 0.14663 0.194211
376 0.172559 0.0265423 0.146016 0.199101
377 0.168795 0.029232 0.139563 0.198027
378 0.16407 0.0263393 0.13773 0.190409
379 0.166443 0.0267004 0.139743 0.193144
380 0.173756 0.0301974 0.143559 0.203954
381 0.174462 0.0209583 0.153503 0.19542
382 0.170976 0.0201858 0.150791 0.191162
383 0.170506 0.0185329 0.151973 0.189039
384 0.170741 0.0196241 0.151117 0.190365
385 0.17397 0.0208582 0.153112 0.194828
386 0.174162 0.0195063 0.154656 0.193669
387 0.176835 0.0140603 0.162775 0.190896
388 0.176365 0.0155165 0.160848 0.191881
389 0.170014 0.0235728 0.146441 0.193587
390 0.166871 0.0258731 0.140998 0.192744
391 0.165395 0.0264514 0.138944 0.191847
392 0.165267 0.0252456 0.140022 0.190513
393 0.15804 0.0297994 0.12824 0.187839
394 0.161226 0.029067 0.132159 0.190293
395 0.160242 0.0286238 0.131618 0.188866
396 0.163749 0.0265728 0.137176 0.190322
397 0.16454 0.0259382 0.138602 0.190478
398 0.167748 0.023983 0.143765 0.191731
399 0.166785 0.0230957 0.14369 0.189881
400 0.164241 0.0263386 0.137902 0.190579
401 0.16779 0.0225736 0.145217 0.190364
402 0.167491 0.0242986 0.143192 0.19179
403 0.166785 0.0241157 0.14267 0.190901
404 0.164733 0.0257733 0.138959 0.190506
405 0.168111 0.0238376 0.144273 0.191949
406 0.166443 0.0238041 0.142639 0.190247
407 0.166614 0.0238006 0.142814 0.190415
408 0.178225 0.026721 0.151504 0.204946
409 0.170249 0.0232889 0.14696 0.193538
410 0.170078 0.0244434 0.145635 0.194522
411 0.170442 0.024953 0.145489 0.195395
412 0.172388 0.0242042 0.148183 0.196592
413 0.179551 0.0157208 0.16383 0.195272
414 0.17536 0.0201541 0.155206 0.195514
415 0.175552 0.0210476 0.154505 0.1966
416 0.181796 0.0156961 0.1661 0.197492
417 0.178931 0.0144566 0.164474 0.193387
418 0.171682 0.023069 0.148613 0.194751
419 0.169651 0.0268048 0.142846 0.196455
420 0.165951 0.0297014 0.13625 0.195653
421 0.16918 0.0279087 0.141272 0.197089
422 0.172858 0.0248329 0.148025 0.197691
423 0.173457 0.0233463 0.15011 0.196803
424 0.172687 0.0253703 0.147317 0.198057
425 0.172751 0.0251981 0.147553 0.197949
426 0.176172 0.0203302 0.155842 0.196503
427 0.179016 0.0152514 0.163765 0.194268
428 0.174782 0.0200031 0.154779 0.194786
429 0.174355 0.01361 0.160745 0.187965
430 0.17459 0.014714 0.159876 0.189304
431 0.170677 0.0193335 0.151343 0.190011
432 0.169758 0.0222777 0.14748 0.192035
433 0.163899 0.025972 0.137927 0.189871
434 0.164882 0.0265203 0.138362 0.191403
435 0.167619 0.0238662 0.143753 0.191485
436 0.168346 0.0232678 0.145078 0.191614
437 0.167961 0.0234333 0.144528 0.191395
438 0.165224 0.0258093 0.139415 0.191034
439 0.163343 0.0263695 0.136973 0.189712
440 0.163578 0.0254982 0.13808 0.189076
441 0.163257 0.0263117 0.136946 0.189569
442 0.16717 0.0240606 0.14311 0.191231
443 0.166443 0.0238064 0.142637 0.19025
444 0.176365 0.00178081 0.174584 0.178146
445 0.176151 0.00201452 0.174136 0.178165
446 0.17583 0.00208753 0.173743 0.177918
447 0.173414 0.0144028 0.159011 0.187817
448 0.167683 0.0234091 0.144274 0.191093
449 0.164198 0.0267886 0.137409 0.190987
450 0.164048 0.0291579 0.13489 0.193206
451 0.169693 0.0245202 0.145173 0.194214
452 0.176792 0.0150735 0.161719 0.191866
453 0.173179 0.018364 0.154815 0.191543
454 0.173671 0.0207648 0.152906 0.194435
455 0.175232 0.0240637 0.151168 0.199295
456 0.17814 0.0209164 0.157223 0.199056
457 0.178717 0.0207379 0.157979 0.199455
458 0.175659 0.0244224 0.151237 0.200082
459 0.171019 0.0270841 0.143935 0.198103
460 0.168004 0.0300867 0.137917 0.198091
461 0.164433 0.0314954 0.132938 0.195929
462 0.16717 0.0300736 0.137097 0.197244
463 0.171254 0.0274018 0.143853 0.198656
464 0.178717 0.0330475 0.145669 0.211764
465 0.174847 0.0236703 0.151176 0.198517
466 0.171383 0.0280024 0.14338 0.199385
467 0.170805 0.0274504 0.143355 0.198256
468 0.163535 0.0312657 0.132269 0.194801
469 0.164262 0.0319226 0.13234 0.196185
470 0.167213 0.0308626 0.13635 0.198076
471 0.171212 0.0279437 0.143268 0.199155
472 0.170656 0.0279421 0.142714 0.198598
473 0.177605 0.0210418 0.156563 0.198647
474 0.174333 0.0241439 0.15019 0.198477
475 0.177755 0.0211338 0.156621 0.198888
476 0.177113 0.0211048 0.156008 0.198218
477 0.173692 0.0236541 0.150038 0.197346
478 0.174782 0.0245591 0.150223 0.199342
479 0.167448 0.0298068 0.137641 0.197255
480 0.165652 0.0307032 0.134949 0.196355
481 0.164048 0.0318229 0.132225 0.195871
482 0.17583 0.0266159 0.149214 0.202446
483 0.170121 0.0269553 0.143166 0.197076
484 0.174398 0.0264603 0.147937 0.200858
485 0.174162 0.0250789 0.149083 0.199241
486 0.178054 0.0215503 0.156504 0.199604
487 0.181155 0.0157893 0.165365 0.196944
488 0.180898 0.0149116 0.165986 0.19581
489 0.177626 0.0206271 0.156999 0.198253
490 0.177177 0.0211363 0.156041 0.198314
491 0.173157 0.0243045 0.148853 0.197462
492 0.173414 0.0247654 0.148649 0.198179
493 0.17119 0.0275298 0.14366 0.19872
494 0.167299 0.0299641 0.137334 0.197263
495 0.166272 0.029612 0.13666 0.195884
496 0.1701 0.0283144 0.141785 0.198414
497 0.174761 0.0245889 0.150172 0.19935
498 0.164519 0.0283484 0.13617 0.192867
499 0.16655 0.0272035 0.139347 0.193754
500 0.160691 0.0301989 0.130492 0.19089
501 0.166422 0.0445589 0.121863 0.210981
502 0.163385 0.0292547 0.134131 0.19264
503 0.168111 0.0272695 0.140842 0.195381
504 0.169223 0.0231634 0.14606 0.192386
505 0.166187 0.0261372 0.140049 0.192324
506 0.165716 0.0265802 0.139136 0.192296
507 0.166935 0.027497 0.139438 0.194432
508 0.169929 0.023488 0.146441 0.193417
509 0.167427 0.0230868 0.14434 0.190514
510 0.160777 0.0273125 0.133464 0.188089
511 0.159793 0.0278853 0.131908 0.187679
512 0.16439 0.0287075 0.135683 0.193098
513 0.164497 0.0286644 0.135833 0.193162
514 0.167854 0.0264267 0.141428 0.194281
515 0.166144 0.0272834 0.13886 0.193427
516 0.162616 0.0281369 0.134479 0.190753
517 0.162423 0.0291464 0.133277 0.19157
518 0.161718 0.0292671 0.132451 0.190985
519 0.161269 0.0295605 0.131708 0.190829
520 0.158061 0.030385 0.127676 0.188446
521 0.164861 0.0268121 0.138049 0.191673
522 0.164048 0.0267732 0.137275 0.190822
523 0.163941 0.0269891 0.136952 0.190931
524 0.167512 0.0240291 0.143483 0.191541
525 0.168753 0.0242226 0.14453 0.192975
526 0.167683 0.0233446 0.144339 0.191028
527 0.167812 0.0246859 0.143126 0.192498
528 0.175403 0.0434856 0.131917 0.218888
529 0.178696 0.0404054 0.13829 0.219101
530 0.177434 0.0403874 0.137047 0.217821
531 0.181454 0.0373127 0.144141 0.218767
532 0.170313 0.0191377 0.151176 0.189451
533 0.167598 0.0237916 0.143806 0.191389
534 0.166422 0.0239109 0.142511 0.190333
535 0.167384 0.0232973 0.144087 0.190681
536 0.162103 0.0266733 0.135429 0.188776
537 0.165032 0.0304023 0.13463 0.195434
538 0.164925 0.0304673 0.134458 0.195392
539 0.164412 0.0299964 0.134415 0.194408
540 0.172601 0.0272038 0.145398 0.199805
541 0.170036 0.0296579 0.140378 0.199693
542 0.165395 0.0318182 0.133577 0.197214
543 0.170698 0.0299023 0.140796 0.200601
544 0.170506 0.0275162 0.14299 0.198022
545 0.174376 0.02461 0.149766 0.198986
546 0.170335 0.0278781 0.142457 0.198213
547 0.168603 0.0280135 0.140589 0.196616
548 0.169651 0.0279328 0.141718 0.197583
549 0.169693 0.0271696 0.142524 0.196863
550 0.168795 0.027378 0.141417 0.196173
551 0.164775 0.0292502 0.135525 0.194026
552 0.169864 0.0267281 0.143136 0.196593
553 0.175616 0.0207971 0.154819 0.196413
554 0.172238 0.0242246 0.148013 0.196463
555 0.169415 0.0261598 0.143256 0.195575
556 0.164241 0.0293393 0.134902 0.19358
557 0.161803 0.0285827 0.133221 0.190386
558 0.156201 0.031577 0.124624 0.187778
559 0.165224 0.0270984 0.138126 0.192323
560 0.164925 0.0265254 0.1384 0.19145
561 0.16377 0.026474 0.137296 0.190244
562 0.164497 0.0262154 0.138282 0.190713
563 0.163428 0.0264515 0.136977 0.18988
564 0.164604 0.0267258 0.137878 0.19133
565 0.164134 0.026198 0.137936 0.190332
566 0.171447 0.0202489 0.151198 0.191696
567 0.169522 0.018899 0.150623 0.188421
568 0.169779 0.019812 0.149967 0.189591
569 0.16933 0.0198643 0.149466 0.189194
570 0.172644 0.0144064 0.158238 0.187051
571 0.175467 0.00171649 0.17375 0.177183
572 0.176343 0.00197961 0.174364 0.178323
573 0.173286 0.0141667 0.159119 0.187452
574 0.166229 0.0220987 0.144131 0.188328
575 0.16531 0.0231248 0.142185 0.188435
576 0.164433 0.0254329 0.139 0.189866
577 0.163535 0.0263091 0.137226 0.189844
578 0.172067 0.0208335 0.151233 0.1929
579 0.171939 0.0205187 0.15142 0.192457
580 0.171254 0.0202753 0.150979 0.19153
581 0.164604 0.0259551 0.138649 0.190559
582 0.169415 0.0278588 0.141557 0.197274
583 0.173649 0.0254788 0.14817 0.199128
584 0.177348 0.0216277 0.155721 0.198976
585 0.182074 0.0147413 0.167333 0.196815
586 0.181048 0.0152237 0.165824 0.196271
587 0.182673 0.0159655 0.166707 0.198638
588 0.182651 0.0170526 0.165599 0.199704
589 0.181197 0.0143759 0.166821 0.195573
590 0.181005 0.0149189 0.166086 0.195924
591 0.17196 0.0271946 0.144765 0.199155
592 0.171212 0.0276677 0.143544 0.198879
593 0.171468 0.0278825 0.143586 0.199351
594 0.17412 0.0250254 0.149094 0.199145
595 0.17737 0.0210877 0.156282 0.198457
596 0.176899 0.0209687 0.155931 0.197868
597 0.177477 0.0208049 0.156672 0.198282
598 0.178503 0.015128 0.163375 0.193631
599 0.170891 0.0237121 0.147179 0.194603
600 0.164668 0.0299204 0.134748 0.194589
601 0.166165 0.0315293 0.134636 0.197695
602 0.165823 0.0299324 0.135891 0.195756
603 0.169137 0.0269957 0.142142 0.196133
604 0.162445 0.0309562 0.131488 0.193401
605 0.165438 0.0306877 0.134751 0.196126
606 0.169137 0.0285453 0.140592 0.197683
607 0.172944 0.0261162 0.146827 0.19906
608 0.184148 0.00473791 0.17941 0.188886
609 0.173542 0.0236035 0.149939 0.197146
610 0.172623 0.0253308 0.147292 0.197954
611 0.171639 0.0243366 0.147303 0.195976
612 0.169116 0.0280414 0.141075 0.197157
613 0.17645 0.019623 0.156827 0.196073
614 0.174569 0.0206998 0.153869 0.195268
615 0.171896 0.0244301 0.147466 0.196326
616 0.176343 0.0211995 0.155144 0.197543
617 0.179273 0.014345 0.164928 0.193618
618 0.178396 0.0152567 0.163139 0.193653
619 0.183507 0.00465908 0.178848 0.188166
620 0.178824 0.0145888 0.164235 0.193413
621 0.178546 0.0154847 0.163061 0.194031
622 0.171618 0.023782 0.147836 0.1954
623 0.17042 0.0244495 0.145971 0.19487
624 0.168389 0.0259128 0.142476 0.194302
625 0.16407 0.0292843 0.134785 0.193354
626 0.168817 0.0246842 0.144133 0.193501
627 0.164177 0.0267299 0.137447 0.190907
628 0.168004 0.024033 0.143971 0.192037
629 0.170827 0.0205904 0.150236 0.191417
630 0.164348 0.0256992 0.138649 0.190047
631 0.162402 0.027692 0.13471 0.190094
632 0.161226 0.0291276 0.132098 0.190353
633 0.16439 0.0300621 0.134328 0.194453
634 0.171703 0.0207346 0.150969 0.192438
635 0.173072 0.015158 0.157914 0.18823
636 0.174398 0.00167606 0.172722 0.176074
637 0.17521 0.00161776 0.173592 0.176828
638 0.16176 0.0239788 0.137782 0.185739
639 0.162509 0.028709 0.1338 0.191218
640 0.16794 0.0288932 0.139047 0.196833
641 0.168132 0.0300228 0.13811 0.198155
642 0.174697 0.021516 0.153181 0.196213
643 0.167555 0.0235911 0.143964 0.191146
644 0.166593 0.0229402 0.143653 0.189533
645 0.167577 0.0242418 0.143335 0.191818
646 0.174055 0.0146299 0.159426 0.188685
647 0.174034 0.0135368 0.160497 0.187571
648 0.170356 0.0193195 0.151037 0.189676
649 0.170805 0.0202048 0.150601 0.19101
650 0.17119 0.0175537 0.153636 0.188744
651 0.165203 0.022737 0.142466 0.18794
652 0.162209 0.0251081 0.137101 0.187318
653 0.162445 0.0267318 0.135713 0.189176
654 0.161589 0.0261315 0.135458 0.187721
655 0.159088 0.0278492 0.131238 0.186937
656 0.162958 0.0262935 0.136664 0.189251
657 0.162466 0.0263092 0.136157 0.188775
658 0.164754 0.0238802 0.140874 0.188634
659 0.166016 0.0231478 0.142868 0.189163
660 0.16593 0.0234283 0.142502 0.189358
661 0.165032 0.0235054 0.141527 0.188537
662 0.158895 0.0277608 0.131134 0.186656
663 0.162209 0.0262763 0.135933 0.188486
664 0.164733 0.0267801 0.137953 0.191513
665 0.165011 0.0273285 0.137682 0.192339
666 0.164882 0.0276066 0.137276 0.192489
667 0.171212 0.0208423 0.150369 0.192054
668 0.170848 0.020314 0.150534 0.191162
669 0.171169 0.0205122 0.150657 0.191681
670 0.16484 0.0258023 0.139037 0.190642
671 0.167149 0.0274174 0.139731 0.194566
672 0.168795 0.0270733 0.141722 0.195869
673 0.171725 0.0239984 0.147726 0.195723
674 0.175018 0.0210808 0.153937 0.196098
675 0.17335 0.0207513 0.152599 0.194101
676 0.177733 0.0149706 0.162763 0.192704
677 0.177327 0.0152956 0.162031 0.192623
678 0.173949 0.0187256 0.155223 0.192674
679 0.170506 0.0238377 0.146668 0.194344
680 0.174098 0.020822 0.153276 0.19492
681 0.174205 0.0205956 0.15361 0.194801
682 0.17412 0.0198978 0.154222 0.194017
683 0.170506 0.0232505 0.147255 0.193756
684 0.163514 0.0261644 0.137349 0.189678
685 0.162509 0.0262557 0.136253 0.188764
686 0.162594 0.025345 0.137249 0.187939
687 0.163642 0.0255175 0.138125 0.18916
688 0.162338 0.0263632 0.135974 0.188701
689 0.158916 0.0281712 0.130745 0.187088
690 0.159729 0.0282907 0.131438 0.18802
691 0.16655 0.02395 0.1426 0.1905
692 0.173328 0.0138603 0.159468 0.187189
693 0.17243 0.0145444 0.157886 0.186975
694 0.174825 0.00216209 0.172663 0.176987
695 0.171404 0.0133423 0.158062 0.184746
696 0.167854 0.0187264 0.149128 0.186581
697 0.168346 0.0201929 0.148153 0.188539
698 0.171596 0.0145609 0.157036 0.186157
699 0.168068 0.0191897 0.148879 0.187258
700 0.168068 0.0185002 0.149568 0.186569
701 0.161354 0.0253488 0.136005 0.186703
702 0.162017 0.0266485 0.135368 0.188665
703 0.162103 0.0262649 0.135838 0.188367
704 0.16315 0.024834 0.138316 0.187984
705 0.172217 0.0236861 0.14853 0.195903
706 0.16439 0.0284406 0.13595 0.192831
707 0.166443 0.0275522 0.138891 0.193995
708 0.170356 0.0239766 0.14638 0.194333
709 0.17459 0.0186846 0.155905 0.193275
710 0.17861 0.0211299 0.15748 0.19974
711 0.177541 0.0209705 0.15657 0.198511
712 0.178439 0.0212794 0.15716 0.199718
713 0.18248 0.0151157 0.167365 0.197596
714 0.181582 0.0151865 0.166396 0.196769
715 0.17737 0.0199889 0.157381 0.197359
716 0.177712 0.0210515 0.15666 0.198763
717 0.176835 0.0199809 0.156854 0.196816
718 0.173991 0.0250177 0.148974 0.199009
719 0.177434 0.0201737 0.15726 0.197608
720 0.164519 0.0306131 0.133906 0.195132
721 0.168132 0.0301581 0.137974 0.198291
722 0.167384 0.0301305 0.137254 0.197515
723 0.171212 0.0263205 0.144891 0.197532
724 0.178696 0.0210848 0.157611 0.19978
725 0.177712 0.0203316 0.15738 0.198044
726 0.174055 0.024452 0.149603 0.198507
727 0.177135 0.0202325 0.156902 0.197367
728 0.170998 0.0264874 0.14451 0.197485
729 0.177669 0.0213243 0.156345 0.198993
730 0.174248 0.0249237 0.149324 0.199172
731 0.174227 0.0241033 0.150123 0.19833
732 0.171554 0.027823 0.143731 0.199377
733 0.167405 0.0299063 0.137499 0.197312
734 0.166593 0.0294289 0.137164 0.196022
735 0.176964 0.0272056 0.149758 0.204169
736 0.175873 0.0248415 0.151031 0.200715
737 0.177755 0.0203571 0.157398 0.198112
738 0.186158 0.00356034 0.182598 0.189718
739 0.1834 0.00697651 0.176423 0.190376
740 0.180855 0.0151386 0.165717 0.195994
741 0.178375 0.0203789 0.157996 0.198754
742 0.178567 0.0205744 0.157993 0.199142
743 0.178118 0.0206117 0.157507 0.19873
744 0.18047 0.015475 0.164995 0.195945
745 0.177562 0.0201609 0.157401 0.197723
746 0.177434 0.0209729 0.156461 0.198407
747 0.17042 0.0269129 0.143508 0.197333
748 0.169629 0.028098 0.141531 0.197727
749 0.173328 0.0251227 0.148206 0.198451
750 0.171297 0.0265919 0.144705 0.197889
751 0.169971 0.027228 0.142743 0.197199
752 0.166593 0.0295582 0.137035 0.196151
753 0.159323 0.0308962 0.128427 0.190219
754 0.162915 0.0294767 0.133438 0.192392
755 0.166101 0.0275731 0.138528 0.193674
756 0.169843 0.0247103 0.145133 0.194553
757 0.16531 0.023139 0.142171 0.188449
758 0.167641 0.0230652 0.144575 0.190706
759 0.170078 0.0246179 0.14546 0.194696
760 0.167106 0.0241676 0.142939 0.191274
761 0.170912 0.0194957 0.151416 0.190408
762 0.173863 0.0139159 0.159947 0.187779
763 0.173414 0.0145808 0.158833 0.187995
764 0.172067 0.0145737 0.157493 0.186641
765 0.174547 0.00240886 0.172138 0.176956
766 0.171297 0.0134847 0.157812 0.184782
767 0.174248 0.014772 0.159476 0.18902
768 0.172623 0.0193436 0.153279 0.191966
769 0.171361 0.0203283 0.151033 0.19169
770 0.175959 0.0153017 0.160657 0.19126
771 0.177263 0.00217852 0.175084 0.179441
772 0.177969 0.00259877 0.17537 0.180567
773 0.178845 0.00360501 0.17524 0.18245
774 0.179572 0.00374997 0.175822 0.183322
775 0.178696 0.00609506 0.1726 0.184791
776 0.177541 0.00187035 0.175671 0.179411
777 0.172217 0.0188688 0.153348 0.191085
778 0.171105 0.0203866 0.150718 0.191491
779 0.170869 0.0204844 0.150385 0.191354
780 0.171147 0.0204308 0.150717 0.191578
781 0.177926 0.00222411 0.175702 0.18015
782 0.177712 0.00202618 0.175686 0.179738
783 0.177156 0.00173121 0.175425 0.178887
784 0.17722 0.00192397 0.175296 0.179144
785 0.177498 0.00129344 0.176205 0.178792
786 0.174868 0.0135668 0.161301 0.188435
787 0.173842 0.0150711 0.158771 0.188913
788 0.170698 0.0198762 0.150822 0.190575
789 0.171019 0.0206836 0.150336 0.191703
790 0.167619 0.0227689 0.14485 0.190388
791 0.166785 0.0240009 0.142784 0.190786
792 0.173307 0.0208465 0.152461 0.194154
793 0.173435 0.0210276 0.152408 0.194463
794 0.17675 0.0145749 0.162175 0.191325
795 0.17243 0.0202677 0.152163 0.192698
796 0.171939 0.0212047 0.150734 0.193143
797 0.165289 0.0269858 0.138303 0.192274
798 0.165951 0.0273089 0.138643 0.19326
799 0.163022 0.0287966 0.134225 0.191819
