# ../output/graphs/perf_parallel67BIPED_thread4
# step - mean (0.0967056) - standard deviation (0.0214093) r=20 - ylow - yhigh
0 0.111895 0.044471 0.0674244 0.156366
1 0.0997928 0.0148958 0.084897 0.114689
2 0.0969489 0.0148372 0.0821117 0.111786
3 0.0987878 0.0140853 0.0847025 0.112873
4 0.0991727 0.0157652 0.0834075 0.114938
5 0.0987023 0.0155648 0.0831375 0.114267
6 0.104198 0.0137915 0.0904061 0.117989
7 0.102829 0.0138651 0.088964 0.116694
8 0.103342 0.0130657 0.0902766 0.116408
9 0.101974 0.0126606 0.0893132 0.114634
10 0.102209 0.0170799 0.0851291 0.119289
11 0.0980822 0.0167486 0.0813336 0.114831
12 0.102295 0.0214282 0.0808664 0.123723
13 0.101525 0.0149363 0.0865885 0.116461
14 0.0989161 0.0146711 0.084245 0.113587
15 0.103706 0.0147763 0.0889295 0.118482
16 0.100178 0.014928 0.0852497 0.115106
17 0.0976973 0.013416 0.0842813 0.111113
18 0.0955163 0.0144811 0.0810351 0.109997
19 0.0933352 0.0130549 0.0802804 0.10639
20 0.0967137 0.0116697 0.085044 0.108383
21 0.0942333 0.0119775 0.0822558 0.106211
22 0.104989 0.0534854 0.0515034 0.158474
23 0.10191 0.0262689 0.0756408 0.128179
24 0.0968848 0.0144768 0.0824079 0.111362
25 0.0973552 0.0133673 0.0839878 0.110723
26 0.0987451 0.0134991 0.0852459 0.112244
27 0.099023 0.0118988 0.0871242 0.110922
28 0.100605 0.0107611 0.0898442 0.111366
29 0.0976545 0.0107886 0.0868659 0.108443
30 0.0993438 0.0120459 0.0872979 0.11139
31 0.102701 0.013824 0.0888769 0.116525
32 0.137619 0.159422 -0.0218033 0.297041
33 0.0945968 0.0158564 0.0787404 0.110453
34 0.0919668 0.018223 0.0737438 0.11019
35 0.0909831 0.0169821 0.074001 0.107965
36 0.0928648 0.0167202 0.0761446 0.109585
37 0.0964785 0.0173916 0.0790869 0.11387
38 0.0920309 0.0159232 0.0761078 0.107954
39 0.0932283 0.0160583 0.07717 0.109287
40 0.0944258 0.0139729 0.0804528 0.108399
41 0.0938912 0.0152009 0.0786903 0.109092
42 0.0945113 0.0159681 0.0785431 0.110479
43 0.0950672 0.0177999 0.0772674 0.112867
44 0.108218 0.0655127 0.0427049 0.17373
45 0.0931855 0.0176993 0.0754862 0.110885
46 0.0940836 0.0163758 0.0777078 0.110459
47 0.0957087 0.0174216 0.0782871 0.11313
48 0.0948748 0.0180063 0.0768685 0.112881
49 0.0942333 0.017512 0.0767213 0.111745
50 0.0958156 0.0177923 0.0780233 0.113608
51 0.0951314 0.0173009 0.0778305 0.112432
52 0.0967137 0.0165448 0.0801689 0.113259
53 0.0960508 0.0145184 0.0815324 0.110569
54 0.0956873 0.0115932 0.0840942 0.10728
55 0.0981036 0.00966005 0.0884435 0.107764
56 0.101674 0.0228336 0.0788409 0.124508
57 0.0975049 0.0221208 0.075384 0.119626
58 0.0973979 0.0228688 0.0745292 0.120267
59 0.0910046 0.0131559 0.0778487 0.10416
60 0.0917529 0.0138413 0.0779116 0.105594
61 0.0949817 0.0117608 0.0832209 0.106742
62 0.0964785 0.0114403 0.0850382 0.107919
63 0.100178 0.0120882 0.0880895 0.112266
64 0.100028 0.0133541 0.0866739 0.113382
65 0.0982319 0.0141178 0.0841141 0.11235
66 0.0954094 0.0160304 0.079379 0.11144
67 0.094661 0.0173098 0.0773512 0.111971
68 0.0938484 0.0175324 0.076316 0.111381
69 0.0926938 0.0156914 0.0770024 0.108385
70 0.0966282 0.0155112 0.081117 0.112139
71 0.0965213 0.0138497 0.0826716 0.110371
72 0.0904486 0.0138895 0.0765591 0.104338
73 0.0919667 0.0143302 0.0776366 0.106297
74 0.0909618 0.0154927 0.0754691 0.106454
75 0.0895505 0.016705 0.0728456 0.106256
76 0.0919026 0.0164471 0.0754555 0.10835
77 0.0974835 0.0166337 0.0808498 0.114117
78 0.0960081 0.01724 0.0787681 0.113248
79 0.105352 0.0156215 0.0897308 0.120974
80 0.10486 0.0147262 0.0901343 0.119587
81 0.104027 0.0149641 0.0890625 0.118991
82 0.101332 0.0145336 0.0867988 0.115866
83 0.100648 0.0149766 0.0856716 0.115625
84 0.0993224 0.0153937 0.0839287 0.114716
85 0.0970772 0.0175734 0.0795038 0.114651
86 0.0964785 0.0175876 0.0788909 0.114066
87 0.0972696 0.0175371 0.0797325 0.114807
88 0.09975 0.0185085 0.0812416 0.118258
89 0.102957 0.0178126 0.0851448 0.12077
90 0.1064 0.0139369 0.0924631 0.120337
91 0.105117 0.0141892 0.0909279 0.119306
92 0.101525 0.0165907 0.0849341 0.118116
93 0.0957728 0.017522 0.0782508 0.113295
94 0.0950459 0.0181079 0.076938 0.113154
95 0.0944899 0.0172925 0.0771975 0.111782
96 0.0940409 0.0176703 0.0763705 0.111711
97 0.0879682 0.016965 0.0710032 0.104933
98 0.089465 0.0160439 0.0734211 0.105509
99 0.0934849 0.0169479 0.076537 0.110433
100 0.0946824 0.0178298 0.0768526 0.112512
101 0.101674 0.0171397 0.0845348 0.118814
102 0.0965854 0.0167579 0.0798275 0.113343
103 0.0962433 0.0167154 0.0795279 0.112959
104 0.0973766 0.0152721 0.0821044 0.112649
105 0.0950886 0.0164195 0.0786691 0.111508
106 0.0977614 0.0165792 0.0811823 0.114341
107 0.102081 0.0146349 0.0874459 0.116716
108 0.105331 0.0267378 0.0785931 0.132069
109 0.100776 0.0123371 0.0884393 0.113113
110 0.103064 0.0101038 0.0929605 0.113168
111 0.101803 0.0112737 0.0905291 0.113076
112 0.101803 0.0124809 0.0893218 0.114284
113 0.104497 0.0104782 0.0940188 0.114975
114 0.104882 0.0118807 0.0930012 0.116763
115 0.10114 0.0118163 0.0893236 0.112956
116 0.104882 0.0139993 0.0908826 0.118881
117 0.105374 0.0122651 0.0931086 0.117639
118 0.102444 0.0102792 0.092165 0.112723
119 0.103642 0.010196 0.0934457 0.113838
120 0.102188 0.0126995 0.0894881 0.114887
121 0.100905 0.0120127 0.088892 0.112917
122 0.0971841 0.0108483 0.0863358 0.108032
123 0.0943402 0.0126966 0.0816436 0.107037
124 0.0939554 0.0136622 0.0802931 0.107618
125 0.0960936 0.0136676 0.082426 0.109761
126 0.0933353 0.016407 0.0769283 0.109742
127 0.093827 0.0161511 0.0776759 0.109978
128 0.103706 0.0194154 0.0842904 0.123121
129 0.101268 0.0196118 0.0816564 0.12088
130 0.0997928 0.0156991 0.0840937 0.115492
131 0.101952 0.0149075 0.0870449 0.11686
132 0.101568 0.0147776 0.08679 0.116345
133 0.0980608 0.0151283 0.0829325 0.113189
134 0.0973766 0.0149807 0.0823958 0.112357
135 0.0986381 0.0148503 0.0837879 0.113488
136 0.0999211 0.013225 0.0866961 0.113146
137 0.100798 0.0144317 0.0863661 0.115229
138 0.0979967 0.0144786 0.0835181 0.112475
139 0.0988092 0.0147 0.0841092 0.113509
140 0.0979539 0.0157435 0.0822104 0.113697
141 0.0999425 0.0176186 0.0823239 0.117561
142 0.102658 0.0151907 0.0874674 0.117849
143 0.100755 0.0161268 0.0846282 0.116882
144 0.100691 0.0156316 0.0850593 0.116322
145 0.100627 0.0176108 0.0830159 0.118238
146 0.101183 0.0161427 0.08504 0.117325
147 0.101931 0.0153266 0.0866045 0.117258
148 0.105224 0.0143238 0.0909002 0.119548
149 0.104989 0.0128271 0.0921617 0.117816
150 0.109116 0.0124793 0.0966363 0.121595
151 0.108068 0.00790651 0.100161 0.115974
152 0.107491 0.0126511 0.0948395 0.120142
153 0.106336 0.0105858 0.0957501 0.116922
154 0.108581 0.0148414 0.0937397 0.123422
155 0.103235 0.0120984 0.091137 0.115334
156 0.100947 0.0119264 0.0890211 0.112874
157 0.0996431 0.0133281 0.086315 0.112971
158 0.0979325 0.0149996 0.0829329 0.112932
159 0.0991941 0.0161546 0.0830395 0.115349
160 0.100285 0.0166156 0.083669 0.1169
161 0.105502 0.0140834 0.0914185 0.119585
162 0.105438 0.0151931 0.0902448 0.120631
163 0.104754 0.0143525 0.0904011 0.119106
164 0.109094 0.0135862 0.095508 0.122681
165 0.106635 0.0151701 0.0914652 0.121805
166 0.10702 0.0151837 0.0918364 0.122204
167 0.100563 0.0148533 0.0857093 0.115416
168 0.0993438 0.0147872 0.0845566 0.114131
169 0.100755 0.0113255 0.0894296 0.11208
170 0.0994293 0.00945731 0.089972 0.108887
171 0.100477 0.0107574 0.0897196 0.111234
172 0.0993438 0.0120967 0.0872471 0.11144
173 0.0992582 0.0132365 0.0860218 0.112495
174 0.0982105 0.0129264 0.0852841 0.111137
175 0.102658 0.0240474 0.0786106 0.126705
176 0.100135 0.0165879 0.083547 0.116723
177 0.100798 0.0140262 0.0867716 0.114824
178 0.105331 0.0147463 0.0905846 0.120077
179 0.107384 0.0172164 0.0901673 0.1246
180 0.105844 0.00944764 0.0963965 0.115292
181 0.104069 0.0118285 0.0922408 0.115898
182 0.0970558 0.0141478 0.082908 0.111204
183 0.09712 0.0146004 0.0825196 0.11172
184 0.100135 0.01418 0.085955 0.114315
185 0.0985098 0.016034 0.0824758 0.114544
186 0.0937415 0.0166002 0.0771413 0.110342
187 0.0923944 0.0156801 0.0767144 0.108074
188 0.0930787 0.0173804 0.0756982 0.110459
189 0.0945327 0.0186677 0.075865 0.1132
190 0.0960509 0.0162144 0.0798364 0.112265
191 0.0956874 0.0138542 0.0818332 0.109542
192 0.0996431 0.0155903 0.0840528 0.115233
193 0.0985954 0.0153714 0.0832239 0.113967
194 0.0965213 0.0128332 0.083688 0.109354
195 0.0958584 0.0116666 0.0841918 0.107525
196 0.0974193 0.0145594 0.0828599 0.111979
197 0.0939767 0.0159749 0.0780018 0.109952
198 0.0930359 0.0159707 0.0770652 0.109007
199 0.0938484 0.0144211 0.0794273 0.10827
200 0.0928221 0.0162899 0.0765322 0.109112
201 0.0928434 0.015499 0.0773444 0.108342
202 0.094383 0.0156833 0.0786997 0.110066
203 0.0956232 0.0162932 0.07933 0.111916
204 0.0930359 0.0154379 0.077598 0.108474
205 0.0930145 0.016074 0.0769405 0.109089
206 0.101803 0.0208384 0.0809644 0.122641
207 0.0957301 0.0182199 0.0775102 0.11395
208 0.100049 0.0151262 0.0849232 0.115176
209 0.101525 0.013471 0.0880538 0.114996
210 0.101739 0.0138693 0.0878693 0.115608
211 0.0989803 0.01457 0.0844102 0.11355
212 0.101781 0.0142345 0.0875469 0.116016
213 0.102808 0.0100942 0.0927135 0.112902
214 0.0973124 0.0141871 0.0831253 0.1115
215 0.096671 0.0146763 0.0819946 0.111347
216 0.0962861 0.0146063 0.0816798 0.110892
217 0.0973124 0.0145342 0.0827782 0.111847
218 0.0957515 0.0142049 0.0815466 0.109956
219 0.0974407 0.0141548 0.0832859 0.111595
220 0.0974835 0.0148781 0.0826054 0.112362
221 0.0973552 0.0144597 0.0828955 0.111815
222 0.0970772 0.0146386 0.0824386 0.111716
223 0.0979966 0.0149295 0.0830672 0.112926
224 0.0977401 0.0152705 0.0824695 0.113011
225 0.0947893 0.014388 0.0804013 0.109177
226 0.0926082 0.0156029 0.0770053 0.108211
227 0.0916246 0.0156575 0.0759671 0.107282
228 0.0917957 0.0154052 0.0763905 0.107201
229 0.0913466 0.0155629 0.0757837 0.10691
230 0.0944471 0.0182148 0.0762323 0.112662
231 0.0956018 0.0156929 0.0799089 0.111295
232 0.102059 0.0131229 0.0889364 0.115182
233 0.0994079 0.014311 0.0850969 0.113719
234 0.0997073 0.0149135 0.0847937 0.114621
235 0.0988947 0.0143744 0.0845203 0.113269
236 0.101503 0.0164278 0.0850756 0.117931
237 0.0997928 0.0145234 0.0852694 0.114316
238 0.100776 0.0140757 0.0867007 0.114852
239 0.097569 0.0122784 0.0852906 0.109847
240 0.0998569 0.0142618 0.0855952 0.114119
241 0.0980608 0.0133501 0.0847107 0.111411
242 0.0938484 0.0155606 0.0782878 0.109409
243 0.0950672 0.015109 0.0799583 0.110176
244 0.101012 0.017247 0.0837646 0.118259
245 0.100648 0.0175282 0.0831199 0.118176
246 0.106528 0.0186208 0.0879076 0.125149
247 0.103406 0.0167919 0.0866146 0.120198
248 0.105032 0.0181374 0.0868941 0.123169
249 0.100926 0.018114 0.0828121 0.11904
250 0.102359 0.0173436 0.0850151 0.119702
251 0.10176 0.0191641 0.0825959 0.120924
252 0.0981677 0.019207 0.0789607 0.117375
253 0.0998997 0.0201285 0.0797712 0.120028
254 0.101054 0.016979 0.0840754 0.118033
255 0.103984 0.0219204 0.0820634 0.125904
256 0.0976332 0.0174061 0.0802271 0.115039
257 0.0950672 0.0150999 0.0799673 0.110167
258 0.0963716 0.0157869 0.0805847 0.112158
259 0.0983815 0.0178103 0.0805712 0.116192
260 0.100563 0.018095 0.0824676 0.118658
261 0.102508 0.0166275 0.0858809 0.119136
262 0.100392 0.0159852 0.0844063 0.116377
263 0.103578 0.0132831 0.0902944 0.116861
264 0.107747 0.0134241 0.094323 0.121171
265 0.102423 0.0132175 0.0892053 0.11564
266 0.099301 0.0146259 0.0846751 0.113927
267 0.098574 0.0157429 0.0828311 0.114317
268 0.0975904 0.0162095 0.0813809 0.1138
269 0.0951742 0.0159827 0.0791915 0.111157
270 0.0960081 0.0155871 0.080421 0.111595
271 0.0951955 0.0155117 0.0796838 0.110707
272 0.0952169 0.0146787 0.0805382 0.109896
273 0.0940195 0.0151966 0.0788229 0.109216
274 0.0987878 0.0143184 0.0844694 0.113106
275 0.101033 0.0146298 0.0864032 0.115663
276 0.0972269 0.0138055 0.0834214 0.111032
277 0.0948962 0.0152684 0.0796278 0.110165
278 0.0932925 0.0159923 0.0773002 0.109285
279 0.0945113 0.0149746 0.0795367 0.109486
280 0.0923303 0.0153258 0.0770045 0.107656
281 0.0920095 0.0161074 0.0759021 0.108117
282 0.0921806 0.0155993 0.0765812 0.10778
283 0.0940409 0.0144771 0.0795637 0.108518
284 0.0980608 0.0149416 0.0831192 0.113002
285 0.0957515 0.0152228 0.0805286 0.110974
286 0.0980608 0.0148797 0.0831811 0.11294
287 0.0969703 0.0137055 0.0832648 0.110676
288 0.0985098 0.0132609 0.085249 0.111771
289 0.0984457 0.0117535 0.0866922 0.110199
290 0.100071 0.0114687 0.088602 0.11154
291 0.102102 0.0130402 0.089062 0.115142
292 0.101204 0.0113882 0.0898159 0.112592
293 0.101268 0.0111801 0.0900881 0.112448
294 0.0969062 0.0128427 0.0840635 0.109749
295 0.0963502 0.012474 0.0838761 0.108824
296 0.0958156 0.0138783 0.0819373 0.109694
297 0.0986809 0.015647 0.0830339 0.114328
298 0.0996431 0.0136092 0.0860339 0.113252
299 0.102637 0.0114056 0.0912311 0.114042
300 0.0991941 0.0113537 0.0878404 0.110548
301 0.100392 0.012972 0.0874196 0.113363
302 0.102444 0.0104879 0.0919563 0.112932
303 0.101311 0.0118205 0.0894905 0.113131
304 0.103492 0.0096899 0.0938021 0.113182
305 0.0997714 0.0114369 0.0883345 0.111208
306 0.0969917 0.0130112 0.0839805 0.110003
307 0.0980822 0.0144925 0.0835897 0.112575
308 0.0963288 0.0136527 0.0826761 0.109981
309 0.0982532 0.01396 0.0842932 0.112213
310 0.0965213 0.0135067 0.0830145 0.110028
311 0.0970986 0.0137811 0.0833175 0.11088
312 0.0992582 0.0122729 0.0869853 0.111531
313 0.100819 0.0134299 0.0873893 0.114249
314 0.0995362 0.0133239 0.0862123 0.11286
315 0.0993438 0.0152799 0.0840638 0.114624
316 0.0974835 0.0145367 0.0829468 0.11202
317 0.0976332 0.0147903 0.0828428 0.112423
318 0.0952383 0.0140164 0.0812219 0.109255
319 0.0955804 0.0101512 0.0854292 0.105732
320 0.09712 0.0171312 0.0799888 0.114251
321 0.0925868 0.0140798 0.0785071 0.106667
322 0.0937843 0.0136956 0.0800886 0.10748
323 0.0966923 0.0157942 0.0808981 0.112486
324 0.0968206 0.0149779 0.0818428 0.111798
325 0.0954307 0.0137903 0.0816405 0.109221
326 0.0946823 0.016728 0.0779544 0.11141
327 0.0932711 0.0149611 0.0783101 0.108232
328 0.0965213 0.0169445 0.0795768 0.113466
329 0.100969 0.0164148 0.0845541 0.117384
330 0.100349 0.0180474 0.0823014 0.118396
331 0.0998142 0.0183485 0.0814657 0.118163
332 0.0959867 0.0171629 0.0788238 0.11315
333 0.0982105 0.0150715 0.083139 0.113282
334 0.108816 0.0705518 0.0382645 0.179368
335 0.0889304 0.0131266 0.0758039 0.102057
336 0.0904486 0.0145794 0.0758691 0.105028
337 0.0923516 0.0139033 0.0784483 0.106255
338 0.0882889 0.0131718 0.0751172 0.101461
339 0.0882461 0.0167754 0.0714708 0.105022
340 0.0834565 0.0159276 0.0675289 0.099384
341 0.0847822 0.0164765 0.0683057 0.101259
342 0.086728 0.0161173 0.0706108 0.102845
343 0.0996859 0.067818 0.0318679 0.167504
344 0.0869205 0.0130528 0.0738677 0.0999733
345 0.0870274 0.0115494 0.075478 0.0985768
346 0.0922661 0.0108786 0.0813875 0.103145
347 0.0933139 0.00980677 0.0835071 0.103121
348 0.0947679 0.0115912 0.0831767 0.106359
349 0.0911756 0.0112649 0.0799107 0.102441
350 0.0911114 0.0120348 0.0790766 0.103146
351 0.0904058 0.0112159 0.0791899 0.101622
352 0.0925227 0.00830602 0.0842167 0.100829
353 0.0898713 0.0113962 0.0784751 0.101267
354 0.092373 0.0157293 0.0766438 0.108102
355 0.0884173 0.0134944 0.0749229 0.101912
356 0.0887594 0.0141219 0.0746375 0.102881
357 0.0902775 0.0183083 0.0719692 0.108586
358 0.0892084 0.0152591 0.0739493 0.104468
359 0.0937629 0.0170643 0.0766986 0.110827
360 0.0910259 0.0154567 0.0755692 0.106483
361 0.0909404 0.0165349 0.0744055 0.107475
362 0.0934635 0.0151744 0.0782891 0.108638
363 0.094105 0.0151786 0.0789264 0.109284
364 0.0944258 0.0160062 0.0784195 0.110432
365 0.0969061 0.0143135 0.0825926 0.11122
366 0.098018 0.0124215 0.0855965 0.11044
367 0.0968848 0.0132741 0.0836107 0.110159
368 0.0962433 0.0144199 0.0818234 0.110663
369 0.0987451 0.0135147 0.0852303 0.11226
370 0.093934 0.015927 0.078007 0.109861
371 0.0964144 0.0168972 0.0795172 0.113312
372 0.0935277 0.0177742 0.0757535 0.111302
373 0.0953025 0.0163424 0.07896 0.111645
374 0.0933353 0.0156703 0.0776649 0.109006
375 0.0911756 0.014577 0.0765986 0.105753
376 0.0905983 0.014757 0.0758413 0.105355
377 0.0922875 0.0141756 0.0781119 0.106463
378 0.0928435 0.0133814 0.079462 0.106225
379 0.0962647 0.0118367 0.084428 0.108101
380 0.0915605 0.0112676 0.0802929 0.102828
381 0.0919881 0.0115584 0.0804297 0.103547
382 0.0973124 0.0210956 0.0762168 0.118408
383 0.0936132 0.0122012 0.0814121 0.105814
384 0.0924372 0.0126207 0.0798165 0.105058
385 0.0922875 0.0154622 0.0768253 0.10775
386 0.0922875 0.0133867 0.0789008 0.105674
387 0.0911114 0.0143027 0.0768087 0.105414
388 0.0912825 0.0149112 0.0763713 0.106194
389 0.090641 0.0140453 0.0765957 0.104686
390 0.0918171 0.0133137 0.0785033 0.105131
391 0.0909831 0.0139672 0.0770159 0.10495
392 0.0913894 0.014618 0.0767714 0.106007
393 0.0916246 0.0129572 0.0786675 0.104582
394 0.0897002 0.0136848 0.0760154 0.103385
395 0.0859582 0.0141223 0.071836 0.100081
396 0.0879041 0.0167804 0.0711237 0.104684
397 0.0897643 0.0156388 0.0741255 0.105403
398 0.0895291 0.0169554 0.0725738 0.106485
399 0.0905555 0.0170327 0.0735228 0.107588
400 0.0915177 0.015466 0.0760517 0.106984
401 0.0921592 0.0163151 0.0758441 0.108474
402 0.0907907 0.0163887 0.074402 0.107179
403 0.0950245 0.015403 0.0796215 0.110427
404 0.0896788 0.0163446 0.0733342 0.106023
405 0.0914322 0.0164057 0.0750265 0.107838
406 0.0924158 0.0215742 0.0708416 0.11399
407 0.0967137 0.0159545 0.0807592 0.112668
408 0.0948107 0.0172504 0.0775602 0.112061
409 0.0922447 0.0182779 0.0739668 0.110523
410 0.0953452 0.0193423 0.076003 0.114687
411 0.0893581 0.0163833 0.0729747 0.105741
412 0.0968634 0.0148109 0.0820524 0.111674
413 0.0962433 0.0159466 0.0802967 0.11219
414 0.0965212 0.0157479 0.0807733 0.112269
415 0.0961791 0.0158837 0.0802955 0.112063
416 0.108602 0.0290661 0.0795364 0.137669
417 0.101995 0.014265 0.0877303 0.11626
418 0.100477 0.016844 0.083633 0.117321
419 0.0991513 0.0169586 0.0821927 0.11611
420 0.0971414 0.0165166 0.0806247 0.113658
421 0.0994507 0.0174567 0.081994 0.116907
422 0.099023 0.0177954 0.0812276 0.116818
423 0.101568 0.0161024 0.0854651 0.11767
424 0.0968848 0.0163867 0.0804981 0.113271
425 0.0987237 0.0171516 0.081572 0.115875
426 0.100712 0.0184796 0.0822327 0.119192
427 0.104433 0.0150735 0.0893593 0.119506
428 0.102594 0.0149946 0.0875993 0.117589
429 0.100712 0.0135421 0.0871701 0.114254
430 0.108111 0.0155213 0.0925894 0.123632
431 0.106785 0.0124469 0.094338 0.119232
432 0.101354 0.0134401 0.0879136 0.114794
433 0.0978256 0.014028 0.0837976 0.111854
434 0.0991941 0.0158788 0.0833152 0.115073
435 0.0980822 0.0162025 0.0818797 0.114285
436 0.0941692 0.0176106 0.0765586 0.11178
437 0.0931642 0.0167672 0.076397 0.109931
438 0.0942761 0.0157974 0.0784787 0.110073
439 0.0954307 0.0148046 0.0806261 0.110235
440 0.094105 0.0153833 0.0787217 0.109488
441 0.0976545 0.0163105 0.081344 0.113965
442 0.0989803 0.013261 0.0857192 0.112241
443 0.0982105 0.0148933 0.0833172 0.113104
444 0.0988092 0.0130525 0.0857567 0.111862
445 0.0990016 0.0141193 0.0848823 0.113121
446 0.0978256 0.0137953 0.0840303 0.111621
447 0.0988092 0.0138063 0.0850029 0.112615
448 0.100734 0.0124486 0.088285 0.113182
449 0.0996217 0.0173215 0.0823002 0.116943
450 0.104326 0.0146757 0.0896502 0.119002
451 0.102359 0.013329 0.0890297 0.115688
452 0.0982533 0.0155438 0.0827095 0.113797
453 0.0979111 0.0154627 0.0824484 0.113374
454 0.0964785 0.0139492 0.0825293 0.110428
455 0.0944471 0.0150424 0.0794048 0.10949
456 0.0937201 0.0130082 0.080712 0.106728
457 0.0941264 0.0117848 0.0823416 0.105911
458 0.0922447 0.0125624 0.0796823 0.104807
459 0.093656 0.0139765 0.0796795 0.107632
460 0.0923089 0.0150587 0.0772501 0.107368
461 0.0913039 0.0146452 0.0766587 0.105949
462 0.0946182 0.0127852 0.081833 0.107403
463 0.0935277 0.0118484 0.0816792 0.105376
464 0.0951742 0.0100762 0.085098 0.10525
465 0.118845 0.111808 0.00703713 0.230652
466 0.0958584 0.0124073 0.0834511 0.108266
467 0.0933994 0.0115635 0.0818359 0.104963
468 0.0927579 0.0112408 0.0815171 0.103999
469 0.0921592 0.0121407 0.0800185 0.1043
470 0.0936774 0.0115018 0.0821756 0.105179
471 0.098852 0.0120703 0.0867816 0.110922
472 0.0966923 0.00980051 0.0868918 0.106493
473 0.102444 0.0142129 0.0882313 0.116657
474 0.098574 0.00593421 0.0926398 0.104508
475 0.101525 0.00877406 0.0927507 0.110299
476 0.100691 0.00941755 0.0912733 0.110108
477 0.0983602 0.00994053 0.0884196 0.108301
478 0.0980822 0.00915844 0.0889237 0.107241
479 0.0992368 0.00972145 0.0895154 0.108958
480 0.102444 0.0126143 0.08983 0.115059
481 0.0989803 0.0101422 0.0888381 0.109122
482 0.0981463 0.0101584 0.0879879 0.108305
483 0.0969275 0.0138022 0.0831253 0.11073
484 0.0950886 0.0145874 0.0805012 0.109676
485 0.0947465 0.0142046 0.0805419 0.108951
486 0.0967137 0.0147477 0.081966 0.111461
487 0.0986168 0.0113464 0.0872703 0.109963
488 0.0999853 0.0104444 0.0895409 0.11043
489 0.0995362 0.00651223 0.093024 0.106048
490 0.099023 0.00950455 0.0895185 0.108528
491 0.0979325 0.00843246 0.0895001 0.106365
492 0.0975049 0.013808 0.0836969 0.111313
493 0.122565 0.11699 0.00557553 0.239555
494 0.0951741 0.0163515 0.0788227 0.111526
495 0.0985954 0.0187985 0.0797969 0.117394
496 0.0951314 0.0163794 0.078752 0.111511
497 0.0934635 0.0166913 0.0767722 0.110155
498 0.0970772 0.0178444 0.0792328 0.114922
499 0.0925013 0.0161425 0.0763589 0.108644
500 0.0962647 0.0141752 0.0820895 0.11044
501 0.0942119 0.0133419 0.08087 0.107554
502 0.0921164 0.0136276 0.0784888 0.105744
503 0.0904486 0.0139722 0.0764764 0.104421
504 0.0917529 0.0148196 0.0769334 0.106572
505 0.0927793 0.0145719 0.0782074 0.107351
506 0.0903203 0.0141995 0.0761208 0.10452
507 0.0898499 0.0146747 0.0751751 0.104525
508 0.0904486 0.0148017 0.0756469 0.10525
509 0.092651 0.0127239 0.0799271 0.105375
510 0.0934849 0.0175304 0.0759546 0.111015
511 0.0917529 0.0177073 0.0740456 0.10946
512 0.0942119 0.0168726 0.0773394 0.111084
513 0.0929504 0.0181127 0.0748377 0.111063
514 0.0926082 0.0171288 0.0754794 0.109737
515 0.0964999 0.0138095 0.0826904 0.110309
516 0.0957515 0.012407 0.0833445 0.108159
517 0.0949389 0.013432 0.081507 0.108371
518 0.0932925 0.0125633 0.0807292 0.105856
519 0.0943188 0.0138737 0.0804452 0.108193
520 0.0900209 0.0143053 0.0757157 0.104326
521 0.0934635 0.0136229 0.0798406 0.107086
522 0.0942333 0.0140054 0.0802279 0.108239
523 0.0936132 0.0112692 0.082344 0.104882
524 0.0958798 0.0140069 0.0818729 0.109887
525 0.0968847 0.013261 0.0836237 0.110146
526 0.099301 0.013167 0.086134 0.112468
527 0.0972055 0.0173282 0.0798773 0.114534
528 0.0936773 0.0162421 0.0774353 0.109919
529 0.0915177 0.0168193 0.0746984 0.108337
530 0.09047 0.018359 0.072111 0.108829
531 0.0898071 0.0184655 0.0713416 0.108273
532 0.0963288 0.01978 0.0765488 0.116109
533 0.0944258 0.0181077 0.076318 0.112534
534 0.0987023 0.0155442 0.0831581 0.114247
535 0.0988092 0.0148701 0.0839391 0.113679
536 0.100926 0.013808 0.0871181 0.114734
537 0.102102 0.0138251 0.088277 0.115927
538 0.100755 0.0119318 0.0888233 0.112687
539 0.101696 0.0122838 0.0894121 0.11398
540 0.101781 0.015545 0.0862364 0.117326
541 0.0989375 0.0174958 0.0814417 0.116433
542 0.0950245 0.0143392 0.0806853 0.109364
543 0.0958156 0.0147081 0.0811076 0.110524
544 0.099023 0.0156917 0.0833313 0.114715
545 0.101204 0.0142057 0.0869983 0.11541
546 0.0989375 0.0137929 0.0851446 0.11273
547 0.101439 0.0149755 0.0864637 0.116415
548 0.101824 0.0128488 0.0889754 0.114673
549 0.102466 0.0125357 0.0899299 0.115001
550 0.0972697 0.0118 0.0854697 0.10907
551 0.0977187 0.00997036 0.0877483 0.107689
552 0.0976118 0.0137209 0.0838909 0.111333
553 0.0973124 0.0139059 0.0834065 0.111218
554 0.09712 0.0125105 0.0846095 0.10963
555 0.0956873 0.0139966 0.0816907 0.109684
556 0.0979753 0.012616 0.0853592 0.110591
557 0.0967779 0.011982 0.0847959 0.10876
558 0.0972697 0.0130034 0.0842663 0.110273
559 0.0958798 0.0126057 0.0832741 0.108485
560 0.0973766 0.0110828 0.0862938 0.108459
561 0.0944899 0.0133812 0.0811087 0.107871
562 0.094832 0.0122236 0.0826084 0.107056
563 0.0927579 0.0134815 0.0792764 0.106239
564 0.0972269 0.0158493 0.0813776 0.113076
565 0.0945541 0.014128 0.0804261 0.108682
566 0.0928221 0.0128911 0.079931 0.105713
567 0.101161 0.00745696 0.0937043 0.108618
568 0.0962433 0.0101935 0.0860498 0.106437
569 0.0944899 0.011644 0.0828459 0.106134
570 0.0960294 0.0143327 0.0816967 0.110362
571 0.0941905 0.0127034 0.0814871 0.106894
572 0.0947679 0.0133256 0.0814422 0.108093
573 0.0976332 0.0118924 0.0857408 0.109526
574 0.106443 0.012753 0.0936898 0.119196
575 0.103535 0.0111255 0.0924093 0.11466
576 0.104839 0.0176705 0.0871686 0.12251
577 0.101781 0.016879 0.0849024 0.11866
578 0.0979325 0.0174202 0.0805122 0.115353
579 0.0990872 0.0176834 0.0814038 0.116771
580 0.0961364 0.0179643 0.0781721 0.114101
581 0.0936346 0.0192916 0.074343 0.112926
582 0.0956018 0.0163459 0.0792559 0.111948
583 0.0933994 0.0179351 0.0754643 0.111335
584 0.0965213 0.0166165 0.0799048 0.113138
585 0.0982532 0.0143865 0.0838668 0.11264
586 0.102166 0.0139613 0.0882049 0.116128
587 0.100969 0.013029 0.0879399 0.113998
588 0.0983388 0.0145059 0.0838329 0.112845
589 0.0981249 0.0160797 0.0820453 0.114205
590 0.0964998 0.0160608 0.0804391 0.112561
591 0.100712 0.0173036 0.0834087 0.118016
592 0.101803 0.0170919 0.0847108 0.118895
593 0.0970344 0.0176237 0.0794107 0.114658
594 0.0994293 0.0183923 0.081037 0.117822
595 0.102701 0.0183643 0.0843365 0.121065
596 0.0992155 0.018173 0.0810425 0.117388
597 0.0996003 0.0163629 0.0832374 0.115963
598 0.101439 0.016914 0.0845253 0.118353
599 0.09975 0.0133753 0.0863748 0.113125
600 0.0982532 0.0149739 0.0832794 0.113227
601 0.100263 0.0133339 0.0869293 0.113597
602 0.13161 0.141666 -0.0100557 0.273276
603 0.100691 0.0148473 0.0858436 0.115538
604 0.102551 0.0130295 0.0895217 0.115581
605 0.104112 0.0112802 0.0928319 0.115392
606 0.101054 0.0126791 0.0883753 0.113733
607 0.0976973 0.013902 0.0837953 0.111599
608 0.0976973 0.0155312 0.0821661 0.113229
609 0.0963074 0.0167346 0.0795728 0.113042
610 0.10223 0.0314761 0.0707543 0.133706
611 0.101161 0.0174498 0.0837115 0.118611
612 0.0997073 0.0152146 0.0844926 0.114922
613 0.0987664 0.0148676 0.0838988 0.113634
614 0.102017 0.0158084 0.0862082 0.117825
615 0.0973979 0.0160435 0.0813545 0.113441
616 0.100862 0.0186823 0.0821797 0.119544
617 0.132081 0.132343 -0.000262572 0.264424
618 0.102059 0.0164211 0.0856382 0.11848
619 0.098574 0.0154941 0.0830799 0.114068
620 0.104518 0.0111759 0.0933425 0.115694
621 0.104048 0.0119728 0.0920751 0.116021
622 0.102893 0.0126887 0.0902046 0.115582
623 0.100028 0.0139325 0.0860955 0.113961
624 0.0975262 0.0133154 0.0842109 0.110842
625 0.0970344 0.0134896 0.0835448 0.110524
626 0.096393 0.01427 0.0821229 0.110663
627 0.0960508 0.0150473 0.0810035 0.111098
628 0.100049 0.0123927 0.0876567 0.112442
629 0.100477 0.0127513 0.0877258 0.113228
630 0.0999425 0.0196549 0.0802876 0.119597
631 0.0947251 0.0132154 0.0815097 0.107941
632 0.100413 0.0148591 0.0855538 0.115272
633 0.0976331 0.0148193 0.0828138 0.112452
634 0.0962433 0.0142013 0.0820419 0.110445
635 0.0986595 0.0139313 0.0847282 0.112591
636 0.0984885 0.0140451 0.0844434 0.112534
637 0.0972697 0.0164519 0.0808178 0.113722
638 0.0942547 0.0154468 0.0788079 0.109701
639 0.0934422 0.0145569 0.0788853 0.107999
640 0.0951314 0.0143123 0.0808191 0.109444
641 0.0917743 0.0149412 0.0768331 0.106715
642 0.0898499 0.0150701 0.0747798 0.10492
643 0.0899568 0.0155317 0.0744251 0.105488
644 0.0907907 0.0155915 0.0751992 0.106382
645 0.0876475 0.0148768 0.0727706 0.102524
646 0.0864287 0.0148673 0.0715614 0.101296
647 0.0870273 0.0168223 0.070205 0.10385
648 0.0865356 0.0168911 0.0696445 0.103427
649 0.0877971 0.0161821 0.0716151 0.103979
650 0.0840766 0.0154325 0.068644 0.0995091
651 0.0814893 0.0146389 0.0668503 0.0961282
652 0.0887166 0.0177012 0.0710154 0.106418
653 0.0874764 0.0159214 0.071555 0.103398
654 0.0909618 0.0135742 0.0773875 0.104536
655 0.0931214 0.0141131 0.0790083 0.107235
656 0.093934 0.0128575 0.0810764 0.106792
657 0.0931856 0.0149164 0.0782692 0.108102
658 0.0964999 0.0190271 0.0774728 0.115527
659 0.0932497 0.0161155 0.0771343 0.109365
660 0.0918385 0.0151494 0.0766891 0.106988
661 0.0879682 0.0148249 0.0731433 0.102793
662 0.0963502 0.0164132 0.079937 0.112763
663 0.0969917 0.0154012 0.0815905 0.112393
664 0.127334 0.128405 -0.00107115 0.255738
665 0.10191 0.0171515 0.0847581 0.119061
666 0.100755 0.014191 0.086564 0.114946
667 0.100349 0.01702 0.0833288 0.117369
668 0.0931214 0.0150798 0.0780416 0.108201
669 0.096286 0.0249308 0.0713552 0.121217
670 0.0965426 0.0219277 0.0746149 0.11847
671 0.0986809 0.0259233 0.0727576 0.124604
672 0.0972697 0.015961 0.0813087 0.113231
673 0.0909832 0.0167424 0.0742407 0.107726
674 0.0889732 0.0171816 0.0717916 0.106155
675 0.0886952 0.0162437 0.0724515 0.104939
676 0.0860438 0.0155824 0.0704613 0.101626
677 0.08846 0.0138834 0.0745766 0.102343
678 0.0873054 0.013863 0.0734423 0.101168
679 0.0870915 0.0136931 0.0733984 0.100785
680 0.0871129 0.0137323 0.0733806 0.100845
681 0.0891229 0.0138565 0.0752664 0.102979
682 0.0896575 0.0160163 0.0736411 0.105674
683 0.089465 0.0146795 0.0747855 0.104144
684 0.0896788 0.0156296 0.0740492 0.105308
685 0.0965854 0.0173304 0.079255 0.113916
686 0.0922234 0.0138234 0.0784 0.106047
687 0.0935705 0.01424 0.0793304 0.10781
688 0.0930786 0.0146225 0.0784561 0.107701
689 0.0921378 0.0149131 0.0772248 0.107051
690 0.0902348 0.0124659 0.0777689 0.102701
691 0.0929718 0.0149638 0.0780079 0.107936
692 0.0900423 0.0137917 0.0762506 0.103834
693 0.0895078 0.0143657 0.0751421 0.103873
694 0.0888876 0.0152327 0.073655 0.10412
695 0.0890373 0.0149462 0.0740911 0.103984
696 0.0901065 0.0148261 0.0752803 0.104933
697 0.0927793 0.0149852 0.0777941 0.107765
698 0.0924586 0.01521 0.0772486 0.107669
699 0.0928648 0.0154933 0.0773715 0.108358
700 0.0964143 0.0173542 0.0790601 0.113769
701 0.0979111 0.0154657 0.0824455 0.113377
702 0.0974193 0.0149407 0.0824786 0.11236
703 0.0951314 0.0142284 0.080903 0.10936
704 0.0952383 0.015681 0.0795573 0.110919
705 0.0942975 0.0144516 0.0798459 0.108749
706 0.0930573 0.0170109 0.0760463 0.110068
707 0.092373 0.0153925 0.0769805 0.107766
708 0.091646 0.0165784 0.0750676 0.108224
709 0.093207 0.0159334 0.0772735 0.10914
710 0.0928221 0.0154041 0.077418 0.108226
711 0.0952383 0.0144759 0.0807623 0.109714
712 0.117605 0.107566 0.0100388 0.22517
713 0.0879041 0.0151931 0.072711 0.103097
714 0.0912825 0.0147652 0.0765173 0.106048
715 0.0912184 0.0140802 0.0771382 0.105299
716 0.0936132 0.0127852 0.080828 0.106398
717 0.0904272 0.013965 0.0764622 0.104392
718 0.0920095 0.013396 0.0786135 0.105406
719 0.0937629 0.0122908 0.0814721 0.106054
720 0.093378 0.0116697 0.0817083 0.105048
721 0.0925013 0.0146942 0.0778072 0.107195
722 0.0925441 0.0151714 0.0773727 0.107715
723 0.0913894 0.0182644 0.0731251 0.109654
724 0.0911756 0.0141317 0.0770439 0.105307
725 0.0886524 0.0156699 0.0729825 0.104322
726 0.091475 0.0145897 0.0768852 0.106065
727 0.0934849 0.01519 0.0782949 0.108675
728 0.0931214 0.0139062 0.0792152 0.107028
729 0.0917102 0.0128278 0.0788824 0.104538
730 0.0905555 0.0125061 0.0780494 0.103062
731 0.0886524 0.0119453 0.0767071 0.100598
732 0.0847394 0.0137471 0.0709923 0.0984865
733 0.0837986 0.0155465 0.0682521 0.0993451
734 0.0846111 0.0150873 0.0695238 0.0996984
735 0.0868777 0.015063 0.0718147 0.101941
736 0.0923944 0.0131426 0.0792519 0.105537
737 0.0960081 0.014981 0.0810271 0.110989
738 0.0954735 0.0100493 0.0854242 0.105523
739 0.0930359 0.0122121 0.0808238 0.105248
740 0.0976118 0.0119978 0.0856139 0.10961
741 0.102487 0.0123859 0.0901011 0.114873
742 0.0992796 0.0167339 0.0825457 0.116013
743 0.0957943 0.0178629 0.0779313 0.113657
744 0.0945327 0.019329 0.0752037 0.113862
745 0.0974621 0.0137048 0.0837572 0.111167
746 0.096671 0.0162426 0.0804283 0.112914
747 0.097291 0.014162 0.083129 0.111453
748 0.0936773 0.0139538 0.0797235 0.107631
749 0.0929076 0.0146141 0.0782935 0.107522
750 0.0913253 0.0158292 0.0754961 0.107154
751 0.0897216 0.015969 0.0737525 0.105691
752 0.0920737 0.0172531 0.0748206 0.109327
753 0.0944471 0.014531 0.0799162 0.108978
754 0.0945327 0.0148756 0.0796571 0.109408
755 0.0960081 0.0152184 0.0807897 0.111226
756 0.0961364 0.0139834 0.082153 0.11012
757 0.0954094 0.0139561 0.0814533 0.109365
758 0.0982532 0.0105699 0.0876833 0.108823
759 0.0991513 0.0115326 0.0876187 0.110684
760 0.0988306 0.0116388 0.0871918 0.110469
761 0.101781 0.0113154 0.090466 0.113097
762 0.100071 0.013069 0.0870018 0.11314
763 0.0998784 0.0131933 0.0866851 0.113072
764 0.0959012 0.0139088 0.0819923 0.10981
765 0.0921592 0.0140759 0.0780833 0.106235
766 0.0903417 0.0139607 0.076381 0.104302
767 0.0867708 0.0148728 0.071898 0.101644
768 0.091197 0.0158646 0.0753323 0.107062
769 0.0925868 0.0146639 0.0779229 0.107251
770 0.123378 0.115982 0.00739556 0.23936
771 0.100755 0.0249815 0.0757736 0.125736
772 0.0934849 0.014107 0.079378 0.107592
773 0.0960936 0.0102637 0.0858298 0.106357
774 0.0952597 0.0121651 0.0830946 0.107425
775 0.0896574 0.013254 0.0764035 0.102911
776 0.111617 0.114612 -0.00299413 0.226229
777 0.0818742 0.0159753 0.0658989 0.0978494
778 0.0823232 0.017949 0.0643742 0.100272
779 0.0868563 0.0185159 0.0683404 0.105372
780 0.087455 0.0169948 0.0704602 0.10445
781 0.0905983 0.0168189 0.0737793 0.107417
782 0.0912611 0.0167623 0.0744988 0.108023
783 0.0923517 0.0145794 0.0777722 0.106931
784 0.0906197 0.0156727 0.0749469 0.106292
785 0.092095 0.0142642 0.0778308 0.106359
786 0.0877758 0.0154174 0.0723584 0.103193
787 0.088909 0.0177163 0.0711927 0.106625
788 0.0875405 0.0143306 0.07321 0.101871
789 0.0859796 0.0146414 0.0713382 0.100621
790 0.0869205 0.0146996 0.0722208 0.10162
791 0.086899 0.0155936 0.0713055 0.102493
792 0.091924 0.0169409 0.0749831 0.108865
793 0.0913894 0.0153205 0.0760689 0.10671
794 0.0907266 0.0150685 0.0756581 0.105795
795 0.0896147 0.0148183 0.0747963 0.104433
796 0.0922661 0.0145433 0.0777228 0.106809
797 0.0908976 0.014437 0.0764606 0.105335
798 0.0930786 0.0138788 0.0791998 0.106957
799 0.0935277 0.0142069 0.0793208 0.107735
