# ../output/graphs/perf_parallel52BIPED_thread4
# step - mean (0.059345) - standard deviation (0.323995) r=20 - ylow - yhigh
0 0.446304 0.207835 0.23847 0.654139
1 0.0620998 0.040986 0.0211137 0.103086
2 0.108074 0.13484 -0.0267662 0.242914
3 0.0757929 0.117364 -0.0415708 0.193157
4 0.120746 0.298696 -0.17795 0.419442
5 0.0776547 0.117527 -0.0398724 0.195182
6 0.0811531 0.115917 -0.0347639 0.19707
7 0.101002 0.155691 -0.054689 0.256693
8 0.058241 0.0460394 0.0122016 0.10428
9 0.0667692 0.0824042 -0.0156349 0.149173
10 0.0466799 0.00246617 0.0442137 0.0491461
11 0.0704928 0.0751647 -0.00467189 0.145658
12 0.087249 0.15545 -0.0682011 0.242699
13 0.0934049 0.143328 -0.0499233 0.236733
14 0.0472204 0.00553858 0.0416819 0.052759
15 0.0493525 0.0101382 0.0392143 0.0594906
16 0.0597275 0.0420409 0.0176866 0.101768
17 0.073766 0.114226 -0.0404601 0.187992
18 0.0656281 0.0795128 -0.0138846 0.145141
19 0.0471604 0.00640924 0.0407511 0.0535696
20 0.0477009 0.00740763 0.0402933 0.0551085
21 0.05719 0.0392819 0.0179081 0.096472
22 0.0543973 0.0261015 0.0282958 0.0804989
23 0.0466048 0.00565756 0.0409473 0.0522624
24 0.0447881 0.000705998 0.0440821 0.0454941
25 0.050929 0.021833 0.029096 0.072762
26 0.045704 0.0028937 0.0428103 0.0485977
27 0.0501783 0.0198086 0.0303697 0.0699869
28 0.0542172 0.0265572 0.0276599 0.0807744
29 0.0462595 0.00311994 0.0431396 0.0493794
30 0.0688863 0.0846576 -0.0157714 0.153544
31 0.0480462 0.0088847 0.0391615 0.0569309
32 0.0688112 0.0474501 0.0213611 0.116261
33 0.0461094 0.00228392 0.0438254 0.0483933
34 0.058166 0.0315825 0.0265835 0.0897485
35 0.069637 0.0572696 0.0123674 0.126907
36 0.0494576 0.0017538 0.0477038 0.0512114
37 0.0530611 0.0146087 0.0384523 0.0676698
38 0.0584963 0.0426006 0.0158957 0.101097
39 0.0540971 0.0144262 0.0396709 0.0685232
40 0.0512143 0.00721848 0.0439958 0.0584328
41 0.0816486 0.138654 -0.0570058 0.220303
42 0.0697421 0.0871756 -0.0174335 0.156918
43 0.100297 0.154518 -0.0542213 0.254814
44 0.0599076 0.0501245 0.00978318 0.110032
45 0.0486018 0.000834755 0.047767 0.0494365
46 0.0485567 0.000658585 0.0478981 0.0492153
47 0.0491273 0.00214323 0.046984 0.0512705
48 0.0578507 0.0305236 0.027327 0.0883743
49 0.0669945 0.0639796 0.00301488 0.130974
50 0.0577906 0.0318831 0.0259075 0.0896737
51 0.0491723 0.00163064 0.0475417 0.050803
52 0.0489021 0.00181488 0.0470872 0.0507169
53 0.0483165 0.000716301 0.0476002 0.0490328
54 0.0582711 0.0385858 0.0196852 0.0968569
55 0.0486018 0.000693108 0.0479087 0.0492949
56 0.0536166 0.0205511 0.0330654 0.0741677
57 0.0509891 0.00685462 0.0441344 0.0578437
58 0.0576405 0.0194789 0.0381616 0.0771194
59 0.0489321 0.00118405 0.047748 0.0501161
60 0.0492474 0.00254981 0.0466976 0.0517972
61 0.0496077 0.00475045 0.0448573 0.0543582
62 0.0524154 0.0104172 0.0419982 0.0628327
63 0.0544874 0.0252772 0.0292102 0.0797646
64 0.060238 0.0183332 0.0419047 0.0785712
65 0.0502834 0.00485547 0.0454279 0.0551389
66 0.0514996 0.00640573 0.0450938 0.0579053
67 0.0912428 0.18173 -0.0904874 0.272973
68 0.0660035 0.06991 -0.00390648 0.135913
69 0.0511542 0.0076831 0.0434711 0.0588373
70 0.0558537 0.0292187 0.026635 0.0850725
71 0.0491123 0.00179289 0.0473194 0.0509051
72 0.0630006 0.052636 0.0103646 0.115637
73 0.0534364 0.0116806 0.0417558 0.065117
74 0.0511692 0.00522658 0.0459427 0.0563958
75 0.0778049 0.126138 -0.048333 0.203943
76 0.0539469 0.0209287 0.0330182 0.0748756
77 0.0503735 0.0052708 0.0451027 0.0556443
78 0.0561841 0.0298725 0.0263116 0.0860565
79 0.0910476 0.107607 -0.0165595 0.198655
80 0.0489021 0.00117947 0.0477226 0.0500815
81 0.0496378 0.00290847 0.0467293 0.0525462
82 0.0730002 0.0794967 -0.00649651 0.152497
83 0.0484516 0.000345984 0.0481056 0.0487976
84 0.0679404 0.0748897 -0.0069493 0.14283
85 0.048827 0.00116456 0.0476624 0.0499915
86 0.106618 0.158137 -0.0515199 0.264755
87 0.0738411 0.0616533 0.0121878 0.135494
88 0.080027 0.122019 -0.0419915 0.202046
89 0.069607 0.0813174 -0.0117104 0.150924
90 0.0489021 0.00196976 0.0469323 0.0508718
91 0.049908 0.00324479 0.0466632 0.0531528
92 0.0514695 0.00835883 0.0431107 0.0598284
93 0.0574303 0.0290963 0.028334 0.0865265
94 0.0492774 0.00242454 0.0468529 0.051702
95 0.0517098 0.0115557 0.0401541 0.0632655
96 0.0543823 0.0109989 0.0433834 0.0653812
97 0.0506137 0.00702925 0.0435845 0.0576429
98 0.0585263 0.0323913 0.026135 0.0909176
99 0.0487069 0.00503161 0.0436753 0.0537385
100 0.048842 0.00530864 0.0435334 0.0541506
101 0.0676701 0.0528511 0.014819 0.120521
102 0.0480612 0.00244966 0.0456116 0.0505109
103 0.0583161 0.0430058 0.0153103 0.101322
104 0.051995 0.00886655 0.0431285 0.0608616
105 0.0564393 0.0313641 0.0250752 0.0878034
106 0.0508539 0.0063554 0.0444985 0.0572093
107 0.0807327 0.125083 -0.0443502 0.205816
108 0.0628655 0.0659158 -0.00305031 0.128781
109 0.0651177 0.0699042 -0.00478657 0.135022
110 0.0474006 0.00145035 0.0459503 0.048851
111 0.0556736 0.0309687 0.0247049 0.0866423
112 0.0586765 0.0270095 0.0316669 0.085686
113 0.0559588 0.023534 0.0324249 0.0794928
114 0.0601329 0.0351421 0.0249907 0.095275
115 0.0532412 0.012414 0.0408272 0.0656552
116 0.0622649 0.0398614 0.0224035 0.102126
117 0.0486618 0.000687884 0.0479739 0.0493497
118 0.0709883 0.0795651 -0.00857678 0.150553
119 0.0508239 0.00707107 0.0437528 0.057895
120 0.0793664 0.0891675 -0.0098011 0.168534
121 0.05198 0.00972069 0.0422593 0.0617007
122 0.0484066 0.0010852 0.0473214 0.0494918
123 0.048857 0.00267763 0.0461794 0.0515346
124 0.0487669 0.00125763 0.0475093 0.0500246
125 0.0484967 0.000970728 0.0475259 0.0494674
126 0.0495777 0.0057275 0.0438502 0.0553052
127 0.0489621 0.00190506 0.0470571 0.0508672
128 0.0599977 0.0182156 0.0417821 0.0782133
129 0.0663639 0.0718676 -0.00550376 0.138231
130 0.0804024 0.0928189 -0.0124165 0.173221
131 0.0641717 0.0567673 0.0074045 0.120939
132 0.048797 0.00224816 0.0465488 0.0510451
133 0.0595773 0.0478825 0.0116948 0.10746
134 0.0671296 0.0450692 0.0220604 0.112199
135 0.0541571 0.017493 0.0366641 0.0716501
136 0.0497128 0.00600914 0.0437037 0.055722
137 0.0713637 0.0642199 0.00714378 0.135584
138 0.0487819 0.00363396 0.045148 0.0524159
139 0.0662437 0.0655055 0.000738242 0.131749
140 0.0518899 0.0165847 0.0353052 0.0684746
141 0.0502984 0.00583558 0.0444628 0.056134
142 0.0653879 0.0419323 0.0234556 0.10732
143 0.0511542 0.00884466 0.0423096 0.0599989
144 0.0491423 0.00298221 0.0461601 0.0521245
145 0.0647723 0.0603278 0.00444457 0.1251
146 0.0489021 0.00252542 0.0463766 0.0514275
147 0.0482114 0.00146643 0.046745 0.0496778
148 0.0744867 0.0850939 -0.0106073 0.159581
149 0.0497278 0.00537542 0.0443524 0.0551033
150 0.0512894 0.00808419 0.0432052 0.0593735
151 0.0566195 0.0249181 0.0317014 0.0815376
152 0.0502684 0.00592597 0.0443424 0.0561943
153 0.0574753 0.0259597 0.0315156 0.083435
154 0.0498179 0.0044741 0.0453438 0.054292
155 0.0507038 0.008708 0.0419958 0.0594118
156 0.0723546 0.0823733 -0.0100187 0.154728
157 0.0491273 0.002634 0.0464933 0.0517613
158 0.0516797 0.00783052 0.0438492 0.0595102
159 0.0783754 0.123375 -0.0449993 0.20175
160 0.0692016 0.0224524 0.0467492 0.091654
161 0.0518149 0.00841638 0.0433985 0.0602312
162 0.0487069 0.00140399 0.0473029 0.0501109
163 0.0496978 0.00460481 0.045093 0.0543026
164 0.0635261 0.0507481 0.0127781 0.114274
165 0.0610037 0.04806 0.0129437 0.109064
166 0.0773094 0.0926847 -0.0153753 0.169994
167 0.0636012 0.0466974 0.0169038 0.110299
168 0.0570699 0.0340747 0.0229952 0.0911446
169 0.0489171 0.00231222 0.0466048 0.0512293
170 0.0481213 0.000740899 0.0473804 0.0488622
171 0.0860328 0.108352 -0.022319 0.194385
172 0.0525205 0.0127871 0.0397334 0.0653077
173 0.0492774 0.00525626 0.0440212 0.0545337
174 0.0499681 0.00849367 0.0414744 0.0584617
175 0.0499981 0.00717779 0.0428203 0.0571759
176 0.0510341 0.00922209 0.041812 0.0602562
177 0.0504936 0.00744891 0.0430447 0.0579425
178 0.0514545 0.00679826 0.0446562 0.0582528
179 0.0492924 0.00222756 0.0470649 0.05152
180 0.0511542 0.0101235 0.0410308 0.0612777
181 0.0483916 0.0010017 0.0473899 0.0493933
182 0.0523404 0.0143138 0.0380266 0.0666541
183 0.0483765 0.00121571 0.0471608 0.0495923
184 0.0701775 0.0720538 -0.00187625 0.142231
185 0.0483465 0.000925552 0.047421 0.0492721
186 0.0503885 0.0067599 0.0436286 0.0571484
187 0.0641868 0.0666787 -0.00249191 0.130865
188 0.0503585 0.00770117 0.0426573 0.0580596
189 0.0483916 0.00120593 0.0471856 0.0495975
190 0.064457 0.063238 0.00121905 0.127695
191 0.0560339 0.0268861 0.0291478 0.08292
192 0.0598476 0.0170468 0.0428008 0.0768944
193 0.0572651 0.0311226 0.0261425 0.0883877
194 0.0542172 0.0182032 0.036014 0.0724203
195 0.0486468 0.00264015 0.0460067 0.051287
196 0.0664539 0.0493365 0.0171175 0.11579
197 0.0782403 0.124675 -0.0464345 0.202915
198 0.0761533 0.0949816 -0.0188283 0.171135
199 0.0598176 0.0467494 0.0130682 0.106567
200 0.0528058 0.0186177 0.0341881 0.0714235
201 0.0483615 0.00923332 0.0391282 0.0575949
202 0.0949363 0.139252 -0.0443152 0.234188
203 0.0469652 0.00543382 0.0415314 0.052399
204 0.0645171 0.0450808 0.0194363 0.109598
205 0.0492474 0.0097873 0.0394601 0.0590347
206 0.0497879 0.0125676 0.0372203 0.0623555
207 0.0457941 0.000830558 0.0449635 0.0466246
208 0.0542472 0.0322426 0.0220046 0.0864898
209 0.0529259 0.0292671 0.0236588 0.0821931
210 0.0684509 0.0624281 0.00602271 0.130879
211 0.0676251 0.060195 0.00743008 0.12782
212 0.0545175 0.0286313 0.0258861 0.0831488
213 0.0489621 0.00915486 0.0398072 0.058117
214 0.0464697 0.00241144 0.0440583 0.0488812
215 0.0465898 0.00320519 0.0433846 0.049795
216 0.0525506 0.022698 0.0298526 0.0752485
217 0.0470853 0.00485559 0.0422297 0.0519409
218 0.0627904 0.0620068 0.000783631 0.124797
219 0.0664389 0.0643208 0.00211813 0.13076
220 0.0516197 0.0304093 0.0212103 0.082029
221 0.0545925 0.0316882 0.0229043 0.0862807
222 0.0463046 0.00785449 0.0384501 0.054159
223 0.0761383 0.115589 -0.0394503 0.191727
224 0.052986 0.0151889 0.037797 0.0681749
225 0.0607785 0.0636626 -0.00288408 0.124441
226 0.0455238 0.00260127 0.0429225 0.0481251
227 0.0455238 0.00303782 0.042486 0.0485616
228 0.0663789 0.0917166 -0.0253378 0.158096
229 0.0504786 0.0109026 0.039576 0.0613811
230 0.0475057 0.00810814 0.0393976 0.0556138
231 0.0475207 0.00136251 0.0461582 0.0488832
232 0.0600878 0.0592459 0.000841952 0.119334
233 0.0570999 0.0341062 0.0229938 0.0912061
234 0.0468901 0.00116408 0.045726 0.0480542
235 0.0496528 0.00684782 0.042805 0.0565006
236 0.0477009 0.00314555 0.0445553 0.0508465
237 0.053031 0.0260318 0.0269992 0.0790629
238 0.0546226 0.0313672 0.0232554 0.0859897
239 0.0489021 0.00763896 0.0412631 0.056541
240 0.0566645 0.0256748 0.0309897 0.0823393
241 0.0599227 0.0524076 0.0075151 0.11233
242 0.0460343 0.000446412 0.0455879 0.0464807
243 0.0541871 0.0262627 0.0279244 0.0804499
244 0.0473556 0.00199212 0.0453634 0.0493477
245 0.0492774 0.00682185 0.0424556 0.0560993
246 0.0474907 0.00263207 0.0448586 0.0501228
247 0.0490822 0.00877105 0.0403112 0.0578533
248 0.064472 0.0723375 -0.00786545 0.13681
249 0.0682256 0.0827242 -0.0144986 0.15095
250 0.0469352 0.00118643 0.0457487 0.0481216
251 0.0510491 0.0107098 0.0403393 0.061759
252 0.0478661 0.00566377 0.0422023 0.0535298
253 0.0513794 0.0204044 0.0309751 0.0717838
254 0.0468301 0.00152668 0.0453034 0.0483567
255 0.0494876 0.00854458 0.040943 0.0580322
256 0.0575203 0.016385 0.0411353 0.0739054
257 0.0474907 0.00214507 0.0453456 0.0496358
258 0.058211 0.0299623 0.0282487 0.0881734
259 0.0465748 0.000953861 0.045621 0.0475287
260 0.0474156 0.00507115 0.0423445 0.0524868
261 0.0475207 0.00511363 0.0424071 0.0526344
262 0.0481363 0.00507666 0.0430597 0.053213
263 0.0474907 0.00465426 0.0428364 0.052145
264 0.0514695 0.011153 0.0403165 0.0626225
265 0.0627454 0.0524985 0.0102469 0.115244
266 0.0492924 0.00835876 0.0409337 0.0576512
267 0.0647873 0.0629274 0.00185994 0.127715
268 0.0485417 0.00666971 0.041872 0.0552114
269 0.0514245 0.019473 0.0319515 0.0708974
270 0.0474306 0.00265289 0.0447778 0.0500835
271 0.0513794 0.00953667 0.0418428 0.0609161
272 0.0589317 0.046602 0.0123297 0.105534
273 0.0483916 0.0065963 0.0417953 0.0549879
274 0.0485567 0.00702516 0.0415316 0.0555819
275 0.0518449 0.0147995 0.0370454 0.0666444
276 0.0617244 0.0422477 0.0194767 0.103972
277 0.0486919 0.00544863 0.0432432 0.0541405
278 0.0448031 0.000386895 0.0444162 0.04519
279 0.0472054 0.0104648 0.0367406 0.0576702
280 0.05201 0.0210199 0.0309901 0.07303
281 0.0520551 0.0246549 0.0274002 0.0767099
282 0.0453436 0.00171454 0.0436291 0.0470582
283 0.0534064 0.0270102 0.0263962 0.0804166
284 0.0451935 0.00173415 0.0434593 0.0469276
285 0.0537968 0.0373722 0.0164246 0.091169
286 0.0462895 0.00517271 0.0411168 0.0514623
287 0.0449983 0.000926892 0.0440714 0.0459252
288 0.0638414 0.0668685 -0.00302709 0.13071
289 0.0471003 0.00730343 0.0397969 0.0544037
290 0.0503284 0.0178353 0.0324931 0.0681638
291 0.0475658 0.00764493 0.0399208 0.0552107
292 0.0517998 0.0211373 0.0306625 0.0729372
293 0.050899 0.0241522 0.0267468 0.0750512
294 0.0515746 0.00970304 0.0418716 0.0612777
295 0.0518899 0.0297308 0.0221591 0.0816207
296 0.0618895 0.0734176 -0.011528 0.135307
297 0.045704 0.0014821 0.0442219 0.0471861
298 0.0564093 0.0272079 0.0292013 0.0836172
299 0.0470252 0.00353832 0.0434869 0.0505636
300 0.047776 0.00738729 0.0403887 0.0551633
301 0.0466048 0.00438319 0.0422217 0.050988
302 0.0501483 0.0137862 0.0363621 0.0639344
303 0.0516347 0.0198349 0.0317998 0.0714696
304 0.0474757 0.00510924 0.0423664 0.0525849
305 0.0468451 0.00272586 0.0441192 0.0495709
306 0.0650426 0.0824481 -0.0174055 0.147491
307 0.0624 0.0566192 0.00578083 0.119019
308 0.053992 0.0127722 0.0412197 0.0667642
309 0.0490072 0.00304257 0.0459646 0.0520497
310 0.0692767 0.0755115 -0.00623488 0.144788
311 0.0471904 0.00132016 0.0458702 0.0485106
312 0.0614391 0.0470093 0.0144298 0.108448
313 0.062355 0.0658072 -0.00345216 0.128162
314 0.048797 0.00713873 0.0416582 0.0559357
315 0.0470252 0.0024933 0.0445319 0.0495186
316 0.0494426 0.0103642 0.0390784 0.0598068
317 0.0533313 0.022448 0.0308834 0.0757793
318 0.0687812 0.0823617 -0.0135805 0.151143
319 0.0493825 0.00768791 0.0416946 0.0570704
320 0.0543073 0.0186202 0.0356871 0.0729274
321 0.0591869 0.0539301 0.00525687 0.113117
322 0.0460043 0.00489167 0.0411126 0.0508959
323 0.0670845 0.0628087 0.0042758 0.129893
324 0.0461694 0.00506579 0.0411036 0.0512352
325 0.0462445 0.00532113 0.0409234 0.0515656
326 0.0449533 0.00147142 0.0434818 0.0464247
327 0.0455688 0.0018989 0.0436699 0.0474677
328 0.0443977 0.000659782 0.0437379 0.0450575
329 0.0445779 0.00133105 0.0432468 0.0459089
330 0.0460343 0.00313381 0.0429005 0.0491681
331 0.0580609 0.0443255 0.0137354 0.102386
332 0.0586614 0.0459509 0.0127105 0.104612
333 0.0452235 0.00299447 0.042229 0.048218
334 0.0452836 0.00492931 0.0403543 0.0502129
335 0.0463196 0.00518977 0.0411298 0.0515093
336 0.0454938 0.00287949 0.0426143 0.0483733
337 0.0444578 0.00118405 0.0432737 0.0456418
338 0.0459592 0.00650628 0.0394529 0.0524655
339 0.0596074 0.0462079 0.0133995 0.105815
340 0.0891858 0.148427 -0.059241 0.237613
341 0.0501483 0.0239587 0.0261896 0.0741069
342 0.0486768 0.0151608 0.033516 0.0638377
343 0.0445178 0.00128766 0.0432302 0.0458055
344 0.0451184 0.00220027 0.0429181 0.0473187
345 0.0967381 0.15005 -0.0533123 0.246789
346 0.0461995 0.00545855 0.0407409 0.051658
347 0.0443977 0.00137043 0.0430273 0.0457682
348 0.0648474 0.0804326 -0.0155852 0.14528
349 0.0445929 0.00189325 0.0426997 0.0464862
350 0.0460643 0.00691147 0.0391528 0.0529758
351 0.0470403 0.00784052 0.0391997 0.0548808
352 0.0476408 0.00534757 0.0422933 0.0529884
353 0.0460193 0.00585669 0.0401626 0.051876
354 0.0473255 0.00729053 0.040035 0.0546161
355 0.0459142 0.00481952 0.0410947 0.0507337
356 0.0484366 0.0129473 0.0354893 0.0613839
357 0.0444428 0.00109513 0.0433476 0.0455379
358 0.0444277 0.001314 0.0431137 0.0457417
359 0.0668293 0.0560994 0.0107299 0.122929
360 0.0507038 0.0103707 0.040333 0.0610745
361 0.0558838 0.0294947 0.0263891 0.0853785
362 0.045719 0.00469631 0.0410227 0.0504153
363 0.059262 0.0347808 0.0244812 0.0940429
364 0.0454938 0.00237304 0.0431207 0.0478668
365 0.0531511 0.0329914 0.0201598 0.0861425
366 0.0661086 0.0911492 -0.0250405 0.157258
367 0.0448482 0.00120593 0.0436422 0.0460541
368 0.0483165 0.0136883 0.0346282 0.0620048
369 0.0650276 0.076686 -0.0116585 0.141714
370 0.0459742 0.00510747 0.0408668 0.0510817
371 0.0492924 0.0200055 0.0292869 0.0692979
372 0.0458391 0.00644277 0.0393963 0.0522819
373 0.0481513 0.0118811 0.0362703 0.0600324
374 0.0594872 0.0535252 0.00596206 0.113012
375 0.0451484 0.00167268 0.0434758 0.0468211
376 0.0690064 0.0753123 -0.0063059 0.144319
377 0.0546376 0.0353182 0.0193194 0.0899557
378 0.0602229 0.0625495 -0.00232656 0.122772
379 0.0451484 0.00221945 0.042929 0.0473679
380 0.0484666 0.0115396 0.036927 0.0600063
381 0.0469952 0.00711469 0.0398805 0.0541099
382 0.0628054 0.0796312 -0.0168258 0.142437
383 0.0481213 0.0100831 0.0380382 0.0582044
384 0.0823092 0.0896485 -0.00733934 0.171958
385 0.0604482 0.0471516 0.0132966 0.1076
386 0.0454487 0.00275264 0.0426961 0.0482014
387 0.0853721 0.0967734 -0.0114013 0.182146
388 0.046725 0.00820861 0.0385164 0.0549336
389 0.0525506 0.0243974 0.0281531 0.076948
390 0.0607635 0.0449613 0.0158022 0.105725
391 0.0483615 0.00889204 0.0394695 0.0572536
392 0.0505687 0.00986869 0.0407 0.0604373
393 0.0476859 0.00728323 0.0404027 0.0549691
394 0.0451484 0.00257667 0.0425718 0.0477251
395 0.0491573 0.0112959 0.0378614 0.0604532
396 0.046725 0.00220748 0.0445175 0.0489324
397 0.0460193 0.00220845 0.0438108 0.0482277
398 0.0468751 0.00469921 0.0421759 0.0515743
399 0.0638114 0.0763176 -0.0125062 0.140129
400 0.0461694 0.00139198 0.0447774 0.0475614
401 0.0668293 0.090356 -0.0235267 0.157185
402 0.0660636 0.0824806 -0.0164171 0.148544
403 0.0455989 0.000563992 0.0450349 0.0461629
404 0.0464247 0.00258039 0.0438443 0.0490051
405 0.047776 0.00895642 0.0388196 0.0567324
406 0.0465598 0.00473703 0.0418228 0.0512968
407 0.0778049 0.103519 -0.0257142 0.181324
408 0.0470853 0.00493297 0.0421523 0.0520183
409 0.0463196 0.00227483 0.0440447 0.0485944
410 0.0454487 0.00548245 0.0399663 0.0509312
411 0.0445178 0.00232966 0.0421882 0.0468475
412 0.0482114 0.0111101 0.0371013 0.0593215
413 0.0470403 0.00674165 0.0402986 0.0537819
414 0.0438872 0.00159825 0.042289 0.0454855
415 0.0435269 0.00039696 0.0431299 0.0439238
416 0.0575954 0.0380693 0.0195261 0.0956647
417 0.0444728 0.00494967 0.0395231 0.0494225
418 0.0487819 0.0207713 0.0280106 0.0695533
419 0.0531211 0.0377395 0.0153816 0.0908606
420 0.0449833 0.00595875 0.0390245 0.050942
421 0.0489471 0.0175588 0.0313883 0.0665059
422 0.0452686 0.00698769 0.0382809 0.0522562
423 0.0429713 0.00213374 0.0408376 0.0451051
424 0.042581 0.00102978 0.0415512 0.0436107
425 0.0612289 0.0678464 -0.00661744 0.129075
426 0.043647 0.00370741 0.0399396 0.0473544
427 0.0811231 0.105646 -0.0245233 0.186769
428 0.0459742 0.00355421 0.04242 0.0495284
429 0.0478661 0.00674575 0.0411203 0.0546118
430 0.0454788 0.00309964 0.0423791 0.0485784
431 0.0447581 0.000824975 0.0439331 0.045583
432 0.0518599 0.020657 0.0312029 0.0725169
433 0.0450884 0.00198117 0.0431072 0.0470696
434 0.0462745 0.00488087 0.0413937 0.0511554
435 0.058181 0.0485811 0.00959985 0.106762
436 0.0454337 0.0020589 0.0433748 0.0474926
437 0.0631207 0.0587049 0.00441585 0.121826
438 0.0483916 0.0094045 0.0389871 0.0577961
439 0.0626703 0.0778241 -0.0151538 0.140494
440 0.0448482 0.00218464 0.0426635 0.0470328
441 0.0451184 0.00241705 0.0427014 0.0475355
442 0.0463946 0.00705871 0.0393359 0.0534533
443 0.0483765 0.0131147 0.0352618 0.0614913
444 0.0654029 0.0783285 -0.0129256 0.143731
445 0.047761 0.00902391 0.038737 0.0567849
446 0.0585113 0.0541726 0.0043387 0.112684
447 0.0449833 0.00115757 0.0438257 0.0461409
448 0.0539619 0.0153577 0.0386042 0.0693196
449 0.0596974 0.0590447 0.000652694 0.118742
450 0.0480162 0.00541845 0.0425978 0.0534346
451 0.0471454 0.00255334 0.044592 0.0496987
452 0.0484366 0.00409 0.0443466 0.0525266
453 0.0787207 0.124178 -0.0454575 0.202899
454 0.05192 0.0172217 0.0346982 0.0691417
455 0.0479111 0.00265628 0.0452548 0.0505674
456 0.0641117 0.071161 -0.00704935 0.135273
457 0.0854172 0.125851 -0.0404337 0.211268
458 0.0483615 0.00921328 0.0391483 0.0575748
459 0.054082 0.0285664 0.0255156 0.0826485
460 0.0469352 0.00849085 0.0384443 0.055426
461 0.044653 0.000494338 0.0441586 0.0451473
462 0.0624751 0.0738113 -0.0113362 0.136286
463 0.0462595 0.00528839 0.0409711 0.0515479
464 0.0495477 0.014842 0.0347057 0.0643897
465 0.0506137 0.0205825 0.0300312 0.0711962
466 0.0452535 0.00184403 0.0434095 0.0470976
467 0.0539769 0.0355683 0.0184086 0.0895453
468 0.0661386 0.0638717 0.0022669 0.13001
469 0.050884 0.0258269 0.0250571 0.0767108
470 0.045749 0.00453653 0.0412125 0.0502855
471 0.0466048 0.00485094 0.0417539 0.0514558
472 0.0814083 0.123345 -0.0419367 0.204753
473 0.0452535 0.00112398 0.0441296 0.0463775
474 0.0485417 0.00890562 0.0396361 0.0574473
475 0.0461694 0.00631384 0.0398556 0.0524833
476 0.0499831 0.0158879 0.0340951 0.065871
477 0.05201 0.0259344 0.0260757 0.0779444
478 0.0459442 0.00362841 0.0423158 0.0495726
479 0.046755 0.00813062 0.0386244 0.0548856
480 0.071679 0.070612 0.00106693 0.142291
481 0.0561991 0.0383548 0.0178443 0.0945539
482 0.0466949 0.00733253 0.0393624 0.0540275
483 0.0487219 0.0155644 0.0331575 0.0642863
484 0.048872 0.00858368 0.0402883 0.0574557
485 0.0586014 0.0299697 0.0286317 0.0885711
486 0.0584663 0.0414306 0.0170356 0.0998969
487 0.0584813 0.048878 0.00960323 0.107359
488 0.0666491 0.0797908 -0.0131417 0.14644
489 0.0486468 0.0108125 0.0378343 0.0594593
490 0.0464547 0.00522287 0.0412318 0.0516776
491 0.0449983 0.00285713 0.0421412 0.0478554
492 0.0669644 0.0925741 -0.0256097 0.159539
493 0.0717691 0.0838859 -0.0121169 0.155655
494 0.0479111 0.00643731 0.0414738 0.0543484
495 0.0458992 0.00208755 0.0438116 0.0479867
496 0.047821 0.00747404 0.040347 0.0552951
497 0.0476559 0.00508287 0.042573 0.0527387
498 0.045764 0.00134763 0.0444164 0.0471117
499 0.0577456 0.0484272 0.00931834 0.106173
500 0.0464847 0.00372721 0.0427575 0.0502119
501 0.0465898 0.00499535 0.0415945 0.0515852
502 0.0471153 0.00632883 0.0407865 0.0534442
503 0.0503885 0.0211286 0.0292599 0.0715171
504 0.045749 0.00118709 0.0445619 0.0469361
505 0.0780901 0.069418 0.0086721 0.147508
506 0.0489771 0.00485494 0.0441222 0.0538321
507 0.0489621 0.00554476 0.0434173 0.0545069
508 0.0465298 0.000970611 0.0455592 0.0475004
509 0.0473105 0.00251146 0.0447991 0.049822
510 0.0529259 0.0252851 0.0276408 0.0782111
511 0.0517098 0.0136592 0.0380505 0.065369
512 0.0624751 0.0200357 0.0424394 0.0825108
513 0.0554033 0.0351444 0.0202589 0.0905477
514 0.0499981 0.0072397 0.0427584 0.0572378
515 0.0704928 0.0909008 -0.020408 0.161394
516 0.0556586 0.0367676 0.018891 0.0924261
517 0.0456139 0.00393356 0.0416803 0.0495474
518 0.0523103 0.0187241 0.0335863 0.0710344
519 0.0453737 0.0041554 0.0412183 0.0495291
520 0.0517098 0.0210878 0.0306219 0.0727976
521 0.0471604 0.00732943 0.0398309 0.0544898
522 0.0456739 0.00478384 0.0408901 0.0504578
523 0.0676551 0.0719528 -0.00429774 0.139608
524 0.0476408 0.00977175 0.0378691 0.0574126
525 0.0566795 0.0541014 0.0025781 0.110781
526 0.0462295 0.00609999 0.0401295 0.0523295
527 0.05201 0.0254978 0.0265122 0.0775078
528 0.0474306 0.00567338 0.0417573 0.053104
529 0.0948763 0.134655 -0.0397787 0.229531
530 0.0508689 0.0256657 0.0252032 0.0765347
531 0.0471904 0.0110701 0.0361203 0.0582606
532 0.0466499 0.00665143 0.0399985 0.0533013
533 0.0544274 0.0273584 0.0270689 0.0817858
534 0.0493675 0.0225751 0.0267924 0.0719426
535 0.0445479 0.00122448 0.0433234 0.0457723
536 0.0475207 0.00925303 0.0382677 0.0567738
537 0.046755 0.00833328 0.0384217 0.0550883
538 0.0467099 0.0101875 0.0365225 0.0568974
539 0.0555535 0.0359708 0.0195826 0.0915243
540 0.0444728 0.000986393 0.0434864 0.0454592
541 0.0510191 0.0255572 0.0254619 0.0765763
542 0.0454637 0.00277893 0.0426848 0.0482427
543 0.0469502 0.00605682 0.0408934 0.053007
544 0.068586 0.0489981 0.0195879 0.117584
545 0.0446229 0.000974899 0.043648 0.0455978
546 0.0444878 0.00122448 0.0432633 0.0457123
547 0.0450133 0.00205627 0.042957 0.0470696
548 0.0460493 0.00774214 0.0383072 0.0537915
549 0.0725048 0.0832628 -0.0107581 0.155768
550 0.059247 0.0558908 0.00335622 0.115138
551 0.0461244 0.00555445 0.0405699 0.0516788
552 0.0587816 0.0411517 0.0176298 0.0999333
553 0.0611538 0.0448423 0.0163115 0.105996
554 0.0448632 0.000861992 0.0440012 0.0457252
555 0.0452836 0.00345867 0.0418249 0.0487422
556 0.0578807 0.0562665 0.00161422 0.114147
557 0.0525806 0.032774 0.0198066 0.0853546
558 0.0482414 0.0148924 0.033349 0.0631338
559 0.0490672 0.0211256 0.0279416 0.0701928
560 0.0469051 0.00712299 0.0397821 0.0540281
561 0.0457941 0.00650353 0.0392905 0.0522976
562 0.048887 0.00866145 0.0402256 0.0575485
563 0.0468451 0.00527689 0.0415682 0.052122
564 0.0485417 0.0191822 0.0293595 0.0677239
565 0.0596224 0.060232 -0.000609672 0.119854
566 0.045689 0.00220518 0.0434838 0.0478941
567 0.0461694 0.00490389 0.0412655 0.0510733
568 0.0465598 0.00549001 0.0410698 0.0520498
569 0.0456439 0.00491869 0.0407252 0.0505626
570 0.0445178 0.000650145 0.0438677 0.045168
571 0.0543223 0.0272941 0.0270282 0.0816164
572 0.0586314 0.0494744 0.00915706 0.108106
573 0.0447581 0.000719911 0.0440382 0.045478
574 0.0503434 0.0232735 0.0270699 0.073617
575 0.0507188 0.020599 0.0301198 0.0713178
576 0.0513644 0.0138359 0.0375285 0.0652004
577 0.0558387 0.0344152 0.0214235 0.0902539
578 0.0618295 0.0578109 0.00401862 0.11964
579 0.048827 0.0124294 0.0363976 0.0612563
580 0.0476258 0.00743323 0.0401926 0.0550591
581 0.0920235 0.152383 -0.0603594 0.244406
582 0.0485567 0.0119234 0.0366333 0.0604802
583 0.0477009 0.0087694 0.0389315 0.0564703
584 0.0578807 0.0402974 0.0175833 0.0981781
585 0.049938 0.0232069 0.0267311 0.073145
586 0.0461244 0.00495195 0.0411724 0.0510763
587 0.0514395 0.0291672 0.0222723 0.0806067
588 0.0477309 0.0078722 0.0398587 0.0556031
589 0.0487369 0.00783179 0.0409051 0.0565687
590 0.0614691 0.0598657 0.00160347 0.121335
591 0.0458541 0.00355573 0.0422984 0.0494099
592 0.0572201 0.0498762 0.00734384 0.107096
593 0.0463496 0.00132357 0.045026 0.0476732
594 0.0475207 0.00524593 0.0422748 0.0527667
595 0.0522202 0.0178284 0.0343919 0.0700486
596 0.0463646 0.00264084 0.0437238 0.0490054
597 0.0534664 0.0330751 0.0203914 0.0865415
598 0.045749 0.00111259 0.0446364 0.0468616
599 0.0660035 0.0767876 -0.0107841 0.142791
600 0.0484066 0.00518779 0.0432188 0.0535944
601 0.0470853 0.00467391 0.0424114 0.0517592
602 0.0657032 0.0864926 -0.0207894 0.152196
603 0.0465298 0.00299609 0.0435337 0.0495259
604 0.0458241 0.00113714 0.044687 0.0469612
605 0.0802822 0.101553 -0.0212711 0.181836
606 0.0472355 0.00682925 0.0404062 0.0540647
607 0.0458541 0.00520904 0.0406451 0.0510632
608 0.0600127 0.0194195 0.0405932 0.0794322
609 0.0455088 0.00272995 0.0427788 0.0482387
610 0.0525205 0.0358493 0.0166713 0.0883698
611 0.050944 0.0255278 0.0254162 0.0764718
612 0.0459142 0.00948927 0.0364249 0.0554035
613 0.0578056 0.0356105 0.0221952 0.0934161
614 0.0545925 0.0441498 0.0104427 0.0987423
615 0.0579558 0.0586802 -0.000724414 0.116636
616 0.0628204 0.0686864 -0.00586592 0.131507
617 0.0588716 0.0474299 0.0114417 0.106302
618 0.0443226 0.00639721 0.0379254 0.0507199
619 0.0461694 0.00830551 0.0378639 0.0544749
620 0.0651627 0.0887229 -0.0235602 0.153886
621 0.0430764 0.00187645 0.0412 0.0449529
622 0.0461995 0.0151309 0.0310686 0.0613303
623 0.0459742 0.00171428 0.04426 0.0476885
624 0.0451334 0.00178438 0.043349 0.0469178
625 0.0510491 0.0260947 0.0249544 0.0771439
626 0.0637213 0.0751691 -0.0114478 0.13889
627 0.060268 0.0678198 -0.00755186 0.128088
628 0.0487369 0.00879395 0.0399429 0.0575308
629 0.045704 0.00211826 0.0435857 0.0478222
630 0.0458241 0.0046223 0.0412018 0.0504464
631 0.0837506 0.167432 -0.0836815 0.251183
632 0.0741113 0.0755146 -0.0014033 0.149626
633 0.0640516 0.0780203 -0.0139687 0.142072
634 0.0582561 0.0562241 0.00203197 0.11448
635 0.0464997 0.00554785 0.0409519 0.0520476
636 0.0604782 0.0549792 0.00549904 0.115457
637 0.0452535 0.00207634 0.0431772 0.0473299
638 0.0464247 0.00748039 0.0389443 0.0539051
639 0.221253 0.753599 -0.532346 0.974852
640 0.0545925 0.0166785 0.037914 0.071271
641 0.222229 0.77137 -0.549141 0.993599
642 0.0453887 0.00253789 0.0428508 0.0479266
643 0.0546676 0.0284432 0.0262244 0.0831108
644 0.173582 0.555121 -0.381539 0.728703
645 0.048887 0.006909 0.041978 0.055796
646 0.0472505 0.00189271 0.0453578 0.0491432
647 0.227679 0.788031 -0.560352 1.01571
648 0.0490822 0.00532069 0.0437615 0.0544029
649 0.0472805 0.00238815 0.0448923 0.0496686
650 0.18681 0.531712 -0.344902 0.718521
651 0.0501483 0.006947 0.0432013 0.0570953
652 0.0474607 0.00272333 0.0447373 0.050184
653 0.240396 0.747438 -0.507041 0.987834
654 0.049863 0.0118971 0.0379659 0.0617601
655 0.0470553 0.00128143 0.0457738 0.0483367
656 0.23334 0.718511 -0.485171 0.95185
657 0.054082 0.035675 0.018407 0.0897571
658 0.0530911 0.0364619 0.0166292 0.089553
659 1.97144 8.2781 -6.30666 10.2495
660 0.0527458 0.0216327 0.031113 0.0743785
661 0.0599527 0.0561215 0.00383116 0.116074
662 0.519935 2.06863 -1.54869 2.58856
663 0.0459142 0.00482606 0.0410881 0.0507402
664 0.0469201 0.0055856 0.0413346 0.0525057
665 0.375977 1.31674 -0.940766 1.69272
666 0.0490372 0.0119166 0.0371206 0.0609538
667 0.0459893 0.00524112 0.0407481 0.0512304
668 0.0553282 0.0377515 0.0175768 0.0930797
669 0.0549228 0.0345429 0.02038 0.0894657
670 0.0504936 0.0227129 0.0277807 0.0732065
671 0.0661837 0.0763151 -0.0101314 0.142499
672 0.0590068 0.0186893 0.0403174 0.0776961
673 0.0561991 0.0417954 0.0144037 0.0979944
674 0.0452235 0.00114504 0.0440785 0.0463686
675 0.0453737 0.00208241 0.0432912 0.0474561
676 0.0463196 0.0050166 0.041303 0.0513362
677 0.0495627 0.0172726 0.0322901 0.0668353
678 0.0529109 0.0193661 0.0335448 0.072277
679 0.0480012 0.00930715 0.038694 0.0573083
680 0.0536316 0.0229013 0.0307303 0.0765329
681 0.0461995 0.00278035 0.0434191 0.0489798
682 0.0456739 0.00228081 0.0433931 0.0479548
683 0.0464697 0.00312773 0.043342 0.0495974
684 0.0499531 0.0170717 0.0328814 0.0670248
685 0.0537517 0.0338676 0.0198841 0.0876193
686 0.063376 0.0732929 -0.00991695 0.136669
687 0.0494576 0.012082 0.0373756 0.0615395
688 0.0710634 0.0848228 -0.0137595 0.155886
689 0.0610337 0.066151 -0.00511727 0.127185
690 0.0465448 0.00518292 0.0413619 0.0517277
691 0.0606434 0.0522813 0.00836206 0.112925
692 0.0825945 0.0870246 -0.0044301 0.169619
693 0.0463646 0.00260992 0.0437547 0.0489745
694 0.0463496 0.0029457 0.0434039 0.0492953
695 0.0603431 0.044901 0.015442 0.105244
696 0.0464247 0.00280959 0.0436151 0.0492343
697 0.0458541 0.00183913 0.044015 0.0476933
698 0.0470553 0.00568419 0.0413711 0.0527395
699 0.0662437 0.0846326 -0.0183888 0.150876
700 0.0463346 0.00238744 0.0439471 0.048722
701 0.049923 0.00283431 0.0470887 0.0527573
702 0.0532262 0.0162594 0.0369668 0.0694857
703 0.0584212 0.0354283 0.0229929 0.0938495
704 0.0724147 0.0717379 0.000676771 0.144153
705 0.0481513 0.00518142 0.0429699 0.0533328
706 0.0581209 0.0407968 0.0173241 0.0989177
707 0.0490222 0.00823409 0.0407881 0.0572563
708 0.0513494 0.0123827 0.0389667 0.0637321
709 0.0481964 0.00512914 0.0430672 0.0533255
710 0.0479561 0.00589982 0.0420563 0.053856
711 0.0705529 0.0972265 -0.0266736 0.167779
712 0.0535565 0.0204955 0.033061 0.0740521
713 0.0515746 0.0144476 0.0371271 0.0660222
714 0.0482264 0.00564942 0.042577 0.0538758
715 0.0468901 0.00218258 0.0447075 0.0490727
716 0.0701325 0.0924649 -0.0223324 0.162597
717 0.0465748 0.00548214 0.0410927 0.052057
718 0.0447581 0.000830422 0.0439276 0.0455885
719 0.046815 0.0101393 0.0366757 0.0569544
720 0.0448482 0.00217637 0.0426718 0.0470245
721 0.0716039 0.0848708 -0.0132669 0.156475
722 0.0458091 0.00320969 0.0425994 0.0490188
723 0.0458691 0.00398704 0.0418821 0.0498562
724 0.0479862 0.00945486 0.0385313 0.057441
725 0.0491273 0.0170231 0.0321042 0.0661503
726 0.0601929 0.0674938 -0.00730089 0.127687
727 0.044683 0.00222011 0.0424629 0.0469031
728 0.045764 0.00708987 0.0386742 0.0528539
729 0.0463946 0.00714946 0.0392452 0.0535441
730 0.0587215 0.0618371 -0.0031156 0.120559
731 0.047836 0.0101033 0.0377327 0.0579394
732 0.0617394 0.0402903 0.0214491 0.10203
733 0.0446379 0.0020284 0.0426096 0.0466663
734 0.046815 0.00571646 0.0410986 0.0525315
735 0.0447881 0.00170736 0.0430807 0.0464955
736 0.0514545 0.0126543 0.0388002 0.0641089
737 0.0444428 0.000545502 0.0438973 0.0449883
738 0.0454788 0.00463212 0.0408466 0.0501109
739 0.0609887 0.0613964 -0.000407732 0.122385
740 0.0471003 0.00747549 0.0396248 0.0545758
741 0.0756278 0.103954 -0.0283264 0.179582
742 0.0534064 0.0371739 0.0162325 0.0905803
743 0.0609136 0.0720833 -0.0111697 0.132997
744 0.0456589 0.00509207 0.0405669 0.050751
745 0.0467099 0.00601738 0.0406926 0.0527273
746 0.0584512 0.055974 0.00247725 0.114425
747 0.0476859 0.0130971 0.0345888 0.060783
748 0.0520851 0.032243 0.0198421 0.0843282
749 0.050974 0.0213775 0.0295965 0.0723516
750 0.0455688 0.00252649 0.0430424 0.0480953
751 0.0474006 0.00896315 0.0384375 0.0563638
752 0.0479261 0.00831611 0.03961 0.0562422
753 0.0459292 0.00475223 0.041177 0.0506814
754 0.0443076 0.000762492 0.0435451 0.0450701
755 0.0469051 0.00748232 0.0394228 0.0543874
756 0.0465448 0.00708135 0.0394634 0.0536261
757 0.0563792 0.0462618 0.0101174 0.102641
758 0.0528659 0.0173694 0.0354964 0.0702353
759 0.0611989 0.0429535 0.0182454 0.104152
760 0.0469201 0.00835531 0.0385648 0.0552755
761 0.0553733 0.0402993 0.0150739 0.0956726
762 0.0461394 0.00523595 0.0409034 0.0513753
763 0.0660035 0.069879 -0.00387545 0.135882
764 0.0464697 0.00706086 0.0394089 0.0535306
765 0.0458091 0.0030111 0.042798 0.0488202
766 0.0523854 0.027611 0.0247744 0.0799964
767 0.0560489 0.0375371 0.0185118 0.093586
768 0.0699974 0.0532033 0.0167941 0.123201
769 0.0524455 0.0276842 0.0247613 0.0801296
770 0.0453286 0.00212437 0.0432042 0.047453
771 0.0646072 0.0611953 0.0034119 0.125802
772 0.0477309 0.00740288 0.040328 0.0551338
773 0.0564994 0.0356531 0.0208463 0.0921524
774 0.0462595 0.00527644 0.0409831 0.0515359
775 0.0458541 0.00359106 0.0422631 0.0494452
776 0.0599527 0.0437167 0.016236 0.103669
777 0.0740813 0.123721 -0.0496392 0.197802
778 0.0448331 0.00103196 0.0438012 0.0458651
779 0.0504936 0.0259007 0.0245929 0.0763943
780 0.0502383 0.0112759 0.0389625 0.0615142
781 0.047761 0.00762431 0.0401366 0.0553853
782 0.0643519 0.0599356 0.00441632 0.124288
783 0.0577305 0.049606 0.0081245 0.107337
784 0.0462745 0.00372516 0.0425494 0.0499997
785 0.0621598 0.0607658 0.00139399 0.122926
786 0.045689 0.0012679 0.0444211 0.0469569
787 0.0452085 0.00507077 0.0401377 0.0502793
788 0.0464247 0.00603902 0.0403857 0.0524637
789 0.0565144 0.0303819 0.0261325 0.0868962
790 0.0465598 0.00160725 0.0449526 0.048167
791 0.0536616 0.0323011 0.0213605 0.0859627
792 0.058226 0.0438276 0.0143985 0.102054
793 0.0462895 0.00331989 0.0429696 0.0496094
794 0.0469051 0.00553754 0.0413676 0.0524427
795 0.045749 0.00078464 0.0449644 0.0465337
796 0.0651777 0.0796346 -0.0144569 0.144812
797 0.055058 0.0413134 0.0137446 0.0963714
798 0.0450133 0.00454013 0.0404732 0.0495534
799 0.0443977 0.00148415 0.0429136 0.0458819
