# ../output/graphs/perf_parallel48QUADRUPED_thread4
# step - mean (0.187872) - standard deviation (0.025561) r=20 - ylow - yhigh
0 0.184469 0.0359338 0.148535 0.220403
1 0.180877 0.0214368 0.15944 0.202313
2 0.180684 0.0205797 0.160104 0.201264
3 0.185624 0.0225047 0.163119 0.208128
4 0.182117 0.0260979 0.156019 0.208215
5 0.185581 0.0227203 0.16286 0.208301
6 0.188232 0.0164134 0.171819 0.204646
7 0.192423 0.00275987 0.189663 0.195183
8 0.19191 0.00275788 0.189152 0.194668
9 0.192124 0.00237676 0.189747 0.194501
10 0.192958 0.0050846 0.187873 0.198042
11 0.187911 0.0147528 0.173159 0.202664
12 0.185068 0.0211669 0.163901 0.206234
13 0.183549 0.0220396 0.16151 0.205589
14 0.182887 0.0264577 0.156429 0.209344
15 0.180043 0.0262989 0.153744 0.206341
16 0.186265 0.0230202 0.163245 0.209285
17 0.187676 0.0168103 0.170866 0.204487
18 0.188981 0.0151928 0.173788 0.204173
19 0.184148 0.0210615 0.163087 0.20521
20 0.184234 0.0224132 0.16182 0.206647
21 0.187698 0.0161084 0.171589 0.203806
22 0.190841 0.00639465 0.184446 0.197236
23 0.185859 0.0217139 0.164145 0.207573
24 0.180812 0.0259578 0.154855 0.20677
25 0.180235 0.0261141 0.154121 0.206349
26 0.188681 0.0163449 0.172336 0.205026
27 0.196187 0.00196849 0.194218 0.198155
28 0.196229 0.00288556 0.193344 0.199115
29 0.195673 0.00251726 0.193156 0.198191
30 0.191269 0.0159423 0.175326 0.207211
31 0.188339 0.0222139 0.166125 0.210553
32 0.189943 0.0224929 0.16745 0.212436
33 0.194626 0.0183548 0.176271 0.21298
34 0.199116 0.00384747 0.195269 0.202964
35 0.194262 0.0148464 0.179416 0.209109
36 0.187249 0.0257153 0.161533 0.212964
37 0.187056 0.0271024 0.159954 0.214159
38 0.182438 0.02924 0.153198 0.211677
39 0.187249 0.0265254 0.160723 0.213774
40 0.182416 0.0296758 0.15274 0.212092
41 0.190969 0.0356848 0.155284 0.226654
42 0.182951 0.0293655 0.153585 0.212316
43 0.178353 0.0322956 0.146058 0.210649
44 0.179102 0.0326597 0.146442 0.211761
45 0.183058 0.0301539 0.152904 0.213212
46 0.184747 0.0269565 0.15779 0.211703
47 0.181775 0.0256616 0.156113 0.207436
48 0.185944 0.0224649 0.163479 0.208409
49 0.187997 0.0159185 0.172078 0.203916
50 0.189451 0.0154933 0.173958 0.204944
51 0.189216 0.0161467 0.173069 0.205363
52 0.181261 0.0245089 0.156753 0.20577
53 0.176985 0.0284499 0.148535 0.205435
54 0.17722 0.0286038 0.148616 0.205824
55 0.180855 0.0257358 0.155119 0.206591
56 0.184768 0.0219214 0.162847 0.20669
57 0.184597 0.0199922 0.164605 0.204589
58 0.179829 0.0252615 0.154567 0.20509
59 0.176365 0.0283749 0.14799 0.20474
60 0.176087 0.0284482 0.147639 0.204535
61 0.185174 0.0228729 0.162302 0.208047
62 0.187013 0.0162013 0.170812 0.203215
63 0.187013 0.0158919 0.171122 0.202905
64 0.186115 0.0212453 0.16487 0.207361
65 0.183656 0.0208599 0.162796 0.204516
66 0.184405 0.0226962 0.161709 0.207101
67 0.187997 0.0153333 0.172664 0.20333
68 0.194839 0.00325524 0.191584 0.198095
69 0.19144 0.0146476 0.176792 0.206087
70 0.189772 0.0156768 0.174095 0.205449
71 0.183998 0.0252493 0.158749 0.209248
72 0.187997 0.0305854 0.157412 0.218582
73 0.190862 0.0277142 0.163148 0.218577
74 0.187013 0.0303373 0.156676 0.217351
75 0.19067 0.0262582 0.164412 0.216928
76 0.186971 0.0306389 0.156332 0.21761
77 0.186201 0.0295529 0.156648 0.215754
78 0.183357 0.0321666 0.15119 0.215524
79 0.187184 0.0303084 0.156876 0.217493
80 0.183165 0.0320659 0.151099 0.21523
81 0.183229 0.0328581 0.150371 0.216087
82 0.187762 0.0313134 0.156448 0.219075
83 0.176065 0.034801 0.141264 0.210866
84 0.174825 0.0370065 0.137819 0.211832
85 0.174227 0.0362283 0.137998 0.210455
86 0.183549 0.0326639 0.150886 0.216213
87 0.175531 0.034567 0.140964 0.210098
88 0.178589 0.035031 0.143558 0.21362
89 0.18325 0.0334043 0.149846 0.216654
90 0.186671 0.0300269 0.156644 0.216698
91 0.19454 0.0233516 0.171189 0.217892
92 0.190584 0.0274357 0.163149 0.21802
93 0.195887 0.0232022 0.172685 0.219089
94 0.194198 0.0226483 0.17155 0.216846
95 0.186543 0.0293764 0.157167 0.215919
96 0.185987 0.0346725 0.151315 0.22066
97 0.186351 0.030904 0.155446 0.217255
98 0.194155 0.0231491 0.171006 0.217304
99 0.194476 0.0226261 0.17185 0.217102
100 0.198068 0.0170125 0.181056 0.215081
101 0.189879 0.0263607 0.163518 0.216239
102 0.188745 0.0270784 0.161667 0.215824
103 0.190777 0.0262546 0.164522 0.217031
104 0.185752 0.0296514 0.1561 0.215403
105 0.190135 0.0271994 0.162936 0.217335
106 0.19315 0.0231788 0.169971 0.216329
107 0.193706 0.022791 0.170915 0.216497
108 0.197213 0.0155135 0.181699 0.212726
109 0.197127 0.0168799 0.180248 0.214007
110 0.197234 0.0168865 0.180348 0.214121
111 0.197812 0.0157453 0.182066 0.213557
112 0.196144 0.0167094 0.179434 0.212853
113 0.197234 0.0168529 0.180382 0.214087
114 0.198197 0.0154522 0.182744 0.213649
115 0.192894 0.0217984 0.171095 0.214692
116 0.190114 0.0217816 0.168332 0.211896
117 0.188938 0.0216068 0.167331 0.210545
118 0.190135 0.0224901 0.167645 0.212625
119 0.18526 0.0259695 0.159291 0.211229
120 0.185795 0.0268901 0.158905 0.212685
121 0.187078 0.0258229 0.161255 0.2129
122 0.189729 0.0273151 0.162414 0.217044
123 0.189579 0.0219638 0.167616 0.211543
124 0.189109 0.0210724 0.168037 0.210181
125 0.195609 0.00262024 0.192989 0.19823
126 0.193492 0.0152538 0.178239 0.208746
127 0.187377 0.0207288 0.166648 0.208106
128 0.187826 0.0208209 0.167005 0.208647
129 0.186778 0.0220418 0.164736 0.20882
130 0.194412 0.0154929 0.178919 0.209905
131 0.19315 0.0163587 0.176792 0.209509
132 0.193086 0.0164052 0.176681 0.209491
133 0.193279 0.0167903 0.176488 0.210069
134 0.194284 0.0159442 0.178339 0.210228
135 0.18928 0.0214674 0.167813 0.210747
136 0.185388 0.0258738 0.159515 0.211262
137 0.185174 0.0267638 0.158411 0.211938
138 0.189045 0.0226283 0.166416 0.211673
139 0.194091 0.0169695 0.177122 0.211061
140 0.19531 0.0190497 0.17626 0.21436
141 0.192167 0.0249243 0.167242 0.217091
142 0.191696 0.025216 0.16648 0.216912
143 0.192509 0.0216011 0.170908 0.21411
144 0.192851 0.0149125 0.177938 0.207763
145 0.192658 0.0162388 0.17642 0.208897
146 0.192252 0.0163202 0.175932 0.208572
147 0.191504 0.0164231 0.175081 0.207927
148 0.186564 0.0222158 0.164349 0.20878
149 0.1868 0.022146 0.164654 0.208946
150 0.182951 0.0256492 0.157302 0.2086
151 0.183357 0.025575 0.157782 0.208932
152 0.183079 0.0265717 0.156507 0.209651
153 0.179829 0.0293794 0.150449 0.209208
154 0.189152 0.0228977 0.166254 0.212049
155 0.193899 0.0197951 0.174104 0.213694
156 0.180748 0.0285708 0.152177 0.209319
157 0.181069 0.0301702 0.150899 0.211239
158 0.183892 0.0262933 0.157598 0.210185
159 0.181732 0.030592 0.15114 0.212324
160 0.190691 0.0230676 0.167624 0.213759
161 0.190093 0.0232895 0.166803 0.213382
162 0.193984 0.0160085 0.177976 0.209993
163 0.191718 0.0211402 0.170577 0.212858
164 0.190713 0.0231813 0.167531 0.213894
165 0.186714 0.0267191 0.159995 0.213433
166 0.190627 0.0226886 0.167938 0.213316
167 0.187142 0.0277773 0.159364 0.214919
168 0.186308 0.0269125 0.159395 0.21322
169 0.179743 0.0311734 0.14857 0.210917
170 0.183678 0.0270799 0.156598 0.210758
171 0.181967 0.0295396 0.152427 0.211507
172 0.182673 0.0301863 0.152486 0.212859
173 0.178033 0.0315316 0.146501 0.209564
174 0.172944 0.0335237 0.13942 0.206467
175 0.176664 0.0317465 0.144918 0.208411
176 0.181497 0.0325654 0.148931 0.214062
177 0.177797 0.0293845 0.148413 0.207182
178 0.182053 0.0266947 0.155358 0.208747
179 0.184832 0.0217552 0.163077 0.206588
180 0.185153 0.0202134 0.16494 0.205367
181 0.178546 0.0284583 0.150088 0.207004
182 0.177712 0.0284342 0.149278 0.206146
183 0.181304 0.0259155 0.155389 0.20722
184 0.185132 0.0214612 0.16367 0.206593
185 0.187249 0.0156747 0.171574 0.202923
186 0.18278 0.0202626 0.162517 0.203042
187 0.179807 0.0238237 0.155984 0.203631
188 0.176429 0.0281829 0.148246 0.204612
189 0.17613 0.0264629 0.149667 0.202592
190 0.177113 0.02767 0.149443 0.204783
191 0.177028 0.0274641 0.149564 0.204492
192 0.169693 0.031219 0.138474 0.200912
193 0.166871 0.0334935 0.133377 0.200364
194 0.171019 0.0320592 0.13896 0.203078
195 0.17675 0.0304117 0.146338 0.207161
196 0.176643 0.0321545 0.144488 0.208797
197 0.18464 0.0268105 0.157829 0.21145
198 0.184041 0.0271183 0.156923 0.211159
199 0.187783 0.0220115 0.165772 0.209795
200 0.197448 0.0171442 0.180304 0.214592
201 0.189387 0.0253756 0.164011 0.214762
202 0.18124 0.0322916 0.148948 0.213532
203 0.181347 0.0326126 0.148734 0.21396
204 0.185239 0.030372 0.154867 0.215611
205 0.189515 0.0253482 0.164167 0.214863
206 0.192338 0.0230564 0.169281 0.215394
207 0.196272 0.0171721 0.1791 0.213444
208 0.195139 0.0159459 0.179193 0.211085
209 0.194925 0.0160542 0.178871 0.210979
210 0.186008 0.0295353 0.156473 0.215544
211 0.18402 0.030496 0.153524 0.214516
212 0.188467 0.0272699 0.161198 0.215737
213 0.191375 0.0221728 0.169203 0.213548
214 0.180641 0.0316451 0.148996 0.212286
215 0.178289 0.0335707 0.144719 0.21186
216 0.186949 0.0272484 0.159701 0.214198
217 0.195802 0.0164462 0.179355 0.212248
218 0.195331 0.0168297 0.178502 0.212161
219 0.195652 0.0169766 0.178675 0.212629
220 0.200313 0.0253897 0.174924 0.225703
221 0.199287 0.00194101 0.197346 0.201228
222 0.188018 0.0251148 0.162904 0.213133
223 0.18 0.0315929 0.148407 0.211593
224 0.179251 0.0348 0.144452 0.214051
225 0.184832 0.0309557 0.153877 0.215788
226 0.191589 0.0230977 0.168492 0.214687
227 0.195716 0.0166946 0.179022 0.212411
228 0.192167 0.0223902 0.169776 0.214557
229 0.192979 0.0236164 0.169363 0.216596
230 0.184341 0.0303341 0.154006 0.214675
231 0.184319 0.0289807 0.155339 0.2133
232 0.185388 0.028413 0.156975 0.213801
233 0.183892 0.029941 0.153951 0.213833
234 0.187762 0.0267301 0.161032 0.214492
235 0.194177 0.0232085 0.170968 0.217385
236 0.19392 0.0224714 0.171449 0.216391
237 0.197085 0.0167607 0.180324 0.213845
238 0.194476 0.0225208 0.171955 0.216997
239 0.189558 0.0263179 0.16324 0.215876
240 0.188446 0.0269678 0.161478 0.215414
241 0.188916 0.0260746 0.162842 0.214991
242 0.192787 0.0230361 0.169751 0.215823
243 0.196422 0.0168352 0.179587 0.213257
244 0.201725 0.0409681 0.160757 0.242693
245 0.197042 0.0027645 0.194277 0.199806
246 0.196422 0.0026813 0.193741 0.199103
247 0.196764 0.00313066 0.193633 0.199895
248 0.193428 0.0154259 0.178002 0.208854
249 0.192701 0.0161087 0.176593 0.20881
250 0.191311 0.0220158 0.169296 0.213327
251 0.187505 0.022425 0.16508 0.20993
252 0.187826 0.0214232 0.166403 0.209249
253 0.184084 0.0213234 0.162761 0.205407
254 0.177327 0.0277229 0.149604 0.20505
255 0.173008 0.0308554 0.142152 0.203863
256 0.182031 0.0250987 0.156932 0.20713
257 0.189472 0.0194362 0.170036 0.208909
258 0.187291 0.0224156 0.164876 0.209707
259 0.180983 0.027653 0.153331 0.208636
260 0.179038 0.0294534 0.149584 0.208491
261 0.184212 0.0270005 0.157212 0.211213
262 0.19732 0.00555523 0.191765 0.202875
263 0.190435 0.015885 0.17455 0.20632
264 0.19037 0.0163313 0.174039 0.206702
265 0.187441 0.0159911 0.17145 0.203432
266 0.192872 0.00311338 0.189759 0.195986
267 0.187762 0.0155342 0.172228 0.203296
268 0.185795 0.0220034 0.163791 0.207798
269 0.184212 0.0211379 0.163074 0.20535
270 0.18464 0.0222306 0.162409 0.206871
271 0.185709 0.021992 0.163717 0.207701
272 0.185196 0.021359 0.163837 0.206555
273 0.18047 0.0255514 0.154919 0.206022
274 0.17412 0.0311194 0.143 0.205239
275 0.173949 0.0320281 0.14192 0.205977
276 0.176921 0.0294567 0.147464 0.206377
277 0.184469 0.0223669 0.162102 0.206836
278 0.187078 0.0158535 0.171224 0.202931
279 0.191589 0.00205096 0.189538 0.19364
280 0.184105 0.0203356 0.16377 0.204441
281 0.18479 0.0215323 0.163257 0.206322
282 0.189216 0.0229824 0.166233 0.212198
283 0.188403 0.0222024 0.166201 0.210606
284 0.185196 0.0262868 0.158909 0.211483
285 0.180428 0.0301637 0.150264 0.210591
286 0.180064 0.0325949 0.147469 0.212659
287 0.182416 0.030626 0.15179 0.213042
288 0.183998 0.0292451 0.154753 0.213244
289 0.186842 0.0276441 0.159198 0.214486
290 0.186757 0.027571 0.159186 0.214328
291 0.189836 0.0230005 0.166835 0.212836
292 0.197919 0.00207137 0.195847 0.19999
293 0.185367 0.0280867 0.15728 0.213454
294 0.176621 0.0336937 0.142928 0.210315
295 0.174505 0.0345371 0.139967 0.209042
296 0.178204 0.0321058 0.146098 0.210309
297 0.182758 0.0310079 0.15175 0.213766
298 0.188425 0.0268318 0.161593 0.215257
299 0.188489 0.0277435 0.160745 0.216232
300 0.192552 0.0223012 0.17025 0.214853
301 0.195545 0.016537 0.179008 0.212082
302 0.190926 0.0159432 0.174983 0.20687
303 0.190349 0.0159796 0.17437 0.206329
304 0.187997 0.0207562 0.167241 0.208753
305 0.185837 0.0216785 0.164159 0.207516
306 0.176557 0.0304141 0.146143 0.206971
307 0.168945 0.0337133 0.135232 0.202658
308 0.178781 0.0332507 0.14553 0.212032
309 0.177947 0.0316638 0.146283 0.209611
310 0.180706 0.0289262 0.151779 0.209632
311 0.182801 0.0254885 0.157312 0.20829
312 0.181946 0.0259849 0.155961 0.207931
313 0.186607 0.0215426 0.165065 0.20815
314 0.178888 0.0275591 0.151329 0.206447
315 0.178696 0.0282405 0.150455 0.206936
316 0.178375 0.0293201 0.149055 0.207695
317 0.18201 0.0249728 0.157037 0.206983
318 0.179423 0.0272616 0.152161 0.206684
319 0.178353 0.0292137 0.14914 0.207567
320 0.179914 0.0285564 0.151358 0.208471
321 0.187484 0.0205752 0.166909 0.208059
322 0.186179 0.0221801 0.163999 0.20836
323 0.190157 0.022756 0.167401 0.212913
324 0.191547 0.0218171 0.169729 0.213364
325 0.189451 0.022546 0.166905 0.211997
326 0.190713 0.0224095 0.168303 0.213122
327 0.191889 0.0267129 0.165176 0.218602
328 0.191012 0.0274381 0.163574 0.21845
329 0.19129 0.0279112 0.163379 0.219201
330 0.194754 0.0232588 0.171495 0.218013
331 0.194626 0.022048 0.172578 0.216674
332 0.198282 0.0167433 0.181539 0.215025
333 0.19809 0.0167696 0.18132 0.214859
334 0.201661 0.0021015 0.199559 0.203762
335 0.198303 0.0156232 0.18268 0.213927
336 0.198368 0.0172326 0.181135 0.2156
337 0.198197 0.0171965 0.181 0.215393
338 0.19809 0.0171006 0.180989 0.21519
339 0.202131 0.00235123 0.19978 0.204482
340 0.194882 0.0219071 0.172975 0.216789
341 0.187505 0.0301293 0.157376 0.217635
342 0.18372 0.0334554 0.150265 0.217176
343 0.183571 0.031739 0.151832 0.21531
344 0.182929 0.0323542 0.150575 0.215284
345 0.187099 0.0303853 0.156714 0.217484
346 0.186115 0.0309049 0.15521 0.21702
347 0.195032 0.0237752 0.171257 0.218807
348 0.201297 0.0028209 0.198476 0.204118
349 0.197833 0.0156439 0.182189 0.213477
350 0.19052 0.026141 0.164379 0.216661
351 0.188916 0.0271565 0.16176 0.216073
352 0.212437 0.109096 0.103342 0.321533
353 0.185709 0.029704 0.156005 0.215413
354 0.1831 0.0335209 0.149579 0.216621
355 0.18742 0.0310018 0.156418 0.218422
356 0.188254 0.0272791 0.160975 0.215533
357 0.186607 0.0307327 0.155874 0.21734
358 0.189558 0.027661 0.161897 0.217219
359 0.193343 0.0232975 0.170045 0.21664
360 0.200634 0.00236286 0.198271 0.202997
361 0.190007 0.0257554 0.164252 0.215762
362 0.183207 0.0326316 0.150576 0.215839
363 0.174996 0.0359903 0.139006 0.210987
364 0.178503 0.0349547 0.143548 0.213458
365 0.180299 0.0338897 0.14641 0.214189
366 0.178268 0.0344479 0.14382 0.212716
367 0.186564 0.0312521 0.155312 0.217817
368 0.189601 0.0274847 0.162116 0.217085
369 0.193899 0.0218462 0.172052 0.215745
370 0.19005 0.0266688 0.163381 0.216719
371 0.182245 0.0291384 0.153107 0.211383
372 0.186329 0.0269335 0.159396 0.213263
373 0.188745 0.0223694 0.166376 0.211115
374 0.193065 0.0163493 0.176715 0.209414
375 0.197555 0.00219097 0.195364 0.199746
376 0.197705 0.00254841 0.195156 0.200253
377 0.193642 0.0153084 0.178334 0.20895
378 0.186586 0.0207658 0.16582 0.207352
379 0.189643 0.0225056 0.167138 0.212149
380 0.187206 0.026442 0.160764 0.213648
381 0.186393 0.0264788 0.159915 0.212872
382 0.180492 0.0290555 0.151436 0.209547
383 0.178781 0.0290778 0.149703 0.207859
384 0.179829 0.0277585 0.15207 0.207587
385 0.188532 0.027157 0.161375 0.215689
386 0.186586 0.027299 0.159287 0.213885
387 0.185538 0.0270467 0.158491 0.212585
388 0.185987 0.0256375 0.16035 0.211625
389 0.186928 0.0258934 0.161034 0.212821
390 0.185624 0.0267916 0.158832 0.212415
391 0.195417 0.0206914 0.174725 0.216108
392 0.187356 0.0211306 0.166225 0.208486
393 0.189921 0.0162666 0.173655 0.206188
394 0.182972 0.0241097 0.158862 0.207082
395 0.187398 0.0223936 0.165005 0.209792
396 0.1868 0.0223163 0.164483 0.209116
397 0.190007 0.015974 0.174033 0.205981
398 0.190199 0.0150519 0.175148 0.205251
399 0.186179 0.0212339 0.164946 0.207413
400 0.17876 0.0286104 0.150149 0.20737
401 0.179893 0.0303476 0.149545 0.210241
402 0.187249 0.0223583 0.16489 0.209607
403 0.190969 0.0103112 0.180658 0.20128
404 0.193599 0.00215574 0.191444 0.195755
405 0.195203 0.00641122 0.188792 0.201614
406 0.19407 0.00304086 0.191029 0.197111
407 0.195011 0.00322306 0.191787 0.198234
408 0.190157 0.0143365 0.17582 0.204493
409 0.195139 0.0171388 0.178 0.212278
410 0.193428 0.01632 0.177108 0.209748
411 0.190007 0.0224782 0.167529 0.212485
412 0.195652 0.0169135 0.178739 0.212565
413 0.195738 0.017149 0.178589 0.212887
414 0.189879 0.0263732 0.163506 0.216252
415 0.19206 0.0232126 0.168847 0.215272
416 0.194925 0.0234664 0.171459 0.218391
417 0.199501 0.00298287 0.196518 0.202484
418 0.199223 0.00145198 0.197771 0.200675
419 0.196571 0.0128419 0.18373 0.209413
420 0.189045 0.0258041 0.163241 0.214849
421 0.185324 0.0304165 0.154908 0.215741
422 0.184447 0.0305023 0.153945 0.21495
423 0.18541 0.0299372 0.155473 0.215347
424 0.180214 0.0319165 0.148297 0.21213
425 0.181133 0.0318918 0.149241 0.213025
426 0.177455 0.03426 0.143195 0.211715
427 0.184982 0.0303618 0.15462 0.215344
428 0.183165 0.0291804 0.153984 0.212345
429 0.180748 0.0280847 0.152664 0.208833
430 0.176921 0.0307278 0.146193 0.207649
431 0.17613 0.0318777 0.144252 0.208007
432 0.185174 0.0268034 0.158371 0.211978
433 0.188254 0.021868 0.166386 0.210122
434 0.18479 0.023745 0.161045 0.208535
435 0.177455 0.0287578 0.148697 0.206213
436 0.173542 0.0336952 0.139847 0.207237
437 0.175959 0.0314849 0.144474 0.207443
438 0.172751 0.0317208 0.14103 0.204472
439 0.179123 0.0293379 0.149785 0.208461
440 0.185367 0.0297561 0.155611 0.215123
441 0.189323 0.0159562 0.173367 0.205279
442 0.186115 0.0215147 0.164601 0.20763
443 0.186179 0.0220146 0.164165 0.208194
444 0.190221 0.0173449 0.172876 0.207566
445 0.185688 0.0203972 0.16529 0.206085
446 0.18573 0.0218799 0.163851 0.20761
447 0.181625 0.0250589 0.156566 0.206684
448 0.183165 0.0251653 0.157999 0.20833
449 0.186051 0.0210945 0.164957 0.207146
450 0.186842 0.0262002 0.160642 0.213043
451 0.193535 0.0167149 0.17682 0.21025
452 0.189387 0.0213456 0.168041 0.210733
453 0.18881 0.0215851 0.167224 0.210395
454 0.21201 0.101459 0.110551 0.313468
455 0.199586 0.0160852 0.183501 0.215672
456 0.198624 0.01497 0.183654 0.213594
457 0.194882 0.0222874 0.172595 0.21717
458 0.19037 0.0267608 0.16361 0.217131
459 0.189986 0.0265852 0.1634 0.216571
460 0.193193 0.0306291 0.162564 0.223822
461 0.19268 0.0293944 0.163285 0.222074
462 0.196743 0.0259539 0.170789 0.222696
463 0.198945 0.0170283 0.181917 0.215973
464 0.198966 0.0172244 0.181742 0.216191
465 0.20196 0.0019357 0.200024 0.203896
466 0.199415 0.0165884 0.182827 0.216004
467 0.197748 0.0168864 0.180861 0.214634
468 0.197384 0.0174122 0.179972 0.214796
469 0.198261 0.0157951 0.182466 0.214056
470 0.193492 0.0218562 0.171636 0.215349
471 0.190542 0.0274764 0.163065 0.218018
472 0.19005 0.0276182 0.162432 0.217668
473 0.193984 0.0231686 0.170816 0.217153
474 0.199202 0.0166256 0.182576 0.215827
475 0.197748 0.0168082 0.180939 0.214556
476 0.197876 0.0170838 0.180792 0.21496
477 0.202131 0.00238597 0.199745 0.204517
478 0.198453 0.0143105 0.184143 0.212764
479 0.19809 0.0165158 0.181574 0.214605
480 0.199651 0.0169474 0.182703 0.216598
481 0.198325 0.0155897 0.182735 0.213915
482 0.194946 0.0226173 0.172329 0.217564
483 0.191525 0.0273422 0.164183 0.218867
484 0.194497 0.0236271 0.17087 0.218125
485 0.194433 0.0226598 0.171773 0.217093
486 0.193941 0.0218458 0.172096 0.215787
487 0.193279 0.0232762 0.170002 0.216555
488 0.193471 0.0236626 0.169808 0.217134
489 0.201554 0.0204462 0.181107 0.222
490 0.199458 0.0196178 0.17984 0.219076
491 0.198368 0.0199171 0.178451 0.218285
492 0.193172 0.0222578 0.170914 0.215429
493 0.193535 0.0233628 0.170172 0.216898
494 0.189708 0.0267102 0.162997 0.216418
495 0.189023 0.0269511 0.162072 0.215974
496 0.19747 0.0168481 0.180621 0.214318
497 0.197683 0.0167769 0.180907 0.21446
498 0.19268 0.024469 0.168211 0.217149
499 0.194326 0.0280681 0.166258 0.222394
500 0.19717 0.0248598 0.17231 0.22203
501 0.19283 0.0164705 0.176359 0.2093
502 0.196678 0.00246375 0.194215 0.199142
503 0.198004 0.0024154 0.195589 0.20042
504 0.195246 0.00191957 0.193326 0.197165
505 0.191825 0.0147776 0.177047 0.206602
506 0.192316 0.0164539 0.175862 0.20877
507 0.189601 0.0219722 0.167629 0.211573
508 0.189451 0.0227165 0.166735 0.212168
509 0.190563 0.0162736 0.174289 0.206837
510 0.192787 0.00297397 0.189813 0.195761
511 0.192274 0.00290805 0.189366 0.195182
512 0.201939 0.00801051 0.193928 0.209949
513 0.196828 0.00290955 0.193919 0.199738
514 0.193407 0.0150938 0.178313 0.208501
515 0.192765 0.0164332 0.176332 0.209199
516 0.186629 0.025047 0.161582 0.211676
517 0.183656 0.0264675 0.157189 0.210124
518 0.183336 0.0259562 0.157379 0.209292
519 0.190948 0.0163325 0.174615 0.20728
520 0.190477 0.0163543 0.174123 0.206832
521 0.189601 0.0151943 0.174406 0.204795
522 0.189964 0.0163918 0.173572 0.206356
523 0.190456 0.0164512 0.174005 0.206907
524 0.195395 0.0021802 0.193215 0.197576
525 0.194604 0.00130049 0.193304 0.195905
526 0.194818 0.00262747 0.192191 0.197446
527 0.192808 0.00184078 0.190967 0.194649
528 0.193835 0.00240354 0.191431 0.196238
529 0.192145 0.0158192 0.176326 0.207965
530 0.190413 0.0163495 0.174064 0.206763
531 0.190755 0.0164547 0.174301 0.20721
532 0.187291 0.0214359 0.165855 0.208727
533 0.183614 0.0258157 0.157798 0.209429
534 0.182053 0.0262317 0.155821 0.208284
535 0.1831 0.0259507 0.15715 0.209051
536 0.183165 0.0257561 0.157408 0.208921
537 0.186244 0.0274907 0.158753 0.213734
538 0.186115 0.0271884 0.158927 0.213304
539 0.186286 0.0267793 0.159507 0.213066
540 0.193792 0.0167629 0.177029 0.210555
541 0.189387 0.0218612 0.167526 0.211248
542 0.190798 0.0202567 0.170541 0.211055
543 0.191482 0.0219245 0.169558 0.213407
544 0.18665 0.0277763 0.158874 0.214426
545 0.17707 0.0334765 0.143594 0.210547
546 0.180812 0.0331526 0.14766 0.213965
547 0.189152 0.0284733 0.160678 0.217625
548 0.195673 0.0168028 0.178871 0.212476
549 0.200976 0.00324419 0.197732 0.204221
550 0.199009 0.00282147 0.196188 0.201831
551 0.199394 0.00429974 0.195094 0.203694
552 0.193214 0.0215674 0.171647 0.214782
553 0.191204 0.0215234 0.169681 0.212728
554 0.187954 0.0260647 0.16189 0.214019
555 0.191696 0.0228765 0.16882 0.214573
556 0.187206 0.0257713 0.161435 0.212977
557 0.184319 0.0265993 0.15772 0.210918
558 0.18201 0.0278664 0.154143 0.209876
559 0.177327 0.031425 0.145902 0.208752
560 0.183442 0.0260496 0.157393 0.209492
561 0.187762 0.0216697 0.166092 0.209431
562 0.190349 0.0160521 0.174297 0.206401
563 0.189921 0.0152703 0.174651 0.205192
564 0.183271 0.0246113 0.15866 0.207883
565 0.180256 0.0288188 0.151438 0.209075
566 0.178802 0.0294455 0.149357 0.208248
567 0.18248 0.0262017 0.156279 0.208682
568 0.186008 0.0202821 0.165726 0.20629
569 0.182438 0.025568 0.156869 0.208006
570 0.182266 0.0263241 0.155942 0.208591
571 0.179423 0.028058 0.151365 0.207481
572 0.179145 0.0293166 0.149828 0.208461
573 0.181561 0.025678 0.155883 0.207239
574 0.18139 0.0258359 0.155554 0.207226
575 0.189472 0.0148701 0.174602 0.204343
576 0.19144 0.0160842 0.175355 0.207524
577 0.187505 0.0161626 0.171343 0.203668
578 0.19593 0.00327449 0.192656 0.199205
579 0.188852 0.0193607 0.169492 0.208213
580 0.18387 0.0255444 0.158326 0.209415
581 0.183207 0.0269865 0.156221 0.210194
582 0.190221 0.0271403 0.163081 0.217361
583 0.192316 0.0231977 0.169119 0.215514
584 0.188959 0.0258797 0.163079 0.214839
585 0.195011 0.0233673 0.171643 0.218378
586 0.195053 0.0225885 0.172465 0.217642
587 0.194497 0.0230563 0.171441 0.217554
588 0.19578 0.0213958 0.174385 0.217176
589 0.191033 0.0271438 0.16389 0.218177
590 0.190199 0.0276669 0.162532 0.217866
591 0.18774 0.030334 0.157406 0.218074
592 0.19082 0.0276384 0.163181 0.218458
593 0.18742 0.030055 0.157365 0.217475
594 0.191461 0.0240352 0.167426 0.215496
595 0.189708 0.0275426 0.162165 0.21725
596 0.1899 0.0276016 0.162298 0.217502
597 0.190691 0.027553 0.163138 0.218244
598 0.192723 0.022867 0.169856 0.21559
599 0.18866 0.0275146 0.161145 0.216174
600 0.191204 0.0230064 0.168198 0.214211
601 0.188168 0.0265955 0.161573 0.214764
602 0.185388 0.030452 0.154936 0.21584
603 0.188553 0.0271734 0.16138 0.215726
604 0.18402 0.0304387 0.153581 0.214459
605 0.187954 0.0270356 0.160919 0.21499
606 0.191718 0.023401 0.168317 0.215119
607 0.184725 0.0290822 0.155643 0.213808
608 0.190007 0.0264604 0.163547 0.216467
609 0.188981 0.0280676 0.160913 0.217048
610 0.188703 0.0280953 0.160607 0.216798
611 0.195652 0.0171582 0.178494 0.21281
612 0.193129 0.0227854 0.170343 0.215914
613 0.184982 0.0299063 0.155076 0.214888
614 0.188425 0.0279702 0.160454 0.216395
615 0.189686 0.0267301 0.162956 0.216416
616 0.192167 0.0232025 0.168964 0.215369
617 0.188553 0.0277659 0.160787 0.216319
618 0.190969 0.0231501 0.167819 0.214119
619 0.190755 0.0220255 0.16873 0.212781
620 0.187698 0.0258443 0.161853 0.213542
621 0.184298 0.0303012 0.153997 0.214599
622 0.181261 0.0353058 0.145956 0.216567
623 0.190306 0.02989 0.160416 0.220196
624 0.19794 0.018344 0.179596 0.216284
625 0.190606 0.0222845 0.168321 0.21289
626 0.187954 0.0206874 0.167267 0.208642
627 0.179829 0.0293159 0.150513 0.209145
628 0.176237 0.0314731 0.144763 0.20771
629 0.176023 0.0316928 0.14433 0.207715
630 0.180684 0.0304764 0.150208 0.21116
631 0.182758 0.0258437 0.156915 0.208602
632 0.182972 0.0256701 0.157302 0.208642
633 0.191012 0.022544 0.168468 0.213556
634 0.184469 0.0257412 0.158728 0.21021
635 0.17861 0.0285433 0.150067 0.207153
636 0.177006 0.0292779 0.147728 0.206284
637 0.175787 0.0305991 0.145188 0.206387
638 0.173029 0.0304781 0.142551 0.203507
639 0.173371 0.031402 0.141969 0.204773
640 0.181882 0.0289523 0.152929 0.210834
641 0.185046 0.0259266 0.15912 0.210973
642 0.187954 0.0224714 0.165483 0.210426
643 0.180962 0.0288121 0.15215 0.209774
644 0.179594 0.0288945 0.150699 0.208488
645 0.180321 0.0298012 0.150519 0.210122
646 0.177477 0.0317345 0.145742 0.209211
647 0.180449 0.0292137 0.151235 0.209663
648 0.18 0.0294514 0.150548 0.209451
649 0.179936 0.0295849 0.150351 0.209521
650 0.179337 0.028525 0.150812 0.207862
651 0.174505 0.0320334 0.142471 0.206538
652 0.170976 0.0328445 0.138132 0.203821
653 0.175338 0.0319579 0.143381 0.207296
654 0.173414 0.032198 0.141216 0.205612
655 0.173371 0.0313504 0.142021 0.204722
656 0.177092 0.0292945 0.147797 0.206386
657 0.181475 0.0255741 0.155901 0.207049
658 0.184469 0.0220896 0.162379 0.206558
659 0.184362 0.0220973 0.162265 0.206459
660 0.18139 0.0258536 0.155536 0.207243
661 0.184961 0.0217064 0.163254 0.206667
662 0.185816 0.0227271 0.163089 0.208543
663 0.188916 0.0164821 0.172434 0.205399
664 0.195524 0.00334173 0.192182 0.198865
665 0.191675 0.014945 0.17673 0.20662
666 0.191012 0.0165305 0.174481 0.207543
667 0.183571 0.025204 0.158367 0.208775
668 0.182972 0.0264107 0.156561 0.209383
669 0.183934 0.027135 0.156799 0.211069
670 0.187013 0.0226944 0.164319 0.209708
671 0.193685 0.0168492 0.176836 0.210534
672 0.199971 0.00372183 0.19625 0.203693
673 0.191974 0.0209782 0.170996 0.212952
674 0.17938 0.0316841 0.147696 0.211064
675 0.178653 0.0331025 0.14555 0.211755
676 0.182758 0.0302214 0.152537 0.21298
677 0.182587 0.0296178 0.152969 0.212205
678 0.182972 0.0295847 0.153387 0.212557
679 0.181796 0.030442 0.151354 0.212238
680 0.178332 0.0313305 0.147002 0.209663
681 0.183635 0.0293109 0.154324 0.212946
682 0.182224 0.0301768 0.152047 0.2124
683 0.189879 0.0230386 0.16684 0.212917
684 0.189344 0.0160993 0.173245 0.205443
685 0.185581 0.0204433 0.165137 0.206024
686 0.181048 0.0250998 0.155948 0.206147
687 0.175018 0.0311848 0.143833 0.206202
688 0.174333 0.0303488 0.143985 0.204682
689 0.177626 0.0291795 0.148447 0.206806
690 0.183977 0.0209632 0.163014 0.20494
691 0.18789 0.0154775 0.172413 0.203368
692 0.19315 0.00331336 0.189837 0.196464
693 0.188981 0.0143401 0.174641 0.203321
694 0.183485 0.0211663 0.162319 0.204652
695 0.177156 0.02701 0.150146 0.204166
696 0.176023 0.0290662 0.146957 0.205089
697 0.179251 0.0258617 0.15339 0.205113
698 0.184191 0.0200502 0.164141 0.204241
699 0.179957 0.0240966 0.155861 0.204054
700 0.179358 0.0254321 0.153926 0.204791
701 0.175766 0.0284025 0.147364 0.204169
702 0.183143 0.021744 0.161399 0.204887
703 0.187142 0.0160398 0.171102 0.203182
704 0.183165 0.0235657 0.159599 0.20673
705 0.184105 0.0295817 0.154524 0.213687
706 0.182352 0.0301463 0.152206 0.212498
707 0.186778 0.0265118 0.160266 0.21329
708 0.193856 0.0166523 0.177204 0.210508
709 0.19454 0.0172753 0.177265 0.211815
710 0.204013 0.00366507 0.200348 0.207678
711 0.202708 0.00212541 0.200583 0.204834
712 0.202409 0.0016234 0.200786 0.204032
713 0.201682 0.00156781 0.200114 0.20325
714 0.195096 0.0214522 0.173644 0.216548
715 0.195588 0.0234354 0.172152 0.219023
716 0.194219 0.0222102 0.172009 0.21643
717 0.194497 0.0233695 0.171128 0.217867
718 0.19918 0.0163792 0.182801 0.215559
719 0.188125 0.0280366 0.160089 0.216162
720 0.186821 0.0306021 0.156219 0.217423
721 0.19144 0.0278703 0.163569 0.21931
722 0.194027 0.0224244 0.171603 0.216451
723 0.198047 0.0168183 0.181229 0.214865
724 0.194262 0.0224679 0.171794 0.21673
725 0.190157 0.0266403 0.163516 0.216797
726 0.196678 0.0179446 0.178734 0.214623
727 0.190221 0.0272475 0.162973 0.217468
728 0.186415 0.0299349 0.15648 0.21635
729 0.183271 0.0327044 0.150567 0.215976
730 0.186286 0.031007 0.155279 0.217293
731 0.185966 0.0300003 0.155965 0.215966
732 0.198517 0.0170632 0.181454 0.21558
733 0.196336 0.0233187 0.173018 0.219655
734 0.197833 0.01593 0.181903 0.213763
735 0.19377 0.0226959 0.171074 0.216466
736 0.196743 0.0235895 0.173153 0.220332
737 0.199073 0.0176308 0.181442 0.216704
738 0.202003 0.00197035 0.200032 0.203973
739 0.202045 0.00289568 0.19915 0.204941
740 0.197919 0.0155519 0.182367 0.213471
741 0.198924 0.0175267 0.181397 0.21645
742 0.194262 0.0223835 0.171879 0.216646
743 0.194091 0.0232234 0.170868 0.217314
744 0.193749 0.0222814 0.171468 0.21603
745 0.190349 0.0267166 0.163633 0.217066
746 0.189579 0.0275358 0.162044 0.217115
747 0.195011 0.0236463 0.171364 0.218657
748 0.197405 0.0155106 0.181895 0.212916
749 0.19794 0.0154532 0.182487 0.213393
750 0.196657 0.0167061 0.179951 0.213363
751 0.193835 0.0225134 0.171321 0.216348
752 0.193364 0.0233404 0.170024 0.216705
753 0.19407 0.0169896 0.17708 0.211059
754 0.197576 0.0027081 0.194868 0.200285
755 0.197042 0.00205486 0.194987 0.199097
756 0.196144 0.00216494 0.193979 0.198309
757 0.188232 0.0159878 0.172244 0.20422
758 0.190093 0.0159593 0.174133 0.206052
759 0.194433 0.0173151 0.177118 0.211748
760 0.190007 0.0146381 0.175369 0.204645
761 0.19129 0.0171772 0.174113 0.208467
762 0.182993 0.0250672 0.157926 0.208061
763 0.186244 0.0221987 0.164045 0.208442
764 0.184683 0.0221483 0.162534 0.206831
765 0.183806 0.0207206 0.163085 0.204527
766 0.183378 0.0194471 0.163931 0.202825
767 0.187612 0.0223766 0.165235 0.209989
768 0.189408 0.02176 0.167648 0.211168
769 0.186864 0.0213135 0.16555 0.208177
770 0.177691 0.030413 0.147278 0.208104
771 0.175787 0.0321801 0.143607 0.207968
772 0.179316 0.0297615 0.149554 0.209077
773 0.180428 0.0289298 0.151498 0.209357
774 0.188254 0.0228828 0.165371 0.211136
775 0.182887 0.0245845 0.158302 0.207471
776 0.183507 0.0265927 0.156914 0.210099
777 0.194262 0.0212221 0.17304 0.215484
778 0.191653 0.0173199 0.174334 0.208973
779 0.1865 0.0222524 0.164248 0.208753
780 0.186992 0.0224659 0.164526 0.209458
781 0.184298 0.0263258 0.157972 0.210624
782 0.183614 0.0246562 0.158957 0.20827
783 0.172623 0.0316486 0.140974 0.204271
784 0.17273 0.0341564 0.138573 0.206886
785 0.176237 0.0323574 0.143879 0.208594
786 0.183464 0.0262578 0.157206 0.209722
787 0.183998 0.0252808 0.158718 0.209279
788 0.183207 0.0264163 0.156791 0.209624
789 0.179572 0.0281801 0.151392 0.207752
790 0.183271 0.0267363 0.156535 0.210008
791 0.186436 0.0224095 0.164027 0.208846
792 0.186629 0.0268986 0.15973 0.213527
793 0.186671 0.0264996 0.160172 0.213171
794 0.186351 0.0266738 0.159677 0.213024
795 0.176835 0.0320694 0.144766 0.208905
796 0.185752 0.0278299 0.157922 0.213582
797 0.183678 0.0272904 0.156387 0.210968
798 0.186115 0.0274675 0.158648 0.213583
799 0.183998 0.0299501 0.154048 0.213949
