#Sponge
# step - mean population size - standard deviation
0 15 0
1 15 0
2 15 0
3 15 0
4 15 0
5 15 0
6 15 0
7 30 0
8 30 0
9 30 0
10 30 0
11 29 0
12 29 0
13 29 0
14 44 0
15 47 0
16 47 0
17 47 0
18 47 0
19 45 0
20 45 0
21 58 0
22 65 0
23 71 0
24 71 0
25 71 0
26 71 0
27 71 0
28 84 0
29 97 0
30 107 0
31 109 0
32 109 0
33 108 0
34 106 0
35 117 0
36 132 0
37 149 0
38 156 0
39 159 0
40 158 0
41 156 0
42 167 0
43 180 0
44 207 0
45 222 0
46 236 0
47 240 0
48 240 0
49 245 0
50 253 0
51 273 0
52 295 0
53 310 0
54 319 0
55 323 0
56 324 0
57 330 0
58 344 0
59 373 0
60 396 0
61 408 0
62 419 0
63 421 0
64 423 0
65 426 0
66 445 0
67 466 0
68 488 0
69 502 0
70 506 0
71 504 0
72 500 0
73 511 0
74 530 0
75 549 0
76 570 0
77 588 0
78 597 0
79 594 0
80 597 0
81 607 0
82 621 0
83 649 0
84 680 0
85 700 0
86 711 0
87 721 0
88 733 0
89 745 0
90 770 0
91 810 0
92 842 0
93 860 0
94 864 0
95 862 0
96 863 0
97 868 0
98 890 0
99 922 0
100 941 0
101 954 0
102 958 0
103 960 0
104 961 0
105 972 0
106 1005 0
107 1038 0
108 1060 0
109 1080 0
110 1092 0
111 1099 0
112 1111 0
113 1132 0
114 1165 0
115 1198 0
116 1227 0
117 1241 0
118 1252 0
119 1262 0
120 1280 0
121 1297 0
122 1327 0
123 1370 0
124 1400 0
125 1418 0
126 1428 0
127 1428 0
128 1427 0
129 1447 0
130 1475 0
131 1506 0
132 1522 0
133 1530 0
134 1531 0
135 1537 0
136 1559 0
137 1587 0
138 1627 0
139 1655 0
140 1687 0
141 1700 0
142 1708 0
143 1716 0
144 1734 0
145 1755 0
146 1797 0
147 1857 0
148 1887 0
149 1894 0
150 1900 0
151 1918 0
152 1937 0
153 1978 0
154 2023 0
155 2059 0
156 2081 0
157 2082 0
158 2086 0
159 2107 0
160 2133 0
161 2156 0
162 2190 0
163 2214 0
164 2225 0
165 2226 0
166 2231 0
167 2236 0
168 2249 0
169 2279 0
170 2318 0
171 2342 0
172 2361 0
173 2365 0
174 2369 0
175 2368 0
176 2384 0
177 2424 0
178 2472 0
179 2507 0
180 2520 0
181 2529 0
182 2542 0
183 2557 0
184 2598 0
185 2649 0
186 2685 0
187 2704 0
188 2717 0
189 2715 0
190 2718 0
191 2749 0
192 2797 0
193 2835 0
194 2879 0
195 2896 0
196 2901 0
197 2896 0
198 2903 0
199 2938 0
200 2975 0
201 3018 0
202 3036 0
203 3063 0
204 3069 0
205 3068 0
206 3074 0
207 3088 0
208 3126 0
209 3157 0
210 3205 0
211 3208 0
212 3221 0
213 3221 0
214 3250 0
215 3276 0
216 3332 0
217 3386 0
218 3416 0
219 3436 0
220 3442 0
221 3445 0
222 3461 0
223 3497 0
224 3546 0
225 3569 0
226 3599 0
227 3605 0
228 3599 0
229 3602 0
230 3629 0
231 3658 0
232 3694 0
233 3720 0
234 3727 0
235 3742 0
236 3739 0
237 3740 0
238 3755 0
239 3771 0
240 3783 0
241 3781 0
242 3780 0
243 3774 0
244 3772 0
245 3772 0
246 3775 0
247 3787 0
248 3788 0
249 3793 0
250 3793 0
251 3789 0
252 3789 0
253 3802 0
254 3812 0
255 3828 0
256 3838 0
257 3845 0
258 3842 0
259 3832 0
260 3810 0
261 3798 0
262 3796 0
263 3779 0
264 3750 0
265 3741 0
266 3724 0
267 3709 0
268 3682 0
269 3667 0
270 3661 0
271 3655 0
272 3652 0
273 3653 0
274 3652 0
275 3638 0
276 3602 0
277 3593 0
278 3603 0
279 3599 0
280 3601 0
281 3593 0
282 3586 0
283 3553 0
284 3531 0
285 3517 0
286 3507 0
287 3505 0
288 3496 0
289 3490 0
290 3487 0
291 3484 0
292 3486 0
293 3477 0
294 3472 0
295 3468 0
296 3461 0
297 3445 0
298 3429 0
299 3402 0
300 3388 0
301 3373 0
302 3374 0
303 3363 0
304 3352 0
305 3344 0
306 3311 0
307 3289 0
308 3265 0
309 3242 0
310 3224 0
311 3220 0
312 3202 0
313 3180 0
314 3167 0
315 3151 0
316 3138 0
317 3127 0
318 3120 0
319 3107 0
320 3088 0
321 3073 0
322 3041 0
323 3010 0
324 2989 0
325 2968 0
326 2947 0
327 2922 0
328 2896 0
329 2870 0
330 2843 0
331 2814 0
332 2793 0
333 2781 0
334 2761 0
335 2742 0
336 2711 0
337 2661 0
338 2622 0
339 2598 0
340 2584 0
341 2561 0
342 2552 0
343 2530 0
344 2504 0
345 2471 0
346 2457 0
347 2446 0
348 2421 0
349 2419 0
350 2388 0
351 2362 0
352 2309 0
353 2271 0
354 2259 0
355 2238 0
356 2226 0
357 2206 0
358 2174 0
359 2160 0
360 2143 0
361 2106 0
362 2077 0
363 2051 0
364 2018 0
365 1987 0
366 1948 0
367 1897 0
368 1872 0
369 1842 0
370 1821 0
371 1801 0
372 1776 0
373 1764 0
374 1740 0
375 1716 0
376 1692 0
377 1672 0
378 1653 0
379 1638 0
380 1622 0
381 1594 0
382 1565 0
383 1527 0
384 1506 0
385 1473 0
386 1444 0
387 1423 0
388 1392 0
389 1366 0
390 1326 0
391 1295 0
392 1269 0
393 1243 0
394 1217 0
395 1199 0
396 1170 0
397 1140 0
398 1130 0
399 1107 0
400 1089 0
401 1075 0
402 1042 0
403 1024 0
404 997 0
405 978 0
406 941 0
407 914 0
408 907 0
409 886 0
410 858 0
411 841 0
412 828 0
413 805 0
414 782 0
415 774 0
416 759 0
417 750 0
418 729 0
419 712 0
420 686 0
421 683 0
422 676 0
423 661 0
424 643 0
425 631 0
426 605 0
427 597 0
428 583 0
429 569 0
430 547 0
431 519 0
432 501 0
433 487 0
434 480 0
435 476 0
436 470 0
437 447 0
438 438 0
439 430 0
440 424 0
441 409 0
442 403 0
443 385 0
444 376 0
445 348 0
446 336 0
447 336 0
448 325 0
449 325 0
450 334 0
451 329 0
452 320 0
453 315 0
454 304 0
455 297 0
456 302 0
457 305 0
458 300 0
459 291 0
460 272 0
461 261 0
462 239 0
463 233 0
464 233 0
465 231 0
466 216 0
467 216 0
468 216 0
469 213 0
470 205 0
471 193 0
472 187 0
473 188 0
474 192 0
475 193 0
476 194 0
477 194 0
478 191 0
479 191 0
480 197 0
481 203 0
482 202 0
483 198 0
484 197 0
485 200 0
486 200 0
487 196 0
488 199 0
489 205 0
490 207 0
491 207 0
492 206 0
493 205 0
494 204 0
495 199 0
496 192 0
497 192 0
498 191 0
499 189 0
500 191 0
501 187 0
502 180 0
503 178 0
504 178 0
505 176 0
506 176 0
507 179 0
508 171 0
509 168 0
510 162 0
511 161 0
512 159 0
513 157 0
514 156 0
515 161 0
516 167 0
517 166 0
518 168 0
519 176 0
520 180 0
521 176 0
522 172 0
523 175 0
524 172 0
525 165 0
526 158 0
527 154 0
528 153 0
529 150 0
530 146 0
531 145 0
532 141 0
533 137 0
534 140 0
535 141 0
536 138 0
537 139 0
538 136 0
539 135 0
540 137 0
541 141 0
542 141 0
543 139 0
544 143 0
545 135 0
546 135 0
547 130 0
548 118 0
549 121 0
550 121 0
551 124 0
552 122 0
553 118 0
554 113 0
555 108 0
556 107 0
557 103 0
558 92 0
559 93 0
560 94 0
561 92 0
562 95 0
563 95 0
564 98 0
565 101 0
566 100 0
567 101 0
568 106 0
569 111 0
570 114 0
571 112 0
572 112 0
573 113 0
574 114 0
575 117 0
576 118 0
577 124 0
578 131 0
579 134 0
580 138 0
581 141 0
582 149 0
583 156 0
584 167 0
585 174 0
586 181 0
587 186 0
588 185 0
589 189 0
590 194 0
591 202 0
592 208 0
593 216 0
594 224 0
595 225 0
596 228 0
597 229 0
598 236 0
599 240 0
600 250 0
601 263 0
602 266 0
603 266 0
604 265 0
605 270 0
606 269 0
607 272 0
608 283 0
609 287 0
610 285 0
611 281 0
612 282 0
613 287 0
614 292 0
615 307 0
616 314 0
617 315 0
618 320 0
619 320 0
620 329 0
621 333 0
622 342 0
623 344 0
624 348 0
625 346 0
626 342 0
627 346 0
628 344 0
629 349 0
630 360 0
631 363 0
632 360 0
633 364 0
634 363 0
635 361 0
636 366 0
637 375 0
638 387 0
639 384 0
640 389 0
641 391 0
642 398 0
643 402 0
644 410 0
645 426 0
646 429 0
647 434 0
648 433 0
649 436 0
650 442 0
651 446 0
652 459 0
653 464 0
654 468 0
655 475 0
656 484 0
657 488 0
658 489 0
659 492 0
660 493 0
661 501 0
662 512 0
663 522 0
664 523 0
665 527 0
666 535 0
667 537 0
668 542 0
669 546 0
670 541 0
671 546 0
672 547 0
673 540 0
674 546 0
675 550 0
676 548 0
677 543 0
678 550 0
679 556 0
680 546 0
681 547 0
682 539 0
683 530 0
684 524 0
685 517 0
686 525 0
687 529 0
688 535 0
689 546 0
690 546 0
691 548 0
692 546 0
693 544 0
694 545 0
695 546 0
696 549 0
697 555 0
698 557 0
699 564 0
700 565 0
701 567 0
702 570 0
703 580 0
704 579 0
705 581 0
706 584 0
707 582 0
708 586 0
709 590 0
710 597 0
711 602 0
712 606 0
713 614 0
714 613 0
715 615 0
716 618 0
717 629 0
718 633 0
719 635 0
720 647 0
721 653 0
722 657 0
723 659 0
724 676 0
725 685 0
726 694 0
727 707 0
728 707 0
729 715 0
730 716 0
731 717 0
732 726 0
733 733 0
734 737 0
735 730 0
736 736 0
737 744 0
738 746 0
739 747 0
740 756 0
741 762 0
742 771 0
743 780 0
744 792 0
745 797 0
746 797 0
747 802 0
748 816 0
749 826 0
750 836 0
751 844 0
752 846 0
753 846 0
754 847 0
755 855 0
756 880 0
757 904 0
758 911 0
759 914 0
760 917 0
761 923 0
762 927 0
763 946 0
764 962 0
765 970 0
766 978 0
767 983 0
768 987 0
769 992 0
770 999 0
771 1008 0
772 1009 0
773 1008 0
774 1015 0
775 1010 0
776 1008 0
777 998 0
778 1002 0
779 1010 0
780 1018 0
781 1024 0
782 1020 0
783 1022 0
784 1020 0
785 1020 0
786 1025 0
787 1041 0
788 1061 0
789 1076 0
790 1078 0
791 1084 0
792 1087 0
793 1083 0
794 1088 0
795 1102 0
796 1112 0
797 1128 0
798 1133 0
799 1142 0
800 1156 0
801 1164 0
802 1171 0
803 1184 0
804 1193 0
805 1199 0
806 1206 0
807 1211 0
808 1210 0
809 1213 0
810 1220 0
811 1235 0
812 1247 0
813 1255 0
814 1272 0
815 1281 0
816 1302 0
817 1316 0
818 1320 0
819 1329 0
820 1350 0
821 1357 0
822 1363 0
823 1382 0
824 1394 0
825 1402 0
826 1406 0
827 1413 0
828 1410 0
829 1420 0
830 1432 0
831 1443 0
832 1450 0
833 1450 0
834 1462 0
835 1469 0
836 1472 0
837 1477 0
838 1463 0
839 1454 0
840 1450 0
841 1457 0
842 1465 0
843 1463 0
844 1462 0
845 1463 0
846 1459 0
847 1471 0
848 1477 0
849 1486 0
850 1487 0
851 1476 0
852 1474 0
853 1475 0
854 1470 0
855 1470 0
856 1470 0
857 1476 0
858 1469 0
859 1470 0
860 1471 0
861 1468 0
862 1468 0
863 1464 0
864 1460 0
865 1462 0
866 1461 0
867 1454 0
868 1456 0
869 1469 0
870 1458 0
871 1466 0
872 1458 0
873 1468 0
874 1487 0
875 1488 0
876 1499 0
877 1506 0
878 1509 0
879 1495 0
880 1499 0
881 1487 0
882 1476 0
883 1476 0
884 1469 0
885 1478 0
886 1474 0
887 1471 0
888 1463 0
889 1462 0
890 1455 0
891 1459 0
892 1463 0
893 1451 0
894 1442 0
895 1431 0
896 1433 0
897 1429 0
898 1420 0
899 1418 0
900 1414 0
901 1407 0
902 1393 0
903 1380 0
904 1364 0
905 1358 0
906 1347 0
907 1353 0
908 1362 0
909 1365 0
910 1375 0
911 1369 0
912 1376 0
913 1368 0
914 1378 0
915 1377 0
916 1373 0
917 1375 0
918 1371 0
919 1371 0
920 1369 0
921 1390 0
922 1400 0
923 1403 0
924 1412 0
925 1419 0
926 1427 0
927 1432 0
928 1441 0
929 1446 0
930 1445 0
931 1452 0
932 1447 0
933 1444 0
934 1434 0
935 1435 0
936 1441 0
937 1418 0
938 1405 0
939 1391 0
940 1394 0
941 1389 0
942 1380 0
943 1391 0
944 1392 0
945 1376 0
946 1374 0
947 1376 0
948 1386 0
949 1387 0
950 1393 0
951 1395 0
952 1390 0
953 1391 0
954 1375 0
955 1370 0
956 1360 0
957 1351 0
958 1356 0
959 1365 0
960 1370 0
961 1358 0
962 1356 0
963 1361 0
964 1354 0
965 1362 0
966 1372 0
967 1380 0
968 1389 0
969 1401 0
970 1414 0
971 1416 0
972 1416 0
973 1419 0
974 1418 0
975 1421 0
976 1415 0
977 1410 0
978 1404 0
979 1386 0
980 1389 0
981 1394 0
982 1402 0
983 1398 0
984 1384 0
985 1383 0
986 1377 0
987 1362 0
988 1338 0
989 1344 0
990 1342 0
991 1326 0
992 1313 0
993 1292 0
994 1284 0
995 1270 0
996 1255 0
997 1262 0
998 1259 0
999 1267 0
1000 1269 0
1001 1263 0
1002 1261 0
1003 1256 0
1004 1272 0
1005 1290 0
1006 1313 0
1007 1323 0
1008 1319 0
1009 1313 0
1010 1309 0
1011 1302 0
1012 1309 0
1013 1313 0
1014 1318 0
1015 1334 0
1016 1331 0
1017 1329 0
1018 1310 0
1019 1305 0
1020 1313 0
1021 1316 0
1022 1319 0
1023 1326 0
1024 1316 0
1025 1306 0
1026 1275 0
1027 1264 0
1028 1249 0
1029 1241 0
1030 1237 0
1031 1244 0
1032 1223 0
1033 1206 0
1034 1205 0
1035 1198 0
1036 1183 0
1037 1201 0
1038 1208 0
1039 1216 0
1040 1223 0
1041 1220 0
1042 1219 0
1043 1211 0
1044 1211 0
1045 1220 0
1046 1230 0
1047 1238 0
1048 1246 0
1049 1247 0
1050 1243 0
1051 1249 0
1052 1252 0
1053 1270 0
1054 1275 0
1055 1270 0
1056 1257 0
1057 1253 0
1058 1257 0
1059 1270 0
1060 1274 0
1061 1282 0
1062 1302 0
1063 1304 0
1064 1320 0
1065 1339 0
1066 1342 0
1067 1351 0
1068 1355 0
1069 1363 0
1070 1370 0
1071 1386 0
1072 1414 0
1073 1433 0
1074 1446 0
1075 1457 0
1076 1461 0
1077 1465 0
1078 1462 0
1079 1480 0
1080 1505 0
1081 1512 0
1082 1529 0
1083 1548 0
1084 1560 0
1085 1577 0
1086 1592 0
1087 1616 0
1088 1620 0
1089 1642 0
1090 1652 0
1091 1657 0
1092 1663 0
1093 1665 0
1094 1675 0
1095 1680 0
1096 1696 0
1097 1694 0
1098 1692 0
1099 1685 0
1100 1680 0
1101 1669 0
1102 1669 0
1103 1685 0
1104 1683 0
1105 1686 0
1106 1684 0
1107 1684 0
1108 1689 0
1109 1696 0
1110 1701 0
1111 1714 0
1112 1715 0
1113 1716 0
1114 1721 0
1115 1730 0
1116 1743 0
1117 1741 0
1118 1734 0
1119 1739 0
1120 1744 0
1121 1751 0
1122 1757 0
1123 1752 0
1124 1742 0
1125 1743 0
1126 1740 0
1127 1740 0
1128 1749 0
1129 1757 0
1130 1757 0
1131 1745 0
1132 1755 0
1133 1787 0
1134 1814 0
1135 1836 0
1136 1857 0
1137 1871 0
1138 1864 0
1139 1879 0
1140 1915 0
1141 1948 0
1142 1991 0
1143 2016 0
1144 2048 0
1145 2065 0
1146 2075 0
1147 2106 0
1148 2129 0
1149 2163 0
1150 2196 0
1151 2230 0
1152 2250 0
1153 2267 0
1154 2298 0
1155 2323 0
1156 2344 0
1157 2382 0
1158 2417 0
1159 2447 0
1160 2457 0
1161 2480 0
1162 2497 0
1163 2527 0
1164 2557 0
1165 2586 0
1166 2605 0
1167 2604 0
1168 2609 0
1169 2622 0
1170 2633 0
1171 2663 0
1172 2697 0
1173 2723 0
1174 2739 0
1175 2755 0
1176 2771 0
1177 2773 0
1178 2780 0
1179 2797 0
1180 2799 0
1181 2817 0
1182 2828 0
1183 2822 0
1184 2823 0
1185 2831 0
1186 2868 0
1187 2888 0
1188 2905 0
1189 2919 0
1190 2952 0
1191 2972 0
1192 2983 0
1193 3003 0
1194 3028 0
1195 3055 0
1196 3064 0
1197 3095 0
1198 3109 0
1199 3118 0
1200 3134 0
1201 3152 0
1202 3189 0
1203 3211 0
1204 3227 0
1205 3256 0
1206 3272 0
1207 3306 0
1208 3316 0
1209 3348 0
1210 3371 0
1211 3393 0
1212 3440 0
1213 3482 0
1214 3513 0
1215 3542 0
1216 3573 0
1217 3588 0
1218 3600 0
1219 3621 0
1220 3646 0
1221 3670 0
1222 3687 0
1223 3710 0
1224 3733 0
1225 3759 0
1226 3778 0
1227 3810 0
1228 3851 0
1229 3875 0
1230 3877 0
1231 3872 0
1232 3872 0
1233 3870 0
1234 3890 0
1235 3917 0
1236 3914 0
1237 3915 0
1238 3911 0
1239 3893 0
1240 3875 0
1241 3863 0
1242 3864 0
1243 3863 0
1244 3861 0
1245 3864 0
1246 3864 0
1247 3853 0
1248 3855 0
1249 3855 0
1250 3872 0
1251 3890 0
1252 3879 0
1253 3871 0
1254 3865 0
1255 3872 0
1256 3876 0
1257 3875 0
1258 3886 0
1259 3874 0
1260 3891 0
1261 3894 0
1262 3875 0
1263 3884 0
1264 3876 0
1265 3888 0
1266 3915 0
1267 3950 0
1268 3966 0
1269 3957 0
1270 3950 0
1271 3965 0
1272 3980 0
1273 3986 0
1274 4030 0
1275 4042 0
1276 4038 0
1277 4048 0
1278 4063 0
1279 4039 0
1280 4043 0
1281 4054 0
1282 4068 0
1283 4070 0
1284 4072 0
1285 4070 0
1286 4057 0
1287 4052 0
1288 4051 0
1289 4077 0
1290 4091 0
1291 4095 0
1292 4085 0
1293 4064 0
1294 4055 0
1295 4067 0
1296 4068 0
1297 4097 0
1298 4107 0
1299 4102 0
1300 4102 0
1301 4098 0
1302 4106 0
1303 4092 0
1304 4098 0
1305 4110 0
1306 4128 0
1307 4116 0
1308 4103 0
1309 4095 0
1310 4083 0
1311 4078 0
1312 4108 0
1313 4130 0
1314 4137 0
1315 4130 0
1316 4119 0
1317 4115 0
1318 4105 0
1319 4123 0
1320 4131 0
1321 4164 0
1322 4161 0
1323 4170 0
1324 4183 0
1325 4168 0
1326 4173 0
1327 4174 0
1328 4195 0
1329 4196 0
1330 4203 0
1331 4192 0
1332 4177 0
1333 4178 0
1334 4185 0
1335 4189 0
1336 4219 0
1337 4237 0
1338 4236 0
1339 4216 0
1340 4215 0
1341 4205 0
1342 4204 0
1343 4229 0
1344 4240 0
1345 4249 0
1346 4257 0
1347 4262 0
1348 4257 0
1349 4247 0
1350 4266 0
1351 4296 0
1352 4319 0
1353 4347 0
1354 4365 0
1355 4357 0
1356 4363 0
1357 4392 0
1358 4411 0
1359 4422 0
1360 4433 0
1361 4459 0
1362 4483 0
1363 4492 0
1364 4498 0
1365 4515 0
1366 4497 0
1367 4490 0
1368 4508 0
1369 4527 0
1370 4523 0
1371 4503 0
1372 4490 0
1373 4481 0
1374 4484 0
1375 4513 0
1376 4545 0
1377 4583 0
1378 4579 0
1379 4587 0
1380 4585 0
1381 4585 0
1382 4573 0
1383 4568 0
1384 4576 0
1385 4583 0
1386 4589 0
1387 4587 0
1388 4579 0
1389 4555 0
1390 4545 0
1391 4549 0
1392 4573 0
1393 4580 0
1394 4581 0
1395 4576 0
1396 4559 0
1397 4537 0
1398 4549 0
1399 4585 0
1400 4597 0
1401 4607 0
1402 4610 0
1403 4593 0
1404 4576 0
1405 4551 0
1406 4556 0
1407 4561 0
1408 4558 0
1409 4532 0
1410 4515 0
1411 4496 0
1412 4461 0
1413 4448 0
1414 4453 0
1415 4446 0
1416 4469 0
1417 4452 0
1418 4426 0
1419 4395 0
1420 4360 0
1421 4347 0
1422 4357 0
1423 4381 0
1424 4365 0
1425 4324 0
1426 4286 0
1427 4262 0
1428 4223 0
1429 4195 0
1430 4173 0
1431 4148 0
1432 4127 0
1433 4124 0
1434 4102 0
1435 4091 0
1436 4074 0
1437 4063 0
1438 4043 0
1439 4033 0
1440 4032 0
1441 4010 0
1442 4003 0
1443 3978 0
1444 3978 0
1445 3970 0
1446 3950 0
1447 3940 0
1448 3928 0
1449 3911 0
1450 3892 0
1451 3867 0
1452 3868 0
1453 3874 0
1454 3880 0
1455 3882 0
1456 3901 0
1457 3901 0
1458 3900 0
1459 3918 0
1460 3906 0
1461 3894 0
1462 3885 0
1463 3894 0
1464 3895 0
1465 3883 0
1466 3883 0
1467 3890 0
1468 3903 0
1469 3904 0
1470 3910 0
1471 3922 0
1472 3917 0
1473 3909 0
1474 3906 0
1475 3909 0
1476 3900 0
1477 3900 0
1478 3917 0
1479 3927 0
1480 3940 0
1481 3948 0
1482 3962 0
1483 3947 0
1484 3967 0
1485 3969 0
1486 3976 0
1487 3982 0
1488 4020 0
1489 4042 0
1490 4042 0
1491 4048 0
1492 4042 0
1493 4032 0
1494 4038 0
1495 4074 0
1496 4089 0
1497 4095 0
1498 4126 0
1499 4138 0
1500 4144 0
1501 4150 0
1502 4161 0
1503 4171 0
1504 4171 0
1505 4185 0
1506 4188 0
1507 4202 0
1508 4193 0
1509 4171 0
1510 4161 0
1511 4163 0
1512 4144 0
1513 4150 0
1514 4156 0
1515 4171 0
1516 4154 0
1517 4143 0
1518 4144 0
1519 4137 0
1520 4117 0
1521 4121 0
1522 4144 0
1523 4156 0
1524 4157 0
1525 4179 0
1526 4198 0
1527 4215 0
1528 4241 0
1529 4259 0
1530 4278 0
1531 4296 0
1532 4300 0
1533 4333 0
1534 4365 0
1535 4390 0
1536 4432 0
1537 4473 0
1538 4507 0
1539 4531 0
1540 4565 0
1541 4582 0
1542 4584 0
1543 4579 0
1544 4612 0
1545 4645 0
1546 4684 0
1547 4708 0
1548 4712 0
1549 4730 0
1550 4726 0
1551 4755 0
1552 4781 0
1553 4788 0
1554 4815 0
1555 4827 0
1556 4831 0
1557 4835 0
1558 4842 0
1559 4857 0
1560 4880 0
1561 4936 0
1562 4957 0
1563 4972 0
1564 4970 0
1565 4973 0
1566 4976 0
1567 4996 0
1568 5052 0
1569 5101 0
1570 5114 0
1571 5124 0
1572 5105 0
1573 5116 0
1574 5127 0
1575 5137 0
1576 5181 0
1577 5197 0
1578 5194 0
1579 5177 0
1580 5165 0
1581 5160 0
1582 5161 0
1583 5168 0
1584 5187 0
1585 5197 0
1586 5190 0
1587 5187 0
1588 5144 0
1589 5125 0
1590 5099 0
1591 5105 0
1592 5120 0
1593 5128 0
1594 5136 0
1595 5106 0
1596 5111 0
1597 5108 0
1598 5111 0
1599 5143 0
1600 5151 0
1601 5182 0
1602 5182 0
1603 5158 0
1604 5164 0
1605 5165 0
1606 5181 0
1607 5200 0
1608 5220 0
1609 5240 0
1610 5238 0
1611 5255 0
1612 5259 0
1613 5260 0
1614 5277 0
1615 5297 0
1616 5328 0
1617 5329 0
1618 5324 0
1619 5316 0
1620 5310 0
1621 5329 0
1622 5359 0
1623 5389 0
1624 5408 0
1625 5403 0
1626 5427 0
1627 5438 0
1628 5457 0
1629 5493 0
1630 5504 0
1631 5534 0
1632 5536 0
1633 5552 0
1634 5568 0
1635 5564 0
1636 5582 0
1637 5593 0
1638 5631 0
1639 5645 0
1640 5649 0
1641 5678 0
1642 5687 0
1643 5695 0
1644 5701 0
1645 5725 0
1646 5758 0
1647 5803 0
1648 5828 0
1649 5859 0
1650 5885 0
1651 5894 0
1652 5917 0
1653 5973 0
1654 6015 0
1655 6039 0
1656 6058 0
1657 6066 0
1658 6076 0
1659 6108 0
1660 6163 0
1661 6206 0
1662 6226 0
1663 6256 0
1664 6278 0
1665 6287 0
1666 6283 0
1667 6309 0
1668 6328 0
1669 6335 0
1670 6335 0
1671 6349 0
1672 6378 0
1673 6365 0
1674 6364 0
1675 6372 0
1676 6379 0
1677 6374 0
1678 6376 0
1679 6397 0
1680 6390 0
1681 6391 0
1682 6371 0
1683 6381 0
1684 6360 0
1685 6344 0
1686 6324 0
1687 6335 0
1688 6347 0
1689 6343 0
1690 6330 0
1691 6315 0
1692 6311 0
1693 6305 0
1694 6291 0
1695 6291 0
1696 6279 0
1697 6250 0
1698 6241 0
1699 6259 0
1700 6275 0
1701 6269 0
1702 6245 0
1703 6250 0
1704 6244 0
1705 6244 0
